0 -2.04705954394167 -2.24269485842098 -1.8835064049336
0.993251773010283 -2.10088583577385 -2.30102630853005 -1.9342059116513
2.00012773496011 -2.20647523301916 -2.41399274466828 -2.03471294786509
3.00022217882684 -2.42295885669009 -2.64684033880769 -2.24014564837694
4.00003388275086 -2.92506879830292 -3.18887052038187 -2.7165320706726
4.99997871390773 -4.19726804984651 -4.62112783469749 -3.90050954047026
6.00000299062804 -7.26202882287709 -27.2620288228771 -6.54404315418539
6.9999971198819 -11.9241893535548 -31.9241893535548 -9.50863859689115
8.00000067527204 -15.9081589271314 -35.9081589271314 -11.8819260585996
8.99999951529857 -50.8334779680671 -70.8334779680671 -47.2018748471069
