0 -0.649038433333888 -1.18710585446616 -0.30111590365317
0.993251773010283 -0.699467109304765 -1.25548015670998 -0.344238314692269
2.00012773496011 -0.805026676449369 -1.37620146617204 -0.44376528508491
3.00022217882684 -1.01988891246818 -1.65813458097439 -0.633417076352179
4.00003388275086 -1.52930597797216 -2.30066693383814 -1.09907239450057
4.99997871390773 -2.79298246821219 -4.46759323767045 -2.19820705981411
6.00000299062804 -5.85793415448396 -25.857934154484 -4.69443756037272
6.9999971198819 -10.7771355484462 -30.7771355484462 -8.0077555304251
8.00000067527204 -14.4536280332219 -34.4536280332219 -9.5552561552203
8.99999951529857 -49.8531499681987 -69.8531499681987 -46.1944666061625
