0 -13.2398077204235 -13.2943089513735 -13.1885672845276
0.993251773010283 -13.3241063141785 -13.3802342522845 -13.2705502097095
2.00012773496011 -13.3125195447669 -13.3687115863631 -13.2596446491886
3.00022217882684 -13.3477406716658 -13.4054029098081 -13.2922505624181
4.00003388275086 -13.2571412608616 -13.3125134975929 -13.2047672036591
4.99997871390773 -13.430887817495 -13.4887135471839 -13.3741057543851
6.00000299062804 -13.9870821037345 -14.0648055980114 -13.9148337792591
6.9999971198819 -16.5227865588368 -16.8058255316203 -16.3006696396105
8.00000067527204 -18.7540033458845 -20.2836183277156 -18.1916346469855
8.99999951529857 -25.0287241001614 -30.3308844213039 -24.3384079590138
9.99997885272489 -33.0343812708373 -45.0343863982988 -32.3412363117961
10.9999976331124 -54.6438233598348 -96.6256768141704 -53.9506761792748
12.0000012815651 -182.643824021062 -206.643822255426 -181.950676840502
