0
0
0
0
0
0
0
0.027036
0
0
0
0
0
0
0
0
0
0
0
0
0
0
0
0
0
0
0
0
0
0
0
0.0312235
0
0
0
0
0.0876341
0
0
0
0.0726149
0
0
0
0
0
0
0
0
0
0
0.0864158
0
0
0.090303
0
0
0.019398
0
0
0
0
0
0
0
0
0
0
0
0
0
0
0
0
0
0
0
0
0
0
0
0
0
0
0
0
0
0.0808965
0
0
0
0
0
0
0
0
0
0
0.0901225
0
0
0
0
0
0
0
0
0
0
0
0
0.0330219
0
0
0
0
0
0
0
0
0.0899425
0
0
0
0.0414783
0.0573498
0
0
0
0
0
0
0
0
0
0
0
0
0
0
0
0
0
0
0
0
0
0
0
0
0
0
0
0
0
0
0
0.0876341
0
0
0
0
0
0
0.0674354
0
0.0586255
0
0
0
0
0
0
0
0
0
0
0
0
0.087459
0
0
0
0.0813833
0
0
0
0
0
0.0781922
0
0
0
0
0
0
0
0
0.0254616
0
0
0.088338
0
0.0674354
0.0595711
0
0
0
0
0
0
0
0
0
0
0
0
0
0
0
0
0.015077
0
0
0
0
0
0
0
0
0
0
0
0
0
0
0
0
0
0
0
0
0.0318542
0
0
0
0
0
0
0
0
0
0
0
0
0
0
0
0
0
0
0
0
0
0
0
0
0
0
0
0
0
0
0
0
0
0
0
0
0
0
0
0
0
0
0
0
0
0
0
0
0
0
0
0
0
0
0
0
0.0897628
0
0
0.0632547
0
0
0
0
0
0
0
0
0
0
0
0.0177284
0
0
0
0
0
0
0.0582748
0
0
0
0.021481
0
0
0
0
0
0
0
0
0
0
0
0
0
0
0
0
0
0
0
0
0.0405757
0.0306052
0
0
0
0
0
0
0
0
0
0
0
0
0
0
0
0
0
0
0
0
0
0
0
0
0.0892258
0
0
0
0
0
0
0
0.090303
0
0
0.0535797
0
0
0.0899425
0
0
0
0
0
0
0
0
0
0
0
0
0
0
0
0
0
0
0.0623754
0
0
0
0
0
0
0
0
0
0
0
0
0
0
0.0376062
0
0
0
0
0
0
0
0
0
0
0
0
0
0
0
0
0
0
0
0
0
0
0
0
0
0
0
0
0
0
0
0.0177995
0
0
0
0
0
0
0
0
0
0
0
0
0
0
0
0
0.0321744
0
0
0
0
0
0
0
0
0
0
0
0
0
0.0594521
0
0
0
0
0
0
0
0
0
0.0881615
0
0
0
0
0
0
0
0
0
0
0
0
0
0
0
0
0
0
0
0
0.0399317
0
0
0
0
0
0
0
0
0
0
0
0
0
0
0
0
0
0
0
0
0
0
0
0
0.0815462
0
0
0
0
0
0
0
0
0
0
0
0
0
0
0
0.0235982
0
0
0
0
0.0777245
0
0
0
0
0
0
0
0
0
0
0
0
0
0
0.0749762
0
0
0
0
0
0
0
0
0
0
0
0
0
0
0.0581584
0
0
0
0
0
0
0
0
0
0
0
0
0
0
0
0
0
0
0
0
0
0
0.0822012
0
0
0
0
0
0
0
0
0
0
0
0
0
0
0
0
0
0
0
0
0
0
0
0
0
0
0
0
0
0
0
0
0
0
0
0
0
0
0
0
0
0
0
0
0
0
0
0
0
0
0
0
0
0
0
0
0
0.0286505
0
0
0
0
0
0
0
0
0
0
0
0
0
0
0
0
0
0
0.0888696
0
0
0
0
0
0
0
0
0
0
0
0
0
0
0
0
0
0
0
0
0
0
0
0
0
0
0
0
0
0
0
0
0
0
0
0
0
0
0
0
0.0495593
0
0
0
0
0
0
0
0
0
0
0
0
0
0
0
0
0
0
0
0
0
0
0
0
0
0
0
0
0
0
0
0
0
0
0
0
0
0
0
0
0
0
0
0
0
0
0
0
0
0
0
0
0
0
0
0
0
0
0
0
0
0
0
0
0
0
0
0
0
0
0
0
0
0
0
0
0
0
0
0
0
0
0
0
0
0
0
0
0
0
0
0
0
0.0601698
0
0
0
0
0
0
0.0582748
0
0
0
0
0
0
0
0.0808965
0
0
0
0
0
0
0
0.0857272
0
0
0
0
0
0
0
0
0
0
0
0
0
0
0
0
0
0
0
0
0.0786628
0
0
0
0
0
0
0
0
0
0
0
0
0
0
0
0
0
0
0
0
0
0
0
0
0
0
0
0
0
0
0
0
0
0
0.0167294
0
0
0
0
0
0
0
0
0
0
0
0
0
0
0
0
0
0
0
0
0
0
0
0
0
0
0
0
0.110423
0
0
0
0
0
0
0
0
0
0
0
0
0
0
0
0.0468603
0
0
0.0598098
0
0
0
0
0.017693
0
0
0
0
0.0438673
0
0
0
0
0
0
0
0
0
0
0
0
0
0
0
0
0
0
0
0
0
0
0
0
0
0
0
0
0.0708929
0
0
0
0
0
0.0789781
0
0
0
0
0
0
0
0
0
5.13208e-07
0
0
0
0
0
0
0
0
0
0
0
0
0
0
0
0
0
0
0
0
0
0
0
2.16609e-06
0
0
0
0
0.0657047
0
0
0
0.0100259
0
0
0
0
0
0
0
0
0
0
0.0571209
0
0
0.088692
0
0
1.85539e-08
0
0
0
0
0
0
0
0
0
0
0
0
0
0
0
0
0
0
0
0
0
0
0
0
0
0
0
0
0
0.029523
0
0
0
0
0
0
0
0
0
0
0.0869358
0
0
0
0
0
0
0
0
0
0
0
0
3.79212e-06
0
0
0
0
0
0
0
0
0.0852144
0
0
0
3.70744e-05
0.000946646
0
0
0
0
0
0
0
0
0
0
0
0
0
0
0
0
0
0
0
0
0
0
0
0
0
0
0
0
0
0
0
0.0657047
0
0
0
0
0
0
0.00478349
0
0.00117959
0
0
0
0
0
0
0
0
0
0
0
0
0.0644036
0
0
0
0.0313486
0
0
0
0
0
0.0210136
0
0
0
0
0
0
0
0
2.81654e-07
0
0
0.071177
0
0.00478349
0.00138427
0
0
0
0
0
0
0
0
0
0
0
0
0
0
0
0
1.49284e-09
0
0
0
0
0
0
0
0
0
0
0
0
0
0
0
0
0
0
0
0
2.64567e-06
0
0
0
0
0
0
0
0
0
0
0
0
0
0
0
0
0
0
0
0
0
0
0
0
0
0
0
0
0
0
0
0
0
0
0
0
0
0
0
0
0
0
0
0
0
0
0
0
0
0
0
0
0
0
0
0
0.083527
0
0
0.0025223
0
0
0
0
0
0
0
0
0
0
0
7.54346e-09
0
0
0
0
0
0
0.0011109
0
0
0
5.14536e-08
0
0
0
0
0
0
0
0
0
0
0
0
0
0
0
0
0
0
0
0
2.97529e-05
1.77345e-06
0
0
0
0
0
0
0
0
0
0
0
0
0
0
0
0
0
0
0
0
0
0
0
0
0.0786628
0
0
0
0
0
0
0
0.088692
0
0
0.000479587
0
0
0.0852144
0
0
0
0
0
0
0
0
0
0
0
0
0
0
0
0
0
0
0.00219278
0
0
0
0
0
0
0
0
0
0
0
0
0
0
1.39144e-05
0
0
0
0
0
0
0
0
0
0
0
0
0
0
0
0
0
0
0
0
0
0
0
0
0
0
0
0
0
0
0
7.85131e-09
0
0
0
0
0
0
0
0
0
0
0
0
0
0
0
0
2.92392e-06
0
0
0
0
0
0
0
0
0
0
0
0
0
0.00135686
0
0
0
0
0
0
0
0
0
0.0697676
0
0
0
0
0
0
0
0
0
0
0
0
0
0
0
0
0
0
0
0
2.53537e-05
0
0
0
0
0
0
0
0
0
0
0
0
0
0
0
0
0
0
0
0
0
0
0
0
0.0319819
0
0
0
0
0
0
0
0
0
0
0
0
0
0
0
1.3172e-07
0
0
0
0
0.0197899
0
0
0
0
0
0
0
0
0
0
0
0
0
0
0.0138069
0
0
0
0
0
0
0
0
0
0
0
0
0
0
0.0010889
0
0
0
0
0
0
0
0
0
0
0
0
0
0
0
0
0
0
0
0
0
0
0.0346456
0
0
0
0
0
0
0
0
0
0
0
0
0
0
0
0
0
0
0
0
0
0
0
0
0
0
0
0
0
0
0
0
0
0
0
0
0
0
0
0
0
0
0
0
0
0
0
0
0
0
0
0
0
0
0
0
0
9.16609e-07
0
0
0
0
0
0
0
0
0
0
0
0
0
0
0
0
0
0
0.0755784
0
0
0
0
0
0
0
0
0
0
0
0
0
0
0
0
0
0
0
0
0
0
0
0
0
0
0
0
0
0
0
0
0
0
0
0
0
0
0
0
0.000219846
0
0
0
0
0
0
0
0
0
0
0
0
0
0
0
0
0
0
0
0
0
0
0
0
0
0
0
0
0
0
0
0
0
0
0
0
0
0
0
0
0
0
0
0
0
0
0
0
0
0
0
0
0
0
0
0
0
0
0
0
0
0
0
0
0
0
0
0
0
0
0
0
0
0
0
0
0
0
0
0
0
0
0
0
0
0
0
0
0
0
0
0
0
0.00152985
0
0
0
0
0
0
0.0011109
0
0
0
0
0
0
0
0.029523
0
0
0
0
0
0
0
0.0527292
0
0
0
0
0
0
0
0
0
0
0
0
0
0
0
0
0
0
0
0
0.022313
0
0
0
0
0
0
0
0
0
0
0
0
0
0
0
0
0
0
0
0
0
0
0
0
0
0
0
0
0
0
0
0
0
0
4.22357e-09
0
0
0
0
0
0
0
0
0
0
0
0
0
0
0
0
0
0
0
0
0
0
0
0
0
0
0
0
0.0496592
0
0
0
0
0
0
0
0
0
0
0
0
0
0
0
0.000125578
0
0
0.00144076
0
0
0
0
7.39409e-09
0
0
0
0
6.49051e-05
0
0
0
0
0
0
0
0
0
0
0
0
0
0
0
0
0
0
0
0
0
0
0
0
0
0
0
0
0.00788664
0
0
0
0
0
0.0232236
0
0
0
0
0
0
0
0
0
3.11743e-54
0
0
0
0
0
0
0
0
0
0
0
0
0
0
0
0
0
0
0
0
0
0
0
5.59291e-48
0
0
0
0
0.00368832
0
0
0
2.52402e-11
0
0
0
0
0
0
0
0
0
0
0.000909528
0
0
0.0740818
0
0
1.18911e-68
0
0
0
0
0
0
0
0
0
0
0
0
0
0
0
0
0
0
0
0
0
0
0
0
0
0
0
0
0
1.23729e-06
0
0
0
0
0
0
0
0
0
0
0.0606531
0
0
0
0
0
0
0
0
0
0
0
0
1.51247e-45
0
0
0
0
0
0
0
0
0.0496585
0
0
0
1.2067e-35
1.42148e-21
0
0
0
0
0
0
0
0
0
0
0
0
0
0
0
0
0
0
0
0
0
0
0
0
0
0
0
0
0
0
0
0.00368832
0
0
0
0
0
0
1.54281e-14
0
1.28289e-20
0
0
0
0
0
0
0
0
0
0
0
0
0.00301974
0
0
0
2.25449e-06
0
0
0
0
0
4.12925e-08
0
0
0
0
0
0
0
0
7.72734e-57
0
0
0.0082085
0
1.54281e-14
6.3542e-20
0
0
0
0
0
0
0
0
0
0
0
0
0
0
0
0
1.35207e-79
0
0
0
0
0
0
0
0
0
0
0
0
0
0
0
0
0
0
0
0
4.13263e-47
0
0
0
0
0
0
0
0
0
0
0
0
0
0
0
0
0
0
0
0
0
0
0
0
0
0
0
0
0
0
0
0
0
0
0
0
0
0
0
0
0
0
0
0
0
0
0
0
0
0
0
0
0
0
0
0
0.040657
0
0
2.56347e-17
0
0
0
0
0
0
0
0
0
0
0
1.46747e-72
0
0
0
0
0
0
7.04066e-21
0
0
0
3.19907e-64
0
0
0
0
0
0
0
0
0
0
0
0
0
0
0
0
0
0
0
0
1.33707e-36
7.56918e-49
0
0
0
0
0
0
0
0
0
0
0
0
0
0
0
0
0
0
0
0
0
0
0
0
0.022313
0
0
0
0
0
0
0
0.0740818
0
0
1.58321e-24
0
0
0.0496585
0
0
0
0
0
0
0
0
0
0
0
0
0
0
0
0
0
0
6.32144e-18
0
0
0
0
0
0
0
0
0
0
0
0
0
0
6.69137e-40
0
0
0
0
0
0
0
0
0
0
0
0
0
0
0
0
0
0
0
0
0
0
0
0
0
0
0
0
0
0
0
2.18921e-72
0
0
0
0
0
0
0
0
0
0
0
0
0
0
0
0
1.12337e-46
0
0
0
0
0
0
0
0
0
0
0
0
0
5.20238e-20
0
0
0
0
0
0
0
0
0
0.00672055
0
0
0
0
0
0
0
0
0
0
0
0
0
0
0
0
0
0
0
0
2.69949e-37
0
0
0
0
0
0
0
0
0
0
0
0
0
0
0
0
0
0
0
0
0
0
0
0
2.75364e-06
0
0
0
0
0
0
0
0
0
0
0
0
0
0
0
3.86716e-60
0
0
0
0
2.26618e-08
0
0
0
0
0
0
0
0
0
0
0
0
0
0
6.19205e-10
0
0
0
0
0
0
0
0
0
0
0
0
0
0
5.7644e-21
0
0
0
0
0
0
0
0
0
0
0
0
0
0
0
0
0
0
0
0
0
0
6.12835e-06
0
0
0
0
0
0
0
0
0
0
0
0
0
0
0
0
0
0
0
0
0
0
0
0
0
0
0
0
0
0
0
0
0
0
0
0
0
0
0
0
0
0
0
0
0
0
0
0
0
0
0
0
0
0
0
0
0
1.02969e-51
0
0
0
0
0
0
0
0
0
0
0
0
0
0
0
0
0
0
0.0149569
0
0
0
0
0
0
0
0
0
0
0
0
0
0
0
0
0
0
0
0
0
0
0
0
0
0
0
0
0
0
0
0
0
0
0
0
0
0
0
0
6.48698e-28
0
0
0
0
0
0
0
0
0
0
0
0
0
0
0
0
0
0
0
0
0
0
0
0
0
0
0
0
0
0
0
0
0
0
0
0
0
0
0
0
0
0
0
0
0
0
0
0
0
0
0
0
0
0
0
0
0
0
0
0
0
0
0
0
0
0
0
0
0
0
0
0
0
0
0
0
0
0
0
0
0
0
0
0
0
0
0
0
0
0
0
0
0
1.72725e-19
0
0
0
0
0
0
7.04066e-21
0
0
0
0
0
0
0
1.23729e-06
0
0
0
0
0
0
0
0.000408677
0
0
0
0
0
0
0
0
0
0
0
0
0
0
0
0
0
0
0
0
7.52398e-08
0
0
0
0
0
0
0
0
0
0
0
0
0
0
0
0
0
0
0
0
0
0
0
0
0
0
0
0
0
0
0
0
0
0
4.44285e-75
0
0
0
0
0
0
0
0
0
0
0
0
0
0
0
0
0
0
0
0
0
0
0
0
0
0
0
0
0.000224287
0
0
0
0
0
0
0
0
0
0
0
0
0
0
0
2.3988e-30
0
0
9.47936e-20
0
0
0
0
1.20146e-72
0
0
0
0
3.26325e-33
0
0
0
0
0
0
0
0
0
0
0
0
0
0
0
0
0
0
0
0
0
0
0
0
0
0
0
0
2.28973e-12
0
0
0
0
0
1.12245e-07
0
0
0
0
0
0
0
0
0
0
0
0
0
0
0
0
0
0
0
0
0
0
0
0
0
0
0
0
0
0
0
0
0
0
0
0
0
0
1.1459e-15
0
0
0
2.58098e-97
0
0
0
0
0
0
0
0
0
0
9.5285e-22
0
0
0.0122456
0
0
0
0
0
0
0
0
0
0
0
0
0
0
0
0
0
0
0
0
0
0
0
0
0
0
0
0
0
0
0
0
2.06818e-50
0
0
0
0
0
0
0
0
0
0
0.00165727
0
0
0
0
0
0
0
0
0
0
0
0
0
0
0
0
0
0
0
0
0
0.000224287
0
0
0
0
8.28489e-200
0
0
0
0
0
0
0
0
0
0
0
0
0
0
0
0
0
0
0
0
0
0
0
0
0
0
0
0
0
0
0
1.1459e-15
0
0
0
0
0
0
1.87929e-129
0
2.97006e-190
0
0
0
0
0
0
0
0
0
0
0
0
1.55081e-16
0
0
0
8.34364e-48
0
0
0
0
0
3.54467e-65
0
0
0
0
0
0
0
0
0
0
0
3.41588e-12
0
1.87929e-129
2.63923e-183
0
0
0
0
0
0
0
0
0
0
0
0
0
0
0
0
0
0
0
0
0
0
0
0
0
0
0
0
0
0
0
0
0
0
0
0
0
0
0
0
0
0
0
0
0
0
0
0
0
0
0
0
0
0
0
0
0
0
0
0
0
0
0
0
0
0
0
0
0
0
0
0
0
0
0
0
0
0
0
0
0
0
0
0
0
0
0
0
0
0
0
0
0
0
3.03539e-05
0
0
3.01402e-157
0
0
0
0
0
0
0
0
0
0
0
0
0
0
0
0
0
0
7.36205e-193
0
0
0
0
0
0
0
0
0
0
0
0
0
0
0
0
0
0
0
0
0
0
0
0
0
0
0
0
0
0
0
0
0
0
0
0
0
0
0
0
0
0
0
0
0
0
0
0
0
0
7.52398e-08
0
0
0
0
0
0
0
0.0122456
0
0
2.43367e-229
0
0
0.000224287
0
0
0
0
0
0
0
0
0
0
0
0
0
0
0
0
0
0
2.50624e-163
0
0
0
0
0
0
0
0
0
0
0
0
0
0
0
0
0
0
0
0
0
0
0
0
0
0
0
0
0
0
0
0
0
0
0
0
0
0
0
0
0
0
0
0
0
0
0
0
0
0
0
0
0
0
0
0
0
0
0
0
0
0
0
0
0
0
0
0
0
0
0
0
0
0
0
0
0
3.57181e-184
0
0
0
0
0
0
0
0
0
4.62289e-13
0
0
0
0
0
0
0
0
0
0
0
0
0
0
0
0
0
0
0
0
0
0
0
0
0
0
0
0
0
0
0
0
0
0
0
0
0
0
0
0
0
0
0
0
0
6.16516e-47
0
0
0
0
0
0
0
0
0
0
0
0
0
0
0
0
0
0
0
0
8.78637e-68
0
0
0
0
0
0
0
0
0
0
0
0
0
0
2.03802e-83
0
0
0
0
0
0
0
0
0
0
0
0
0
0
9.96345e-194
0
0
0
0
0
0
0
0
0
0
0
0
0
0
0
0
0
0
0
0
0
0
1.83781e-43
0
0
0
0
0
0
0
0
0
0
0
0
0
0
0
0
0
0
0
0
0
0
0
0
0
0
0
0
0
0
0
0
0
0
0
0
0
0
0
0
0
0
0
0
0
0
0
0
0
0
0
0
0
0
0
0
0
0
0
0
0
0
0
0
0
0
0
0
0
0
0
0
0
0
0
0
1.37807e-09
0
0
0
0
0
0
0
0
0
0
0
0
0
0
0
0
0
0
0
0
0
0
0
0
0
0
0
0
0
0
0
0
0
0
0
0
0
0
0
0
3.24558e-263
0
0
0
0
0
0
0
0
0
0
0
0
0
0
0
0
0
0
0
0
0
0
0
0
0
0
0
0
0
0
0
0
0
0
0
0
0
0
0
0
0
0
0
0
0
0
0
0
0
0
0
0
0
0
0
0
0
0
0
0
0
0
0
0
0
0
0
0
0
0
0
0
0
0
0
0
0
0
0
0
0
0
0
0
0
0
0
0
0
0
0
0
0
5.81329e-179
0
0
0
0
0
0
7.36205e-193
0
0
0
0
0
0
0
2.06818e-50
0
0
0
0
0
0
0
3.19645e-25
0
0
0
0
0
0
0
0
0
0
0
0
0
0
0
0
0
0
0
0
1.43002e-62
0
0
0
0
0
0
0
0
0
0
0
0
0
0
0
0
0
0
0
0
0
0
0
0
0
0
0
0
0
0
0
0
0
0
0
0
0
0
0
0
0
0
0
0
0
0
0
0
0
0
0
0
0
0
0
0
0
0
0
0
0
0
0
7.92322e-28
0
0
0
0
0
0
0
0
0
0
0
0
0
0
0
1.55168e-287
0
0
1.44097e-181
0
0
0
0
0
0
0
0
0
3.36795e-316
0
0
0
0
0
0
0
0
0
0
0
0
0
0
0
0
0
0
0
0
0
0
0
0
0
0
0
0
9.74354e-108
0
0
0
0
0
7.80766e-61
0
0
