0.78 1 1 0 0 0 0
0.78 1 2.71828 0 0.261851 0.258394 0.265258
0.78 1 7.38906 0 0.338681 0.334918 0.342431
0.78 1 20.0855 0 0.381935 0.378013 0.385868
0.78 1 54.5982 0 0.413723 0.409867 0.41782
0.78 1 148.413 0 0.433568 0.429559 0.437521
0.78 1 403.429 0 0.449084 0.444938 0.453052
0.78 1 1096.63 0 0.461426 0.457295 0.46546
0.78 1 2980.96 0 0.469144 0.465109 0.473247
0.78 1 8103.08 0 0.475746 0.471776 0.479807
0.78 1 22026.5 0 0.479828 0.475873 0.484044
0.78 1 59874.1 0 0.479828 0.475763 0.483895
0.78 1 162755 0 0.479828 0.475753 0.483972
0.78 1 442413 0 0.479828 0.475674 0.483925
