0.78 1e-05 1 0 0 0 0
0.78 1e-05 2.71828 0 4.74797e-06 4.68297e-06 4.81497e-06
0.78 1e-05 7.38906 0 7.43692e-06 7.33392e-06 7.53892e-06
0.78 1e-05 20.0855 0 9.26388e-06 9.14088e-06 9.38788e-06
0.78 1e-05 54.5982 0 1.07168e-05 1.05718e-05 1.08588e-05
0.78 1e-05 148.413 0 1.17158e-05 1.15648e-05 1.18658e-05
0.78 1e-05 403.429 0 1.24688e-05 1.23078e-05 1.26308e-05
0.78 1e-05 1096.63 0 1.31418e-05 1.29698e-05 1.33078e-05
0.78 1e-05 2980.96 0 1.36198e-05 1.34418e-05 1.37937e-05
0.78 1e-05 8103.08 0 1.39737e-05 1.37987e-05 1.41527e-05
0.78 1e-05 22026.5 0 1.41727e-05 1.39907e-05 1.43567e-05
0.78 1e-05 59874.1 0 1.41727e-05 1.39917e-05 1.43517e-05
0.78 1e-05 162755 0 1.41727e-05 1.39947e-05 1.43537e-05
0.78 1e-05 442413 0 1.41727e-05 1.39917e-05 1.43537e-05
