0.78 0.001 1 0 0 0 0
0.78 0.001 2.71828 0 0.000463676 0.000443679 0.000484657
0.78 0.001 7.38906 0 0.000719253 0.000688287 0.000751179
0.78 0.001 20.0855 0 0.000907802 0.000867925 0.000947731
0.78 0.001 54.5982 0 0.00105247 0.00100758 0.0010964
0.78 0.001 148.413 0 0.00114818 0.00110042 0.00119498
0.78 0.001 403.429 0 0.00122892 0.00117804 0.00128081
0.78 0.001 1096.63 0 0.00131265 0.00125782 0.00136734
0.78 0.001 2980.96 0 0.00135651 0.00130076 0.00141233
0.78 0.001 8103.08 0 0.00138941 0.00133257 0.0014463
0.78 0.001 22026.5 0 0.00141334 0.00135558 0.00147069
0.78 0.001 59874.1 0 0.00144123 0.00138233 0.00150005
0.78 0.001 162755 0 0.0014572 0.00139842 0.00151593
0.78 0.001 442413 0 0.0014572 0.00139834 0.00151517
