0.78 1000 1 0 0 0 0
0.78 1000 2.71828 0 0.372 0.357 0.387
0.78 1000 7.38906 0 0.447 0.431 0.463
0.78 1000 20.0855 0 0.484 0.468 0.5
0.78 1000 54.5982 0 0.519 0.503 0.535
0.78 1000 148.413 0 0.537 0.521 0.553
0.78 1000 403.429 0 0.546 0.53 0.562
0.78 1000 1096.63 0 0.565 0.549 0.58
0.78 1000 2980.96 0 0.57 0.555 0.586
0.78 1000 8103.08 0 0.577 0.561 0.593
0.78 1000 22026.5 0 0.582 0.566 0.598
0.78 1000 59874.1 0 0.585 0.569 0.601
0.78 1000 162755 0 0.588 0.573 0.603
0.78 1000 442413 0 0.588 0.573 0.604
