1.45 0.01 0.001 0 -8.52399628003598 -8.53678384118124 -8.51143480280557
1.45 0.01 0.001 0.993251773010283 -8.55556506493584 -8.56850227540213 -8.54290081896004
1.45 0.01 0.001 2.00012773496011 -8.54981452843376 -8.56253057330484 -8.53688582476197
1.45 0.01 0.001 3.00022217882684 -8.58262811420174 -8.59563052173119 -8.56932367825688
1.45 0.01 0.001 4.00003388275086 -8.56594760622469 -8.57903668074998 -8.55297063941677
1.45 0.01 0.001 4.99997871390773 -8.56550147171036 -8.5787441796776 -8.55253543556353
1.45 0.01 0.001 6.00000299062804 -8.62998681989168 -8.64344259079986 -8.61678703301306
1.45 0.01 0.001 6.9999971198819 -8.75796623300027 -8.77196286791226 -8.74415652883331
1.45 0.01 0.001 8.00000067527204 -9.00683642124773 -9.02236814367341 -8.99175117601169
1.45 0.01 0.001 8.99999951529857 -9.47784341739082 -9.49597919994108 -9.46032340124794
1.45 0.01 0.001 9.99997885272489 -10.4575129956083 -10.4834560590402 -10.4322633205051
1.45 0.01 0.001 10.9999976331124 -12.4025937402843 -12.4295137411063 -12.3756280376745
1.45 0.01 0.001 12.0000012815651 -15.3391607584482 -15.4558923313911 -15.2339356258385
1.45 0.01 0.01 0 -9.40341554216836 -9.42268246959654 -9.38494498115076
1.45 0.01 0.01 0.993251773010283 -9.42271833079392 -9.44212868177418 -9.40364360727951
1.45 0.01 0.01 2.00012773496011 -9.41089229671408 -9.42968489873117 -9.39159010338025
1.45 0.01 0.01 3.00022217882684 -9.45026773679359 -9.46930153357246 -9.43135868321376
1.45 0.01 0.01 4.00003388275086 -9.42437800826188 -9.4430318601149 -9.4054456940099
1.45 0.01 0.01 4.99997871390773 -9.43936367520279 -9.45805969895646 -9.42017414270296
1.45 0.01 0.01 6.00000299062804 -9.57066625821564 -9.59084997522391 -9.55098731055203
1.45 0.01 0.01 6.9999971198819 -9.95014738746909 -9.97306059228815 -9.92813686606392
1.45 0.01 0.01 8.00000067527204 -10.5855681937523 -10.6127600499936 -10.558641696306
1.45 0.01 0.01 8.99999951529857 -11.8922463316843 -11.935206166007 -11.8505978214473
1.45 0.01 0.01 9.99997885272489 -14.1444786214549 -14.2679446396167 -14.0341467825546
1.45 0.01 0.01 10.9999976331124 -16.6894482971371 -16.8914837254961 -16.5202193478041
1.45 0.01 0.01 12.0000012815651 -19.589981626747 -20.406872408613 -19.1257547673791
1.45 0.01 0.1 0 -10.5849789267004 -10.6162702543552 -10.5540236200034
1.45 0.01 0.1 0.993251773010283 -10.630315619465 -10.661651235115 -10.5995670280739
1.45 0.01 0.1 2.00012773496011 -10.6176255059577 -10.6486862095679 -10.5864309690133
1.45 0.01 0.1 3.00022217882684 -10.6583995046363 -10.6902950746323 -10.6278901337471
1.45 0.01 0.1 4.00003388275086 -10.6190030489581 -10.6510402337986 -10.5882618834361
1.45 0.01 0.1 4.99997871390773 -10.6828507900729 -10.7153507038011 -10.6514077589434
1.45 0.01 0.1 6.00000299062804 -10.983032778487 -11.019235827151 -10.9482993923567
1.45 0.01 0.1 6.9999971198819 -12.0480574426008 -12.0982357985133 -11.9986358012578
1.45 0.01 0.1 8.00000067527204 -13.7989583054568 -13.9043406787753 -13.7062167877039
1.45 0.01 0.1 8.99999951529857 -16.1489136857004 -16.4842496653823 -15.895968616122
1.45 0.01 0.1 9.99997885272489 -18.2753949557092 -19.7385877502068 -17.746894788121
1.45 0.01 0.1 10.9999976331124 -22.2071024671294 -25.6725896863196 -21.5308299747665
1.45 0.01 0.1 12.0000012815651 -34.956987894208 -37.4438237139976 -34.3063163769591
1.45 0.01 1 0 -13.2398077204235 -13.2943089513735 -13.1885672845276
1.45 0.01 1 0.993251773010283 -13.3241063141785 -13.3802342522845 -13.2705502097095
1.45 0.01 1 2.00012773496011 -13.3125195447669 -13.3687115863631 -13.2596446491886
1.45 0.01 1 3.00022217882684 -13.3477406716658 -13.4054029098081 -13.2922505624181
1.45 0.01 1 4.00003388275086 -13.2571412608616 -13.3125134975929 -13.2047672036591
1.45 0.01 1 4.99997871390773 -13.430887817495 -13.4887135471839 -13.3741057543851
1.45 0.01 1 6.00000299062804 -13.9870821037345 -14.0648055980114 -13.9148337792591
1.45 0.01 1 6.9999971198819 -16.5227865588368 -16.8058255316203 -16.3006696396105
1.45 0.01 1 8.00000067527204 -18.7540033458845 -20.2836183277156 -18.1916346469855
1.45 0.01 1 8.99999951529857 -25.0287241001614 -30.3308844213039 -24.3384079590138
1.45 0.01 1 9.99997885272489 -33.0343812708373 -45.0343863982988 -32.3412363117961
1.45 0.01 1 10.9999976331124 -54.6438233598348 -96.6256768141704 -53.9506761792748
1.45 0.01 1 12.0000012815651 -182.643824021062 -206.643822255426 -181.950676840502
