0 -8.52399628003598 -8.53678384118124 -8.51143480280557
0.993251773010283 -8.55556506493584 -8.56850227540213 -8.54290081896004
2.00012773496011 -8.54981452843376 -8.56253057330484 -8.53688582476197
3.00022217882684 -8.58262811420174 -8.59563052173119 -8.56932367825688
4.00003388275086 -8.56594760622469 -8.57903668074998 -8.55297063941677
4.99997871390773 -8.56550147171036 -8.5787441796776 -8.55253543556353
6.00000299062804 -8.62998681989168 -8.64344259079986 -8.61678703301306
6.9999971198819 -8.75796623300027 -8.77196286791226 -8.74415652883331
8.00000067527204 -9.00683642124773 -9.02236814367341 -8.99175117601169
8.99999951529857 -9.47784341739082 -9.49597919994108 -9.46032340124794
9.99997885272489 -10.4575129956083 -10.4834560590402 -10.4322633205051
10.9999976331124 -12.4025937402843 -12.4295137411063 -12.3756280376745
12.0000012815651 -15.3391607584482 -15.4558923313911 -15.2339356258385
