0 0
1 9.84e-06
2 6.6392e-06
3 5.08e-06
4 4.08e-06
5 3.2e-06
6 3.72e-06
7 3.16e-06
8 3.2392e-06
9 2.6396e-06
10 2.27881e-06
11 1.6e-06
12 1.84e-06
13 1.8396e-06
14 2.04e-06
15 2.0796e-06
16 1.7596e-06
17 1.6e-06
18 1.8e-06
19 1.64e-06
20 1.48e-06
21 1.39881e-06
22 1.2e-06
23 1.6392e-06
24 1.2e-06
25 1.2396e-06
26 1.08e-06
27 1.0396e-06
28 1.1996e-06
29 1.4796e-06
30 1.12e-06
31 1.4796e-06
32 9.2e-07
33 9.19602e-07
34 1.04e-06
35 1.2e-06
36 9.6e-07
37 1.1596e-06
38 9.6e-07
39 1.52e-06
40 1.2e-06
41 7.2e-07
42 1.03921e-06
43 9.6e-07
44 8e-07
45 8.4e-07
46 7.59204e-07
47 7.6e-07
48 7.99602e-07
49 1.04e-06
50 8.8e-07
51 7.2e-07
52 7.2e-07
53 7.2e-07
54 8e-07
55 7.99602e-07
56 7.2e-07
57 8e-07
58 8.79602e-07
59 8.79602e-07
60 7.19602e-07
61 6.4e-07
62 9.2e-07
63 5.6e-07
64 4.8e-07
65 3.99602e-07
66 7.6e-07
67 9.2e-07
68 6.8e-07
69 4.8e-07
70 5.19602e-07
71 5.6e-07
72 5.2e-07
73 7.2e-07
74 7.2e-07
75 9.19602e-07
76 5.2e-07
77 4.4e-07
78 5.19602e-07
79 5.6e-07
80 5.6e-07
81 5.2e-07
82 5.99602e-07
83 6.4e-07
84 4.79602e-07
85 7.59602e-07
86 3.6e-07
87 2.8e-07
88 5.2e-07
89 4.8e-07
90 4.4e-07
91 3.2e-07
92 3.6e-07
93 3.2e-07
94 4.79204e-07
95 5.2e-07
96 4e-07
97 6e-07
98 5.59602e-07
99 4.4e-07
100 4.39602e-07
101 5.6e-07
102 5.2e-07
103 4.8e-07
104 8.8e-07
105 5.2e-07
106 4.39602e-07
107 2.4e-07
108 8e-07
109 5.2e-07
110 7.19602e-07
111 3.2e-07
112 4.8e-07
113 5.99602e-07
114 6.4e-07
115 2.8e-07
116 4e-07
117 5.2e-07
118 5.99204e-07
119 6.8e-07
120 6.4e-07
121 5.19602e-07
122 4.4e-07
123 3.99602e-07
124 5.99602e-07
125 6.4e-07
126 4.4e-07
127 5.19602e-07
128 4.8e-07
129 4e-07
130 5.2e-07
131 4e-07
132 3.6e-07
133 5.2e-07
134 6e-07
135 2.4e-07
136 4.4e-07
137 5.6e-07
138 4.8e-07
139 6e-07
140 2e-07
141 4.4e-07
142 3.6e-07
143 3.2e-07
144 3.99602e-07
145 4.79204e-07
146 3.2e-07
147 2.4e-07
148 2e-07
149 3.59204e-07
150 4e-07
151 3.59602e-07
152 5.6e-07
153 4.8e-07
154 2e-07
155 1.6e-07
156 5.59602e-07
157 2.79602e-07
158 5.6e-07
159 3.6e-07
160 4e-07
161 2.8e-07
162 2.8e-07
163 1.2e-07
164 4e-07
165 4e-07
166 3.6e-07
167 3.2e-07
168 3.2e-07
169 3.2e-07
170 3.59602e-07
171 3.2e-07
172 3.6e-07
173 3.2e-07
174 3.2e-07
175 3.6e-07
176 2.4e-07
177 4.4e-07
178 3.2e-07
179 1.2e-07
180 4.4e-07
181 2.8e-07
182 2.4e-07
183 2e-07
184 1.99602e-07
185 3.6e-07
186 2.8e-07
187 2e-07
188 3.2e-07
189 2.8e-07
190 2e-07
191 2.8e-07
192 5.2e-07
193 3.2e-07
194 3.6e-07
195 4e-07
196 1.59602e-07
197 2e-07
198 3.2e-07
199 1.6e-07
200 2e-07
201 2e-07
202 3.2e-07
203 3.6e-07
204 4e-07
205 3.19602e-07
206 3.2e-07
207 3.59602e-07
208 2e-07
209 2.8e-07
210 2.8e-07
211 1.6e-07
212 2e-07
213 2.39602e-07
214 3.2e-07
215 1.2e-07
216 2.4e-07
217 1.6e-07
218 2.79602e-07
219 1.6e-07
220 2.8e-07
221 3.2e-07
222 3.19602e-07
223 2.4e-07
224 2.79602e-07
225 1.2e-07
226 3.6e-07
227 1.99204e-07
228 2.4e-07
229 1.6e-07
230 1.6e-07
231 4e-07
232 2.4e-07
233 2.4e-07
234 4.8e-07
235 2.4e-07
236 4.8e-07
237 2.8e-07
238 2.4e-07
239 8e-08
240 3.2e-07
241 2.8e-07
242 4e-08
243 3.1881e-07
244 3.6e-07
245 2.4e-07
246 4e-07
247 3.6e-07
248 3.6e-07
249 0
250 3.6e-07
251 8e-08
252 4e-07
253 3.2e-07
254 4.8e-07
255 1.2e-07
256 2.4e-07
257 1.2e-07
258 2e-07
259 3.2e-07
260 2e-07
261 2e-07
262 2.39602e-07
263 2.8e-07
264 3.2e-07
265 4.4e-07
266 3.2e-07
267 8e-08
268 2.4e-07
269 2.4e-07
270 2.8e-07
271 1.6e-07
272 2.39602e-07
273 3.6e-07
274 8e-08
275 4.4e-07
276 7.9602e-08
277 2e-07
278 1.59602e-07
279 2e-07
280 2.8e-07
281 1.6e-07
282 2.8e-07
283 2.4e-07
284 2.8e-07
285 2e-07
286 1.6e-07
287 1.6e-07
288 3.2e-07
289 2e-07
290 2.8e-07
291 2.39602e-07
292 1.2e-07
293 2.4e-07
294 8e-08
295 2.39602e-07
296 8e-08
297 4e-07
298 1.2e-07
299 3.6e-07
300 8e-08
301 2.79602e-07
302 8e-08
303 1.99602e-07
304 2.8e-07
305 2.4e-07
306 2.4e-07
307 2.8e-07
308 1.6e-07
309 4e-08
310 1.2e-07
311 2e-07
312 1.6e-07
313 1.6e-07
314 2e-07
315 3.6e-07
316 3.6e-07
317 8e-08
318 2.8e-07
319 2.8e-07
320 1.6e-07
321 3.59602e-07
322 3.2e-07
323 2.4e-07
324 2.8e-07
325 3.2e-07
326 4e-08
327 1.2e-07
328 2e-07
329 8e-08
330 2e-07
331 1.6e-07
332 1.99602e-07
333 8e-08
334 1.2e-07
335 3.6e-07
336 3.2e-07
337 1.2e-07
338 2e-07
339 2e-07
340 1.2e-07
341 1.2e-07
342 2.4e-07
343 1.99602e-07
344 2.4e-07
345 2e-07
346 1.6e-07
347 2e-07
348 3.19602e-07
349 8e-08
350 2.4e-07
351 2e-07
352 7.9602e-08
353 1.6e-07
354 8e-08
355 3.6e-07
356 2.4e-07
357 1.2e-07
358 4e-08
359 2.8e-07
360 1.6e-07
361 8e-08
362 1.6e-07
363 2.8e-07
364 1.2e-07
365 2e-07
366 3.2e-07
367 8e-08
368 1.99602e-07
369 1.6e-07
370 1.2e-07
371 1.6e-07
372 1.59208e-07
373 2e-07
374 3.6e-07
375 3.2e-07
376 2.8e-07
377 1.2e-07
378 8e-08
379 2.4e-07
380 8e-08
381 2e-07
382 8e-08
383 3.2e-07
384 1.2e-07
385 2.39204e-07
386 3.2e-07
387 3.6e-07
388 1.2e-07
389 1.2e-07
390 8e-08
391 8e-08
392 8e-08
393 2e-07
394 3.2e-07
395 1.99602e-07
396 1.2e-07
397 1.6e-07
398 4e-08
399 2.4e-07
400 1.6e-07
401 2e-07
402 1.2e-07
403 1.2e-07
404 3.2e-07
405 1.2e-07
406 1.59602e-07
407 4e-08
408 1.99602e-07
409 2.8e-07
410 1.2e-07
411 8e-08
412 2.4e-07
413 1.2e-07
414 8e-08
415 8e-08
416 1.99602e-07
417 4e-08
418 4.4e-07
419 4e-08
420 1.2e-07
421 2.39602e-07
422 1.99602e-07
423 1.99204e-07
424 4e-08
425 8e-08
426 1.6e-07
427 1.2e-07
428 2.4e-07
429 1.59602e-07
430 4e-07
431 8e-08
432 1.2e-07
433 8e-08
434 2.8e-07
435 8e-08
436 2e-07
437 2e-07
438 8e-08
439 2e-07
440 1.2e-07
441 2.4e-07
442 2.4e-07
443 1.6e-07
444 4e-08
445 1.2e-07
446 2e-07
447 2e-07
448 1.6e-07
449 1.2e-07
450 1.59602e-07
451 3.19602e-07
452 1.99602e-07
453 2e-07
454 1.6e-07
455 2e-07
456 4e-08
457 2.4e-07
458 1.19602e-07
459 1.2e-07
460 7.9602e-08
461 8e-08
462 2e-07
463 2.4e-07
464 2e-07
465 3.19602e-07
466 1.6e-07
467 2e-07
468 1.2e-07
469 2.79602e-07
470 8e-08
471 1.2e-07
472 2.39602e-07
473 2.8e-07
474 2.8e-07
475 8e-08
476 2.4e-07
477 2.4e-07
478 1.2e-07
479 8e-08
480 1.2e-07
481 1.2e-07
482 1.6e-07
483 1.6e-07
484 1.2e-07
485 2e-07
486 1.59602e-07
487 1.59602e-07
488 1.2e-07
489 8e-08
490 2e-07
491 2.39204e-07
492 2.39602e-07
493 2.4e-07
494 2.4e-07
495 2e-07
496 1.6e-07
497 2.4e-07
498 2.4e-07
499 8e-08
500 2e-07
501 1.2e-07
502 1.2e-07
503 1.2e-07
504 1.6e-07
505 1.2e-07
506 8e-08
507 4e-08
508 2.8e-07
509 2.79602e-07
510 1.6e-07
511 1.2e-07
512 8e-08
513 8e-08
514 2.4e-07
515 2e-07
516 8e-08
517 1.6e-07
518 4e-08
519 1.6e-07
520 1.6e-07
521 4e-08
522 2.4e-07
523 1.2e-07
524 2.4e-07
525 2e-07
526 2.8e-07
527 2.79602e-07
528 1.2e-07
529 0
530 1.6e-07
531 1.6e-07
532 8e-08
533 1.2e-07
534 8e-08
535 1.99602e-07
536 1.6e-07
537 2.8e-07
538 4e-08
539 1.2e-07
540 8e-08
541 8e-08
542 2e-07
543 2e-07
544 2e-07
545 1.99602e-07
546 3.2e-07
547 2.4e-07
548 1.6e-07
549 4e-08
550 8e-08
551 2.8e-07
552 2.39602e-07
553 8e-08
554 1.2e-07
555 2.8e-07
556 8e-08
557 7.9602e-08
558 1.2e-07
559 1.99602e-07
560 2e-07
561 1.2e-07
562 1.6e-07
563 1.99602e-07
564 2.4e-07
565 2.4e-07
566 1.2e-07
567 1.2e-07
568 8e-08
569 8e-08
570 1.19602e-07
571 4e-08
572 1.6e-07
573 2e-07
574 1.6e-07
575 1.99602e-07
576 1.59602e-07
577 2.79602e-07
578 2e-07
579 8e-08
580 1.19602e-07
581 1.2e-07
582 8e-08
583 2.39602e-07
584 1.2e-07
585 3.2e-07
586 8e-08
587 4e-08
588 8e-08
589 1.2e-07
590 2.8e-07
591 1.2e-07
592 4e-08
593 8e-08
594 4e-08
595 1.6e-07
596 1.99602e-07
597 3.6e-07
598 2e-07
599 8e-08
600 4e-08
601 1.2e-07
602 8e-08
603 2.8e-07
604 1.2e-07
605 1.6e-07
606 3.2e-07
607 1.6e-07
608 1.99602e-07
609 1.59602e-07
610 7.9602e-08
611 1.6e-07
612 1.6e-07
613 1.2e-07
614 8e-08
615 8e-08
616 8e-08
617 8e-08
618 8e-08
619 1.2e-07
620 2e-07
621 1.2e-07
622 8e-08
623 2e-07
624 1.2e-07
625 1.99204e-07
626 1.2e-07
627 8e-08
628 2e-07
629 4e-08
630 1.6e-07
631 8e-08
632 1.2e-07
633 1.2e-07
634 1.6e-07
635 8e-08
636 8e-08
637 1.6e-07
638 8e-08
639 4e-08
640 1.6e-07
641 2e-07
642 1.59602e-07
643 2e-07
644 1.6e-07
645 1.2e-07
646 1.2e-07
647 1.2e-07
648 8e-08
649 4e-08
650 8e-08
651 8e-08
652 8e-08
653 1.2e-07
654 1.2e-07
655 1.2e-07
656 1.2e-07
657 4e-08
658 8e-08
659 1.6e-07
660 8e-08
661 8e-08
662 2.4e-07
663 1.2e-07
664 1.2e-07
665 1.2e-07
666 1.6e-07
667 7.9602e-08
668 0
669 2.79602e-07
670 1.99204e-07
671 1.2e-07
672 1.6e-07
673 8e-08
674 8e-08
675 8e-08
676 2.4e-07
677 1.2e-07
678 1.59204e-07
679 8e-08
680 2e-07
681 8e-08
682 1.2e-07
683 8e-08
684 4e-08
685 1.2e-07
686 1.6e-07
687 1.6e-07
688 1.6e-07
689 2.39602e-07
690 2.8e-07
691 1.2e-07
692 2.4e-07
693 8e-08
694 1.6e-07
695 4e-08
696 0
697 0
698 8e-08
699 2e-07
700 1.6e-07
701 0
702 4e-08
703 8e-08
704 8e-08
705 8e-08
706 1.6e-07
707 1.6e-07
708 4e-08
709 1.2e-07
710 1.6e-07
711 2e-07
712 7.92079e-08
713 0
714 8e-08
715 2e-07
716 7.9602e-08
717 4e-08
718 8e-08
719 2e-07
720 1.6e-07
721 8e-08
722 2.8e-07
723 1.6e-07
724 2e-07
725 2.4e-07
726 4e-08
727 4e-08
728 1.2e-07
729 1.2e-07
730 0
731 8e-08
732 8e-08
733 8e-08
734 2e-07
735 8e-08
736 4e-08
737 1.6e-07
738 1.19602e-07
739 1.6e-07
740 8e-08
741 1.6e-07
742 1.2e-07
743 1.6e-07
744 4e-08
745 1.6e-07
746 8e-08
747 0
748 0
749 8e-08
750 4e-08
751 4e-08
752 8e-08
753 4e-08
754 2.4e-07
755 0
756 1.6e-07
757 2e-07
758 4e-08
759 8e-08
760 3.19602e-07
761 8e-08
762 0
763 8e-08
764 1.2e-07
765 3.19602e-07
766 1.6e-07
767 1.59602e-07
768 2.4e-07
769 7.9602e-08
770 1.6e-07
771 1.6e-07
772 2e-07
773 1.2e-07
774 2.4e-07
775 2.4e-07
776 1.6e-07
777 4e-08
778 1.2e-07
779 1.2e-07
780 2e-07
781 1.2e-07
782 8e-08
783 8e-08
784 4e-08
785 4e-08
786 1.2e-07
787 2.4e-07
788 1.2e-07
789 1.2e-07
790 1.6e-07
791 4e-08
792 0
793 1.2e-07
794 0
795 2.4e-07
796 8e-08
797 8e-08
798 4e-08
799 8e-08
800 1.6e-07
801 1.2e-07
802 8e-08
803 0
804 1.6e-07
805 1.99602e-07
806 1.6e-07
807 8e-08
808 2e-07
809 8e-08
810 4e-08
811 1.2e-07
812 3.2e-07
813 0
814 1.6e-07
815 8e-08
816 1.59602e-07
817 4e-08
818 1.2e-07
819 3.9602e-08
820 4e-08
821 1.2e-07
822 8e-08
823 1.59602e-07
824 8e-08
825 2e-07
826 0
827 1.6e-07
828 0
829 8e-08
830 4e-08
831 8e-08
832 8e-08
833 1.6e-07
834 8e-08
835 2e-07
836 1.59602e-07
837 2e-07
838 1.19602e-07
839 7.9602e-08
840 1.19602e-07
841 4e-08
842 1.2e-07
843 1.2e-07
844 2e-07
845 1.6e-07
846 0
847 4e-08
848 1.6e-07
849 4e-08
850 2e-07
851 2e-07
852 1.6e-07
853 1.59602e-07
854 0
855 2.8e-07
856 4e-08
857 1.2e-07
858 4e-08
859 1.2e-07
860 1.2e-07
861 1.2e-07
862 8e-08
863 8e-08
864 4e-08
865 2.4e-07
866 8e-08
867 8e-08
868 8e-08
869 4e-08
870 1.2e-07
871 1.2e-07
872 4e-08
873 8e-08
874 8e-08
875 4e-08
876 0
877 1.2e-07
878 4e-08
879 1.2e-07
880 4e-08
881 0
882 1.2e-07
883 1.2e-07
884 8e-08
885 2e-07
886 0
887 1.2e-07
888 3.2e-07
889 8e-08
890 1.2e-07
891 4e-08
892 8e-08
893 2e-07
894 2e-07
895 1.2e-07
896 1.2e-07
897 4e-08
898 8e-08
899 8e-08
900 1.59602e-07
901 2e-07
902 1.2e-07
903 4e-08
904 4e-08
905 8e-08
906 8e-08
907 1.2e-07
908 1.19602e-07
909 8e-08
910 1.2e-07
911 1.6e-07
912 8e-08
913 8e-08
914 2e-07
915 0
916 8e-08
917 1.2e-07
918 2e-07
919 1.99602e-07
920 2.4e-07
921 4e-08
922 2.4e-07
923 2.4e-07
924 8e-08
925 0
926 1.59204e-07
927 3.2e-07
928 8e-08
929 0
930 7.9602e-08
931 1.59602e-07
932 1.6e-07
933 1.2e-07
934 1.2e-07
935 8e-08
936 1.6e-07
937 8e-08
938 1.6e-07
939 1.2e-07
940 8e-08
941 1.2e-07
942 8e-08
943 1.6e-07
944 1.59602e-07
945 2.79602e-07
946 4e-08
947 8e-08
948 8e-08
949 7.9602e-08
950 1.59602e-07
951 1.2e-07
952 4e-08
953 4e-08
954 7.9602e-08
955 7.9602e-08
956 2.4e-07
957 1.2e-07
958 0
959 8e-08
960 2e-07
961 8e-08
962 1.2e-07
963 8e-08
964 1.2e-07
965 2e-07
966 4e-08
967 1.2e-07
968 1.2e-07
969 8e-08
970 8e-08
971 0
972 2.8e-07
973 8e-08
974 1.59602e-07
975 8e-08
976 8e-08
977 1.2e-07
978 4e-08
979 8e-08
980 1.2e-07
981 1.19602e-07
982 2e-07
983 4e-08
984 4e-08
985 8e-08
986 2e-07
987 7.9602e-08
988 0
989 1.2e-07
990 8e-08
991 4e-08
992 8e-08
993 1.6e-07
994 1.6e-07
995 2e-07
996 8e-08
997 4e-08
998 1.6e-07
999 0
