0 0
1 0.001156
2 0.000745472
3 0.000568
4 0.00042
5 0.000336
6 0.000305472
7 0.000317472
8 0.000264
9 0.000233472
10 0.000212
11 0.000172
12 0.00022
13 0.000228
14 0.000169472
15 0.000196
16 0.000185472
17 0.000152
18 0.000144
19 0.000152
20 0.000168
21 0.00016
22 0.000116
23 0.000144
24 0.000128
25 0.000156
26 0.000116
27 0.000128
28 9.74715e-05
29 9.2e-05
30 0.000117472
31 0.000121472
32 0.00012
33 0.000109472
34 7.34715e-05
35 0.0001
36 0.000110943
37 8.54715e-05
38 0.0001
39 4.8e-05
40 0.000104
41 6e-05
42 7.6e-05
43 0.000116
44 8e-05
45 9.2e-05
46 5.2e-05
47 8.8e-05
48 9.6e-05
49 9.6e-05
50 6.8e-05
51 5.6e-05
52 7.2e-05
53 8.8e-05
54 8.4e-05
55 9.6e-05
56 6e-05
57 6.4e-05
58 4e-05
59 5.2e-05
60 6.8e-05
61 7.6e-05
62 6.8e-05
63 6.4e-05
64 5.2e-05
65 8.4e-05
66 6.8e-05
67 7.2e-05
68 6.4e-05
69 7.2e-05
70 7.2e-05
71 6e-05
72 6.2943e-05
73 4e-05
74 4.8e-05
75 4.94715e-05
76 6.4e-05
77 7.6e-05
78 5.74715e-05
79 4.8e-05
80 4.4e-05
81 4.8e-05
82 4.8e-05
83 4.84146e-05
84 3.6e-05
85 4.8e-05
86 4e-05
87 3.6e-05
88 5.2e-05
89 5.6e-05
90 3.2e-05
91 4.4e-05
92 5.0943e-05
93 4.94715e-05
94 7.34715e-05
95 5.74715e-05
96 3.6e-05
97 6e-05
98 6.8e-05
99 5.34715e-05
100 7.2e-05
101 3.2e-05
102 5.2e-05
103 4e-05
104 5.2e-05
105 4e-05
106 4e-05
107 3.6e-05
108 5.6e-05
109 4.8e-05
110 2.4e-05
111 4.8e-05
112 6e-05
113 2.8e-05
114 2e-05
115 1.6e-05
116 5.2e-05
117 5.2e-05
118 4.4e-05
119 2.8e-05
120 5.6e-05
121 5.2e-05
122 5.2e-05
123 6e-05
124 5.6e-05
125 3.2e-05
126 1.2e-05
127 4e-05
128 2.4e-05
129 5.2e-05
130 3.6e-05
131 3.2e-05
132 4.4e-05
133 4.8e-05
134 3.34715e-05
135 5.2e-05
136 4e-05
137 3.6e-05
138 4.8e-05
139 4.8e-05
140 4e-05
141 3.6e-05
142 4.4e-05
143 1.6e-05
144 4.8e-05
145 2.4e-05
146 4.8e-05
147 3.2e-05
148 4.8e-05
149 4.8e-05
150 4.4e-05
151 4.14715e-05
152 2.54715e-05
153 3.6e-05
154 2.4e-05
155 2.6943e-05
156 2.54715e-05
157 2.8e-05
158 3.2e-05
159 5.34715e-05
160 3.6e-05
161 1.6e-05
162 1.2e-05
163 3.34715e-05
164 6.4e-05
165 2e-05
166 5.2e-05
167 2.4e-05
168 2e-05
169 3.6e-05
170 2.8e-05
171 2.8e-05
172 3.34715e-05
173 3.2e-05
174 4e-05
175 3.6e-05
176 4e-05
177 1.8943e-05
178 3.6e-05
179 1.2e-05
180 2.14715e-05
181 3.2e-05
182 3.6e-05
183 2.94715e-05
184 2.8e-05
185 1.6e-05
186 4.4e-05
187 1.2e-05
188 3.6e-05
189 2.4e-05
190 1.2e-05
191 2.8e-05
192 2.4e-05
193 2.94715e-05
194 2.4e-05
195 2e-05
196 4.14715e-05
197 2e-05
198 3.34715e-05
199 3.2e-05
200 1.6e-05
201 1.6e-05
202 4e-05
203 1.2e-05
204 1.2e-05
205 2.94715e-05
206 2.94715e-05
207 2.8e-05
208 2e-05
209 3.74715e-05
210 2.4e-05
211 1.6e-05
212 2.4e-05
213 3.34715e-05
214 1.6e-05
215 7.6e-05
216 4e-05
217 2.8e-05
218 4.8e-05
219 3.2e-05
220 2.14715e-05
221 2.8e-05
222 3.2e-05
223 3.25413e-05
224 2.4e-05
225 2.4e-05
226 2e-05
227 1.6e-05
228 2.4e-05
229 1.2e-05
230 2.94715e-05
231 2.4e-05
232 3.2e-05
233 3.2e-05
234 4e-05
235 4.8e-05
236 2e-05
237 2.4e-05
238 2.4e-05
239 2.4e-05
240 4.8e-05
241 2.8e-05
242 2.94715e-05
243 1.2e-05
244 3.2e-05
245 1.6e-05
246 2.8e-05
247 1.6e-05
248 2.94715e-05
249 2.8e-05
250 1.6e-05
251 2e-05
252 2.8e-05
253 3.74715e-05
254 4.4e-05
255 2.4e-05
256 2.4e-05
257 4.14715e-05
258 1.6e-05
259 2.4e-05
260 1.6e-05
261 2.4e-05
262 3.2e-05
263 2.8e-05
264 3.2e-05
265 2.8e-05
266 1.6e-05
267 2e-05
268 2.4e-05
269 1.6e-05
270 1.6e-05
271 1.6e-05
272 2e-05
273 1.2e-05
274 4.4e-05
275 1.6e-05
276 2.14715e-05
277 1.6e-05
278 3.6e-05
279 1.47152e-06
280 3.2e-05
281 3.2e-05
282 2.94715e-05
283 1.2e-05
284 2.14715e-05
285 2.4e-05
286 2.4e-05
287 1.2e-05
288 1.6e-05
289 1.6e-05
290 2.4e-05
291 2.4e-05
292 3.74715e-05
293 2e-05
294 1.6e-05
295 1.6e-05
296 4.4e-05
297 1.74715e-05
298 3.6e-05
299 1.74715e-05
300 2.4e-05
301 1.6e-05
302 1.34715e-05
303 3.6e-05
304 2.94715e-05
305 4.4e-05
306 1.6e-05
307 1.2e-05
308 2.8e-05
309 3.34715e-05
310 2.8e-05
311 1.34715e-05
312 1.6e-05
313 1.2e-05
314 1.6e-05
315 8e-06
316 3.6e-05
317 2.4e-05
318 2e-05
319 2.54715e-05
320 2.54715e-05
321 2.8e-05
322 2.4e-05
323 1.6e-05
324 3.6e-05
325 4.4e-05
326 8e-06
327 2.54715e-05
328 3.2e-05
329 1.2e-05
330 1.6e-05
331 1.2e-05
332 1.2e-05
333 1.6e-05
334 2.4e-05
335 2e-05
336 2e-05
337 2.4e-05
338 3.6e-05
339 2e-05
340 4e-06
341 2e-05
342 4.14715e-05
343 2.4e-05
344 1.2e-05
345 2.8e-05
346 3.34715e-05
347 4e-06
348 4e-05
349 2.8e-05
350 1.2e-05
351 1.2e-05
352 2.8e-05
353 2e-05
354 1.2e-05
355 2.14715e-05
356 3.34715e-05
357 1.6e-05
358 2.4e-05
359 8e-06
360 4e-06
361 4.54134e-06
362 2.8e-05
363 1.34715e-05
364 1.6e-05
365 1.2e-05
366 4e-06
367 2.4e-05
368 2.14715e-05
369 1.2e-05
370 2e-05
371 1.6e-05
372 4e-06
373 2e-05
374 1.6e-05
375 2e-05
376 2.54715e-05
377 8e-06
378 2e-05
379 8e-06
380 1.8943e-05
381 3.74715e-05
382 1.6e-05
383 2e-05
384 4e-05
385 1.6e-05
386 1.34715e-05
387 2e-05
388 4.94715e-05
389 8e-06
390 8e-06
391 1.74715e-05
392 1.2e-05
393 1.2e-05
394 2.8e-05
395 1.8943e-05
396 1.2e-05
397 1.6e-05
398 1.6e-05
399 1.34715e-05
400 1.25413e-05
401 2.4e-05
402 2.4e-05
403 2.8e-05
404 2.4e-05
405 2e-05
406 8e-06
407 2e-05
408 4e-06
409 1.6e-05
410 2.14715e-05
411 2.4e-05
412 2.4e-05
413 1.6e-05
414 8e-06
415 3.2e-05
416 1.2e-05
417 1.2e-05
418 3.2e-05
419 2.14715e-05
420 5.47152e-06
421 3.2e-05
422 2.4e-05
423 2.14715e-05
424 1.2e-05
425 1.2e-05
426 8e-06
427 1.6e-05
428 1.2e-05
429 1.6e-05
430 1.2e-05
431 2.14715e-05
432 1.6e-05
433 4e-06
434 2.14715e-05
435 2e-05
436 1.6e-05
437 5.47152e-06
438 1.2e-05
439 1.2e-05
440 8e-06
441 2e-05
442 2.8e-05
443 2e-05
444 1.2e-05
445 1.2e-05
446 8e-06
447 2e-05
448 8e-06
449 2.4e-05
450 1.2e-05
451 2.4e-05
452 2e-05
453 1.2e-05
454 8e-06
455 2e-05
456 2.8e-05
457 1.2e-05
458 8e-06
459 1.2e-05
460 8e-06
461 1.2e-05
462 3.2e-05
463 2.54715e-05
464 1.34715e-05
465 1.74715e-05
466 2.4e-05
467 1.2e-05
468 1.25413e-05
469 1.6e-05
470 2e-05
471 8e-06
472 5.47152e-06
473 1.6e-05
474 1.6e-05
475 1.6e-05
476 1.6e-05
477 1.6e-05
478 1.2e-05
479 3.2e-05
480 0
481 1.74715e-05
482 1.2e-05
483 1.6e-05
484 8e-06
485 1.2e-05
486 1.2e-05
487 3.34715e-05
488 4e-06
489 2e-05
490 1.6e-05
491 1.2e-05
492 1.6e-05
493 1.6e-05
494 8e-06
495 2e-05
496 8e-06
497 4e-06
498 2.8e-05
499 4e-06
500 1.6e-05
501 2.4e-05
502 5.47152e-06
503 1.6e-05
504 1.2e-05
505 1.6e-05
506 4e-06
507 2e-05
508 2e-05
509 1.2e-05
510 1.6e-05
511 2e-05
512 1.2e-05
513 8e-06
514 8e-06
515 1.2e-05
516 2e-05
517 8e-06
518 9.47152e-06
519 1.6e-05
520 1.2e-05
521 1.2e-05
522 8e-06
523 1.2e-05
524 2.8e-05
525 2.4e-05
526 1.2e-05
527 2e-05
528 1.6e-05
529 8e-06
530 2.4e-05
531 1.6e-05
532 0
533 1.74715e-05
534 2e-05
535 8e-06
536 1.2e-05
537 1.6e-05
538 2.4e-05
539 1.6e-05
540 4.4e-05
541 1.2e-05
542 2e-05
543 1.74715e-05
544 9.47152e-06
545 3.6e-05
546 1.2e-05
547 2e-05
548 2e-05
549 2.4e-05
550 1.6e-05
551 2e-05
552 2e-05
553 9.47152e-06
554 2.4e-05
555 2.2943e-05
556 1.6e-05
557 1.2e-05
558 4e-06
559 1.74715e-05
560 1.6e-05
561 2e-05
562 1.2e-05
563 2e-05
564 1.6e-05
565 8e-06
566 2e-05
567 4e-06
568 1.6e-05
569 8e-06
570 4e-06
571 1.6e-05
572 1.6e-05
573 4e-06
574 4e-06
575 2e-05
576 1.2e-05
577 2.4e-05
578 9.47152e-06
579 1.2e-05
580 1.6e-05
581 0
582 8e-06
583 1.2e-05
584 1.6e-05
585 1.6e-05
586 8e-06
587 2e-05
588 1.2e-05
589 9.47152e-06
590 1.6e-05
591 4e-06
592 2.4e-05
593 0
594 1.6e-05
595 1.2e-05
596 1.2e-05
597 1.2e-05
598 8e-06
599 1.34715e-05
600 1.6e-05
601 1.6e-05
602 1.2e-05
603 1.6e-05
604 1.6e-05
605 1.6e-05
606 2e-05
607 1.2e-05
608 2.94715e-05
609 1.6e-05
610 1.2e-05
611 1.6e-05
612 1.2e-05
613 2e-05
614 4e-06
615 2e-05
616 1.2e-05
617 1.2e-05
618 8e-06
619 0
620 1.2e-05
621 2e-05
622 2.4e-05
623 1.34715e-05
624 1.74715e-05
625 8e-06
626 0
627 1.2e-05
628 2e-05
629 2e-05
630 1.6e-05
631 8e-06
632 2e-05
633 8e-06
634 8e-06
635 8e-06
636 1.2e-05
637 8e-06
638 1.2e-05
639 1.2e-05
640 0
641 1.2e-05
642 3.2e-05
643 9.47152e-06
644 4e-06
645 8e-06
646 8e-06
647 4e-06
648 8e-06
649 8e-06
650 1.74715e-05
651 8e-06
652 8e-06
653 1.6e-05
654 8e-06
655 1.6e-05
656 8e-06
657 1.6e-05
658 2.14715e-05
659 4e-06
660 8e-06
661 1.2e-05
662 1.2e-05
663 1.6e-05
664 2.4e-05
665 2.4e-05
666 1.34715e-05
667 2e-05
668 1.2e-05
669 1.6e-05
670 8e-06
671 2.4e-05
672 8e-06
673 1.2e-05
674 9.47152e-06
675 1.2e-05
676 1.74715e-05
677 2.4e-05
678 1.6e-05
679 0
680 4e-06
681 1.2e-05
682 1.2e-05
683 4e-06
684 8e-06
685 8e-06
686 1.2e-05
687 1.2e-05
688 0
689 1.6e-05
690 2.94715e-05
691 8e-06
692 4e-06
693 1.2e-05
694 8e-06
695 2e-05
696 1.2e-05
697 2e-05
698 4e-06
699 4e-06
700 1.2e-05
701 4e-06
702 1.6e-05
703 2.4e-05
704 1.6e-05
705 1.2e-05
706 2e-05
707 1.2e-05
708 1.2e-05
709 9.47152e-06
710 1.6e-05
711 8e-06
712 0
713 2.4e-05
714 4e-06
715 1.6e-05
716 2e-05
717 2e-05
718 0
719 2.94715e-05
720 2e-05
721 1.2e-05
722 2.4e-05
723 4e-06
724 1.2e-05
725 1.6e-05
726 1.6e-05
727 8e-06
728 1.2e-05
729 1.2e-05
730 1.2e-05
731 9.47152e-06
732 8e-06
733 4e-06
734 8e-06
735 4e-06
736 4e-06
737 1.2e-05
738 1.2e-05
739 0
740 2.4e-05
741 8e-06
742 8e-06
743 4e-06
744 4e-06
745 4e-06
746 2.4e-05
747 4e-06
748 8e-06
749 8e-06
750 4e-06
751 1.6e-05
752 1.74715e-05
753 8e-06
754 1.2e-05
755 1.6e-05
756 0
757 1.2e-05
758 8e-06
759 2.14715e-05
760 5.47152e-06
761 1.6e-05
762 1.2e-05
763 2e-05
764 8e-06
765 1.6e-05
766 4e-06
767 2e-05
768 8e-06
769 8e-06
770 1.2e-05
771 2e-05
772 1.6e-05
773 1.47152e-06
774 4e-06
775 4e-06
776 1.2e-05
777 8e-06
778 2.14715e-05
779 4e-06
780 2e-05
781 1.2e-05
782 1.74715e-05
783 1.6e-05
784 1.2e-05
785 4e-06
786 1.2e-05
787 1.6e-05
788 1.2e-05
789 9.47152e-06
790 1.34715e-05
791 0
792 1.2e-05
793 4e-06
794 4e-06
795 8e-06
796 1.6e-05
797 8e-06
798 0
799 1.6e-05
800 8e-06
801 4e-06
802 4e-06
803 4e-06
804 2.4e-05
805 4e-06
806 1.2e-05
807 4e-06
808 2e-05
809 1.2e-05
810 1.6e-05
811 2e-05
812 2.8e-05
813 9.47152e-06
814 8e-06
815 8e-06
816 8e-06
817 2e-05
818 0
819 4e-06
820 2.4e-05
821 1.2e-05
822 8e-06
823 1.34715e-05
824 1.34715e-05
825 1.74715e-05
826 1.6e-05
827 2e-05
828 1.6e-05
829 4e-06
830 1.6e-05
831 1.2e-05
832 1.2e-05
833 8e-06
834 1.2e-05
835 8e-06
836 1.2e-05
837 1.2e-05
838 2e-05
839 4e-06
840 8e-06
841 4e-06
842 0
843 4e-06
844 1.65413e-05
845 4e-06
846 4e-06
847 4e-06
848 1.2e-05
849 4e-06
850 8e-06
851 1.4943e-05
852 4e-06
853 8e-06
854 8e-06
855 1.6e-05
856 3.4943e-05
857 9.47152e-06
858 0
859 9.47152e-06
860 4e-06
861 8e-06
862 1.2e-05
863 3.74715e-05
864 0
865 0
866 8e-06
867 4e-06
868 1.6e-05
869 1.6e-05
870 8e-06
871 8e-06
872 9.47152e-06
873 8e-06
874 8e-06
875 4e-06
876 8e-06
877 2.94715e-05
878 8e-06
879 1.6e-05
880 8e-06
881 4e-06
882 1.2e-05
883 5.47152e-06
884 9.47152e-06
885 1.6e-05
886 8e-06
887 1.2e-05
888 1.2e-05
889 5.47152e-06
890 2.14715e-05
891 8e-06
892 0
893 2.4e-05
894 2e-05
895 1.2e-05
896 8e-06
897 8e-06
898 8e-06
899 0
900 2.94304e-06
901 0
902 4e-06
903 2e-05
904 1.2e-05
905 1.2e-05
906 1.2e-05
907 1.6e-05
908 0
909 1.2e-05
910 2.8e-05
911 1.2e-05
912 8e-06
913 1.6e-05
914 1.2e-05
915 9.47152e-06
916 4e-06
917 0
918 4e-06
919 4e-06
920 1.2e-05
921 1.2e-05
922 1.6e-05
923 1.4943e-05
924 1.2e-05
925 1.2e-05
926 0
927 1.2e-05
928 1.34715e-05
929 4e-06
930 8e-06
931 1.6e-05
932 0
933 1.2e-05
934 2.4e-05
935 0
936 1.2e-05
937 2.4e-05
938 2e-05
939 8e-06
940 0
941 9.47152e-06
942 4e-06
943 1.2e-05
944 1.6e-05
945 0
946 1.2e-05
947 4e-06
948 4e-06
949 1.2e-05
950 0
951 8e-06
952 1.2e-05
953 4e-06
954 8e-06
955 4e-06
956 4e-06
957 1.2e-05
958 4e-06
959 8e-06
960 8e-06
961 4e-06
962 1.2e-05
963 4e-06
964 8e-06
965 0
966 4e-06
967 8e-06
968 8e-06
969 8e-06
970 4e-06
971 8e-06
972 4e-06
973 9.47152e-06
974 2e-05
975 1.2e-05
976 8e-06
977 1.0943e-05
978 1.6e-05
979 5.47152e-06
980 3.2e-05
981 4e-06
982 8e-06
983 1.74715e-05
984 4e-06
985 0
986 8e-06
987 2.14715e-05
988 4e-06
989 4e-06
990 8e-06
991 2.4e-05
992 1.6e-05
993 1.2e-05
994 1.6e-05
995 2e-05
996 5.47152e-06
997 4e-06
998 4e-06
999 0
