0 0
1 5.6e-06
2 1e-05
3 1.52e-05
4 1.44e-05
5 1.71619e-05
6 1.96e-05
7 2.19619e-05
8 1.48e-05
9 1.56e-05
10 1.52e-05
11 1.88e-05
12 2.04e-05
13 1.79239e-05
14 2e-05
15 1.71239e-05
16 1.64e-05
17 1.48e-05
18 1.36e-05
19 1.4e-05
20 1.16e-05
21 1.28e-05
22 1.19619e-05
23 1e-05
24 1.55619e-05
25 1.04e-05
26 1.31619e-05
27 1.2e-05
28 1.15619e-05
29 7.16193e-06
30 1.08e-05
31 1.12e-05
32 9.16193e-06
33 1.28e-05
34 7.6e-06
35 8.8e-06
36 8.4e-06
37 8.8e-06
38 9.16193e-06
39 8e-06
40 8.4e-06
41 9.2e-06
42 9.6e-06
43 5.16193e-06
44 9.2e-06
45 8.8e-06
46 8e-06
47 8.76193e-06
48 5.56193e-06
49 5.2e-06
50 5.6e-06
51 9.6e-06
52 9.6e-06
53 8.4e-06
54 1e-05
55 6e-06
56 7.2e-06
57 6e-06
58 8e-06
59 8.4e-06
60 7.2e-06
61 3.2e-06
62 5.2e-06
63 7.2e-06
64 7.6e-06
65 9.6e-06
66 7.2e-06
67 6.4e-06
68 4.8e-06
69 4.8e-06
70 5.6e-06
71 7.6e-06
72 6.36193e-06
73 7.12387e-06
74 5.6e-06
75 7.2e-06
76 2e-06
77 4.4e-06
78 5.6e-06
79 7.2e-06
80 7.6e-06
81 5.2e-06
82 6.8e-06
83 4.8e-06
84 7.6e-06
85 3.2e-06
86 5.6e-06
87 4.4e-06
88 5.56193e-06
89 5.2e-06
90 6.36193e-06
91 6.4e-06
92 4.8e-06
93 4.4e-06
94 5.2e-06
95 5.6e-06
96 6.4e-06
97 3.6e-06
98 3.6e-06
99 5.6e-06
100 2e-06
101 4.36193e-06
102 2.8e-06
103 5.6e-06
104 5.16193e-06
105 4.4e-06
106 4e-06
107 7.6e-06
108 6.76193e-06
109 4.4e-06
110 3.6e-06
111 6.32387e-06
112 5.6e-06
113 4e-06
114 3.6e-06
115 4e-06
116 2.4e-06
117 3.16193e-06
118 4.4e-06
119 2.8e-06
120 2.4e-06
121 5.6e-06
122 4e-06
123 4.8e-06
124 6e-06
125 4.4e-06
126 4.4e-06
127 5.2e-06
128 5.2e-06
129 4.36193e-06
130 2.8e-06
131 6.8e-06
132 6.4e-06
133 4e-06
134 4.36193e-06
135 3.2e-06
136 4e-06
137 4e-06
138 9.16193e-06
139 4e-06
140 4e-06
141 3.6e-06
142 2.8e-06
143 4e-06
144 3.6e-06
145 6e-06
146 6e-06
147 4e-06
148 4.4e-06
149 2.8e-06
150 4.36193e-06
151 6e-06
152 3.96193e-06
153 3.56193e-06
154 3.2e-06
155 6e-06
156 2.36193e-06
157 3.16193e-06
158 2.8e-06
159 4.8e-06
160 3.2e-06
161 6.76193e-06
162 4e-06
163 4e-06
164 2e-06
165 3.56193e-06
166 5.2e-06
167 4.8e-06
168 3.2e-06
169 3.16193e-06
170 5.56193e-06
171 2e-06
172 2e-06
173 4e-06
174 4e-06
175 4.8e-06
176 3.6e-06
177 2.4e-06
178 4.36193e-06
179 3.2e-06
180 4.36193e-06
181 2e-06
182 4.4e-06
183 3.2e-06
184 4e-06
185 4e-06
186 1.2e-06
187 2e-06
188 2.8e-06
189 2.4e-06
190 3.6e-06
191 3.6e-06
192 5.2e-06
193 2.8e-06
194 3.2e-06
195 8e-07
196 2.4e-06
197 2.4e-06
198 1.6e-06
199 3.2e-06
200 1.6e-06
201 3.6e-06
202 3.2e-06
203 4.8e-06
204 2.36193e-06
205 3.2e-06
206 4.76193e-06
207 1.6e-06
208 3.56193e-06
209 2.8e-06
210 2.8e-06
211 5.2e-06
212 2.4e-06
213 4.4e-06
214 3.56193e-06
215 3.6e-06
216 2.4e-06
217 2.4e-06
218 5.2e-06
219 4.4e-06
220 3.16193e-06
221 1.96193e-06
222 2.4e-06
223 3.2e-06
224 1.2e-06
225 3.2e-06
226 6.4e-06
227 3.2e-06
228 2e-06
229 2.8e-06
230 1.6e-06
231 2.76193e-06
232 2e-06
233 2e-06
234 7.61935e-07
235 1.6e-06
236 2e-06
237 2.4e-06
238 4.8e-06
239 6.4e-06
240 3.6e-06
241 1.6e-06
242 5.16193e-06
243 2e-06
244 2.76193e-06
245 2.4e-06
246 2.4e-06
247 1.6e-06
248 2e-06
249 3.6e-06
250 1.2e-06
251 2e-06
252 2e-06
253 3.61935e-07
254 2.4e-06
255 2e-06
256 2.8e-06
257 2.8e-06
258 2.4e-06
259 2e-06
260 1.2e-06
261 1.92749e-06
262 3.2e-06
263 1.96193e-06
264 2.32749e-06
265 3.56193e-06
266 2.76193e-06
267 3.2e-06
268 3.6e-06
269 4.8e-06
270 2.4e-06
271 2e-06
272 1.6e-06
273 3.16193e-06
274 1.56193e-06
275 1.2e-06
276 1.2e-06
277 4.4e-06
278 2.36193e-06
279 3.2e-06
280 2.76193e-06
281 1.2e-06
282 1.2e-06
283 2.4e-06
284 8e-07
285 1.6e-06
286 2.8e-06
287 1.2e-06
288 2.8e-06
289 2.8e-06
290 1.6e-06
291 2.8e-06
292 2.4e-06
293 3.2e-06
294 3.6e-06
295 2.8e-06
296 8e-07
297 1.2e-06
298 1.56193e-06
299 2.4e-06
300 2.8e-06
301 2.4e-06
302 2.4e-06
303 2.4e-06
304 2.76193e-06
305 1.6e-06
306 1.6e-06
307 2.8e-06
308 2.4e-06
309 1.56193e-06
310 3.2e-06
311 7.61935e-07
312 3.6e-06
313 2.4e-06
314 1.6e-06
315 2.4e-06
316 1.6e-06
317 1.6e-06
318 2e-06
319 1.96193e-06
320 3.88943e-06
321 1.6e-06
322 1.2e-06
323 1.2e-06
324 2e-06
325 3.6e-06
326 1.6e-06
327 3.6e-06
328 1.2e-06
329 3.16193e-06
330 1.6e-06
331 1.56193e-06
332 1.2e-06
333 2e-06
334 8e-07
335 2.8e-06
336 1.6e-06
337 4e-07
338 1.2e-06
339 2.4e-06
340 4e-07
341 2.4e-06
342 2.4e-06
343 8e-07
344 3.2e-06
345 2.4e-06
346 1.6e-06
347 1.56193e-06
348 3.6e-06
349 2.8e-06
350 1.56193e-06
351 2.36193e-06
352 8e-07
353 4e-07
354 8e-07
355 2.8e-06
356 3.6e-06
357 4e-07
358 2.4e-06
359 8e-07
360 2.8e-06
361 1.2e-06
362 2.4e-06
363 3.96193e-06
364 2e-06
365 2.4e-06
366 1.2e-06
367 1.6e-06
368 3.56193e-06
369 2e-06
370 2.4e-06
371 1.2e-06
372 8e-07
373 1.6e-06
374 2.8e-06
375 2e-06
376 1.2e-06
377 3.2e-06
378 3.2e-06
379 3.6e-06
380 2e-06
381 3.16193e-06
382 1.96193e-06
383 1.2e-06
384 4e-07
385 2.4e-06
386 1.6e-06
387 1.2e-06
388 1.6e-06
389 2.8e-06
390 2e-06
391 2.4e-06
392 2.36193e-06
393 1.6e-06
394 1.2e-06
395 1.2e-06
396 1.16193e-06
397 1.6e-06
398 1.56193e-06
399 3.96193e-06
400 2e-06
401 8e-07
402 3.56193e-06
403 2e-06
404 2.4e-06
405 1.2e-06
406 3.6e-06
407 2.4e-06
408 2.8e-06
409 2.4e-06
410 2.8e-06
411 2.8e-06
412 2.76193e-06
413 1.6e-06
414 1.16193e-06
415 4e-07
416 2.8e-06
417 2e-06
418 1.6e-06
419 1.6e-06
420 2.8e-06
421 8e-07
422 8e-07
423 8e-07
424 1.6e-06
425 8e-07
426 8e-07
427 8e-07
428 1.6e-06
429 2e-06
430 8e-07
431 2.8e-06
432 1.6e-06
433 2.36193e-06
434 1.6e-06
435 1.2e-06
436 2.8e-06
437 1.2e-06
438 4.8e-06
439 2e-06
440 2.4e-06
441 1.6e-06
442 2.4e-06
443 1.6e-06
444 1.56193e-06
445 4e-07
446 2.4e-06
447 3.2e-06
448 3.16193e-06
449 2.4e-06
450 2e-06
451 8e-07
452 1.2e-06
453 1.2e-06
454 8e-07
455 2.8e-06
456 3.2e-06
457 2e-06
458 2.4e-06
459 3.6e-06
460 1.56193e-06
461 1.08943e-06
462 1.6e-06
463 8e-07
464 1.6e-06
465 1.2e-06
466 2.8e-06
467 1.56193e-06
468 1.2e-06
469 1.6e-06
470 2.4e-06
471 8e-07
472 8e-07
473 2e-06
474 1.2e-06
475 3.16193e-06
476 1.6e-06
477 2.76193e-06
478 8e-07
479 8e-07
480 1.6e-06
481 2.4e-06
482 2.8e-06
483 4e-07
484 1.6e-06
485 2e-06
486 4e-07
487 2.4e-06
488 2e-06
489 2e-06
490 2e-06
491 2.4e-06
492 2e-06
493 2.4e-06
494 1.96193e-06
495 1.2e-06
496 2.4e-06
497 2.4e-06
498 8e-07
499 4e-06
500 2e-06
501 2e-06
502 1.2e-06
503 4e-07
504 1.2e-06
505 4e-07
506 1.6e-06
507 1.2e-06
508 2e-06
509 2e-06
510 2.4e-06
511 1.2e-06
512 4.36193e-06
513 2e-06
514 4e-07
515 1.6e-06
516 1.2e-06
517 1.56193e-06
518 2.4e-06
519 1.6e-06
520 1.56193e-06
521 1.6e-06
522 1.2e-06
523 4e-07
524 1.2e-06
525 2.4e-06
526 8e-07
527 2.4e-06
528 1.56193e-06
529 2.8e-06
530 1.2e-06
531 2e-06
532 8e-07
533 1.6e-06
534 8e-07
535 2e-06
536 1.56193e-06
537 4e-07
538 4e-07
539 1.6e-06
540 1.2e-06
541 1.2e-06
542 1.2e-06
543 4e-07
544 1.2e-06
545 1.2e-06
546 8e-07
547 1.2e-06
548 4e-06
549 1.6e-06
550 0
551 8e-07
552 2.4e-06
553 1.2e-06
554 8e-07
555 4e-07
556 1.6e-06
557 1.2e-06
558 2.8e-06
559 4e-07
560 1.6e-06
561 8e-07
562 2.36193e-06
563 1.56193e-06
564 1.2e-06
565 2e-06
566 1.6e-06
567 1.56193e-06
568 1.2e-06
569 3.2e-06
570 1.2e-06
571 8e-07
572 2.8e-06
573 2e-06
574 2.8e-06
575 1.2e-06
576 1.2e-06
577 1.6e-06
578 4e-07
579 1.2e-06
580 0
581 1.6e-06
582 4e-07
583 2.4e-06
584 1.92387e-06
585 1.6e-06
586 1.6e-06
587 2.4e-06
588 1.6e-06
589 2e-06
590 8e-07
591 4e-07
592 2.8e-06
593 2.8e-06
594 2.4e-06
595 8e-07
596 3.2e-06
597 0
598 2.76193e-06
599 1.6e-06
600 8e-07
601 1.6e-06
602 1.2e-06
603 4e-07
604 1.16193e-06
605 1.6e-06
606 8e-07
607 4e-07
608 1.6e-06
609 2e-06
610 2e-06
611 2e-06
612 1.6e-06
613 1.2e-06
614 1.2e-06
615 8e-07
616 1.2e-06
617 2.8e-06
618 8e-07
619 0
620 8e-07
621 4e-07
622 2.8e-06
623 8e-07
624 8e-07
625 1.2e-06
626 2.8e-06
627 4e-07
628 8e-07
629 3.16193e-06
630 2.4e-06
631 4e-07
632 1.16193e-06
633 8e-07
634 1.6e-06
635 1.6e-06
636 1.2e-06
637 7.61935e-07
638 1.96193e-06
639 1.2e-06
640 1.16193e-06
641 1.2e-06
642 2.4e-06
643 4e-07
644 1.2e-06
645 8e-07
646 4e-07
647 2.4e-06
648 8e-07
649 8e-07
650 2.8e-06
651 2e-06
652 1.2e-06
653 1.6e-06
654 2e-06
655 2e-06
656 1.2e-06
657 8e-07
658 1.6e-06
659 7.61935e-07
660 2e-06
661 8e-07
662 2.4e-06
663 2e-06
664 2.8e-06
665 2.76193e-06
666 2.4e-06
667 1.2e-06
668 1.2e-06
669 8e-07
670 8e-07
671 1.6e-06
672 1.2e-06
673 1.6e-06
674 1.12387e-06
675 1.6e-06
676 1.2e-06
677 1.2e-06
678 1.2e-06
679 2.8e-06
680 1.6e-06
681 1.6e-06
682 1.56193e-06
683 2.8e-06
684 1.2e-06
685 1.96193e-06
686 1.2e-06
687 2e-06
688 1.2e-06
689 1.6e-06
690 8e-07
691 1.16193e-06
692 2e-06
693 8e-07
694 2e-06
695 2.32387e-06
696 1.6e-06
697 8e-07
698 8e-07
699 4e-07
700 4e-07
701 2.4e-06
702 8e-07
703 2.8e-06
704 8e-07
705 2e-06
706 8e-07
707 1.2e-06
708 4e-07
709 8e-07
710 1.6e-06
711 1.6e-06
712 2e-06
713 4e-07
714 1.2e-06
715 4e-07
716 2.4e-06
717 4e-07
718 1.6e-06
719 2e-06
720 1.16193e-06
721 2.4e-06
722 2.76193e-06
723 8e-07
724 2.8e-06
725 4e-07
726 4e-07
727 8e-07
728 2e-06
729 4e-07
730 1.6e-06
731 1.56193e-06
732 8e-07
733 4e-07
734 1.2e-06
735 7.61935e-07
736 1.2e-06
737 1.2e-06
738 1.2e-06
739 1.6e-06
740 1.2e-06
741 1.56193e-06
742 8e-07
743 1.2e-06
744 4e-07
745 1.2e-06
746 3.61935e-07
747 1.6e-06
748 1.56193e-06
749 8e-07
750 2.76193e-06
751 2e-06
752 1.6e-06
753 4e-07
754 8e-07
755 2e-06
756 1.6e-06
757 7.61935e-07
758 8e-07
759 1.2e-06
760 4e-07
761 8e-07
762 1.6e-06
763 1.2e-06
764 8e-07
765 2e-06
766 1.2e-06
767 7.61935e-07
768 2e-06
769 1.2e-06
770 1.2e-06
771 1.6e-06
772 2e-06
773 1.2e-06
774 8e-07
775 4e-07
776 1.96193e-06
777 1.2e-06
778 8e-07
779 2e-06
780 2e-06
781 1.56193e-06
782 8e-07
783 1.6e-06
784 2.8e-06
785 1.2e-06
786 8e-07
787 1.2e-06
788 8e-07
789 4e-07
790 2.4e-06
791 8e-07
792 2e-06
793 1.2e-06
794 2.4e-06
795 1.56193e-06
796 8e-07
797 8e-07
798 4e-07
799 1.2e-06
800 1.56193e-06
801 0
802 8e-07
803 1.6e-06
804 1.56193e-06
805 0
806 8e-07
807 1.6e-06
808 0
809 4e-07
810 1.16193e-06
811 8e-07
812 4e-07
813 1.6e-06
814 1.6e-06
815 8e-07
816 8e-07
817 1.2e-06
818 1.2e-06
819 1.2e-06
820 3.2e-06
821 8e-07
822 8e-07
823 2.4e-06
824 1.2e-06
825 1.2e-06
826 1.6e-06
827 4e-07
828 2e-06
829 1.6e-06
830 4e-07
831 1.2e-06
832 8e-07
833 1.6e-06
834 2e-06
835 1.6e-06
836 2e-06
837 1.6e-06
838 4e-07
839 1.6e-06
840 8e-07
841 1.6e-06
842 8e-07
843 8e-07
844 1.2e-06
845 1.2e-06
846 1.6e-06
847 8e-07
848 1.2e-06
849 1.6e-06
850 4e-07
851 1.56193e-06
852 1.2e-06
853 1.2e-06
854 8e-07
855 1.16193e-06
856 8e-07
857 0
858 0
859 2e-06
860 1.2e-06
861 8e-07
862 7.61935e-07
863 8e-07
864 8e-07
865 1.6e-06
866 2.4e-06
867 4e-07
868 1.2e-06
869 2.36193e-06
870 1.56193e-06
871 4e-07
872 4e-07
873 8e-07
874 2.4e-06
875 2.36193e-06
876 8e-07
877 1.6e-06
878 4e-07
879 1.6e-06
880 1.2e-06
881 8e-07
882 4e-07
883 4e-07
884 1.2e-06
885 2e-06
886 4e-07
887 1.6e-06
888 2.4e-06
889 4e-07
890 4e-07
891 8e-07
892 0
893 0
894 1.96193e-06
895 1.2e-06
896 8e-07
897 4e-07
898 4e-07
899 8e-07
900 1.6e-06
901 1.6e-06
902 1.6e-06
903 7.2387e-07
904 8e-07
905 1.6e-06
906 1.2e-06
907 1.2e-06
908 2.8e-06
909 0
910 2.4e-06
911 1.2e-06
912 8e-07
913 1.2e-06
914 4e-07
915 8e-07
916 8e-07
917 8e-07
918 2.4e-06
919 1.16193e-06
920 1.2e-06
921 4e-07
922 1.2e-06
923 8e-07
924 8e-07
925 4e-07
926 0
927 4e-07
928 4e-07
929 0
930 1.2e-06
931 8e-07
932 1.2e-06
933 4e-07
934 2e-06
935 8e-07
936 1.6e-06
937 2e-06
938 1.92387e-06
939 1.2e-06
940 8e-07
941 1.6e-06
942 1.6e-06
943 1.2e-06
944 8e-07
945 8e-07
946 4e-07
947 2e-06
948 1.6e-06
949 4e-07
950 4e-07
951 2.76193e-06
952 8e-07
953 8e-07
954 1.16193e-06
955 4e-07
956 1.2e-06
957 8e-07
958 4e-07
959 1.2e-06
960 8e-07
961 4e-07
962 4e-07
963 1.2e-06
964 1.6e-06
965 8e-07
966 2e-06
967 7.61935e-07
968 4e-07
969 1.2e-06
970 8e-07
971 8e-07
972 4e-07
973 8e-07
974 1.6e-06
975 2e-06
976 4e-07
977 4e-07
978 4e-07
979 1.16193e-06
980 1.6e-06
981 2e-06
982 1.6e-06
983 1.2e-06
984 4e-07
985 4e-07
986 0
987 1.6e-06
988 1.2e-06
989 1.2e-06
990 4e-07
991 1.56193e-06
992 8e-07
993 8e-07
994 4e-07
995 8e-07
996 1.2e-06
997 8e-07
998 0
999 0
