0 0
1 1.204e-05
2 6.5192e-06
3 6.08e-06
4 3.9596e-06
5 4.16e-06
6 3.3996e-06
7 2.68e-06
8 2.9596e-06
9 2.28e-06
10 1.84e-06
11 2.3596e-06
12 2.16e-06
13 1.96e-06
14 1.9596e-06
15 1.96e-06
16 1.76e-06
17 1.4396e-06
18 1.08e-06
19 1.44e-06
20 1.68e-06
21 1.28e-06
22 1.12e-06
23 1.56e-06
24 1.7996e-06
25 1.36e-06
26 8.4e-07
27 1.4e-06
28 9.19602e-07
29 1.2396e-06
30 1.0396e-06
31 8e-07
32 1.3996e-06
33 7.99602e-07
34 1.28e-06
35 1.08e-06
36 1.28e-06
37 1.08e-06
38 8.39204e-07
39 1.08e-06
40 1.1196e-06
41 7.99602e-07
42 6.79602e-07
43 8e-07
44 1.08e-06
45 9.2e-07
46 7.2e-07
47 7.2e-07
48 6.79602e-07
49 9.2e-07
50 8.4e-07
51 7.2e-07
52 6.8e-07
53 6e-07
54 9.99602e-07
55 7.6e-07
56 9.19602e-07
57 9.6e-07
58 5.19602e-07
59 5.99602e-07
60 6.8e-07
61 8.8e-07
62 5.99602e-07
63 5.6e-07
64 7.6e-07
65 6e-07
66 5.2e-07
67 8.39602e-07
68 5.2e-07
69 6.4e-07
70 4.4e-07
71 6e-07
72 5.19602e-07
73 6.8e-07
74 9.2e-07
75 3.6e-07
76 2.8e-07
77 7.2e-07
78 6.8e-07
79 4.4e-07
80 4.8e-07
81 6.4e-07
82 3.6e-07
83 4.8e-07
84 7.99204e-07
85 5.6e-07
86 2.4e-07
87 4e-07
88 6.39602e-07
89 4.8e-07
90 5.6e-07
91 5.6e-07
92 6e-07
93 5.59602e-07
94 6e-07
95 5.6e-07
96 2.4e-07
97 4.7881e-07
98 5.2e-07
99 5.2e-07
100 2.8e-07
101 6.4e-07
102 4.4e-07
103 4e-07
104 6.4e-07
105 3.6e-07
106 4e-07
107 2.8e-07
108 5.59602e-07
109 3.2e-07
110 7.2e-07
111 3.6e-07
112 4e-07
113 5.6e-07
114 4.8e-07
115 6e-07
116 6.79602e-07
117 5.2e-07
118 2.8e-07
119 5.6e-07
120 5.6e-07
121 2.8e-07
122 4e-07
123 3.99602e-07
124 2.4e-07
125 3.6e-07
126 3.6e-07
127 5.99602e-07
128 4e-07
129 3.19204e-07
130 5.99602e-07
131 3.6e-07
132 2.79602e-07
133 2.4e-07
134 2.4e-07
135 2.8e-07
136 4.8e-07
137 3.6e-07
138 2e-07
139 6.4e-07
140 2.79602e-07
141 4.4e-07
142 5.6e-07
143 4.4e-07
144 3.6e-07
145 2.8e-07
146 3.6e-07
147 2.8e-07
148 3.2e-07
149 2.4e-07
150 1.6e-07
151 3.6e-07
152 4.4e-07
153 3.6e-07
154 2.4e-07
155 4.8e-07
156 2.79204e-07
157 2.79602e-07
158 4.4e-07
159 4e-07
160 3.2e-07
161 3.59602e-07
162 1.6e-07
163 4e-07
164 4.8e-07
165 1.2e-07
166 3.19602e-07
167 4.4e-07
168 3.6e-07
169 5.2e-07
170 4e-07
171 3.99602e-07
172 8e-08
173 3.2e-07
174 3.2e-07
175 2.8e-07
176 3.2e-07
177 4.4e-07
178 3.59602e-07
179 4.4e-07
180 3.2e-07
181 3.2e-07
182 2.8e-07
183 2.8e-07
184 3.6e-07
185 3.59602e-07
186 3.6e-07
187 4e-07
188 2.79602e-07
189 2.8e-07
190 2.79602e-07
191 3.2e-07
192 4e-07
193 3.19602e-07
194 4.4e-07
195 4.4e-07
196 3.19602e-07
197 3.2e-07
198 2e-07
199 3.2e-07
200 8e-08
201 2.8e-07
202 2.4e-07
203 4.79602e-07
204 4e-07
205 2e-07
206 3.2e-07
207 4.39602e-07
208 3.19602e-07
209 3.6e-07
210 4.4e-07
211 3.2e-07
212 1.6e-07
213 3.19602e-07
214 1.6e-07
215 2e-07
216 4e-07
217 2.8e-07
218 2.8e-07
219 2.4e-07
220 3.6e-07
221 8e-08
222 4.4e-07
223 3.6e-07
224 1.99602e-07
225 3.6e-07
226 2.8e-07
227 2.8e-07
228 2.4e-07
229 3.6e-07
230 3.6e-07
231 3.2e-07
232 4.4e-07
233 3.19204e-07
234 2.8e-07
235 3.99602e-07
236 1.6e-07
237 3.6e-07
238 2e-07
239 3.6e-07
240 1.2e-07
241 2e-07
242 2.39602e-07
243 2.8e-07
244 3.6e-07
245 1.6e-07
246 1.6e-07
247 2.4e-07
248 1.6e-07
249 1.2e-07
250 2.8e-07
251 3.2e-07
252 2e-07
253 4.8e-07
254 2.4e-07
255 2.8e-07
256 2.4e-07
257 2e-07
258 3.59602e-07
259 2.39602e-07
260 2.8e-07
261 3.2e-07
262 3.59204e-07
263 8e-08
264 4.4e-07
265 2.4e-07
266 4.8e-07
267 1.6e-07
268 3.2e-07
269 1.6e-07
270 3.6e-07
271 2e-07
272 4.8e-07
273 2.4e-07
274 1.2e-07
275 3.6e-07
276 2.39602e-07
277 1.6e-07
278 3.2e-07
279 1.6e-07
280 2e-07
281 3.2e-07
282 8e-08
283 2.39602e-07
284 2.4e-07
285 3.2e-07
286 2.4e-07
287 3.59602e-07
288 2e-07
289 4e-08
290 2.8e-07
291 3.6e-07
292 1.2e-07
293 2.4e-07
294 3.2e-07
295 2e-07
296 1.19602e-07
297 3.59602e-07
298 2e-07
299 2e-07
300 1.59602e-07
301 2.8e-07
302 1.6e-07
303 1.2e-07
304 2.79208e-07
305 2.8e-07
306 1.6e-07
307 2.8e-07
308 2.4e-07
309 1.6e-07
310 2.4e-07
311 2e-07
312 1.6e-07
313 3.19602e-07
314 1.6e-07
315 3.59602e-07
316 2.4e-07
317 1.6e-07
318 8e-08
319 2e-07
320 2.8e-07
321 4e-07
322 0
323 0
324 8e-08
325 4.4e-07
326 1.6e-07
327 2e-07
328 1.59208e-07
329 1.59602e-07
330 0
331 1.6e-07
332 2.8e-07
333 1.2e-07
334 1.6e-07
335 2.8e-07
336 1.2e-07
337 2.4e-07
338 3.6e-07
339 1.2e-07
340 4e-07
341 2e-07
342 2e-07
343 2.4e-07
344 1.6e-07
345 1.6e-07
346 2.4e-07
347 3.6e-07
348 1.19602e-07
349 3.19602e-07
350 2.4e-07
351 2e-07
352 1.6e-07
353 2.4e-07
354 2e-07
355 8e-08
356 1.2e-07
357 2.4e-07
358 1.2e-07
359 1.6e-07
360 2e-07
361 2e-07
362 2.4e-07
363 1.99602e-07
364 2.4e-07
365 2.8e-07
366 1.2e-07
367 2e-07
368 8e-08
369 2.8e-07
370 8e-08
371 3.19204e-07
372 8e-08
373 2.4e-07
374 1.2e-07
375 1.6e-07
376 1.19602e-07
377 3.19602e-07
378 1.6e-07
379 1.6e-07
380 1.2e-07
381 1.2e-07
382 1.2e-07
383 2.4e-07
384 2e-07
385 3.2e-07
386 2.4e-07
387 2.8e-07
388 1.59602e-07
389 3.19602e-07
390 2.4e-07
391 1.19602e-07
392 2e-07
393 2.79602e-07
394 2.4e-07
395 1.2e-07
396 1.6e-07
397 4.8e-07
398 1.6e-07
399 4e-08
400 2e-07
401 2e-07
402 2.79602e-07
403 1.6e-07
404 2e-07
405 1.19602e-07
406 3.2e-07
407 1.19602e-07
408 1.6e-07
409 2.39602e-07
410 0
411 2.4e-07
412 1.2e-07
413 1.6e-07
414 8e-08
415 8e-08
416 2.8e-07
417 2.39602e-07
418 1.2e-07
419 1.6e-07
420 2e-07
421 4e-07
422 2.4e-07
423 1.2e-07
424 8e-08
425 3.2e-07
426 3.59602e-07
427 2e-07
428 2e-07
429 1.2e-07
430 8e-08
431 1.6e-07
432 1.59602e-07
433 2.79602e-07
434 1.99204e-07
435 1.59602e-07
436 1.6e-07
437 1.2e-07
438 2.4e-07
439 2.8e-07
440 1.2e-07
441 1.59602e-07
442 1.6e-07
443 2e-07
444 8e-08
445 2e-07
446 1.59208e-07
447 1.2e-07
448 2.8e-07
449 1.99602e-07
450 2.4e-07
451 2.4e-07
452 1.6e-07
453 8e-08
454 1.2e-07
455 1.6e-07
456 2.4e-07
457 3.6e-07
458 8e-08
459 1.59602e-07
460 1.6e-07
461 8e-08
462 2.4e-07
463 1.2e-07
464 1.2e-07
465 1.2e-07
466 1.19602e-07
467 4e-08
468 2e-07
469 1.2e-07
470 2.8e-07
471 1.2e-07
472 4.4e-07
473 1.6e-07
474 1.6e-07
475 1.6e-07
476 4e-08
477 2.4e-07
478 1.6e-07
479 1.6e-07
480 2.4e-07
481 4e-08
482 1.6e-07
483 1.2e-07
484 8e-08
485 2e-07
486 2.79602e-07
487 1.6e-07
488 2.39602e-07
489 2.8e-07
490 8e-08
491 2.4e-07
492 1.2e-07
493 1.2e-07
494 4.8e-07
495 2e-07
496 1.2e-07
497 1.2e-07
498 8e-08
499 4e-08
500 4e-08
501 1.6e-07
502 1.6e-07
503 1.99204e-07
504 1.6e-07
505 8e-08
506 2.39602e-07
507 8e-08
508 1.2e-07
509 1.19602e-07
510 1.6e-07
511 1.19602e-07
512 4e-08
513 1.2e-07
514 1.2e-07
515 3.9602e-08
516 1.2e-07
517 1.6e-07
518 1.6e-07
519 1.2e-07
520 1.6e-07
521 2e-07
522 1.2e-07
523 2e-07
524 1.6e-07
525 8e-08
526 4e-08
527 1.2e-07
528 8e-08
529 2.79602e-07
530 1.6e-07
531 1.2e-07
532 1.6e-07
533 8e-08
534 1.2e-07
535 3.6e-07
536 8e-08
537 7.9602e-08
538 4e-08
539 8e-08
540 1.2e-07
541 1.2e-07
542 2.8e-07
543 1.19602e-07
544 1.6e-07
545 3.2e-07
546 1.6e-07
547 1.2e-07
548 2e-07
549 4e-08
550 1.2e-07
551 1.2e-07
552 1.6e-07
553 4e-08
554 3.2e-07
555 8e-08
556 1.2e-07
557 2e-07
558 1.99602e-07
559 1.6e-07
560 0
561 2.4e-07
562 8e-08
563 8e-08
564 2.4e-07
565 8e-08
566 4e-08
567 1.6e-07
568 2e-07
569 4e-08
570 2.39602e-07
571 3.19602e-07
572 8e-08
573 1.2e-07
574 1.6e-07
575 1.2e-07
576 2e-07
577 2.4e-07
578 3.2e-07
579 1.2e-07
580 2.4e-07
581 8e-08
582 2e-07
583 2.8e-07
584 8e-08
585 2.4e-07
586 1.6e-07
587 1.2e-07
588 1.6e-07
589 1.6e-07
590 7.9602e-08
591 2e-07
592 1.19602e-07
593 8e-08
594 8e-08
595 8e-08
596 2.4e-07
597 1.6e-07
598 1.6e-07
599 2e-07
600 1.2e-07
601 1.19602e-07
602 1.6e-07
603 1.2e-07
604 4e-08
605 1.6e-07
606 1.99602e-07
607 1.6e-07
608 1.2e-07
609 2e-07
610 1.6e-07
611 1.2e-07
612 2e-07
613 1.19602e-07
614 1.6e-07
615 1.2e-07
616 2.4e-07
617 2.7881e-07
618 8e-08
619 1.59602e-07
620 2e-07
621 8e-08
622 8e-08
623 1.2e-07
624 1.6e-07
625 1.2e-07
626 4e-08
627 2e-07
628 2.8e-07
629 1.2e-07
630 2e-07
631 1.2e-07
632 1.6e-07
633 4e-08
634 4e-08
635 8e-08
636 2.4e-07
637 1.6e-07
638 1.6e-07
639 1.19602e-07
640 1.2e-07
641 8e-08
642 1.59208e-07
643 1.6e-07
644 1.2e-07
645 4e-08
646 1.6e-07
647 1.19602e-07
648 1.2e-07
649 1.6e-07
650 7.9602e-08
651 8e-08
652 8e-08
653 1.6e-07
654 1.2e-07
655 8e-08
656 1.59602e-07
657 8e-08
658 8e-08
659 1.6e-07
660 8e-08
661 1.19602e-07
662 1.2e-07
663 8e-08
664 2.8e-07
665 2.4e-07
666 1.2e-07
667 2e-07
668 8e-08
669 1.6e-07
670 7.9602e-08
671 1.6e-07
672 1.19602e-07
673 8e-08
674 4e-08
675 2.4e-07
676 1.6e-07
677 3.6e-07
678 8e-08
679 1.2e-07
680 1.59602e-07
681 1.59602e-07
682 4e-08
683 2e-07
684 1.6e-07
685 8e-08
686 8e-08
687 7.9602e-08
688 1.2e-07
689 2.4e-07
690 1.2e-07
691 4e-08
692 8e-08
693 2.4e-07
694 8e-08
695 4e-08
696 8e-08
697 2e-07
698 8e-08
699 8e-08
700 2e-07
701 1.59602e-07
702 1.99602e-07
703 4e-08
704 1.6e-07
705 1.6e-07
706 8e-08
707 8e-08
708 8e-08
709 1.2e-07
710 1.59204e-07
711 2e-07
712 0
713 1.6e-07
714 1.2e-07
715 8e-08
716 1.2e-07
717 1.59204e-07
718 1.2e-07
719 2.4e-07
720 1.19602e-07
721 8e-08
722 1.6e-07
723 4e-08
724 8e-08
725 8e-08
726 1.6e-07
727 2.79602e-07
728 1.6e-07
729 1.59602e-07
730 2.8e-07
731 1.6e-07
732 4e-08
733 2e-07
734 4e-08
735 4e-08
736 1.2e-07
737 1.19602e-07
738 1.6e-07
739 8e-08
740 4e-08
741 1.6e-07
742 8e-08
743 1.99208e-07
744 4e-08
745 1.2e-07
746 1.2e-07
747 1.19602e-07
748 1.6e-07
749 4e-08
750 1.6e-07
751 8e-08
752 2e-07
753 8e-08
754 4e-08
755 1.6e-07
756 1.2e-07
757 1.2e-07
758 1.2e-07
759 1.6e-07
760 8e-08
761 2.4e-07
762 2.4e-07
763 1.6e-07
764 8e-08
765 1.2e-07
766 1.6e-07
767 1.6e-07
768 1.6e-07
769 8e-08
770 4e-08
771 4e-08
772 0
773 4e-08
774 0
775 1.19602e-07
776 1.19602e-07
777 2.4e-07
778 8e-08
779 1.2e-07
780 2e-07
781 1.2e-07
782 1.99602e-07
783 1.2e-07
784 1.2e-07
785 1.6e-07
786 2e-07
787 1.19602e-07
788 1.99602e-07
789 4e-08
790 4e-08
791 4e-08
792 2.4e-07
793 2.4e-07
794 1.2e-07
795 1.59602e-07
796 1.2e-07
797 4e-08
798 2.8e-07
799 2e-07
800 4e-08
801 8e-08
802 1.2e-07
803 1.2e-07
804 2.4e-07
805 8e-08
806 8e-08
807 4e-08
808 1.99602e-07
809 1.6e-07
810 1.2e-07
811 0
812 8e-08
813 4e-08
814 8e-08
815 1.6e-07
816 1.6e-07
817 1.2e-07
818 1.19602e-07
819 1.6e-07
820 7.9602e-08
821 8e-08
822 1.2e-07
823 8e-08
824 1.2e-07
825 8e-08
826 3.9602e-08
827 4e-08
828 1.2e-07
829 8e-08
830 2e-07
831 1.2e-07
832 4e-08
833 8e-08
834 4e-08
835 4e-08
836 1.2e-07
837 1.2e-07
838 4e-08
839 8e-08
840 1.6e-07
841 1.19602e-07
842 8e-08
843 4e-08
844 0
845 0
846 1.6e-07
847 4e-08
848 1.2e-07
849 1.2e-07
850 8e-08
851 1.2e-07
852 1.6e-07
853 1.6e-07
854 1.6e-07
855 3.9602e-08
856 2e-07
857 3.2e-07
858 8e-08
859 1.2e-07
860 1.6e-07
861 1.19602e-07
862 1.2e-07
863 2e-07
864 1.2e-07
865 4e-08
866 1.6e-07
867 1.2e-07
868 8e-08
869 1.6e-07
870 8e-08
871 4e-08
872 8e-08
873 1.6e-07
874 1.2e-07
875 7.9602e-08
876 1.2e-07
877 1.6e-07
878 1.2e-07
879 1.6e-07
880 1.2e-07
881 1.2e-07
882 4e-08
883 4e-08
884 1.2e-07
885 2e-07
886 4e-08
887 8e-08
888 1.59602e-07
889 0
890 3.59602e-07
891 8e-08
892 1.2e-07
893 1.2e-07
894 8e-08
895 1.59602e-07
896 8e-08
897 4e-08
898 1.2e-07
899 8e-08
900 1.19602e-07
901 8e-08
902 2e-07
903 4e-08
904 1.6e-07
905 4e-08
906 4e-08
907 1.2e-07
908 2.4e-07
909 0
910 1.2e-07
911 1.2e-07
912 2e-07
913 1.2e-07
914 8e-08
915 1.6e-07
916 1.6e-07
917 1.19602e-07
918 2e-07
919 1.6e-07
920 4e-08
921 4e-08
922 1.2e-07
923 4e-08
924 1.6e-07
925 1.2e-07
926 0
927 1.2e-07
928 4e-08
929 4e-08
930 2e-07
931 1.2e-07
932 0
933 8e-08
934 1.6e-07
935 1.2e-07
936 1.2e-07
937 2e-07
938 0
939 2e-07
940 8e-08
941 4e-08
942 1.19602e-07
943 0
944 1.6e-07
945 1.6e-07
946 1.59602e-07
947 4e-08
948 8e-08
949 1.19602e-07
950 4e-08
951 1.2e-07
952 1.6e-07
953 1.2e-07
954 1.99602e-07
955 1.2e-07
956 4e-08
957 1.6e-07
958 1.2e-07
959 8e-08
960 1.6e-07
961 1.6e-07
962 1.6e-07
963 2e-07
964 8e-08
965 8e-08
966 1.2e-07
967 8e-08
968 7.9602e-08
969 8e-08
970 1.6e-07
971 1.2e-07
972 4e-08
973 0
974 2e-07
975 4e-08
976 1.6e-07
977 1.6e-07
978 4e-08
979 0
980 1.6e-07
981 2e-07
982 4e-08
983 1.2e-07
984 8e-08
985 1.6e-07
986 8e-08
987 1.6e-07
988 0
989 0
990 1.2e-07
991 1.19602e-07
992 4e-08
993 2.8e-07
994 8e-08
995 8e-08
996 8e-08
997 4e-08
998 1.2e-07
999 0
