0 0
1 0
2 0
3 0
4 0
5 0
6 0
7 0
8 0
9 0
10 0
11 0
12 8e-07
13 0
14 0
15 0
16 0
17 0
18 0
19 0
20 0
21 0
22 0
23 0
24 0
25 0
26 0
27 0
28 0
29 0
30 0
31 0
32 0
33 0
34 0
35 0
36 0
37 8e-07
38 0
39 0
40 0
41 0
42 0
43 0
44 0
45 0
46 0
47 0
48 0
49 1.6e-06
50 8e-07
51 0
52 0
53 0
54 0
55 0
56 0
57 0
58 0
59 0
60 0
61 0
62 0
63 0
64 0
65 0
66 0
67 0
68 0
69 0
70 8e-07
71 0
72 0
73 0
74 0
75 0
76 0
77 0
78 0
79 0
80 0
81 0
82 0
83 0
84 0
85 0
86 0
87 0
88 8e-07
89 0
90 0
91 8e-07
92 0
93 0
94 0
95 1.6e-06
96 0
97 0
98 0
99 0
100 8e-07
101 8e-07
102 0
103 0
104 8e-07
105 0
106 0
107 0
108 0
109 1.6e-06
110 8e-07
111 0
112 8e-07
113 0
114 0
115 0
116 0
117 0
118 1.6e-06
119 0
120 0
121 0
122 0
123 0
124 0
125 0
126 8e-07
127 0
128 8e-07
129 0
130 8e-07
131 8e-07
132 0
133 0
134 0
135 1.6e-06
136 0
137 0
138 1.6e-06
139 0
140 0
141 8e-07
142 0
143 0
144 0
145 0
146 8e-07
147 8e-07
148 0
149 0
150 0
151 0
152 0
153 0
154 0
155 0
156 0
157 0
158 8e-07
159 8e-07
160 0
161 0
162 0
163 0
164 0
165 0
166 0
167 0
168 0
169 8e-07
170 8e-07
171 0
172 0
173 0
174 8e-07
175 0
176 8e-07
177 0
178 1.6e-06
179 0
180 0
181 8e-07
182 0
183 0
184 0
185 8e-07
186 8e-07
187 0
188 0
189 2.4e-06
190 0
191 0
192 0
193 8e-07
194 0
195 8e-07
196 8e-07
197 0
198 8e-07
199 0
200 8e-07
201 1.6e-06
202 0
203 1.6e-06
204 8e-07
205 0
206 0
207 0
208 8e-07
209 0
210 8e-07
211 8e-07
212 0
213 0
214 0
215 8e-07
216 1.6e-06
217 0
218 0
219 8e-07
220 0
221 0
222 0
223 0
224 8e-07
225 0
226 8e-07
227 0
228 8e-07
229 0
230 0
231 8e-07
232 8e-07
233 8e-07
234 0
235 0
236 0
237 0
238 8e-07
239 0
240 0
241 8e-07
242 0
243 0
244 1.6e-06
245 2.4e-06
246 8e-07
247 8e-07
248 1.6e-06
249 0
250 1.6e-06
251 0
252 0
253 8e-07
254 0
255 8e-07
256 0
257 8e-07
258 0
259 0
260 0
261 0
262 0
263 1.6e-06
264 0
265 8e-07
266 2.4e-06
267 1.6e-06
268 8e-07
269 8e-07
270 8e-07
271 8e-07
272 8e-07
273 0
274 0
275 8e-07
276 3.2e-06
277 0
278 8e-07
279 8e-07
280 0
281 8e-07
282 0
283 0
284 0
285 0
286 0
287 2.4e-06
288 8e-07
289 0
290 0
291 0
292 8e-07
293 0
294 0
295 0
296 2.4e-06
297 8e-07
298 8e-07
299 0
300 2.4e-06
301 0
302 0
303 0
304 8e-07
305 0
306 0
307 0
308 0
309 2.4e-06
310 1.6e-06
311 0
312 8e-07
313 0
314 8e-07
315 0
316 2.94304e-07
317 1.6e-06
318 8e-07
319 0
320 0
321 8e-07
322 0
323 8e-07
324 0
325 1.6e-06
326 8e-07
327 0
328 0
329 3.2e-06
330 0
331 0
332 1.6e-06
333 1.0943e-06
334 0
335 2.4e-06
336 2.4e-06
337 0
338 8e-07
339 0
340 1.6e-06
341 8e-07
342 1.6e-06
343 2.4e-06
344 2.4e-06
345 1.6e-06
346 0
347 0
348 0
349 0
350 1.6e-06
351 8e-07
352 8e-07
353 0
354 0
355 1.6e-06
356 0
357 0
358 8e-07
359 8e-07
360 0
361 8e-07
362 0
363 0
364 3.2e-06
365 0
366 8e-07
367 8e-07
368 8e-07
369 1.6e-06
370 0
371 2.4e-06
372 0
373 8e-07
374 0
375 8e-07
376 0
377 8e-07
378 8e-07
379 2.4e-06
380 1.6e-06
381 8e-07
382 0
383 0
384 8e-07
385 8e-07
386 4e-06
387 0
388 0
389 0
390 8e-07
391 0
392 8e-07
393 8e-07
394 8e-07
395 1.6e-06
396 3.2e-06
397 1.6e-06
398 0
399 8e-07
400 1.6e-06
401 0
402 0
403 0
404 2.4e-06
405 0
406 0
407 1.6e-06
408 0
409 1.6e-06
410 1.6e-06
411 1.6e-06
412 8e-07
413 8e-07
414 2.4e-06
415 8e-07
416 8e-07
417 8e-07
418 8e-07
419 1.6e-06
420 1.6e-06
421 0
422 2.4e-06
423 8e-07
424 1.6e-06
425 8e-07
426 2.4e-06
427 8e-07
428 1.6e-06
429 2.4e-06
430 0
431 8e-07
432 1.6e-06
433 1.0943e-06
434 0
435 0
436 0
437 3.2e-06
438 1.6e-06
439 0
440 1.6e-06
441 8e-07
442 0
443 8e-07
444 1.6e-06
445 2.4e-06
446 0
447 8e-07
448 0
449 1.6e-06
450 1.6e-06
451 8e-07
452 8e-07
453 0
454 8e-07
455 2.4e-06
456 8e-07
457 1.6e-06
458 2.4e-06
459 2.4e-06
460 0
461 0
462 1.6e-06
463 1.6e-06
464 0
465 0
466 8e-07
467 8e-07
468 1.6e-06
469 0
470 1.6e-06
471 1.6e-06
472 8e-07
473 8e-07
474 8e-07
475 1.6e-06
476 1.6e-06
477 0
478 1.6e-06
479 2.4e-06
480 2.4e-06
481 2.4e-06
482 8e-07
483 0
484 3.2e-06
485 0
486 0
487 8e-07
488 2.4e-06
489 1.6e-06
490 8e-07
491 1.6e-06
492 8e-07
493 1.6e-06
494 1.6e-06
495 1.6e-06
496 0
497 3.2e-06
498 0
499 3.2e-06
500 8e-07
501 8e-07
502 1.6e-06
503 8e-07
504 8e-07
505 1.6e-06
506 0
507 8e-07
508 2.4e-06
509 8e-07
510 3.2e-06
511 1.6e-06
512 0
513 0
514 0
515 2.4e-06
516 8e-07
517 5.6e-06
518 8e-07
519 1.6e-06
520 1.8943e-06
521 8e-07
522 0
523 2.4e-06
524 8e-07
525 2.4e-06
526 0
527 8e-07
528 2.4e-06
529 1.6e-06
530 8e-07
531 8e-07
532 0
533 8e-07
534 1.6e-06
535 8e-07
536 0
537 8e-07
538 8e-07
539 3.2e-06
540 0
541 2.4e-06
542 3.2e-06
543 4e-06
544 1.8943e-06
545 8e-07
546 8e-07
547 8e-07
548 2.4e-06
549 8e-07
550 1.6e-06
551 0
552 8e-07
553 1.6e-06
554 0
555 1.6e-06
556 0
557 8e-07
558 8e-07
559 1.6e-06
560 1.6e-06
561 0
562 1.6e-06
563 1.6e-06
564 2.4e-06
565 0
566 2.4e-06
567 3.2e-06
568 1.6e-06
569 1.6e-06
570 0
571 0
572 8e-07
573 1.6e-06
574 1.6e-06
575 1.6e-06
576 3.2e-06
577 3.4943e-06
578 1.6e-06
579 0
580 1.6e-06
581 2.4e-06
582 1.6e-06
583 0
584 8e-07
585 8e-07
586 8e-07
587 8e-07
588 3.2e-06
589 3.2e-06
590 3.2e-06
591 2.4e-06
592 8e-07
593 8e-07
594 1.6e-06
595 1.6e-06
596 8e-07
597 1.6e-06
598 1.6e-06
599 8e-07
600 8e-07
601 0
602 0
603 8e-07
604 1.0943e-06
605 8e-07
606 2.4e-06
607 2.4e-06
608 2.4e-06
609 0
610 1.6e-06
611 4e-06
612 8e-07
613 1.6e-06
614 1.6e-06
615 1.6e-06
616 8e-07
617 4e-06
618 2.4e-06
619 2.4e-06
620 1.6e-06
621 2.4e-06
622 2.4e-06
623 2.4e-06
624 2.4e-06
625 2.4e-06
626 1.6e-06
627 8e-07
628 1.6e-06
629 8e-07
630 4e-06
631 1.6e-06
632 2.4e-06
633 2.4e-06
634 1.6e-06
635 1.6e-06
636 2.4e-06
637 3.2e-06
638 1.6e-06
639 3.2e-06
640 2.4e-06
641 2.4e-06
642 1.6e-06
643 0
644 8e-07
645 4e-06
646 3.2e-06
647 8e-07
648 3.2e-06
649 0
650 3.2e-06
651 2.4e-06
652 0
653 1.6e-06
654 8e-07
655 8e-07
656 4e-06
657 8e-07
658 4e-06
659 1.6e-06
660 8e-07
661 2.4e-06
662 1.6e-06
663 1.6e-06
664 1.6e-06
665 1.6e-06
666 0
667 8e-07
668 3.2e-06
669 0
670 1.6e-06
671 8e-07
672 1.6e-06
673 8e-07
674 1.6e-06
675 0
676 1.6e-06
677 1.6e-06
678 2.4e-06
679 8e-07
680 1.6e-06
681 2.4e-06
682 1.6e-06
683 1.6e-06
684 8e-07
685 8e-07
686 0
687 2.4e-06
688 1.0943e-06
689 0
690 3.2e-06
691 1.6e-06
692 2.4e-06
693 1.8943e-06
694 2.4e-06
695 0
696 2.6943e-06
697 5.6e-06
698 1.6e-06
699 1.6e-06
700 1.6e-06
701 0
702 3.2e-06
703 0
704 2.4e-06
705 2.4e-06
706 1.6e-06
707 0
708 1.6e-06
709 0
710 1.6e-06
711 0
712 8e-07
713 1.6e-06
714 1.6e-06
715 8e-07
716 3.2e-06
717 2.4e-06
718 1.6e-06
719 2.4e-06
720 0
721 3.2e-06
722 1.6e-06
723 8e-07
724 8e-07
725 1.6e-06
726 2.6943e-06
727 2.4e-06
728 8e-07
729 8e-07
730 8e-07
731 1.6e-06
732 1.6e-06
733 1.0943e-06
734 8e-07
735 2.4e-06
736 1.6e-06
737 8e-07
738 2.4e-06
739 1.6e-06
740 1.6e-06
741 1.6e-06
742 1.6e-06
743 2.4e-06
744 8e-07
745 0
746 3.2e-06
747 4e-06
748 4e-06
749 2.4e-06
750 8e-07
751 4e-06
752 1.0943e-06
753 1.6e-06
754 3.2e-06
755 2.4e-06
756 8e-07
757 2.4e-06
758 1.6e-06
759 4e-06
760 1.6e-06
761 1.6e-06
762 3.2e-06
763 2.4e-06
764 3.2e-06
765 8e-07
766 4e-06
767 1.6e-06
768 2.4e-06
769 3.2e-06
770 3.4943e-06
771 0
772 4e-06
773 2.94304e-07
774 4.8e-06
775 2.4e-06
776 1.6e-06
777 4.8e-06
778 0
779 2.4e-06
780 1.6e-06
781 8e-07
782 3.2e-06
783 2.4e-06
784 1.6e-06
785 0
786 2.4e-06
787 8e-07
788 8e-07
789 8e-07
790 8e-07
791 8e-07
792 4.8e-06
793 1.6e-06
794 8e-07
795 3.2e-06
796 8e-07
797 1.6e-06
798 8e-07
799 1.6e-06
800 4.8e-06
801 8e-07
802 2.4e-06
803 2.4e-06
804 1.6e-06
805 8e-07
806 1.6e-06
807 0
808 1.6e-06
809 2.4e-06
810 0
811 8e-07
812 1.6e-06
813 2.4e-06
814 0
815 1.6e-06
816 1.0943e-06
817 8e-07
818 8e-07
819 2.4e-06
820 8e-07
821 8e-07
822 5.6e-06
823 2.4e-06
824 2.4e-06
825 8e-07
826 2.4e-06
827 8e-07
828 1.6e-06
829 1.6e-06
830 2.4e-06
831 3.2e-06
832 3.2e-06
833 1.6e-06
834 2.6943e-06
835 1.6e-06
836 3.2e-06
837 2.4e-06
838 1.6e-06
839 2.4e-06
840 5.6e-06
841 1.6e-06
842 2.4e-06
843 3.2e-06
844 1.6e-06
845 4e-06
846 2.4e-06
847 2.4e-06
848 2.4e-06
849 1.6e-06
850 1.6e-06
851 1.8943e-06
852 2.4e-06
853 8e-07
854 8e-07
855 2.4e-06
856 4.8e-06
857 8e-07
858 2.4e-06
859 4.8e-06
860 1.6e-06
861 8e-07
862 3.2e-06
863 8e-07
864 8e-07
865 8e-07
866 8e-07
867 1.8943e-06
868 3.2e-06
869 1.6e-06
870 2.4e-06
871 8e-07
872 3.2e-06
873 3.2e-06
874 2.4e-06
875 1.6e-06
876 1.6e-06
877 4e-06
878 1.6e-06
879 1.6e-06
880 2.4e-06
881 8e-07
882 1.6e-06
883 8e-07
884 1.6e-06
885 3.2e-06
886 1.6e-06
887 8e-07
888 0
889 4e-06
890 3.2e-06
891 3.2e-06
892 3.2e-06
893 2.4e-06
894 1.6e-06
895 8e-07
896 1.6e-06
897 1.6e-06
898 8e-07
899 3.2e-06
900 1.6e-06
901 1.6e-06
902 8e-07
903 8e-07
904 3.2e-06
905 2.4e-06
906 1.6e-06
907 1.6e-06
908 3.2e-06
909 4e-06
910 4e-06
911 8e-07
912 4e-06
913 1.6e-06
914 2.4e-06
915 1.8943e-06
916 8e-07
917 3.2e-06
918 4e-06
919 1.6e-06
920 1.6e-06
921 4e-06
922 4.8e-06
923 1.6e-06
924 3.2e-06
925 1.6e-06
926 1.6e-06
927 3.2e-06
928 1.6e-06
929 3.2e-06
930 3.2e-06
931 8e-07
932 3.2e-06
933 8e-07
934 5.6e-06
935 1.6e-06
936 4.8e-06
937 4.2943e-06
938 8e-07
939 2.4e-06
940 3.2e-06
941 8e-07
942 3.2e-06
943 2.4e-06
944 3.2e-06
945 2.4e-06
946 1.6e-06
947 3.2e-06
948 1.8943e-06
949 2.4e-06
950 3.2e-06
951 2.4e-06
952 4e-06
953 4.8e-06
954 3.2e-06
955 3.2e-06
956 1.6e-06
957 6.4e-06
958 3.2e-06
959 2.4e-06
960 3.2e-06
961 1.6e-06
962 4e-06
963 4e-06
964 2.6943e-06
965 4e-06
966 2.4e-06
967 1.6e-06
968 6.4e-06
969 4.8e-06
970 3.2e-06
971 1.6e-06
972 2.4e-06
973 3.2e-06
974 4e-06
975 2.4e-06
976 4e-06
977 3.2e-06
978 8e-07
979 1.6e-06
980 7.2e-06
981 3.2e-06
982 8e-07
983 5.6e-06
984 1.0943e-06
985 8e-07
986 1.6e-06
987 1.6e-06
988 3.2e-06
989 1.6e-06
990 3.2e-06
991 3.4943e-06
992 3.2e-06
993 2.4e-06
994 4e-06
995 3.2e-06
996 4e-06
997 3.2e-06
998 1.6e-06
999 0
