0 0
1 1.168e-05
2 6.88e-06
3 5.88e-06
4 4.56e-06
5 3.56e-06
6 3.1596e-06
7 2.12e-06
8 2.88e-06
9 2.9596e-06
10 2.1596e-06
11 2.23881e-06
12 2.52e-06
13 2.04e-06
14 2.24e-06
15 1.88e-06
16 1.52e-06
17 1.8792e-06
18 1.4e-06
19 1.6e-06
20 1.76e-06
21 1.5192e-06
22 1.32e-06
23 1e-06
24 9.2e-07
25 1.28e-06
26 1.2396e-06
27 1.16e-06
28 1.28e-06
29 8.8e-07
30 1.08e-06
31 1.0396e-06
32 1.24e-06
33 9.6e-07
34 9.6e-07
35 1.1596e-06
36 1e-06
37 9.2e-07
38 1.2396e-06
39 8.4e-07
40 1e-06
41 4.8e-07
42 8e-07
43 7.6e-07
44 1.0796e-06
45 8e-07
46 8.8e-07
47 8.4e-07
48 8.8e-07
49 5.6e-07
50 8e-07
51 7.6e-07
52 4.4e-07
53 6.4e-07
54 9.2e-07
55 8e-07
56 5.99602e-07
57 7.2e-07
58 3.59602e-07
59 8.8e-07
60 4.39602e-07
61 6.8e-07
62 9.2e-07
63 9.19602e-07
64 9.6e-07
65 4.4e-07
66 7.2e-07
67 5.2e-07
68 7.2e-07
69 6.8e-07
70 8.4e-07
71 6.8e-07
72 7.2e-07
73 4.4e-07
74 4e-07
75 4.4e-07
76 6e-07
77 4.8e-07
78 6e-07
79 6.79602e-07
80 3.99602e-07
81 6.8e-07
82 8.39602e-07
83 5.6e-07
84 8e-07
85 6.39602e-07
86 4.4e-07
87 3.99602e-07
88 6.4e-07
89 4e-07
90 7.2e-07
91 4e-07
92 8e-07
93 4.4e-07
94 4e-07
95 5.6e-07
96 6e-07
97 4.4e-07
98 4.4e-07
99 5.2e-07
100 3.19602e-07
101 6e-07
102 5.99602e-07
103 2.8e-07
104 4.4e-07
105 4.79602e-07
106 2e-07
107 3.6e-07
108 4.4e-07
109 7.6e-07
110 5.19602e-07
111 5.19602e-07
112 3.59602e-07
113 5.6e-07
114 5.99602e-07
115 4e-07
116 3.59602e-07
117 3.19602e-07
118 6.39602e-07
119 4.8e-07
120 1.6e-07
121 4e-07
122 5.59602e-07
123 2.4e-07
124 2.8e-07
125 3.2e-07
126 4e-07
127 2.4e-07
128 3.6e-07
129 3.6e-07
130 2.8e-07
131 4.8e-07
132 4.8e-07
133 3.6e-07
134 5.2e-07
135 3.2e-07
136 4.4e-07
137 2.4e-07
138 5.59204e-07
139 4e-07
140 3.6e-07
141 2.8e-07
142 7.2e-07
143 5.99208e-07
144 3.2e-07
145 1.6e-07
146 4.8e-07
147 2e-07
148 2.4e-07
149 3.2e-07
150 5.2e-07
151 2e-07
152 3.19602e-07
153 2.8e-07
154 2e-07
155 3.6e-07
156 4e-07
157 3.99602e-07
158 1.99602e-07
159 5.99602e-07
160 2.8e-07
161 4.8e-07
162 5.6e-07
163 4.4e-07
164 2e-07
165 2e-07
166 3.19602e-07
167 2e-07
168 3.2e-07
169 4.79602e-07
170 6.39602e-07
171 2.4e-07
172 1.6e-07
173 3.6e-07
174 2.8e-07
175 1.6e-07
176 2.4e-07
177 4.8e-07
178 4.4e-07
179 5.6e-07
180 4e-07
181 4.4e-07
182 2.8e-07
183 4e-07
184 1.2e-07
185 2.4e-07
186 4e-07
187 5.59602e-07
188 3.59602e-07
189 2e-07
190 4.8e-07
191 2.39602e-07
192 2.4e-07
193 2.8e-07
194 1.19602e-07
195 1.2e-07
196 2e-07
197 4e-07
198 8e-08
199 2.4e-07
200 4e-07
201 1.2e-07
202 3.2e-07
203 2e-07
204 2.8e-07
205 2.8e-07
206 2.4e-07
207 2e-07
208 2.4e-07
209 4e-08
210 2.4e-07
211 2e-07
212 4e-07
213 1.6e-07
214 2.4e-07
215 2.8e-07
216 2.4e-07
217 8e-08
218 3.2e-07
219 4e-07
220 3.6e-07
221 3.2e-07
222 3.6e-07
223 2e-07
224 2.8e-07
225 2e-07
226 1.6e-07
227 4e-07
228 3.2e-07
229 2.4e-07
230 2.4e-07
231 2.39602e-07
232 1.2e-07
233 2.4e-07
234 4.4e-07
235 3.2e-07
236 1.2e-07
237 1.2e-07
238 2.4e-07
239 2e-07
240 2.8e-07
241 1.6e-07
242 4e-08
243 3.99602e-07
244 3.6e-07
245 2.39602e-07
246 2.8e-07
247 2.4e-07
248 3.6e-07
249 2e-07
250 3.2e-07
251 4e-07
252 3.59602e-07
253 2.8e-07
254 2e-07
255 2e-07
256 4.4e-07
257 2.79602e-07
258 2.79602e-07
259 2.8e-07
260 1.6e-07
261 1.6e-07
262 1.6e-07
263 1.6e-07
264 1.6e-07
265 4.78806e-07
266 4e-07
267 4.8e-07
268 3.19602e-07
269 5.2e-07
270 2.8e-07
271 1.2e-07
272 1.6e-07
273 3.2e-07
274 8e-08
275 2.4e-07
276 4e-07
277 1.2e-07
278 2.8e-07
279 4e-08
280 1.99602e-07
281 2.8e-07
282 1.6e-07
283 2e-07
284 2.4e-07
285 1.2e-07
286 2.8e-07
287 3.2e-07
288 1.6e-07
289 2.4e-07
290 1.6e-07
291 2e-07
292 2e-07
293 3.6e-07
294 2.8e-07
295 3.19602e-07
296 8e-08
297 3.99602e-07
298 1.2e-07
299 3.6e-07
300 1.99602e-07
301 1.99602e-07
302 2e-07
303 1.6e-07
304 2e-07
305 2.4e-07
306 1.2e-07
307 1.6e-07
308 8e-08
309 2.8e-07
310 1.6e-07
311 3.6e-07
312 3.59602e-07
313 2e-07
314 2.4e-07
315 2.39602e-07
316 2.39602e-07
317 2.8e-07
318 4e-08
319 2.8e-07
320 1.2e-07
321 2.4e-07
322 1.2e-07
323 1.6e-07
324 8e-08
325 2.4e-07
326 2e-07
327 2.8e-07
328 1.99602e-07
329 2.79602e-07
330 3.19602e-07
331 2.4e-07
332 2.8e-07
333 2e-07
334 4.4e-07
335 2e-07
336 2e-07
337 1.6e-07
338 1.6e-07
339 1.2e-07
340 3.2e-07
341 4e-08
342 1.59602e-07
343 1.6e-07
344 4e-07
345 4e-07
346 4e-08
347 3.9602e-08
348 1.2e-07
349 3.6e-07
350 2.4e-07
351 2e-07
352 4e-08
353 2.8e-07
354 8e-08
355 2e-07
356 1.99602e-07
357 1.2e-07
358 8e-08
359 1.6e-07
360 1.99602e-07
361 2.4e-07
362 1.2e-07
363 4e-07
364 2e-07
365 2.4e-07
366 1.6e-07
367 2.4e-07
368 2e-07
369 1.2e-07
370 3.2e-07
371 1.6e-07
372 1.2e-07
373 2e-07
374 2.4e-07
375 1.59602e-07
376 2.8e-07
377 8e-08
378 1.6e-07
379 1.6e-07
380 2e-07
381 1.6e-07
382 1.6e-07
383 2e-07
384 2.4e-07
385 1.99602e-07
386 1.2e-07
387 1.59208e-07
388 4e-08
389 1.6e-07
390 8e-08
391 8e-08
392 8e-08
393 1.6e-07
394 2.8e-07
395 2e-07
396 2.39602e-07
397 2.79602e-07
398 2.8e-07
399 1.99602e-07
400 2e-07
401 1.2e-07
402 1.6e-07
403 2e-07
404 3.19602e-07
405 1.2e-07
406 2.39204e-07
407 2e-07
408 1.2e-07
409 1.19602e-07
410 2.4e-07
411 2.8e-07
412 2.4e-07
413 2e-07
414 1.2e-07
415 2.4e-07
416 2.79204e-07
417 1.2e-07
418 2.39602e-07
419 3.2e-07
420 8e-08
421 2.39602e-07
422 2.4e-07
423 1.2e-07
424 2e-07
425 1.99602e-07
426 4e-08
427 1.2e-07
428 2e-07
429 8e-08
430 1.6e-07
431 4e-08
432 2.4e-07
433 8e-08
434 2.8e-07
435 3.2e-07
436 1.59602e-07
437 3.2e-07
438 2.4e-07
439 2.8e-07
440 2e-07
441 1.99208e-07
442 2e-07
443 3.2e-07
444 7.9602e-08
445 4e-08
446 1.19602e-07
447 3.6e-07
448 1.2e-07
449 4.8e-07
450 8e-08
451 1.6e-07
452 2e-07
453 3.2e-07
454 2e-07
455 2e-07
456 2.4e-07
457 1.2e-07
458 4e-08
459 2e-07
460 1.6e-07
461 2e-07
462 1.59602e-07
463 1.6e-07
464 4e-08
465 1.2e-07
466 1.19602e-07
467 1.2e-07
468 8e-08
469 1.2e-07
470 8e-08
471 1.6e-07
472 8e-08
473 1.2e-07
474 1.2e-07
475 3.2e-07
476 1.6e-07
477 1.2e-07
478 2.4e-07
479 1.2e-07
480 1.6e-07
481 2e-07
482 4e-08
483 8e-08
484 2e-07
485 8e-08
486 1.6e-07
487 4e-07
488 1.6e-07
489 2.4e-07
490 1.6e-07
491 2.39602e-07
492 2.4e-07
493 1.2e-07
494 8e-08
495 1.59602e-07
496 2e-07
497 3.6e-07
498 1.2e-07
499 4e-08
500 1.6e-07
501 3.19602e-07
502 1.2e-07
503 1.6e-07
504 1.6e-07
505 1.6e-07
506 8e-08
507 4e-08
508 2.4e-07
509 2.8e-07
510 2e-07
511 1.2e-07
512 1.6e-07
513 8e-08
514 1.2e-07
515 2.4e-07
516 1.6e-07
517 1.59602e-07
518 1.6e-07
519 4e-08
520 1.2e-07
521 2.4e-07
522 2.39602e-07
523 2e-07
524 8e-08
525 2.79602e-07
526 8e-08
527 1.6e-07
528 2e-07
529 2e-07
530 2e-07
531 7.9602e-08
532 1.2e-07
533 1.6e-07
534 1.2e-07
535 4e-08
536 4e-08
537 2.8e-07
538 0
539 1.99602e-07
540 2.4e-07
541 1.2e-07
542 1.2e-07
543 1.99602e-07
544 8e-08
545 1.6e-07
546 1.2e-07
547 2.8e-07
548 2.4e-07
549 1.6e-07
550 1.6e-07
551 2e-07
552 2e-07
553 2.39204e-07
554 8e-08
555 3.9602e-08
556 2.79602e-07
557 4e-08
558 1.59602e-07
559 1.2e-07
560 2.39602e-07
561 8e-08
562 1.2e-07
563 8e-08
564 0
565 8e-08
566 0
567 1.2e-07
568 2e-07
569 1.6e-07
570 1.2e-07
571 1.2e-07
572 4e-08
573 2e-07
574 1.19204e-07
575 1.19602e-07
576 1.6e-07
577 4e-08
578 1.6e-07
579 1.2e-07
580 2e-07
581 4e-08
582 1.2e-07
583 1.6e-07
584 1.59602e-07
585 2.39602e-07
586 1.19602e-07
587 1.6e-07
588 1.6e-07
589 1.6e-07
590 8e-08
591 3.9602e-08
592 8e-08
593 1.19602e-07
594 2e-07
595 1.19602e-07
596 1.6e-07
597 4e-08
598 2.4e-07
599 1.19602e-07
600 2.8e-07
601 1.99602e-07
602 1.2e-07
603 1.2e-07
604 2.4e-07
605 1.6e-07
606 2.39602e-07
607 4e-08
608 1.19602e-07
609 4e-08
610 1.2e-07
611 1.2e-07
612 2e-07
613 1.2e-07
614 1.6e-07
615 8e-08
616 4e-08
617 8e-08
618 2e-07
619 1.2e-07
620 1.99602e-07
621 1.2e-07
622 2.39204e-07
623 1.2e-07
624 2e-07
625 8e-08
626 1.2e-07
627 1.6e-07
628 1.2e-07
629 4e-08
630 8e-08
631 8e-08
632 1.6e-07
633 1.6e-07
634 1.6e-07
635 2.4e-07
636 7.9602e-08
637 1.6e-07
638 4e-08
639 1.2e-07
640 1.2e-07
641 8e-08
642 8e-08
643 2.4e-07
644 1.2e-07
645 2e-07
646 8e-08
647 0
648 1.2e-07
649 2e-07
650 1.59204e-07
651 1.6e-07
652 4e-08
653 1.2e-07
654 1.2e-07
655 2e-07
656 1.6e-07
657 1.59602e-07
658 1.59208e-07
659 1.2e-07
660 1.6e-07
661 1.6e-07
662 8e-08
663 0
664 8e-08
665 8e-08
666 4e-08
667 2e-07
668 1.6e-07
669 8e-08
670 1.2e-07
671 8e-08
672 2.4e-07
673 1.2e-07
674 2.39602e-07
675 8e-08
676 1.6e-07
677 1.99602e-07
678 1.6e-07
679 3.19602e-07
680 7.9602e-08
681 1.6e-07
682 8e-08
683 8e-08
684 1.6e-07
685 4e-08
686 1.2e-07
687 8e-08
688 8e-08
689 1.2e-07
690 1.2e-07
691 3.9602e-08
692 2.8e-07
693 8e-08
694 8e-08
695 8e-08
696 3.9602e-08
697 8e-08
698 8e-08
699 1.2e-07
700 2e-07
701 4e-08
702 1.2e-07
703 4e-08
704 1.6e-07
705 2e-07
706 8e-08
707 4e-08
708 2e-07
709 1.6e-07
710 2.4e-07
711 8e-08
712 8e-08
713 1.6e-07
714 1.2e-07
715 1.2e-07
716 1.6e-07
717 1.2e-07
718 1.6e-07
719 2.4e-07
720 7.9602e-08
721 1.6e-07
722 2.8e-07
723 8e-08
724 2e-07
725 1.59602e-07
726 4e-08
727 4e-08
728 0
729 0
730 0
731 2.4e-07
732 8e-08
733 8e-08
734 2e-07
735 4e-08
736 2.79602e-07
737 2e-07
738 1.6e-07
739 1.59602e-07
740 4e-08
741 4e-08
742 1.2e-07
743 7.9602e-08
744 1.6e-07
745 1.6e-07
746 1.2e-07
747 4e-08
748 1.2e-07
749 1.6e-07
750 7.9602e-08
751 8e-08
752 8e-08
753 0
754 2e-07
755 4e-08
756 0
757 1.2e-07
758 0
759 1.2e-07
760 2e-07
761 4e-08
762 8e-08
763 1.59602e-07
764 0
765 2e-07
766 8e-08
767 8e-08
768 2e-07
769 0
770 1.99602e-07
771 2.4e-07
772 1.59204e-07
773 8e-08
774 8e-08
775 2.8e-07
776 1.6e-07
777 1.2e-07
778 1.19602e-07
779 1.6e-07
780 1.2e-07
781 2e-07
782 1.2e-07
783 1.59602e-07
784 1.6e-07
785 0
786 8e-08
787 1.2e-07
788 4e-08
789 8e-08
790 2.8e-07
791 4e-08
792 1.6e-07
793 2.4e-07
794 1.2e-07
795 1.2e-07
796 4e-08
797 4e-08
798 1.2e-07
799 1.6e-07
800 1.2e-07
801 4e-08
802 1.2e-07
803 0
804 1.2e-07
805 8e-08
806 1.19602e-07
807 1.2e-07
808 1.6e-07
809 4e-08
810 1.2e-07
811 4e-08
812 4e-08
813 7.9602e-08
814 8e-08
815 4e-08
816 1.6e-07
817 1.6e-07
818 1.2e-07
819 8e-08
820 4e-08
821 2.4e-07
822 2e-07
823 4e-08
824 4e-08
825 1.6e-07
826 0
827 8e-08
828 4e-08
829 1.6e-07
830 1.2e-07
831 8e-08
832 2e-07
833 8e-08
834 2.4e-07
835 4e-08
836 4e-08
837 1.2e-07
838 1.6e-07
839 4e-08
840 4e-08
841 1.6e-07
842 1.2e-07
843 4e-08
844 1.2e-07
845 1.6e-07
846 1.2e-07
847 4e-08
848 8e-08
849 1.59602e-07
850 1.6e-07
851 2e-07
852 3.9602e-08
853 4e-08
854 1.2e-07
855 1.2e-07
856 1.6e-07
857 0
858 1.2e-07
859 1.6e-07
860 2e-07
861 1.2e-07
862 4e-08
863 8e-08
864 4e-08
865 1.19602e-07
866 1.2e-07
867 4e-08
868 2.4e-07
869 2.4e-07
870 1.6e-07
871 2e-07
872 4e-08
873 1.2e-07
874 8e-08
875 4e-08
876 8e-08
877 8e-08
878 1.6e-07
879 1.6e-07
880 7.9204e-08
881 2.4e-07
882 1.2e-07
883 1.6e-07
884 1.6e-07
885 1.2e-07
886 8e-08
887 1.99204e-07
888 1.6e-07
889 8e-08
890 1.2e-07
891 0
892 1.2e-07
893 2.8e-07
894 2.4e-07
895 4e-08
896 1.5881e-07
897 0
898 8e-08
899 8e-08
900 1.6e-07
901 1.2e-07
902 1.6e-07
903 4e-08
904 1.6e-07
905 8e-08
906 1.6e-07
907 1.2e-07
908 1.2e-07
909 0
910 8e-08
911 1.2e-07
912 1.2e-07
913 0
914 3.9602e-08
915 4e-08
916 0
917 7.9602e-08
918 1.2e-07
919 1.6e-07
920 1.58806e-07
921 1.2e-07
922 4e-08
923 1.2e-07
924 2.4e-07
925 0
926 8e-08
927 8e-08
928 1.59602e-07
929 4e-08
930 2.79602e-07
931 4e-08
932 2.4e-07
933 1.2e-07
934 1.6e-07
935 1.2e-07
936 8e-08
937 4e-08
938 1.2e-07
939 8e-08
940 4e-08
941 4e-08
942 8e-08
943 8e-08
944 1.6e-07
945 1.2e-07
946 8e-08
947 1.2e-07
948 0
949 4e-08
950 4e-08
951 1.6e-07
952 1.6e-07
953 4e-08
954 4e-08
955 4e-08
956 4e-08
957 1.19602e-07
958 1.19602e-07
959 8e-08
960 1.2e-07
961 1.6e-07
962 0
963 1.6e-07
964 4e-08
965 4e-08
966 1.2e-07
967 2.39602e-07
968 8e-08
969 4e-08
970 0
971 8e-08
972 8e-08
973 0
974 8e-08
975 1.6e-07
976 4e-08
977 1.2e-07
978 8e-08
979 8e-08
980 2e-07
981 4e-08
982 4e-08
983 4e-08
984 8e-08
985 8e-08
986 8e-08
987 4e-08
988 4e-08
989 8e-08
990 4e-08
991 0
992 2e-07
993 1.19602e-07
994 4e-08
995 1.19602e-07
996 4e-08
997 8e-08
998 1.59602e-07
999 0
