0 0
1 0.000536
2 0.000553472
3 0.00042
4 0.000356
5 0.00034
6 0.000332
7 0.000309472
8 0.000277472
9 0.00024
10 0.000236
11 0.000184
12 0.000241472
13 0.0002
14 0.000148
15 0.00016
16 0.000148
17 0.000144
18 0.000121472
19 8.54715e-05
20 0.000121472
21 0.000136
22 0.000132
23 0.000116
24 0.000132
25 8.54715e-05
26 0.000116
27 0.000164
28 8.8e-05
29 0.0001
30 0.0001
31 0.000104
32 8.54715e-05
33 8.4e-05
34 8e-05
35 0.000113472
36 7.2e-05
37 9.2e-05
38 9.6e-05
39 6.8e-05
40 6.8e-05
41 0.0001
42 5.6e-05
43 0.0001
44 8.8e-05
45 8e-05
46 0.0001
47 9.2e-05
48 6.8e-05
49 6.8e-05
50 9.34715e-05
51 8e-05
52 5.34715e-05
53 4.4e-05
54 4.4e-05
55 6.4e-05
56 8e-05
57 6.8e-05
58 6.4e-05
59 6.4e-05
60 3.2e-05
61 6.4e-05
62 4.94715e-05
63 8.4e-05
64 5.2e-05
65 6.4e-05
66 5.74715e-05
67 3.6e-05
68 6.8e-05
69 7.34715e-05
70 7.4943e-05
71 9.2e-05
72 5.6e-05
73 6.54715e-05
74 6e-05
75 5.0943e-05
76 6.4e-05
77 6e-05
78 6.4e-05
79 6.4e-05
80 5.6e-05
81 5.2e-05
82 6.6943e-05
83 6.8e-05
84 5.2e-05
85 4.4e-05
86 5.74715e-05
87 2.8e-05
88 5.2e-05
89 3.34715e-05
90 7.2e-05
91 2.94715e-05
92 4.94715e-05
93 4.14715e-05
94 6.4e-05
95 3.74715e-05
96 5.2e-05
97 5.6e-05
98 5.0943e-05
99 4.94715e-05
100 3.2e-05
101 4.8e-05
102 4.8e-05
103 4.54715e-05
104 5.2e-05
105 2.4e-05
106 7.2e-05
107 4e-05
108 4.8e-05
109 4e-05
110 3.2e-05
111 2.8e-05
112 4e-05
113 2.8e-05
114 6.4e-05
115 4e-05
116 2.54715e-05
117 4.94715e-05
118 2.8e-05
119 6e-05
120 3.34715e-05
121 3.6e-05
122 3.2e-05
123 4.94715e-05
124 3.6e-05
125 3.6e-05
126 5.2e-05
127 3.2e-05
128 2.94715e-05
129 2.8e-05
130 2e-05
131 3.74715e-05
132 4e-05
133 3.6e-05
134 7.6e-05
135 5.2e-05
136 3.6e-05
137 4.4e-05
138 5.6e-05
139 2.14715e-05
140 3.2e-05
141 4.54715e-05
142 4e-05
143 3.74715e-05
144 5.2e-05
145 4e-05
146 4e-05
147 5.6e-05
148 4.4e-05
149 1.6e-05
150 5.8943e-05
151 4.14715e-05
152 4e-05
153 6e-05
154 4e-05
155 4.14715e-05
156 2.4e-05
157 5.2e-05
158 2.14715e-05
159 3.74715e-05
160 4e-05
161 2.8e-05
162 4e-05
163 3.6e-05
164 3.2e-05
165 5.0943e-05
166 4.14715e-05
167 3.34715e-05
168 3.2e-05
169 2.4e-05
170 4.14715e-05
171 4.54715e-05
172 3.6e-05
173 4.54715e-05
174 2e-05
175 2e-05
176 5.2e-05
177 2.8e-05
178 3.34715e-05
179 2.4e-05
180 4e-05
181 2e-05
182 3.2e-05
183 1.6e-05
184 2.4e-05
185 4e-05
186 4e-05
187 2.54715e-05
188 2.8e-05
189 2e-05
190 3.2e-05
191 1.6e-05
192 1.2e-05
193 3.2e-05
194 4e-05
195 3.2e-05
196 2.94715e-05
197 2.4e-05
198 3.2e-05
199 2e-05
200 1.6e-05
201 2.8e-05
202 1.2e-05
203 3.2e-05
204 3.2e-05
205 5.2e-05
206 2.54715e-05
207 2e-05
208 2e-05
209 2.4e-05
210 2.14715e-05
211 2.4e-05
212 3.6e-05
213 1.6e-05
214 2e-05
215 2e-05
216 2.8e-05
217 3.2e-05
218 2.8e-05
219 2.4e-05
220 1.2e-05
221 1.74715e-05
222 3.2e-05
223 3.6e-05
224 3.2e-05
225 2e-05
226 2e-05
227 2.4e-05
228 1.34715e-05
229 1.2e-05
230 3.6e-05
231 4.4e-05
232 2e-05
233 1.2e-05
234 3.34715e-05
235 3.6e-05
236 2.4e-05
237 2.14715e-05
238 2.4e-05
239 2.8e-05
240 2.4e-05
241 1.74715e-05
242 2.4e-05
243 8e-06
244 2.4e-05
245 1.74715e-05
246 2e-05
247 1.74715e-05
248 2.4e-05
249 4e-05
250 2.14715e-05
251 3.2e-05
252 4.4e-05
253 4e-05
254 4e-05
255 8e-06
256 1.74715e-05
257 1.2e-05
258 2e-05
259 3.6e-05
260 2e-05
261 3.6e-05
262 2e-05
263 2.4e-05
264 1.6e-05
265 2e-05
266 2.4e-05
267 2.4e-05
268 4e-06
269 1.74715e-05
270 1.6e-05
271 4.4e-05
272 8e-06
273 3.74715e-05
274 2.4e-05
275 2e-05
276 4.54715e-05
277 2.8e-05
278 2.54715e-05
279 8e-06
280 1.2e-05
281 2.4e-05
282 5.47152e-06
283 3.6e-05
284 3.6e-05
285 4.4e-05
286 2e-05
287 2e-05
288 2.4e-05
289 2e-05
290 8e-06
291 3.2e-05
292 1.6e-05
293 2.54715e-05
294 2.4e-05
295 1.6e-05
296 2e-05
297 2e-05
298 3.2e-05
299 1.6e-05
300 2.8e-05
301 2.4e-05
302 3.2e-05
303 1.6e-05
304 2e-05
305 1.6e-05
306 3.2e-05
307 8e-06
308 2e-05
309 8e-06
310 1.2e-05
311 2e-05
312 2.14715e-05
313 2.54715e-05
314 1.2e-05
315 2.94715e-05
316 2.8e-05
317 2.8e-05
318 1.2e-05
319 1.6e-05
320 2.4e-05
321 1.6e-05
322 2.4e-05
323 2.4e-05
324 2e-05
325 1.2e-05
326 1.34715e-05
327 0
328 3.2e-05
329 2.4e-05
330 2e-05
331 2.4e-05
332 8e-06
333 2.4e-05
334 2.4e-05
335 1.6e-05
336 2e-05
337 4.4e-05
338 1.6e-05
339 1.2e-05
340 2.8e-05
341 2.4e-05
342 4e-06
343 2.4e-05
344 8e-06
345 2.8e-05
346 1.8943e-05
347 3.6e-05
348 8e-06
349 2e-05
350 2e-05
351 1.6e-05
352 1.2e-05
353 1.2e-05
354 1.2e-05
355 3.65413e-05
356 4.4e-05
357 1.6e-05
358 1.74715e-05
359 2.8e-05
360 0
361 2e-05
362 8e-06
363 2e-05
364 1.6e-05
365 2.8e-05
366 3.74715e-05
367 2e-05
368 2e-05
369 2.4e-05
370 4e-06
371 2.4e-05
372 2e-05
373 2.54715e-05
374 4e-06
375 1.2e-05
376 1.6e-05
377 1.34715e-05
378 0
379 1.2e-05
380 1.6e-05
381 2.4e-05
382 1.6e-05
383 1.2e-05
384 1.2e-05
385 1.6e-05
386 1.34715e-05
387 2.4e-05
388 2e-05
389 2e-05
390 1.2e-05
391 2e-05
392 8e-06
393 2e-05
394 1.6e-05
395 2.4e-05
396 1.2e-05
397 1.2e-05
398 2.4e-05
399 2.4e-05
400 8e-06
401 3.2e-05
402 1.2e-05
403 1.6e-05
404 2e-05
405 1.6e-05
406 1.6e-05
407 2.4e-05
408 8e-06
409 2.4e-05
410 1.6e-05
411 1.6e-05
412 9.47152e-06
413 2e-05
414 1.74715e-05
415 4e-06
416 2.4e-05
417 1.2e-05
418 2.14715e-05
419 8e-06
420 1.2e-05
421 1.34715e-05
422 1.2e-05
423 8e-06
424 4e-06
425 1.2e-05
426 1.6e-05
427 1.80129e-05
428 4e-05
429 4e-06
430 1.2e-05
431 2.14715e-05
432 4.8e-05
433 8e-06
434 2.8e-05
435 9.47152e-06
436 2.4e-05
437 2e-05
438 2.8e-05
439 1.34715e-05
440 8e-06
441 2.8e-05
442 1.2e-05
443 0
444 1.6e-05
445 4e-06
446 2.8e-05
447 1.6e-05
448 8e-06
449 2e-05
450 8e-06
451 1.6e-05
452 8e-06
453 2e-05
454 1.6e-05
455 8e-06
456 4e-06
457 8e-06
458 2e-05
459 4e-06
460 1.6e-05
461 2e-05
462 1.6e-05
463 5.47152e-06
464 1.6e-05
465 1.2e-05
466 2.8e-05
467 1.6e-05
468 2e-05
469 8e-06
470 1.2e-05
471 3.2e-05
472 1.6e-05
473 1.2e-05
474 2e-05
475 2.4e-05
476 1.2e-05
477 1.2e-05
478 2.8e-05
479 1.2e-05
480 2.4e-05
481 1.2e-05
482 3.2e-05
483 4e-06
484 2.4e-05
485 2.4e-05
486 8e-06
487 2e-05
488 8e-06
489 2.54715e-05
490 2.4e-05
491 2.4e-05
492 1.6e-05
493 2.14715e-05
494 2e-05
495 2.54715e-05
496 1.2e-05
497 2.8e-05
498 1.6e-05
499 2e-05
500 1.2e-05
501 8e-06
502 2e-05
503 0
504 1.2e-05
505 2e-05
506 1.2e-05
507 8e-06
508 1.2e-05
509 1.2e-05
510 1.34715e-05
511 1.6e-05
512 2e-05
513 1.47152e-06
514 1.6e-05
515 8e-06
516 2.8e-05
517 1.6e-05
518 8e-06
519 2e-05
520 2e-05
521 8e-06
522 2.8e-05
523 1.74715e-05
524 8.54134e-06
525 2e-05
526 4e-06
527 4e-06
528 2.4e-05
529 4e-06
530 8e-06
531 1.6e-05
532 1.34715e-05
533 2e-05
534 3.34715e-05
535 1.74715e-05
536 2.4e-05
537 2.8e-05
538 4e-06
539 1.74715e-05
540 1.6e-05
541 2.54715e-05
542 2.4e-05
543 3.2e-05
544 0
545 9.47152e-06
546 2.14715e-05
547 1.6e-05
548 8e-06
549 2e-05
550 2e-05
551 2e-05
552 2e-05
553 2.14715e-05
554 4e-06
555 1.74715e-05
556 8e-06
557 2.8e-05
558 1.6e-05
559 1.2e-05
560 4e-06
561 2.4e-05
562 4e-06
563 4e-06
564 1.2e-05
565 5.47152e-06
566 3.6e-05
567 8e-06
568 1.34715e-05
569 8e-06
570 4e-06
571 5.47152e-06
572 2.4e-05
573 8e-06
574 8e-06
575 2e-05
576 1.2e-05
577 1.2e-05
578 2.8e-05
579 8e-06
580 2e-05
581 1.2e-05
582 8e-06
583 1.2e-05
584 8e-06
585 2e-05
586 2e-05
587 0
588 8e-06
589 1.6e-05
590 4e-06
591 1.2e-05
592 1.6e-05
593 1.6e-05
594 4e-06
595 2e-05
596 1.34715e-05
597 1.2e-05
598 9.47152e-06
599 1.2e-05
600 8e-06
601 2.8e-05
602 1.6e-05
603 8e-06
604 2.8e-05
605 2e-05
606 4e-06
607 1.6e-05
608 2.94715e-05
609 2e-05
610 1.2e-05
611 1.74715e-05
612 8e-06
613 1.6e-05
614 1.2e-05
615 1.2e-05
616 0
617 2e-05
618 1.6e-05
619 8e-06
620 8e-06
621 1.2e-05
622 9.47152e-06
623 8e-06
624 2.8e-05
625 3.2e-05
626 1.6e-05
627 1.0943e-05
628 1.2e-05
629 1.2e-05
630 1.6e-05
631 2e-05
632 1.74715e-05
633 8e-06
634 4e-06
635 1.2e-05
636 2.4e-05
637 1.2e-05
638 1.6e-05
639 8e-06
640 1.2e-05
641 8e-06
642 3.6e-05
643 1.2e-05
644 1.2e-05
645 2.4e-05
646 1.74715e-05
647 2.8e-05
648 1.6e-05
649 2.4e-05
650 1.6e-05
651 4e-06
652 1.2e-05
653 1.2e-05
654 1.34715e-05
655 4e-06
656 1.6e-05
657 4e-06
658 6.94304e-06
659 4e-06
660 4e-06
661 4e-06
662 1.25413e-05
663 1.6e-05
664 1.2e-05
665 8e-06
666 2e-05
667 8e-06
668 8e-06
669 4e-06
670 1.6e-05
671 8e-06
672 2.14715e-05
673 1.34715e-05
674 4e-06
675 1.6e-05
676 4e-06
677 1.2e-05
678 1.2e-05
679 8e-06
680 8e-06
681 1.2e-05
682 8e-06
683 5.47152e-06
684 1.2e-05
685 9.47152e-06
686 1.2e-05
687 4e-06
688 8e-06
689 1.2e-05
690 1.34715e-05
691 1.6e-05
692 4e-06
693 4e-06
694 2e-05
695 2.4e-05
696 2.14715e-05
697 8e-06
698 8e-06
699 4e-06
700 8e-06
701 1.74715e-05
702 8e-06
703 0
704 8e-06
705 2e-05
706 8e-06
707 1.2e-05
708 8e-06
709 8e-06
710 8e-06
711 1.6e-05
712 0
713 4e-06
714 2.8e-05
715 8e-06
716 1.2e-05
717 0
718 2.4e-05
719 2.4e-05
720 1.2e-05
721 1.2e-05
722 4e-06
723 1.6e-05
724 0
725 1.74715e-05
726 4e-06
727 8e-06
728 1.6e-05
729 1.2e-05
730 8e-06
731 1.34715e-05
732 1.2e-05
733 2e-05
734 8e-06
735 1.2e-05
736 4e-06
737 1.6e-05
738 2e-05
739 8e-06
740 1.2e-05
741 4e-06
742 1.6e-05
743 4e-06
744 8e-06
745 4e-06
746 1.2e-05
747 2.8e-05
748 1.2e-05
749 2e-05
750 1.6e-05
751 1.2e-05
752 1.34715e-05
753 1.2e-05
754 8e-06
755 1.6e-05
756 5.47152e-06
757 1.6e-05
758 8e-06
759 5.47152e-06
760 8e-06
761 1.2e-05
762 1.2e-05
763 3.2e-05
764 2e-05
765 1.2e-05
766 8e-06
767 8e-06
768 8e-06
769 9.47152e-06
770 1.2e-05
771 9.47152e-06
772 8e-06
773 8e-06
774 1.6e-05
775 4e-06
776 1.2e-05
777 1.2e-05
778 8e-06
779 1.4943e-05
780 8e-06
781 4e-06
782 4e-06
783 1.2e-05
784 2e-05
785 1.2e-05
786 1.4943e-05
787 8e-06
788 2e-05
789 8e-06
790 2e-05
791 4e-06
792 0
793 4e-06
794 1.6e-05
795 8e-06
796 1.2e-05
797 4e-06
798 2e-05
799 1.6e-05
800 8e-06
801 1.2e-05
802 8e-06
803 8e-06
804 8e-06
805 5.47152e-06
806 1.2e-05
807 8e-06
808 2e-05
809 8e-06
810 8e-06
811 2.4e-05
812 1.6e-05
813 8e-06
814 1.2e-05
815 8e-06
816 8e-06
817 1.6e-05
818 2.8e-05
819 2.14715e-05
820 1.2e-05
821 1.2e-05
822 1.6e-05
823 2.8e-05
824 2.8e-05
825 0
826 0
827 1.6e-05
828 1.2e-05
829 2.4e-05
830 1.6e-05
831 1.74715e-05
832 9.47152e-06
833 1.6e-05
834 1.2e-05
835 9.47152e-06
836 1.6e-05
837 0
838 1.6e-05
839 5.47152e-06
840 3.2e-05
841 1.2e-05
842 2e-05
843 4e-06
844 1.2e-05
845 1.2e-05
846 1.2e-05
847 1.2e-05
848 0
849 4e-06
850 0
851 8e-06
852 8e-06
853 0
854 8e-06
855 1.2e-05
856 1.6e-05
857 1.2e-05
858 1.6e-05
859 5.47152e-06
860 1.6e-05
861 2e-05
862 4e-06
863 8e-06
864 2e-05
865 1.6e-05
866 1.6e-05
867 8e-06
868 1.6e-05
869 1.2e-05
870 0
871 0
872 8e-06
873 8e-06
874 1.2e-05
875 1.6e-05
876 2e-05
877 1.6e-05
878 1.2e-05
879 4e-06
880 0
881 2e-05
882 1.2e-05
883 4e-06
884 9.47152e-06
885 1.6e-05
886 2e-05
887 4e-06
888 1.2e-05
889 1.6e-05
890 2.4e-05
891 2e-05
892 8e-06
893 1.2e-05
894 4e-06
895 1.6e-05
896 1.6e-05
897 1.2e-05
898 0
899 1.2e-05
900 0
901 8e-06
902 2.4e-05
903 5.47152e-06
904 1.2e-05
905 0
906 1.2e-05
907 1.6e-05
908 1.34715e-05
909 4e-06
910 5.47152e-06
911 0
912 4e-06
913 1.2e-05
914 4e-06
915 1.6e-05
916 0
917 1.6e-05
918 4e-06
919 1.6e-05
920 8e-06
921 4e-06
922 4e-06
923 8e-06
924 8e-06
925 4e-06
926 8e-06
927 4e-06
928 1.2e-05
929 4e-06
930 8e-06
931 8e-06
932 1.2e-05
933 4e-06
934 9.47152e-06
935 8e-06
936 1.2e-05
937 4e-06
938 8e-06
939 8e-06
940 4e-06
941 1.74715e-05
942 5.47152e-06
943 1.34715e-05
944 4e-06
945 1.2e-05
946 0
947 4e-06
948 1.6e-05
949 2.54715e-05
950 5.47152e-06
951 8e-06
952 1.6e-05
953 5.47152e-06
954 1.6e-05
955 9.47152e-06
956 4e-06
957 9.47152e-06
958 8e-06
959 8e-06
960 4e-06
961 8e-06
962 1.6e-05
963 8e-06
964 2e-05
965 1.2e-05
966 4e-06
967 4e-06
968 2.4e-05
969 8e-06
970 5.47152e-06
971 0
972 8e-06
973 4e-06
974 0
975 1.2e-05
976 4e-06
977 5.47152e-06
978 3.2e-05
979 8e-06
980 1.2e-05
981 8e-06
982 1.2e-05
983 4e-06
984 4e-06
985 8e-06
986 4e-06
987 0
988 5.47152e-06
989 8e-06
990 8e-06
991 4e-06
992 2e-05
993 0
994 2.4e-05
995 1.6e-05
996 4e-06
997 5.47152e-06
998 4e-06
999 0
