0 0
1 5.36e-06
2 5.5596e-06
3 4.2e-06
4 3.56e-06
5 3.4e-06
6 3.32e-06
7 3.1196e-06
8 2.7996e-06
9 2.4e-06
10 2.36e-06
11 1.84e-06
12 2.4396e-06
13 2e-06
14 1.48e-06
15 1.6e-06
16 1.48e-06
17 1.44e-06
18 1.2396e-06
19 8.79602e-07
20 1.2396e-06
21 1.36e-06
22 1.32e-06
23 1.16e-06
24 1.32e-06
25 8.79602e-07
26 1.16e-06
27 1.64e-06
28 8.8e-07
29 1e-06
30 1e-06
31 1.04e-06
32 8.79602e-07
33 8.4e-07
34 8e-07
35 1.1596e-06
36 7.2e-07
37 9.2e-07
38 9.6e-07
39 6.8e-07
40 6.8e-07
41 1e-06
42 5.6e-07
43 1e-06
44 8.8e-07
45 8e-07
46 1e-06
47 9.2e-07
48 6.8e-07
49 6.8e-07
50 9.59602e-07
51 8e-07
52 5.59602e-07
53 4.4e-07
54 4.4e-07
55 6.4e-07
56 8e-07
57 6.8e-07
58 6.4e-07
59 6.4e-07
60 3.2e-07
61 6.4e-07
62 5.19602e-07
63 8.4e-07
64 5.2e-07
65 6.4e-07
66 5.99602e-07
67 3.6e-07
68 6.8e-07
69 7.59602e-07
70 7.99204e-07
71 9.2e-07
72 5.6e-07
73 6.79602e-07
74 6e-07
75 5.59204e-07
76 6.4e-07
77 6e-07
78 6.4e-07
79 6.4e-07
80 5.6e-07
81 5.2e-07
82 7.19204e-07
83 6.8e-07
84 5.2e-07
85 4.4e-07
86 5.99602e-07
87 2.8e-07
88 5.2e-07
89 3.59602e-07
90 7.2e-07
91 3.19602e-07
92 5.19602e-07
93 4.39602e-07
94 6.4e-07
95 3.99602e-07
96 5.2e-07
97 5.6e-07
98 5.59204e-07
99 5.19602e-07
100 3.2e-07
101 4.8e-07
102 4.8e-07
103 4.79602e-07
104 5.2e-07
105 2.4e-07
106 7.2e-07
107 4e-07
108 4.8e-07
109 4e-07
110 3.2e-07
111 2.8e-07
112 4e-07
113 2.8e-07
114 6.4e-07
115 4e-07
116 2.79602e-07
117 5.19602e-07
118 2.8e-07
119 6e-07
120 3.59602e-07
121 3.6e-07
122 3.2e-07
123 5.19602e-07
124 3.6e-07
125 3.6e-07
126 5.2e-07
127 3.2e-07
128 3.19602e-07
129 2.8e-07
130 2e-07
131 3.99602e-07
132 4e-07
133 3.6e-07
134 7.6e-07
135 5.2e-07
136 3.6e-07
137 4.4e-07
138 5.6e-07
139 2.39602e-07
140 3.2e-07
141 4.79602e-07
142 4e-07
143 3.99602e-07
144 5.2e-07
145 4e-07
146 4e-07
147 5.6e-07
148 4.4e-07
149 1.6e-07
150 6.39204e-07
151 4.39602e-07
152 4e-07
153 6e-07
154 4e-07
155 4.39602e-07
156 2.4e-07
157 5.2e-07
158 2.39602e-07
159 3.99602e-07
160 4e-07
161 2.8e-07
162 4e-07
163 3.6e-07
164 3.2e-07
165 5.59204e-07
166 4.39602e-07
167 3.59602e-07
168 3.2e-07
169 2.4e-07
170 4.39602e-07
171 4.79602e-07
172 3.6e-07
173 4.79602e-07
174 2e-07
175 2e-07
176 5.2e-07
177 2.8e-07
178 3.59602e-07
179 2.4e-07
180 4e-07
181 2e-07
182 3.2e-07
183 1.6e-07
184 2.4e-07
185 4e-07
186 4e-07
187 2.79602e-07
188 2.8e-07
189 2e-07
190 3.2e-07
191 1.6e-07
192 1.2e-07
193 3.2e-07
194 4e-07
195 3.2e-07
196 3.19602e-07
197 2.4e-07
198 3.2e-07
199 2e-07
200 1.6e-07
201 2.8e-07
202 1.2e-07
203 3.2e-07
204 3.2e-07
205 5.2e-07
206 2.79602e-07
207 2e-07
208 2e-07
209 2.4e-07
210 2.39602e-07
211 2.4e-07
212 3.6e-07
213 1.6e-07
214 2e-07
215 2e-07
216 2.8e-07
217 3.2e-07
218 2.8e-07
219 2.4e-07
220 1.2e-07
221 1.99602e-07
222 3.2e-07
223 3.6e-07
224 3.2e-07
225 2e-07
226 2e-07
227 2.4e-07
228 1.59602e-07
229 1.2e-07
230 3.6e-07
231 4.4e-07
232 2e-07
233 1.2e-07
234 3.59602e-07
235 3.6e-07
236 2.4e-07
237 2.39602e-07
238 2.4e-07
239 2.8e-07
240 2.4e-07
241 1.99602e-07
242 2.4e-07
243 8e-08
244 2.4e-07
245 1.99602e-07
246 2e-07
247 1.99602e-07
248 2.4e-07
249 4e-07
250 2.39602e-07
251 3.2e-07
252 4.4e-07
253 4e-07
254 4e-07
255 8e-08
256 1.99602e-07
257 1.2e-07
258 2e-07
259 3.6e-07
260 2e-07
261 3.6e-07
262 2e-07
263 2.4e-07
264 1.6e-07
265 2e-07
266 2.4e-07
267 2.4e-07
268 4e-08
269 1.99602e-07
270 1.6e-07
271 4.4e-07
272 8e-08
273 3.99602e-07
274 2.4e-07
275 2e-07
276 4.79602e-07
277 2.8e-07
278 2.79602e-07
279 8e-08
280 1.2e-07
281 2.4e-07
282 7.9602e-08
283 3.6e-07
284 3.6e-07
285 4.4e-07
286 2e-07
287 2e-07
288 2.4e-07
289 2e-07
290 8e-08
291 3.2e-07
292 1.6e-07
293 2.79602e-07
294 2.4e-07
295 1.6e-07
296 2e-07
297 2e-07
298 3.2e-07
299 1.6e-07
300 2.8e-07
301 2.4e-07
302 3.2e-07
303 1.6e-07
304 2e-07
305 1.6e-07
306 3.2e-07
307 8e-08
308 2e-07
309 8e-08
310 1.2e-07
311 2e-07
312 2.39602e-07
313 2.79602e-07
314 1.2e-07
315 3.19602e-07
316 2.8e-07
317 2.8e-07
318 1.2e-07
319 1.6e-07
320 2.4e-07
321 1.6e-07
322 2.4e-07
323 2.4e-07
324 2e-07
325 1.2e-07
326 1.59602e-07
327 0
328 3.2e-07
329 2.4e-07
330 2e-07
331 2.4e-07
332 8e-08
333 2.4e-07
334 2.4e-07
335 1.6e-07
336 2e-07
337 4.4e-07
338 1.6e-07
339 1.2e-07
340 2.8e-07
341 2.4e-07
342 4e-08
343 2.4e-07
344 8e-08
345 2.8e-07
346 2.39204e-07
347 3.6e-07
348 8e-08
349 2e-07
350 2e-07
351 1.6e-07
352 1.2e-07
353 1.2e-07
354 1.2e-07
355 3.99208e-07
356 4.4e-07
357 1.6e-07
358 1.99602e-07
359 2.8e-07
360 0
361 2e-07
362 8e-08
363 2e-07
364 1.6e-07
365 2.8e-07
366 3.99602e-07
367 2e-07
368 2e-07
369 2.4e-07
370 4e-08
371 2.4e-07
372 2e-07
373 2.79602e-07
374 4e-08
375 1.2e-07
376 1.6e-07
377 1.59602e-07
378 0
379 1.2e-07
380 1.6e-07
381 2.4e-07
382 1.6e-07
383 1.2e-07
384 1.2e-07
385 1.6e-07
386 1.59602e-07
387 2.4e-07
388 2e-07
389 2e-07
390 1.2e-07
391 2e-07
392 8e-08
393 2e-07
394 1.6e-07
395 2.4e-07
396 1.2e-07
397 1.2e-07
398 2.4e-07
399 2.4e-07
400 8e-08
401 3.2e-07
402 1.2e-07
403 1.6e-07
404 2e-07
405 1.6e-07
406 1.6e-07
407 2.4e-07
408 8e-08
409 2.4e-07
410 1.6e-07
411 1.6e-07
412 1.19602e-07
413 2e-07
414 1.99602e-07
415 4e-08
416 2.4e-07
417 1.2e-07
418 2.39602e-07
419 8e-08
420 1.2e-07
421 1.59602e-07
422 1.2e-07
423 8e-08
424 4e-08
425 1.2e-07
426 1.6e-07
427 2.3881e-07
428 4e-07
429 4e-08
430 1.2e-07
431 2.39602e-07
432 4.8e-07
433 8e-08
434 2.8e-07
435 1.19602e-07
436 2.4e-07
437 2e-07
438 2.8e-07
439 1.59602e-07
440 8e-08
441 2.8e-07
442 1.2e-07
443 0
444 1.6e-07
445 4e-08
446 2.8e-07
447 1.6e-07
448 8e-08
449 2e-07
450 8e-08
451 1.6e-07
452 8e-08
453 2e-07
454 1.6e-07
455 8e-08
456 4e-08
457 8e-08
458 2e-07
459 4e-08
460 1.6e-07
461 2e-07
462 1.6e-07
463 7.9602e-08
464 1.6e-07
465 1.2e-07
466 2.8e-07
467 1.6e-07
468 2e-07
469 8e-08
470 1.2e-07
471 3.2e-07
472 1.6e-07
473 1.2e-07
474 2e-07
475 2.4e-07
476 1.2e-07
477 1.2e-07
478 2.8e-07
479 1.2e-07
480 2.4e-07
481 1.2e-07
482 3.2e-07
483 4e-08
484 2.4e-07
485 2.4e-07
486 8e-08
487 2e-07
488 8e-08
489 2.79602e-07
490 2.4e-07
491 2.4e-07
492 1.6e-07
493 2.39602e-07
494 2e-07
495 2.79602e-07
496 1.2e-07
497 2.8e-07
498 1.6e-07
499 2e-07
500 1.2e-07
501 8e-08
502 2e-07
503 0
504 1.2e-07
505 2e-07
506 1.2e-07
507 8e-08
508 1.2e-07
509 1.2e-07
510 1.59602e-07
511 1.6e-07
512 2e-07
513 3.9602e-08
514 1.6e-07
515 8e-08
516 2.8e-07
517 1.6e-07
518 8e-08
519 2e-07
520 2e-07
521 8e-08
522 2.8e-07
523 1.99602e-07
524 1.19208e-07
525 2e-07
526 4e-08
527 4e-08
528 2.4e-07
529 4e-08
530 8e-08
531 1.6e-07
532 1.59602e-07
533 2e-07
534 3.59602e-07
535 1.99602e-07
536 2.4e-07
537 2.8e-07
538 4e-08
539 1.99602e-07
540 1.6e-07
541 2.79602e-07
542 2.4e-07
543 3.2e-07
544 0
545 1.19602e-07
546 2.39602e-07
547 1.6e-07
548 8e-08
549 2e-07
550 2e-07
551 2e-07
552 2e-07
553 2.39602e-07
554 4e-08
555 1.99602e-07
556 8e-08
557 2.8e-07
558 1.6e-07
559 1.2e-07
560 4e-08
561 2.4e-07
562 4e-08
563 4e-08
564 1.2e-07
565 7.9602e-08
566 3.6e-07
567 8e-08
568 1.59602e-07
569 8e-08
570 4e-08
571 7.9602e-08
572 2.4e-07
573 8e-08
574 8e-08
575 2e-07
576 1.2e-07
577 1.2e-07
578 2.8e-07
579 8e-08
580 2e-07
581 1.2e-07
582 8e-08
583 1.2e-07
584 8e-08
585 2e-07
586 2e-07
587 0
588 8e-08
589 1.6e-07
590 4e-08
591 1.2e-07
592 1.6e-07
593 1.6e-07
594 4e-08
595 2e-07
596 1.59602e-07
597 1.2e-07
598 1.19602e-07
599 1.2e-07
600 8e-08
601 2.8e-07
602 1.6e-07
603 8e-08
604 2.8e-07
605 2e-07
606 4e-08
607 1.6e-07
608 3.19602e-07
609 2e-07
610 1.2e-07
611 1.99602e-07
612 8e-08
613 1.6e-07
614 1.2e-07
615 1.2e-07
616 0
617 2e-07
618 1.6e-07
619 8e-08
620 8e-08
621 1.2e-07
622 1.19602e-07
623 8e-08
624 2.8e-07
625 3.2e-07
626 1.6e-07
627 1.59204e-07
628 1.2e-07
629 1.2e-07
630 1.6e-07
631 2e-07
632 1.99602e-07
633 8e-08
634 4e-08
635 1.2e-07
636 2.4e-07
637 1.2e-07
638 1.6e-07
639 8e-08
640 1.2e-07
641 8e-08
642 3.6e-07
643 1.2e-07
644 1.2e-07
645 2.4e-07
646 1.99602e-07
647 2.8e-07
648 1.6e-07
649 2.4e-07
650 1.6e-07
651 4e-08
652 1.2e-07
653 1.2e-07
654 1.59602e-07
655 4e-08
656 1.6e-07
657 4e-08
658 1.19204e-07
659 4e-08
660 4e-08
661 4e-08
662 1.59208e-07
663 1.6e-07
664 1.2e-07
665 8e-08
666 2e-07
667 8e-08
668 8e-08
669 4e-08
670 1.6e-07
671 8e-08
672 2.39602e-07
673 1.59602e-07
674 4e-08
675 1.6e-07
676 4e-08
677 1.2e-07
678 1.2e-07
679 8e-08
680 8e-08
681 1.2e-07
682 8e-08
683 7.9602e-08
684 1.2e-07
685 1.19602e-07
686 1.2e-07
687 4e-08
688 8e-08
689 1.2e-07
690 1.59602e-07
691 1.6e-07
692 4e-08
693 4e-08
694 2e-07
695 2.4e-07
696 2.39602e-07
697 8e-08
698 8e-08
699 4e-08
700 8e-08
701 1.99602e-07
702 8e-08
703 0
704 8e-08
705 2e-07
706 8e-08
707 1.2e-07
708 8e-08
709 8e-08
710 8e-08
711 1.6e-07
712 0
713 4e-08
714 2.8e-07
715 8e-08
716 1.2e-07
717 0
718 2.4e-07
719 2.4e-07
720 1.2e-07
721 1.2e-07
722 4e-08
723 1.6e-07
724 0
725 1.99602e-07
726 4e-08
727 8e-08
728 1.6e-07
729 1.2e-07
730 8e-08
731 1.59602e-07
732 1.2e-07
733 2e-07
734 8e-08
735 1.2e-07
736 4e-08
737 1.6e-07
738 2e-07
739 8e-08
740 1.2e-07
741 4e-08
742 1.6e-07
743 4e-08
744 8e-08
745 4e-08
746 1.2e-07
747 2.8e-07
748 1.2e-07
749 2e-07
750 1.6e-07
751 1.2e-07
752 1.59602e-07
753 1.2e-07
754 8e-08
755 1.6e-07
756 7.9602e-08
757 1.6e-07
758 8e-08
759 7.9602e-08
760 8e-08
761 1.2e-07
762 1.2e-07
763 3.2e-07
764 2e-07
765 1.2e-07
766 8e-08
767 8e-08
768 8e-08
769 1.19602e-07
770 1.2e-07
771 1.19602e-07
772 8e-08
773 8e-08
774 1.6e-07
775 4e-08
776 1.2e-07
777 1.2e-07
778 8e-08
779 1.99204e-07
780 8e-08
781 4e-08
782 4e-08
783 1.2e-07
784 2e-07
785 1.2e-07
786 1.99204e-07
787 8e-08
788 2e-07
789 8e-08
790 2e-07
791 4e-08
792 0
793 4e-08
794 1.6e-07
795 8e-08
796 1.2e-07
797 4e-08
798 2e-07
799 1.6e-07
800 8e-08
801 1.2e-07
802 8e-08
803 8e-08
804 8e-08
805 7.9602e-08
806 1.2e-07
807 8e-08
808 2e-07
809 8e-08
810 8e-08
811 2.4e-07
812 1.6e-07
813 8e-08
814 1.2e-07
815 8e-08
816 8e-08
817 1.6e-07
818 2.8e-07
819 2.39602e-07
820 1.2e-07
821 1.2e-07
822 1.6e-07
823 2.8e-07
824 2.8e-07
825 0
826 0
827 1.6e-07
828 1.2e-07
829 2.4e-07
830 1.6e-07
831 1.99602e-07
832 1.19602e-07
833 1.6e-07
834 1.2e-07
835 1.19602e-07
836 1.6e-07
837 0
838 1.6e-07
839 7.9602e-08
840 3.2e-07
841 1.2e-07
842 2e-07
843 4e-08
844 1.2e-07
845 1.2e-07
846 1.2e-07
847 1.2e-07
848 0
849 4e-08
850 0
851 8e-08
852 8e-08
853 0
854 8e-08
855 1.2e-07
856 1.6e-07
857 1.2e-07
858 1.6e-07
859 7.9602e-08
860 1.6e-07
861 2e-07
862 4e-08
863 8e-08
864 2e-07
865 1.6e-07
866 1.6e-07
867 8e-08
868 1.6e-07
869 1.2e-07
870 0
871 0
872 8e-08
873 8e-08
874 1.2e-07
875 1.6e-07
876 2e-07
877 1.6e-07
878 1.2e-07
879 4e-08
880 0
881 2e-07
882 1.2e-07
883 4e-08
884 1.19602e-07
885 1.6e-07
886 2e-07
887 4e-08
888 1.2e-07
889 1.6e-07
890 2.4e-07
891 2e-07
892 8e-08
893 1.2e-07
894 4e-08
895 1.6e-07
896 1.6e-07
897 1.2e-07
898 0
899 1.2e-07
900 0
901 8e-08
902 2.4e-07
903 7.9602e-08
904 1.2e-07
905 0
906 1.2e-07
907 1.6e-07
908 1.59602e-07
909 4e-08
910 7.9602e-08
911 0
912 4e-08
913 1.2e-07
914 4e-08
915 1.6e-07
916 0
917 1.6e-07
918 4e-08
919 1.6e-07
920 8e-08
921 4e-08
922 4e-08
923 8e-08
924 8e-08
925 4e-08
926 8e-08
927 4e-08
928 1.2e-07
929 4e-08
930 8e-08
931 8e-08
932 1.2e-07
933 4e-08
934 1.19602e-07
935 8e-08
936 1.2e-07
937 4e-08
938 8e-08
939 8e-08
940 4e-08
941 1.99602e-07
942 7.9602e-08
943 1.59602e-07
944 4e-08
945 1.2e-07
946 0
947 4e-08
948 1.6e-07
949 2.79602e-07
950 7.9602e-08
951 8e-08
952 1.6e-07
953 7.9602e-08
954 1.6e-07
955 1.19602e-07
956 4e-08
957 1.19602e-07
958 8e-08
959 8e-08
960 4e-08
961 8e-08
962 1.6e-07
963 8e-08
964 2e-07
965 1.2e-07
966 4e-08
967 4e-08
968 2.4e-07
969 8e-08
970 7.9602e-08
971 0
972 8e-08
973 4e-08
974 0
975 1.2e-07
976 4e-08
977 7.9602e-08
978 3.2e-07
979 8e-08
980 1.2e-07
981 8e-08
982 1.2e-07
983 4e-08
984 4e-08
985 8e-08
986 4e-08
987 0
988 7.9602e-08
989 8e-08
990 8e-08
991 4e-08
992 2e-07
993 0
994 2.4e-07
995 1.6e-07
996 4e-08
997 7.9602e-08
998 4e-08
999 0
