0 0
1 5.6e-07
2 1e-06
3 1.52e-06
4 1.44e-06
5 1.7196e-06
6 1.96e-06
7 2.1996e-06
8 1.48e-06
9 1.56e-06
10 1.52e-06
11 1.88e-06
12 2.04e-06
13 1.7992e-06
14 2e-06
15 1.7192e-06
16 1.64e-06
17 1.48e-06
18 1.36e-06
19 1.4e-06
20 1.16e-06
21 1.28e-06
22 1.1996e-06
23 1e-06
24 1.5596e-06
25 1.04e-06
26 1.3196e-06
27 1.2e-06
28 1.1596e-06
29 7.19602e-07
30 1.08e-06
31 1.12e-06
32 9.19602e-07
33 1.28e-06
34 7.6e-07
35 8.8e-07
36 8.4e-07
37 8.8e-07
38 9.19602e-07
39 8e-07
40 8.4e-07
41 9.2e-07
42 9.6e-07
43 5.19602e-07
44 9.2e-07
45 8.8e-07
46 8e-07
47 8.79602e-07
48 5.59602e-07
49 5.2e-07
50 5.6e-07
51 9.6e-07
52 9.6e-07
53 8.4e-07
54 1e-06
55 6e-07
56 7.2e-07
57 6e-07
58 8e-07
59 8.4e-07
60 7.2e-07
61 3.2e-07
62 5.2e-07
63 7.2e-07
64 7.6e-07
65 9.6e-07
66 7.2e-07
67 6.4e-07
68 4.8e-07
69 4.8e-07
70 5.6e-07
71 7.6e-07
72 6.39602e-07
73 7.19204e-07
74 5.6e-07
75 7.2e-07
76 2e-07
77 4.4e-07
78 5.6e-07
79 7.2e-07
80 7.6e-07
81 5.2e-07
82 6.8e-07
83 4.8e-07
84 7.6e-07
85 3.2e-07
86 5.6e-07
87 4.4e-07
88 5.59602e-07
89 5.2e-07
90 6.39602e-07
91 6.4e-07
92 4.8e-07
93 4.4e-07
94 5.2e-07
95 5.6e-07
96 6.4e-07
97 3.6e-07
98 3.6e-07
99 5.6e-07
100 2e-07
101 4.39602e-07
102 2.8e-07
103 5.6e-07
104 5.19602e-07
105 4.4e-07
106 4e-07
107 7.6e-07
108 6.79602e-07
109 4.4e-07
110 3.6e-07
111 6.39204e-07
112 5.6e-07
113 4e-07
114 3.6e-07
115 4e-07
116 2.4e-07
117 3.19602e-07
118 4.4e-07
119 2.8e-07
120 2.4e-07
121 5.6e-07
122 4e-07
123 4.8e-07
124 6e-07
125 4.4e-07
126 4.4e-07
127 5.2e-07
128 5.2e-07
129 4.39602e-07
130 2.8e-07
131 6.8e-07
132 6.4e-07
133 4e-07
134 4.39602e-07
135 3.2e-07
136 4e-07
137 4e-07
138 9.19602e-07
139 4e-07
140 4e-07
141 3.6e-07
142 2.8e-07
143 4e-07
144 3.6e-07
145 6e-07
146 6e-07
147 4e-07
148 4.4e-07
149 2.8e-07
150 4.39602e-07
151 6e-07
152 3.99602e-07
153 3.59602e-07
154 3.2e-07
155 6e-07
156 2.39602e-07
157 3.19602e-07
158 2.8e-07
159 4.8e-07
160 3.2e-07
161 6.79602e-07
162 4e-07
163 4e-07
164 2e-07
165 3.59602e-07
166 5.2e-07
167 4.8e-07
168 3.2e-07
169 3.19602e-07
170 5.59602e-07
171 2e-07
172 2e-07
173 4e-07
174 4e-07
175 4.8e-07
176 3.6e-07
177 2.4e-07
178 4.39602e-07
179 3.2e-07
180 4.39602e-07
181 2e-07
182 4.4e-07
183 3.2e-07
184 4e-07
185 4e-07
186 1.2e-07
187 2e-07
188 2.8e-07
189 2.4e-07
190 3.6e-07
191 3.6e-07
192 5.2e-07
193 2.8e-07
194 3.2e-07
195 8e-08
196 2.4e-07
197 2.4e-07
198 1.6e-07
199 3.2e-07
200 1.6e-07
201 3.6e-07
202 3.2e-07
203 4.8e-07
204 2.39602e-07
205 3.2e-07
206 4.79602e-07
207 1.6e-07
208 3.59602e-07
209 2.8e-07
210 2.8e-07
211 5.2e-07
212 2.4e-07
213 4.4e-07
214 3.59602e-07
215 3.6e-07
216 2.4e-07
217 2.4e-07
218 5.2e-07
219 4.4e-07
220 3.19602e-07
221 1.99602e-07
222 2.4e-07
223 3.2e-07
224 1.2e-07
225 3.2e-07
226 6.4e-07
227 3.2e-07
228 2e-07
229 2.8e-07
230 1.6e-07
231 2.79602e-07
232 2e-07
233 2e-07
234 7.9602e-08
235 1.6e-07
236 2e-07
237 2.4e-07
238 4.8e-07
239 6.4e-07
240 3.6e-07
241 1.6e-07
242 5.19602e-07
243 2e-07
244 2.79602e-07
245 2.4e-07
246 2.4e-07
247 1.6e-07
248 2e-07
249 3.6e-07
250 1.2e-07
251 2e-07
252 2e-07
253 3.9602e-08
254 2.4e-07
255 2e-07
256 2.8e-07
257 2.8e-07
258 2.4e-07
259 2e-07
260 1.2e-07
261 1.99208e-07
262 3.2e-07
263 1.99602e-07
264 2.39208e-07
265 3.59602e-07
266 2.79602e-07
267 3.2e-07
268 3.6e-07
269 4.8e-07
270 2.4e-07
271 2e-07
272 1.6e-07
273 3.19602e-07
274 1.59602e-07
275 1.2e-07
276 1.2e-07
277 4.4e-07
278 2.39602e-07
279 3.2e-07
280 2.79602e-07
281 1.2e-07
282 1.2e-07
283 2.4e-07
284 8e-08
285 1.6e-07
286 2.8e-07
287 1.2e-07
288 2.8e-07
289 2.8e-07
290 1.6e-07
291 2.8e-07
292 2.4e-07
293 3.2e-07
294 3.6e-07
295 2.8e-07
296 8e-08
297 1.2e-07
298 1.59602e-07
299 2.4e-07
300 2.8e-07
301 2.4e-07
302 2.4e-07
303 2.4e-07
304 2.79602e-07
305 1.6e-07
306 1.6e-07
307 2.8e-07
308 2.4e-07
309 1.59602e-07
310 3.2e-07
311 7.9602e-08
312 3.6e-07
313 2.4e-07
314 1.6e-07
315 2.4e-07
316 1.6e-07
317 1.6e-07
318 2e-07
319 1.99602e-07
320 3.9881e-07
321 1.6e-07
322 1.2e-07
323 1.2e-07
324 2e-07
325 3.6e-07
326 1.6e-07
327 3.6e-07
328 1.2e-07
329 3.19602e-07
330 1.6e-07
331 1.59602e-07
332 1.2e-07
333 2e-07
334 8e-08
335 2.8e-07
336 1.6e-07
337 4e-08
338 1.2e-07
339 2.4e-07
340 4e-08
341 2.4e-07
342 2.4e-07
343 8e-08
344 3.2e-07
345 2.4e-07
346 1.6e-07
347 1.59602e-07
348 3.6e-07
349 2.8e-07
350 1.59602e-07
351 2.39602e-07
352 8e-08
353 4e-08
354 8e-08
355 2.8e-07
356 3.6e-07
357 4e-08
358 2.4e-07
359 8e-08
360 2.8e-07
361 1.2e-07
362 2.4e-07
363 3.99602e-07
364 2e-07
365 2.4e-07
366 1.2e-07
367 1.6e-07
368 3.59602e-07
369 2e-07
370 2.4e-07
371 1.2e-07
372 8e-08
373 1.6e-07
374 2.8e-07
375 2e-07
376 1.2e-07
377 3.2e-07
378 3.2e-07
379 3.6e-07
380 2e-07
381 3.19602e-07
382 1.99602e-07
383 1.2e-07
384 4e-08
385 2.4e-07
386 1.6e-07
387 1.2e-07
388 1.6e-07
389 2.8e-07
390 2e-07
391 2.4e-07
392 2.39602e-07
393 1.6e-07
394 1.2e-07
395 1.2e-07
396 1.19602e-07
397 1.6e-07
398 1.59602e-07
399 3.99602e-07
400 2e-07
401 8e-08
402 3.59602e-07
403 2e-07
404 2.4e-07
405 1.2e-07
406 3.6e-07
407 2.4e-07
408 2.8e-07
409 2.4e-07
410 2.8e-07
411 2.8e-07
412 2.79602e-07
413 1.6e-07
414 1.19602e-07
415 4e-08
416 2.8e-07
417 2e-07
418 1.6e-07
419 1.6e-07
420 2.8e-07
421 8e-08
422 8e-08
423 8e-08
424 1.6e-07
425 8e-08
426 8e-08
427 8e-08
428 1.6e-07
429 2e-07
430 8e-08
431 2.8e-07
432 1.6e-07
433 2.39602e-07
434 1.6e-07
435 1.2e-07
436 2.8e-07
437 1.2e-07
438 4.8e-07
439 2e-07
440 2.4e-07
441 1.6e-07
442 2.4e-07
443 1.6e-07
444 1.59602e-07
445 4e-08
446 2.4e-07
447 3.2e-07
448 3.19602e-07
449 2.4e-07
450 2e-07
451 8e-08
452 1.2e-07
453 1.2e-07
454 8e-08
455 2.8e-07
456 3.2e-07
457 2e-07
458 2.4e-07
459 3.6e-07
460 1.59602e-07
461 1.1881e-07
462 1.6e-07
463 8e-08
464 1.6e-07
465 1.2e-07
466 2.8e-07
467 1.59602e-07
468 1.2e-07
469 1.6e-07
470 2.4e-07
471 8e-08
472 8e-08
473 2e-07
474 1.2e-07
475 3.19602e-07
476 1.6e-07
477 2.79602e-07
478 8e-08
479 8e-08
480 1.6e-07
481 2.4e-07
482 2.8e-07
483 4e-08
484 1.6e-07
485 2e-07
486 4e-08
487 2.4e-07
488 2e-07
489 2e-07
490 2e-07
491 2.4e-07
492 2e-07
493 2.4e-07
494 1.99602e-07
495 1.2e-07
496 2.4e-07
497 2.4e-07
498 8e-08
499 4e-07
500 2e-07
501 2e-07
502 1.2e-07
503 4e-08
504 1.2e-07
505 4e-08
506 1.6e-07
507 1.2e-07
508 2e-07
509 2e-07
510 2.4e-07
511 1.2e-07
512 4.39602e-07
513 2e-07
514 4e-08
515 1.6e-07
516 1.2e-07
517 1.59602e-07
518 2.4e-07
519 1.6e-07
520 1.59602e-07
521 1.6e-07
522 1.2e-07
523 4e-08
524 1.2e-07
525 2.4e-07
526 8e-08
527 2.4e-07
528 1.59602e-07
529 2.8e-07
530 1.2e-07
531 2e-07
532 8e-08
533 1.6e-07
534 8e-08
535 2e-07
536 1.59602e-07
537 4e-08
538 4e-08
539 1.6e-07
540 1.2e-07
541 1.2e-07
542 1.2e-07
543 4e-08
544 1.2e-07
545 1.2e-07
546 8e-08
547 1.2e-07
548 4e-07
549 1.6e-07
550 0
551 8e-08
552 2.4e-07
553 1.2e-07
554 8e-08
555 4e-08
556 1.6e-07
557 1.2e-07
558 2.8e-07
559 4e-08
560 1.6e-07
561 8e-08
562 2.39602e-07
563 1.59602e-07
564 1.2e-07
565 2e-07
566 1.6e-07
567 1.59602e-07
568 1.2e-07
569 3.2e-07
570 1.2e-07
571 8e-08
572 2.8e-07
573 2e-07
574 2.8e-07
575 1.2e-07
576 1.2e-07
577 1.6e-07
578 4e-08
579 1.2e-07
580 0
581 1.6e-07
582 4e-08
583 2.4e-07
584 1.99204e-07
585 1.6e-07
586 1.6e-07
587 2.4e-07
588 1.6e-07
589 2e-07
590 8e-08
591 4e-08
592 2.8e-07
593 2.8e-07
594 2.4e-07
595 8e-08
596 3.2e-07
597 0
598 2.79602e-07
599 1.6e-07
600 8e-08
601 1.6e-07
602 1.2e-07
603 4e-08
604 1.19602e-07
605 1.6e-07
606 8e-08
607 4e-08
608 1.6e-07
609 2e-07
610 2e-07
611 2e-07
612 1.6e-07
613 1.2e-07
614 1.2e-07
615 8e-08
616 1.2e-07
617 2.8e-07
618 8e-08
619 0
620 8e-08
621 4e-08
622 2.8e-07
623 8e-08
624 8e-08
625 1.2e-07
626 2.8e-07
627 4e-08
628 8e-08
629 3.19602e-07
630 2.4e-07
631 4e-08
632 1.19602e-07
633 8e-08
634 1.6e-07
635 1.6e-07
636 1.2e-07
637 7.9602e-08
638 1.99602e-07
639 1.2e-07
640 1.19602e-07
641 1.2e-07
642 2.4e-07
643 4e-08
644 1.2e-07
645 8e-08
646 4e-08
647 2.4e-07
648 8e-08
649 8e-08
650 2.8e-07
651 2e-07
652 1.2e-07
653 1.6e-07
654 2e-07
655 2e-07
656 1.2e-07
657 8e-08
658 1.6e-07
659 7.9602e-08
660 2e-07
661 8e-08
662 2.4e-07
663 2e-07
664 2.8e-07
665 2.79602e-07
666 2.4e-07
667 1.2e-07
668 1.2e-07
669 8e-08
670 8e-08
671 1.6e-07
672 1.2e-07
673 1.6e-07
674 1.19204e-07
675 1.6e-07
676 1.2e-07
677 1.2e-07
678 1.2e-07
679 2.8e-07
680 1.6e-07
681 1.6e-07
682 1.59602e-07
683 2.8e-07
684 1.2e-07
685 1.99602e-07
686 1.2e-07
687 2e-07
688 1.2e-07
689 1.6e-07
690 8e-08
691 1.19602e-07
692 2e-07
693 8e-08
694 2e-07
695 2.39204e-07
696 1.6e-07
697 8e-08
698 8e-08
699 4e-08
700 4e-08
701 2.4e-07
702 8e-08
703 2.8e-07
704 8e-08
705 2e-07
706 8e-08
707 1.2e-07
708 4e-08
709 8e-08
710 1.6e-07
711 1.6e-07
712 2e-07
713 4e-08
714 1.2e-07
715 4e-08
716 2.4e-07
717 4e-08
718 1.6e-07
719 2e-07
720 1.19602e-07
721 2.4e-07
722 2.79602e-07
723 8e-08
724 2.8e-07
725 4e-08
726 4e-08
727 8e-08
728 2e-07
729 4e-08
730 1.6e-07
731 1.59602e-07
732 8e-08
733 4e-08
734 1.2e-07
735 7.9602e-08
736 1.2e-07
737 1.2e-07
738 1.2e-07
739 1.6e-07
740 1.2e-07
741 1.59602e-07
742 8e-08
743 1.2e-07
744 4e-08
745 1.2e-07
746 3.9602e-08
747 1.6e-07
748 1.59602e-07
749 8e-08
750 2.79602e-07
751 2e-07
752 1.6e-07
753 4e-08
754 8e-08
755 2e-07
756 1.6e-07
757 7.9602e-08
758 8e-08
759 1.2e-07
760 4e-08
761 8e-08
762 1.6e-07
763 1.2e-07
764 8e-08
765 2e-07
766 1.2e-07
767 7.9602e-08
768 2e-07
769 1.2e-07
770 1.2e-07
771 1.6e-07
772 2e-07
773 1.2e-07
774 8e-08
775 4e-08
776 1.99602e-07
777 1.2e-07
778 8e-08
779 2e-07
780 2e-07
781 1.59602e-07
782 8e-08
783 1.6e-07
784 2.8e-07
785 1.2e-07
786 8e-08
787 1.2e-07
788 8e-08
789 4e-08
790 2.4e-07
791 8e-08
792 2e-07
793 1.2e-07
794 2.4e-07
795 1.59602e-07
796 8e-08
797 8e-08
798 4e-08
799 1.2e-07
800 1.59602e-07
801 0
802 8e-08
803 1.6e-07
804 1.59602e-07
805 0
806 8e-08
807 1.6e-07
808 0
809 4e-08
810 1.19602e-07
811 8e-08
812 4e-08
813 1.6e-07
814 1.6e-07
815 8e-08
816 8e-08
817 1.2e-07
818 1.2e-07
819 1.2e-07
820 3.2e-07
821 8e-08
822 8e-08
823 2.4e-07
824 1.2e-07
825 1.2e-07
826 1.6e-07
827 4e-08
828 2e-07
829 1.6e-07
830 4e-08
831 1.2e-07
832 8e-08
833 1.6e-07
834 2e-07
835 1.6e-07
836 2e-07
837 1.6e-07
838 4e-08
839 1.6e-07
840 8e-08
841 1.6e-07
842 8e-08
843 8e-08
844 1.2e-07
845 1.2e-07
846 1.6e-07
847 8e-08
848 1.2e-07
849 1.6e-07
850 4e-08
851 1.59602e-07
852 1.2e-07
853 1.2e-07
854 8e-08
855 1.19602e-07
856 8e-08
857 0
858 0
859 2e-07
860 1.2e-07
861 8e-08
862 7.9602e-08
863 8e-08
864 8e-08
865 1.6e-07
866 2.4e-07
867 4e-08
868 1.2e-07
869 2.39602e-07
870 1.59602e-07
871 4e-08
872 4e-08
873 8e-08
874 2.4e-07
875 2.39602e-07
876 8e-08
877 1.6e-07
878 4e-08
879 1.6e-07
880 1.2e-07
881 8e-08
882 4e-08
883 4e-08
884 1.2e-07
885 2e-07
886 4e-08
887 1.6e-07
888 2.4e-07
889 4e-08
890 4e-08
891 8e-08
892 0
893 0
894 1.99602e-07
895 1.2e-07
896 8e-08
897 4e-08
898 4e-08
899 8e-08
900 1.6e-07
901 1.6e-07
902 1.6e-07
903 7.9204e-08
904 8e-08
905 1.6e-07
906 1.2e-07
907 1.2e-07
908 2.8e-07
909 0
910 2.4e-07
911 1.2e-07
912 8e-08
913 1.2e-07
914 4e-08
915 8e-08
916 8e-08
917 8e-08
918 2.4e-07
919 1.19602e-07
920 1.2e-07
921 4e-08
922 1.2e-07
923 8e-08
924 8e-08
925 4e-08
926 0
927 4e-08
928 4e-08
929 0
930 1.2e-07
931 8e-08
932 1.2e-07
933 4e-08
934 2e-07
935 8e-08
936 1.6e-07
937 2e-07
938 1.99204e-07
939 1.2e-07
940 8e-08
941 1.6e-07
942 1.6e-07
943 1.2e-07
944 8e-08
945 8e-08
946 4e-08
947 2e-07
948 1.6e-07
949 4e-08
950 4e-08
951 2.79602e-07
952 8e-08
953 8e-08
954 1.19602e-07
955 4e-08
956 1.2e-07
957 8e-08
958 4e-08
959 1.2e-07
960 8e-08
961 4e-08
962 4e-08
963 1.2e-07
964 1.6e-07
965 8e-08
966 2e-07
967 7.9602e-08
968 4e-08
969 1.2e-07
970 8e-08
971 8e-08
972 4e-08
973 8e-08
974 1.6e-07
975 2e-07
976 4e-08
977 4e-08
978 4e-08
979 1.19602e-07
980 1.6e-07
981 2e-07
982 1.6e-07
983 1.2e-07
984 4e-08
985 4e-08
986 0
987 1.6e-07
988 1.2e-07
989 1.2e-07
990 4e-08
991 1.59602e-07
992 8e-08
993 8e-08
994 4e-08
995 8e-08
996 1.2e-07
997 8e-08
998 0
999 0
