0 0
1 0.001156
2 0.000696
3 0.000438943
4 0.000488
5 0.000332
6 0.000396
7 0.000305472
8 0.000248
9 0.000221472
10 0.000241472
11 0.000201472
12 0.000232
13 0.000194943
14 0.000176
15 0.000192
16 0.000165472
17 0.000184
18 0.000113472
19 0.000156
20 0.000152
21 0.000112
22 8.8e-05
23 0.000128
24 0.000128
25 0.000124
26 7.6e-05
27 0.00014
28 0.000104
29 8.8e-05
30 0.000132
31 0.000117472
32 0.0001
33 9.2e-05
34 6.4e-05
35 0.00012
36 9.6e-05
37 8.54715e-05
38 9.6e-05
39 0.000109472
40 6.14715e-05
41 8.6943e-05
42 5.2e-05
43 8.94715e-05
44 5.2e-05
45 6.54715e-05
46 5.2e-05
47 4.4e-05
48 6.8e-05
49 0.000101472
50 6.8e-05
51 0.000104
52 8.94715e-05
53 6e-05
54 9.6e-05
55 5.2e-05
56 8e-05
57 4.4e-05
58 4.94715e-05
59 6.8e-05
60 6.14715e-05
61 6.4e-05
62 8.8e-05
63 6e-05
64 8.4e-05
65 0.000113472
66 7.34715e-05
67 3.74715e-05
68 5.6e-05
69 8.4e-05
70 7.2e-05
71 3.34715e-05
72 6.4e-05
73 7.2e-05
74 8e-05
75 7.2e-05
76 4.8e-05
77 2.8e-05
78 3.8943e-05
79 4.8e-05
80 5.2e-05
81 5.2e-05
82 4.8e-05
83 4.8e-05
84 6e-05
85 4.8e-05
86 4e-05
87 4.8e-05
88 7.2e-05
89 7.6e-05
90 6e-05
91 5.74715e-05
92 5.2e-05
93 4.8e-05
94 4.4e-05
95 4.8e-05
96 5.6e-05
97 4e-05
98 4.4e-05
99 6.94715e-05
100 5.2e-05
101 4e-05
102 5.6e-05
103 2.94715e-05
104 4.4e-05
105 6e-05
106 2.8e-05
107 5.6e-05
108 4.14715e-05
109 4.85413e-05
110 4e-05
111 4.8e-05
112 4.4e-05
113 4.8e-05
114 2.8e-05
115 4e-05
116 3.2e-05
117 5.2e-05
118 3.74715e-05
119 5.2e-05
120 2.8e-05
121 4.4e-05
122 4.8e-05
123 3.2e-05
124 2.8e-05
125 2.4e-05
126 5.6e-05
127 4.4e-05
128 4.4e-05
129 4.14715e-05
130 5.2e-05
131 7.34715e-05
132 5.34715e-05
133 3.6e-05
134 2.4e-05
135 4e-05
136 3.6e-05
137 5.0943e-05
138 3.34715e-05
139 2e-05
140 5.2e-05
141 4.4e-05
142 2e-05
143 6.4e-05
144 3.6e-05
145 4e-05
146 4e-05
147 2.8e-05
148 2.8e-05
149 4e-05
150 3.6e-05
151 5.2e-05
152 3.2e-05
153 3.2e-05
154 3.0943e-05
155 5.6e-05
156 4.8e-05
157 1.6e-05
158 3.2e-05
159 2.94715e-05
160 3.6e-05
161 4.8e-05
162 5.2e-05
163 3.34715e-05
164 3.6e-05
165 3.2e-05
166 8e-06
167 3.2e-05
168 2.94715e-05
169 2.8e-05
170 2.54715e-05
171 2.54715e-05
172 6.8e-05
173 1.2e-05
174 4.4e-05
175 4.4e-05
176 4e-05
177 4.54715e-05
178 4e-05
179 2e-05
180 3.2e-05
181 3.0943e-05
182 3.6e-05
183 4.8e-05
184 2.8e-05
185 2e-05
186 2.8e-05
187 6.4e-05
188 4.4e-05
189 4e-05
190 4.54715e-05
191 2.8e-05
192 2.8e-05
193 3.2e-05
194 1.2e-05
195 2e-05
196 6.8e-05
197 2.8e-05
198 3.2e-05
199 2.14715e-05
200 4.4e-05
201 4.4e-05
202 1.2e-05
203 2e-05
204 3.6e-05
205 2e-05
206 2.8e-05
207 3.2e-05
208 4e-05
209 2.8e-05
210 2.8e-05
211 3.6e-05
212 2.8e-05
213 3.6e-05
214 2.14715e-05
215 3.2e-05
216 1.2e-05
217 2.4e-05
218 2.94715e-05
219 2.54715e-05
220 3.8943e-05
221 2.4e-05
222 2e-05
223 3.2e-05
224 4.4e-05
225 4.8e-05
226 1.74715e-05
227 2.8e-05
228 1.6e-05
229 2.6943e-05
230 2.8e-05
231 3.2e-05
232 1.2e-05
233 4e-05
234 2.4e-05
235 4e-05
236 3.2e-05
237 2.8e-05
238 1.2e-05
239 3.2e-05
240 2.14715e-05
241 1.2e-05
242 2.8e-05
243 2.8e-05
244 3.2e-05
245 2.8e-05
246 2e-05
247 3.6e-05
248 8e-06
249 2.8e-05
250 2.14715e-05
251 5.47152e-06
252 2e-05
253 1.6e-05
254 1.6e-05
255 2e-05
256 1.2e-05
257 3.2e-05
258 2e-05
259 1.6e-05
260 2.14715e-05
261 3.6e-05
262 2.4e-05
263 2e-05
264 2.54715e-05
265 2.4e-05
266 1.6e-05
267 1.74715e-05
268 2.8e-05
269 1.6e-05
270 8e-06
271 2e-05
272 1.6e-05
273 2.4e-05
274 1.6e-05
275 2.4e-05
276 1.2e-05
277 2.14715e-05
278 3.2e-05
279 2.8e-05
280 4e-05
281 1.6e-05
282 2.4e-05
283 2.8e-05
284 1.6e-05
285 2.8e-05
286 2e-05
287 2.8e-05
288 8e-06
289 3.6e-05
290 1.6e-05
291 2.4e-05
292 2.8e-05
293 3.6e-05
294 1.6e-05
295 1.2e-05
296 1.34715e-05
297 4e-05
298 3.74715e-05
299 2.14715e-05
300 2e-05
301 2.2943e-05
302 1.6e-05
303 1.6e-05
304 8e-06
305 4e-05
306 1.6e-05
307 1.2e-05
308 1.6e-05
309 3.2e-05
310 2.4e-05
311 4.4e-05
312 2e-05
313 1.6e-05
314 8e-06
315 1.6e-05
316 4e-06
317 8e-06
318 2.4e-05
319 4e-06
320 2.4e-05
321 3.2e-05
322 2.8e-05
323 4.4e-05
324 1.2e-05
325 2.4e-05
326 1.2e-05
327 2.4e-05
328 2e-05
329 2.94715e-05
330 2.4e-05
331 1.6e-05
332 1.6e-05
333 2.4e-05
334 0
335 8e-06
336 2.8e-05
337 2.54715e-05
338 1.2e-05
339 2.4e-05
340 3.2e-05
341 1.34715e-05
342 1.2e-05
343 1.6e-05
344 2.4e-05
345 8e-06
346 3.2e-05
347 5.47152e-06
348 8e-06
349 1.8943e-05
350 1.6e-05
351 4e-06
352 2.4e-05
353 2e-05
354 2.14715e-05
355 4e-06
356 3.74715e-05
357 4e-06
358 1.2e-05
359 2.4e-05
360 2e-05
361 2.8e-05
362 2.4e-05
363 9.47152e-06
364 1.6e-05
365 3.2e-05
366 2.4e-05
367 1.6e-05
368 3.2e-05
369 1.34715e-05
370 1.34715e-05
371 2e-05
372 3.2e-05
373 1.2e-05
374 2.54715e-05
375 3.2e-05
376 3.6e-05
377 8e-06
378 0
379 8e-06
380 0
381 1.74715e-05
382 2.8e-05
383 1.2e-05
384 8e-06
385 9.47152e-06
386 8e-06
387 2.8e-05
388 4e-06
389 1.6e-05
390 1.2e-05
391 2.4e-05
392 2e-05
393 3.6e-05
394 1.2e-05
395 1.6e-05
396 2e-05
397 1.6e-05
398 1.2e-05
399 2.8e-05
400 8e-06
401 1.6e-05
402 2e-05
403 1.2e-05
404 1.2e-05
405 8e-06
406 8e-06
407 1.2e-05
408 2.14715e-05
409 1.6e-05
410 1.6e-05
411 1.2e-05
412 1.6e-05
413 3.6e-05
414 2e-05
415 1.6e-05
416 2.8e-05
417 1.2e-05
418 3.6e-05
419 2e-05
420 1.6e-05
421 1.6e-05
422 1.24146e-05
423 1.6e-05
424 8e-06
425 2.8e-05
426 1.2e-05
427 1.6e-05
428 2.8e-05
429 1.2e-05
430 2e-05
431 1.2e-05
432 1.2e-05
433 2.8e-05
434 1.6e-05
435 1.6e-05
436 1.2e-05
437 3.2e-05
438 1.2e-05
439 3.6e-05
440 1.6e-05
441 2.14715e-05
442 8e-06
443 2.4e-05
444 1.4943e-05
445 1.2e-05
446 1.6e-05
447 1.6e-05
448 1.2e-05
449 4.14715e-05
450 2.54715e-05
451 1.34715e-05
452 2e-05
453 2.4e-05
454 8e-06
455 1.6e-05
456 4e-06
457 8e-06
458 1.6e-05
459 2.4e-05
460 2.4e-05
461 2e-05
462 2.4e-05
463 8e-06
464 1.47152e-06
465 8e-06
466 2.94715e-05
467 1.6e-05
468 2.14715e-05
469 1.6e-05
470 3.6e-05
471 8e-06
472 2e-05
473 5.47152e-06
474 1.2e-05
475 2e-05
476 1.2e-05
477 8e-06
478 2.4e-05
479 2e-05
480 2.8e-05
481 1.2e-05
482 8e-06
483 2.4e-05
484 2e-05
485 2.4e-05
486 2.8e-05
487 8e-06
488 1.6e-05
489 1.6e-05
490 3.2e-05
491 1.6e-05
492 8e-06
493 2.8e-05
494 1.2e-05
495 2.8e-05
496 4e-06
497 1.2e-05
498 2.14715e-05
499 2.14715e-05
500 1.2e-05
501 1.2e-05
502 8e-06
503 4e-06
504 9.47152e-06
505 8e-06
506 4e-06
507 4e-06
508 1.8943e-05
509 2.54715e-05
510 2.8e-05
511 1.74715e-05
512 2.8e-05
513 2.8e-05
514 2.8e-05
515 4e-06
516 1.6e-05
517 2.8e-05
518 2.8e-05
519 4e-06
520 2.8e-05
521 1.2e-05
522 4e-06
523 5.47152e-06
524 2e-05
525 1.2e-05
526 2e-05
527 2.4e-05
528 8e-06
529 1.6e-05
530 2e-05
531 1.6e-05
532 2.4e-05
533 1.6e-05
534 1.2e-05
535 8e-06
536 8e-06
537 2.54715e-05
538 8e-06
539 2e-05
540 2.2943e-05
541 2e-05
542 2e-05
543 1.2e-05
544 8e-06
545 1.2e-05
546 1.6e-05
547 1.6e-05
548 3.2e-05
549 2.8e-05
550 2.4e-05
551 1.6e-05
552 4e-06
553 1.2e-05
554 1.6e-05
555 0
556 9.47152e-06
557 2.8e-05
558 1.2e-05
559 8e-06
560 1.2e-05
561 1.74715e-05
562 4e-06
563 1.6e-05
564 1.2e-05
565 9.47152e-06
566 8e-06
567 1.6e-05
568 8e-06
569 1.2e-05
570 2.8e-05
571 2e-05
572 1.6e-05
573 1.2e-05
574 5.47152e-06
575 1.6e-05
576 8e-06
577 4e-06
578 5.47152e-06
579 1.6e-05
580 8e-06
581 2.8e-05
582 2e-05
583 2.8e-05
584 0
585 1.2e-05
586 2.4e-05
587 4e-06
588 4e-06
589 3.34715e-05
590 1.6e-05
591 2e-05
592 2.8e-05
593 8e-06
594 3.34715e-05
595 1.2e-05
596 1.6e-05
597 9.47152e-06
598 8e-06
599 2e-05
600 2e-05
601 1.2e-05
602 1.6e-05
603 2.94715e-05
604 1.6e-05
605 1.6e-05
606 1.2e-05
607 4e-06
608 1.2e-05
609 1.6e-05
610 1.6e-05
611 1.6e-05
612 1.2e-05
613 1.2e-05
614 1.6e-05
615 8e-06
616 1.2e-05
617 1.2e-05
618 1.2e-05
619 4e-06
620 8e-06
621 1.2e-05
622 4e-05
623 2e-05
624 4e-06
625 1.6e-05
626 8e-06
627 8e-06
628 5.47152e-06
629 4e-06
630 1.2e-05
631 2e-05
632 1.74715e-05
633 4e-06
634 2e-05
635 1.2e-05
636 8e-06
637 8e-06
638 1.2e-05
639 1.2e-05
640 8e-06
641 1.6e-05
642 1.2e-05
643 1.6e-05
644 1.34715e-05
645 1.74715e-05
646 1.6e-05
647 8e-06
648 8e-06
649 4e-06
650 8e-06
651 1.6e-05
652 1.6e-05
653 2e-05
654 4e-06
655 4e-06
656 3.2e-05
657 2.4e-05
658 4e-06
659 8e-06
660 1.34715e-05
661 9.47152e-06
662 1.2e-05
663 1.6e-05
664 2.4e-05
665 4e-06
666 4e-06
667 2.4e-05
668 2e-05
669 8e-06
670 8e-06
671 8e-06
672 8e-06
673 8e-06
674 1.2e-05
675 1.2e-05
676 2e-05
677 1.74715e-05
678 1.74715e-05
679 1.6e-05
680 1.2e-05
681 8e-06
682 1.6e-05
683 8e-06
684 1.6e-05
685 1.2e-05
686 1.74715e-05
687 1.34715e-05
688 9.47152e-06
689 9.47152e-06
690 1.6e-05
691 4e-06
692 8e-06
693 1.2e-05
694 1.6e-05
695 2.4e-05
696 4e-06
697 2e-05
698 2e-05
699 1.6e-05
700 1.6e-05
701 4e-06
702 8e-06
703 1.6e-05
704 8e-06
705 1.2e-05
706 1.2e-05
707 2.4e-05
708 2.94715e-05
709 4e-06
710 8e-06
711 1.2e-05
712 9.47152e-06
713 2e-05
714 8e-06
715 4e-06
716 2.14715e-05
717 1.2e-05
718 1.34715e-05
719 8e-06
720 1.6e-05
721 5.47152e-06
722 1.2e-05
723 1.2e-05
724 8e-06
725 2e-05
726 4e-06
727 8e-06
728 8e-06
729 2e-05
730 2.4e-05
731 1.6e-05
732 0
733 2e-05
734 1.2e-05
735 1.2e-05
736 8e-06
737 8e-06
738 1.2e-05
739 1.2e-05
740 1.2e-05
741 8e-06
742 2e-05
743 8e-06
744 8e-06
745 4e-06
746 8e-06
747 0
748 9.47152e-06
749 8e-06
750 4e-06
751 2e-05
752 4e-06
753 2e-05
754 1.2e-05
755 4e-06
756 4e-06
757 4e-06
758 8e-06
759 8e-06
760 8e-06
761 1.2e-05
762 4e-06
763 8e-06
764 2.4e-05
765 1.6e-05
766 1.2e-05
767 1.2e-05
768 0
769 8e-06
770 1.6e-05
771 1.6e-05
772 8e-06
773 4e-06
774 1.2e-05
775 2e-05
776 1.6e-05
777 1.6e-05
778 8e-06
779 4e-06
780 1.47152e-06
781 1.2e-05
782 1.2e-05
783 8e-06
784 0
785 4e-06
786 4e-06
787 8e-06
788 4e-06
789 4e-06
790 0
791 2.4e-05
792 4e-06
793 4e-06
794 1.2e-05
795 1.6e-05
796 8e-06
797 1.6e-05
798 8e-06
799 1.2e-05
800 2e-05
801 8e-06
802 2.54715e-05
803 0
804 0
805 1.6e-05
806 8e-06
807 1.2e-05
808 8e-06
809 8e-06
810 1.2e-05
811 1.2e-05
812 8e-06
813 1.34715e-05
814 1.2e-05
815 8e-06
816 1.4943e-05
817 8e-06
818 8e-06
819 8e-06
820 1.6e-05
821 9.47152e-06
822 2.94304e-06
823 2e-05
824 1.2e-05
825 2e-05
826 0
827 4e-06
828 8e-06
829 0
830 2e-05
831 8e-06
832 8e-06
833 6.94304e-06
834 8e-06
835 1.2e-05
836 1.2e-05
837 1.6e-05
838 8e-06
839 1.2e-05
840 9.47152e-06
841 2e-05
842 1.6e-05
843 1.2e-05
844 8e-06
845 4e-06
846 8e-06
847 8e-06
848 4e-06
849 5.47152e-06
850 1.2e-05
851 9.47152e-06
852 1.34715e-05
853 4e-06
854 1.2e-05
855 1.2e-05
856 2e-05
857 1.2e-05
858 8e-06
859 8e-06
860 8e-06
861 2e-05
862 1.6e-05
863 4e-06
864 4e-06
865 8e-06
866 8e-06
867 8e-06
868 0
869 8e-06
870 2e-05
871 1.2e-05
872 0
873 1.2e-05
874 1.2e-05
875 2.4e-05
876 1.2e-05
877 4e-06
878 1.2e-05
879 1.34715e-05
880 1.2e-05
881 2e-05
882 1.6e-05
883 8e-06
884 1.2e-05
885 5.47152e-06
886 1.2e-05
887 2.14715e-05
888 8e-06
889 1.6e-05
890 8e-06
891 1.2e-05
892 8e-06
893 1.6e-05
894 8e-06
895 0
896 8e-06
897 1.2e-05
898 8e-06
899 1.74715e-05
900 4e-06
901 4e-06
902 4e-06
903 2.8e-05
904 1.34715e-05
905 8e-06
906 8e-06
907 1.6e-05
908 2e-05
909 4e-06
910 1.6e-05
911 0
912 8.54134e-06
913 1.2e-05
914 2e-05
915 4e-06
916 1.2e-05
917 8e-06
918 4e-06
919 8e-06
920 1.6e-05
921 8e-06
922 4e-06
923 1.2e-05
924 1.6e-05
925 1.2e-05
926 4e-06
927 8e-06
928 1.6e-05
929 4e-06
930 5.47152e-06
931 2.4e-05
932 1.2e-05
933 1.2e-05
934 8.54134e-06
935 1.6e-05
936 1.6e-05
937 1.2e-05
938 4e-06
939 1.34715e-05
940 8e-06
941 8e-06
942 8e-06
943 2e-05
944 8e-06
945 8e-06
946 8e-06
947 4e-06
948 0
949 1.2e-05
950 8e-06
951 1.2e-05
952 1.34715e-05
953 1.2e-05
954 8e-06
955 8e-06
956 5.47152e-06
957 1.2e-05
958 0
959 4.54134e-06
960 8e-06
961 1.34715e-05
962 8e-06
963 8e-06
964 8e-06
965 8e-06
966 4e-06
967 1.6e-05
968 1.47152e-06
969 4e-06
970 1.2e-05
971 8e-06
972 1.2e-05
973 1.2e-05
974 2.4e-05
975 4e-06
976 0
977 2e-05
978 1.74715e-05
979 4e-06
980 8e-06
981 8e-06
982 8e-06
983 1.74715e-05
984 4e-06
985 8e-06
986 1.2e-05
987 8e-06
988 4e-06
989 9.47152e-06
990 1.34715e-05
991 8e-06
992 1.6e-05
993 1.6e-05
994 2e-05
995 8e-06
996 1.6e-05
997 4e-06
998 8e-06
999 0
