0 0
1 5.6e-05
2 0.0001
3 0.000152
4 0.000144
5 0.000169472
6 0.000196
7 0.000217472
8 0.000148
9 0.000156
10 0.000152
11 0.000188
12 0.000204
13 0.000174943
14 0.0002
15 0.000166943
16 0.000164
17 0.000148
18 0.000136
19 0.00014
20 0.000116
21 0.000128
22 0.000117472
23 0.0001
24 0.000153472
25 0.000104
26 0.000129472
27 0.00012
28 0.000113472
29 6.94715e-05
30 0.000108
31 0.000112
32 8.94715e-05
33 0.000128
34 7.6e-05
35 8.8e-05
36 8.4e-05
37 8.8e-05
38 8.94715e-05
39 8e-05
40 8.4e-05
41 9.2e-05
42 9.6e-05
43 4.94715e-05
44 9.2e-05
45 8.8e-05
46 8e-05
47 8.54715e-05
48 5.34715e-05
49 5.2e-05
50 5.6e-05
51 9.6e-05
52 9.6e-05
53 8.4e-05
54 0.0001
55 6e-05
56 7.2e-05
57 6e-05
58 8e-05
59 8.4e-05
60 7.2e-05
61 3.2e-05
62 5.2e-05
63 7.2e-05
64 7.6e-05
65 9.6e-05
66 7.2e-05
67 6.4e-05
68 4.8e-05
69 4.8e-05
70 5.6e-05
71 7.6e-05
72 6.14715e-05
73 6.6943e-05
74 5.6e-05
75 7.2e-05
76 2e-05
77 4.4e-05
78 5.6e-05
79 7.2e-05
80 7.6e-05
81 5.2e-05
82 6.8e-05
83 4.8e-05
84 7.6e-05
85 3.2e-05
86 5.6e-05
87 4.4e-05
88 5.34715e-05
89 5.2e-05
90 6.14715e-05
91 6.4e-05
92 4.8e-05
93 4.4e-05
94 5.2e-05
95 5.6e-05
96 6.4e-05
97 3.6e-05
98 3.6e-05
99 5.6e-05
100 2e-05
101 4.14715e-05
102 2.8e-05
103 5.6e-05
104 4.94715e-05
105 4.4e-05
106 4e-05
107 7.6e-05
108 6.54715e-05
109 4.4e-05
110 3.6e-05
111 5.8943e-05
112 5.6e-05
113 4e-05
114 3.6e-05
115 4e-05
116 2.4e-05
117 2.94715e-05
118 4.4e-05
119 2.8e-05
120 2.4e-05
121 5.6e-05
122 4e-05
123 4.8e-05
124 6e-05
125 4.4e-05
126 4.4e-05
127 5.2e-05
128 5.2e-05
129 4.14715e-05
130 2.8e-05
131 6.8e-05
132 6.4e-05
133 4e-05
134 4.14715e-05
135 3.2e-05
136 4e-05
137 4e-05
138 8.94715e-05
139 4e-05
140 4e-05
141 3.6e-05
142 2.8e-05
143 4e-05
144 3.6e-05
145 6e-05
146 6e-05
147 4e-05
148 4.4e-05
149 2.8e-05
150 4.14715e-05
151 6e-05
152 3.74715e-05
153 3.34715e-05
154 3.2e-05
155 6e-05
156 2.14715e-05
157 2.94715e-05
158 2.8e-05
159 4.8e-05
160 3.2e-05
161 6.54715e-05
162 4e-05
163 4e-05
164 2e-05
165 3.34715e-05
166 5.2e-05
167 4.8e-05
168 3.2e-05
169 2.94715e-05
170 5.34715e-05
171 2e-05
172 2e-05
173 4e-05
174 4e-05
175 4.8e-05
176 3.6e-05
177 2.4e-05
178 4.14715e-05
179 3.2e-05
180 4.14715e-05
181 2e-05
182 4.4e-05
183 3.2e-05
184 4e-05
185 4e-05
186 1.2e-05
187 2e-05
188 2.8e-05
189 2.4e-05
190 3.6e-05
191 3.6e-05
192 5.2e-05
193 2.8e-05
194 3.2e-05
195 8e-06
196 2.4e-05
197 2.4e-05
198 1.6e-05
199 3.2e-05
200 1.6e-05
201 3.6e-05
202 3.2e-05
203 4.8e-05
204 2.14715e-05
205 3.2e-05
206 4.54715e-05
207 1.6e-05
208 3.34715e-05
209 2.8e-05
210 2.8e-05
211 5.2e-05
212 2.4e-05
213 4.4e-05
214 3.34715e-05
215 3.6e-05
216 2.4e-05
217 2.4e-05
218 5.2e-05
219 4.4e-05
220 2.94715e-05
221 1.74715e-05
222 2.4e-05
223 3.2e-05
224 1.2e-05
225 3.2e-05
226 6.4e-05
227 3.2e-05
228 2e-05
229 2.8e-05
230 1.6e-05
231 2.54715e-05
232 2e-05
233 2e-05
234 5.47152e-06
235 1.6e-05
236 2e-05
237 2.4e-05
238 4.8e-05
239 6.4e-05
240 3.6e-05
241 1.6e-05
242 4.94715e-05
243 2e-05
244 2.54715e-05
245 2.4e-05
246 2.4e-05
247 1.6e-05
248 2e-05
249 3.6e-05
250 1.2e-05
251 2e-05
252 2e-05
253 1.47152e-06
254 2.4e-05
255 2e-05
256 2.8e-05
257 2.8e-05
258 2.4e-05
259 2e-05
260 1.2e-05
261 1.65413e-05
262 3.2e-05
263 1.74715e-05
264 2.05413e-05
265 3.34715e-05
266 2.54715e-05
267 3.2e-05
268 3.6e-05
269 4.8e-05
270 2.4e-05
271 2e-05
272 1.6e-05
273 2.94715e-05
274 1.34715e-05
275 1.2e-05
276 1.2e-05
277 4.4e-05
278 2.14715e-05
279 3.2e-05
280 2.54715e-05
281 1.2e-05
282 1.2e-05
283 2.4e-05
284 8e-06
285 1.6e-05
286 2.8e-05
287 1.2e-05
288 2.8e-05
289 2.8e-05
290 1.6e-05
291 2.8e-05
292 2.4e-05
293 3.2e-05
294 3.6e-05
295 2.8e-05
296 8e-06
297 1.2e-05
298 1.34715e-05
299 2.4e-05
300 2.8e-05
301 2.4e-05
302 2.4e-05
303 2.4e-05
304 2.54715e-05
305 1.6e-05
306 1.6e-05
307 2.8e-05
308 2.4e-05
309 1.34715e-05
310 3.2e-05
311 5.47152e-06
312 3.6e-05
313 2.4e-05
314 1.6e-05
315 2.4e-05
316 1.6e-05
317 1.6e-05
318 2e-05
319 1.74715e-05
320 3.40129e-05
321 1.6e-05
322 1.2e-05
323 1.2e-05
324 2e-05
325 3.6e-05
326 1.6e-05
327 3.6e-05
328 1.2e-05
329 2.94715e-05
330 1.6e-05
331 1.34715e-05
332 1.2e-05
333 2e-05
334 8e-06
335 2.8e-05
336 1.6e-05
337 4e-06
338 1.2e-05
339 2.4e-05
340 4e-06
341 2.4e-05
342 2.4e-05
343 8e-06
344 3.2e-05
345 2.4e-05
346 1.6e-05
347 1.34715e-05
348 3.6e-05
349 2.8e-05
350 1.34715e-05
351 2.14715e-05
352 8e-06
353 4e-06
354 8e-06
355 2.8e-05
356 3.6e-05
357 4e-06
358 2.4e-05
359 8e-06
360 2.8e-05
361 1.2e-05
362 2.4e-05
363 3.74715e-05
364 2e-05
365 2.4e-05
366 1.2e-05
367 1.6e-05
368 3.34715e-05
369 2e-05
370 2.4e-05
371 1.2e-05
372 8e-06
373 1.6e-05
374 2.8e-05
375 2e-05
376 1.2e-05
377 3.2e-05
378 3.2e-05
379 3.6e-05
380 2e-05
381 2.94715e-05
382 1.74715e-05
383 1.2e-05
384 4e-06
385 2.4e-05
386 1.6e-05
387 1.2e-05
388 1.6e-05
389 2.8e-05
390 2e-05
391 2.4e-05
392 2.14715e-05
393 1.6e-05
394 1.2e-05
395 1.2e-05
396 9.47152e-06
397 1.6e-05
398 1.34715e-05
399 3.74715e-05
400 2e-05
401 8e-06
402 3.34715e-05
403 2e-05
404 2.4e-05
405 1.2e-05
406 3.6e-05
407 2.4e-05
408 2.8e-05
409 2.4e-05
410 2.8e-05
411 2.8e-05
412 2.54715e-05
413 1.6e-05
414 9.47152e-06
415 4e-06
416 2.8e-05
417 2e-05
418 1.6e-05
419 1.6e-05
420 2.8e-05
421 8e-06
422 8e-06
423 8e-06
424 1.6e-05
425 8e-06
426 8e-06
427 8e-06
428 1.6e-05
429 2e-05
430 8e-06
431 2.8e-05
432 1.6e-05
433 2.14715e-05
434 1.6e-05
435 1.2e-05
436 2.8e-05
437 1.2e-05
438 4.8e-05
439 2e-05
440 2.4e-05
441 1.6e-05
442 2.4e-05
443 1.6e-05
444 1.34715e-05
445 4e-06
446 2.4e-05
447 3.2e-05
448 2.94715e-05
449 2.4e-05
450 2e-05
451 8e-06
452 1.2e-05
453 1.2e-05
454 8e-06
455 2.8e-05
456 3.2e-05
457 2e-05
458 2.4e-05
459 3.6e-05
460 1.34715e-05
461 6.01286e-06
462 1.6e-05
463 8e-06
464 1.6e-05
465 1.2e-05
466 2.8e-05
467 1.34715e-05
468 1.2e-05
469 1.6e-05
470 2.4e-05
471 8e-06
472 8e-06
473 2e-05
474 1.2e-05
475 2.94715e-05
476 1.6e-05
477 2.54715e-05
478 8e-06
479 8e-06
480 1.6e-05
481 2.4e-05
482 2.8e-05
483 4e-06
484 1.6e-05
485 2e-05
486 4e-06
487 2.4e-05
488 2e-05
489 2e-05
490 2e-05
491 2.4e-05
492 2e-05
493 2.4e-05
494 1.74715e-05
495 1.2e-05
496 2.4e-05
497 2.4e-05
498 8e-06
499 4e-05
500 2e-05
501 2e-05
502 1.2e-05
503 4e-06
504 1.2e-05
505 4e-06
506 1.6e-05
507 1.2e-05
508 2e-05
509 2e-05
510 2.4e-05
511 1.2e-05
512 4.14715e-05
513 2e-05
514 4e-06
515 1.6e-05
516 1.2e-05
517 1.34715e-05
518 2.4e-05
519 1.6e-05
520 1.34715e-05
521 1.6e-05
522 1.2e-05
523 4e-06
524 1.2e-05
525 2.4e-05
526 8e-06
527 2.4e-05
528 1.34715e-05
529 2.8e-05
530 1.2e-05
531 2e-05
532 8e-06
533 1.6e-05
534 8e-06
535 2e-05
536 1.34715e-05
537 4e-06
538 4e-06
539 1.6e-05
540 1.2e-05
541 1.2e-05
542 1.2e-05
543 4e-06
544 1.2e-05
545 1.2e-05
546 8e-06
547 1.2e-05
548 4e-05
549 1.6e-05
550 0
551 8e-06
552 2.4e-05
553 1.2e-05
554 8e-06
555 4e-06
556 1.6e-05
557 1.2e-05
558 2.8e-05
559 4e-06
560 1.6e-05
561 8e-06
562 2.14715e-05
563 1.34715e-05
564 1.2e-05
565 2e-05
566 1.6e-05
567 1.34715e-05
568 1.2e-05
569 3.2e-05
570 1.2e-05
571 8e-06
572 2.8e-05
573 2e-05
574 2.8e-05
575 1.2e-05
576 1.2e-05
577 1.6e-05
578 4e-06
579 1.2e-05
580 0
581 1.6e-05
582 4e-06
583 2.4e-05
584 1.4943e-05
585 1.6e-05
586 1.6e-05
587 2.4e-05
588 1.6e-05
589 2e-05
590 8e-06
591 4e-06
592 2.8e-05
593 2.8e-05
594 2.4e-05
595 8e-06
596 3.2e-05
597 0
598 2.54715e-05
599 1.6e-05
600 8e-06
601 1.6e-05
602 1.2e-05
603 4e-06
604 9.47152e-06
605 1.6e-05
606 8e-06
607 4e-06
608 1.6e-05
609 2e-05
610 2e-05
611 2e-05
612 1.6e-05
613 1.2e-05
614 1.2e-05
615 8e-06
616 1.2e-05
617 2.8e-05
618 8e-06
619 0
620 8e-06
621 4e-06
622 2.8e-05
623 8e-06
624 8e-06
625 1.2e-05
626 2.8e-05
627 4e-06
628 8e-06
629 2.94715e-05
630 2.4e-05
631 4e-06
632 9.47152e-06
633 8e-06
634 1.6e-05
635 1.6e-05
636 1.2e-05
637 5.47152e-06
638 1.74715e-05
639 1.2e-05
640 9.47152e-06
641 1.2e-05
642 2.4e-05
643 4e-06
644 1.2e-05
645 8e-06
646 4e-06
647 2.4e-05
648 8e-06
649 8e-06
650 2.8e-05
651 2e-05
652 1.2e-05
653 1.6e-05
654 2e-05
655 2e-05
656 1.2e-05
657 8e-06
658 1.6e-05
659 5.47152e-06
660 2e-05
661 8e-06
662 2.4e-05
663 2e-05
664 2.8e-05
665 2.54715e-05
666 2.4e-05
667 1.2e-05
668 1.2e-05
669 8e-06
670 8e-06
671 1.6e-05
672 1.2e-05
673 1.6e-05
674 6.94304e-06
675 1.6e-05
676 1.2e-05
677 1.2e-05
678 1.2e-05
679 2.8e-05
680 1.6e-05
681 1.6e-05
682 1.34715e-05
683 2.8e-05
684 1.2e-05
685 1.74715e-05
686 1.2e-05
687 2e-05
688 1.2e-05
689 1.6e-05
690 8e-06
691 9.47152e-06
692 2e-05
693 8e-06
694 2e-05
695 1.8943e-05
696 1.6e-05
697 8e-06
698 8e-06
699 4e-06
700 4e-06
701 2.4e-05
702 8e-06
703 2.8e-05
704 8e-06
705 2e-05
706 8e-06
707 1.2e-05
708 4e-06
709 8e-06
710 1.6e-05
711 1.6e-05
712 2e-05
713 4e-06
714 1.2e-05
715 4e-06
716 2.4e-05
717 4e-06
718 1.6e-05
719 2e-05
720 9.47152e-06
721 2.4e-05
722 2.54715e-05
723 8e-06
724 2.8e-05
725 4e-06
726 4e-06
727 8e-06
728 2e-05
729 4e-06
730 1.6e-05
731 1.34715e-05
732 8e-06
733 4e-06
734 1.2e-05
735 5.47152e-06
736 1.2e-05
737 1.2e-05
738 1.2e-05
739 1.6e-05
740 1.2e-05
741 1.34715e-05
742 8e-06
743 1.2e-05
744 4e-06
745 1.2e-05
746 1.47152e-06
747 1.6e-05
748 1.34715e-05
749 8e-06
750 2.54715e-05
751 2e-05
752 1.6e-05
753 4e-06
754 8e-06
755 2e-05
756 1.6e-05
757 5.47152e-06
758 8e-06
759 1.2e-05
760 4e-06
761 8e-06
762 1.6e-05
763 1.2e-05
764 8e-06
765 2e-05
766 1.2e-05
767 5.47152e-06
768 2e-05
769 1.2e-05
770 1.2e-05
771 1.6e-05
772 2e-05
773 1.2e-05
774 8e-06
775 4e-06
776 1.74715e-05
777 1.2e-05
778 8e-06
779 2e-05
780 2e-05
781 1.34715e-05
782 8e-06
783 1.6e-05
784 2.8e-05
785 1.2e-05
786 8e-06
787 1.2e-05
788 8e-06
789 4e-06
790 2.4e-05
791 8e-06
792 2e-05
793 1.2e-05
794 2.4e-05
795 1.34715e-05
796 8e-06
797 8e-06
798 4e-06
799 1.2e-05
800 1.34715e-05
801 0
802 8e-06
803 1.6e-05
804 1.34715e-05
805 0
806 8e-06
807 1.6e-05
808 0
809 4e-06
810 9.47152e-06
811 8e-06
812 4e-06
813 1.6e-05
814 1.6e-05
815 8e-06
816 8e-06
817 1.2e-05
818 1.2e-05
819 1.2e-05
820 3.2e-05
821 8e-06
822 8e-06
823 2.4e-05
824 1.2e-05
825 1.2e-05
826 1.6e-05
827 4e-06
828 2e-05
829 1.6e-05
830 4e-06
831 1.2e-05
832 8e-06
833 1.6e-05
834 2e-05
835 1.6e-05
836 2e-05
837 1.6e-05
838 4e-06
839 1.6e-05
840 8e-06
841 1.6e-05
842 8e-06
843 8e-06
844 1.2e-05
845 1.2e-05
846 1.6e-05
847 8e-06
848 1.2e-05
849 1.6e-05
850 4e-06
851 1.34715e-05
852 1.2e-05
853 1.2e-05
854 8e-06
855 9.47152e-06
856 8e-06
857 0
858 0
859 2e-05
860 1.2e-05
861 8e-06
862 5.47152e-06
863 8e-06
864 8e-06
865 1.6e-05
866 2.4e-05
867 4e-06
868 1.2e-05
869 2.14715e-05
870 1.34715e-05
871 4e-06
872 4e-06
873 8e-06
874 2.4e-05
875 2.14715e-05
876 8e-06
877 1.6e-05
878 4e-06
879 1.6e-05
880 1.2e-05
881 8e-06
882 4e-06
883 4e-06
884 1.2e-05
885 2e-05
886 4e-06
887 1.6e-05
888 2.4e-05
889 4e-06
890 4e-06
891 8e-06
892 0
893 0
894 1.74715e-05
895 1.2e-05
896 8e-06
897 4e-06
898 4e-06
899 8e-06
900 1.6e-05
901 1.6e-05
902 1.6e-05
903 2.94304e-06
904 8e-06
905 1.6e-05
906 1.2e-05
907 1.2e-05
908 2.8e-05
909 0
910 2.4e-05
911 1.2e-05
912 8e-06
913 1.2e-05
914 4e-06
915 8e-06
916 8e-06
917 8e-06
918 2.4e-05
919 9.47152e-06
920 1.2e-05
921 4e-06
922 1.2e-05
923 8e-06
924 8e-06
925 4e-06
926 0
927 4e-06
928 4e-06
929 0
930 1.2e-05
931 8e-06
932 1.2e-05
933 4e-06
934 2e-05
935 8e-06
936 1.6e-05
937 2e-05
938 1.4943e-05
939 1.2e-05
940 8e-06
941 1.6e-05
942 1.6e-05
943 1.2e-05
944 8e-06
945 8e-06
946 4e-06
947 2e-05
948 1.6e-05
949 4e-06
950 4e-06
951 2.54715e-05
952 8e-06
953 8e-06
954 9.47152e-06
955 4e-06
956 1.2e-05
957 8e-06
958 4e-06
959 1.2e-05
960 8e-06
961 4e-06
962 4e-06
963 1.2e-05
964 1.6e-05
965 8e-06
966 2e-05
967 5.47152e-06
968 4e-06
969 1.2e-05
970 8e-06
971 8e-06
972 4e-06
973 8e-06
974 1.6e-05
975 2e-05
976 4e-06
977 4e-06
978 4e-06
979 9.47152e-06
980 1.6e-05
981 2e-05
982 1.6e-05
983 1.2e-05
984 4e-06
985 4e-06
986 0
987 1.6e-05
988 1.2e-05
989 1.2e-05
990 4e-06
991 1.34715e-05
992 8e-06
993 8e-06
994 4e-06
995 8e-06
996 1.2e-05
997 8e-06
998 0
999 0
