0 0
1 0
2 0
3 0
4 0
5 0
6 4e-06
7 0
8 1.2e-05
9 0
10 0
11 0
12 0
13 8e-06
14 0
15 0
16 8e-06
17 4e-06
18 4e-06
19 8e-06
20 8e-06
21 8e-06
22 4e-06
23 1.6e-05
24 8e-06
25 4e-06
26 1.2e-05
27 8e-06
28 1.2e-05
29 0
30 4e-06
31 1.6e-05
32 1.6e-05
33 4e-06
34 0
35 4e-06
36 8e-06
37 2e-05
38 1.6e-05
39 3.2e-05
40 2e-05
41 1.6e-05
42 1.6e-05
43 1.2e-05
44 1.6e-05
45 4e-06
46 1.6e-05
47 4e-06
48 3.2e-05
49 1.6e-05
50 8e-06
51 2e-05
52 8e-06
53 1.6e-05
54 2.8e-05
55 2.8e-05
56 2.54715e-05
57 2.4e-05
58 1.6e-05
59 2.8e-05
60 1.6e-05
61 1.2e-05
62 3.2e-05
63 4.54715e-05
64 2.4e-05
65 1.2e-05
66 3.2e-05
67 3.2e-05
68 2.4e-05
69 2.8e-05
70 2e-05
71 1.6e-05
72 8e-06
73 2e-05
74 2.4e-05
75 1.6e-05
76 2.4e-05
77 2e-05
78 2.8e-05
79 2.8e-05
80 2e-05
81 3.2e-05
82 2.4e-05
83 1.6e-05
84 3.6e-05
85 4e-05
86 1.34715e-05
87 8e-06
88 2e-05
89 2.8e-05
90 3.6e-05
91 2.4e-05
92 3.6e-05
93 2.8e-05
94 2.94715e-05
95 1.2e-05
96 3.6e-05
97 3.74715e-05
98 1.6e-05
99 2e-05
100 2.8e-05
101 2.8e-05
102 2.4e-05
103 2.8e-05
104 1.6e-05
105 2e-05
106 1.2e-05
107 2.8e-05
108 8e-06
109 3.6e-05
110 2e-05
111 3.74715e-05
112 1.6e-05
113 2.4e-05
114 2.4e-05
115 1.2e-05
116 3.6e-05
117 4.14715e-05
118 2.4e-05
119 2.6943e-05
120 2.8e-05
121 1.6e-05
122 2.2943e-05
123 2.4e-05
124 2e-05
125 1.2e-05
126 2e-05
127 1.6e-05
128 2.8e-05
129 4e-05
130 1.2e-05
131 2.4e-05
132 2.8e-05
133 2.4e-05
134 3.2e-05
135 2.8e-05
136 1.2e-05
137 1.6e-05
138 8e-06
139 2e-05
140 2.4e-05
141 2.8e-05
142 2.94715e-05
143 2.54715e-05
144 1.2e-05
145 3.2e-05
146 1.6e-05
147 1.6e-05
148 1.6e-05
149 1.2e-05
150 4e-05
151 1.6e-05
152 4e-05
153 2.8e-05
154 2e-05
155 5.6e-05
156 1.6e-05
157 2.8e-05
158 2.8e-05
159 1.2e-05
160 2.4e-05
161 1.6e-05
162 2e-05
163 1.34715e-05
164 4e-05
165 1.2e-05
166 2.8e-05
167 4.54715e-05
168 8e-06
169 8e-06
170 2e-05
171 1.6e-05
172 3.2e-05
173 2e-05
174 2e-05
175 1.6e-05
176 2.8e-05
177 4.14715e-05
178 1.2e-05
179 2.8e-05
180 2.4e-05
181 2.94715e-05
182 2.4e-05
183 3.74715e-05
184 3.2e-05
185 2.4e-05
186 4.4e-05
187 1.2e-05
188 8e-06
189 1.6e-05
190 4e-05
191 2e-05
192 2.4e-05
193 3.6e-05
194 1.2e-05
195 2.8e-05
196 1.6e-05
197 2e-05
198 4.4e-05
199 2.4e-05
200 2.4e-05
201 2.54715e-05
202 3.6e-05
203 2.94715e-05
204 1.6e-05
205 8e-06
206 4e-05
207 1.6e-05
208 4e-06
209 0
210 1.6e-05
211 2.8e-05
212 8e-06
213 2.4e-05
214 2.4e-05
215 4.4e-05
216 3.6e-05
217 2e-05
218 8e-06
219 1.6e-05
220 3.2e-05
221 2.8e-05
222 1.2e-05
223 1.2e-05
224 3.2e-05
225 1.2e-05
226 2.4e-05
227 1.2e-05
228 3.6e-05
229 1.6e-05
230 2.8e-05
231 8e-06
232 2.4e-05
233 3.2e-05
234 1.2e-05
235 1.6e-05
236 1.6e-05
237 2e-05
238 2.8e-05
239 3.2e-05
240 2.4e-05
241 1.74715e-05
242 8e-06
243 1.6e-05
244 2.94715e-05
245 2e-05
246 2.4e-05
247 2.8e-05
248 2.4e-05
249 4e-06
250 2.8e-05
251 1.2e-05
252 2.8e-05
253 2e-05
254 3.6e-05
255 2.4e-05
256 2.8e-05
257 1.6e-05
258 2.4e-05
259 1.6e-05
260 1.2e-05
261 1.6e-05
262 4e-06
263 2.8e-05
264 2.4e-05
265 4e-06
266 1.74715e-05
267 5.6e-05
268 2.4e-05
269 4.4e-05
270 8e-06
271 2e-05
272 2.14715e-05
273 4e-06
274 4e-05
275 3.2e-05
276 2.4e-05
277 4.94715e-05
278 2e-05
279 3.2e-05
280 2.4e-05
281 2.8e-05
282 2.8e-05
283 4e-06
284 9.47152e-06
285 2.8e-05
286 2.8e-05
287 2e-05
288 2e-05
289 2e-05
290 8e-06
291 2e-05
292 1.6e-05
293 1.6e-05
294 2.4e-05
295 2.8e-05
296 1.74715e-05
297 2.4e-05
298 4e-05
299 8e-06
300 1.6e-05
301 2e-05
302 1.2e-05
303 2.4e-05
304 2.8e-05
305 1.2e-05
306 2.8e-05
307 1.6e-05
308 8e-06
309 2.8e-05
310 4e-06
311 4e-06
312 3.34715e-05
313 2e-05
314 8e-06
315 2.54715e-05
316 2e-05
317 1.2e-05
318 3.6e-05
319 8e-06
320 2.4e-05
321 1.6e-05
322 1.2e-05
323 3.2e-05
324 2.94715e-05
325 2.4e-05
326 3.2e-05
327 2.8e-05
328 1.2e-05
329 1.34715e-05
330 1.6e-05
331 8e-06
332 2e-05
333 2.4e-05
334 2.4e-05
335 8e-06
336 1.2e-05
337 4e-06
338 3.2e-05
339 4e-06
340 8e-06
341 3.6e-05
342 4.54715e-05
343 2.4e-05
344 1.2e-05
345 1.6e-05
346 2.4e-05
347 2.4e-05
348 3.0943e-05
349 2e-05
350 1.6e-05
351 8e-06
352 3.6e-05
353 1.6e-05
354 2.8e-05
355 1.2e-05
356 1.2e-05
357 8e-06
358 1.34715e-05
359 3.25413e-05
360 2.8e-05
361 1.6e-05
362 2.94715e-05
363 2e-05
364 2e-05
365 8e-06
366 1.2e-05
367 8e-06
368 8e-06
369 8e-06
370 1.2e-05
371 1.2e-05
372 4e-06
373 4.4e-05
374 1.2e-05
375 8e-06
376 8e-06
377 2e-05
378 8e-06
379 2.8e-05
380 1.2e-05
381 1.2e-05
382 2.4e-05
383 2e-05
384 1.74715e-05
385 8e-06
386 1.6e-05
387 8e-06
388 8e-06
389 1.6e-05
390 1.2e-05
391 1.6e-05
392 1.6e-05
393 2.4e-05
394 8e-06
395 1.34715e-05
396 4.4e-05
397 2.8e-05
398 1.2e-05
399 2e-05
400 2.8e-05
401 4e-06
402 2e-05
403 2e-05
404 1.34715e-05
405 1.2e-05
406 1.74715e-05
407 4e-05
408 2.4e-05
409 5.47152e-06
410 1.2e-05
411 1.6e-05
412 2.4e-05
413 2e-05
414 8e-06
415 1.6e-05
416 8e-06
417 1.6e-05
418 1.2e-05
419 2e-05
420 8e-06
421 8e-06
422 8e-06
423 2e-05
424 1.2e-05
425 2e-05
426 1.6e-05
427 1.2e-05
428 3.2e-05
429 1.2e-05
430 0
431 1.2e-05
432 2.4e-05
433 2e-05
434 2.4e-05
435 1.6e-05
436 2e-05
437 1.2e-05
438 3.2e-05
439 2.4e-05
440 1.6e-05
441 1.34715e-05
442 1.74715e-05
443 1.2e-05
444 2e-05
445 4e-06
446 1.6e-05
447 1.2e-05
448 1.6e-05
449 1.2e-05
450 1.2e-05
451 1.6e-05
452 2e-05
453 2e-05
454 1.2e-05
455 1.74715e-05
456 1.2e-05
457 8e-06
458 1.6e-05
459 1.6e-05
460 8e-06
461 2.4e-05
462 4e-06
463 2e-05
464 1.6e-05
465 2e-05
466 2.4e-05
467 1.34715e-05
468 1.2e-05
469 1.6e-05
470 1.6e-05
471 1.2e-05
472 1.2e-05
473 1.6e-05
474 8e-06
475 4e-06
476 8e-06
477 2e-05
478 2e-05
479 8e-06
480 2e-05
481 2.4e-05
482 2.4e-05
483 8e-06
484 4e-06
485 1.6e-05
486 1.2e-05
487 1.2e-05
488 2e-05
489 2.4e-05
490 2.8e-05
491 1.6e-05
492 2.4e-05
493 3.2e-05
494 8e-06
495 2.8e-05
496 8e-06
497 2.8e-05
498 8e-06
499 1.6e-05
500 0
501 2e-05
502 2.4e-05
503 2.4e-05
504 1.74715e-05
505 1.2e-05
506 1.2e-05
507 8e-06
508 1.6e-05
509 2e-05
510 1.2e-05
511 1.2e-05
512 8e-06
513 1.2e-05
514 1.2e-05
515 1.2e-05
516 2.4e-05
517 8e-06
518 1.6e-05
519 8e-06
520 4e-06
521 1.6e-05
522 1.74715e-05
523 8e-06
524 1.2e-05
525 2e-05
526 1.6e-05
527 1.2e-05
528 8e-06
529 1.6e-05
530 2.4e-05
531 5.47152e-06
532 4e-06
533 2.4e-05
534 4e-06
535 1.6e-05
536 1.2e-05
537 3.2e-05
538 1.2e-05
539 1.2e-05
540 2.8e-05
541 4e-06
542 1.34715e-05
543 2e-05
544 1.74715e-05
545 2e-05
546 2e-05
547 1.2e-05
548 4e-06
549 2e-05
550 2.4e-05
551 4e-06
552 8e-06
553 4e-06
554 8e-06
555 4e-06
556 2.8e-05
557 2e-05
558 2e-05
559 1.47152e-06
560 1.2e-05
561 4e-06
562 8e-06
563 1.2e-05
564 1.2e-05
565 0
566 0
567 8e-06
568 1.2e-05
569 1.6e-05
570 1.2e-05
571 1.2e-05
572 2.4e-05
573 1.2e-05
574 1.34715e-05
575 1.2e-05
576 2e-05
577 1.6e-05
578 2.8e-05
579 8e-06
580 8e-06
581 2e-05
582 1.2e-05
583 2.8e-05
584 2e-05
585 1.2e-05
586 8e-06
587 4e-06
588 8e-06
589 8e-06
590 8e-06
591 1.6e-05
592 1.6e-05
593 1.6e-05
594 1.6e-05
595 1.2e-05
596 2.4e-05
597 8e-06
598 0
599 4e-06
600 1.2e-05
601 1.2e-05
602 8e-06
603 2.14715e-05
604 2e-05
605 1.6e-05
606 2e-05
607 4e-06
608 2.14715e-05
609 1.6e-05
610 2e-05
611 8e-06
612 1.2e-05
613 8e-06
614 4e-06
615 2.4e-05
616 8e-06
617 1.2e-05
618 1.2e-05
619 5.47152e-06
620 8e-06
621 2.4e-05
622 2.8e-05
623 4e-06
624 1.6e-05
625 1.74715e-05
626 1.6e-05
627 1.2e-05
628 4e-06
629 8e-06
630 1.2e-05
631 8e-06
632 1.6e-05
633 2e-05
634 8e-06
635 1.6e-05
636 4e-06
637 8e-06
638 1.34715e-05
639 1.2e-05
640 1.6e-05
641 1.2e-05
642 1.74715e-05
643 1.6e-05
644 2.4e-05
645 4e-06
646 2e-05
647 2e-05
648 1.2e-05
649 2.4e-05
650 0
651 4e-06
652 8e-06
653 2e-05
654 1.6e-05
655 8e-06
656 4e-06
657 8e-06
658 4e-06
659 4e-06
660 8e-06
661 1.2e-05
662 9.47152e-06
663 1.2e-05
664 1.2e-05
665 2.4e-05
666 1.6e-05
667 4e-06
668 1.2e-05
669 1.2e-05
670 1.2e-05
671 8e-06
672 0
673 1.6e-05
674 8e-06
675 8e-06
676 0
677 0
678 1.2e-05
679 1.6e-05
680 1.6e-05
681 1.2e-05
682 4e-06
683 3.2e-05
684 4e-06
685 8e-06
686 8e-06
687 0
688 2e-05
689 8e-06
690 8e-06
691 1.2e-05
692 1.2e-05
693 4e-06
694 1.6e-05
695 1.6e-05
696 2.4e-05
697 1.2e-05
698 8e-06
699 2e-05
700 8e-06
701 8e-06
702 1.2e-05
703 1.2e-05
704 1.2e-05
705 2.4e-05
706 9.47152e-06
707 4e-06
708 1.2e-05
709 2e-05
710 1.2e-05
711 1.74715e-05
712 1.6e-05
713 4e-06
714 1.2e-05
715 9.47152e-06
716 8e-06
717 1.6e-05
718 1.2e-05
719 8e-06
720 3.2e-05
721 1.6e-05
722 8e-06
723 1.6e-05
724 4e-06
725 8e-06
726 8e-06
727 0
728 2.94304e-06
729 2e-05
730 4e-06
731 1.6e-05
732 2.8e-05
733 1.2e-05
734 1.2e-05
735 1.2e-05
736 1.2e-05
737 1.6e-05
738 1.6e-05
739 8e-06
740 4e-06
741 1.6e-05
742 1.6e-05
743 8e-06
744 2e-05
745 1.2e-05
746 1.6e-05
747 4e-06
748 0
749 1.2e-05
750 1.2e-05
751 2e-05
752 1.34715e-05
753 0
754 8e-06
755 1.2e-05
756 2e-05
757 4e-06
758 2e-05
759 8e-06
760 2e-05
761 1.2e-05
762 1.2e-05
763 1.2e-05
764 1.2e-05
765 4e-06
766 2.4e-05
767 4e-06
768 4e-06
769 1.6e-05
770 3.0943e-05
771 0
772 1.2e-05
773 1.2e-05
774 1.2e-05
775 1.2e-05
776 2e-05
777 1.74715e-05
778 4e-06
779 1.2e-05
780 4e-06
781 2e-05
782 8e-06
783 1.2e-05
784 3.6e-05
785 8e-06
786 5.47152e-06
787 8e-06
788 8e-06
789 1.2e-05
790 1.2e-05
791 4e-06
792 2.8e-05
793 4e-06
794 8e-06
795 1.6e-05
796 5.47152e-06
797 8e-06
798 8e-06
799 1.2e-05
800 0
801 1.2e-05
802 8e-06
803 8e-06
804 4e-06
805 2.54715e-05
806 1.6e-05
807 2e-05
808 4e-06
809 8e-06
810 4e-06
811 1.6e-05
812 8e-06
813 5.47152e-06
814 8e-06
815 8e-06
816 1.6e-05
817 1.2e-05
818 0
819 1.2e-05
820 1.2e-05
821 4e-06
822 4e-06
823 1.6e-05
824 1.2e-05
825 4e-06
826 8e-06
827 2e-05
828 4e-06
829 8e-06
830 2e-05
831 1.2e-05
832 1.6e-05
833 1.2e-05
834 1.2e-05
835 1.6e-05
836 2.14715e-05
837 1.6e-05
838 1.2e-05
839 1.2e-05
840 8e-06
841 4e-06
842 8e-06
843 4e-06
844 3.2e-05
845 1.2e-05
846 4e-06
847 1.74715e-05
848 1.2e-05
849 1.2e-05
850 8e-06
851 1.2e-05
852 2.4e-05
853 8e-06
854 0
855 8e-06
856 1.6e-05
857 4e-06
858 8e-06
859 5.47152e-06
860 4e-06
861 4e-06
862 4e-06
863 4e-06
864 1.2e-05
865 2.14715e-05
866 2e-05
867 4e-06
868 8e-06
869 0
870 8e-06
871 1.2e-05
872 1.2e-05
873 1.34715e-05
874 8e-06
875 0
876 4e-06
877 4e-06
878 8e-06
879 1.2e-05
880 1.2e-05
881 1.47152e-06
882 1.2e-05
883 4e-06
884 1.2e-05
885 8e-06
886 1.2e-05
887 4e-06
888 0
889 0
890 1.2e-05
891 8e-06
892 1.6e-05
893 1.2e-05
894 8e-06
895 8e-06
896 8e-06
897 2e-05
898 9.47152e-06
899 1.2e-05
900 4e-06
901 4e-06
902 0
903 4e-06
904 8e-06
905 4e-06
906 2.4e-05
907 2.4e-05
908 2.2943e-05
909 8e-06
910 4e-06
911 2e-05
912 1.2e-05
913 1.2e-05
914 1.6e-05
915 1.2e-05
916 8e-06
917 1.2e-05
918 4e-06
919 2e-05
920 1.2e-05
921 9.47152e-06
922 1.2e-05
923 8e-06
924 2e-05
925 8e-06
926 4e-06
927 4e-06
928 0
929 0
930 4e-06
931 0
932 1.6e-05
933 1.74715e-05
934 8e-06
935 8e-06
936 8e-06
937 2e-05
938 1.2e-05
939 1.2e-05
940 1.2e-05
941 1.2e-05
942 8e-06
943 2e-05
944 8e-06
945 1.74715e-05
946 2e-05
947 9.47152e-06
948 9.47152e-06
949 8e-06
950 4e-06
951 8e-06
952 4e-06
953 1.6e-05
954 8e-06
955 2.4e-05
956 2e-05
957 8e-06
958 0
959 4e-06
960 2e-05
961 1.2e-05
962 1.2e-05
963 1.74715e-05
964 1.2e-05
965 4e-06
966 8e-06
967 8e-06
968 4e-06
969 3.6e-05
970 8e-06
971 8e-06
972 4e-06
973 1.6e-05
974 8e-06
975 0
976 8e-06
977 8e-06
978 4e-06
979 4e-06
980 4e-06
981 4e-06
982 4e-06
983 9.47152e-06
984 4e-06
985 8e-06
986 0
987 1.6e-05
988 8e-06
989 1.2e-05
990 4e-06
991 1.6e-05
992 1.2e-05
993 1.34715e-05
994 1.2e-05
995 5.47152e-06
996 1.2e-05
997 1.6e-05
998 4e-06
999 0
