0 0
1 0
2 0
3 0
4 0
5 0
6 4e-07
7 0
8 1.2e-06
9 0
10 0
11 0
12 0
13 8e-07
14 0
15 0
16 8e-07
17 4e-07
18 4e-07
19 8e-07
20 8e-07
21 8e-07
22 4e-07
23 1.6e-06
24 8e-07
25 4e-07
26 1.2e-06
27 8e-07
28 1.2e-06
29 0
30 4e-07
31 1.6e-06
32 1.6e-06
33 4e-07
34 0
35 4e-07
36 8e-07
37 2e-06
38 1.6e-06
39 3.2e-06
40 2e-06
41 1.6e-06
42 1.6e-06
43 1.2e-06
44 1.6e-06
45 4e-07
46 1.6e-06
47 4e-07
48 3.2e-06
49 1.6e-06
50 8e-07
51 2e-06
52 8e-07
53 1.6e-06
54 2.8e-06
55 2.8e-06
56 2.76193e-06
57 2.4e-06
58 1.6e-06
59 2.8e-06
60 1.6e-06
61 1.2e-06
62 3.2e-06
63 4.76193e-06
64 2.4e-06
65 1.2e-06
66 3.2e-06
67 3.2e-06
68 2.4e-06
69 2.8e-06
70 2e-06
71 1.6e-06
72 8e-07
73 2e-06
74 2.4e-06
75 1.6e-06
76 2.4e-06
77 2e-06
78 2.8e-06
79 2.8e-06
80 2e-06
81 3.2e-06
82 2.4e-06
83 1.6e-06
84 3.6e-06
85 4e-06
86 1.56193e-06
87 8e-07
88 2e-06
89 2.8e-06
90 3.6e-06
91 2.4e-06
92 3.6e-06
93 2.8e-06
94 3.16193e-06
95 1.2e-06
96 3.6e-06
97 3.96193e-06
98 1.6e-06
99 2e-06
100 2.8e-06
101 2.8e-06
102 2.4e-06
103 2.8e-06
104 1.6e-06
105 2e-06
106 1.2e-06
107 2.8e-06
108 8e-07
109 3.6e-06
110 2e-06
111 3.96193e-06
112 1.6e-06
113 2.4e-06
114 2.4e-06
115 1.2e-06
116 3.6e-06
117 4.36193e-06
118 2.4e-06
119 3.12387e-06
120 2.8e-06
121 1.6e-06
122 2.72387e-06
123 2.4e-06
124 2e-06
125 1.2e-06
126 2e-06
127 1.6e-06
128 2.8e-06
129 4e-06
130 1.2e-06
131 2.4e-06
132 2.8e-06
133 2.4e-06
134 3.2e-06
135 2.8e-06
136 1.2e-06
137 1.6e-06
138 8e-07
139 2e-06
140 2.4e-06
141 2.8e-06
142 3.16193e-06
143 2.76193e-06
144 1.2e-06
145 3.2e-06
146 1.6e-06
147 1.6e-06
148 1.6e-06
149 1.2e-06
150 4e-06
151 1.6e-06
152 4e-06
153 2.8e-06
154 2e-06
155 5.6e-06
156 1.6e-06
157 2.8e-06
158 2.8e-06
159 1.2e-06
160 2.4e-06
161 1.6e-06
162 2e-06
163 1.56193e-06
164 4e-06
165 1.2e-06
166 2.8e-06
167 4.76193e-06
168 8e-07
169 8e-07
170 2e-06
171 1.6e-06
172 3.2e-06
173 2e-06
174 2e-06
175 1.6e-06
176 2.8e-06
177 4.36193e-06
178 1.2e-06
179 2.8e-06
180 2.4e-06
181 3.16193e-06
182 2.4e-06
183 3.96193e-06
184 3.2e-06
185 2.4e-06
186 4.4e-06
187 1.2e-06
188 8e-07
189 1.6e-06
190 4e-06
191 2e-06
192 2.4e-06
193 3.6e-06
194 1.2e-06
195 2.8e-06
196 1.6e-06
197 2e-06
198 4.4e-06
199 2.4e-06
200 2.4e-06
201 2.76193e-06
202 3.6e-06
203 3.16193e-06
204 1.6e-06
205 8e-07
206 4e-06
207 1.6e-06
208 4e-07
209 0
210 1.6e-06
211 2.8e-06
212 8e-07
213 2.4e-06
214 2.4e-06
215 4.4e-06
216 3.6e-06
217 2e-06
218 8e-07
219 1.6e-06
220 3.2e-06
221 2.8e-06
222 1.2e-06
223 1.2e-06
224 3.2e-06
225 1.2e-06
226 2.4e-06
227 1.2e-06
228 3.6e-06
229 1.6e-06
230 2.8e-06
231 8e-07
232 2.4e-06
233 3.2e-06
234 1.2e-06
235 1.6e-06
236 1.6e-06
237 2e-06
238 2.8e-06
239 3.2e-06
240 2.4e-06
241 1.96193e-06
242 8e-07
243 1.6e-06
244 3.16193e-06
245 2e-06
246 2.4e-06
247 2.8e-06
248 2.4e-06
249 4e-07
250 2.8e-06
251 1.2e-06
252 2.8e-06
253 2e-06
254 3.6e-06
255 2.4e-06
256 2.8e-06
257 1.6e-06
258 2.4e-06
259 1.6e-06
260 1.2e-06
261 1.6e-06
262 4e-07
263 2.8e-06
264 2.4e-06
265 4e-07
266 1.96193e-06
267 5.6e-06
268 2.4e-06
269 4.4e-06
270 8e-07
271 2e-06
272 2.36193e-06
273 4e-07
274 4e-06
275 3.2e-06
276 2.4e-06
277 5.16193e-06
278 2e-06
279 3.2e-06
280 2.4e-06
281 2.8e-06
282 2.8e-06
283 4e-07
284 1.16193e-06
285 2.8e-06
286 2.8e-06
287 2e-06
288 2e-06
289 2e-06
290 8e-07
291 2e-06
292 1.6e-06
293 1.6e-06
294 2.4e-06
295 2.8e-06
296 1.96193e-06
297 2.4e-06
298 4e-06
299 8e-07
300 1.6e-06
301 2e-06
302 1.2e-06
303 2.4e-06
304 2.8e-06
305 1.2e-06
306 2.8e-06
307 1.6e-06
308 8e-07
309 2.8e-06
310 4e-07
311 4e-07
312 3.56193e-06
313 2e-06
314 8e-07
315 2.76193e-06
316 2e-06
317 1.2e-06
318 3.6e-06
319 8e-07
320 2.4e-06
321 1.6e-06
322 1.2e-06
323 3.2e-06
324 3.16193e-06
325 2.4e-06
326 3.2e-06
327 2.8e-06
328 1.2e-06
329 1.56193e-06
330 1.6e-06
331 8e-07
332 2e-06
333 2.4e-06
334 2.4e-06
335 8e-07
336 1.2e-06
337 4e-07
338 3.2e-06
339 4e-07
340 8e-07
341 3.6e-06
342 4.76193e-06
343 2.4e-06
344 1.2e-06
345 1.6e-06
346 2.4e-06
347 2.4e-06
348 3.52387e-06
349 2e-06
350 1.6e-06
351 8e-07
352 3.6e-06
353 1.6e-06
354 2.8e-06
355 1.2e-06
356 1.2e-06
357 8e-07
358 1.56193e-06
359 3.52749e-06
360 2.8e-06
361 1.6e-06
362 3.16193e-06
363 2e-06
364 2e-06
365 8e-07
366 1.2e-06
367 8e-07
368 8e-07
369 8e-07
370 1.2e-06
371 1.2e-06
372 4e-07
373 4.4e-06
374 1.2e-06
375 8e-07
376 8e-07
377 2e-06
378 8e-07
379 2.8e-06
380 1.2e-06
381 1.2e-06
382 2.4e-06
383 2e-06
384 1.96193e-06
385 8e-07
386 1.6e-06
387 8e-07
388 8e-07
389 1.6e-06
390 1.2e-06
391 1.6e-06
392 1.6e-06
393 2.4e-06
394 8e-07
395 1.56193e-06
396 4.4e-06
397 2.8e-06
398 1.2e-06
399 2e-06
400 2.8e-06
401 4e-07
402 2e-06
403 2e-06
404 1.56193e-06
405 1.2e-06
406 1.96193e-06
407 4e-06
408 2.4e-06
409 7.61935e-07
410 1.2e-06
411 1.6e-06
412 2.4e-06
413 2e-06
414 8e-07
415 1.6e-06
416 8e-07
417 1.6e-06
418 1.2e-06
419 2e-06
420 8e-07
421 8e-07
422 8e-07
423 2e-06
424 1.2e-06
425 2e-06
426 1.6e-06
427 1.2e-06
428 3.2e-06
429 1.2e-06
430 0
431 1.2e-06
432 2.4e-06
433 2e-06
434 2.4e-06
435 1.6e-06
436 2e-06
437 1.2e-06
438 3.2e-06
439 2.4e-06
440 1.6e-06
441 1.56193e-06
442 1.96193e-06
443 1.2e-06
444 2e-06
445 4e-07
446 1.6e-06
447 1.2e-06
448 1.6e-06
449 1.2e-06
450 1.2e-06
451 1.6e-06
452 2e-06
453 2e-06
454 1.2e-06
455 1.96193e-06
456 1.2e-06
457 8e-07
458 1.6e-06
459 1.6e-06
460 8e-07
461 2.4e-06
462 4e-07
463 2e-06
464 1.6e-06
465 2e-06
466 2.4e-06
467 1.56193e-06
468 1.2e-06
469 1.6e-06
470 1.6e-06
471 1.2e-06
472 1.2e-06
473 1.6e-06
474 8e-07
475 4e-07
476 8e-07
477 2e-06
478 2e-06
479 8e-07
480 2e-06
481 2.4e-06
482 2.4e-06
483 8e-07
484 4e-07
485 1.6e-06
486 1.2e-06
487 1.2e-06
488 2e-06
489 2.4e-06
490 2.8e-06
491 1.6e-06
492 2.4e-06
493 3.2e-06
494 8e-07
495 2.8e-06
496 8e-07
497 2.8e-06
498 8e-07
499 1.6e-06
500 0
501 2e-06
502 2.4e-06
503 2.4e-06
504 1.96193e-06
505 1.2e-06
506 1.2e-06
507 8e-07
508 1.6e-06
509 2e-06
510 1.2e-06
511 1.2e-06
512 8e-07
513 1.2e-06
514 1.2e-06
515 1.2e-06
516 2.4e-06
517 8e-07
518 1.6e-06
519 8e-07
520 4e-07
521 1.6e-06
522 1.96193e-06
523 8e-07
524 1.2e-06
525 2e-06
526 1.6e-06
527 1.2e-06
528 8e-07
529 1.6e-06
530 2.4e-06
531 7.61935e-07
532 4e-07
533 2.4e-06
534 4e-07
535 1.6e-06
536 1.2e-06
537 3.2e-06
538 1.2e-06
539 1.2e-06
540 2.8e-06
541 4e-07
542 1.56193e-06
543 2e-06
544 1.96193e-06
545 2e-06
546 2e-06
547 1.2e-06
548 4e-07
549 2e-06
550 2.4e-06
551 4e-07
552 8e-07
553 4e-07
554 8e-07
555 4e-07
556 2.8e-06
557 2e-06
558 2e-06
559 3.61935e-07
560 1.2e-06
561 4e-07
562 8e-07
563 1.2e-06
564 1.2e-06
565 0
566 0
567 8e-07
568 1.2e-06
569 1.6e-06
570 1.2e-06
571 1.2e-06
572 2.4e-06
573 1.2e-06
574 1.56193e-06
575 1.2e-06
576 2e-06
577 1.6e-06
578 2.8e-06
579 8e-07
580 8e-07
581 2e-06
582 1.2e-06
583 2.8e-06
584 2e-06
585 1.2e-06
586 8e-07
587 4e-07
588 8e-07
589 8e-07
590 8e-07
591 1.6e-06
592 1.6e-06
593 1.6e-06
594 1.6e-06
595 1.2e-06
596 2.4e-06
597 8e-07
598 0
599 4e-07
600 1.2e-06
601 1.2e-06
602 8e-07
603 2.36193e-06
604 2e-06
605 1.6e-06
606 2e-06
607 4e-07
608 2.36193e-06
609 1.6e-06
610 2e-06
611 8e-07
612 1.2e-06
613 8e-07
614 4e-07
615 2.4e-06
616 8e-07
617 1.2e-06
618 1.2e-06
619 7.61935e-07
620 8e-07
621 2.4e-06
622 2.8e-06
623 4e-07
624 1.6e-06
625 1.96193e-06
626 1.6e-06
627 1.2e-06
628 4e-07
629 8e-07
630 1.2e-06
631 8e-07
632 1.6e-06
633 2e-06
634 8e-07
635 1.6e-06
636 4e-07
637 8e-07
638 1.56193e-06
639 1.2e-06
640 1.6e-06
641 1.2e-06
642 1.96193e-06
643 1.6e-06
644 2.4e-06
645 4e-07
646 2e-06
647 2e-06
648 1.2e-06
649 2.4e-06
650 0
651 4e-07
652 8e-07
653 2e-06
654 1.6e-06
655 8e-07
656 4e-07
657 8e-07
658 4e-07
659 4e-07
660 8e-07
661 1.2e-06
662 1.16193e-06
663 1.2e-06
664 1.2e-06
665 2.4e-06
666 1.6e-06
667 4e-07
668 1.2e-06
669 1.2e-06
670 1.2e-06
671 8e-07
672 0
673 1.6e-06
674 8e-07
675 8e-07
676 0
677 0
678 1.2e-06
679 1.6e-06
680 1.6e-06
681 1.2e-06
682 4e-07
683 3.2e-06
684 4e-07
685 8e-07
686 8e-07
687 0
688 2e-06
689 8e-07
690 8e-07
691 1.2e-06
692 1.2e-06
693 4e-07
694 1.6e-06
695 1.6e-06
696 2.4e-06
697 1.2e-06
698 8e-07
699 2e-06
700 8e-07
701 8e-07
702 1.2e-06
703 1.2e-06
704 1.2e-06
705 2.4e-06
706 1.16193e-06
707 4e-07
708 1.2e-06
709 2e-06
710 1.2e-06
711 1.96193e-06
712 1.6e-06
713 4e-07
714 1.2e-06
715 1.16193e-06
716 8e-07
717 1.6e-06
718 1.2e-06
719 8e-07
720 3.2e-06
721 1.6e-06
722 8e-07
723 1.6e-06
724 4e-07
725 8e-07
726 8e-07
727 0
728 7.2387e-07
729 2e-06
730 4e-07
731 1.6e-06
732 2.8e-06
733 1.2e-06
734 1.2e-06
735 1.2e-06
736 1.2e-06
737 1.6e-06
738 1.6e-06
739 8e-07
740 4e-07
741 1.6e-06
742 1.6e-06
743 8e-07
744 2e-06
745 1.2e-06
746 1.6e-06
747 4e-07
748 0
749 1.2e-06
750 1.2e-06
751 2e-06
752 1.56193e-06
753 0
754 8e-07
755 1.2e-06
756 2e-06
757 4e-07
758 2e-06
759 8e-07
760 2e-06
761 1.2e-06
762 1.2e-06
763 1.2e-06
764 1.2e-06
765 4e-07
766 2.4e-06
767 4e-07
768 4e-07
769 1.6e-06
770 3.52387e-06
771 0
772 1.2e-06
773 1.2e-06
774 1.2e-06
775 1.2e-06
776 2e-06
777 1.96193e-06
778 4e-07
779 1.2e-06
780 4e-07
781 2e-06
782 8e-07
783 1.2e-06
784 3.6e-06
785 8e-07
786 7.61935e-07
787 8e-07
788 8e-07
789 1.2e-06
790 1.2e-06
791 4e-07
792 2.8e-06
793 4e-07
794 8e-07
795 1.6e-06
796 7.61935e-07
797 8e-07
798 8e-07
799 1.2e-06
800 0
801 1.2e-06
802 8e-07
803 8e-07
804 4e-07
805 2.76193e-06
806 1.6e-06
807 2e-06
808 4e-07
809 8e-07
810 4e-07
811 1.6e-06
812 8e-07
813 7.61935e-07
814 8e-07
815 8e-07
816 1.6e-06
817 1.2e-06
818 0
819 1.2e-06
820 1.2e-06
821 4e-07
822 4e-07
823 1.6e-06
824 1.2e-06
825 4e-07
826 8e-07
827 2e-06
828 4e-07
829 8e-07
830 2e-06
831 1.2e-06
832 1.6e-06
833 1.2e-06
834 1.2e-06
835 1.6e-06
836 2.36193e-06
837 1.6e-06
838 1.2e-06
839 1.2e-06
840 8e-07
841 4e-07
842 8e-07
843 4e-07
844 3.2e-06
845 1.2e-06
846 4e-07
847 1.96193e-06
848 1.2e-06
849 1.2e-06
850 8e-07
851 1.2e-06
852 2.4e-06
853 8e-07
854 0
855 8e-07
856 1.6e-06
857 4e-07
858 8e-07
859 7.61935e-07
860 4e-07
861 4e-07
862 4e-07
863 4e-07
864 1.2e-06
865 2.36193e-06
866 2e-06
867 4e-07
868 8e-07
869 0
870 8e-07
871 1.2e-06
872 1.2e-06
873 1.56193e-06
874 8e-07
875 0
876 4e-07
877 4e-07
878 8e-07
879 1.2e-06
880 1.2e-06
881 3.61935e-07
882 1.2e-06
883 4e-07
884 1.2e-06
885 8e-07
886 1.2e-06
887 4e-07
888 0
889 0
890 1.2e-06
891 8e-07
892 1.6e-06
893 1.2e-06
894 8e-07
895 8e-07
896 8e-07
897 2e-06
898 1.16193e-06
899 1.2e-06
900 4e-07
901 4e-07
902 0
903 4e-07
904 8e-07
905 4e-07
906 2.4e-06
907 2.4e-06
908 2.72387e-06
909 8e-07
910 4e-07
911 2e-06
912 1.2e-06
913 1.2e-06
914 1.6e-06
915 1.2e-06
916 8e-07
917 1.2e-06
918 4e-07
919 2e-06
920 1.2e-06
921 1.16193e-06
922 1.2e-06
923 8e-07
924 2e-06
925 8e-07
926 4e-07
927 4e-07
928 0
929 0
930 4e-07
931 0
932 1.6e-06
933 1.96193e-06
934 8e-07
935 8e-07
936 8e-07
937 2e-06
938 1.2e-06
939 1.2e-06
940 1.2e-06
941 1.2e-06
942 8e-07
943 2e-06
944 8e-07
945 1.96193e-06
946 2e-06
947 1.16193e-06
948 1.16193e-06
949 8e-07
950 4e-07
951 8e-07
952 4e-07
953 1.6e-06
954 8e-07
955 2.4e-06
956 2e-06
957 8e-07
958 0
959 4e-07
960 2e-06
961 1.2e-06
962 1.2e-06
963 1.96193e-06
964 1.2e-06
965 4e-07
966 8e-07
967 8e-07
968 4e-07
969 3.6e-06
970 8e-07
971 8e-07
972 4e-07
973 1.6e-06
974 8e-07
975 0
976 8e-07
977 8e-07
978 4e-07
979 4e-07
980 4e-07
981 4e-07
982 4e-07
983 1.16193e-06
984 4e-07
985 8e-07
986 0
987 1.6e-06
988 8e-07
989 1.2e-06
990 4e-07
991 1.6e-06
992 1.2e-06
993 1.56193e-06
994 1.2e-06
995 7.61935e-07
996 1.2e-06
997 1.6e-06
998 4e-07
999 0
