0 0
1 0.0001156
2 6.96e-05
3 4.43239e-05
4 4.88e-05
5 3.32e-05
6 3.96e-05
7 3.07619e-05
8 2.48e-05
9 2.23619e-05
10 2.43619e-05
11 2.03619e-05
12 2.32e-05
13 1.99239e-05
14 1.76e-05
15 1.92e-05
16 1.67619e-05
17 1.84e-05
18 1.15619e-05
19 1.56e-05
20 1.52e-05
21 1.12e-05
22 8.8e-06
23 1.28e-05
24 1.28e-05
25 1.24e-05
26 7.6e-06
27 1.4e-05
28 1.04e-05
29 8.8e-06
30 1.32e-05
31 1.19619e-05
32 1e-05
33 9.2e-06
34 6.4e-06
35 1.2e-05
36 9.6e-06
37 8.76193e-06
38 9.6e-06
39 1.11619e-05
40 6.36193e-06
41 9.12387e-06
42 5.2e-06
43 9.16193e-06
44 5.2e-06
45 6.76193e-06
46 5.2e-06
47 4.4e-06
48 6.8e-06
49 1.03619e-05
50 6.8e-06
51 1.04e-05
52 9.16193e-06
53 6e-06
54 9.6e-06
55 5.2e-06
56 8e-06
57 4.4e-06
58 5.16193e-06
59 6.8e-06
60 6.36193e-06
61 6.4e-06
62 8.8e-06
63 6e-06
64 8.4e-06
65 1.15619e-05
66 7.56193e-06
67 3.96193e-06
68 5.6e-06
69 8.4e-06
70 7.2e-06
71 3.56193e-06
72 6.4e-06
73 7.2e-06
74 8e-06
75 7.2e-06
76 4.8e-06
77 2.8e-06
78 4.32387e-06
79 4.8e-06
80 5.2e-06
81 5.2e-06
82 4.8e-06
83 4.8e-06
84 6e-06
85 4.8e-06
86 4e-06
87 4.8e-06
88 7.2e-06
89 7.6e-06
90 6e-06
91 5.96193e-06
92 5.2e-06
93 4.8e-06
94 4.4e-06
95 4.8e-06
96 5.6e-06
97 4e-06
98 4.4e-06
99 7.16193e-06
100 5.2e-06
101 4e-06
102 5.6e-06
103 3.16193e-06
104 4.4e-06
105 6e-06
106 2.8e-06
107 5.6e-06
108 4.36193e-06
109 5.12749e-06
110 4e-06
111 4.8e-06
112 4.4e-06
113 4.8e-06
114 2.8e-06
115 4e-06
116 3.2e-06
117 5.2e-06
118 3.96193e-06
119 5.2e-06
120 2.8e-06
121 4.4e-06
122 4.8e-06
123 3.2e-06
124 2.8e-06
125 2.4e-06
126 5.6e-06
127 4.4e-06
128 4.4e-06
129 4.36193e-06
130 5.2e-06
131 7.56193e-06
132 5.56193e-06
133 3.6e-06
134 2.4e-06
135 4e-06
136 3.6e-06
137 5.52387e-06
138 3.56193e-06
139 2e-06
140 5.2e-06
141 4.4e-06
142 2e-06
143 6.4e-06
144 3.6e-06
145 4e-06
146 4e-06
147 2.8e-06
148 2.8e-06
149 4e-06
150 3.6e-06
151 5.2e-06
152 3.2e-06
153 3.2e-06
154 3.52387e-06
155 5.6e-06
156 4.8e-06
157 1.6e-06
158 3.2e-06
159 3.16193e-06
160 3.6e-06
161 4.8e-06
162 5.2e-06
163 3.56193e-06
164 3.6e-06
165 3.2e-06
166 8e-07
167 3.2e-06
168 3.16193e-06
169 2.8e-06
170 2.76193e-06
171 2.76193e-06
172 6.8e-06
173 1.2e-06
174 4.4e-06
175 4.4e-06
176 4e-06
177 4.76193e-06
178 4e-06
179 2e-06
180 3.2e-06
181 3.52387e-06
182 3.6e-06
183 4.8e-06
184 2.8e-06
185 2e-06
186 2.8e-06
187 6.4e-06
188 4.4e-06
189 4e-06
190 4.76193e-06
191 2.8e-06
192 2.8e-06
193 3.2e-06
194 1.2e-06
195 2e-06
196 6.8e-06
197 2.8e-06
198 3.2e-06
199 2.36193e-06
200 4.4e-06
201 4.4e-06
202 1.2e-06
203 2e-06
204 3.6e-06
205 2e-06
206 2.8e-06
207 3.2e-06
208 4e-06
209 2.8e-06
210 2.8e-06
211 3.6e-06
212 2.8e-06
213 3.6e-06
214 2.36193e-06
215 3.2e-06
216 1.2e-06
217 2.4e-06
218 3.16193e-06
219 2.76193e-06
220 4.32387e-06
221 2.4e-06
222 2e-06
223 3.2e-06
224 4.4e-06
225 4.8e-06
226 1.96193e-06
227 2.8e-06
228 1.6e-06
229 3.12387e-06
230 2.8e-06
231 3.2e-06
232 1.2e-06
233 4e-06
234 2.4e-06
235 4e-06
236 3.2e-06
237 2.8e-06
238 1.2e-06
239 3.2e-06
240 2.36193e-06
241 1.2e-06
242 2.8e-06
243 2.8e-06
244 3.2e-06
245 2.8e-06
246 2e-06
247 3.6e-06
248 8e-07
249 2.8e-06
250 2.36193e-06
251 7.61935e-07
252 2e-06
253 1.6e-06
254 1.6e-06
255 2e-06
256 1.2e-06
257 3.2e-06
258 2e-06
259 1.6e-06
260 2.36193e-06
261 3.6e-06
262 2.4e-06
263 2e-06
264 2.76193e-06
265 2.4e-06
266 1.6e-06
267 1.96193e-06
268 2.8e-06
269 1.6e-06
270 8e-07
271 2e-06
272 1.6e-06
273 2.4e-06
274 1.6e-06
275 2.4e-06
276 1.2e-06
277 2.36193e-06
278 3.2e-06
279 2.8e-06
280 4e-06
281 1.6e-06
282 2.4e-06
283 2.8e-06
284 1.6e-06
285 2.8e-06
286 2e-06
287 2.8e-06
288 8e-07
289 3.6e-06
290 1.6e-06
291 2.4e-06
292 2.8e-06
293 3.6e-06
294 1.6e-06
295 1.2e-06
296 1.56193e-06
297 4e-06
298 3.96193e-06
299 2.36193e-06
300 2e-06
301 2.72387e-06
302 1.6e-06
303 1.6e-06
304 8e-07
305 4e-06
306 1.6e-06
307 1.2e-06
308 1.6e-06
309 3.2e-06
310 2.4e-06
311 4.4e-06
312 2e-06
313 1.6e-06
314 8e-07
315 1.6e-06
316 4e-07
317 8e-07
318 2.4e-06
319 4e-07
320 2.4e-06
321 3.2e-06
322 2.8e-06
323 4.4e-06
324 1.2e-06
325 2.4e-06
326 1.2e-06
327 2.4e-06
328 2e-06
329 3.16193e-06
330 2.4e-06
331 1.6e-06
332 1.6e-06
333 2.4e-06
334 0
335 8e-07
336 2.8e-06
337 2.76193e-06
338 1.2e-06
339 2.4e-06
340 3.2e-06
341 1.56193e-06
342 1.2e-06
343 1.6e-06
344 2.4e-06
345 8e-07
346 3.2e-06
347 7.61935e-07
348 8e-07
349 2.32387e-06
350 1.6e-06
351 4e-07
352 2.4e-06
353 2e-06
354 2.36193e-06
355 4e-07
356 3.96193e-06
357 4e-07
358 1.2e-06
359 2.4e-06
360 2e-06
361 2.8e-06
362 2.4e-06
363 1.16193e-06
364 1.6e-06
365 3.2e-06
366 2.4e-06
367 1.6e-06
368 3.2e-06
369 1.56193e-06
370 1.56193e-06
371 2e-06
372 3.2e-06
373 1.2e-06
374 2.76193e-06
375 3.2e-06
376 3.6e-06
377 8e-07
378 0
379 8e-07
380 0
381 1.96193e-06
382 2.8e-06
383 1.2e-06
384 8e-07
385 1.16193e-06
386 8e-07
387 2.8e-06
388 4e-07
389 1.6e-06
390 1.2e-06
391 2.4e-06
392 2e-06
393 3.6e-06
394 1.2e-06
395 1.6e-06
396 2e-06
397 1.6e-06
398 1.2e-06
399 2.8e-06
400 8e-07
401 1.6e-06
402 2e-06
403 1.2e-06
404 1.2e-06
405 8e-07
406 8e-07
407 1.2e-06
408 2.36193e-06
409 1.6e-06
410 1.6e-06
411 1.2e-06
412 1.6e-06
413 3.6e-06
414 2e-06
415 1.6e-06
416 2.8e-06
417 1.2e-06
418 3.6e-06
419 2e-06
420 1.6e-06
421 1.6e-06
422 1.8858e-06
423 1.6e-06
424 8e-07
425 2.8e-06
426 1.2e-06
427 1.6e-06
428 2.8e-06
429 1.2e-06
430 2e-06
431 1.2e-06
432 1.2e-06
433 2.8e-06
434 1.6e-06
435 1.6e-06
436 1.2e-06
437 3.2e-06
438 1.2e-06
439 3.6e-06
440 1.6e-06
441 2.36193e-06
442 8e-07
443 2.4e-06
444 1.92387e-06
445 1.2e-06
446 1.6e-06
447 1.6e-06
448 1.2e-06
449 4.36193e-06
450 2.76193e-06
451 1.56193e-06
452 2e-06
453 2.4e-06
454 8e-07
455 1.6e-06
456 4e-07
457 8e-07
458 1.6e-06
459 2.4e-06
460 2.4e-06
461 2e-06
462 2.4e-06
463 8e-07
464 3.61935e-07
465 8e-07
466 3.16193e-06
467 1.6e-06
468 2.36193e-06
469 1.6e-06
470 3.6e-06
471 8e-07
472 2e-06
473 7.61935e-07
474 1.2e-06
475 2e-06
476 1.2e-06
477 8e-07
478 2.4e-06
479 2e-06
480 2.8e-06
481 1.2e-06
482 8e-07
483 2.4e-06
484 2e-06
485 2.4e-06
486 2.8e-06
487 8e-07
488 1.6e-06
489 1.6e-06
490 3.2e-06
491 1.6e-06
492 8e-07
493 2.8e-06
494 1.2e-06
495 2.8e-06
496 4e-07
497 1.2e-06
498 2.36193e-06
499 2.36193e-06
500 1.2e-06
501 1.2e-06
502 8e-07
503 4e-07
504 1.16193e-06
505 8e-07
506 4e-07
507 4e-07
508 2.32387e-06
509 2.76193e-06
510 2.8e-06
511 1.96193e-06
512 2.8e-06
513 2.8e-06
514 2.8e-06
515 4e-07
516 1.6e-06
517 2.8e-06
518 2.8e-06
519 4e-07
520 2.8e-06
521 1.2e-06
522 4e-07
523 7.61935e-07
524 2e-06
525 1.2e-06
526 2e-06
527 2.4e-06
528 8e-07
529 1.6e-06
530 2e-06
531 1.6e-06
532 2.4e-06
533 1.6e-06
534 1.2e-06
535 8e-07
536 8e-07
537 2.76193e-06
538 8e-07
539 2e-06
540 2.72387e-06
541 2e-06
542 2e-06
543 1.2e-06
544 8e-07
545 1.2e-06
546 1.6e-06
547 1.6e-06
548 3.2e-06
549 2.8e-06
550 2.4e-06
551 1.6e-06
552 4e-07
553 1.2e-06
554 1.6e-06
555 0
556 1.16193e-06
557 2.8e-06
558 1.2e-06
559 8e-07
560 1.2e-06
561 1.96193e-06
562 4e-07
563 1.6e-06
564 1.2e-06
565 1.16193e-06
566 8e-07
567 1.6e-06
568 8e-07
569 1.2e-06
570 2.8e-06
571 2e-06
572 1.6e-06
573 1.2e-06
574 7.61935e-07
575 1.6e-06
576 8e-07
577 4e-07
578 7.61935e-07
579 1.6e-06
580 8e-07
581 2.8e-06
582 2e-06
583 2.8e-06
584 0
585 1.2e-06
586 2.4e-06
587 4e-07
588 4e-07
589 3.56193e-06
590 1.6e-06
591 2e-06
592 2.8e-06
593 8e-07
594 3.56193e-06
595 1.2e-06
596 1.6e-06
597 1.16193e-06
598 8e-07
599 2e-06
600 2e-06
601 1.2e-06
602 1.6e-06
603 3.16193e-06
604 1.6e-06
605 1.6e-06
606 1.2e-06
607 4e-07
608 1.2e-06
609 1.6e-06
610 1.6e-06
611 1.6e-06
612 1.2e-06
613 1.2e-06
614 1.6e-06
615 8e-07
616 1.2e-06
617 1.2e-06
618 1.2e-06
619 4e-07
620 8e-07
621 1.2e-06
622 4e-06
623 2e-06
624 4e-07
625 1.6e-06
626 8e-07
627 8e-07
628 7.61935e-07
629 4e-07
630 1.2e-06
631 2e-06
632 1.96193e-06
633 4e-07
634 2e-06
635 1.2e-06
636 8e-07
637 8e-07
638 1.2e-06
639 1.2e-06
640 8e-07
641 1.6e-06
642 1.2e-06
643 1.6e-06
644 1.56193e-06
645 1.96193e-06
646 1.6e-06
647 8e-07
648 8e-07
649 4e-07
650 8e-07
651 1.6e-06
652 1.6e-06
653 2e-06
654 4e-07
655 4e-07
656 3.2e-06
657 2.4e-06
658 4e-07
659 8e-07
660 1.56193e-06
661 1.16193e-06
662 1.2e-06
663 1.6e-06
664 2.4e-06
665 4e-07
666 4e-07
667 2.4e-06
668 2e-06
669 8e-07
670 8e-07
671 8e-07
672 8e-07
673 8e-07
674 1.2e-06
675 1.2e-06
676 2e-06
677 1.96193e-06
678 1.96193e-06
679 1.6e-06
680 1.2e-06
681 8e-07
682 1.6e-06
683 8e-07
684 1.6e-06
685 1.2e-06
686 1.96193e-06
687 1.56193e-06
688 1.16193e-06
689 1.16193e-06
690 1.6e-06
691 4e-07
692 8e-07
693 1.2e-06
694 1.6e-06
695 2.4e-06
696 4e-07
697 2e-06
698 2e-06
699 1.6e-06
700 1.6e-06
701 4e-07
702 8e-07
703 1.6e-06
704 8e-07
705 1.2e-06
706 1.2e-06
707 2.4e-06
708 3.16193e-06
709 4e-07
710 8e-07
711 1.2e-06
712 1.16193e-06
713 2e-06
714 8e-07
715 4e-07
716 2.36193e-06
717 1.2e-06
718 1.56193e-06
719 8e-07
720 1.6e-06
721 7.61935e-07
722 1.2e-06
723 1.2e-06
724 8e-07
725 2e-06
726 4e-07
727 8e-07
728 8e-07
729 2e-06
730 2.4e-06
731 1.6e-06
732 0
733 2e-06
734 1.2e-06
735 1.2e-06
736 8e-07
737 8e-07
738 1.2e-06
739 1.2e-06
740 1.2e-06
741 8e-07
742 2e-06
743 8e-07
744 8e-07
745 4e-07
746 8e-07
747 0
748 1.16193e-06
749 8e-07
750 4e-07
751 2e-06
752 4e-07
753 2e-06
754 1.2e-06
755 4e-07
756 4e-07
757 4e-07
758 8e-07
759 8e-07
760 8e-07
761 1.2e-06
762 4e-07
763 8e-07
764 2.4e-06
765 1.6e-06
766 1.2e-06
767 1.2e-06
768 0
769 8e-07
770 1.6e-06
771 1.6e-06
772 8e-07
773 4e-07
774 1.2e-06
775 2e-06
776 1.6e-06
777 1.6e-06
778 8e-07
779 4e-07
780 3.61935e-07
781 1.2e-06
782 1.2e-06
783 8e-07
784 0
785 4e-07
786 4e-07
787 8e-07
788 4e-07
789 4e-07
790 0
791 2.4e-06
792 4e-07
793 4e-07
794 1.2e-06
795 1.6e-06
796 8e-07
797 1.6e-06
798 8e-07
799 1.2e-06
800 2e-06
801 8e-07
802 2.76193e-06
803 0
804 0
805 1.6e-06
806 8e-07
807 1.2e-06
808 8e-07
809 8e-07
810 1.2e-06
811 1.2e-06
812 8e-07
813 1.56193e-06
814 1.2e-06
815 8e-07
816 1.92387e-06
817 8e-07
818 8e-07
819 8e-07
820 1.6e-06
821 1.16193e-06
822 7.2387e-07
823 2e-06
824 1.2e-06
825 2e-06
826 0
827 4e-07
828 8e-07
829 0
830 2e-06
831 8e-07
832 8e-07
833 1.12387e-06
834 8e-07
835 1.2e-06
836 1.2e-06
837 1.6e-06
838 8e-07
839 1.2e-06
840 1.16193e-06
841 2e-06
842 1.6e-06
843 1.2e-06
844 8e-07
845 4e-07
846 8e-07
847 8e-07
848 4e-07
849 7.61935e-07
850 1.2e-06
851 1.16193e-06
852 1.56193e-06
853 4e-07
854 1.2e-06
855 1.2e-06
856 2e-06
857 1.2e-06
858 8e-07
859 8e-07
860 8e-07
861 2e-06
862 1.6e-06
863 4e-07
864 4e-07
865 8e-07
866 8e-07
867 8e-07
868 0
869 8e-07
870 2e-06
871 1.2e-06
872 0
873 1.2e-06
874 1.2e-06
875 2.4e-06
876 1.2e-06
877 4e-07
878 1.2e-06
879 1.56193e-06
880 1.2e-06
881 2e-06
882 1.6e-06
883 8e-07
884 1.2e-06
885 7.61935e-07
886 1.2e-06
887 2.36193e-06
888 8e-07
889 1.6e-06
890 8e-07
891 1.2e-06
892 8e-07
893 1.6e-06
894 8e-07
895 0
896 8e-07
897 1.2e-06
898 8e-07
899 1.96193e-06
900 4e-07
901 4e-07
902 4e-07
903 2.8e-06
904 1.56193e-06
905 8e-07
906 8e-07
907 1.6e-06
908 2e-06
909 4e-07
910 1.6e-06
911 0
912 1.12749e-06
913 1.2e-06
914 2e-06
915 4e-07
916 1.2e-06
917 8e-07
918 4e-07
919 8e-07
920 1.6e-06
921 8e-07
922 4e-07
923 1.2e-06
924 1.6e-06
925 1.2e-06
926 4e-07
927 8e-07
928 1.6e-06
929 4e-07
930 7.61935e-07
931 2.4e-06
932 1.2e-06
933 1.2e-06
934 1.12749e-06
935 1.6e-06
936 1.6e-06
937 1.2e-06
938 4e-07
939 1.56193e-06
940 8e-07
941 8e-07
942 8e-07
943 2e-06
944 8e-07
945 8e-07
946 8e-07
947 4e-07
948 0
949 1.2e-06
950 8e-07
951 1.2e-06
952 1.56193e-06
953 1.2e-06
954 8e-07
955 8e-07
956 7.61935e-07
957 1.2e-06
958 0
959 7.27492e-07
960 8e-07
961 1.56193e-06
962 8e-07
963 8e-07
964 8e-07
965 8e-07
966 4e-07
967 1.6e-06
968 3.61935e-07
969 4e-07
970 1.2e-06
971 8e-07
972 1.2e-06
973 1.2e-06
974 2.4e-06
975 4e-07
976 0
977 2e-06
978 1.96193e-06
979 4e-07
980 8e-07
981 8e-07
982 8e-07
983 1.96193e-06
984 4e-07
985 8e-07
986 1.2e-06
987 8e-07
988 4e-07
989 1.16193e-06
990 1.56193e-06
991 8e-07
992 1.6e-06
993 1.6e-06
994 2e-06
995 8e-07
996 1.6e-06
997 4e-07
998 8e-07
999 0
