0 0
1 0.0001156
2 7.47619e-05
3 5.68e-05
4 4.2e-05
5 3.36e-05
6 3.07619e-05
7 3.19619e-05
8 2.64e-05
9 2.35619e-05
10 2.12e-05
11 1.72e-05
12 2.2e-05
13 2.28e-05
14 1.71619e-05
15 1.96e-05
16 1.87619e-05
17 1.52e-05
18 1.44e-05
19 1.52e-05
20 1.68e-05
21 1.6e-05
22 1.16e-05
23 1.44e-05
24 1.28e-05
25 1.56e-05
26 1.16e-05
27 1.28e-05
28 9.96193e-06
29 9.2e-06
30 1.19619e-05
31 1.23619e-05
32 1.2e-05
33 1.11619e-05
34 7.56193e-06
35 1e-05
36 1.15239e-05
37 8.76193e-06
38 1e-05
39 4.8e-06
40 1.04e-05
41 6e-06
42 7.6e-06
43 1.16e-05
44 8e-06
45 9.2e-06
46 5.2e-06
47 8.8e-06
48 9.6e-06
49 9.6e-06
50 6.8e-06
51 5.6e-06
52 7.2e-06
53 8.8e-06
54 8.4e-06
55 9.6e-06
56 6e-06
57 6.4e-06
58 4e-06
59 5.2e-06
60 6.8e-06
61 7.6e-06
62 6.8e-06
63 6.4e-06
64 5.2e-06
65 8.4e-06
66 6.8e-06
67 7.2e-06
68 6.4e-06
69 7.2e-06
70 7.2e-06
71 6e-06
72 6.72387e-06
73 4e-06
74 4.8e-06
75 5.16193e-06
76 6.4e-06
77 7.6e-06
78 5.96193e-06
79 4.8e-06
80 4.4e-06
81 4.8e-06
82 4.8e-06
83 5.4858e-06
84 3.6e-06
85 4.8e-06
86 4e-06
87 3.6e-06
88 5.2e-06
89 5.6e-06
90 3.2e-06
91 4.4e-06
92 5.52387e-06
93 5.16193e-06
94 7.56193e-06
95 5.96193e-06
96 3.6e-06
97 6e-06
98 6.8e-06
99 5.56193e-06
100 7.2e-06
101 3.2e-06
102 5.2e-06
103 4e-06
104 5.2e-06
105 4e-06
106 4e-06
107 3.6e-06
108 5.6e-06
109 4.8e-06
110 2.4e-06
111 4.8e-06
112 6e-06
113 2.8e-06
114 2e-06
115 1.6e-06
116 5.2e-06
117 5.2e-06
118 4.4e-06
119 2.8e-06
120 5.6e-06
121 5.2e-06
122 5.2e-06
123 6e-06
124 5.6e-06
125 3.2e-06
126 1.2e-06
127 4e-06
128 2.4e-06
129 5.2e-06
130 3.6e-06
131 3.2e-06
132 4.4e-06
133 4.8e-06
134 3.56193e-06
135 5.2e-06
136 4e-06
137 3.6e-06
138 4.8e-06
139 4.8e-06
140 4e-06
141 3.6e-06
142 4.4e-06
143 1.6e-06
144 4.8e-06
145 2.4e-06
146 4.8e-06
147 3.2e-06
148 4.8e-06
149 4.8e-06
150 4.4e-06
151 4.36193e-06
152 2.76193e-06
153 3.6e-06
154 2.4e-06
155 3.12387e-06
156 2.76193e-06
157 2.8e-06
158 3.2e-06
159 5.56193e-06
160 3.6e-06
161 1.6e-06
162 1.2e-06
163 3.56193e-06
164 6.4e-06
165 2e-06
166 5.2e-06
167 2.4e-06
168 2e-06
169 3.6e-06
170 2.8e-06
171 2.8e-06
172 3.56193e-06
173 3.2e-06
174 4e-06
175 3.6e-06
176 4e-06
177 2.32387e-06
178 3.6e-06
179 1.2e-06
180 2.36193e-06
181 3.2e-06
182 3.6e-06
183 3.16193e-06
184 2.8e-06
185 1.6e-06
186 4.4e-06
187 1.2e-06
188 3.6e-06
189 2.4e-06
190 1.2e-06
191 2.8e-06
192 2.4e-06
193 3.16193e-06
194 2.4e-06
195 2e-06
196 4.36193e-06
197 2e-06
198 3.56193e-06
199 3.2e-06
200 1.6e-06
201 1.6e-06
202 4e-06
203 1.2e-06
204 1.2e-06
205 3.16193e-06
206 3.16193e-06
207 2.8e-06
208 2e-06
209 3.96193e-06
210 2.4e-06
211 1.6e-06
212 2.4e-06
213 3.56193e-06
214 1.6e-06
215 7.6e-06
216 4e-06
217 2.8e-06
218 4.8e-06
219 3.2e-06
220 2.36193e-06
221 2.8e-06
222 3.2e-06
223 3.52749e-06
224 2.4e-06
225 2.4e-06
226 2e-06
227 1.6e-06
228 2.4e-06
229 1.2e-06
230 3.16193e-06
231 2.4e-06
232 3.2e-06
233 3.2e-06
234 4e-06
235 4.8e-06
236 2e-06
237 2.4e-06
238 2.4e-06
239 2.4e-06
240 4.8e-06
241 2.8e-06
242 3.16193e-06
243 1.2e-06
244 3.2e-06
245 1.6e-06
246 2.8e-06
247 1.6e-06
248 3.16193e-06
249 2.8e-06
250 1.6e-06
251 2e-06
252 2.8e-06
253 3.96193e-06
254 4.4e-06
255 2.4e-06
256 2.4e-06
257 4.36193e-06
258 1.6e-06
259 2.4e-06
260 1.6e-06
261 2.4e-06
262 3.2e-06
263 2.8e-06
264 3.2e-06
265 2.8e-06
266 1.6e-06
267 2e-06
268 2.4e-06
269 1.6e-06
270 1.6e-06
271 1.6e-06
272 2e-06
273 1.2e-06
274 4.4e-06
275 1.6e-06
276 2.36193e-06
277 1.6e-06
278 3.6e-06
279 3.61935e-07
280 3.2e-06
281 3.2e-06
282 3.16193e-06
283 1.2e-06
284 2.36193e-06
285 2.4e-06
286 2.4e-06
287 1.2e-06
288 1.6e-06
289 1.6e-06
290 2.4e-06
291 2.4e-06
292 3.96193e-06
293 2e-06
294 1.6e-06
295 1.6e-06
296 4.4e-06
297 1.96193e-06
298 3.6e-06
299 1.96193e-06
300 2.4e-06
301 1.6e-06
302 1.56193e-06
303 3.6e-06
304 3.16193e-06
305 4.4e-06
306 1.6e-06
307 1.2e-06
308 2.8e-06
309 3.56193e-06
310 2.8e-06
311 1.56193e-06
312 1.6e-06
313 1.2e-06
314 1.6e-06
315 8e-07
316 3.6e-06
317 2.4e-06
318 2e-06
319 2.76193e-06
320 2.76193e-06
321 2.8e-06
322 2.4e-06
323 1.6e-06
324 3.6e-06
325 4.4e-06
326 8e-07
327 2.76193e-06
328 3.2e-06
329 1.2e-06
330 1.6e-06
331 1.2e-06
332 1.2e-06
333 1.6e-06
334 2.4e-06
335 2e-06
336 2e-06
337 2.4e-06
338 3.6e-06
339 2e-06
340 4e-07
341 2e-06
342 4.36193e-06
343 2.4e-06
344 1.2e-06
345 2.8e-06
346 3.56193e-06
347 4e-07
348 4e-06
349 2.8e-06
350 1.2e-06
351 1.2e-06
352 2.8e-06
353 2e-06
354 1.2e-06
355 2.36193e-06
356 3.56193e-06
357 1.6e-06
358 2.4e-06
359 8e-07
360 4e-07
361 7.27492e-07
362 2.8e-06
363 1.56193e-06
364 1.6e-06
365 1.2e-06
366 4e-07
367 2.4e-06
368 2.36193e-06
369 1.2e-06
370 2e-06
371 1.6e-06
372 4e-07
373 2e-06
374 1.6e-06
375 2e-06
376 2.76193e-06
377 8e-07
378 2e-06
379 8e-07
380 2.32387e-06
381 3.96193e-06
382 1.6e-06
383 2e-06
384 4e-06
385 1.6e-06
386 1.56193e-06
387 2e-06
388 5.16193e-06
389 8e-07
390 8e-07
391 1.96193e-06
392 1.2e-06
393 1.2e-06
394 2.8e-06
395 2.32387e-06
396 1.2e-06
397 1.6e-06
398 1.6e-06
399 1.56193e-06
400 1.52749e-06
401 2.4e-06
402 2.4e-06
403 2.8e-06
404 2.4e-06
405 2e-06
406 8e-07
407 2e-06
408 4e-07
409 1.6e-06
410 2.36193e-06
411 2.4e-06
412 2.4e-06
413 1.6e-06
414 8e-07
415 3.2e-06
416 1.2e-06
417 1.2e-06
418 3.2e-06
419 2.36193e-06
420 7.61935e-07
421 3.2e-06
422 2.4e-06
423 2.36193e-06
424 1.2e-06
425 1.2e-06
426 8e-07
427 1.6e-06
428 1.2e-06
429 1.6e-06
430 1.2e-06
431 2.36193e-06
432 1.6e-06
433 4e-07
434 2.36193e-06
435 2e-06
436 1.6e-06
437 7.61935e-07
438 1.2e-06
439 1.2e-06
440 8e-07
441 2e-06
442 2.8e-06
443 2e-06
444 1.2e-06
445 1.2e-06
446 8e-07
447 2e-06
448 8e-07
449 2.4e-06
450 1.2e-06
451 2.4e-06
452 2e-06
453 1.2e-06
454 8e-07
455 2e-06
456 2.8e-06
457 1.2e-06
458 8e-07
459 1.2e-06
460 8e-07
461 1.2e-06
462 3.2e-06
463 2.76193e-06
464 1.56193e-06
465 1.96193e-06
466 2.4e-06
467 1.2e-06
468 1.52749e-06
469 1.6e-06
470 2e-06
471 8e-07
472 7.61935e-07
473 1.6e-06
474 1.6e-06
475 1.6e-06
476 1.6e-06
477 1.6e-06
478 1.2e-06
479 3.2e-06
480 0
481 1.96193e-06
482 1.2e-06
483 1.6e-06
484 8e-07
485 1.2e-06
486 1.2e-06
487 3.56193e-06
488 4e-07
489 2e-06
490 1.6e-06
491 1.2e-06
492 1.6e-06
493 1.6e-06
494 8e-07
495 2e-06
496 8e-07
497 4e-07
498 2.8e-06
499 4e-07
500 1.6e-06
501 2.4e-06
502 7.61935e-07
503 1.6e-06
504 1.2e-06
505 1.6e-06
506 4e-07
507 2e-06
508 2e-06
509 1.2e-06
510 1.6e-06
511 2e-06
512 1.2e-06
513 8e-07
514 8e-07
515 1.2e-06
516 2e-06
517 8e-07
518 1.16193e-06
519 1.6e-06
520 1.2e-06
521 1.2e-06
522 8e-07
523 1.2e-06
524 2.8e-06
525 2.4e-06
526 1.2e-06
527 2e-06
528 1.6e-06
529 8e-07
530 2.4e-06
531 1.6e-06
532 0
533 1.96193e-06
534 2e-06
535 8e-07
536 1.2e-06
537 1.6e-06
538 2.4e-06
539 1.6e-06
540 4.4e-06
541 1.2e-06
542 2e-06
543 1.96193e-06
544 1.16193e-06
545 3.6e-06
546 1.2e-06
547 2e-06
548 2e-06
549 2.4e-06
550 1.6e-06
551 2e-06
552 2e-06
553 1.16193e-06
554 2.4e-06
555 2.72387e-06
556 1.6e-06
557 1.2e-06
558 4e-07
559 1.96193e-06
560 1.6e-06
561 2e-06
562 1.2e-06
563 2e-06
564 1.6e-06
565 8e-07
566 2e-06
567 4e-07
568 1.6e-06
569 8e-07
570 4e-07
571 1.6e-06
572 1.6e-06
573 4e-07
574 4e-07
575 2e-06
576 1.2e-06
577 2.4e-06
578 1.16193e-06
579 1.2e-06
580 1.6e-06
581 0
582 8e-07
583 1.2e-06
584 1.6e-06
585 1.6e-06
586 8e-07
587 2e-06
588 1.2e-06
589 1.16193e-06
590 1.6e-06
591 4e-07
592 2.4e-06
593 0
594 1.6e-06
595 1.2e-06
596 1.2e-06
597 1.2e-06
598 8e-07
599 1.56193e-06
600 1.6e-06
601 1.6e-06
602 1.2e-06
603 1.6e-06
604 1.6e-06
605 1.6e-06
606 2e-06
607 1.2e-06
608 3.16193e-06
609 1.6e-06
610 1.2e-06
611 1.6e-06
612 1.2e-06
613 2e-06
614 4e-07
615 2e-06
616 1.2e-06
617 1.2e-06
618 8e-07
619 0
620 1.2e-06
621 2e-06
622 2.4e-06
623 1.56193e-06
624 1.96193e-06
625 8e-07
626 0
627 1.2e-06
628 2e-06
629 2e-06
630 1.6e-06
631 8e-07
632 2e-06
633 8e-07
634 8e-07
635 8e-07
636 1.2e-06
637 8e-07
638 1.2e-06
639 1.2e-06
640 0
641 1.2e-06
642 3.2e-06
643 1.16193e-06
644 4e-07
645 8e-07
646 8e-07
647 4e-07
648 8e-07
649 8e-07
650 1.96193e-06
651 8e-07
652 8e-07
653 1.6e-06
654 8e-07
655 1.6e-06
656 8e-07
657 1.6e-06
658 2.36193e-06
659 4e-07
660 8e-07
661 1.2e-06
662 1.2e-06
663 1.6e-06
664 2.4e-06
665 2.4e-06
666 1.56193e-06
667 2e-06
668 1.2e-06
669 1.6e-06
670 8e-07
671 2.4e-06
672 8e-07
673 1.2e-06
674 1.16193e-06
675 1.2e-06
676 1.96193e-06
677 2.4e-06
678 1.6e-06
679 0
680 4e-07
681 1.2e-06
682 1.2e-06
683 4e-07
684 8e-07
685 8e-07
686 1.2e-06
687 1.2e-06
688 0
689 1.6e-06
690 3.16193e-06
691 8e-07
692 4e-07
693 1.2e-06
694 8e-07
695 2e-06
696 1.2e-06
697 2e-06
698 4e-07
699 4e-07
700 1.2e-06
701 4e-07
702 1.6e-06
703 2.4e-06
704 1.6e-06
705 1.2e-06
706 2e-06
707 1.2e-06
708 1.2e-06
709 1.16193e-06
710 1.6e-06
711 8e-07
712 0
713 2.4e-06
714 4e-07
715 1.6e-06
716 2e-06
717 2e-06
718 0
719 3.16193e-06
720 2e-06
721 1.2e-06
722 2.4e-06
723 4e-07
724 1.2e-06
725 1.6e-06
726 1.6e-06
727 8e-07
728 1.2e-06
729 1.2e-06
730 1.2e-06
731 1.16193e-06
732 8e-07
733 4e-07
734 8e-07
735 4e-07
736 4e-07
737 1.2e-06
738 1.2e-06
739 0
740 2.4e-06
741 8e-07
742 8e-07
743 4e-07
744 4e-07
745 4e-07
746 2.4e-06
747 4e-07
748 8e-07
749 8e-07
750 4e-07
751 1.6e-06
752 1.96193e-06
753 8e-07
754 1.2e-06
755 1.6e-06
756 0
757 1.2e-06
758 8e-07
759 2.36193e-06
760 7.61935e-07
761 1.6e-06
762 1.2e-06
763 2e-06
764 8e-07
765 1.6e-06
766 4e-07
767 2e-06
768 8e-07
769 8e-07
770 1.2e-06
771 2e-06
772 1.6e-06
773 3.61935e-07
774 4e-07
775 4e-07
776 1.2e-06
777 8e-07
778 2.36193e-06
779 4e-07
780 2e-06
781 1.2e-06
782 1.96193e-06
783 1.6e-06
784 1.2e-06
785 4e-07
786 1.2e-06
787 1.6e-06
788 1.2e-06
789 1.16193e-06
790 1.56193e-06
791 0
792 1.2e-06
793 4e-07
794 4e-07
795 8e-07
796 1.6e-06
797 8e-07
798 0
799 1.6e-06
800 8e-07
801 4e-07
802 4e-07
803 4e-07
804 2.4e-06
805 4e-07
806 1.2e-06
807 4e-07
808 2e-06
809 1.2e-06
810 1.6e-06
811 2e-06
812 2.8e-06
813 1.16193e-06
814 8e-07
815 8e-07
816 8e-07
817 2e-06
818 0
819 4e-07
820 2.4e-06
821 1.2e-06
822 8e-07
823 1.56193e-06
824 1.56193e-06
825 1.96193e-06
826 1.6e-06
827 2e-06
828 1.6e-06
829 4e-07
830 1.6e-06
831 1.2e-06
832 1.2e-06
833 8e-07
834 1.2e-06
835 8e-07
836 1.2e-06
837 1.2e-06
838 2e-06
839 4e-07
840 8e-07
841 4e-07
842 0
843 4e-07
844 1.92749e-06
845 4e-07
846 4e-07
847 4e-07
848 1.2e-06
849 4e-07
850 8e-07
851 1.92387e-06
852 4e-07
853 8e-07
854 8e-07
855 1.6e-06
856 3.92387e-06
857 1.16193e-06
858 0
859 1.16193e-06
860 4e-07
861 8e-07
862 1.2e-06
863 3.96193e-06
864 0
865 0
866 8e-07
867 4e-07
868 1.6e-06
869 1.6e-06
870 8e-07
871 8e-07
872 1.16193e-06
873 8e-07
874 8e-07
875 4e-07
876 8e-07
877 3.16193e-06
878 8e-07
879 1.6e-06
880 8e-07
881 4e-07
882 1.2e-06
883 7.61935e-07
884 1.16193e-06
885 1.6e-06
886 8e-07
887 1.2e-06
888 1.2e-06
889 7.61935e-07
890 2.36193e-06
891 8e-07
892 0
893 2.4e-06
894 2e-06
895 1.2e-06
896 8e-07
897 8e-07
898 8e-07
899 0
900 7.2387e-07
901 0
902 4e-07
903 2e-06
904 1.2e-06
905 1.2e-06
906 1.2e-06
907 1.6e-06
908 0
909 1.2e-06
910 2.8e-06
911 1.2e-06
912 8e-07
913 1.6e-06
914 1.2e-06
915 1.16193e-06
916 4e-07
917 0
918 4e-07
919 4e-07
920 1.2e-06
921 1.2e-06
922 1.6e-06
923 1.92387e-06
924 1.2e-06
925 1.2e-06
926 0
927 1.2e-06
928 1.56193e-06
929 4e-07
930 8e-07
931 1.6e-06
932 0
933 1.2e-06
934 2.4e-06
935 0
936 1.2e-06
937 2.4e-06
938 2e-06
939 8e-07
940 0
941 1.16193e-06
942 4e-07
943 1.2e-06
944 1.6e-06
945 0
946 1.2e-06
947 4e-07
948 4e-07
949 1.2e-06
950 0
951 8e-07
952 1.2e-06
953 4e-07
954 8e-07
955 4e-07
956 4e-07
957 1.2e-06
958 4e-07
959 8e-07
960 8e-07
961 4e-07
962 1.2e-06
963 4e-07
964 8e-07
965 0
966 4e-07
967 8e-07
968 8e-07
969 8e-07
970 4e-07
971 8e-07
972 4e-07
973 1.16193e-06
974 2e-06
975 1.2e-06
976 8e-07
977 1.52387e-06
978 1.6e-06
979 7.61935e-07
980 3.2e-06
981 4e-07
982 8e-07
983 1.96193e-06
984 4e-07
985 0
986 8e-07
987 2.36193e-06
988 4e-07
989 4e-07
990 8e-07
991 2.4e-06
992 1.6e-06
993 1.2e-06
994 1.6e-06
995 2e-06
996 7.61935e-07
997 4e-07
998 4e-07
999 0
