0 0
1 0
2 0
3 0
4 0
5 0
6 0
7 0
8 0
9 0
10 0
11 0
12 8e-08
13 0
14 0
15 0
16 0
17 0
18 0
19 0
20 0
21 0
22 0
23 0
24 0
25 0
26 0
27 0
28 0
29 0
30 0
31 0
32 0
33 0
34 0
35 0
36 0
37 8e-08
38 0
39 0
40 0
41 0
42 0
43 0
44 0
45 0
46 0
47 0
48 0
49 1.6e-07
50 8e-08
51 0
52 0
53 0
54 0
55 0
56 0
57 0
58 0
59 0
60 0
61 0
62 0
63 0
64 0
65 0
66 0
67 0
68 0
69 0
70 8e-08
71 0
72 0
73 0
74 0
75 0
76 0
77 0
78 0
79 0
80 0
81 0
82 0
83 0
84 0
85 0
86 0
87 0
88 8e-08
89 0
90 0
91 8e-08
92 0
93 0
94 0
95 1.6e-07
96 0
97 0
98 0
99 0
100 8e-08
101 8e-08
102 0
103 0
104 8e-08
105 0
106 0
107 0
108 0
109 1.6e-07
110 8e-08
111 0
112 8e-08
113 0
114 0
115 0
116 0
117 0
118 1.6e-07
119 0
120 0
121 0
122 0
123 0
124 0
125 0
126 8e-08
127 0
128 8e-08
129 0
130 8e-08
131 8e-08
132 0
133 0
134 0
135 1.6e-07
136 0
137 0
138 1.6e-07
139 0
140 0
141 8e-08
142 0
143 0
144 0
145 0
146 8e-08
147 8e-08
148 0
149 0
150 0
151 0
152 0
153 0
154 0
155 0
156 0
157 0
158 8e-08
159 8e-08
160 0
161 0
162 0
163 0
164 0
165 0
166 0
167 0
168 0
169 8e-08
170 8e-08
171 0
172 0
173 0
174 8e-08
175 0
176 8e-08
177 0
178 1.6e-07
179 0
180 0
181 8e-08
182 0
183 0
184 0
185 8e-08
186 8e-08
187 0
188 0
189 2.4e-07
190 0
191 0
192 0
193 8e-08
194 0
195 8e-08
196 8e-08
197 0
198 8e-08
199 0
200 8e-08
201 1.6e-07
202 0
203 1.6e-07
204 8e-08
205 0
206 0
207 0
208 8e-08
209 0
210 8e-08
211 8e-08
212 0
213 0
214 0
215 8e-08
216 1.6e-07
217 0
218 0
219 8e-08
220 0
221 0
222 0
223 0
224 8e-08
225 0
226 8e-08
227 0
228 8e-08
229 0
230 0
231 8e-08
232 8e-08
233 8e-08
234 0
235 0
236 0
237 0
238 8e-08
239 0
240 0
241 8e-08
242 0
243 0
244 1.6e-07
245 2.4e-07
246 8e-08
247 8e-08
248 1.6e-07
249 0
250 1.6e-07
251 0
252 0
253 8e-08
254 0
255 8e-08
256 0
257 8e-08
258 0
259 0
260 0
261 0
262 0
263 1.6e-07
264 0
265 8e-08
266 2.4e-07
267 1.6e-07
268 8e-08
269 8e-08
270 8e-08
271 8e-08
272 8e-08
273 0
274 0
275 8e-08
276 3.2e-07
277 0
278 8e-08
279 8e-08
280 0
281 8e-08
282 0
283 0
284 0
285 0
286 0
287 2.4e-07
288 8e-08
289 0
290 0
291 0
292 8e-08
293 0
294 0
295 0
296 2.4e-07
297 8e-08
298 8e-08
299 0
300 2.4e-07
301 0
302 0
303 0
304 8e-08
305 0
306 0
307 0
308 0
309 2.4e-07
310 1.6e-07
311 0
312 8e-08
313 0
314 8e-08
315 0
316 7.2387e-08
317 1.6e-07
318 8e-08
319 0
320 0
321 8e-08
322 0
323 8e-08
324 0
325 1.6e-07
326 8e-08
327 0
328 0
329 3.2e-07
330 0
331 0
332 1.6e-07
333 1.52387e-07
334 0
335 2.4e-07
336 2.4e-07
337 0
338 8e-08
339 0
340 1.6e-07
341 8e-08
342 1.6e-07
343 2.4e-07
344 2.4e-07
345 1.6e-07
346 0
347 0
348 0
349 0
350 1.6e-07
351 8e-08
352 8e-08
353 0
354 0
355 1.6e-07
356 0
357 0
358 8e-08
359 8e-08
360 0
361 8e-08
362 0
363 0
364 3.2e-07
365 0
366 8e-08
367 8e-08
368 8e-08
369 1.6e-07
370 0
371 2.4e-07
372 0
373 8e-08
374 0
375 8e-08
376 0
377 8e-08
378 8e-08
379 2.4e-07
380 1.6e-07
381 8e-08
382 0
383 0
384 8e-08
385 8e-08
386 4e-07
387 0
388 0
389 0
390 8e-08
391 0
392 8e-08
393 8e-08
394 8e-08
395 1.6e-07
396 3.2e-07
397 1.6e-07
398 0
399 8e-08
400 1.6e-07
401 0
402 0
403 0
404 2.4e-07
405 0
406 0
407 1.6e-07
408 0
409 1.6e-07
410 1.6e-07
411 1.6e-07
412 8e-08
413 8e-08
414 2.4e-07
415 8e-08
416 8e-08
417 8e-08
418 8e-08
419 1.6e-07
420 1.6e-07
421 0
422 2.4e-07
423 8e-08
424 1.6e-07
425 8e-08
426 2.4e-07
427 8e-08
428 1.6e-07
429 2.4e-07
430 0
431 8e-08
432 1.6e-07
433 1.52387e-07
434 0
435 0
436 0
437 3.2e-07
438 1.6e-07
439 0
440 1.6e-07
441 8e-08
442 0
443 8e-08
444 1.6e-07
445 2.4e-07
446 0
447 8e-08
448 0
449 1.6e-07
450 1.6e-07
451 8e-08
452 8e-08
453 0
454 8e-08
455 2.4e-07
456 8e-08
457 1.6e-07
458 2.4e-07
459 2.4e-07
460 0
461 0
462 1.6e-07
463 1.6e-07
464 0
465 0
466 8e-08
467 8e-08
468 1.6e-07
469 0
470 1.6e-07
471 1.6e-07
472 8e-08
473 8e-08
474 8e-08
475 1.6e-07
476 1.6e-07
477 0
478 1.6e-07
479 2.4e-07
480 2.4e-07
481 2.4e-07
482 8e-08
483 0
484 3.2e-07
485 0
486 0
487 8e-08
488 2.4e-07
489 1.6e-07
490 8e-08
491 1.6e-07
492 8e-08
493 1.6e-07
494 1.6e-07
495 1.6e-07
496 0
497 3.2e-07
498 0
499 3.2e-07
500 8e-08
501 8e-08
502 1.6e-07
503 8e-08
504 8e-08
505 1.6e-07
506 0
507 8e-08
508 2.4e-07
509 8e-08
510 3.2e-07
511 1.6e-07
512 0
513 0
514 0
515 2.4e-07
516 8e-08
517 5.6e-07
518 8e-08
519 1.6e-07
520 2.32387e-07
521 8e-08
522 0
523 2.4e-07
524 8e-08
525 2.4e-07
526 0
527 8e-08
528 2.4e-07
529 1.6e-07
530 8e-08
531 8e-08
532 0
533 8e-08
534 1.6e-07
535 8e-08
536 0
537 8e-08
538 8e-08
539 3.2e-07
540 0
541 2.4e-07
542 3.2e-07
543 4e-07
544 2.32387e-07
545 8e-08
546 8e-08
547 8e-08
548 2.4e-07
549 8e-08
550 1.6e-07
551 0
552 8e-08
553 1.6e-07
554 0
555 1.6e-07
556 0
557 8e-08
558 8e-08
559 1.6e-07
560 1.6e-07
561 0
562 1.6e-07
563 1.6e-07
564 2.4e-07
565 0
566 2.4e-07
567 3.2e-07
568 1.6e-07
569 1.6e-07
570 0
571 0
572 8e-08
573 1.6e-07
574 1.6e-07
575 1.6e-07
576 3.2e-07
577 3.92387e-07
578 1.6e-07
579 0
580 1.6e-07
581 2.4e-07
582 1.6e-07
583 0
584 8e-08
585 8e-08
586 8e-08
587 8e-08
588 3.2e-07
589 3.2e-07
590 3.2e-07
591 2.4e-07
592 8e-08
593 8e-08
594 1.6e-07
595 1.6e-07
596 8e-08
597 1.6e-07
598 1.6e-07
599 8e-08
600 8e-08
601 0
602 0
603 8e-08
604 1.52387e-07
605 8e-08
606 2.4e-07
607 2.4e-07
608 2.4e-07
609 0
610 1.6e-07
611 4e-07
612 8e-08
613 1.6e-07
614 1.6e-07
615 1.6e-07
616 8e-08
617 4e-07
618 2.4e-07
619 2.4e-07
620 1.6e-07
621 2.4e-07
622 2.4e-07
623 2.4e-07
624 2.4e-07
625 2.4e-07
626 1.6e-07
627 8e-08
628 1.6e-07
629 8e-08
630 4e-07
631 1.6e-07
632 2.4e-07
633 2.4e-07
634 1.6e-07
635 1.6e-07
636 2.4e-07
637 3.2e-07
638 1.6e-07
639 3.2e-07
640 2.4e-07
641 2.4e-07
642 1.6e-07
643 0
644 8e-08
645 4e-07
646 3.2e-07
647 8e-08
648 3.2e-07
649 0
650 3.2e-07
651 2.4e-07
652 0
653 1.6e-07
654 8e-08
655 8e-08
656 4e-07
657 8e-08
658 4e-07
659 1.6e-07
660 8e-08
661 2.4e-07
662 1.6e-07
663 1.6e-07
664 1.6e-07
665 1.6e-07
666 0
667 8e-08
668 3.2e-07
669 0
670 1.6e-07
671 8e-08
672 1.6e-07
673 8e-08
674 1.6e-07
675 0
676 1.6e-07
677 1.6e-07
678 2.4e-07
679 8e-08
680 1.6e-07
681 2.4e-07
682 1.6e-07
683 1.6e-07
684 8e-08
685 8e-08
686 0
687 2.4e-07
688 1.52387e-07
689 0
690 3.2e-07
691 1.6e-07
692 2.4e-07
693 2.32387e-07
694 2.4e-07
695 0
696 3.12387e-07
697 5.6e-07
698 1.6e-07
699 1.6e-07
700 1.6e-07
701 0
702 3.2e-07
703 0
704 2.4e-07
705 2.4e-07
706 1.6e-07
707 0
708 1.6e-07
709 0
710 1.6e-07
711 0
712 8e-08
713 1.6e-07
714 1.6e-07
715 8e-08
716 3.2e-07
717 2.4e-07
718 1.6e-07
719 2.4e-07
720 0
721 3.2e-07
722 1.6e-07
723 8e-08
724 8e-08
725 1.6e-07
726 3.12387e-07
727 2.4e-07
728 8e-08
729 8e-08
730 8e-08
731 1.6e-07
732 1.6e-07
733 1.52387e-07
734 8e-08
735 2.4e-07
736 1.6e-07
737 8e-08
738 2.4e-07
739 1.6e-07
740 1.6e-07
741 1.6e-07
742 1.6e-07
743 2.4e-07
744 8e-08
745 0
746 3.2e-07
747 4e-07
748 4e-07
749 2.4e-07
750 8e-08
751 4e-07
752 1.52387e-07
753 1.6e-07
754 3.2e-07
755 2.4e-07
756 8e-08
757 2.4e-07
758 1.6e-07
759 4e-07
760 1.6e-07
761 1.6e-07
762 3.2e-07
763 2.4e-07
764 3.2e-07
765 8e-08
766 4e-07
767 1.6e-07
768 2.4e-07
769 3.2e-07
770 3.92387e-07
771 0
772 4e-07
773 7.2387e-08
774 4.8e-07
775 2.4e-07
776 1.6e-07
777 4.8e-07
778 0
779 2.4e-07
780 1.6e-07
781 8e-08
782 3.2e-07
783 2.4e-07
784 1.6e-07
785 0
786 2.4e-07
787 8e-08
788 8e-08
789 8e-08
790 8e-08
791 8e-08
792 4.8e-07
793 1.6e-07
794 8e-08
795 3.2e-07
796 8e-08
797 1.6e-07
798 8e-08
799 1.6e-07
800 4.8e-07
801 8e-08
802 2.4e-07
803 2.4e-07
804 1.6e-07
805 8e-08
806 1.6e-07
807 0
808 1.6e-07
809 2.4e-07
810 0
811 8e-08
812 1.6e-07
813 2.4e-07
814 0
815 1.6e-07
816 1.52387e-07
817 8e-08
818 8e-08
819 2.4e-07
820 8e-08
821 8e-08
822 5.6e-07
823 2.4e-07
824 2.4e-07
825 8e-08
826 2.4e-07
827 8e-08
828 1.6e-07
829 1.6e-07
830 2.4e-07
831 3.2e-07
832 3.2e-07
833 1.6e-07
834 3.12387e-07
835 1.6e-07
836 3.2e-07
837 2.4e-07
838 1.6e-07
839 2.4e-07
840 5.6e-07
841 1.6e-07
842 2.4e-07
843 3.2e-07
844 1.6e-07
845 4e-07
846 2.4e-07
847 2.4e-07
848 2.4e-07
849 1.6e-07
850 1.6e-07
851 2.32387e-07
852 2.4e-07
853 8e-08
854 8e-08
855 2.4e-07
856 4.8e-07
857 8e-08
858 2.4e-07
859 4.8e-07
860 1.6e-07
861 8e-08
862 3.2e-07
863 8e-08
864 8e-08
865 8e-08
866 8e-08
867 2.32387e-07
868 3.2e-07
869 1.6e-07
870 2.4e-07
871 8e-08
872 3.2e-07
873 3.2e-07
874 2.4e-07
875 1.6e-07
876 1.6e-07
877 4e-07
878 1.6e-07
879 1.6e-07
880 2.4e-07
881 8e-08
882 1.6e-07
883 8e-08
884 1.6e-07
885 3.2e-07
886 1.6e-07
887 8e-08
888 0
889 4e-07
890 3.2e-07
891 3.2e-07
892 3.2e-07
893 2.4e-07
894 1.6e-07
895 8e-08
896 1.6e-07
897 1.6e-07
898 8e-08
899 3.2e-07
900 1.6e-07
901 1.6e-07
902 8e-08
903 8e-08
904 3.2e-07
905 2.4e-07
906 1.6e-07
907 1.6e-07
908 3.2e-07
909 4e-07
910 4e-07
911 8e-08
912 4e-07
913 1.6e-07
914 2.4e-07
915 2.32387e-07
916 8e-08
917 3.2e-07
918 4e-07
919 1.6e-07
920 1.6e-07
921 4e-07
922 4.8e-07
923 1.6e-07
924 3.2e-07
925 1.6e-07
926 1.6e-07
927 3.2e-07
928 1.6e-07
929 3.2e-07
930 3.2e-07
931 8e-08
932 3.2e-07
933 8e-08
934 5.6e-07
935 1.6e-07
936 4.8e-07
937 4.72387e-07
938 8e-08
939 2.4e-07
940 3.2e-07
941 8e-08
942 3.2e-07
943 2.4e-07
944 3.2e-07
945 2.4e-07
946 1.6e-07
947 3.2e-07
948 2.32387e-07
949 2.4e-07
950 3.2e-07
951 2.4e-07
952 4e-07
953 4.8e-07
954 3.2e-07
955 3.2e-07
956 1.6e-07
957 6.4e-07
958 3.2e-07
959 2.4e-07
960 3.2e-07
961 1.6e-07
962 4e-07
963 4e-07
964 3.12387e-07
965 4e-07
966 2.4e-07
967 1.6e-07
968 6.4e-07
969 4.8e-07
970 3.2e-07
971 1.6e-07
972 2.4e-07
973 3.2e-07
974 4e-07
975 2.4e-07
976 4e-07
977 3.2e-07
978 8e-08
979 1.6e-07
980 7.2e-07
981 3.2e-07
982 8e-08
983 5.6e-07
984 1.52387e-07
985 8e-08
986 1.6e-07
987 1.6e-07
988 3.2e-07
989 1.6e-07
990 3.2e-07
991 3.92387e-07
992 3.2e-07
993 2.4e-07
994 4e-07
995 3.2e-07
996 4e-07
997 3.2e-07
998 1.6e-07
999 0
