0 0
1 4e-07
2 1.6e-06
3 1.6e-06
4 8e-07
5 1.6e-06
6 1.6e-06
7 3.2e-06
8 2.4e-06
9 4.8e-06
10 4.4e-06
11 4.4e-06
12 4.4e-06
13 4e-06
14 4.4e-06
15 5.6e-06
16 6e-06
17 4.76193e-06
18 6.8e-06
19 7.6e-06
20 7.96193e-06
21 9.2e-06
22 4e-06
23 9.2e-06
24 7.6e-06
25 5.2e-06
26 7.6e-06
27 4.76193e-06
28 6e-06
29 6.8e-06
30 6e-06
31 8.76193e-06
32 6.8e-06
33 2.8e-06
34 4.8e-06
35 1.12e-05
36 4.8e-06
37 5.6e-06
38 7.2e-06
39 6.36193e-06
40 5.6e-06
41 6.4e-06
42 2.8e-06
43 6e-06
44 4.4e-06
45 9.2e-06
46 5.6e-06
47 4.8e-06
48 1.15619e-05
49 4.76193e-06
50 4e-06
51 5.2e-06
52 1e-05
53 8.4e-06
54 6e-06
55 6e-06
56 3.96193e-06
57 4e-06
58 4e-06
59 6.8e-06
60 7.16193e-06
61 5.2e-06
62 6.4e-06
63 4.4e-06
64 5.2e-06
65 8.8e-06
66 5.2e-06
67 5.6e-06
68 4.4e-06
69 5.2e-06
70 2.8e-06
71 6.4e-06
72 5.16193e-06
73 5.6e-06
74 5.2e-06
75 4e-06
76 4.4e-06
77 3.6e-06
78 6.8e-06
79 5.6e-06
80 4e-06
81 3.2e-06
82 6.4e-06
83 3.56193e-06
84 2.4e-06
85 4.4e-06
86 4.4e-06
87 5.2e-06
88 4e-06
89 5.6e-06
90 6e-06
91 3.96193e-06
92 4.4e-06
93 4.76193e-06
94 4.8e-06
95 4.4e-06
96 4.8e-06
97 4.4e-06
98 2.8e-06
99 6.8e-06
100 5.6e-06
101 4.8e-06
102 5.2e-06
103 3.2e-06
104 5.2e-06
105 4e-06
106 4.8e-06
107 6e-06
108 2.8e-06
109 3.6e-06
110 4.36193e-06
111 3.2e-06
112 2.4e-06
113 2.8e-06
114 6.4e-06
115 2.8e-06
116 2.8e-06
117 4.36193e-06
118 4.4e-06
119 2e-06
120 1.2e-06
121 5.6e-06
122 3.2e-06
123 2.36193e-06
124 2.8e-06
125 3.2e-06
126 4e-06
127 5.2e-06
128 3.6e-06
129 4.4e-06
130 6e-06
131 4e-06
132 2e-06
133 5.2e-06
134 1.6e-06
135 2.4e-06
136 3.16193e-06
137 2.8e-06
138 5.6e-06
139 3.6e-06
140 2.4e-06
141 3.6e-06
142 1.6e-06
143 3.6e-06
144 3.16193e-06
145 2.76193e-06
146 4.4e-06
147 3.96193e-06
148 3.6e-06
149 2e-06
150 8e-07
151 6e-06
152 4.4e-06
153 3.6e-06
154 3.2e-06
155 3.2e-06
156 2.8e-06
157 2.4e-06
158 4.8e-06
159 3.2e-06
160 4.76193e-06
161 2.4e-06
162 1.6e-06
163 2.8e-06
164 4e-06
165 2.4e-06
166 4.36193e-06
167 4.8e-06
168 2.4e-06
169 2.8e-06
170 4.8e-06
171 3.6e-06
172 2.4e-06
173 2.4e-06
174 4.8e-06
175 4e-06
176 2.4e-06
177 3.96193e-06
178 2e-06
179 2.8e-06
180 2.4e-06
181 3.6e-06
182 4.4e-06
183 3.2e-06
184 4.8e-06
185 4.8e-06
186 3.2e-06
187 4e-06
188 1.96193e-06
189 2.8e-06
190 3.2e-06
191 1.6e-06
192 3.2e-06
193 1.2e-06
194 2.36193e-06
195 4.76193e-06
196 2.8e-06
197 2.36193e-06
198 2.8e-06
199 3.6e-06
200 2.8e-06
201 3.2e-06
202 2.8e-06
203 3.6e-06
204 4e-06
205 2e-06
206 2.76193e-06
207 2.4e-06
208 2.8e-06
209 2.8e-06
210 2.4e-06
211 2.8e-06
212 5.2e-06
213 2.36193e-06
214 2e-06
215 2.4e-06
216 4e-06
217 3.6e-06
218 2.8e-06
219 2.4e-06
220 2.4e-06
221 2e-06
222 2.72387e-06
223 2.8e-06
224 2e-06
225 2.4e-06
226 2.4e-06
227 4e-06
228 2.4e-06
229 2e-06
230 1.2e-06
231 8e-07
232 4e-06
233 3.2e-06
234 2e-06
235 2.4e-06
236 2.4e-06
237 1.96193e-06
238 2.4e-06
239 4e-06
240 2.76193e-06
241 2e-06
242 3.2e-06
243 1.6e-06
244 4.4e-06
245 2.76193e-06
246 2.8e-06
247 3.96193e-06
248 1.2e-06
249 2e-06
250 2e-06
251 2.4e-06
252 1.2e-06
253 2e-06
254 2.4e-06
255 1.2e-06
256 3.6e-06
257 1.6e-06
258 3.2e-06
259 1.2e-06
260 3.6e-06
261 1.2e-06
262 2.4e-06
263 1.96193e-06
264 1.6e-06
265 3.16193e-06
266 1.2e-06
267 2e-06
268 2e-06
269 2.8e-06
270 1.6e-06
271 2.4e-06
272 2.4e-06
273 2.4e-06
274 2.8e-06
275 2.4e-06
276 1.6e-06
277 4e-07
278 3.2e-06
279 2e-06
280 1.56193e-06
281 2.8e-06
282 1.6e-06
283 2e-06
284 2.8e-06
285 3.2e-06
286 1.2e-06
287 2.4e-06
288 2.8e-06
289 1.6e-06
290 1.6e-06
291 4.4e-06
292 3.2e-06
293 2.8e-06
294 1.6e-06
295 8e-07
296 1.2e-06
297 1.2e-06
298 1.96193e-06
299 2e-06
300 2.8e-06
301 2e-06
302 2.8e-06
303 2.4e-06
304 2.4e-06
305 1.2e-06
306 0
307 4e-06
308 4e-07
309 1.6e-06
310 1.6e-06
311 2.4e-06
312 2.8e-06
313 4.8e-06
314 2.76193e-06
315 1.6e-06
316 2e-06
317 3.56193e-06
318 5.2e-06
319 2e-06
320 8e-07
321 2.8e-06
322 1.2e-06
323 8e-07
324 3.6e-06
325 1.6e-06
326 4.8e-06
327 1.2e-06
328 2.76193e-06
329 1.6e-06
330 2.4e-06
331 1.6e-06
332 2.4e-06
333 2.4e-06
334 3.6e-06
335 2.36193e-06
336 1.2e-06
337 8e-07
338 3.96193e-06
339 8e-07
340 2e-06
341 2.76193e-06
342 2e-06
343 1.96193e-06
344 1.6e-06
345 1.6e-06
346 2e-06
347 2.8e-06
348 4e-07
349 4e-07
350 2e-06
351 1.56193e-06
352 2e-06
353 2e-06
354 2.36193e-06
355 1.6e-06
356 1.2e-06
357 0
358 3.6e-06
359 4e-06
360 1.2e-06
361 4e-06
362 2e-06
363 1.6e-06
364 2e-06
365 3.2e-06
366 1.52387e-06
367 1.2e-06
368 8e-07
369 2e-06
370 1.2e-06
371 2.36193e-06
372 3.6e-06
373 1.6e-06
374 1.6e-06
375 1.6e-06
376 1.6e-06
377 3.96193e-06
378 3.6e-06
379 4e-07
380 4e-07
381 4e-07
382 2e-06
383 2.8e-06
384 2.4e-06
385 1.2e-06
386 2.4e-06
387 1.16193e-06
388 3.2e-06
389 3.2e-06
390 2e-06
391 2.4e-06
392 1.56193e-06
393 3.2e-06
394 2.8e-06
395 1.6e-06
396 2.8e-06
397 1.6e-06
398 1.6e-06
399 2.4e-06
400 1.2e-06
401 2e-06
402 3.2e-06
403 1.6e-06
404 1.2e-06
405 1.2e-06
406 3.2e-06
407 2.4e-06
408 8e-07
409 1.2e-06
410 3.6e-06
411 1.2e-06
412 8e-07
413 2e-06
414 2e-06
415 2.8e-06
416 2.4e-06
417 1.6e-06
418 1.6e-06
419 2.4e-06
420 3.16193e-06
421 1.2e-06
422 1.6e-06
423 1.2e-06
424 8e-07
425 1.6e-06
426 3.2e-06
427 1.6e-06
428 1.96193e-06
429 3.16193e-06
430 2.4e-06
431 2.8e-06
432 2.4e-06
433 2.4e-06
434 2e-06
435 1.16193e-06
436 1.6e-06
437 8e-07
438 1.2e-06
439 1.2e-06
440 0
441 1.2e-06
442 8e-07
443 4e-07
444 1.6e-06
445 1.6e-06
446 1.2e-06
447 1.2e-06
448 1.2e-06
449 1.6e-06
450 1.2e-06
451 1.2e-06
452 2e-06
453 2.4e-06
454 4e-07
455 2.8e-06
456 1.2e-06
457 8e-07
458 1.6e-06
459 2.4e-06
460 8e-07
461 2e-06
462 1.2e-06
463 2e-06
464 1.2e-06
465 8e-07
466 1.2e-06
467 2.76193e-06
468 1.2e-06
469 2.8e-06
470 1.6e-06
471 1.2e-06
472 2e-06
473 2e-06
474 1.6e-06
475 1.6e-06
476 2e-06
477 1.2e-06
478 3.6e-06
479 2.4e-06
480 1.6e-06
481 1.2e-06
482 2e-06
483 1.2e-06
484 2.76193e-06
485 8e-07
486 2e-06
487 8e-07
488 3.96193e-06
489 2e-06
490 1.56193e-06
491 1.2e-06
492 2e-06
493 1.6e-06
494 2.4e-06
495 2.36193e-06
496 1.6e-06
497 1.2e-06
498 1.6e-06
499 8e-07
500 1.6e-06
501 8e-07
502 8e-07
503 8e-07
504 1.2e-06
505 1.6e-06
506 1.6e-06
507 1.6e-06
508 2e-06
509 8e-07
510 8e-07
511 1.56193e-06
512 8e-07
513 8e-07
514 8e-07
515 1.2e-06
516 2.4e-06
517 1.2e-06
518 1.6e-06
519 8e-07
520 1.2e-06
521 1.2e-06
522 1.6e-06
523 1.2e-06
524 1.2e-06
525 8e-07
526 1.2e-06
527 1.2e-06
528 1.6e-06
529 3.2e-06
530 1.2e-06
531 2.76193e-06
532 1.6e-06
533 1.2e-06
534 8e-07
535 2e-06
536 4e-07
537 0
538 2e-06
539 1.2e-06
540 2e-06
541 1.2e-06
542 4e-07
543 2e-06
544 1.2e-06
545 1.6e-06
546 2.4e-06
547 8e-07
548 1.16193e-06
549 1.6e-06
550 1.2e-06
551 2.8e-06
552 8e-07
553 4e-07
554 1.2e-06
555 1.6e-06
556 1.6e-06
557 3.16193e-06
558 1.2e-06
559 1.6e-06
560 8e-07
561 1.2e-06
562 2.8e-06
563 1.6e-06
564 2.4e-06
565 1.2e-06
566 8e-07
567 1.96193e-06
568 4e-07
569 1.6e-06
570 1.6e-06
571 2e-06
572 4e-07
573 1.96193e-06
574 8e-07
575 8e-07
576 8e-07
577 1.6e-06
578 1.96193e-06
579 1.2e-06
580 1.2e-06
581 8e-07
582 8e-07
583 8e-07
584 2e-06
585 1.2e-06
586 2.8e-06
587 8e-07
588 2.4e-06
589 8e-07
590 4e-07
591 2e-06
592 8e-07
593 1.6e-06
594 2e-06
595 2e-06
596 8e-07
597 1.6e-06
598 2e-06
599 4e-07
600 1.96193e-06
601 1.6e-06
602 1.6e-06
603 2.8e-06
604 2.4e-06
605 1.56193e-06
606 0
607 1.6e-06
608 1.6e-06
609 1.2e-06
610 1.2e-06
611 1.2e-06
612 2e-06
613 2.4e-06
614 1.6e-06
615 8e-07
616 1.2e-06
617 1.2e-06
618 8e-07
619 2.76193e-06
620 1.56193e-06
621 1.2e-06
622 1.16193e-06
623 2e-06
624 2e-06
625 1.6e-06
626 4e-07
627 1.6e-06
628 2.4e-06
629 2e-06
630 1.2e-06
631 1.2e-06
632 1.6e-06
633 1.96193e-06
634 0
635 1.2e-06
636 2e-06
637 1.6e-06
638 4e-07
639 8e-07
640 2e-06
641 1.2e-06
642 2e-06
643 4e-07
644 1.6e-06
645 1.96193e-06
646 1.2e-06
647 1.2e-06
648 2e-06
649 2e-06
650 2.8e-06
651 4e-07
652 2e-06
653 8e-07
654 1.6e-06
655 8e-07
656 1.6e-06
657 1.6e-06
658 4e-07
659 1.2e-06
660 2.4e-06
661 8e-07
662 2e-06
663 1.2e-06
664 2e-06
665 8e-07
666 2e-06
667 1.6e-06
668 1.2e-06
669 1.2e-06
670 7.2387e-07
671 1.2e-06
672 2e-06
673 0
674 3.6e-06
675 4e-07
676 1.6e-06
677 1.2e-06
678 7.61935e-07
679 1.6e-06
680 1.2e-06
681 4e-07
682 1.6e-06
683 2e-06
684 8e-07
685 1.6e-06
686 1.6e-06
687 1.6e-06
688 4e-07
689 4e-07
690 8e-07
691 4e-07
692 8e-07
693 2.4e-06
694 1.2e-06
695 2e-06
696 4e-07
697 1.2e-06
698 2.4e-06
699 1.2e-06
700 1.6e-06
701 4e-07
702 2e-06
703 4e-07
704 8e-07
705 8e-07
706 1.56193e-06
707 4e-07
708 1.2e-06
709 4e-07
710 1.2e-06
711 1.6e-06
712 7.61935e-07
713 4e-07
714 1.2e-06
715 1.2e-06
716 1.2e-06
717 4e-07
718 1.2e-06
719 4e-07
720 1.2e-06
721 1.2e-06
722 1.2e-06
723 2e-06
724 8e-07
725 1.2e-06
726 8e-07
727 7.61935e-07
728 8e-07
729 1.2e-06
730 8e-07
731 1.16193e-06
732 1.2e-06
733 1.6e-06
734 2e-06
735 7.61935e-07
736 1.2e-06
737 8e-07
738 0
739 4e-07
740 2e-06
741 1.6e-06
742 4e-07
743 8e-07
744 8e-07
745 1.6e-06
746 2.4e-06
747 1.2e-06
748 8e-07
749 8e-07
750 8e-07
751 4e-07
752 4e-07
753 1.2e-06
754 1.6e-06
755 2e-06
756 8e-07
757 8e-07
758 4e-07
759 1.2e-06
760 1.2e-06
761 8e-07
762 0
763 1.6e-06
764 1.2e-06
765 0
766 8e-07
767 1.6e-06
768 0
769 0
770 1.56193e-06
771 1.6e-06
772 1.6e-06
773 8e-07
774 1.2e-06
775 4e-07
776 8e-07
777 1.2e-06
778 1.6e-06
779 1.16193e-06
780 1.2e-06
781 8e-07
782 1.2e-06
783 2e-06
784 8e-07
785 2e-06
786 1.2e-06
787 1.2e-06
788 2e-06
789 1.56193e-06
790 2.4e-06
791 1.16193e-06
792 0
793 1.6e-06
794 1.16193e-06
795 1.2e-06
796 2.4e-06
797 8e-07
798 1.6e-06
799 1.6e-06
800 1.96193e-06
801 1.6e-06
802 0
803 8e-07
804 1.2e-06
805 1.6e-06
806 2.36193e-06
807 2e-06
808 1.2e-06
809 7.61935e-07
810 1.56193e-06
811 4e-07
812 8e-07
813 1.2e-06
814 1.2e-06
815 8e-07
816 8e-07
817 1.6e-06
818 2e-06
819 1.6e-06
820 1.2e-06
821 2.4e-06
822 7.61935e-07
823 1.2e-06
824 4e-07
825 8e-07
826 1.6e-06
827 1.6e-06
828 1.2e-06
829 7.61935e-07
830 4e-07
831 4e-07
832 1.56193e-06
833 1.2e-06
834 4e-07
835 1.96193e-06
836 1.2e-06
837 1.2e-06
838 2.8e-06
839 8e-07
840 4e-07
841 1.6e-06
842 7.61935e-07
843 1.6e-06
844 8e-07
845 1.2e-06
846 4e-07
847 4e-07
848 1.6e-06
849 1.6e-06
850 1.6e-06
851 0
852 2e-06
853 1.6e-06
854 1.56193e-06
855 4e-07
856 8e-07
857 8e-07
858 3.61935e-07
859 4e-07
860 2.36193e-06
861 1.2e-06
862 1.2e-06
863 1.6e-06
864 1.2e-06
865 4e-07
866 8e-07
867 2e-06
868 8e-07
869 1.2e-06
870 8e-07
871 0
872 1.6e-06
873 1.2e-06
874 8e-07
875 1.2e-06
876 4e-07
877 3.12749e-06
878 4e-07
879 1.2e-06
880 1.6e-06
881 1.96193e-06
882 1.6e-06
883 1.2e-06
884 8e-07
885 4e-07
886 4e-07
887 8e-07
888 8e-07
889 4e-07
890 2e-06
891 4e-07
892 1.6e-06
893 2.4e-06
894 2e-06
895 4e-07
896 8e-07
897 0
898 4e-07
899 8e-07
900 1.2e-06
901 1.2e-06
902 1.2e-06
903 8e-07
904 3.61935e-07
905 8e-07
906 1.6e-06
907 8e-07
908 1.6e-06
909 1.2e-06
910 4e-07
911 1.6e-06
912 4e-07
913 8e-07
914 8e-07
915 4e-07
916 1.56193e-06
917 1.2e-06
918 1.2e-06
919 1.16193e-06
920 8e-07
921 8e-07
922 8e-07
923 1.96193e-06
924 8e-07
925 1.2e-06
926 1.16193e-06
927 1.16193e-06
928 2e-06
929 1.2e-06
930 4e-07
931 0
932 1.2e-06
933 1.6e-06
934 4e-07
935 1.56193e-06
936 0
937 4e-07
938 2e-06
939 2e-06
940 8e-07
941 1.6e-06
942 2e-06
943 2e-06
944 1.2e-06
945 1.2e-06
946 1.56193e-06
947 8e-07
948 1.16193e-06
949 1.6e-06
950 8e-07
951 8e-07
952 4e-07
953 1.2e-06
954 2.4e-06
955 1.16193e-06
956 1.2e-06
957 8e-07
958 8e-07
959 8e-07
960 0
961 4e-07
962 4e-07
963 4e-07
964 4e-07
965 8e-07
966 0
967 1.6e-06
968 1.2e-06
969 1.2e-06
970 1.6e-06
971 4e-07
972 2e-06
973 4e-07
974 8e-07
975 8e-07
976 8e-07
977 4e-07
978 1.6e-06
979 4e-07
980 1.16193e-06
981 2e-06
982 2e-06
983 8e-07
984 1.16193e-06
985 4e-07
986 4e-07
987 4e-07
988 4e-07
989 2e-06
990 8e-07
991 1.2e-06
992 8e-07
993 2e-06
994 0
995 1.56193e-06
996 8e-07
997 1.56193e-06
998 4e-07
999 0
