0 0
1 0
2 0
3 0
4 0
5 0
6 0
7 0
8 0
9 0
10 0
11 0
12 0
13 0
14 0
15 0
16 8e-08
17 4e-08
18 0
19 0
20 0
21 0
22 0
23 0
24 0
25 4e-08
26 0
27 0
28 0
29 4e-08
30 0
31 0
32 0
33 0
34 0
35 0
36 0
37 0
38 0
39 0
40 4e-08
41 0
42 0
43 8e-08
44 0
45 4e-08
46 0
47 0
48 8e-08
49 0
50 0
51 0
52 0
53 4e-08
54 0
55 4e-08
56 0
57 0
58 4e-08
59 4e-08
60 4e-08
61 0
62 0
63 0
64 4e-08
65 0
66 0
67 4e-08
68 0
69 4e-08
70 4e-08
71 4e-08
72 0
73 4e-08
74 0
75 0
76 3.9602e-08
77 8e-08
78 0
79 4e-08
80 0
81 0
82 8e-08
83 1.6e-07
84 0
85 4e-08
86 0
87 4e-08
88 4e-08
89 0
90 4e-08
91 0
92 0
93 0
94 8e-08
95 0
96 0
97 4e-08
98 4e-08
99 4e-08
100 4e-08
101 0
102 4e-08
103 1.2e-07
104 0
105 0
106 8e-08
107 1.2e-07
108 4e-08
109 1.2e-07
110 0
111 4e-08
112 4e-08
113 0
114 8e-08
115 4e-08
116 0
117 4e-08
118 0
119 0
120 0
121 8e-08
122 4e-08
123 4e-08
124 4e-08
125 8e-08
126 4e-08
127 0
128 0
129 1.2e-07
130 0
131 0
132 0
133 0
134 4e-08
135 4e-08
136 8e-08
137 0
138 0
139 0
140 4e-08
141 4e-08
142 8e-08
143 8e-08
144 1.2e-07
145 4e-08
146 0
147 8e-08
148 4e-08
149 0
150 8e-08
151 8e-08
152 0
153 1.6e-07
154 4e-08
155 1.6e-07
156 0
157 4e-08
158 4e-08
159 4e-08
160 8e-08
161 8e-08
162 8e-08
163 8e-08
164 1.2e-07
165 4e-08
166 4e-08
167 4e-08
168 0
169 0
170 4e-08
171 8e-08
172 0
173 8e-08
174 4e-08
175 8e-08
176 4e-08
177 0
178 2.8e-07
179 0
180 8e-08
181 8e-08
182 8e-08
183 1.2e-07
184 0
185 0
186 0
187 0
188 8e-08
189 0
190 0
191 8e-08
192 8e-08
193 4e-08
194 1.2e-07
195 4e-08
196 4e-08
197 0
198 1.6e-07
199 4e-08
200 4e-08
201 4e-08
202 4e-08
203 4e-08
204 2e-07
205 0
206 8e-08
207 8e-08
208 8e-08
209 1.6e-07
210 8e-08
211 4e-08
212 8e-08
213 8e-08
214 4e-08
215 8e-08
216 4e-08
217 1.2e-07
218 1.6e-07
219 4e-08
220 8e-08
221 8e-08
222 8e-08
223 0
224 4e-08
225 8e-08
226 1.2e-07
227 4e-08
228 8e-08
229 4e-08
230 0
231 4e-08
232 2e-07
233 1.2e-07
234 8e-08
235 8e-08
236 1.6e-07
237 4e-08
238 1.2e-07
239 8e-08
240 1.2e-07
241 1.2e-07
242 1.2e-07
243 1.2e-07
244 4e-08
245 8e-08
246 1.2e-07
247 0
248 8e-08
249 4e-08
250 1.6e-07
251 4e-08
252 4e-08
253 4e-08
254 2.4e-07
255 4e-08
256 4e-08
257 1.6e-07
258 1.2e-07
259 1.2e-07
260 8e-08
261 0
262 1.2e-07
263 4e-08
264 1.6e-07
265 4e-08
266 1.6e-07
267 4e-08
268 8e-08
269 2e-07
270 4e-08
271 7.9602e-08
272 0
273 4e-08
274 1.2e-07
275 1.2e-07
276 8e-08
277 2e-07
278 4e-08
279 1.6e-07
280 8e-08
281 4e-08
282 4e-08
283 8e-08
284 1.2e-07
285 1.6e-07
286 8e-08
287 8e-08
288 8e-08
289 4e-08
290 4e-08
291 2e-07
292 4e-08
293 3.2e-07
294 8e-08
295 1.2e-07
296 8e-08
297 4e-08
298 2e-07
299 1.2e-07
300 2e-07
301 0
302 8e-08
303 2e-07
304 8e-08
305 4e-08
306 8e-08
307 1.2e-07
308 0
309 8e-08
310 2.4e-07
311 4e-08
312 1.2e-07
313 4e-08
314 4e-08
315 4e-08
316 1.2e-07
317 8e-08
318 4e-08
319 1.2e-07
320 8e-08
321 1.2e-07
322 4e-08
323 0
324 1.2e-07
325 1.19602e-07
326 7.9602e-08
327 8e-08
328 4e-08
329 0
330 8e-08
331 8e-08
332 4e-08
333 4e-08
334 1.6e-07
335 0
336 8e-08
337 4e-08
338 4e-08
339 0
340 1.6e-07
341 2.4e-07
342 8e-08
343 1.2e-07
344 4e-08
345 1.2e-07
346 0
347 8e-08
348 1.2e-07
349 4e-08
350 1.2e-07
351 4e-08
352 8e-08
353 8e-08
354 1.2e-07
355 4e-08
356 1.2e-07
357 8e-08
358 4e-08
359 4e-08
360 1.6e-07
361 8e-08
362 8e-08
363 1.6e-07
364 0
365 2.4e-07
366 1.99602e-07
367 1.2e-07
368 7.9602e-08
369 4e-08
370 1.59602e-07
371 1.6e-07
372 1.6e-07
373 8e-08
374 1.2e-07
375 8e-08
376 8e-08
377 1.2e-07
378 2e-07
379 1.2e-07
380 4e-08
381 0
382 1.2e-07
383 2e-07
384 4e-08
385 8e-08
386 8e-08
387 4e-08
388 8e-08
389 4e-08
390 1.6e-07
391 1.6e-07
392 8e-08
393 8e-08
394 8e-08
395 2e-07
396 1.2e-07
397 8e-08
398 8e-08
399 4e-08
400 8e-08
401 8e-08
402 3.9602e-08
403 8e-08
404 8e-08
405 1.2e-07
406 1.59602e-07
407 8e-08
408 1.6e-07
409 1.2e-07
410 1.6e-07
411 0
412 4e-08
413 4e-08
414 4e-08
415 4e-08
416 1.19602e-07
417 8e-08
418 3.2e-07
419 4e-08
420 8e-08
421 1.2e-07
422 0
423 1.6e-07
424 0
425 4e-08
426 8e-08
427 4e-08
428 0
429 8e-08
430 1.6e-07
431 1.19602e-07
432 4e-08
433 4e-08
434 1.6e-07
435 4e-08
436 8e-08
437 0
438 2.4e-07
439 4e-08
440 8e-08
441 8e-08
442 4e-08
443 1.2e-07
444 8e-08
445 4e-08
446 4e-08
447 8e-08
448 4e-08
449 4e-08
450 4e-08
451 1.2e-07
452 4e-08
453 8e-08
454 1.6e-07
455 1.2e-07
456 4e-08
457 1.19602e-07
458 1.6e-07
459 1.2e-07
460 4e-08
461 1.2e-07
462 4e-08
463 0
464 0
465 8e-08
466 3.9602e-08
467 4e-08
468 8e-08
469 8e-08
470 1.2e-07
471 1.6e-07
472 8e-08
473 2e-07
474 4e-08
475 1.2e-07
476 2.4e-07
477 4e-08
478 8e-08
479 2e-07
480 8e-08
481 2.8e-07
482 1.2e-07
483 4e-08
484 1.6e-07
485 1.2e-07
486 8e-08
487 1.6e-07
488 0
489 4e-08
490 0
491 1.6e-07
492 8e-08
493 2e-07
494 1.19602e-07
495 1.6e-07
496 8e-08
497 0
498 8e-08
499 1.2e-07
500 8e-08
501 1.6e-07
502 0
503 0
504 0
505 4e-08
506 2e-07
507 4e-08
508 0
509 1.6e-07
510 1.6e-07
511 1.2e-07
512 8e-08
513 1.2e-07
514 2e-07
515 1.2e-07
516 8e-08
517 0
518 8e-08
519 1.2e-07
520 8e-08
521 0
522 8e-08
523 4e-08
524 8e-08
525 0
526 8e-08
527 1.2e-07
528 4e-08
529 4e-08
530 4e-08
531 4e-08
532 7.9602e-08
533 0
534 4e-08
535 2e-07
536 1.6e-07
537 2.8e-07
538 1.2e-07
539 8e-08
540 2e-07
541 1.6e-07
542 1.2e-07
543 1.2e-07
544 0
545 1.6e-07
546 4e-08
547 8e-08
548 1.2e-07
549 4e-08
550 1.2e-07
551 1.6e-07
552 8e-08
553 4e-08
554 1.2e-07
555 4e-08
556 4e-08
557 1.2e-07
558 1.2e-07
559 1.6e-07
560 4e-08
561 1.6e-07
562 1.6e-07
563 8e-08
564 8e-08
565 2.4e-07
566 0
567 1.2e-07
568 4e-08
569 1.2e-07
570 1.2e-07
571 8e-08
572 2.79602e-07
573 4e-08
574 1.2e-07
575 4e-08
576 8e-08
577 8e-08
578 0
579 8e-08
580 1.6e-07
581 2.4e-07
582 8e-08
583 1.6e-07
584 8e-08
585 0
586 8e-08
587 8e-08
588 1.2e-07
589 8e-08
590 1.2e-07
591 1.6e-07
592 4e-08
593 1.2e-07
594 0
595 0
596 1.2e-07
597 1.6e-07
598 8e-08
599 0
600 0
601 4e-08
602 3.9602e-08
603 0
604 1.99204e-07
605 4e-08
606 1.2e-07
607 1.2e-07
608 8e-08
609 4e-08
610 8e-08
611 1.6e-07
612 8e-08
613 8e-08
614 4e-08
615 0
616 4e-08
617 1.2e-07
618 7.9602e-08
619 0
620 8e-08
621 0
622 8e-08
623 1.6e-07
624 4e-08
625 8e-08
626 8e-08
627 2e-07
628 1.2e-07
629 1.2e-07
630 4e-08
631 4e-08
632 8e-08
633 0
634 8e-08
635 1.2e-07
636 1.2e-07
637 4e-08
638 1.2e-07
639 1.19602e-07
640 0
641 8e-08
642 0
643 0
644 1.2e-07
645 0
646 4e-08
647 8e-08
648 8e-08
649 1.2e-07
650 7.9602e-08
651 0
652 2e-07
653 4e-08
654 4e-08
655 8e-08
656 0
657 1.2e-07
658 1.2e-07
659 4e-08
660 8e-08
661 4e-08
662 4e-08
663 8e-08
664 1.2e-07
665 8e-08
666 0
667 1.2e-07
668 1.2e-07
669 4e-08
670 8e-08
671 4e-08
672 8e-08
673 8e-08
674 1.2e-07
675 0
676 2e-07
677 1.2e-07
678 1.2e-07
679 0
680 1.6e-07
681 3.9602e-08
682 4e-08
683 4e-08
684 4e-08
685 4e-08
686 1.6e-07
687 8e-08
688 7.9602e-08
689 2e-07
690 4e-08
691 2e-07
692 0
693 4e-08
694 1.2e-07
695 1.6e-07
696 0
697 8e-08
698 8e-08
699 8e-08
700 8e-08
701 1.6e-07
702 1.6e-07
703 8e-08
704 8e-08
705 4e-08
706 1.6e-07
707 1.6e-07
708 4e-08
709 8e-08
710 4e-08
711 4e-08
712 0
713 8e-08
714 1.2e-07
715 8e-08
716 0
717 4e-08
718 1.6e-07
719 1.2e-07
720 1.6e-07
721 4e-08
722 1.59602e-07
723 8e-08
724 8e-08
725 0
726 1.2e-07
727 1.6e-07
728 4e-08
729 1.2e-07
730 8e-08
731 8e-08
732 8e-08
733 4e-08
734 4e-08
735 1.2e-07
736 8e-08
737 4e-08
738 8e-08
739 1.6e-07
740 1.2e-07
741 4e-08
742 1.6e-07
743 0
744 0
745 8e-08
746 8e-08
747 8e-08
748 8e-08
749 8e-08
750 8e-08
751 8e-08
752 0
753 1.6e-07
754 1.6e-07
755 7.9602e-08
756 0
757 4e-08
758 0
759 0
760 1.2e-07
761 1.6e-07
762 1.2e-07
763 4e-08
764 4e-08
765 2e-07
766 2.4e-07
767 8e-08
768 1.2e-07
769 8e-08
770 1.6e-07
771 2.8e-07
772 4e-08
773 8e-08
774 8e-08
775 4e-08
776 8e-08
777 1.59602e-07
778 2.8e-07
779 1.2e-07
780 4e-08
781 1.2e-07
782 4e-08
783 8e-08
784 4e-08
785 1.2e-07
786 4e-08
787 8e-08
788 4e-08
789 8e-08
790 0
791 0
792 0
793 0
794 4e-08
795 4e-08
796 1.2e-07
797 7.9602e-08
798 1.2e-07
799 4e-08
800 1.2e-07
801 8e-08
802 2.4e-07
803 4e-08
804 4e-08
805 4e-08
806 4e-08
807 8e-08
808 4e-08
809 4e-08
810 8e-08
811 1.6e-07
812 1.6e-07
813 1.6e-07
814 8e-08
815 1.6e-07
816 4e-08
817 4e-08
818 4e-08
819 0
820 0
821 4e-08
822 1.2e-07
823 1.2e-07
824 0
825 4e-08
826 0
827 0
828 0
829 0
830 1.2e-07
831 4e-08
832 4e-08
833 8e-08
834 4e-08
835 8e-08
836 8e-08
837 8e-08
838 2e-07
839 4e-08
840 8e-08
841 1.6e-07
842 0
843 8e-08
844 1.19602e-07
845 1.2e-07
846 3.9602e-08
847 0
848 0
849 8e-08
850 8e-08
851 0
852 8e-08
853 1.6e-07
854 4e-08
855 8e-08
856 1.2e-07
857 8e-08
858 1.2e-07
859 8e-08
860 4e-08
861 2.8e-07
862 4e-08
863 1.2e-07
864 1.2e-07
865 1.2e-07
866 1.2e-07
867 1.59602e-07
868 1.6e-07
869 1.2e-07
870 3.2e-07
871 8e-08
872 1.2e-07
873 0
874 1.2e-07
875 8e-08
876 0
877 8e-08
878 0
879 1.59602e-07
880 1.19602e-07
881 1.6e-07
882 8e-08
883 8e-08
884 0
885 0
886 2.8e-07
887 2.4e-07
888 1.6e-07
889 4e-08
890 4e-08
891 1.6e-07
892 8e-08
893 1.2e-07
894 8e-08
895 4e-08
896 0
897 4e-08
898 1.2e-07
899 1.2e-07
900 8e-08
901 8e-08
902 4e-08
903 4e-08
904 8e-08
905 4e-08
906 4e-08
907 1.6e-07
908 8e-08
909 4e-08
910 8e-08
911 0
912 1.2e-07
913 4e-08
914 1.59602e-07
915 8e-08
916 0
917 4e-08
918 0
919 8e-08
920 4e-08
921 1.6e-07
922 8e-08
923 1.2e-07
924 0
925 4e-08
926 1.6e-07
927 4e-08
928 0
929 4e-08
930 0
931 1.2e-07
932 0
933 4e-08
934 4e-08
935 1.6e-07
936 8e-08
937 1.19602e-07
938 8e-08
939 1.6e-07
940 1.2e-07
941 4e-08
942 8e-08
943 4e-08
944 4e-08
945 8e-08
946 4e-08
947 8e-08
948 1.2e-07
949 1.2e-07
950 8e-08
951 4e-08
952 4e-08
953 0
954 1.6e-07
955 1.2e-07
956 8e-08
957 4e-08
958 8e-08
959 8e-08
960 8e-08
961 1.2e-07
962 8e-08
963 8e-08
964 0
965 8e-08
966 1.6e-07
967 8e-08
968 8e-08
969 3.9602e-08
970 4e-08
971 4e-08
972 1.6e-07
973 1.2e-07
974 1.19602e-07
975 1.6e-07
976 4e-08
977 4e-08
978 2e-07
979 4e-08
980 1.2e-07
981 1.6e-07
982 8e-08
983 1.2e-07
984 0
985 4e-08
986 4e-08
987 1.59602e-07
988 8e-08
989 2e-07
990 1.59602e-07
991 1.2e-07
992 0
993 1.2e-07
994 8e-08
995 8e-08
996 4e-08
997 4e-08
998 0
999 0
