0 0
1 0
2 0
3 0
4 0
5 0
6 0
7 0
8 0
9 0
10 0
11 0
12 8e-09
13 0
14 0
15 0
16 0
17 0
18 0
19 0
20 0
21 0
22 0
23 0
24 0
25 0
26 0
27 0
28 0
29 0
30 0
31 0
32 0
33 0
34 0
35 0
36 0
37 8e-09
38 0
39 0
40 0
41 0
42 0
43 0
44 0
45 0
46 0
47 0
48 0
49 1.6e-08
50 8e-09
51 0
52 0
53 0
54 0
55 0
56 0
57 0
58 0
59 0
60 0
61 0
62 0
63 0
64 0
65 0
66 0
67 0
68 0
69 0
70 8e-09
71 0
72 0
73 0
74 0
75 0
76 0
77 0
78 0
79 0
80 0
81 0
82 0
83 0
84 0
85 0
86 0
87 0
88 8e-09
89 0
90 0
91 8e-09
92 0
93 0
94 0
95 1.6e-08
96 0
97 0
98 0
99 0
100 8e-09
101 8e-09
102 0
103 0
104 8e-09
105 0
106 0
107 0
108 0
109 1.6e-08
110 8e-09
111 0
112 8e-09
113 0
114 0
115 0
116 0
117 0
118 1.6e-08
119 0
120 0
121 0
122 0
123 0
124 0
125 0
126 8e-09
127 0
128 8e-09
129 0
130 8e-09
131 8e-09
132 0
133 0
134 0
135 1.6e-08
136 0
137 0
138 1.6e-08
139 0
140 0
141 8e-09
142 0
143 0
144 0
145 0
146 8e-09
147 8e-09
148 0
149 0
150 0
151 0
152 0
153 0
154 0
155 0
156 0
157 0
158 8e-09
159 8e-09
160 0
161 0
162 0
163 0
164 0
165 0
166 0
167 0
168 0
169 8e-09
170 8e-09
171 0
172 0
173 0
174 8e-09
175 0
176 8e-09
177 0
178 1.6e-08
179 0
180 0
181 8e-09
182 0
183 0
184 0
185 8e-09
186 8e-09
187 0
188 0
189 2.4e-08
190 0
191 0
192 0
193 8e-09
194 0
195 8e-09
196 8e-09
197 0
198 8e-09
199 0
200 8e-09
201 1.6e-08
202 0
203 1.6e-08
204 8e-09
205 0
206 0
207 0
208 8e-09
209 0
210 8e-09
211 8e-09
212 0
213 0
214 0
215 8e-09
216 1.6e-08
217 0
218 0
219 8e-09
220 0
221 0
222 0
223 0
224 8e-09
225 0
226 8e-09
227 0
228 8e-09
229 0
230 0
231 8e-09
232 8e-09
233 8e-09
234 0
235 0
236 0
237 0
238 8e-09
239 0
240 0
241 8e-09
242 0
243 0
244 1.6e-08
245 2.4e-08
246 8e-09
247 8e-09
248 1.6e-08
249 0
250 1.6e-08
251 0
252 0
253 8e-09
254 0
255 8e-09
256 0
257 8e-09
258 0
259 0
260 0
261 0
262 0
263 1.6e-08
264 0
265 8e-09
266 2.4e-08
267 1.6e-08
268 8e-09
269 8e-09
270 8e-09
271 8e-09
272 8e-09
273 0
274 0
275 8e-09
276 3.2e-08
277 0
278 8e-09
279 8e-09
280 0
281 8e-09
282 0
283 0
284 0
285 0
286 0
287 2.4e-08
288 8e-09
289 0
290 0
291 0
292 8e-09
293 0
294 0
295 0
296 2.4e-08
297 8e-09
298 8e-09
299 0
300 2.4e-08
301 0
302 0
303 0
304 8e-09
305 0
306 0
307 0
308 0
309 2.4e-08
310 1.6e-08
311 0
312 8e-09
313 0
314 8e-09
315 0
316 7.9204e-09
317 1.6e-08
318 8e-09
319 0
320 0
321 8e-09
322 0
323 8e-09
324 0
325 1.6e-08
326 8e-09
327 0
328 0
329 3.2e-08
330 0
331 0
332 1.6e-08
333 1.59204e-08
334 0
335 2.4e-08
336 2.4e-08
337 0
338 8e-09
339 0
340 1.6e-08
341 8e-09
342 1.6e-08
343 2.4e-08
344 2.4e-08
345 1.6e-08
346 0
347 0
348 0
349 0
350 1.6e-08
351 8e-09
352 8e-09
353 0
354 0
355 1.6e-08
356 0
357 0
358 8e-09
359 8e-09
360 0
361 8e-09
362 0
363 0
364 3.2e-08
365 0
366 8e-09
367 8e-09
368 8e-09
369 1.6e-08
370 0
371 2.4e-08
372 0
373 8e-09
374 0
375 8e-09
376 0
377 8e-09
378 8e-09
379 2.4e-08
380 1.6e-08
381 8e-09
382 0
383 0
384 8e-09
385 8e-09
386 4e-08
387 0
388 0
389 0
390 8e-09
391 0
392 8e-09
393 8e-09
394 8e-09
395 1.6e-08
396 3.2e-08
397 1.6e-08
398 0
399 8e-09
400 1.6e-08
401 0
402 0
403 0
404 2.4e-08
405 0
406 0
407 1.6e-08
408 0
409 1.6e-08
410 1.6e-08
411 1.6e-08
412 8e-09
413 8e-09
414 2.4e-08
415 8e-09
416 8e-09
417 8e-09
418 8e-09
419 1.6e-08
420 1.6e-08
421 0
422 2.4e-08
423 8e-09
424 1.6e-08
425 8e-09
426 2.4e-08
427 8e-09
428 1.6e-08
429 2.4e-08
430 0
431 8e-09
432 1.6e-08
433 1.59204e-08
434 0
435 0
436 0
437 3.2e-08
438 1.6e-08
439 0
440 1.6e-08
441 8e-09
442 0
443 8e-09
444 1.6e-08
445 2.4e-08
446 0
447 8e-09
448 0
449 1.6e-08
450 1.6e-08
451 8e-09
452 8e-09
453 0
454 8e-09
455 2.4e-08
456 8e-09
457 1.6e-08
458 2.4e-08
459 2.4e-08
460 0
461 0
462 1.6e-08
463 1.6e-08
464 0
465 0
466 8e-09
467 8e-09
468 1.6e-08
469 0
470 1.6e-08
471 1.6e-08
472 8e-09
473 8e-09
474 8e-09
475 1.6e-08
476 1.6e-08
477 0
478 1.6e-08
479 2.4e-08
480 2.4e-08
481 2.4e-08
482 8e-09
483 0
484 3.2e-08
485 0
486 0
487 8e-09
488 2.4e-08
489 1.6e-08
490 8e-09
491 1.6e-08
492 8e-09
493 1.6e-08
494 1.6e-08
495 1.6e-08
496 0
497 3.2e-08
498 0
499 3.2e-08
500 8e-09
501 8e-09
502 1.6e-08
503 8e-09
504 8e-09
505 1.6e-08
506 0
507 8e-09
508 2.4e-08
509 8e-09
510 3.2e-08
511 1.6e-08
512 0
513 0
514 0
515 2.4e-08
516 8e-09
517 5.6e-08
518 8e-09
519 1.6e-08
520 2.39204e-08
521 8e-09
522 0
523 2.4e-08
524 8e-09
525 2.4e-08
526 0
527 8e-09
528 2.4e-08
529 1.6e-08
530 8e-09
531 8e-09
532 0
533 8e-09
534 1.6e-08
535 8e-09
536 0
537 8e-09
538 8e-09
539 3.2e-08
540 0
541 2.4e-08
542 3.2e-08
543 4e-08
544 2.39204e-08
545 8e-09
546 8e-09
547 8e-09
548 2.4e-08
549 8e-09
550 1.6e-08
551 0
552 8e-09
553 1.6e-08
554 0
555 1.6e-08
556 0
557 8e-09
558 8e-09
559 1.6e-08
560 1.6e-08
561 0
562 1.6e-08
563 1.6e-08
564 2.4e-08
565 0
566 2.4e-08
567 3.2e-08
568 1.6e-08
569 1.6e-08
570 0
571 0
572 8e-09
573 1.6e-08
574 1.6e-08
575 1.6e-08
576 3.2e-08
577 3.99204e-08
578 1.6e-08
579 0
580 1.6e-08
581 2.4e-08
582 1.6e-08
583 0
584 8e-09
585 8e-09
586 8e-09
587 8e-09
588 3.2e-08
589 3.2e-08
590 3.2e-08
591 2.4e-08
592 8e-09
593 8e-09
594 1.6e-08
595 1.6e-08
596 8e-09
597 1.6e-08
598 1.6e-08
599 8e-09
600 8e-09
601 0
602 0
603 8e-09
604 1.59204e-08
605 8e-09
606 2.4e-08
607 2.4e-08
608 2.4e-08
609 0
610 1.6e-08
611 4e-08
612 8e-09
613 1.6e-08
614 1.6e-08
615 1.6e-08
616 8e-09
617 4e-08
618 2.4e-08
619 2.4e-08
620 1.6e-08
621 2.4e-08
622 2.4e-08
623 2.4e-08
624 2.4e-08
625 2.4e-08
626 1.6e-08
627 8e-09
628 1.6e-08
629 8e-09
630 4e-08
631 1.6e-08
632 2.4e-08
633 2.4e-08
634 1.6e-08
635 1.6e-08
636 2.4e-08
637 3.2e-08
638 1.6e-08
639 3.2e-08
640 2.4e-08
641 2.4e-08
642 1.6e-08
643 0
644 8e-09
645 4e-08
646 3.2e-08
647 8e-09
648 3.2e-08
649 0
650 3.2e-08
651 2.4e-08
652 0
653 1.6e-08
654 8e-09
655 8e-09
656 4e-08
657 8e-09
658 4e-08
659 1.6e-08
660 8e-09
661 2.4e-08
662 1.6e-08
663 1.6e-08
664 1.6e-08
665 1.6e-08
666 0
667 8e-09
668 3.2e-08
669 0
670 1.6e-08
671 8e-09
672 1.6e-08
673 8e-09
674 1.6e-08
675 0
676 1.6e-08
677 1.6e-08
678 2.4e-08
679 8e-09
680 1.6e-08
681 2.4e-08
682 1.6e-08
683 1.6e-08
684 8e-09
685 8e-09
686 0
687 2.4e-08
688 1.59204e-08
689 0
690 3.2e-08
691 1.6e-08
692 2.4e-08
693 2.39204e-08
694 2.4e-08
695 0
696 3.19204e-08
697 5.6e-08
698 1.6e-08
699 1.6e-08
700 1.6e-08
701 0
702 3.2e-08
703 0
704 2.4e-08
705 2.4e-08
706 1.6e-08
707 0
708 1.6e-08
709 0
710 1.6e-08
711 0
712 8e-09
713 1.6e-08
714 1.6e-08
715 8e-09
716 3.2e-08
717 2.4e-08
718 1.6e-08
719 2.4e-08
720 0
721 3.2e-08
722 1.6e-08
723 8e-09
724 8e-09
725 1.6e-08
726 3.19204e-08
727 2.4e-08
728 8e-09
729 8e-09
730 8e-09
731 1.6e-08
732 1.6e-08
733 1.59204e-08
734 8e-09
735 2.4e-08
736 1.6e-08
737 8e-09
738 2.4e-08
739 1.6e-08
740 1.6e-08
741 1.6e-08
742 1.6e-08
743 2.4e-08
744 8e-09
745 0
746 3.2e-08
747 4e-08
748 4e-08
749 2.4e-08
750 8e-09
751 4e-08
752 1.59204e-08
753 1.6e-08
754 3.2e-08
755 2.4e-08
756 8e-09
757 2.4e-08
758 1.6e-08
759 4e-08
760 1.6e-08
761 1.6e-08
762 3.2e-08
763 2.4e-08
764 3.2e-08
765 8e-09
766 4e-08
767 1.6e-08
768 2.4e-08
769 3.2e-08
770 3.99204e-08
771 0
772 4e-08
773 7.9204e-09
774 4.8e-08
775 2.4e-08
776 1.6e-08
777 4.8e-08
778 0
779 2.4e-08
780 1.6e-08
781 8e-09
782 3.2e-08
783 2.4e-08
784 1.6e-08
785 0
786 2.4e-08
787 8e-09
788 8e-09
789 8e-09
790 8e-09
791 8e-09
792 4.8e-08
793 1.6e-08
794 8e-09
795 3.2e-08
796 8e-09
797 1.6e-08
798 8e-09
799 1.6e-08
800 4.8e-08
801 8e-09
802 2.4e-08
803 2.4e-08
804 1.6e-08
805 8e-09
806 1.6e-08
807 0
808 1.6e-08
809 2.4e-08
810 0
811 8e-09
812 1.6e-08
813 2.4e-08
814 0
815 1.6e-08
816 1.59204e-08
817 8e-09
818 8e-09
819 2.4e-08
820 8e-09
821 8e-09
822 5.6e-08
823 2.4e-08
824 2.4e-08
825 8e-09
826 2.4e-08
827 8e-09
828 1.6e-08
829 1.6e-08
830 2.4e-08
831 3.2e-08
832 3.2e-08
833 1.6e-08
834 3.19204e-08
835 1.6e-08
836 3.2e-08
837 2.4e-08
838 1.6e-08
839 2.4e-08
840 5.6e-08
841 1.6e-08
842 2.4e-08
843 3.2e-08
844 1.6e-08
845 4e-08
846 2.4e-08
847 2.4e-08
848 2.4e-08
849 1.6e-08
850 1.6e-08
851 2.39204e-08
852 2.4e-08
853 8e-09
854 8e-09
855 2.4e-08
856 4.8e-08
857 8e-09
858 2.4e-08
859 4.8e-08
860 1.6e-08
861 8e-09
862 3.2e-08
863 8e-09
864 8e-09
865 8e-09
866 8e-09
867 2.39204e-08
868 3.2e-08
869 1.6e-08
870 2.4e-08
871 8e-09
872 3.2e-08
873 3.2e-08
874 2.4e-08
875 1.6e-08
876 1.6e-08
877 4e-08
878 1.6e-08
879 1.6e-08
880 2.4e-08
881 8e-09
882 1.6e-08
883 8e-09
884 1.6e-08
885 3.2e-08
886 1.6e-08
887 8e-09
888 0
889 4e-08
890 3.2e-08
891 3.2e-08
892 3.2e-08
893 2.4e-08
894 1.6e-08
895 8e-09
896 1.6e-08
897 1.6e-08
898 8e-09
899 3.2e-08
900 1.6e-08
901 1.6e-08
902 8e-09
903 8e-09
904 3.2e-08
905 2.4e-08
906 1.6e-08
907 1.6e-08
908 3.2e-08
909 4e-08
910 4e-08
911 8e-09
912 4e-08
913 1.6e-08
914 2.4e-08
915 2.39204e-08
916 8e-09
917 3.2e-08
918 4e-08
919 1.6e-08
920 1.6e-08
921 4e-08
922 4.8e-08
923 1.6e-08
924 3.2e-08
925 1.6e-08
926 1.6e-08
927 3.2e-08
928 1.6e-08
929 3.2e-08
930 3.2e-08
931 8e-09
932 3.2e-08
933 8e-09
934 5.6e-08
935 1.6e-08
936 4.8e-08
937 4.79204e-08
938 8e-09
939 2.4e-08
940 3.2e-08
941 8e-09
942 3.2e-08
943 2.4e-08
944 3.2e-08
945 2.4e-08
946 1.6e-08
947 3.2e-08
948 2.39204e-08
949 2.4e-08
950 3.2e-08
951 2.4e-08
952 4e-08
953 4.8e-08
954 3.2e-08
955 3.2e-08
956 1.6e-08
957 6.4e-08
958 3.2e-08
959 2.4e-08
960 3.2e-08
961 1.6e-08
962 4e-08
963 4e-08
964 3.19204e-08
965 4e-08
966 2.4e-08
967 1.6e-08
968 6.4e-08
969 4.8e-08
970 3.2e-08
971 1.6e-08
972 2.4e-08
973 3.2e-08
974 4e-08
975 2.4e-08
976 4e-08
977 3.2e-08
978 8e-09
979 1.6e-08
980 7.2e-08
981 3.2e-08
982 8e-09
983 5.6e-08
984 1.59204e-08
985 8e-09
986 1.6e-08
987 1.6e-08
988 3.2e-08
989 1.6e-08
990 3.2e-08
991 3.99204e-08
992 3.2e-08
993 2.4e-08
994 4e-08
995 3.2e-08
996 4e-08
997 3.2e-08
998 1.6e-08
999 0
