0 0
1 9.84e-05
2 6.63239e-05
3 5.08e-05
4 4.08e-05
5 3.2e-05
6 3.72e-05
7 3.16e-05
8 3.23239e-05
9 2.63619e-05
10 2.26858e-05
11 1.6e-05
12 1.84e-05
13 1.83619e-05
14 2.04e-05
15 2.07619e-05
16 1.75619e-05
17 1.6e-05
18 1.8e-05
19 1.64e-05
20 1.48e-05
21 1.38858e-05
22 1.2e-05
23 1.63239e-05
24 1.2e-05
25 1.23619e-05
26 1.08e-05
27 1.03619e-05
28 1.19619e-05
29 1.47619e-05
30 1.12e-05
31 1.47619e-05
32 9.2e-06
33 9.16193e-06
34 1.04e-05
35 1.2e-05
36 9.6e-06
37 1.15619e-05
38 9.6e-06
39 1.52e-05
40 1.2e-05
41 7.2e-06
42 1.03275e-05
43 9.6e-06
44 8e-06
45 8.4e-06
46 7.52387e-06
47 7.6e-06
48 7.96193e-06
49 1.04e-05
50 8.8e-06
51 7.2e-06
52 7.2e-06
53 7.2e-06
54 8e-06
55 7.96193e-06
56 7.2e-06
57 8e-06
58 8.76193e-06
59 8.76193e-06
60 7.16193e-06
61 6.4e-06
62 9.2e-06
63 5.6e-06
64 4.8e-06
65 3.96193e-06
66 7.6e-06
67 9.2e-06
68 6.8e-06
69 4.8e-06
70 5.16193e-06
71 5.6e-06
72 5.2e-06
73 7.2e-06
74 7.2e-06
75 9.16193e-06
76 5.2e-06
77 4.4e-06
78 5.16193e-06
79 5.6e-06
80 5.6e-06
81 5.2e-06
82 5.96193e-06
83 6.4e-06
84 4.76193e-06
85 7.56193e-06
86 3.6e-06
87 2.8e-06
88 5.2e-06
89 4.8e-06
90 4.4e-06
91 3.2e-06
92 3.6e-06
93 3.2e-06
94 4.72387e-06
95 5.2e-06
96 4e-06
97 6e-06
98 5.56193e-06
99 4.4e-06
100 4.36193e-06
101 5.6e-06
102 5.2e-06
103 4.8e-06
104 8.8e-06
105 5.2e-06
106 4.36193e-06
107 2.4e-06
108 8e-06
109 5.2e-06
110 7.16193e-06
111 3.2e-06
112 4.8e-06
113 5.96193e-06
114 6.4e-06
115 2.8e-06
116 4e-06
117 5.2e-06
118 5.92387e-06
119 6.8e-06
120 6.4e-06
121 5.16193e-06
122 4.4e-06
123 3.96193e-06
124 5.96193e-06
125 6.4e-06
126 4.4e-06
127 5.16193e-06
128 4.8e-06
129 4e-06
130 5.2e-06
131 4e-06
132 3.6e-06
133 5.2e-06
134 6e-06
135 2.4e-06
136 4.4e-06
137 5.6e-06
138 4.8e-06
139 6e-06
140 2e-06
141 4.4e-06
142 3.6e-06
143 3.2e-06
144 3.96193e-06
145 4.72387e-06
146 3.2e-06
147 2.4e-06
148 2e-06
149 3.52387e-06
150 4e-06
151 3.56193e-06
152 5.6e-06
153 4.8e-06
154 2e-06
155 1.6e-06
156 5.56193e-06
157 2.76193e-06
158 5.6e-06
159 3.6e-06
160 4e-06
161 2.8e-06
162 2.8e-06
163 1.2e-06
164 4e-06
165 4e-06
166 3.6e-06
167 3.2e-06
168 3.2e-06
169 3.2e-06
170 3.56193e-06
171 3.2e-06
172 3.6e-06
173 3.2e-06
174 3.2e-06
175 3.6e-06
176 2.4e-06
177 4.4e-06
178 3.2e-06
179 1.2e-06
180 4.4e-06
181 2.8e-06
182 2.4e-06
183 2e-06
184 1.96193e-06
185 3.6e-06
186 2.8e-06
187 2e-06
188 3.2e-06
189 2.8e-06
190 2e-06
191 2.8e-06
192 5.2e-06
193 3.2e-06
194 3.6e-06
195 4e-06
196 1.56193e-06
197 2e-06
198 3.2e-06
199 1.6e-06
200 2e-06
201 2e-06
202 3.2e-06
203 3.6e-06
204 4e-06
205 3.16193e-06
206 3.2e-06
207 3.56193e-06
208 2e-06
209 2.8e-06
210 2.8e-06
211 1.6e-06
212 2e-06
213 2.36193e-06
214 3.2e-06
215 1.2e-06
216 2.4e-06
217 1.6e-06
218 2.76193e-06
219 1.6e-06
220 2.8e-06
221 3.2e-06
222 3.16193e-06
223 2.4e-06
224 2.76193e-06
225 1.2e-06
226 3.6e-06
227 1.92387e-06
228 2.4e-06
229 1.6e-06
230 1.6e-06
231 4e-06
232 2.4e-06
233 2.4e-06
234 4.8e-06
235 2.4e-06
236 4.8e-06
237 2.8e-06
238 2.4e-06
239 8e-07
240 3.2e-06
241 2.8e-06
242 4e-07
243 3.08943e-06
244 3.6e-06
245 2.4e-06
246 4e-06
247 3.6e-06
248 3.6e-06
249 0
250 3.6e-06
251 8e-07
252 4e-06
253 3.2e-06
254 4.8e-06
255 1.2e-06
256 2.4e-06
257 1.2e-06
258 2e-06
259 3.2e-06
260 2e-06
261 2e-06
262 2.36193e-06
263 2.8e-06
264 3.2e-06
265 4.4e-06
266 3.2e-06
267 8e-07
268 2.4e-06
269 2.4e-06
270 2.8e-06
271 1.6e-06
272 2.36193e-06
273 3.6e-06
274 8e-07
275 4.4e-06
276 7.61935e-07
277 2e-06
278 1.56193e-06
279 2e-06
280 2.8e-06
281 1.6e-06
282 2.8e-06
283 2.4e-06
284 2.8e-06
285 2e-06
286 1.6e-06
287 1.6e-06
288 3.2e-06
289 2e-06
290 2.8e-06
291 2.36193e-06
292 1.2e-06
293 2.4e-06
294 8e-07
295 2.36193e-06
296 8e-07
297 4e-06
298 1.2e-06
299 3.6e-06
300 8e-07
301 2.76193e-06
302 8e-07
303 1.96193e-06
304 2.8e-06
305 2.4e-06
306 2.4e-06
307 2.8e-06
308 1.6e-06
309 4e-07
310 1.2e-06
311 2e-06
312 1.6e-06
313 1.6e-06
314 2e-06
315 3.6e-06
316 3.6e-06
317 8e-07
318 2.8e-06
319 2.8e-06
320 1.6e-06
321 3.56193e-06
322 3.2e-06
323 2.4e-06
324 2.8e-06
325 3.2e-06
326 4e-07
327 1.2e-06
328 2e-06
329 8e-07
330 2e-06
331 1.6e-06
332 1.96193e-06
333 8e-07
334 1.2e-06
335 3.6e-06
336 3.2e-06
337 1.2e-06
338 2e-06
339 2e-06
340 1.2e-06
341 1.2e-06
342 2.4e-06
343 1.96193e-06
344 2.4e-06
345 2e-06
346 1.6e-06
347 2e-06
348 3.16193e-06
349 8e-07
350 2.4e-06
351 2e-06
352 7.61935e-07
353 1.6e-06
354 8e-07
355 3.6e-06
356 2.4e-06
357 1.2e-06
358 4e-07
359 2.8e-06
360 1.6e-06
361 8e-07
362 1.6e-06
363 2.8e-06
364 1.2e-06
365 2e-06
366 3.2e-06
367 8e-07
368 1.96193e-06
369 1.6e-06
370 1.2e-06
371 1.6e-06
372 1.52749e-06
373 2e-06
374 3.6e-06
375 3.2e-06
376 2.8e-06
377 1.2e-06
378 8e-07
379 2.4e-06
380 8e-07
381 2e-06
382 8e-07
383 3.2e-06
384 1.2e-06
385 2.32387e-06
386 3.2e-06
387 3.6e-06
388 1.2e-06
389 1.2e-06
390 8e-07
391 8e-07
392 8e-07
393 2e-06
394 3.2e-06
395 1.96193e-06
396 1.2e-06
397 1.6e-06
398 4e-07
399 2.4e-06
400 1.6e-06
401 2e-06
402 1.2e-06
403 1.2e-06
404 3.2e-06
405 1.2e-06
406 1.56193e-06
407 4e-07
408 1.96193e-06
409 2.8e-06
410 1.2e-06
411 8e-07
412 2.4e-06
413 1.2e-06
414 8e-07
415 8e-07
416 1.96193e-06
417 4e-07
418 4.4e-06
419 4e-07
420 1.2e-06
421 2.36193e-06
422 1.96193e-06
423 1.92387e-06
424 4e-07
425 8e-07
426 1.6e-06
427 1.2e-06
428 2.4e-06
429 1.56193e-06
430 4e-06
431 8e-07
432 1.2e-06
433 8e-07
434 2.8e-06
435 8e-07
436 2e-06
437 2e-06
438 8e-07
439 2e-06
440 1.2e-06
441 2.4e-06
442 2.4e-06
443 1.6e-06
444 4e-07
445 1.2e-06
446 2e-06
447 2e-06
448 1.6e-06
449 1.2e-06
450 1.56193e-06
451 3.16193e-06
452 1.96193e-06
453 2e-06
454 1.6e-06
455 2e-06
456 4e-07
457 2.4e-06
458 1.16193e-06
459 1.2e-06
460 7.61935e-07
461 8e-07
462 2e-06
463 2.4e-06
464 2e-06
465 3.16193e-06
466 1.6e-06
467 2e-06
468 1.2e-06
469 2.76193e-06
470 8e-07
471 1.2e-06
472 2.36193e-06
473 2.8e-06
474 2.8e-06
475 8e-07
476 2.4e-06
477 2.4e-06
478 1.2e-06
479 8e-07
480 1.2e-06
481 1.2e-06
482 1.6e-06
483 1.6e-06
484 1.2e-06
485 2e-06
486 1.56193e-06
487 1.56193e-06
488 1.2e-06
489 8e-07
490 2e-06
491 2.32387e-06
492 2.36193e-06
493 2.4e-06
494 2.4e-06
495 2e-06
496 1.6e-06
497 2.4e-06
498 2.4e-06
499 8e-07
500 2e-06
501 1.2e-06
502 1.2e-06
503 1.2e-06
504 1.6e-06
505 1.2e-06
506 8e-07
507 4e-07
508 2.8e-06
509 2.76193e-06
510 1.6e-06
511 1.2e-06
512 8e-07
513 8e-07
514 2.4e-06
515 2e-06
516 8e-07
517 1.6e-06
518 4e-07
519 1.6e-06
520 1.6e-06
521 4e-07
522 2.4e-06
523 1.2e-06
524 2.4e-06
525 2e-06
526 2.8e-06
527 2.76193e-06
528 1.2e-06
529 0
530 1.6e-06
531 1.6e-06
532 8e-07
533 1.2e-06
534 8e-07
535 1.96193e-06
536 1.6e-06
537 2.8e-06
538 4e-07
539 1.2e-06
540 8e-07
541 8e-07
542 2e-06
543 2e-06
544 2e-06
545 1.96193e-06
546 3.2e-06
547 2.4e-06
548 1.6e-06
549 4e-07
550 8e-07
551 2.8e-06
552 2.36193e-06
553 8e-07
554 1.2e-06
555 2.8e-06
556 8e-07
557 7.61935e-07
558 1.2e-06
559 1.96193e-06
560 2e-06
561 1.2e-06
562 1.6e-06
563 1.96193e-06
564 2.4e-06
565 2.4e-06
566 1.2e-06
567 1.2e-06
568 8e-07
569 8e-07
570 1.16193e-06
571 4e-07
572 1.6e-06
573 2e-06
574 1.6e-06
575 1.96193e-06
576 1.56193e-06
577 2.76193e-06
578 2e-06
579 8e-07
580 1.16193e-06
581 1.2e-06
582 8e-07
583 2.36193e-06
584 1.2e-06
585 3.2e-06
586 8e-07
587 4e-07
588 8e-07
589 1.2e-06
590 2.8e-06
591 1.2e-06
592 4e-07
593 8e-07
594 4e-07
595 1.6e-06
596 1.96193e-06
597 3.6e-06
598 2e-06
599 8e-07
600 4e-07
601 1.2e-06
602 8e-07
603 2.8e-06
604 1.2e-06
605 1.6e-06
606 3.2e-06
607 1.6e-06
608 1.96193e-06
609 1.56193e-06
610 7.61935e-07
611 1.6e-06
612 1.6e-06
613 1.2e-06
614 8e-07
615 8e-07
616 8e-07
617 8e-07
618 8e-07
619 1.2e-06
620 2e-06
621 1.2e-06
622 8e-07
623 2e-06
624 1.2e-06
625 1.92387e-06
626 1.2e-06
627 8e-07
628 2e-06
629 4e-07
630 1.6e-06
631 8e-07
632 1.2e-06
633 1.2e-06
634 1.6e-06
635 8e-07
636 8e-07
637 1.6e-06
638 8e-07
639 4e-07
640 1.6e-06
641 2e-06
642 1.56193e-06
643 2e-06
644 1.6e-06
645 1.2e-06
646 1.2e-06
647 1.2e-06
648 8e-07
649 4e-07
650 8e-07
651 8e-07
652 8e-07
653 1.2e-06
654 1.2e-06
655 1.2e-06
656 1.2e-06
657 4e-07
658 8e-07
659 1.6e-06
660 8e-07
661 8e-07
662 2.4e-06
663 1.2e-06
664 1.2e-06
665 1.2e-06
666 1.6e-06
667 7.61935e-07
668 0
669 2.76193e-06
670 1.92387e-06
671 1.2e-06
672 1.6e-06
673 8e-07
674 8e-07
675 8e-07
676 2.4e-06
677 1.2e-06
678 1.52387e-06
679 8e-07
680 2e-06
681 8e-07
682 1.2e-06
683 8e-07
684 4e-07
685 1.2e-06
686 1.6e-06
687 1.6e-06
688 1.6e-06
689 2.36193e-06
690 2.8e-06
691 1.2e-06
692 2.4e-06
693 8e-07
694 1.6e-06
695 4e-07
696 0
697 0
698 8e-07
699 2e-06
700 1.6e-06
701 0
702 4e-07
703 8e-07
704 8e-07
705 8e-07
706 1.6e-06
707 1.6e-06
708 4e-07
709 1.2e-06
710 1.6e-06
711 2e-06
712 7.27492e-07
713 0
714 8e-07
715 2e-06
716 7.61935e-07
717 4e-07
718 8e-07
719 2e-06
720 1.6e-06
721 8e-07
722 2.8e-06
723 1.6e-06
724 2e-06
725 2.4e-06
726 4e-07
727 4e-07
728 1.2e-06
729 1.2e-06
730 0
731 8e-07
732 8e-07
733 8e-07
734 2e-06
735 8e-07
736 4e-07
737 1.6e-06
738 1.16193e-06
739 1.6e-06
740 8e-07
741 1.6e-06
742 1.2e-06
743 1.6e-06
744 4e-07
745 1.6e-06
746 8e-07
747 0
748 0
749 8e-07
750 4e-07
751 4e-07
752 8e-07
753 4e-07
754 2.4e-06
755 0
756 1.6e-06
757 2e-06
758 4e-07
759 8e-07
760 3.16193e-06
761 8e-07
762 0
763 8e-07
764 1.2e-06
765 3.16193e-06
766 1.6e-06
767 1.56193e-06
768 2.4e-06
769 7.61935e-07
770 1.6e-06
771 1.6e-06
772 2e-06
773 1.2e-06
774 2.4e-06
775 2.4e-06
776 1.6e-06
777 4e-07
778 1.2e-06
779 1.2e-06
780 2e-06
781 1.2e-06
782 8e-07
783 8e-07
784 4e-07
785 4e-07
786 1.2e-06
787 2.4e-06
788 1.2e-06
789 1.2e-06
790 1.6e-06
791 4e-07
792 0
793 1.2e-06
794 0
795 2.4e-06
796 8e-07
797 8e-07
798 4e-07
799 8e-07
800 1.6e-06
801 1.2e-06
802 8e-07
803 0
804 1.6e-06
805 1.96193e-06
806 1.6e-06
807 8e-07
808 2e-06
809 8e-07
810 4e-07
811 1.2e-06
812 3.2e-06
813 0
814 1.6e-06
815 8e-07
816 1.56193e-06
817 4e-07
818 1.2e-06
819 3.61935e-07
820 4e-07
821 1.2e-06
822 8e-07
823 1.56193e-06
824 8e-07
825 2e-06
826 0
827 1.6e-06
828 0
829 8e-07
830 4e-07
831 8e-07
832 8e-07
833 1.6e-06
834 8e-07
835 2e-06
836 1.56193e-06
837 2e-06
838 1.16193e-06
839 7.61935e-07
840 1.16193e-06
841 4e-07
842 1.2e-06
843 1.2e-06
844 2e-06
845 1.6e-06
846 0
847 4e-07
848 1.6e-06
849 4e-07
850 2e-06
851 2e-06
852 1.6e-06
853 1.56193e-06
854 0
855 2.8e-06
856 4e-07
857 1.2e-06
858 4e-07
859 1.2e-06
860 1.2e-06
861 1.2e-06
862 8e-07
863 8e-07
864 4e-07
865 2.4e-06
866 8e-07
867 8e-07
868 8e-07
869 4e-07
870 1.2e-06
871 1.2e-06
872 4e-07
873 8e-07
874 8e-07
875 4e-07
876 0
877 1.2e-06
878 4e-07
879 1.2e-06
880 4e-07
881 0
882 1.2e-06
883 1.2e-06
884 8e-07
885 2e-06
886 0
887 1.2e-06
888 3.2e-06
889 8e-07
890 1.2e-06
891 4e-07
892 8e-07
893 2e-06
894 2e-06
895 1.2e-06
896 1.2e-06
897 4e-07
898 8e-07
899 8e-07
900 1.56193e-06
901 2e-06
902 1.2e-06
903 4e-07
904 4e-07
905 8e-07
906 8e-07
907 1.2e-06
908 1.16193e-06
909 8e-07
910 1.2e-06
911 1.6e-06
912 8e-07
913 8e-07
914 2e-06
915 0
916 8e-07
917 1.2e-06
918 2e-06
919 1.96193e-06
920 2.4e-06
921 4e-07
922 2.4e-06
923 2.4e-06
924 8e-07
925 0
926 1.52387e-06
927 3.2e-06
928 8e-07
929 0
930 7.61935e-07
931 1.56193e-06
932 1.6e-06
933 1.2e-06
934 1.2e-06
935 8e-07
936 1.6e-06
937 8e-07
938 1.6e-06
939 1.2e-06
940 8e-07
941 1.2e-06
942 8e-07
943 1.6e-06
944 1.56193e-06
945 2.76193e-06
946 4e-07
947 8e-07
948 8e-07
949 7.61935e-07
950 1.56193e-06
951 1.2e-06
952 4e-07
953 4e-07
954 7.61935e-07
955 7.61935e-07
956 2.4e-06
957 1.2e-06
958 0
959 8e-07
960 2e-06
961 8e-07
962 1.2e-06
963 8e-07
964 1.2e-06
965 2e-06
966 4e-07
967 1.2e-06
968 1.2e-06
969 8e-07
970 8e-07
971 0
972 2.8e-06
973 8e-07
974 1.56193e-06
975 8e-07
976 8e-07
977 1.2e-06
978 4e-07
979 8e-07
980 1.2e-06
981 1.16193e-06
982 2e-06
983 4e-07
984 4e-07
985 8e-07
986 2e-06
987 7.61935e-07
988 0
989 1.2e-06
990 8e-07
991 4e-07
992 8e-07
993 1.6e-06
994 1.6e-06
995 2e-06
996 8e-07
997 4e-07
998 1.6e-06
999 0
