0 0
1 1.156e-05
2 6.96e-06
3 4.4392e-06
4 4.88e-06
5 3.32e-06
6 3.96e-06
7 3.0796e-06
8 2.48e-06
9 2.2396e-06
10 2.4396e-06
11 2.0396e-06
12 2.32e-06
13 1.9992e-06
14 1.76e-06
15 1.92e-06
16 1.6796e-06
17 1.84e-06
18 1.1596e-06
19 1.56e-06
20 1.52e-06
21 1.12e-06
22 8.8e-07
23 1.28e-06
24 1.28e-06
25 1.24e-06
26 7.6e-07
27 1.4e-06
28 1.04e-06
29 8.8e-07
30 1.32e-06
31 1.1996e-06
32 1e-06
33 9.2e-07
34 6.4e-07
35 1.2e-06
36 9.6e-07
37 8.79602e-07
38 9.6e-07
39 1.1196e-06
40 6.39602e-07
41 9.19204e-07
42 5.2e-07
43 9.19602e-07
44 5.2e-07
45 6.79602e-07
46 5.2e-07
47 4.4e-07
48 6.8e-07
49 1.0396e-06
50 6.8e-07
51 1.04e-06
52 9.19602e-07
53 6e-07
54 9.6e-07
55 5.2e-07
56 8e-07
57 4.4e-07
58 5.19602e-07
59 6.8e-07
60 6.39602e-07
61 6.4e-07
62 8.8e-07
63 6e-07
64 8.4e-07
65 1.1596e-06
66 7.59602e-07
67 3.99602e-07
68 5.6e-07
69 8.4e-07
70 7.2e-07
71 3.59602e-07
72 6.4e-07
73 7.2e-07
74 8e-07
75 7.2e-07
76 4.8e-07
77 2.8e-07
78 4.39204e-07
79 4.8e-07
80 5.2e-07
81 5.2e-07
82 4.8e-07
83 4.8e-07
84 6e-07
85 4.8e-07
86 4e-07
87 4.8e-07
88 7.2e-07
89 7.6e-07
90 6e-07
91 5.99602e-07
92 5.2e-07
93 4.8e-07
94 4.4e-07
95 4.8e-07
96 5.6e-07
97 4e-07
98 4.4e-07
99 7.19602e-07
100 5.2e-07
101 4e-07
102 5.6e-07
103 3.19602e-07
104 4.4e-07
105 6e-07
106 2.8e-07
107 5.6e-07
108 4.39602e-07
109 5.19208e-07
110 4e-07
111 4.8e-07
112 4.4e-07
113 4.8e-07
114 2.8e-07
115 4e-07
116 3.2e-07
117 5.2e-07
118 3.99602e-07
119 5.2e-07
120 2.8e-07
121 4.4e-07
122 4.8e-07
123 3.2e-07
124 2.8e-07
125 2.4e-07
126 5.6e-07
127 4.4e-07
128 4.4e-07
129 4.39602e-07
130 5.2e-07
131 7.59602e-07
132 5.59602e-07
133 3.6e-07
134 2.4e-07
135 4e-07
136 3.6e-07
137 5.59204e-07
138 3.59602e-07
139 2e-07
140 5.2e-07
141 4.4e-07
142 2e-07
143 6.4e-07
144 3.6e-07
145 4e-07
146 4e-07
147 2.8e-07
148 2.8e-07
149 4e-07
150 3.6e-07
151 5.2e-07
152 3.2e-07
153 3.2e-07
154 3.59204e-07
155 5.6e-07
156 4.8e-07
157 1.6e-07
158 3.2e-07
159 3.19602e-07
160 3.6e-07
161 4.8e-07
162 5.2e-07
163 3.59602e-07
164 3.6e-07
165 3.2e-07
166 8e-08
167 3.2e-07
168 3.19602e-07
169 2.8e-07
170 2.79602e-07
171 2.79602e-07
172 6.8e-07
173 1.2e-07
174 4.4e-07
175 4.4e-07
176 4e-07
177 4.79602e-07
178 4e-07
179 2e-07
180 3.2e-07
181 3.59204e-07
182 3.6e-07
183 4.8e-07
184 2.8e-07
185 2e-07
186 2.8e-07
187 6.4e-07
188 4.4e-07
189 4e-07
190 4.79602e-07
191 2.8e-07
192 2.8e-07
193 3.2e-07
194 1.2e-07
195 2e-07
196 6.8e-07
197 2.8e-07
198 3.2e-07
199 2.39602e-07
200 4.4e-07
201 4.4e-07
202 1.2e-07
203 2e-07
204 3.6e-07
205 2e-07
206 2.8e-07
207 3.2e-07
208 4e-07
209 2.8e-07
210 2.8e-07
211 3.6e-07
212 2.8e-07
213 3.6e-07
214 2.39602e-07
215 3.2e-07
216 1.2e-07
217 2.4e-07
218 3.19602e-07
219 2.79602e-07
220 4.39204e-07
221 2.4e-07
222 2e-07
223 3.2e-07
224 4.4e-07
225 4.8e-07
226 1.99602e-07
227 2.8e-07
228 1.6e-07
229 3.19204e-07
230 2.8e-07
231 3.2e-07
232 1.2e-07
233 4e-07
234 2.4e-07
235 4e-07
236 3.2e-07
237 2.8e-07
238 1.2e-07
239 3.2e-07
240 2.39602e-07
241 1.2e-07
242 2.8e-07
243 2.8e-07
244 3.2e-07
245 2.8e-07
246 2e-07
247 3.6e-07
248 8e-08
249 2.8e-07
250 2.39602e-07
251 7.9602e-08
252 2e-07
253 1.6e-07
254 1.6e-07
255 2e-07
256 1.2e-07
257 3.2e-07
258 2e-07
259 1.6e-07
260 2.39602e-07
261 3.6e-07
262 2.4e-07
263 2e-07
264 2.79602e-07
265 2.4e-07
266 1.6e-07
267 1.99602e-07
268 2.8e-07
269 1.6e-07
270 8e-08
271 2e-07
272 1.6e-07
273 2.4e-07
274 1.6e-07
275 2.4e-07
276 1.2e-07
277 2.39602e-07
278 3.2e-07
279 2.8e-07
280 4e-07
281 1.6e-07
282 2.4e-07
283 2.8e-07
284 1.6e-07
285 2.8e-07
286 2e-07
287 2.8e-07
288 8e-08
289 3.6e-07
290 1.6e-07
291 2.4e-07
292 2.8e-07
293 3.6e-07
294 1.6e-07
295 1.2e-07
296 1.59602e-07
297 4e-07
298 3.99602e-07
299 2.39602e-07
300 2e-07
301 2.79204e-07
302 1.6e-07
303 1.6e-07
304 8e-08
305 4e-07
306 1.6e-07
307 1.2e-07
308 1.6e-07
309 3.2e-07
310 2.4e-07
311 4.4e-07
312 2e-07
313 1.6e-07
314 8e-08
315 1.6e-07
316 4e-08
317 8e-08
318 2.4e-07
319 4e-08
320 2.4e-07
321 3.2e-07
322 2.8e-07
323 4.4e-07
324 1.2e-07
325 2.4e-07
326 1.2e-07
327 2.4e-07
328 2e-07
329 3.19602e-07
330 2.4e-07
331 1.6e-07
332 1.6e-07
333 2.4e-07
334 0
335 8e-08
336 2.8e-07
337 2.79602e-07
338 1.2e-07
339 2.4e-07
340 3.2e-07
341 1.59602e-07
342 1.2e-07
343 1.6e-07
344 2.4e-07
345 8e-08
346 3.2e-07
347 7.9602e-08
348 8e-08
349 2.39204e-07
350 1.6e-07
351 4e-08
352 2.4e-07
353 2e-07
354 2.39602e-07
355 4e-08
356 3.99602e-07
357 4e-08
358 1.2e-07
359 2.4e-07
360 2e-07
361 2.8e-07
362 2.4e-07
363 1.19602e-07
364 1.6e-07
365 3.2e-07
366 2.4e-07
367 1.6e-07
368 3.2e-07
369 1.59602e-07
370 1.59602e-07
371 2e-07
372 3.2e-07
373 1.2e-07
374 2.79602e-07
375 3.2e-07
376 3.6e-07
377 8e-08
378 0
379 8e-08
380 0
381 1.99602e-07
382 2.8e-07
383 1.2e-07
384 8e-08
385 1.19602e-07
386 8e-08
387 2.8e-07
388 4e-08
389 1.6e-07
390 1.2e-07
391 2.4e-07
392 2e-07
393 3.6e-07
394 1.2e-07
395 1.6e-07
396 2e-07
397 1.6e-07
398 1.2e-07
399 2.8e-07
400 8e-08
401 1.6e-07
402 2e-07
403 1.2e-07
404 1.2e-07
405 8e-08
406 8e-08
407 1.2e-07
408 2.39602e-07
409 1.6e-07
410 1.6e-07
411 1.2e-07
412 1.6e-07
413 3.6e-07
414 2e-07
415 1.6e-07
416 2.8e-07
417 1.2e-07
418 3.6e-07
419 2e-07
420 1.6e-07
421 1.6e-07
422 1.98806e-07
423 1.6e-07
424 8e-08
425 2.8e-07
426 1.2e-07
427 1.6e-07
428 2.8e-07
429 1.2e-07
430 2e-07
431 1.2e-07
432 1.2e-07
433 2.8e-07
434 1.6e-07
435 1.6e-07
436 1.2e-07
437 3.2e-07
438 1.2e-07
439 3.6e-07
440 1.6e-07
441 2.39602e-07
442 8e-08
443 2.4e-07
444 1.99204e-07
445 1.2e-07
446 1.6e-07
447 1.6e-07
448 1.2e-07
449 4.39602e-07
450 2.79602e-07
451 1.59602e-07
452 2e-07
453 2.4e-07
454 8e-08
455 1.6e-07
456 4e-08
457 8e-08
458 1.6e-07
459 2.4e-07
460 2.4e-07
461 2e-07
462 2.4e-07
463 8e-08
464 3.9602e-08
465 8e-08
466 3.19602e-07
467 1.6e-07
468 2.39602e-07
469 1.6e-07
470 3.6e-07
471 8e-08
472 2e-07
473 7.9602e-08
474 1.2e-07
475 2e-07
476 1.2e-07
477 8e-08
478 2.4e-07
479 2e-07
480 2.8e-07
481 1.2e-07
482 8e-08
483 2.4e-07
484 2e-07
485 2.4e-07
486 2.8e-07
487 8e-08
488 1.6e-07
489 1.6e-07
490 3.2e-07
491 1.6e-07
492 8e-08
493 2.8e-07
494 1.2e-07
495 2.8e-07
496 4e-08
497 1.2e-07
498 2.39602e-07
499 2.39602e-07
500 1.2e-07
501 1.2e-07
502 8e-08
503 4e-08
504 1.19602e-07
505 8e-08
506 4e-08
507 4e-08
508 2.39204e-07
509 2.79602e-07
510 2.8e-07
511 1.99602e-07
512 2.8e-07
513 2.8e-07
514 2.8e-07
515 4e-08
516 1.6e-07
517 2.8e-07
518 2.8e-07
519 4e-08
520 2.8e-07
521 1.2e-07
522 4e-08
523 7.9602e-08
524 2e-07
525 1.2e-07
526 2e-07
527 2.4e-07
528 8e-08
529 1.6e-07
530 2e-07
531 1.6e-07
532 2.4e-07
533 1.6e-07
534 1.2e-07
535 8e-08
536 8e-08
537 2.79602e-07
538 8e-08
539 2e-07
540 2.79204e-07
541 2e-07
542 2e-07
543 1.2e-07
544 8e-08
545 1.2e-07
546 1.6e-07
547 1.6e-07
548 3.2e-07
549 2.8e-07
550 2.4e-07
551 1.6e-07
552 4e-08
553 1.2e-07
554 1.6e-07
555 0
556 1.19602e-07
557 2.8e-07
558 1.2e-07
559 8e-08
560 1.2e-07
561 1.99602e-07
562 4e-08
563 1.6e-07
564 1.2e-07
565 1.19602e-07
566 8e-08
567 1.6e-07
568 8e-08
569 1.2e-07
570 2.8e-07
571 2e-07
572 1.6e-07
573 1.2e-07
574 7.9602e-08
575 1.6e-07
576 8e-08
577 4e-08
578 7.9602e-08
579 1.6e-07
580 8e-08
581 2.8e-07
582 2e-07
583 2.8e-07
584 0
585 1.2e-07
586 2.4e-07
587 4e-08
588 4e-08
589 3.59602e-07
590 1.6e-07
591 2e-07
592 2.8e-07
593 8e-08
594 3.59602e-07
595 1.2e-07
596 1.6e-07
597 1.19602e-07
598 8e-08
599 2e-07
600 2e-07
601 1.2e-07
602 1.6e-07
603 3.19602e-07
604 1.6e-07
605 1.6e-07
606 1.2e-07
607 4e-08
608 1.2e-07
609 1.6e-07
610 1.6e-07
611 1.6e-07
612 1.2e-07
613 1.2e-07
614 1.6e-07
615 8e-08
616 1.2e-07
617 1.2e-07
618 1.2e-07
619 4e-08
620 8e-08
621 1.2e-07
622 4e-07
623 2e-07
624 4e-08
625 1.6e-07
626 8e-08
627 8e-08
628 7.9602e-08
629 4e-08
630 1.2e-07
631 2e-07
632 1.99602e-07
633 4e-08
634 2e-07
635 1.2e-07
636 8e-08
637 8e-08
638 1.2e-07
639 1.2e-07
640 8e-08
641 1.6e-07
642 1.2e-07
643 1.6e-07
644 1.59602e-07
645 1.99602e-07
646 1.6e-07
647 8e-08
648 8e-08
649 4e-08
650 8e-08
651 1.6e-07
652 1.6e-07
653 2e-07
654 4e-08
655 4e-08
656 3.2e-07
657 2.4e-07
658 4e-08
659 8e-08
660 1.59602e-07
661 1.19602e-07
662 1.2e-07
663 1.6e-07
664 2.4e-07
665 4e-08
666 4e-08
667 2.4e-07
668 2e-07
669 8e-08
670 8e-08
671 8e-08
672 8e-08
673 8e-08
674 1.2e-07
675 1.2e-07
676 2e-07
677 1.99602e-07
678 1.99602e-07
679 1.6e-07
680 1.2e-07
681 8e-08
682 1.6e-07
683 8e-08
684 1.6e-07
685 1.2e-07
686 1.99602e-07
687 1.59602e-07
688 1.19602e-07
689 1.19602e-07
690 1.6e-07
691 4e-08
692 8e-08
693 1.2e-07
694 1.6e-07
695 2.4e-07
696 4e-08
697 2e-07
698 2e-07
699 1.6e-07
700 1.6e-07
701 4e-08
702 8e-08
703 1.6e-07
704 8e-08
705 1.2e-07
706 1.2e-07
707 2.4e-07
708 3.19602e-07
709 4e-08
710 8e-08
711 1.2e-07
712 1.19602e-07
713 2e-07
714 8e-08
715 4e-08
716 2.39602e-07
717 1.2e-07
718 1.59602e-07
719 8e-08
720 1.6e-07
721 7.9602e-08
722 1.2e-07
723 1.2e-07
724 8e-08
725 2e-07
726 4e-08
727 8e-08
728 8e-08
729 2e-07
730 2.4e-07
731 1.6e-07
732 0
733 2e-07
734 1.2e-07
735 1.2e-07
736 8e-08
737 8e-08
738 1.2e-07
739 1.2e-07
740 1.2e-07
741 8e-08
742 2e-07
743 8e-08
744 8e-08
745 4e-08
746 8e-08
747 0
748 1.19602e-07
749 8e-08
750 4e-08
751 2e-07
752 4e-08
753 2e-07
754 1.2e-07
755 4e-08
756 4e-08
757 4e-08
758 8e-08
759 8e-08
760 8e-08
761 1.2e-07
762 4e-08
763 8e-08
764 2.4e-07
765 1.6e-07
766 1.2e-07
767 1.2e-07
768 0
769 8e-08
770 1.6e-07
771 1.6e-07
772 8e-08
773 4e-08
774 1.2e-07
775 2e-07
776 1.6e-07
777 1.6e-07
778 8e-08
779 4e-08
780 3.9602e-08
781 1.2e-07
782 1.2e-07
783 8e-08
784 0
785 4e-08
786 4e-08
787 8e-08
788 4e-08
789 4e-08
790 0
791 2.4e-07
792 4e-08
793 4e-08
794 1.2e-07
795 1.6e-07
796 8e-08
797 1.6e-07
798 8e-08
799 1.2e-07
800 2e-07
801 8e-08
802 2.79602e-07
803 0
804 0
805 1.6e-07
806 8e-08
807 1.2e-07
808 8e-08
809 8e-08
810 1.2e-07
811 1.2e-07
812 8e-08
813 1.59602e-07
814 1.2e-07
815 8e-08
816 1.99204e-07
817 8e-08
818 8e-08
819 8e-08
820 1.6e-07
821 1.19602e-07
822 7.9204e-08
823 2e-07
824 1.2e-07
825 2e-07
826 0
827 4e-08
828 8e-08
829 0
830 2e-07
831 8e-08
832 8e-08
833 1.19204e-07
834 8e-08
835 1.2e-07
836 1.2e-07
837 1.6e-07
838 8e-08
839 1.2e-07
840 1.19602e-07
841 2e-07
842 1.6e-07
843 1.2e-07
844 8e-08
845 4e-08
846 8e-08
847 8e-08
848 4e-08
849 7.9602e-08
850 1.2e-07
851 1.19602e-07
852 1.59602e-07
853 4e-08
854 1.2e-07
855 1.2e-07
856 2e-07
857 1.2e-07
858 8e-08
859 8e-08
860 8e-08
861 2e-07
862 1.6e-07
863 4e-08
864 4e-08
865 8e-08
866 8e-08
867 8e-08
868 0
869 8e-08
870 2e-07
871 1.2e-07
872 0
873 1.2e-07
874 1.2e-07
875 2.4e-07
876 1.2e-07
877 4e-08
878 1.2e-07
879 1.59602e-07
880 1.2e-07
881 2e-07
882 1.6e-07
883 8e-08
884 1.2e-07
885 7.9602e-08
886 1.2e-07
887 2.39602e-07
888 8e-08
889 1.6e-07
890 8e-08
891 1.2e-07
892 8e-08
893 1.6e-07
894 8e-08
895 0
896 8e-08
897 1.2e-07
898 8e-08
899 1.99602e-07
900 4e-08
901 4e-08
902 4e-08
903 2.8e-07
904 1.59602e-07
905 8e-08
906 8e-08
907 1.6e-07
908 2e-07
909 4e-08
910 1.6e-07
911 0
912 1.19208e-07
913 1.2e-07
914 2e-07
915 4e-08
916 1.2e-07
917 8e-08
918 4e-08
919 8e-08
920 1.6e-07
921 8e-08
922 4e-08
923 1.2e-07
924 1.6e-07
925 1.2e-07
926 4e-08
927 8e-08
928 1.6e-07
929 4e-08
930 7.9602e-08
931 2.4e-07
932 1.2e-07
933 1.2e-07
934 1.19208e-07
935 1.6e-07
936 1.6e-07
937 1.2e-07
938 4e-08
939 1.59602e-07
940 8e-08
941 8e-08
942 8e-08
943 2e-07
944 8e-08
945 8e-08
946 8e-08
947 4e-08
948 0
949 1.2e-07
950 8e-08
951 1.2e-07
952 1.59602e-07
953 1.2e-07
954 8e-08
955 8e-08
956 7.9602e-08
957 1.2e-07
958 0
959 7.92079e-08
960 8e-08
961 1.59602e-07
962 8e-08
963 8e-08
964 8e-08
965 8e-08
966 4e-08
967 1.6e-07
968 3.9602e-08
969 4e-08
970 1.2e-07
971 8e-08
972 1.2e-07
973 1.2e-07
974 2.4e-07
975 4e-08
976 0
977 2e-07
978 1.99602e-07
979 4e-08
980 8e-08
981 8e-08
982 8e-08
983 1.99602e-07
984 4e-08
985 8e-08
986 1.2e-07
987 8e-08
988 4e-08
989 1.19602e-07
990 1.59602e-07
991 8e-08
992 1.6e-07
993 1.6e-07
994 2e-07
995 8e-08
996 1.6e-07
997 4e-08
998 8e-08
999 0
