0.77 0.01 1 0 0 0 0
0.77 0.01 2.71828 0 0.00417046 0.00397165 0.00436827
0.77 0.01 7.38906 0 0.00650119 0.00619539 0.00680356
0.77 0.01 20.0855 0 0.00832659 0.0079613 0.00869483
0.77 0.01 54.5982 0 0.00960261 0.00919416 0.0100212
0.77 0.01 148.413 0 0.0106678 0.0102201 0.0111091
0.77 0.01 403.429 0 0.011359 0.0108835 0.0118279
0.77 0.01 1096.63 0 0.011815 0.0113312 0.0123049
0.77 0.01 2980.96 0 0.012334 0.0118293 0.0128401
0.77 0.01 8103.08 0 0.0124317 0.0119266 0.0129514
0.77 0.01 22026.5 0 0.0127384 0.0122105 0.0132703
0.77 0.01 59874.1 0 0.0129521 0.0124063 0.0134964
0.77 0.01 162755 0 0.0130306 0.0124872 0.0135722
0.77 0.01 442413 0 0.0130306 0.0124806 0.0135682
