0.77 0.1 1 0 0 0 0
0.77 0.1 2.71828 0 0.00597713 0.00522489 0.00672938
0.77 0.1 7.38906 0 0.00822481 0.00735929 0.00910844
0.77 0.1 20.0855 0 0.010187 0.00919455 0.0111885
0.77 0.1 54.5982 0 0.011493 0.0104281 0.0125814
0.77 0.1 148.413 0 0.012141 0.0110262 0.0132549
0.77 0.1 403.429 0 0.0126078 0.0114848 0.013747
0.77 0.1 1096.63 0 0.0130745 0.0118909 0.0142337
0.77 0.1 2980.96 0 0.0133509 0.0121673 0.0144992
0.77 0.1 8103.08 0 0.0137225 0.0125035 0.0149234
0.77 0.1 22026.5 0 0.0139038 0.0127301 0.0150866
0.77 0.1 59874.1 0 0.0139038 0.012693 0.0151056
0.77 0.1 162755 0 0.0139038 0.0127029 0.0151056
0.77 0.1 442413 0 0.0139038 0.0127292 0.0151138
