0 0
1 7.00123e-09
2 1.67619e-06
3 4.14486e-06
4 3.16302e-06
5 1.49752e-06
6 1.41579e-06
7 1.53413e-06
8 1.16409e-06
9 8.58248e-07
10 5.79435e-07
11 5.2618e-07
12 4.98788e-07
13 4.73411e-07
14 6.90292e-07
15 2.56838e-07
16 1.93697e-07
17 2.63843e-07
18 2.04386e-07
19 3.06409e-07
20 1.39528e-07
21 9.70384e-08
22 1.00603e-07
23 5.88269e-08
24 1.03106e-07
25 1.27976e-07
26 1.29529e-07
27 9.99592e-08
28 1.85099e-08
29 6.68877e-08
30 1.65993e-08
31 4.03232e-08
32 4.42803e-08
33 4.18529e-09
34 1.08359e-08
35 2.17872e-08
36 4.97914e-08
37 1.58682e-08
38 1.10402e-08
39 9.25092e-10
40 1.53206e-08
41 1.77577e-08
42 6.34832e-09
43 2.55902e-10
44 8.55373e-09
45 1.95379e-08
46 4.84307e-10
47 4.33728e-10
48 1.25709e-12
49 1.8173e-08
50 2.92281e-09
51 6.74131e-12
52 1.44947e-08
53 1.13898e-13
54 0
55 4.49804e-11
56 0
57 1.07885e-11
58 2.66332e-11
59 3.17478e-09
60 2.91252e-09
61 3.47229e-09
62 2.53281e-08
63 0
64 0
65 0
66 8.93913e-11
67 1.08148e-08
68 0
69 0
70 0
71 1.33698e-09
72 0
73 2.11667e-11
74 4.19874e-10
75 0
76 0
77 0
78 0
79 0
80 0
81 1e-11
82 0
83 0
84 0
85 4.26723e-09
86 0
87 3.15979e-12
88 1.22646e-09
89 2.61371e-10
90 9.64124e-10
91 0
92 3.39692e-11
93 0
94 0
95 7.35045e-10
96 0
97 0
98 0
99 0
100 0
101 4.7226e-10
102 7.95742e-09
103 1.42626e-09
104 0
105 0
106 0
107 3.06682e-10
108 0
109 0
110 2.69166e-11
111 0
112 0
113 0
114 0
115 0
116 0
117 0
118 7.98582e-11
119 0
120 0
121 3.21704e-09
122 0
123 0
124 0
125 0
126 0
127 0
128 0
129 1.44071e-10
130 0
131 2.39488e-10
132 0
133 0
134 0
135 1.6615e-11
136 0
137 6.89252e-10
138 7.67977e-11
139 0
140 0
141 1.02563e-09
142 1.83822e-09
143 0
144 0
145 0
146 0
147 6.97071e-09
148 0
149 0
150 0
151 0
152 0
153 0
154 0
155 0
156 0
157 0
158 0
159 0
160 0
161 0
162 0
163 0
164 0
165 0
166 0
167 0
168 0
169 0
170 0
171 0
172 0
173 0
174 0
175 0
176 0
177 0
178 0
179 0
180 0
181 0
182 0
183 0
184 0
185 0
186 0
187 1.37767e-11
188 0
189 0
190 0
191 0
192 1.10296e-11
193 0
194 0
195 8.87302e-11
196 5.86635e-13
197 0
198 0
199 0
200 1.41743e-09
201 0
202 0
203 0
204 0
205 0
206 0
207 0
208 0
209 0
210 0
211 0
212 0
213 0
214 0
215 0
216 0
217 0
218 0
219 0
220 0
221 0
222 0
223 0
224 0
225 0
226 1.09095e-08
227 0
228 3.51795e-11
229 1.09171e-09
230 0
231 0
232 0
233 0
234 0
235 0
236 0
237 0
238 0
239 0
240 7.52339e-12
241 0
242 0
243 0
244 0
245 0
246 0
247 0
248 0
249 0
