0 -10.9752456640397 -11.0316172243036 -10.9223316327406
0.993251773010283 -11.0727819958698 -11.1281257562391 -11.0172358142891
2.00012773496011 -11.0763622868268 -11.1337632652831 -11.0198647061491
3.00022217882684 -10.9857620329966 -11.0413480747362 -10.9334398251075
4.00003388275086 -11.0755031386226 -11.1335237418651 -11.0203962034874
4.99997871390773 -11.1269082470849 -11.1880993533916 -11.0701131925777
6.00000299062804 -11.7838998907194 -11.8651972598703 -11.7089087192261
6.9999971198819 -14.3437858793379 -14.6333030155939 -14.1193464028873
8.00000067527204 -17.9522032787027 -18.7050204084781 -17.4924614412129
8.99999951529857 -22.7293230968447 -28.7318027559387 -22.0374144355015
9.99997885272489 -48.7318018333577 -92.7314656536658 -48.0386517354917
10.9999976331124 -236.341238620018 -258.341238434616 -235.648091439458
12.0000012815651 -452.341240238535 -664.341239194956 -451.64809165104
