0 -10.9958772417958 -11.0500345713617 -10.9432971133232
0.993251773010283 -11.0705050282687 -11.1291607838414 -11.0164929264919
2.00012773496011 -11.00642719069 -11.0633158878779 -10.9544531877369
3.00022217882684 -10.9648040564605 -11.0180097350283 -10.9121677337036
4.00003388275086 -11.0383199407048 -11.0956240168639 -10.9841813407019
4.99997871390773 -11.0740965052767 -11.1322108044582 -11.0200357319378
6.00000299062804 -11.6394903232016 -11.7164036533105 -11.5665952652227
6.9999971198819 -14.2730229288332 -14.5680086718264 -14.0413615210123
8.00000067527204 -18.7251034962496 -23.8873220920505 -18.035275496222
8.99999951529857 -58.7317990075426 -72.713308625613 -58.0386534334303
9.99997885272489 -136.731464857023 -144.731803254705 -136.038486275598
10.9999976331124 -344.214310147868 -346.341240066819 -343.58261617126
