0 1
2331 2332
2450 2451
2478 2479
3025 3026
3197 3198
3444 3445
3850 3851
3857 3858
3903 3904
4015 4016
38126 38127
38318 38319
39149 39150
39161 39162
39169 39170
39945 39947
57145 57146
58004 58005
58139 58140
184107 184108
196545 196546
197177 197178
197207 197208
197509 197510
198234 198235
200632 200633
200760 200761
211657 211658
211931 211932
214902 214903
215587 215588
215688 215689
215738 215739
233355 233356
233486 233487
238883 238884
239828 239829
244691 244692
244696 244697
244714 244715
244720 244721
245302 245303
245345 245346
535500 535501
536567 536568
536590 536591
536750 536751
536869 536870
536882 536883
536935 536936
537477 537478
538224 538225
538494 538495
539079 539080
539087 539088
539129 539130
543195 543196
545614 545615
545693 545694
555195 555196
555629 555631
555639 555640
555646 555648
555651 555652
556332 556333
592574 592575
600286 600287
600366 600367
603236 603237
603249 603250
603257 603258
603563 603564
603574 603575
603831 603832
603869 603870
604267 604268
605255 605256
605358 605359
610947 610948
611036 611037
