0 1
69569 69570
72258 72259
74255 74256
74282 74283
74494 74495
75548 75549
75611 75612
75614 75615
75638 75639
79530 79531
79568 79569
81443 81444
112291 112293
112473 112474
112475 112476
112585 112586
112859 112860
112988 112989
112990 112991
113045 113046
113616 113617
115171 115172
115398 115399
116097 116098
116099 116100
116270 116271
124750 124751
125695 125696
126399 126400
126817 126818
128000 128001
128008 128009
128775 128776
129059 129060
129745 129746
189640 189641
189988 189989
190211 190212
190390 190391
190653 190654
190981 190982
191479 191480
209281 209282
209437 209438
209451 209452
212115 212116
429478 429479
429508 429509
429748 429749
431482 431483
432753 432754
435643 435644
435674 435675
453232 453233
453784 453785
962277 962278
981621 981622
984868 984869
986433 986434
986453 986454
986462 986463
996115 996116
996150 996151
