0 1
190 191
553 554
784 785
879 880
2089 2090
3213 3214
3320 3321
98238 98239
101300 101301
101615 101616
101624 101625
101634 101635
101839 101840
104685 104686
104853 104854
104858 104859
133307 133308
133352 133353
133660 133661
156705 156706
156736 156737
193235 193236
193253 193254
193347 193348
193697 193698
193874 193875
194140 194141
194202 194203
194238 194239
194924 194925
195308 195309
197279 197280
197489 197490
199895 199896
219277 219278
219472 219473
219478 219479
219481 219482
219721 219722
219953 219954
219970 219971
220003 220004
220949 220950
348715 348716
348763 348764
349413 349415
349639 349640
350099 350100
350187 350188
350638 350639
350758 350759
351005 351007
351009 351010
351370 351371
374339 374340
415357 415358
418131 418132
439399 439400
