0 1
216 217
787 788
22287 22288
25383 25384
28875 28876
28897 28898
29288 29289
30406 30407
46139 46140
54479 54480
54546 54547
54550 54551
54765 54766
54843 54844
54867 54868
56467 56468
56522 56523
56857 56858
56969 56970
57255 57256
66384 66385
66757 66758
72895 72896
73451 73452
74980 74981
76450 76451
79187 79188
169281 169282
169442 169443
169595 169596
169628 169629
169634 169635
169652 169653
209454 209455
209537 209538
209930 209931
214758 214759
214809 214810
214918 214919
214997 214998
215024 215025
215116 215117
215426 215427
221878 221879
221913 221914
222172 222173
222733 222734
238157 238158
240576 240577
