0 2
84 85
1883 1884
2228 2229
4192 4193
6667 6668
6896 6897
6898 6899
6919 6920
6948 6949
7058 7059
7080 7081
7087 7088
9398 9399
11173 11174
11210 11211
14987 14988
15763 15764
15799 15800
15802 15803
30275 30276
30351 30352
367059 367060
389035 389036
389037 389038
389572 389573
389804 389805
389856 389857
390361 390362
393091 393092
393126 393127
393160 393161
394091 394092
394136 394137
443988 443989
444011 444012
444029 444030
444121 444122
444861 444862
478544 478545
478614 478615
485011 485012
486580 486581
486584 486585
487141 487142
487176 487177
487348 487349
640044 640045
