0 1
140 141
574 575
635 636
663 664
2821 2822
4393 4394
6410 6411
8566 8567
8626 8627
8628 8629
8936 8937
9551 9552
10829 10830
12605 12606
12655 12656
12755 12756
12759 12760
12966 12967
19244 19245
19723 19724
34442 34443
34538 34539
35277 35278
36054 36055
38202 38203
38230 38231
47864 47865
47870 47871
47953 47954
47957 47958
47961 47962
55715 55716
55822 55823
56483 56484
56592 56593
56647 56648
57857 57858
58188 58189
58308 58309
58310 58311
58321 58322
163701 163702
174425 174426
174923 174924
181969 181970
182394 182395
182436 182437
190143 190144
201406 201407
201482 201483
201535 201536
201858 201860
210421 210422
210474 210475
210830 210831
212181 212182
212836 212837
213362 213363
213617 213618
213704 213705
213800 213801
215036 215037
218849 218850
219345 219347
219567 219568
220384 220385
225822 225823
226436 226437
226706 226707
227053 227054
227225 227226
274328 274329
274610 274611
275282 275283
275302 275303
278444 278445
278453 278454
481141 481142
482167 482168
482361 482362
484454 484455
487862 487863
487920 487921
632926 632927
633003 633004
638986 638987
639101 639102
640298 640299
645013 645014
645162 645163
645167 645168
683010 683011
683041 683042
683287 683288
683293 683294
683957 683958
695689 695690
695734 695735
706671 706672
707776 707777
709220 709221
710008 710009
710020 710021
