0 2
70 71
269 270
276 277
367 368
409 410
709 710
15800 15801
16318 16319
16343 16344
16363 16364
16368 16369
20394 20395
21624 21625
23671 23672
23714 23715
23783 23784
24116 24117
24124 24125
24131 24132
24179 24180
27159 27160
27176 27177
27264 27265
27269 27270
27951 27952
28284 28285
43585 43586
43864 43865
43868 43869
133727 133728
134309 134310
134332 134333
134387 134388
139794 139795
139802 139803
139816 139817
140138 140139
143231 143232
144271 144272
197083 197084
197678 197679
197765 197766
240258 240259
240339 240340
249823 249824
255800 255801
257312 257313
257670 257671
257683 257684
257986 257987
258197 258198
258356 258357
258645 258646
258837 258838
258910 258911
