0 1
18 19
21 22
4656 4657
12342 12343
12371 12372
12689 12690
12886 12887
13181 13182
13194 13195
322641 322642
322942 322943
322976 322977
323465 323466
323489 323490
913177 913178
913277 913278
913386 913388
915018 915019
915033 915034
915073 915074
916029 916030
916167 916168
918299 918300
918327 918328
918645 918646
918739 918740
921748 921749
922596 922597
922716 922717
938481 938482
938682 938683
938775 938776
948883 948884
948894 948895
949095 949096
949170 949171
949205 949206
949937 949938
949940 949941
950989 950990
963968 963969
963995 963996
964021 964022
964298 964299
964591 964592
