0 1
2503 2504
193001 193002
195328 195329
198015 198016
199866 199867
204875 204876
204974 204975
204990 204992
205026 205027
241620 241621
241625 241626
241844 241845
241854 241855
241857 241858
244160 244161
261171 261172
261194 261195
261512 261513
264354 264355
265075 265076
265398 265399
265761 265762
266084 266085
266366 266367
266566 266567
267568 267569
267869 267870
267999 268000
268336 268337
268468 268469
269751 269752
278802 278803
278807 278808
278823 278824
278841 278842
278947 278948
279502 279503
279506 279507
279510 279512
281007 281008
282431 282432
282667 282668
282671 282672
297980 297981
297982 297983
297987 297988
300411 300412
300442 300443
300462 300463
300470 300471
301838 301839
302465 302466
302643 302644
302684 302685
302942 302943
302950 302951
310329 310330
314241 314242
314243 314244
317826 317827
319910 319911
319941 319942
322780 322781
323466 323467
