0 1
14643 14644
14920 14921
17989 17990
17992 17993
18102 18103
85935 85936
414573 414574
415148 415149
415394 415395
415397 415398
415471 415472
425113 425115
427353 427354
476054 476055
476130 476131
476243 476244
476277 476278
477259 477260
478050 478051
479942 479943
480764 480765
484892 484893
485267 485268
485320 485321
485522 485523
486081 486082
486116 486117
486247 486249
488872 488873
488943 488944
489025 489026
497236 497237
497350 497351
497967 497968
498033 498034
502666 502667
502758 502759
503152 503153
503997 503998
571384 571385
572201 572202
572374 572375
572395 572396
572667 572668
600123 600124
603593 603594
642260 642261
642311 642312
642361 642362
642412 642413
642467 642468
666927 666928
668325 668326
669293 669294
669298 669299
669310 669311
669580 669581
678122 678123
678193 678194
785730 785731
785791 785792
788140 788141
789718 789719
