0 1
18121 18122
18188 18189
18992 18993
19330 19331
19345 19346
88633 88634
98946 98947
98978 98979
104362 104363
104423 104424
104674 104675
104722 104723
104889 104890
104931 104932
111940 111942
112037 112038
113567 113568
113972 113973
114134 114135
114188 114189
114196 114197
114221 114222
114257 114258
114268 114269
114510 114511
120146 120147
130310 130311
130467 130468
130600 130601
131667 131668
132995 132996
133125 133126
133139 133140
133425 133426
135182 135183
136568 136569
137382 137383
137385 137386
838485 838486
842219 842220
847495 847496
852353 852354
870017 870018
870401 870402
870416 870418
870485 870486
