0 1
125 126
380 381
33966 33967
33982 33983
42472 42473
42583 42584
43021 43022
43670 43671
44867 44868
44882 44883
44886 44887
46705 46706
48926 48927
61249 61250
63831 63832
64628 64629
115791 115792
115798 115799
115800 115801
115841 115842
115843 115844
116069 116070
116163 116164
116221 116222
116286 116287
116713 116714
118032 118033
118463 118464
140964 140965
140970 140971
140975 140976
141155 141156
141166 141167
141230 141231
172390 172391
181621 181622
186132 186133
186548 186549
186557 186558
186949 186950
187107 187108
194288 194289
194737 194738
195528 195529
195552 195553
195707 195708
195731 195732
201102 201103
201125 201126
201907 201908
203040 203042
203166 203167
203203 203204
203257 203258
203351 203352
203360 203361
207355 207356
207653 207654
719626 719627
721325 721326
760264 760265
760871 760872
760915 760916
761754 761755
761766 761767
762122 762123
762315 762316
762357 762358
762874 762875
762877 762878
762930 762931
763042 763043
763616 763617
765353 765354
804529 804530
815618 815619
816074 816075
816239 816240
816242 816243
816342 816343
816596 816597
817040 817041
818354 818355
818894 818895
820484 820485
820490 820491
820525 820526
825033 825034
827501 827502
830312 830313
833693 833694
833702 833703
841929 841930
854988 854989
900258 900259
900282 900283
901690 901691
901735 901736
901738 901739
907579 907580
924991 924992
925016 925017
946752 946753
946760 946761
946814 946815
946910 946911
988362 988363
992176 992177
992499 992500
992521 992522
998827 998828
