0 1
23 24
1186 1187
1209 1210
1385 1386
7690 7691
11013 11014
13523 13524
13835 13836
17992 17993
18268 18269
19738 19739
280149 280150
281206 281207
282458 282459
282699 282700
282809 282810
283179 283180
283352 283353
283849 283850
284203 284204
293161 293162
293165 293166
293335 293336
348251 348252
351097 351098
351156 351157
351203 351204
351301 351302
359600 359601
359750 359751
359766 359767
361983 361984
361985 361986
361998 361999
362006 362007
362266 362267
362431 362432
371463 371464
372047 372048
372442 372443
439999 440000
440032 440033
440095 440096
440138 440139
440566 440567
480571 480572
480573 480574
480728 480729
480959 480960
481087 481088
481506 481507
484932 484933
484936 484937
485031 485032
488342 488343
488386 488387
495447 495448
495498 495499
495860 495861
498980 498981
498985 498986
607180 607181
