0 1
9430 9431
10117 10118
58363 58364
59499 59500
59538 59539
62419 62420
84425 84426
84789 84790
84791 84792
84864 84865
85088 85089
88204 88205
88335 88336
90715 90716
90771 90772
91324 91325
91621 91622
91635 91636
92240 92241
93225 93226
93722 93723
94947 94948
94969 94970
95618 95619
95702 95703
112073 112074
115877 115878
116014 116015
116217 116218
155595 155596
156599 156600
156676 156677
156681 156682
157417 157418
159727 159728
160710 160711
160769 160770
162907 162908
162976 162977
163085 163087
178497 178498
218134 218135
240765 240766
240805 240806
241029 241030
242697 242698
265571 265572
265780 265782
265796 265797
265814 265815
265872 265873
266474 266475
268364 268365
324223 324224
324893 324894
354236 354237
354261 354262
354407 354408
359264 359265
359793 359794
453217 453218
453222 453223
453233 453234
453386 453387
457286 457287
457349 457350
462660 462662
462726 462727
462774 462775
462982 462983
463115 463116
463120 463121
463197 463198
464192 464193
