0 1
20 21
742 743
1168 1169
12324 12325
12371 12372
12376 12377
12681 12682
121899 121900
129194 129195
129237 129238
129453 129454
129486 129487
130190 130191
130228 130229
130234 130235
208910 208911
210500 210501
210934 210935
211031 211032
211049 211050
214553 214554
226664 226665
299419 299420
299742 299743
300598 300599
300691 300692
685472 685473
689031 689032
689258 689259
689904 689905
689919 689920
689934 689935
690035 690036
690091 690092
690109 690110
690461 690462
690469 690470
691064 691065
691093 691094
691125 691126
691304 691305
698511 698512
698515 698516
698550 698551
698671 698672
707537 707538
707629 707630
708922 708923
981080 981081
981219 981220
981238 981239
983518 983519
984241 984242
984273 984274
985638 985639
985663 985664
