0 1
254 255
274 275
560 561
940 941
1741 1742
1765 1766
3531 3532
114922 114923
114928 114929
115387 115388
333318 333319
334143 334144
334195 334196
334417 334418
337173 337174
338518 338519
339003 339004
339077 339078
339083 339084
339472 339473
340528 340529
340569 340570
340684 340685
343328 343329
343576 343577
343685 343686
348390 348391
348462 348463
348528 348529
349262 349263
349386 349387
438011 438012
470728 470729
471125 471126
472116 472117
472574 472575
472591 472592
474343 474344
474918 474919
475041 475042
475453 475454
480605 480606
488102 488103
488274 488275
489835 489836
501212 501214
501489 501490
537423 537424
537704 537705
539407 539408
550911 550912
550913 550914
551759 551760
551871 551872
551889 551890
600110 600111
626939 626940
630067 630068
647563 647564
648001 648002
666732 666733
668086 668087
668453 668454
669090 669091
669107 669108
670712 670713
670721 670722
676731 676732
676948 676950
676966 676967
677017 677018
677358 677359
677418 677419
678257 678258
678511 678512
678549 678550
679041 679042
690789 690790
692021 692022
692875 692876
692900 692901
695158 695159
698344 698345
698352 698353
698365 698366
698367 698368
742401 742402
743078 743079
744094 744095
765793 765794
765799 765800
766760 766761
769930 769931
770143 770145
770210 770211
770319 770320
770333 770334
770346 770347
774383 774384
774624 774625
774890 774891
775000 775001
775030 775031
784247 784248
785828 785829
785851 785852
786009 786010
802639 802640
802643 802644
803342 803343
