0 1
7216 7217
53018 53019
53049 53050
53420 53421
53520 53521
56737 56738
57329 57330
59687 59688
59856 59857
59862 59863
62042 62043
62046 62047
63514 63515
63630 63631
63799 63800
65079 65080
65097 65098
66768 66769
69783 69784
72525 72526
73563 73564
73710 73711
73772 73773
74999 75000
75016 75017
75094 75095
75134 75135
75136 75137
407519 407520
407528 407529
479994 479995
480248 480249
480565 480566
488310 488311
488331 488333
488412 488413
492353 492354
492368 492369
492933 492934
494374 494375
494386 494388
494584 494585
494589 494590
503507 503508
506511 506513
506947 506948
506997 506998
507060 507061
507065 507066
509261 509262
509317 509318
509624 509625
509677 509678
620778 620779
620782 620783
620939 620940
621064 621065
621097 621098
621134 621135
621907 621908
622097 622098
622133 622134
623046 623047
632755 632756
632774 632775
636889 636890
858246 858247
888467 888468
935945 935946
936900 936902
937631 937632
978238 978239
978297 978298
978696 978697
978715 978716
