0 1
42890 42891
52348 52349
52771 52772
52784 52785
52922 52923
53001 53002
341098 341099
341108 341109
341116 341117
344344 344345
344402 344403
348238 348239
362423 362424
398277 398278
405942 405943
406272 406273
406298 406299
407946 407947
407951 407952
416571 416572
473797 473798
474459 474460
494985 494986
496724 496725
498654 498655
500502 500503
508528 508529
508560 508561
653103 653104
653116 653117
653132 653133
653136 653137
653430 653431
653433 653434
834942 834943
835087 835088
851848 851849
851930 851931
851959 851960
854504 854505
854508 854509
854738 854739
855724 855725
856463 856464
863755 863756
873442 873443
873468 873469
874161 874162
923204 923205
951468 951469
