0 1
158 159
890 891
901 902
2134 2135
2466 2467
2546 2547
2554 2555
3889 3890
4037 4038
4044 4045
4204 4205
11835 11836
11845 11846
11865 11866
12173 12174
14870 14871
14890 14891
14942 14943
15014 15015
15027 15028
15175 15176
15490 15491
15561 15562
15568 15569
15577 15578
16861 16862
19741 19742
41240 41241
41242 41243
41369 41370
41383 41384
41392 41393
41502 41503
41514 41515
42040 42041
42512 42513
42534 42535
42950 42951
42952 42953
42981 42982
43565 43566
56952 56953
57444 57445
57562 57563
261017 261018
261458 261459
262344 262345
269209 269210
299144 299145
300457 300458
301920 301921
301954 301955
302751 302752
304809 304810
344132 344133
344464 344465
345443 345444
345466 345467
345486 345487
954278 954279
955325 955326
955434 955435
955479 955480
955852 955853
956214 956215
956460 956461
956464 956465
956493 956494
