0 1
37 38
852 853
900 901
3877 3878
10145 10146
10158 10159
10252 10253
10297 10298
12435 12436
12507 12508
12731 12732
13411 13412
16040 16041
21137 21138
28189 28190
42843 42844
43918 43919
43931 43932
44408 44409
94033 94034
94047 94048
94229 94230
94244 94245
95390 95391
96796 96797
96877 96878
97957 97958
97967 97968
98079 98080
98460 98461
98558 98559
386874 386875
477194 477195
477499 477500
477597 477598
488739 488740
489256 489257
489416 489417
497824 497825
517011 517012
517336 517337
517454 517455
517514 517515
518567 518568
518746 518747
519011 519012
519013 519014
521944 521945
535013 535015
535021 535022
538017 538018
