0 1
39 40
1844 1845
1885 1886
2926 2927
3195 3197
3220 3221
5185 5186
40653 40654
107990 107991
109009 109010
109043 109044
109362 109363
127039 127040
127318 127319
156302 156303
156424 156425
190881 190882
191258 191259
200828 200829
216764 216765
218221 218222
262287 262288
264853 264854
264857 264858
264863 264864
266812 266813
283664 283665
284755 284756
325650 325651
330812 330813
330833 330834
330836 330837
330845 330846
330958 330959
331001 331002
331134 331135
331349 331350
341872 341873
341912 341913
342816 342817
342987 342988
343013 343014
345557 345558
345591 345592
363286 363287
370911 370913
373909 373910
374029 374030
374124 374125
374185 374186
374346 374347
374431 374432
374697 374698
374972 374973
375035 375036
375136 375137
379833 379834
379839 379840
379842 379843
379870 379871
381655 381656
381828 381829
464740 464741
464804 464805
465455 465456
560158 560159
560397 560398
560672 560673
560677 560678
562026 562027
562551 562552
571180 571181
600934 600935
601735 601736
601791 601792
602011 602012
603053 603054
619143 619144
619353 619354
