0 1
257 258
1726 1727
1874 1875
25636 25637
25742 25743
25749 25750
55791 55792
58854 58855
58886 58887
198470 198471
198533 198534
198727 198728
199237 199238
199723 199724
199738 199739
231265 231266
231392 231393
231401 231402
231416 231417
231867 231868
257325 257326
257451 257452
287499 287500
300815 300816
302466 302467
303004 303005
303172 303173
303227 303228
303482 303483
303548 303549
306596 306597
306645 306646
588312 588313
588511 588512
588513 588514
588558 588559
588698 588699
588787 588788
593437 593438
593473 593475
593555 593556
