0 1
5562 5563
6672 6673
7664 7665
7666 7667
69578 69579
69601 69602
69609 69610
69764 69765
71980 71981
72018 72019
73861 73862
74767 74768
91615 91616
101101 101102
102972 102973
129258 129259
129649 129650
129906 129907
135814 135815
135911 135912
136009 136010
137155 137156
137275 137276
137455 137456
137593 137594
138753 138754
154721 154722
156626 156627
158581 158582
160979 160980
161178 161179
163427 163428
166422 166423
167052 167053
167815 167816
167869 167870
167887 167888
167894 167895
168611 168612
168618 168619
