0 1
35 36
78368 78369
91074 91075
91098 91099
191154 191155
193450 193451
201407 201408
201463 201464
201503 201504
203328 203329
345422 345423
345573 345574
345887 345888
345896 345897
347218 347219
355302 355303
355305 355306
431150 431151
432969 432970
432986 432987
433167 433168
434447 434448
434457 434458
434531 434532
435611 435612
435820 435821
443148 443149
445240 445242
445489 445490
445519 445520
445532 445533
445538 445539
445540 445541
445646 445647
447096 447097
449042 449043
449358 449359
449601 449602
451226 451227
451242 451243
538932 538933
557880 557881
558072 558073
559694 559695
