0 1
8 9
259 260
355 356
928 930
3583 3584
4029 4030
7284 7285
7526 7527
7547 7548
8769 8770
9817 9818
10099 10100
11649 11650
11672 11673
11734 11735
11738 11739
11868 11869
22255 22256
31224 31225
31265 31266
32232 32233
821320 821321
821531 821532
821735 821736
822662 822663
822668 822669
822678 822679
822693 822694
822767 822768
823207 823209
823431 823432
826377 826378
826552 826553
826723 826724
827668 827669
827701 827702
827736 827737
827764 827765
827896 827897
829055 829056
834917 834918
838973 838974
838980 838981
843744 843745
860473 860474
862776 862777
862778 862779
863311 863312
863614 863615
867024 867025
867046 867047
867606 867607
