0 1
1274 1275
1401 1403
1463 1464
2502 2503
2516 2517
12514 12515
12516 12517
13083 13084
14171 14172
14806 14807
14997 14998
15027 15028
20194 20195
20418 20419
20807 20808
21665 21666
21860 21861
21894 21895
23119 23120
23135 23136
23339 23340
34703 34704
34788 34789
37633 37634
37715 37716
39473 39474
39479 39480
39582 39583
39942 39943
39944 39945
41858 41859
42913 42914
43065 43066
101238 101239
101555 101556
102277 102278
102346 102347
412735 412737
412742 412743
413014 413015
413166 413167
413468 413469
413557 413558
413781 413782
416883 416884
418112 418113
418160 418161
418394 418395
418398 418399
463207 463208
463228 463229
463243 463244
463247 463248
463249 463250
463293 463294
463354 463355
478433 478434
482963 482964
483007 483008
