0 1
1145 1146
1333 1334
5682 5683
6107 6108
6122 6123
6200 6201
6711 6712
7616 7617
7840 7841
8052 8053
15283 15284
15311 15312
15890 15891
17236 17237
96441 96442
102487 102488
102591 102592
104232 104233
111635 111636
112289 112290
122415 122416
135766 135767
138492 138494
140662 140663
142964 142965
147187 147188
148800 148801
148833 148834
149470 149471
149481 149482
166610 166611
211077 211078
211081 211082
211274 211275
211993 211994
212003 212004
212008 212009
218806 218807
218870 218871
218872 218874
289323 289324
291255 291256
292548 292549
292567 292568
292794 292796
321318 321319
326233 326234
367613 367614
368308 368309
