0 1
819 820
833 834
856 857
3018 3019
3955 3956
4007 4008
4127 4128
4534 4535
4579 4580
8337 8338
8592 8593
30326 30327
30332 30333
30460 30462
31345 31346
35479 35480
36443 36444
38577 38578
40147 40148
40259 40260
40451 40452
40548 40549
40583 40584
43236 43237
43241 43242
43263 43264
54877 54878
55191 55192
55385 55386
55906 55907
71604 71605
71616 71617
71757 71758
81347 81348
81532 81533
81683 81684
185932 185933
186004 186005
186035 186036
186039 186040
186904 186905
186940 186941
186942 186943
188501 188502
188891 188892
189050 189051
189304 189305
190970 190971
192627 192628
192780 192781
192799 192800
193032 193033
193038 193039
193807 193808
193817 193818
193843 193844
193991 193992
194566 194567
194684 194685
194714 194715
194718 194719
195603 195604
195621 195622
219554 219555
220278 220279
221014 221015
221104 221105
222050 222051
222057 222058
222377 222378
222401 222402
236034 236035
236642 236643
236691 236692
236848 236850
251657 251658
254560 254561
255014 255015
255973 255974
256040 256041
352228 352229
354618 354619
356794 356795
356797 356798
357039 357040
358510 358511
358550 358551
358700 358701
358882 358883
360060 360061
360124 360125
360151 360152
360251 360252
360590 360591
666388 666389
761983 761984
944262 944263
983359 983360
983384 983385
983846 983847
