0 1
459 460
476719 476720
478064 478065
478136 478137
478149 478150
480467 480468
482840 482841
485802 485803
485812 485813
485879 485880
485969 485970
486007 486008
486091 486092
486099 486100
486194 486195
487674 487675
533690 533691
534610 534611
534613 534614
535458 535459
535530 535531
562685 562686
576380 576381
576438 576439
576482 576483
577315 577317
577403 577404
577704 577705
577804 577805
577809 577810
579234 579235
800811 800812
801304 801305
801352 801353
813119 813120
813123 813124
815053 815054
820344 820345
820654 820655
820661 820662
820693 820694
840672 840673
840674 840675
840682 840683
841033 841034
