0 3
81 82
2551 2552
5378 5379
7103 7104
46356 46357
46360 46361
47077 47078
47095 47096
82602 82603
82660 82661
82714 82715
83357 83358
83464 83465
84746 84747
85196 85197
85268 85269
85302 85303
86522 86523
159739 159740
159797 159798
159826 159827
160129 160130
181199 181200
181383 181384
181463 181464
181495 181496
181794 181795
181810 181811
181885 181886
181897 181898
182835 182836
182888 182889
184751 184752
185638 185639
185640 185641
185781 185782
185917 185918
186568 186569
186818 186819
220506 220507
220547 220548
220562 220563
220921 220922
225207 225208
225229 225230
227480 227481
248427 248428
248525 248526
248696 248697
248781 248782
249411 249413
250605 250606
250655 250656
255354 255355
256488 256489
256813 256814
258967 258968
259069 259070
259332 259333
260162 260163
260612 260613
260676 260677
260720 260721
261389 261390
264936 264937
268691 268692
269179 269180
269298 269299
269324 269325
269947 269948
448419 448420
448459 448460
448514 448515
448520 448521
448767 448768
457827 457828
464541 464542
464832 464833
464955 464956
466056 466058
469082 469083
469090 469091
469092 469093
469143 469144
469519 469520
469598 469599
470814 470815
472881 472882
474050 474051
474290 474291
503863 503864
503989 503990
513542 513543
513583 513584
513854 513855
513886 513887
513925 513926
729394 729395
740009 740010
740018 740019
740145 740146
743164 743165
743173 743174
743248 743249
743345 743346
743636 743638
743687 743688
743705 743706
743758 743759
744896 744897
744981 744982
745032 745033
764586 764587
804431 804432
805516 805517
805522 805523
805602 805603
806821 806822
806882 806883
809888 809889
820843 820844
826933 826934
846879 846880
