0 1
372 373
429 430
84696 84697
88073 88074
274578 274579
274631 274632
275033 275034
275043 275044
275179 275180
275295 275296
275369 275370
275644 275645
275651 275652
276537 276538
276955 276956
278963 278964
279031 279032
279033 279034
279098 279099
357058 357059
361126 361127
361331 361332
361947 361948
364811 364812
364820 364821
364826 364827
364854 364855
365379 365380
365743 365744
366296 366297
366714 366715
367241 367242
367267 367268
372626 372627
372633 372634
374065 374066
374387 374388
395094 395095
395099 395100
395103 395104
425704 425705
436692 436693
456965 456966
457378 457379
469845 469846
488121 488122
494039 494040
494088 494089
500546 500547
500765 500766
500845 500846
500854 500855
502233 502234
502238 502239
502985 502986
503017 503018
505328 505329
505854 505855
505987 505988
540820 540821
540958 540959
540980 540981
541076 541077
541084 541085
541425 541427
549198 549199
549201 549202
549231 549232
549244 549245
550627 550629
550852 550853
553433 553434
625054 625055
625110 625111
635447 635448
636639 636640
636689 636690
648216 648217
648224 648225
649530 649531
649591 649592
657669 657670
742192 742193
751561 751562
751645 751646
