0 1
90 91
3004 3005
6027 6028
6032 6033
17678 17679
18904 18905
18924 18925
19253 19254
206296 206297
206298 206299
206479 206480
206899 206900
206922 206924
206936 206937
207397 207398
207446 207447
207761 207762
207776 207777
208425 208426
215204 215205
229799 229800
230264 230265
235008 235010
235176 235177
237314 237315
237546 237547
337227 337228
337246 337247
337520 337521
341269 341270
341288 341289
350441 350442
351001 351002
361588 361589
361599 361600
361638 361640
361685 361686
365389 365390
370519 370520
370692 370693
371120 371121
