0 1
169 171
194 196
3614 3615
3647 3648
4797 4798
4868 4869
4882 4883
4888 4889
4918 4919
12411 12412
12852 12854
13124 13125
13132 13133
13751 13752
13905 13906
14061 14062
14141 14142
14168 14169
15295 15296
15424 15425
15545 15546
15616 15617
15629 15630
15714 15715
16590 16591
16597 16598
17835 17836
37606 37607
71959 71960
72119 72120
72152 72153
72242 72243
72459 72460
75247 75248
75253 75254
75765 75766
81053 81054
87759 87760
97054 97055
97091 97092
97197 97198
99014 99015
99908 99909
99932 99933
100152 100153
100569 100570
105794 105795
106426 106427
106737 106738
110541 110542
187844 187845
187860 187861
