0 1
113 114
166 167
1556 1557
1880 1881
2123 2124
2953 2954
2981 2982
3444 3445
3646 3647
4211 4212
22920 22921
24043 24044
24940 24941
24980 24981
26001 26002
26211 26212
305865 305866
323072 323073
323105 323106
323112 323113
342744 342745
349882 349883
350058 350059
350082 350083
410601 410602
410620 410621
410663 410664
412987 412988
413097 413098
413170 413171
413273 413274
413428 413429
413430 413431
417703 417704
424782 424783
425969 425970
430355 430356
451114 451115
451286 451287
452316 452317
452365 452366
452379 452380
453861 453862
453962 453963
