0 1
94 95
1178 1179
2403 2404
2612 2613
2707 2708
39958 39959
40000 40001
40036 40037
40507 40508
51274 51275
51308 51309
129214 129215
129721 129722
130526 130527
131952 131953
131955 131956
131957 131958
132084 132085
132302 132303
188823 188824
188881 188882
188895 188896
225494 225495
226892 226894
226914 226915
228713 228715
228759 228760
228761 228762
228821 228822
249623 249624
252963 252964
253269 253270
323302 323303
323337 323338
323341 323342
323352 323353
323360 323361
484367 484368
555321 555322
555325 555326
555828 555829
555837 555838
556334 556335
556345 556346
556373 556374
559570 559571
577465 577466
577495 577496
578363 578364
579419 579420
579473 579474
580223 580224
580241 580242
580448 580449
580528 580529
582004 582005
584164 584165
585121 585122
585237 585238
585240 585241
666763 666764
667183 667184
667676 667677
667679 667680
668179 668181
668431 668432
668509 668510
668679 668680
668708 668709
669846 669847
689881 689882
697496 697497
697515 697516
