0 1
44607 44608
53908 53909
59256 59257
68941 68942
68998 68999
69000 69001
70857 70858
70897 70898
88757 88758
88763 88764
89285 89286
158479 158480
159067 159068
161334 161335
163154 163155
166679 166680
166683 166684
168922 168923
169057 169058
170174 170175
173796 173797
174521 174522
213156 213157
214859 214860
215140 215141
232245 232246
232298 232299
232581 232582
232957 232958
233135 233136
233961 233962
234035 234036
237010 237011
237016 237017
237019 237021
601682 601683
601746 601747
602046 602047
602333 602334
602576 602577
614987 614988
622370 622371
622441 622442
622501 622502
623822 623823
629424 629425
629574 629575
629578 629580
629691 629692
630687 630688
