0 1
315 316
17391 17392
18803 18804
18855 18856
19322 19323
19511 19512
20297 20298
25256 25257
531907 531908
531919 531920
532759 532760
532803 532804
533129 533130
533165 533166
533260 533261
548610 548611
579636 579637
579665 579666
579670 579671
580148 580149
580297 580298
592230 592231
592505 592506
593316 593317
593763 593765
593943 593944
594315 594316
594388 594389
596927 596928
596931 596932
596941 596942
597213 597214
597237 597238
609035 609036
609092 609093
642122 642123
642202 642203
760267 760268
