1.27 1 1 0 0 0 0
1.27 1 2.71828 0 0.0202279 0.0164351 0.0240206
1.27 1 7.38906 0 0.0502356 0.0449461 0.0556921
1.27 1 20.0855 0 0.0787305 0.0720257 0.0855369
1.27 1 54.5982 0 0.119456 0.111406 0.127527
1.27 1 148.413 0 0.15131 0.142375 0.160303
1.27 1 403.429 0 0.190828 0.181067 0.200816
1.27 1 1096.63 0 0.23886 0.22775 0.249894
1.27 1 2980.96 0 0.288366 0.276824 0.299898
1.27 1 8103.08 0 0.340445 0.328467 0.352848
1.27 1 22026.5 0 0.403909 0.391459 0.416632
1.27 1 59874.1 0 0.46562 0.452474 0.47836
1.27 1 162755 0 0.524649 0.511827 0.537498
1.27 1 442413 0 0.524649 0.511607 0.5375
