0 0
1 0.000116
2 6.11619e-05
3 6.2e-05
4 4.52e-05
5 3.84e-05
6 3.36e-05
7 2.87239e-05
8 2.71619e-05
9 2.87239e-05
10 2.36e-05
11 2.23239e-05
12 2.28e-05
13 1.44e-05
14 1.64e-05
15 2e-05
16 1.44e-05
17 2.28e-05
18 1.6e-05
19 1.39619e-05
20 1.72e-05
21 1.55619e-05
22 1.04e-05
23 1.52e-05
24 1.48e-05
25 1.19239e-05
26 1.31239e-05
27 8e-06
28 8.4e-06
29 1.24e-05
30 1e-05
31 1.11619e-05
32 1.32e-05
33 8.76193e-06
34 9.16193e-06
35 9.6e-06
36 1.24e-05
37 8.4e-06
38 7.6e-06
39 9.6e-06
40 8.76193e-06
41 8.4e-06
42 1.03619e-05
43 9.88943e-06
44 7.2e-06
45 8.36193e-06
46 6e-06
47 8.8e-06
48 5.6e-06
49 4.4e-06
50 6e-06
51 9.6e-06
52 1.12e-05
53 9.56193e-06
54 4.4e-06
55 7.6e-06
56 6e-06
57 6.8e-06
58 1e-05
59 3.2e-06
60 4.8e-06
61 9.2e-06
62 9.2e-06
63 5.6e-06
64 6e-06
65 7.56193e-06
66 6.8e-06
67 7.2e-06
68 7.6e-06
69 6e-06
70 6.36193e-06
71 5.6e-06
72 5.2e-06
73 6.4e-06
74 6.8e-06
75 4.4e-06
76 3.96193e-06
77 7.2e-06
78 7.56193e-06
79 5.6e-06
80 4.76193e-06
81 6.4e-06
82 5.56193e-06
83 4.4e-06
84 5.6e-06
85 4e-06
86 5.6e-06
87 2.8e-06
88 6e-06
89 3.16193e-06
90 4.8e-06
91 5.12387e-06
92 8e-06
93 3.6e-06
94 6e-06
95 5.16193e-06
96 5.56193e-06
97 4.8e-06
98 4.8e-06
99 2.8e-06
100 5.16193e-06
101 2.4e-06
102 4e-06
103 5.2e-06
104 4e-06
105 2.36193e-06
106 3.6e-06
107 6e-06
108 3.52749e-06
109 3.6e-06
110 4e-06
111 5.6e-06
112 5.52387e-06
113 2.76193e-06
114 5.2e-06
115 5.6e-06
116 2.4e-06
117 7.2e-06
118 3.2e-06
119 4.8e-06
120 3.56193e-06
121 6e-06
122 6e-06
123 3.2e-06
124 4.8e-06
125 4e-06
126 5.6e-06
127 4.8e-06
128 2.76193e-06
129 4.36193e-06
130 2.4e-06
131 2e-06
132 5.2e-06
133 5.16193e-06
134 5.2e-06
135 5.16193e-06
136 1.6e-06
137 5.2e-06
138 2.76193e-06
139 2.8e-06
140 2.8e-06
141 6e-06
142 2.4e-06
143 8e-06
144 4.8e-06
145 1.6e-06
146 2.8e-06
147 4.76193e-06
148 2e-06
149 3.96193e-06
150 2.4e-06
151 4e-06
152 4.8e-06
153 4.4e-06
154 2.76193e-06
155 1.6e-06
156 3.2e-06
157 3.6e-06
158 3.6e-06
159 3.56193e-06
160 2.8e-06
161 2e-06
162 4.4e-06
163 1.2e-06
164 4.8e-06
165 4.4e-06
166 4.8e-06
167 4e-06
168 3.2e-06
169 4.4e-06
170 4e-06
171 2e-06
172 3.2e-06
173 3.6e-06
174 1.2e-06
175 2.4e-06
176 2.4e-06
177 4.4e-06
178 1.6e-06
179 2.76193e-06
180 3.2e-06
181 3.6e-06
182 5.2e-06
183 3.2e-06
184 3.56193e-06
185 5.2e-06
186 3.2e-06
187 1.96193e-06
188 4.76193e-06
189 2.8e-06
190 3.6e-06
191 3.2e-06
192 2e-06
193 3.6e-06
194 1.6e-06
195 1.96193e-06
196 5.2e-06
197 3.2e-06
198 4.36193e-06
199 3.6e-06
200 2e-06
201 4.4e-06
202 3.6e-06
203 4.36193e-06
204 3.96193e-06
205 2e-06
206 2.4e-06
207 3.12387e-06
208 3.2e-06
209 2.8e-06
210 2.8e-06
211 2.8e-06
212 1.96193e-06
213 4.4e-06
214 2e-06
215 2.4e-06
216 2.8e-06
217 5.6e-06
218 4.8e-06
219 4.4e-06
220 2.4e-06
221 2e-06
222 2.8e-06
223 3.6e-06
224 2.4e-06
225 3.56193e-06
226 2.8e-06
227 1.2e-06
228 2e-06
229 4.8e-06
230 2.36193e-06
231 3.6e-06
232 3.6e-06
233 2e-06
234 1.6e-06
235 4e-06
236 3.2e-06
237 3.2e-06
238 4.4e-06
239 2.76193e-06
240 2.76193e-06
241 4.4e-06
242 4e-06
243 2.4e-06
244 3.2e-06
245 2.4e-06
246 1.6e-06
247 1.6e-06
248 2.76193e-06
249 1.6e-06
250 2e-06
251 2e-06
252 4e-06
253 3.2e-06
254 2.8e-06
255 1.6e-06
256 1.2e-06
257 8e-07
258 4.36193e-06
259 1.2e-06
260 1.6e-06
261 4e-07
262 4e-06
263 1.2e-06
264 2.8e-06
265 8e-07
266 2.4e-06
267 2.8e-06
268 8e-07
269 4e-06
270 4e-06
271 3.6e-06
272 1.6e-06
273 2.4e-06
274 1.6e-06
275 3.6e-06
276 2e-06
277 3.2e-06
278 3.16193e-06
279 2.4e-06
280 2.4e-06
281 2.4e-06
282 2.8e-06
283 3.6e-06
284 2e-06
285 1.2e-06
286 2e-06
287 3.2e-06
288 2e-06
289 1.2e-06
290 3.2e-06
291 2.4e-06
292 2.76193e-06
293 1.2e-06
294 4e-06
295 8e-07
296 1.6e-06
297 2.8e-06
298 4.8e-06
299 2.4e-06
300 1.6e-06
301 8e-07
302 1.6e-06
303 1.6e-06
304 2.4e-06
305 1.2e-06
306 1.2e-06
307 2.4e-06
308 2.4e-06
309 1.16193e-06
310 4.4e-06
311 2.4e-06
312 8e-07
313 1.2e-06
314 2e-06
315 3.96193e-06
316 1.2e-06
317 1.16193e-06
318 8e-07
319 2.8e-06
320 2.4e-06
321 1.2e-06
322 2.4e-06
323 2.36193e-06
324 2e-06
325 8e-07
326 4e-06
327 1.6e-06
328 4e-06
329 2.4e-06
330 1.6e-06
331 2.4e-06
332 8e-07
333 2.4e-06
334 1.6e-06
335 3.6e-06
336 2.4e-06
337 2.76193e-06
338 2.76193e-06
339 2.4e-06
340 8e-07
341 4.4e-06
342 3.6e-06
343 2e-06
344 1.56193e-06
345 2.8e-06
346 1.2e-06
347 2.8e-06
348 3.2e-06
349 1.2e-06
350 3.6e-06
351 2.36193e-06
352 2e-06
353 2e-06
354 2e-06
355 2e-06
356 1.6e-06
357 4e-07
358 2.4e-06
359 2e-06
360 1.6e-06
361 2.4e-06
362 2.8e-06
363 2.76193e-06
364 1.2e-06
365 2.8e-06
366 1.2e-06
367 2.4e-06
368 2e-06
369 1.2e-06
370 1.16193e-06
371 4.8e-06
372 1.2e-06
373 1.6e-06
374 1.2e-06
375 2.4e-06
376 5.16193e-06
377 2e-06
378 2e-06
379 2.4e-06
380 2e-06
381 1.96193e-06
382 2e-06
383 3.16193e-06
384 8e-07
385 2e-06
386 2e-06
387 8e-07
388 1.6e-06
389 2.8e-06
390 2e-06
391 1.6e-06
392 1.6e-06
393 2e-06
394 4.36193e-06
395 1.2e-06
396 3.2e-06
397 1.6e-06
398 1.2e-06
399 1.6e-06
400 3.16193e-06
401 2e-06
402 1.2e-06
403 2.4e-06
404 2.76193e-06
405 0
406 2.4e-06
407 4e-07
408 1.2e-06
409 2e-06
410 4e-07
411 1.6e-06
412 2.4e-06
413 2.8e-06
414 2.72387e-06
415 2.4e-06
416 1.6e-06
417 1.6e-06
418 1.2e-06
419 2.8e-06
420 8e-07
421 8e-07
422 4.4e-06
423 2e-06
424 1.2e-06
425 2e-06
426 1.2e-06
427 2e-06
428 1.2e-06
429 8e-07
430 8e-07
431 1.6e-06
432 1.2e-06
433 1.56193e-06
434 1.2e-06
435 1.2e-06
436 8e-07
437 1.6e-06
438 2.36193e-06
439 1.6e-06
440 1.6e-06
441 1.6e-06
442 2.4e-06
443 3.16193e-06
444 4e-07
445 1.2e-06
446 3.2e-06
447 2.4e-06
448 3.2e-06
449 2.4e-06
450 2e-06
451 1.6e-06
452 1.2e-06
453 8e-07
454 2.4e-06
455 1.2e-06
456 2.76193e-06
457 1.2e-06
458 1.6e-06
459 8e-07
460 2.4e-06
461 2.4e-06
462 1.2e-06
463 3.2e-06
464 8e-07
465 1.2e-06
466 1.2e-06
467 3.96193e-06
468 1.6e-06
469 4e-07
470 1.6e-06
471 1.16193e-06
472 1.6e-06
473 2e-06
474 1.2e-06
475 8e-07
476 8e-07
477 0
478 3.96193e-06
479 8e-07
480 2e-06
481 1.2e-06
482 2e-06
483 2.8e-06
484 8e-07
485 1.96193e-06
486 1.6e-06
487 4.4e-06
488 0
489 1.16193e-06
490 1.92387e-06
491 4e-07
492 1.6e-06
493 8e-07
494 3.61935e-07
495 2e-06
496 8e-07
497 8e-07
498 1.2e-06
499 1.2e-06
500 1.2e-06
501 4.4e-06
502 1.6e-06
503 1.6e-06
504 2e-06
505 1.56193e-06
506 1.6e-06
507 1.16193e-06
508 2e-06
509 2.4e-06
510 1.2e-06
511 2e-06
512 1.2e-06
513 1.6e-06
514 2e-06
515 1.2e-06
516 2.76193e-06
517 2.4e-06
518 2.4e-06
519 1.6e-06
520 1.96193e-06
521 8e-07
522 1.6e-06
523 8e-07
524 1.2e-06
525 2e-06
526 1.6e-06
527 8e-07
528 1.56193e-06
529 1.2e-06
530 3.56193e-06
531 7.61935e-07
532 8e-07
533 8e-07
534 1.2e-06
535 1.2e-06
536 1.6e-06
537 1.6e-06
538 3.2e-06
539 2.4e-06
540 0
541 1.6e-06
542 4e-06
543 8e-07
544 2e-06
545 2.8e-06
546 4e-07
547 1.56193e-06
548 1.6e-06
549 4e-07
550 2e-06
551 1.6e-06
552 2e-06
553 4e-06
554 1.2e-06
555 1.6e-06
556 8e-07
557 1.6e-06
558 2e-06
559 1.96193e-06
560 8e-07
561 8e-07
562 3.2e-06
563 3.6e-06
564 8e-07
565 8e-07
566 1.2e-06
567 1.2e-06
568 4e-07
569 8e-07
570 2e-06
571 0
572 3.2e-06
573 1.2e-06
574 1.6e-06
575 1.6e-06
576 2.4e-06
577 4e-07
578 4e-07
579 1.16193e-06
580 1.56193e-06
581 4e-06
582 1.2e-06
583 1.6e-06
584 2e-06
585 8e-07
586 1.2e-06
587 1.16193e-06
588 1.2e-06
589 1.2e-06
590 1.2e-06
591 2.8e-06
592 8e-07
593 8e-07
594 8e-07
595 1.6e-06
596 2.4e-06
597 8e-07
598 1.6e-06
599 4e-07
600 2.32387e-06
601 1.6e-06
602 2.4e-06
603 2e-06
604 7.61935e-07
605 2e-06
606 2.4e-06
607 2.4e-06
608 8e-07
609 2e-06
610 4e-07
611 8e-07
612 1.56193e-06
613 1.2e-06
614 4e-07
615 0
616 2.36193e-06
617 4e-07
618 2e-06
619 2e-06
620 0
621 4e-07
622 1.2e-06
623 1.6e-06
624 1.2e-06
625 2.36193e-06
626 0
627 3.52387e-06
628 1.2e-06
629 2.4e-06
630 8e-07
631 1.2e-06
632 1.2e-06
633 4e-07
634 1.2e-06
635 1.6e-06
636 8e-07
637 4e-07
638 4e-07
639 2.76193e-06
640 4e-07
641 1.6e-06
642 2.4e-06
643 1.6e-06
644 1.6e-06
645 8e-07
646 1.6e-06
647 2.4e-06
648 1.2e-06
649 1.6e-06
650 8e-07
651 2.4e-06
652 1.2e-06
653 1.2e-06
654 4e-07
655 3.61935e-07
656 1.12749e-06
657 2.4e-06
658 8e-07
659 2e-06
660 2e-06
661 2.76193e-06
662 2.36193e-06
663 8e-07
664 0
665 8e-07
666 1.6e-06
667 4e-07
668 8e-07
669 8e-07
670 8e-07
671 1.2e-06
672 2.8e-06
673 4e-07
674 2.4e-06
675 4e-07
676 2.4e-06
677 1.2e-06
678 1.2e-06
679 8e-07
680 8e-07
681 8e-07
682 8e-07
683 8e-07
684 8e-07
685 7.61935e-07
686 1.96193e-06
687 8e-07
688 2e-06
689 8e-07
690 1.16193e-06
691 1.6e-06
692 4e-07
693 8e-07
694 4e-07
695 4e-07
696 8e-07
697 4e-07
698 1.16193e-06
699 1.6e-06
700 4e-07
701 1.92387e-06
702 1.8858e-06
703 1.6e-06
704 1.52749e-06
705 1.2e-06
706 1.16193e-06
707 4e-07
708 1.2e-06
709 1.6e-06
710 3.2e-06
711 2e-06
712 8e-07
713 1.2e-06
714 0
715 2e-06
716 1.2e-06
717 4e-07
718 2e-06
719 4e-07
720 8e-07
721 1.52749e-06
722 8e-07
723 0
724 1.6e-06
725 2e-06
726 2e-06
727 1.56193e-06
728 1.6e-06
729 2.76193e-06
730 4e-07
731 0
732 1.6e-06
733 2.8e-06
734 4e-07
735 8e-07
736 8e-07
737 1.2e-06
738 2.76193e-06
739 8e-07
740 1.2e-06
741 4e-07
742 1.16193e-06
743 4e-07
744 4e-07
745 8e-07
746 4e-07
747 1.2e-06
748 1.2e-06
749 1.2e-06
750 2.72387e-06
751 2.8e-06
752 1.2e-06
753 1.2e-06
754 4e-07
755 2e-06
756 1.6e-06
757 1.6e-06
758 2e-06
759 2e-06
760 1.6e-06
761 4e-07
762 0
763 8e-07
764 1.6e-06
765 1.6e-06
766 1.16193e-06
767 4e-07
768 1.6e-06
769 1.2e-06
770 8e-07
771 2e-06
772 4e-07
773 2e-06
774 8e-07
775 1.96193e-06
776 1.2e-06
777 1.2e-06
778 4e-07
779 0
780 1.2e-06
781 1.2e-06
782 1.6e-06
783 0
784 7.61935e-07
785 8e-07
786 1.2e-06
787 0
788 4e-07
789 2.8e-06
790 0
791 3.61935e-07
792 3.61935e-07
793 1.56193e-06
794 2.4e-06
795 1.16193e-06
796 1.2e-06
797 4e-07
798 1.6e-06
799 0
800 7.61935e-07
801 0
802 8e-07
803 1.52387e-06
804 0
805 8e-07
806 1.2e-06
807 4e-07
808 8e-07
809 4e-07
810 2.4e-06
811 4e-07
812 1.2e-06
813 1.2e-06
814 8e-07
815 8e-07
816 8e-07
817 4e-07
818 1.2e-06
819 2.36193e-06
820 4e-07
821 1.2e-06
822 4e-07
823 4e-07
824 1.2e-06
825 2.4e-06
826 4e-07
827 2e-06
828 4e-07
829 1.6e-06
830 8e-07
831 8e-07
832 1.56193e-06
833 1.2e-06
834 1.2e-06
835 1.2e-06
836 2e-06
837 8e-07
838 2.76193e-06
839 8e-07
840 4e-07
841 1.56193e-06
842 8e-07
843 1.6e-06
844 8e-07
845 4e-07
846 1.6e-06
847 7.61935e-07
848 1.96193e-06
849 1.16193e-06
850 8e-07
851 8e-07
852 0
853 8e-07
854 2e-06
855 4e-07
856 1.6e-06
857 7.61935e-07
858 8e-07
859 2e-06
860 7.61935e-07
861 1.2e-06
862 1.6e-06
863 8e-07
864 2e-06
865 8e-07
866 8e-07
867 1.2e-06
868 1.16193e-06
869 1.2e-06
870 1.56193e-06
871 1.2e-06
872 1.6e-06
873 8e-07
874 8e-07
875 2.36193e-06
876 8e-07
877 4e-07
878 1.6e-06
879 1.2e-06
880 8e-07
881 0
882 8e-07
883 8e-07
884 1.2e-06
885 8e-07
886 8e-07
887 1.2e-06
888 4e-07
889 8e-07
890 4e-07
891 1.2e-06
892 2.4e-06
893 2e-06
894 1.2e-06
895 1.6e-06
896 7.61935e-07
897 1.6e-06
898 8e-07
899 4e-07
900 1.2e-06
901 1.16193e-06
902 1.6e-06
903 8e-07
904 1.2e-06
905 2.8e-06
906 8e-07
907 4e-07
908 8e-07
909 0
910 4e-07
911 0
912 7.61935e-07
913 4e-07
914 4e-07
915 1.2e-06
916 1.6e-06
917 8e-07
918 2e-06
919 8e-07
920 8e-07
921 8e-07
922 4e-07
923 8e-07
924 1.16193e-06
925 1.2e-06
926 8e-07
927 1.16193e-06
928 1.2e-06
929 8e-07
930 0
931 2.4e-06
932 4e-07
933 8e-07
934 1.16193e-06
935 0
936 1.56193e-06
937 8e-07
938 8e-07
939 8e-07
940 7.27492e-07
941 1.2e-06
942 1.16193e-06
943 1.2e-06
944 4e-07
945 4e-07
946 4e-07
947 2.4e-06
948 8e-07
949 1.2e-06
950 8e-07
951 0
952 1.56193e-06
953 0
954 1.2e-06
955 1.2e-06
956 1.2e-06
957 7.61935e-07
958 1.6e-06
959 1.6e-06
960 1.6e-06
961 1.6e-06
962 1.2e-06
963 1.56193e-06
964 4e-07
965 8e-07
966 2.4e-06
967 4e-07
968 2e-06
969 0
970 4e-07
971 1.2e-06
972 8e-07
973 8e-07
974 4e-07
975 1.6e-06
976 1.16193e-06
977 8e-07
978 1.2e-06
979 1.2e-06
980 0
981 0
982 1.2e-06
983 4e-07
984 1.2e-06
985 1.56193e-06
986 1.6e-06
987 8e-07
988 4e-07
989 8e-07
990 8e-07
991 0
992 2e-06
993 2e-06
994 8e-07
995 1.6e-06
996 2e-06
997 1.6e-06
998 4e-07
999 0
