0 0
1 0
2 0
3 0
4 0
5 0
6 0
7 0
8 0
9 0
10 0
11 0
12 0
13 0
14 0
15 0
16 8e-07
17 4e-07
18 0
19 0
20 0
21 0
22 0
23 0
24 0
25 4e-07
26 0
27 0
28 0
29 4e-07
30 0
31 0
32 0
33 0
34 0
35 0
36 0
37 0
38 0
39 0
40 4e-07
41 0
42 0
43 8e-07
44 0
45 4e-07
46 0
47 0
48 8e-07
49 0
50 0
51 0
52 0
53 4e-07
54 0
55 4e-07
56 0
57 0
58 4e-07
59 4e-07
60 4e-07
61 0
62 0
63 0
64 4e-07
65 0
66 0
67 4e-07
68 0
69 4e-07
70 4e-07
71 4e-07
72 0
73 4e-07
74 0
75 0
76 3.61935e-07
77 8e-07
78 0
79 4e-07
80 0
81 0
82 8e-07
83 1.6e-06
84 0
85 4e-07
86 0
87 4e-07
88 4e-07
89 0
90 4e-07
91 0
92 0
93 0
94 8e-07
95 0
96 0
97 4e-07
98 4e-07
99 4e-07
100 4e-07
101 0
102 4e-07
103 1.2e-06
104 0
105 0
106 8e-07
107 1.2e-06
108 4e-07
109 1.2e-06
110 0
111 4e-07
112 4e-07
113 0
114 8e-07
115 4e-07
116 0
117 4e-07
118 0
119 0
120 0
121 8e-07
122 4e-07
123 4e-07
124 4e-07
125 8e-07
126 4e-07
127 0
128 0
129 1.2e-06
130 0
131 0
132 0
133 0
134 4e-07
135 4e-07
136 8e-07
137 0
138 0
139 0
140 4e-07
141 4e-07
142 8e-07
143 8e-07
144 1.2e-06
145 4e-07
146 0
147 8e-07
148 4e-07
149 0
150 8e-07
151 8e-07
152 0
153 1.6e-06
154 4e-07
155 1.6e-06
156 0
157 4e-07
158 4e-07
159 4e-07
160 8e-07
161 8e-07
162 8e-07
163 8e-07
164 1.2e-06
165 4e-07
166 4e-07
167 4e-07
168 0
169 0
170 4e-07
171 8e-07
172 0
173 8e-07
174 4e-07
175 8e-07
176 4e-07
177 0
178 2.8e-06
179 0
180 8e-07
181 8e-07
182 8e-07
183 1.2e-06
184 0
185 0
186 0
187 0
188 8e-07
189 0
190 0
191 8e-07
192 8e-07
193 4e-07
194 1.2e-06
195 4e-07
196 4e-07
197 0
198 1.6e-06
199 4e-07
200 4e-07
201 4e-07
202 4e-07
203 4e-07
204 2e-06
205 0
206 8e-07
207 8e-07
208 8e-07
209 1.6e-06
210 8e-07
211 4e-07
212 8e-07
213 8e-07
214 4e-07
215 8e-07
216 4e-07
217 1.2e-06
218 1.6e-06
219 4e-07
220 8e-07
221 8e-07
222 8e-07
223 0
224 4e-07
225 8e-07
226 1.2e-06
227 4e-07
228 8e-07
229 4e-07
230 0
231 4e-07
232 2e-06
233 1.2e-06
234 8e-07
235 8e-07
236 1.6e-06
237 4e-07
238 1.2e-06
239 8e-07
240 1.2e-06
241 1.2e-06
242 1.2e-06
243 1.2e-06
244 4e-07
245 8e-07
246 1.2e-06
247 0
248 8e-07
249 4e-07
250 1.6e-06
251 4e-07
252 4e-07
253 4e-07
254 2.4e-06
255 4e-07
256 4e-07
257 1.6e-06
258 1.2e-06
259 1.2e-06
260 8e-07
261 0
262 1.2e-06
263 4e-07
264 1.6e-06
265 4e-07
266 1.6e-06
267 4e-07
268 8e-07
269 2e-06
270 4e-07
271 7.61935e-07
272 0
273 4e-07
274 1.2e-06
275 1.2e-06
276 8e-07
277 2e-06
278 4e-07
279 1.6e-06
280 8e-07
281 4e-07
282 4e-07
283 8e-07
284 1.2e-06
285 1.6e-06
286 8e-07
287 8e-07
288 8e-07
289 4e-07
290 4e-07
291 2e-06
292 4e-07
293 3.2e-06
294 8e-07
295 1.2e-06
296 8e-07
297 4e-07
298 2e-06
299 1.2e-06
300 2e-06
301 0
302 8e-07
303 2e-06
304 8e-07
305 4e-07
306 8e-07
307 1.2e-06
308 0
309 8e-07
310 2.4e-06
311 4e-07
312 1.2e-06
313 4e-07
314 4e-07
315 4e-07
316 1.2e-06
317 8e-07
318 4e-07
319 1.2e-06
320 8e-07
321 1.2e-06
322 4e-07
323 0
324 1.2e-06
325 1.16193e-06
326 7.61935e-07
327 8e-07
328 4e-07
329 0
330 8e-07
331 8e-07
332 4e-07
333 4e-07
334 1.6e-06
335 0
336 8e-07
337 4e-07
338 4e-07
339 0
340 1.6e-06
341 2.4e-06
342 8e-07
343 1.2e-06
344 4e-07
345 1.2e-06
346 0
347 8e-07
348 1.2e-06
349 4e-07
350 1.2e-06
351 4e-07
352 8e-07
353 8e-07
354 1.2e-06
355 4e-07
356 1.2e-06
357 8e-07
358 4e-07
359 4e-07
360 1.6e-06
361 8e-07
362 8e-07
363 1.6e-06
364 0
365 2.4e-06
366 1.96193e-06
367 1.2e-06
368 7.61935e-07
369 4e-07
370 1.56193e-06
371 1.6e-06
372 1.6e-06
373 8e-07
374 1.2e-06
375 8e-07
376 8e-07
377 1.2e-06
378 2e-06
379 1.2e-06
380 4e-07
381 0
382 1.2e-06
383 2e-06
384 4e-07
385 8e-07
386 8e-07
387 4e-07
388 8e-07
389 4e-07
390 1.6e-06
391 1.6e-06
392 8e-07
393 8e-07
394 8e-07
395 2e-06
396 1.2e-06
397 8e-07
398 8e-07
399 4e-07
400 8e-07
401 8e-07
402 3.61935e-07
403 8e-07
404 8e-07
405 1.2e-06
406 1.56193e-06
407 8e-07
408 1.6e-06
409 1.2e-06
410 1.6e-06
411 0
412 4e-07
413 4e-07
414 4e-07
415 4e-07
416 1.16193e-06
417 8e-07
418 3.2e-06
419 4e-07
420 8e-07
421 1.2e-06
422 0
423 1.6e-06
424 0
425 4e-07
426 8e-07
427 4e-07
428 0
429 8e-07
430 1.6e-06
431 1.16193e-06
432 4e-07
433 4e-07
434 1.6e-06
435 4e-07
436 8e-07
437 0
438 2.4e-06
439 4e-07
440 8e-07
441 8e-07
442 4e-07
443 1.2e-06
444 8e-07
445 4e-07
446 4e-07
447 8e-07
448 4e-07
449 4e-07
450 4e-07
451 1.2e-06
452 4e-07
453 8e-07
454 1.6e-06
455 1.2e-06
456 4e-07
457 1.16193e-06
458 1.6e-06
459 1.2e-06
460 4e-07
461 1.2e-06
462 4e-07
463 0
464 0
465 8e-07
466 3.61935e-07
467 4e-07
468 8e-07
469 8e-07
470 1.2e-06
471 1.6e-06
472 8e-07
473 2e-06
474 4e-07
475 1.2e-06
476 2.4e-06
477 4e-07
478 8e-07
479 2e-06
480 8e-07
481 2.8e-06
482 1.2e-06
483 4e-07
484 1.6e-06
485 1.2e-06
486 8e-07
487 1.6e-06
488 0
489 4e-07
490 0
491 1.6e-06
492 8e-07
493 2e-06
494 1.16193e-06
495 1.6e-06
496 8e-07
497 0
498 8e-07
499 1.2e-06
500 8e-07
501 1.6e-06
502 0
503 0
504 0
505 4e-07
506 2e-06
507 4e-07
508 0
509 1.6e-06
510 1.6e-06
511 1.2e-06
512 8e-07
513 1.2e-06
514 2e-06
515 1.2e-06
516 8e-07
517 0
518 8e-07
519 1.2e-06
520 8e-07
521 0
522 8e-07
523 4e-07
524 8e-07
525 0
526 8e-07
527 1.2e-06
528 4e-07
529 4e-07
530 4e-07
531 4e-07
532 7.61935e-07
533 0
534 4e-07
535 2e-06
536 1.6e-06
537 2.8e-06
538 1.2e-06
539 8e-07
540 2e-06
541 1.6e-06
542 1.2e-06
543 1.2e-06
544 0
545 1.6e-06
546 4e-07
547 8e-07
548 1.2e-06
549 4e-07
550 1.2e-06
551 1.6e-06
552 8e-07
553 4e-07
554 1.2e-06
555 4e-07
556 4e-07
557 1.2e-06
558 1.2e-06
559 1.6e-06
560 4e-07
561 1.6e-06
562 1.6e-06
563 8e-07
564 8e-07
565 2.4e-06
566 0
567 1.2e-06
568 4e-07
569 1.2e-06
570 1.2e-06
571 8e-07
572 2.76193e-06
573 4e-07
574 1.2e-06
575 4e-07
576 8e-07
577 8e-07
578 0
579 8e-07
580 1.6e-06
581 2.4e-06
582 8e-07
583 1.6e-06
584 8e-07
585 0
586 8e-07
587 8e-07
588 1.2e-06
589 8e-07
590 1.2e-06
591 1.6e-06
592 4e-07
593 1.2e-06
594 0
595 0
596 1.2e-06
597 1.6e-06
598 8e-07
599 0
600 0
601 4e-07
602 3.61935e-07
603 0
604 1.92387e-06
605 4e-07
606 1.2e-06
607 1.2e-06
608 8e-07
609 4e-07
610 8e-07
611 1.6e-06
612 8e-07
613 8e-07
614 4e-07
615 0
616 4e-07
617 1.2e-06
618 7.61935e-07
619 0
620 8e-07
621 0
622 8e-07
623 1.6e-06
624 4e-07
625 8e-07
626 8e-07
627 2e-06
628 1.2e-06
629 1.2e-06
630 4e-07
631 4e-07
632 8e-07
633 0
634 8e-07
635 1.2e-06
636 1.2e-06
637 4e-07
638 1.2e-06
639 1.16193e-06
640 0
641 8e-07
642 0
643 0
644 1.2e-06
645 0
646 4e-07
647 8e-07
648 8e-07
649 1.2e-06
650 7.61935e-07
651 0
652 2e-06
653 4e-07
654 4e-07
655 8e-07
656 0
657 1.2e-06
658 1.2e-06
659 4e-07
660 8e-07
661 4e-07
662 4e-07
663 8e-07
664 1.2e-06
665 8e-07
666 0
667 1.2e-06
668 1.2e-06
669 4e-07
670 8e-07
671 4e-07
672 8e-07
673 8e-07
674 1.2e-06
675 0
676 2e-06
677 1.2e-06
678 1.2e-06
679 0
680 1.6e-06
681 3.61935e-07
682 4e-07
683 4e-07
684 4e-07
685 4e-07
686 1.6e-06
687 8e-07
688 7.61935e-07
689 2e-06
690 4e-07
691 2e-06
692 0
693 4e-07
694 1.2e-06
695 1.6e-06
696 0
697 8e-07
698 8e-07
699 8e-07
700 8e-07
701 1.6e-06
702 1.6e-06
703 8e-07
704 8e-07
705 4e-07
706 1.6e-06
707 1.6e-06
708 4e-07
709 8e-07
710 4e-07
711 4e-07
712 0
713 8e-07
714 1.2e-06
715 8e-07
716 0
717 4e-07
718 1.6e-06
719 1.2e-06
720 1.6e-06
721 4e-07
722 1.56193e-06
723 8e-07
724 8e-07
725 0
726 1.2e-06
727 1.6e-06
728 4e-07
729 1.2e-06
730 8e-07
731 8e-07
732 8e-07
733 4e-07
734 4e-07
735 1.2e-06
736 8e-07
737 4e-07
738 8e-07
739 1.6e-06
740 1.2e-06
741 4e-07
742 1.6e-06
743 0
744 0
745 8e-07
746 8e-07
747 8e-07
748 8e-07
749 8e-07
750 8e-07
751 8e-07
752 0
753 1.6e-06
754 1.6e-06
755 7.61935e-07
756 0
757 4e-07
758 0
759 0
760 1.2e-06
761 1.6e-06
762 1.2e-06
763 4e-07
764 4e-07
765 2e-06
766 2.4e-06
767 8e-07
768 1.2e-06
769 8e-07
770 1.6e-06
771 2.8e-06
772 4e-07
773 8e-07
774 8e-07
775 4e-07
776 8e-07
777 1.56193e-06
778 2.8e-06
779 1.2e-06
780 4e-07
781 1.2e-06
782 4e-07
783 8e-07
784 4e-07
785 1.2e-06
786 4e-07
787 8e-07
788 4e-07
789 8e-07
790 0
791 0
792 0
793 0
794 4e-07
795 4e-07
796 1.2e-06
797 7.61935e-07
798 1.2e-06
799 4e-07
800 1.2e-06
801 8e-07
802 2.4e-06
803 4e-07
804 4e-07
805 4e-07
806 4e-07
807 8e-07
808 4e-07
809 4e-07
810 8e-07
811 1.6e-06
812 1.6e-06
813 1.6e-06
814 8e-07
815 1.6e-06
816 4e-07
817 4e-07
818 4e-07
819 0
820 0
821 4e-07
822 1.2e-06
823 1.2e-06
824 0
825 4e-07
826 0
827 0
828 0
829 0
830 1.2e-06
831 4e-07
832 4e-07
833 8e-07
834 4e-07
835 8e-07
836 8e-07
837 8e-07
838 2e-06
839 4e-07
840 8e-07
841 1.6e-06
842 0
843 8e-07
844 1.16193e-06
845 1.2e-06
846 3.61935e-07
847 0
848 0
849 8e-07
850 8e-07
851 0
852 8e-07
853 1.6e-06
854 4e-07
855 8e-07
856 1.2e-06
857 8e-07
858 1.2e-06
859 8e-07
860 4e-07
861 2.8e-06
862 4e-07
863 1.2e-06
864 1.2e-06
865 1.2e-06
866 1.2e-06
867 1.56193e-06
868 1.6e-06
869 1.2e-06
870 3.2e-06
871 8e-07
872 1.2e-06
873 0
874 1.2e-06
875 8e-07
876 0
877 8e-07
878 0
879 1.56193e-06
880 1.16193e-06
881 1.6e-06
882 8e-07
883 8e-07
884 0
885 0
886 2.8e-06
887 2.4e-06
888 1.6e-06
889 4e-07
890 4e-07
891 1.6e-06
892 8e-07
893 1.2e-06
894 8e-07
895 4e-07
896 0
897 4e-07
898 1.2e-06
899 1.2e-06
900 8e-07
901 8e-07
902 4e-07
903 4e-07
904 8e-07
905 4e-07
906 4e-07
907 1.6e-06
908 8e-07
909 4e-07
910 8e-07
911 0
912 1.2e-06
913 4e-07
914 1.56193e-06
915 8e-07
916 0
917 4e-07
918 0
919 8e-07
920 4e-07
921 1.6e-06
922 8e-07
923 1.2e-06
924 0
925 4e-07
926 1.6e-06
927 4e-07
928 0
929 4e-07
930 0
931 1.2e-06
932 0
933 4e-07
934 4e-07
935 1.6e-06
936 8e-07
937 1.16193e-06
938 8e-07
939 1.6e-06
940 1.2e-06
941 4e-07
942 8e-07
943 4e-07
944 4e-07
945 8e-07
946 4e-07
947 8e-07
948 1.2e-06
949 1.2e-06
950 8e-07
951 4e-07
952 4e-07
953 0
954 1.6e-06
955 1.2e-06
956 8e-07
957 4e-07
958 8e-07
959 8e-07
960 8e-07
961 1.2e-06
962 8e-07
963 8e-07
964 0
965 8e-07
966 1.6e-06
967 8e-07
968 8e-07
969 3.61935e-07
970 4e-07
971 4e-07
972 1.6e-06
973 1.2e-06
974 1.16193e-06
975 1.6e-06
976 4e-07
977 4e-07
978 2e-06
979 4e-07
980 1.2e-06
981 1.6e-06
982 8e-07
983 1.2e-06
984 0
985 4e-07
986 4e-07
987 1.56193e-06
988 8e-07
989 2e-06
990 1.56193e-06
991 1.2e-06
992 0
993 1.2e-06
994 8e-07
995 8e-07
996 4e-07
997 4e-07
998 0
999 0
