0 0
1 0
2 0
3 0
4 0
5 0
6 0
7 0
8 0
9 0
10 0
11 0
12 0
13 0
14 0
15 0
16 8e-06
17 4e-06
18 0
19 0
20 0
21 0
22 0
23 0
24 0
25 4e-06
26 0
27 0
28 0
29 4e-06
30 0
31 0
32 0
33 0
34 0
35 0
36 0
37 0
38 0
39 0
40 4e-06
41 0
42 0
43 8e-06
44 0
45 4e-06
46 0
47 0
48 8e-06
49 0
50 0
51 0
52 0
53 4e-06
54 0
55 4e-06
56 0
57 0
58 4e-06
59 4e-06
60 4e-06
61 0
62 0
63 0
64 4e-06
65 0
66 0
67 4e-06
68 0
69 4e-06
70 4e-06
71 4e-06
72 0
73 4e-06
74 0
75 0
76 1.47152e-06
77 8e-06
78 0
79 4e-06
80 0
81 0
82 8e-06
83 1.6e-05
84 0
85 4e-06
86 0
87 4e-06
88 4e-06
89 0
90 4e-06
91 0
92 0
93 0
94 8e-06
95 0
96 0
97 4e-06
98 4e-06
99 4e-06
100 4e-06
101 0
102 4e-06
103 1.2e-05
104 0
105 0
106 8e-06
107 1.2e-05
108 4e-06
109 1.2e-05
110 0
111 4e-06
112 4e-06
113 0
114 8e-06
115 4e-06
116 0
117 4e-06
118 0
119 0
120 0
121 8e-06
122 4e-06
123 4e-06
124 4e-06
125 8e-06
126 4e-06
127 0
128 0
129 1.2e-05
130 0
131 0
132 0
133 0
134 4e-06
135 4e-06
136 8e-06
137 0
138 0
139 0
140 4e-06
141 4e-06
142 8e-06
143 8e-06
144 1.2e-05
145 4e-06
146 0
147 8e-06
148 4e-06
149 0
150 8e-06
151 8e-06
152 0
153 1.6e-05
154 4e-06
155 1.6e-05
156 0
157 4e-06
158 4e-06
159 4e-06
160 8e-06
161 8e-06
162 8e-06
163 8e-06
164 1.2e-05
165 4e-06
166 4e-06
167 4e-06
168 0
169 0
170 4e-06
171 8e-06
172 0
173 8e-06
174 4e-06
175 8e-06
176 4e-06
177 0
178 2.8e-05
179 0
180 8e-06
181 8e-06
182 8e-06
183 1.2e-05
184 0
185 0
186 0
187 0
188 8e-06
189 0
190 0
191 8e-06
192 8e-06
193 4e-06
194 1.2e-05
195 4e-06
196 4e-06
197 0
198 1.6e-05
199 4e-06
200 4e-06
201 4e-06
202 4e-06
203 4e-06
204 2e-05
205 0
206 8e-06
207 8e-06
208 8e-06
209 1.6e-05
210 8e-06
211 4e-06
212 8e-06
213 8e-06
214 4e-06
215 8e-06
216 4e-06
217 1.2e-05
218 1.6e-05
219 4e-06
220 8e-06
221 8e-06
222 8e-06
223 0
224 4e-06
225 8e-06
226 1.2e-05
227 4e-06
228 8e-06
229 4e-06
230 0
231 4e-06
232 2e-05
233 1.2e-05
234 8e-06
235 8e-06
236 1.6e-05
237 4e-06
238 1.2e-05
239 8e-06
240 1.2e-05
241 1.2e-05
242 1.2e-05
243 1.2e-05
244 4e-06
245 8e-06
246 1.2e-05
247 0
248 8e-06
249 4e-06
250 1.6e-05
251 4e-06
252 4e-06
253 4e-06
254 2.4e-05
255 4e-06
256 4e-06
257 1.6e-05
258 1.2e-05
259 1.2e-05
260 8e-06
261 0
262 1.2e-05
263 4e-06
264 1.6e-05
265 4e-06
266 1.6e-05
267 4e-06
268 8e-06
269 2e-05
270 4e-06
271 5.47152e-06
272 0
273 4e-06
274 1.2e-05
275 1.2e-05
276 8e-06
277 2e-05
278 4e-06
279 1.6e-05
280 8e-06
281 4e-06
282 4e-06
283 8e-06
284 1.2e-05
285 1.6e-05
286 8e-06
287 8e-06
288 8e-06
289 4e-06
290 4e-06
291 2e-05
292 4e-06
293 3.2e-05
294 8e-06
295 1.2e-05
296 8e-06
297 4e-06
298 2e-05
299 1.2e-05
300 2e-05
301 0
302 8e-06
303 2e-05
304 8e-06
305 4e-06
306 8e-06
307 1.2e-05
308 0
309 8e-06
310 2.4e-05
311 4e-06
312 1.2e-05
313 4e-06
314 4e-06
315 4e-06
316 1.2e-05
317 8e-06
318 4e-06
319 1.2e-05
320 8e-06
321 1.2e-05
322 4e-06
323 0
324 1.2e-05
325 9.47152e-06
326 5.47152e-06
327 8e-06
328 4e-06
329 0
330 8e-06
331 8e-06
332 4e-06
333 4e-06
334 1.6e-05
335 0
336 8e-06
337 4e-06
338 4e-06
339 0
340 1.6e-05
341 2.4e-05
342 8e-06
343 1.2e-05
344 4e-06
345 1.2e-05
346 0
347 8e-06
348 1.2e-05
349 4e-06
350 1.2e-05
351 4e-06
352 8e-06
353 8e-06
354 1.2e-05
355 4e-06
356 1.2e-05
357 8e-06
358 4e-06
359 4e-06
360 1.6e-05
361 8e-06
362 8e-06
363 1.6e-05
364 0
365 2.4e-05
366 1.74715e-05
367 1.2e-05
368 5.47152e-06
369 4e-06
370 1.34715e-05
371 1.6e-05
372 1.6e-05
373 8e-06
374 1.2e-05
375 8e-06
376 8e-06
377 1.2e-05
378 2e-05
379 1.2e-05
380 4e-06
381 0
382 1.2e-05
383 2e-05
384 4e-06
385 8e-06
386 8e-06
387 4e-06
388 8e-06
389 4e-06
390 1.6e-05
391 1.6e-05
392 8e-06
393 8e-06
394 8e-06
395 2e-05
396 1.2e-05
397 8e-06
398 8e-06
399 4e-06
400 8e-06
401 8e-06
402 1.47152e-06
403 8e-06
404 8e-06
405 1.2e-05
406 1.34715e-05
407 8e-06
408 1.6e-05
409 1.2e-05
410 1.6e-05
411 0
412 4e-06
413 4e-06
414 4e-06
415 4e-06
416 9.47152e-06
417 8e-06
418 3.2e-05
419 4e-06
420 8e-06
421 1.2e-05
422 0
423 1.6e-05
424 0
425 4e-06
426 8e-06
427 4e-06
428 0
429 8e-06
430 1.6e-05
431 9.47152e-06
432 4e-06
433 4e-06
434 1.6e-05
435 4e-06
436 8e-06
437 0
438 2.4e-05
439 4e-06
440 8e-06
441 8e-06
442 4e-06
443 1.2e-05
444 8e-06
445 4e-06
446 4e-06
447 8e-06
448 4e-06
449 4e-06
450 4e-06
451 1.2e-05
452 4e-06
453 8e-06
454 1.6e-05
455 1.2e-05
456 4e-06
457 9.47152e-06
458 1.6e-05
459 1.2e-05
460 4e-06
461 1.2e-05
462 4e-06
463 0
464 0
465 8e-06
466 1.47152e-06
467 4e-06
468 8e-06
469 8e-06
470 1.2e-05
471 1.6e-05
472 8e-06
473 2e-05
474 4e-06
475 1.2e-05
476 2.4e-05
477 4e-06
478 8e-06
479 2e-05
480 8e-06
481 2.8e-05
482 1.2e-05
483 4e-06
484 1.6e-05
485 1.2e-05
486 8e-06
487 1.6e-05
488 0
489 4e-06
490 0
491 1.6e-05
492 8e-06
493 2e-05
494 9.47152e-06
495 1.6e-05
496 8e-06
497 0
498 8e-06
499 1.2e-05
500 8e-06
501 1.6e-05
502 0
503 0
504 0
505 4e-06
506 2e-05
507 4e-06
508 0
509 1.6e-05
510 1.6e-05
511 1.2e-05
512 8e-06
513 1.2e-05
514 2e-05
515 1.2e-05
516 8e-06
517 0
518 8e-06
519 1.2e-05
520 8e-06
521 0
522 8e-06
523 4e-06
524 8e-06
525 0
526 8e-06
527 1.2e-05
528 4e-06
529 4e-06
530 4e-06
531 4e-06
532 5.47152e-06
533 0
534 4e-06
535 2e-05
536 1.6e-05
537 2.8e-05
538 1.2e-05
539 8e-06
540 2e-05
541 1.6e-05
542 1.2e-05
543 1.2e-05
544 0
545 1.6e-05
546 4e-06
547 8e-06
548 1.2e-05
549 4e-06
550 1.2e-05
551 1.6e-05
552 8e-06
553 4e-06
554 1.2e-05
555 4e-06
556 4e-06
557 1.2e-05
558 1.2e-05
559 1.6e-05
560 4e-06
561 1.6e-05
562 1.6e-05
563 8e-06
564 8e-06
565 2.4e-05
566 0
567 1.2e-05
568 4e-06
569 1.2e-05
570 1.2e-05
571 8e-06
572 2.54715e-05
573 4e-06
574 1.2e-05
575 4e-06
576 8e-06
577 8e-06
578 0
579 8e-06
580 1.6e-05
581 2.4e-05
582 8e-06
583 1.6e-05
584 8e-06
585 0
586 8e-06
587 8e-06
588 1.2e-05
589 8e-06
590 1.2e-05
591 1.6e-05
592 4e-06
593 1.2e-05
594 0
595 0
596 1.2e-05
597 1.6e-05
598 8e-06
599 0
600 0
601 4e-06
602 1.47152e-06
603 0
604 1.4943e-05
605 4e-06
606 1.2e-05
607 1.2e-05
608 8e-06
609 4e-06
610 8e-06
611 1.6e-05
612 8e-06
613 8e-06
614 4e-06
615 0
616 4e-06
617 1.2e-05
618 5.47152e-06
619 0
620 8e-06
621 0
622 8e-06
623 1.6e-05
624 4e-06
625 8e-06
626 8e-06
627 2e-05
628 1.2e-05
629 1.2e-05
630 4e-06
631 4e-06
632 8e-06
633 0
634 8e-06
635 1.2e-05
636 1.2e-05
637 4e-06
638 1.2e-05
639 9.47152e-06
640 0
641 8e-06
642 0
643 0
644 1.2e-05
645 0
646 4e-06
647 8e-06
648 8e-06
649 1.2e-05
650 5.47152e-06
651 0
652 2e-05
653 4e-06
654 4e-06
655 8e-06
656 0
657 1.2e-05
658 1.2e-05
659 4e-06
660 8e-06
661 4e-06
662 4e-06
663 8e-06
664 1.2e-05
665 8e-06
666 0
667 1.2e-05
668 1.2e-05
669 4e-06
670 8e-06
671 4e-06
672 8e-06
673 8e-06
674 1.2e-05
675 0
676 2e-05
677 1.2e-05
678 1.2e-05
679 0
680 1.6e-05
681 1.47152e-06
682 4e-06
683 4e-06
684 4e-06
685 4e-06
686 1.6e-05
687 8e-06
688 5.47152e-06
689 2e-05
690 4e-06
691 2e-05
692 0
693 4e-06
694 1.2e-05
695 1.6e-05
696 0
697 8e-06
698 8e-06
699 8e-06
700 8e-06
701 1.6e-05
702 1.6e-05
703 8e-06
704 8e-06
705 4e-06
706 1.6e-05
707 1.6e-05
708 4e-06
709 8e-06
710 4e-06
711 4e-06
712 0
713 8e-06
714 1.2e-05
715 8e-06
716 0
717 4e-06
718 1.6e-05
719 1.2e-05
720 1.6e-05
721 4e-06
722 1.34715e-05
723 8e-06
724 8e-06
725 0
726 1.2e-05
727 1.6e-05
728 4e-06
729 1.2e-05
730 8e-06
731 8e-06
732 8e-06
733 4e-06
734 4e-06
735 1.2e-05
736 8e-06
737 4e-06
738 8e-06
739 1.6e-05
740 1.2e-05
741 4e-06
742 1.6e-05
743 0
744 0
745 8e-06
746 8e-06
747 8e-06
748 8e-06
749 8e-06
750 8e-06
751 8e-06
752 0
753 1.6e-05
754 1.6e-05
755 5.47152e-06
756 0
757 4e-06
758 0
759 0
760 1.2e-05
761 1.6e-05
762 1.2e-05
763 4e-06
764 4e-06
765 2e-05
766 2.4e-05
767 8e-06
768 1.2e-05
769 8e-06
770 1.6e-05
771 2.8e-05
772 4e-06
773 8e-06
774 8e-06
775 4e-06
776 8e-06
777 1.34715e-05
778 2.8e-05
779 1.2e-05
780 4e-06
781 1.2e-05
782 4e-06
783 8e-06
784 4e-06
785 1.2e-05
786 4e-06
787 8e-06
788 4e-06
789 8e-06
790 0
791 0
792 0
793 0
794 4e-06
795 4e-06
796 1.2e-05
797 5.47152e-06
798 1.2e-05
799 4e-06
800 1.2e-05
801 8e-06
802 2.4e-05
803 4e-06
804 4e-06
805 4e-06
806 4e-06
807 8e-06
808 4e-06
809 4e-06
810 8e-06
811 1.6e-05
812 1.6e-05
813 1.6e-05
814 8e-06
815 1.6e-05
816 4e-06
817 4e-06
818 4e-06
819 0
820 0
821 4e-06
822 1.2e-05
823 1.2e-05
824 0
825 4e-06
826 0
827 0
828 0
829 0
830 1.2e-05
831 4e-06
832 4e-06
833 8e-06
834 4e-06
835 8e-06
836 8e-06
837 8e-06
838 2e-05
839 4e-06
840 8e-06
841 1.6e-05
842 0
843 8e-06
844 9.47152e-06
845 1.2e-05
846 1.47152e-06
847 0
848 0
849 8e-06
850 8e-06
851 0
852 8e-06
853 1.6e-05
854 4e-06
855 8e-06
856 1.2e-05
857 8e-06
858 1.2e-05
859 8e-06
860 4e-06
861 2.8e-05
862 4e-06
863 1.2e-05
864 1.2e-05
865 1.2e-05
866 1.2e-05
867 1.34715e-05
868 1.6e-05
869 1.2e-05
870 3.2e-05
871 8e-06
872 1.2e-05
873 0
874 1.2e-05
875 8e-06
876 0
877 8e-06
878 0
879 1.34715e-05
880 9.47152e-06
881 1.6e-05
882 8e-06
883 8e-06
884 0
885 0
886 2.8e-05
887 2.4e-05
888 1.6e-05
889 4e-06
890 4e-06
891 1.6e-05
892 8e-06
893 1.2e-05
894 8e-06
895 4e-06
896 0
897 4e-06
898 1.2e-05
899 1.2e-05
900 8e-06
901 8e-06
902 4e-06
903 4e-06
904 8e-06
905 4e-06
906 4e-06
907 1.6e-05
908 8e-06
909 4e-06
910 8e-06
911 0
912 1.2e-05
913 4e-06
914 1.34715e-05
915 8e-06
916 0
917 4e-06
918 0
919 8e-06
920 4e-06
921 1.6e-05
922 8e-06
923 1.2e-05
924 0
925 4e-06
926 1.6e-05
927 4e-06
928 0
929 4e-06
930 0
931 1.2e-05
932 0
933 4e-06
934 4e-06
935 1.6e-05
936 8e-06
937 9.47152e-06
938 8e-06
939 1.6e-05
940 1.2e-05
941 4e-06
942 8e-06
943 4e-06
944 4e-06
945 8e-06
946 4e-06
947 8e-06
948 1.2e-05
949 1.2e-05
950 8e-06
951 4e-06
952 4e-06
953 0
954 1.6e-05
955 1.2e-05
956 8e-06
957 4e-06
958 8e-06
959 8e-06
960 8e-06
961 1.2e-05
962 8e-06
963 8e-06
964 0
965 8e-06
966 1.6e-05
967 8e-06
968 8e-06
969 1.47152e-06
970 4e-06
971 4e-06
972 1.6e-05
973 1.2e-05
974 9.47152e-06
975 1.6e-05
976 4e-06
977 4e-06
978 2e-05
979 4e-06
980 1.2e-05
981 1.6e-05
982 8e-06
983 1.2e-05
984 0
985 4e-06
986 4e-06
987 1.34715e-05
988 8e-06
989 2e-05
990 1.34715e-05
991 1.2e-05
992 0
993 1.2e-05
994 8e-06
995 8e-06
996 4e-06
997 4e-06
998 0
999 0
