0 0
1 0.001168
2 0.000688
3 0.000588
4 0.000456
5 0.000356
6 0.000313472
7 0.000212
8 0.000288
9 0.000293472
10 0.000213472
11 0.000216415
12 0.000252
13 0.000204
14 0.000224
15 0.000188
16 0.000152
17 0.000182943
18 0.00014
19 0.00016
20 0.000176
21 0.000146943
22 0.000132
23 0.0001
24 9.2e-05
25 0.000128
26 0.000121472
27 0.000116
28 0.000128
29 8.8e-05
30 0.000108
31 0.000101472
32 0.000124
33 9.6e-05
34 9.6e-05
35 0.000113472
36 0.0001
37 9.2e-05
38 0.000121472
39 8.4e-05
40 0.0001
41 4.8e-05
42 8e-05
43 7.6e-05
44 0.000105472
45 8e-05
46 8.8e-05
47 8.4e-05
48 8.8e-05
49 5.6e-05
50 8e-05
51 7.6e-05
52 4.4e-05
53 6.4e-05
54 9.2e-05
55 8e-05
56 5.74715e-05
57 7.2e-05
58 3.34715e-05
59 8.8e-05
60 4.14715e-05
61 6.8e-05
62 9.2e-05
63 8.94715e-05
64 9.6e-05
65 4.4e-05
66 7.2e-05
67 5.2e-05
68 7.2e-05
69 6.8e-05
70 8.4e-05
71 6.8e-05
72 7.2e-05
73 4.4e-05
74 4e-05
75 4.4e-05
76 6e-05
77 4.8e-05
78 6e-05
79 6.54715e-05
80 3.74715e-05
81 6.8e-05
82 8.14715e-05
83 5.6e-05
84 8e-05
85 6.14715e-05
86 4.4e-05
87 3.74715e-05
88 6.4e-05
89 4e-05
90 7.2e-05
91 4e-05
92 8e-05
93 4.4e-05
94 4e-05
95 5.6e-05
96 6e-05
97 4.4e-05
98 4.4e-05
99 5.2e-05
100 2.94715e-05
101 6e-05
102 5.74715e-05
103 2.8e-05
104 4.4e-05
105 4.54715e-05
106 2e-05
107 3.6e-05
108 4.4e-05
109 7.6e-05
110 4.94715e-05
111 4.94715e-05
112 3.34715e-05
113 5.6e-05
114 5.74715e-05
115 4e-05
116 3.34715e-05
117 2.94715e-05
118 6.14715e-05
119 4.8e-05
120 1.6e-05
121 4e-05
122 5.34715e-05
123 2.4e-05
124 2.8e-05
125 3.2e-05
126 4e-05
127 2.4e-05
128 3.6e-05
129 3.6e-05
130 2.8e-05
131 4.8e-05
132 4.8e-05
133 3.6e-05
134 5.2e-05
135 3.2e-05
136 4.4e-05
137 2.4e-05
138 5.0943e-05
139 4e-05
140 3.6e-05
141 2.8e-05
142 7.2e-05
143 5.65413e-05
144 3.2e-05
145 1.6e-05
146 4.8e-05
147 2e-05
148 2.4e-05
149 3.2e-05
150 5.2e-05
151 2e-05
152 2.94715e-05
153 2.8e-05
154 2e-05
155 3.6e-05
156 4e-05
157 3.74715e-05
158 1.74715e-05
159 5.74715e-05
160 2.8e-05
161 4.8e-05
162 5.6e-05
163 4.4e-05
164 2e-05
165 2e-05
166 2.94715e-05
167 2e-05
168 3.2e-05
169 4.54715e-05
170 6.14715e-05
171 2.4e-05
172 1.6e-05
173 3.6e-05
174 2.8e-05
175 1.6e-05
176 2.4e-05
177 4.8e-05
178 4.4e-05
179 5.6e-05
180 4e-05
181 4.4e-05
182 2.8e-05
183 4e-05
184 1.2e-05
185 2.4e-05
186 4e-05
187 5.34715e-05
188 3.34715e-05
189 2e-05
190 4.8e-05
191 2.14715e-05
192 2.4e-05
193 2.8e-05
194 9.47152e-06
195 1.2e-05
196 2e-05
197 4e-05
198 8e-06
199 2.4e-05
200 4e-05
201 1.2e-05
202 3.2e-05
203 2e-05
204 2.8e-05
205 2.8e-05
206 2.4e-05
207 2e-05
208 2.4e-05
209 4e-06
210 2.4e-05
211 2e-05
212 4e-05
213 1.6e-05
214 2.4e-05
215 2.8e-05
216 2.4e-05
217 8e-06
218 3.2e-05
219 4e-05
220 3.6e-05
221 3.2e-05
222 3.6e-05
223 2e-05
224 2.8e-05
225 2e-05
226 1.6e-05
227 4e-05
228 3.2e-05
229 2.4e-05
230 2.4e-05
231 2.14715e-05
232 1.2e-05
233 2.4e-05
234 4.4e-05
235 3.2e-05
236 1.2e-05
237 1.2e-05
238 2.4e-05
239 2e-05
240 2.8e-05
241 1.6e-05
242 4e-06
243 3.74715e-05
244 3.6e-05
245 2.14715e-05
246 2.8e-05
247 2.4e-05
248 3.6e-05
249 2e-05
250 3.2e-05
251 4e-05
252 3.34715e-05
253 2.8e-05
254 2e-05
255 2e-05
256 4.4e-05
257 2.54715e-05
258 2.54715e-05
259 2.8e-05
260 1.6e-05
261 1.6e-05
262 1.6e-05
263 1.6e-05
264 1.6e-05
265 4.04146e-05
266 4e-05
267 4.8e-05
268 2.94715e-05
269 5.2e-05
270 2.8e-05
271 1.2e-05
272 1.6e-05
273 3.2e-05
274 8e-06
275 2.4e-05
276 4e-05
277 1.2e-05
278 2.8e-05
279 4e-06
280 1.74715e-05
281 2.8e-05
282 1.6e-05
283 2e-05
284 2.4e-05
285 1.2e-05
286 2.8e-05
287 3.2e-05
288 1.6e-05
289 2.4e-05
290 1.6e-05
291 2e-05
292 2e-05
293 3.6e-05
294 2.8e-05
295 2.94715e-05
296 8e-06
297 3.74715e-05
298 1.2e-05
299 3.6e-05
300 1.74715e-05
301 1.74715e-05
302 2e-05
303 1.6e-05
304 2e-05
305 2.4e-05
306 1.2e-05
307 1.6e-05
308 8e-06
309 2.8e-05
310 1.6e-05
311 3.6e-05
312 3.34715e-05
313 2e-05
314 2.4e-05
315 2.14715e-05
316 2.14715e-05
317 2.8e-05
318 4e-06
319 2.8e-05
320 1.2e-05
321 2.4e-05
322 1.2e-05
323 1.6e-05
324 8e-06
325 2.4e-05
326 2e-05
327 2.8e-05
328 1.74715e-05
329 2.54715e-05
330 2.94715e-05
331 2.4e-05
332 2.8e-05
333 2e-05
334 4.4e-05
335 2e-05
336 2e-05
337 1.6e-05
338 1.6e-05
339 1.2e-05
340 3.2e-05
341 4e-06
342 1.34715e-05
343 1.6e-05
344 4e-05
345 4e-05
346 4e-06
347 1.47152e-06
348 1.2e-05
349 3.6e-05
350 2.4e-05
351 2e-05
352 4e-06
353 2.8e-05
354 8e-06
355 2e-05
356 1.74715e-05
357 1.2e-05
358 8e-06
359 1.6e-05
360 1.74715e-05
361 2.4e-05
362 1.2e-05
363 4e-05
364 2e-05
365 2.4e-05
366 1.6e-05
367 2.4e-05
368 2e-05
369 1.2e-05
370 3.2e-05
371 1.6e-05
372 1.2e-05
373 2e-05
374 2.4e-05
375 1.34715e-05
376 2.8e-05
377 8e-06
378 1.6e-05
379 1.6e-05
380 2e-05
381 1.6e-05
382 1.6e-05
383 2e-05
384 2.4e-05
385 1.74715e-05
386 1.2e-05
387 1.25413e-05
388 4e-06
389 1.6e-05
390 8e-06
391 8e-06
392 8e-06
393 1.6e-05
394 2.8e-05
395 2e-05
396 2.14715e-05
397 2.54715e-05
398 2.8e-05
399 1.74715e-05
400 2e-05
401 1.2e-05
402 1.6e-05
403 2e-05
404 2.94715e-05
405 1.2e-05
406 1.8943e-05
407 2e-05
408 1.2e-05
409 9.47152e-06
410 2.4e-05
411 2.8e-05
412 2.4e-05
413 2e-05
414 1.2e-05
415 2.4e-05
416 2.2943e-05
417 1.2e-05
418 2.14715e-05
419 3.2e-05
420 8e-06
421 2.14715e-05
422 2.4e-05
423 1.2e-05
424 2e-05
425 1.74715e-05
426 4e-06
427 1.2e-05
428 2e-05
429 8e-06
430 1.6e-05
431 4e-06
432 2.4e-05
433 8e-06
434 2.8e-05
435 3.2e-05
436 1.34715e-05
437 3.2e-05
438 2.4e-05
439 2.8e-05
440 2e-05
441 1.65413e-05
442 2e-05
443 3.2e-05
444 5.47152e-06
445 4e-06
446 9.47152e-06
447 3.6e-05
448 1.2e-05
449 4.8e-05
450 8e-06
451 1.6e-05
452 2e-05
453 3.2e-05
454 2e-05
455 2e-05
456 2.4e-05
457 1.2e-05
458 4e-06
459 2e-05
460 1.6e-05
461 2e-05
462 1.34715e-05
463 1.6e-05
464 4e-06
465 1.2e-05
466 9.47152e-06
467 1.2e-05
468 8e-06
469 1.2e-05
470 8e-06
471 1.6e-05
472 8e-06
473 1.2e-05
474 1.2e-05
475 3.2e-05
476 1.6e-05
477 1.2e-05
478 2.4e-05
479 1.2e-05
480 1.6e-05
481 2e-05
482 4e-06
483 8e-06
484 2e-05
485 8e-06
486 1.6e-05
487 4e-05
488 1.6e-05
489 2.4e-05
490 1.6e-05
491 2.14715e-05
492 2.4e-05
493 1.2e-05
494 8e-06
495 1.34715e-05
496 2e-05
497 3.6e-05
498 1.2e-05
499 4e-06
500 1.6e-05
501 2.94715e-05
502 1.2e-05
503 1.6e-05
504 1.6e-05
505 1.6e-05
506 8e-06
507 4e-06
508 2.4e-05
509 2.8e-05
510 2e-05
511 1.2e-05
512 1.6e-05
513 8e-06
514 1.2e-05
515 2.4e-05
516 1.6e-05
517 1.34715e-05
518 1.6e-05
519 4e-06
520 1.2e-05
521 2.4e-05
522 2.14715e-05
523 2e-05
524 8e-06
525 2.54715e-05
526 8e-06
527 1.6e-05
528 2e-05
529 2e-05
530 2e-05
531 5.47152e-06
532 1.2e-05
533 1.6e-05
534 1.2e-05
535 4e-06
536 4e-06
537 2.8e-05
538 0
539 1.74715e-05
540 2.4e-05
541 1.2e-05
542 1.2e-05
543 1.74715e-05
544 8e-06
545 1.6e-05
546 1.2e-05
547 2.8e-05
548 2.4e-05
549 1.6e-05
550 1.6e-05
551 2e-05
552 2e-05
553 1.8943e-05
554 8e-06
555 1.47152e-06
556 2.54715e-05
557 4e-06
558 1.34715e-05
559 1.2e-05
560 2.14715e-05
561 8e-06
562 1.2e-05
563 8e-06
564 0
565 8e-06
566 0
567 1.2e-05
568 2e-05
569 1.6e-05
570 1.2e-05
571 1.2e-05
572 4e-06
573 2e-05
574 6.94304e-06
575 9.47152e-06
576 1.6e-05
577 4e-06
578 1.6e-05
579 1.2e-05
580 2e-05
581 4e-06
582 1.2e-05
583 1.6e-05
584 1.34715e-05
585 2.14715e-05
586 9.47152e-06
587 1.6e-05
588 1.6e-05
589 1.6e-05
590 8e-06
591 1.47152e-06
592 8e-06
593 9.47152e-06
594 2e-05
595 9.47152e-06
596 1.6e-05
597 4e-06
598 2.4e-05
599 9.47152e-06
600 2.8e-05
601 1.74715e-05
602 1.2e-05
603 1.2e-05
604 2.4e-05
605 1.6e-05
606 2.14715e-05
607 4e-06
608 9.47152e-06
609 4e-06
610 1.2e-05
611 1.2e-05
612 2e-05
613 1.2e-05
614 1.6e-05
615 8e-06
616 4e-06
617 8e-06
618 2e-05
619 1.2e-05
620 1.74715e-05
621 1.2e-05
622 1.8943e-05
623 1.2e-05
624 2e-05
625 8e-06
626 1.2e-05
627 1.6e-05
628 1.2e-05
629 4e-06
630 8e-06
631 8e-06
632 1.6e-05
633 1.6e-05
634 1.6e-05
635 2.4e-05
636 5.47152e-06
637 1.6e-05
638 4e-06
639 1.2e-05
640 1.2e-05
641 8e-06
642 8e-06
643 2.4e-05
644 1.2e-05
645 2e-05
646 8e-06
647 0
648 1.2e-05
649 2e-05
650 1.0943e-05
651 1.6e-05
652 4e-06
653 1.2e-05
654 1.2e-05
655 2e-05
656 1.6e-05
657 1.34715e-05
658 1.25413e-05
659 1.2e-05
660 1.6e-05
661 1.6e-05
662 8e-06
663 0
664 8e-06
665 8e-06
666 4e-06
667 2e-05
668 1.6e-05
669 8e-06
670 1.2e-05
671 8e-06
672 2.4e-05
673 1.2e-05
674 2.14715e-05
675 8e-06
676 1.6e-05
677 1.74715e-05
678 1.6e-05
679 2.94715e-05
680 5.47152e-06
681 1.6e-05
682 8e-06
683 8e-06
684 1.6e-05
685 4e-06
686 1.2e-05
687 8e-06
688 8e-06
689 1.2e-05
690 1.2e-05
691 1.47152e-06
692 2.8e-05
693 8e-06
694 8e-06
695 8e-06
696 1.47152e-06
697 8e-06
698 8e-06
699 1.2e-05
700 2e-05
701 4e-06
702 1.2e-05
703 4e-06
704 1.6e-05
705 2e-05
706 8e-06
707 4e-06
708 2e-05
709 1.6e-05
710 2.4e-05
711 8e-06
712 8e-06
713 1.6e-05
714 1.2e-05
715 1.2e-05
716 1.6e-05
717 1.2e-05
718 1.6e-05
719 2.4e-05
720 5.47152e-06
721 1.6e-05
722 2.8e-05
723 8e-06
724 2e-05
725 1.34715e-05
726 4e-06
727 4e-06
728 0
729 0
730 0
731 2.4e-05
732 8e-06
733 8e-06
734 2e-05
735 4e-06
736 2.54715e-05
737 2e-05
738 1.6e-05
739 1.34715e-05
740 4e-06
741 4e-06
742 1.2e-05
743 5.47152e-06
744 1.6e-05
745 1.6e-05
746 1.2e-05
747 4e-06
748 1.2e-05
749 1.6e-05
750 5.47152e-06
751 8e-06
752 8e-06
753 0
754 2e-05
755 4e-06
756 0
757 1.2e-05
758 0
759 1.2e-05
760 2e-05
761 4e-06
762 8e-06
763 1.34715e-05
764 0
765 2e-05
766 8e-06
767 8e-06
768 2e-05
769 0
770 1.74715e-05
771 2.4e-05
772 1.0943e-05
773 8e-06
774 8e-06
775 2.8e-05
776 1.6e-05
777 1.2e-05
778 9.47152e-06
779 1.6e-05
780 1.2e-05
781 2e-05
782 1.2e-05
783 1.34715e-05
784 1.6e-05
785 0
786 8e-06
787 1.2e-05
788 4e-06
789 8e-06
790 2.8e-05
791 4e-06
792 1.6e-05
793 2.4e-05
794 1.2e-05
795 1.2e-05
796 4e-06
797 4e-06
798 1.2e-05
799 1.6e-05
800 1.2e-05
801 4e-06
802 1.2e-05
803 0
804 1.2e-05
805 8e-06
806 9.47152e-06
807 1.2e-05
808 1.6e-05
809 4e-06
810 1.2e-05
811 4e-06
812 4e-06
813 5.47152e-06
814 8e-06
815 4e-06
816 1.6e-05
817 1.6e-05
818 1.2e-05
819 8e-06
820 4e-06
821 2.4e-05
822 2e-05
823 4e-06
824 4e-06
825 1.6e-05
826 0
827 8e-06
828 4e-06
829 1.6e-05
830 1.2e-05
831 8e-06
832 2e-05
833 8e-06
834 2.4e-05
835 4e-06
836 4e-06
837 1.2e-05
838 1.6e-05
839 4e-06
840 4e-06
841 1.6e-05
842 1.2e-05
843 4e-06
844 1.2e-05
845 1.6e-05
846 1.2e-05
847 4e-06
848 8e-06
849 1.34715e-05
850 1.6e-05
851 2e-05
852 1.47152e-06
853 4e-06
854 1.2e-05
855 1.2e-05
856 1.6e-05
857 0
858 1.2e-05
859 1.6e-05
860 2e-05
861 1.2e-05
862 4e-06
863 8e-06
864 4e-06
865 9.47152e-06
866 1.2e-05
867 4e-06
868 2.4e-05
869 2.4e-05
870 1.6e-05
871 2e-05
872 4e-06
873 1.2e-05
874 8e-06
875 4e-06
876 8e-06
877 8e-06
878 1.6e-05
879 1.6e-05
880 2.94304e-06
881 2.4e-05
882 1.2e-05
883 1.6e-05
884 1.6e-05
885 1.2e-05
886 8e-06
887 1.4943e-05
888 1.6e-05
889 8e-06
890 1.2e-05
891 0
892 1.2e-05
893 2.8e-05
894 2.4e-05
895 4e-06
896 1.00129e-05
897 0
898 8e-06
899 8e-06
900 1.6e-05
901 1.2e-05
902 1.6e-05
903 4e-06
904 1.6e-05
905 8e-06
906 1.6e-05
907 1.2e-05
908 1.2e-05
909 0
910 8e-06
911 1.2e-05
912 1.2e-05
913 0
914 1.47152e-06
915 4e-06
916 0
917 5.47152e-06
918 1.2e-05
919 1.6e-05
920 8.41455e-06
921 1.2e-05
922 4e-06
923 1.2e-05
924 2.4e-05
925 0
926 8e-06
927 8e-06
928 1.34715e-05
929 4e-06
930 2.54715e-05
931 4e-06
932 2.4e-05
933 1.2e-05
934 1.6e-05
935 1.2e-05
936 8e-06
937 4e-06
938 1.2e-05
939 8e-06
940 4e-06
941 4e-06
942 8e-06
943 8e-06
944 1.6e-05
945 1.2e-05
946 8e-06
947 1.2e-05
948 0
949 4e-06
950 4e-06
951 1.6e-05
952 1.6e-05
953 4e-06
954 4e-06
955 4e-06
956 4e-06
957 9.47152e-06
958 9.47152e-06
959 8e-06
960 1.2e-05
961 1.6e-05
962 0
963 1.6e-05
964 4e-06
965 4e-06
966 1.2e-05
967 2.14715e-05
968 8e-06
969 4e-06
970 0
971 8e-06
972 8e-06
973 0
974 8e-06
975 1.6e-05
976 4e-06
977 1.2e-05
978 8e-06
979 8e-06
980 2e-05
981 4e-06
982 4e-06
983 4e-06
984 8e-06
985 8e-06
986 8e-06
987 4e-06
988 4e-06
989 8e-06
990 4e-06
991 0
992 2e-05
993 9.47152e-06
994 4e-06
995 9.47152e-06
996 4e-06
997 8e-06
998 1.34715e-05
999 0
