0 0
1 0.00116
2 0.000609472
3 0.00062
4 0.000452
5 0.000384
6 0.000336
7 0.000282943
8 0.000269472
9 0.000282943
10 0.000236
11 0.000218943
12 0.000228
13 0.000144
14 0.000164
15 0.0002
16 0.000144
17 0.000228
18 0.00016
19 0.000137472
20 0.000172
21 0.000153472
22 0.000104
23 0.000152
24 0.000148
25 0.000114943
26 0.000126943
27 8e-05
28 8.4e-05
29 0.000124
30 0.0001
31 0.000109472
32 0.000132
33 8.54715e-05
34 8.94715e-05
35 9.6e-05
36 0.000124
37 8.4e-05
38 7.6e-05
39 9.6e-05
40 8.54715e-05
41 8.4e-05
42 0.000101472
43 9.40129e-05
44 7.2e-05
45 8.14715e-05
46 6e-05
47 8.8e-05
48 5.6e-05
49 4.4e-05
50 6e-05
51 9.6e-05
52 0.000112
53 9.34715e-05
54 4.4e-05
55 7.6e-05
56 6e-05
57 6.8e-05
58 0.0001
59 3.2e-05
60 4.8e-05
61 9.2e-05
62 9.2e-05
63 5.6e-05
64 6e-05
65 7.34715e-05
66 6.8e-05
67 7.2e-05
68 7.6e-05
69 6e-05
70 6.14715e-05
71 5.6e-05
72 5.2e-05
73 6.4e-05
74 6.8e-05
75 4.4e-05
76 3.74715e-05
77 7.2e-05
78 7.34715e-05
79 5.6e-05
80 4.54715e-05
81 6.4e-05
82 5.34715e-05
83 4.4e-05
84 5.6e-05
85 4e-05
86 5.6e-05
87 2.8e-05
88 6e-05
89 2.94715e-05
90 4.8e-05
91 4.6943e-05
92 8e-05
93 3.6e-05
94 6e-05
95 4.94715e-05
96 5.34715e-05
97 4.8e-05
98 4.8e-05
99 2.8e-05
100 4.94715e-05
101 2.4e-05
102 4e-05
103 5.2e-05
104 4e-05
105 2.14715e-05
106 3.6e-05
107 6e-05
108 3.25413e-05
109 3.6e-05
110 4e-05
111 5.6e-05
112 5.0943e-05
113 2.54715e-05
114 5.2e-05
115 5.6e-05
116 2.4e-05
117 7.2e-05
118 3.2e-05
119 4.8e-05
120 3.34715e-05
121 6e-05
122 6e-05
123 3.2e-05
124 4.8e-05
125 4e-05
126 5.6e-05
127 4.8e-05
128 2.54715e-05
129 4.14715e-05
130 2.4e-05
131 2e-05
132 5.2e-05
133 4.94715e-05
134 5.2e-05
135 4.94715e-05
136 1.6e-05
137 5.2e-05
138 2.54715e-05
139 2.8e-05
140 2.8e-05
141 6e-05
142 2.4e-05
143 8e-05
144 4.8e-05
145 1.6e-05
146 2.8e-05
147 4.54715e-05
148 2e-05
149 3.74715e-05
150 2.4e-05
151 4e-05
152 4.8e-05
153 4.4e-05
154 2.54715e-05
155 1.6e-05
156 3.2e-05
157 3.6e-05
158 3.6e-05
159 3.34715e-05
160 2.8e-05
161 2e-05
162 4.4e-05
163 1.2e-05
164 4.8e-05
165 4.4e-05
166 4.8e-05
167 4e-05
168 3.2e-05
169 4.4e-05
170 4e-05
171 2e-05
172 3.2e-05
173 3.6e-05
174 1.2e-05
175 2.4e-05
176 2.4e-05
177 4.4e-05
178 1.6e-05
179 2.54715e-05
180 3.2e-05
181 3.6e-05
182 5.2e-05
183 3.2e-05
184 3.34715e-05
185 5.2e-05
186 3.2e-05
187 1.74715e-05
188 4.54715e-05
189 2.8e-05
190 3.6e-05
191 3.2e-05
192 2e-05
193 3.6e-05
194 1.6e-05
195 1.74715e-05
196 5.2e-05
197 3.2e-05
198 4.14715e-05
199 3.6e-05
200 2e-05
201 4.4e-05
202 3.6e-05
203 4.14715e-05
204 3.74715e-05
205 2e-05
206 2.4e-05
207 2.6943e-05
208 3.2e-05
209 2.8e-05
210 2.8e-05
211 2.8e-05
212 1.74715e-05
213 4.4e-05
214 2e-05
215 2.4e-05
216 2.8e-05
217 5.6e-05
218 4.8e-05
219 4.4e-05
220 2.4e-05
221 2e-05
222 2.8e-05
223 3.6e-05
224 2.4e-05
225 3.34715e-05
226 2.8e-05
227 1.2e-05
228 2e-05
229 4.8e-05
230 2.14715e-05
231 3.6e-05
232 3.6e-05
233 2e-05
234 1.6e-05
235 4e-05
236 3.2e-05
237 3.2e-05
238 4.4e-05
239 2.54715e-05
240 2.54715e-05
241 4.4e-05
242 4e-05
243 2.4e-05
244 3.2e-05
245 2.4e-05
246 1.6e-05
247 1.6e-05
248 2.54715e-05
249 1.6e-05
250 2e-05
251 2e-05
252 4e-05
253 3.2e-05
254 2.8e-05
255 1.6e-05
256 1.2e-05
257 8e-06
258 4.14715e-05
259 1.2e-05
260 1.6e-05
261 4e-06
262 4e-05
263 1.2e-05
264 2.8e-05
265 8e-06
266 2.4e-05
267 2.8e-05
268 8e-06
269 4e-05
270 4e-05
271 3.6e-05
272 1.6e-05
273 2.4e-05
274 1.6e-05
275 3.6e-05
276 2e-05
277 3.2e-05
278 2.94715e-05
279 2.4e-05
280 2.4e-05
281 2.4e-05
282 2.8e-05
283 3.6e-05
284 2e-05
285 1.2e-05
286 2e-05
287 3.2e-05
288 2e-05
289 1.2e-05
290 3.2e-05
291 2.4e-05
292 2.54715e-05
293 1.2e-05
294 4e-05
295 8e-06
296 1.6e-05
297 2.8e-05
298 4.8e-05
299 2.4e-05
300 1.6e-05
301 8e-06
302 1.6e-05
303 1.6e-05
304 2.4e-05
305 1.2e-05
306 1.2e-05
307 2.4e-05
308 2.4e-05
309 9.47152e-06
310 4.4e-05
311 2.4e-05
312 8e-06
313 1.2e-05
314 2e-05
315 3.74715e-05
316 1.2e-05
317 9.47152e-06
318 8e-06
319 2.8e-05
320 2.4e-05
321 1.2e-05
322 2.4e-05
323 2.14715e-05
324 2e-05
325 8e-06
326 4e-05
327 1.6e-05
328 4e-05
329 2.4e-05
330 1.6e-05
331 2.4e-05
332 8e-06
333 2.4e-05
334 1.6e-05
335 3.6e-05
336 2.4e-05
337 2.54715e-05
338 2.54715e-05
339 2.4e-05
340 8e-06
341 4.4e-05
342 3.6e-05
343 2e-05
344 1.34715e-05
345 2.8e-05
346 1.2e-05
347 2.8e-05
348 3.2e-05
349 1.2e-05
350 3.6e-05
351 2.14715e-05
352 2e-05
353 2e-05
354 2e-05
355 2e-05
356 1.6e-05
357 4e-06
358 2.4e-05
359 2e-05
360 1.6e-05
361 2.4e-05
362 2.8e-05
363 2.54715e-05
364 1.2e-05
365 2.8e-05
366 1.2e-05
367 2.4e-05
368 2e-05
369 1.2e-05
370 9.47152e-06
371 4.8e-05
372 1.2e-05
373 1.6e-05
374 1.2e-05
375 2.4e-05
376 4.94715e-05
377 2e-05
378 2e-05
379 2.4e-05
380 2e-05
381 1.74715e-05
382 2e-05
383 2.94715e-05
384 8e-06
385 2e-05
386 2e-05
387 8e-06
388 1.6e-05
389 2.8e-05
390 2e-05
391 1.6e-05
392 1.6e-05
393 2e-05
394 4.14715e-05
395 1.2e-05
396 3.2e-05
397 1.6e-05
398 1.2e-05
399 1.6e-05
400 2.94715e-05
401 2e-05
402 1.2e-05
403 2.4e-05
404 2.54715e-05
405 0
406 2.4e-05
407 4e-06
408 1.2e-05
409 2e-05
410 4e-06
411 1.6e-05
412 2.4e-05
413 2.8e-05
414 2.2943e-05
415 2.4e-05
416 1.6e-05
417 1.6e-05
418 1.2e-05
419 2.8e-05
420 8e-06
421 8e-06
422 4.4e-05
423 2e-05
424 1.2e-05
425 2e-05
426 1.2e-05
427 2e-05
428 1.2e-05
429 8e-06
430 8e-06
431 1.6e-05
432 1.2e-05
433 1.34715e-05
434 1.2e-05
435 1.2e-05
436 8e-06
437 1.6e-05
438 2.14715e-05
439 1.6e-05
440 1.6e-05
441 1.6e-05
442 2.4e-05
443 2.94715e-05
444 4e-06
445 1.2e-05
446 3.2e-05
447 2.4e-05
448 3.2e-05
449 2.4e-05
450 2e-05
451 1.6e-05
452 1.2e-05
453 8e-06
454 2.4e-05
455 1.2e-05
456 2.54715e-05
457 1.2e-05
458 1.6e-05
459 8e-06
460 2.4e-05
461 2.4e-05
462 1.2e-05
463 3.2e-05
464 8e-06
465 1.2e-05
466 1.2e-05
467 3.74715e-05
468 1.6e-05
469 4e-06
470 1.6e-05
471 9.47152e-06
472 1.6e-05
473 2e-05
474 1.2e-05
475 8e-06
476 8e-06
477 0
478 3.74715e-05
479 8e-06
480 2e-05
481 1.2e-05
482 2e-05
483 2.8e-05
484 8e-06
485 1.74715e-05
486 1.6e-05
487 4.4e-05
488 0
489 9.47152e-06
490 1.4943e-05
491 4e-06
492 1.6e-05
493 8e-06
494 1.47152e-06
495 2e-05
496 8e-06
497 8e-06
498 1.2e-05
499 1.2e-05
500 1.2e-05
501 4.4e-05
502 1.6e-05
503 1.6e-05
504 2e-05
505 1.34715e-05
506 1.6e-05
507 9.47152e-06
508 2e-05
509 2.4e-05
510 1.2e-05
511 2e-05
512 1.2e-05
513 1.6e-05
514 2e-05
515 1.2e-05
516 2.54715e-05
517 2.4e-05
518 2.4e-05
519 1.6e-05
520 1.74715e-05
521 8e-06
522 1.6e-05
523 8e-06
524 1.2e-05
525 2e-05
526 1.6e-05
527 8e-06
528 1.34715e-05
529 1.2e-05
530 3.34715e-05
531 5.47152e-06
532 8e-06
533 8e-06
534 1.2e-05
535 1.2e-05
536 1.6e-05
537 1.6e-05
538 3.2e-05
539 2.4e-05
540 0
541 1.6e-05
542 4e-05
543 8e-06
544 2e-05
545 2.8e-05
546 4e-06
547 1.34715e-05
548 1.6e-05
549 4e-06
550 2e-05
551 1.6e-05
552 2e-05
553 4e-05
554 1.2e-05
555 1.6e-05
556 8e-06
557 1.6e-05
558 2e-05
559 1.74715e-05
560 8e-06
561 8e-06
562 3.2e-05
563 3.6e-05
564 8e-06
565 8e-06
566 1.2e-05
567 1.2e-05
568 4e-06
569 8e-06
570 2e-05
571 0
572 3.2e-05
573 1.2e-05
574 1.6e-05
575 1.6e-05
576 2.4e-05
577 4e-06
578 4e-06
579 9.47152e-06
580 1.34715e-05
581 4e-05
582 1.2e-05
583 1.6e-05
584 2e-05
585 8e-06
586 1.2e-05
587 9.47152e-06
588 1.2e-05
589 1.2e-05
590 1.2e-05
591 2.8e-05
592 8e-06
593 8e-06
594 8e-06
595 1.6e-05
596 2.4e-05
597 8e-06
598 1.6e-05
599 4e-06
600 1.8943e-05
601 1.6e-05
602 2.4e-05
603 2e-05
604 5.47152e-06
605 2e-05
606 2.4e-05
607 2.4e-05
608 8e-06
609 2e-05
610 4e-06
611 8e-06
612 1.34715e-05
613 1.2e-05
614 4e-06
615 0
616 2.14715e-05
617 4e-06
618 2e-05
619 2e-05
620 0
621 4e-06
622 1.2e-05
623 1.6e-05
624 1.2e-05
625 2.14715e-05
626 0
627 3.0943e-05
628 1.2e-05
629 2.4e-05
630 8e-06
631 1.2e-05
632 1.2e-05
633 4e-06
634 1.2e-05
635 1.6e-05
636 8e-06
637 4e-06
638 4e-06
639 2.54715e-05
640 4e-06
641 1.6e-05
642 2.4e-05
643 1.6e-05
644 1.6e-05
645 8e-06
646 1.6e-05
647 2.4e-05
648 1.2e-05
649 1.6e-05
650 8e-06
651 2.4e-05
652 1.2e-05
653 1.2e-05
654 4e-06
655 1.47152e-06
656 8.54134e-06
657 2.4e-05
658 8e-06
659 2e-05
660 2e-05
661 2.54715e-05
662 2.14715e-05
663 8e-06
664 0
665 8e-06
666 1.6e-05
667 4e-06
668 8e-06
669 8e-06
670 8e-06
671 1.2e-05
672 2.8e-05
673 4e-06
674 2.4e-05
675 4e-06
676 2.4e-05
677 1.2e-05
678 1.2e-05
679 8e-06
680 8e-06
681 8e-06
682 8e-06
683 8e-06
684 8e-06
685 5.47152e-06
686 1.74715e-05
687 8e-06
688 2e-05
689 8e-06
690 9.47152e-06
691 1.6e-05
692 4e-06
693 8e-06
694 4e-06
695 4e-06
696 8e-06
697 4e-06
698 9.47152e-06
699 1.6e-05
700 4e-06
701 1.4943e-05
702 1.24146e-05
703 1.6e-05
704 1.25413e-05
705 1.2e-05
706 9.47152e-06
707 4e-06
708 1.2e-05
709 1.6e-05
710 3.2e-05
711 2e-05
712 8e-06
713 1.2e-05
714 0
715 2e-05
716 1.2e-05
717 4e-06
718 2e-05
719 4e-06
720 8e-06
721 1.25413e-05
722 8e-06
723 0
724 1.6e-05
725 2e-05
726 2e-05
727 1.34715e-05
728 1.6e-05
729 2.54715e-05
730 4e-06
731 0
732 1.6e-05
733 2.8e-05
734 4e-06
735 8e-06
736 8e-06
737 1.2e-05
738 2.54715e-05
739 8e-06
740 1.2e-05
741 4e-06
742 9.47152e-06
743 4e-06
744 4e-06
745 8e-06
746 4e-06
747 1.2e-05
748 1.2e-05
749 1.2e-05
750 2.2943e-05
751 2.8e-05
752 1.2e-05
753 1.2e-05
754 4e-06
755 2e-05
756 1.6e-05
757 1.6e-05
758 2e-05
759 2e-05
760 1.6e-05
761 4e-06
762 0
763 8e-06
764 1.6e-05
765 1.6e-05
766 9.47152e-06
767 4e-06
768 1.6e-05
769 1.2e-05
770 8e-06
771 2e-05
772 4e-06
773 2e-05
774 8e-06
775 1.74715e-05
776 1.2e-05
777 1.2e-05
778 4e-06
779 0
780 1.2e-05
781 1.2e-05
782 1.6e-05
783 0
784 5.47152e-06
785 8e-06
786 1.2e-05
787 0
788 4e-06
789 2.8e-05
790 0
791 1.47152e-06
792 1.47152e-06
793 1.34715e-05
794 2.4e-05
795 9.47152e-06
796 1.2e-05
797 4e-06
798 1.6e-05
799 0
800 5.47152e-06
801 0
802 8e-06
803 1.0943e-05
804 0
805 8e-06
806 1.2e-05
807 4e-06
808 8e-06
809 4e-06
810 2.4e-05
811 4e-06
812 1.2e-05
813 1.2e-05
814 8e-06
815 8e-06
816 8e-06
817 4e-06
818 1.2e-05
819 2.14715e-05
820 4e-06
821 1.2e-05
822 4e-06
823 4e-06
824 1.2e-05
825 2.4e-05
826 4e-06
827 2e-05
828 4e-06
829 1.6e-05
830 8e-06
831 8e-06
832 1.34715e-05
833 1.2e-05
834 1.2e-05
835 1.2e-05
836 2e-05
837 8e-06
838 2.54715e-05
839 8e-06
840 4e-06
841 1.34715e-05
842 8e-06
843 1.6e-05
844 8e-06
845 4e-06
846 1.6e-05
847 5.47152e-06
848 1.74715e-05
849 9.47152e-06
850 8e-06
851 8e-06
852 0
853 8e-06
854 2e-05
855 4e-06
856 1.6e-05
857 5.47152e-06
858 8e-06
859 2e-05
860 5.47152e-06
861 1.2e-05
862 1.6e-05
863 8e-06
864 2e-05
865 8e-06
866 8e-06
867 1.2e-05
868 9.47152e-06
869 1.2e-05
870 1.34715e-05
871 1.2e-05
872 1.6e-05
873 8e-06
874 8e-06
875 2.14715e-05
876 8e-06
877 4e-06
878 1.6e-05
879 1.2e-05
880 8e-06
881 0
882 8e-06
883 8e-06
884 1.2e-05
885 8e-06
886 8e-06
887 1.2e-05
888 4e-06
889 8e-06
890 4e-06
891 1.2e-05
892 2.4e-05
893 2e-05
894 1.2e-05
895 1.6e-05
896 5.47152e-06
897 1.6e-05
898 8e-06
899 4e-06
900 1.2e-05
901 9.47152e-06
902 1.6e-05
903 8e-06
904 1.2e-05
905 2.8e-05
906 8e-06
907 4e-06
908 8e-06
909 0
910 4e-06
911 0
912 5.47152e-06
913 4e-06
914 4e-06
915 1.2e-05
916 1.6e-05
917 8e-06
918 2e-05
919 8e-06
920 8e-06
921 8e-06
922 4e-06
923 8e-06
924 9.47152e-06
925 1.2e-05
926 8e-06
927 9.47152e-06
928 1.2e-05
929 8e-06
930 0
931 2.4e-05
932 4e-06
933 8e-06
934 9.47152e-06
935 0
936 1.34715e-05
937 8e-06
938 8e-06
939 8e-06
940 4.54134e-06
941 1.2e-05
942 9.47152e-06
943 1.2e-05
944 4e-06
945 4e-06
946 4e-06
947 2.4e-05
948 8e-06
949 1.2e-05
950 8e-06
951 0
952 1.34715e-05
953 0
954 1.2e-05
955 1.2e-05
956 1.2e-05
957 5.47152e-06
958 1.6e-05
959 1.6e-05
960 1.6e-05
961 1.6e-05
962 1.2e-05
963 1.34715e-05
964 4e-06
965 8e-06
966 2.4e-05
967 4e-06
968 2e-05
969 0
970 4e-06
971 1.2e-05
972 8e-06
973 8e-06
974 4e-06
975 1.6e-05
976 9.47152e-06
977 8e-06
978 1.2e-05
979 1.2e-05
980 0
981 0
982 1.2e-05
983 4e-06
984 1.2e-05
985 1.34715e-05
986 1.6e-05
987 8e-06
988 4e-06
989 8e-06
990 8e-06
991 0
992 2e-05
993 2e-05
994 8e-06
995 1.6e-05
996 2e-05
997 1.6e-05
998 4e-06
999 0
