0 0
1 4e-06
2 1.6e-05
3 1.6e-05
4 8e-06
5 1.6e-05
6 1.6e-05
7 3.2e-05
8 2.4e-05
9 4.8e-05
10 4.4e-05
11 4.4e-05
12 4.4e-05
13 4e-05
14 4.4e-05
15 5.6e-05
16 6e-05
17 4.54715e-05
18 6.8e-05
19 7.6e-05
20 7.74715e-05
21 9.2e-05
22 4e-05
23 9.2e-05
24 7.6e-05
25 5.2e-05
26 7.6e-05
27 4.54715e-05
28 6e-05
29 6.8e-05
30 6e-05
31 8.54715e-05
32 6.8e-05
33 2.8e-05
34 4.8e-05
35 0.000112
36 4.8e-05
37 5.6e-05
38 7.2e-05
39 6.14715e-05
40 5.6e-05
41 6.4e-05
42 2.8e-05
43 6e-05
44 4.4e-05
45 9.2e-05
46 5.6e-05
47 4.8e-05
48 0.000113472
49 4.54715e-05
50 4e-05
51 5.2e-05
52 0.0001
53 8.4e-05
54 6e-05
55 6e-05
56 3.74715e-05
57 4e-05
58 4e-05
59 6.8e-05
60 6.94715e-05
61 5.2e-05
62 6.4e-05
63 4.4e-05
64 5.2e-05
65 8.8e-05
66 5.2e-05
67 5.6e-05
68 4.4e-05
69 5.2e-05
70 2.8e-05
71 6.4e-05
72 4.94715e-05
73 5.6e-05
74 5.2e-05
75 4e-05
76 4.4e-05
77 3.6e-05
78 6.8e-05
79 5.6e-05
80 4e-05
81 3.2e-05
82 6.4e-05
83 3.34715e-05
84 2.4e-05
85 4.4e-05
86 4.4e-05
87 5.2e-05
88 4e-05
89 5.6e-05
90 6e-05
91 3.74715e-05
92 4.4e-05
93 4.54715e-05
94 4.8e-05
95 4.4e-05
96 4.8e-05
97 4.4e-05
98 2.8e-05
99 6.8e-05
100 5.6e-05
101 4.8e-05
102 5.2e-05
103 3.2e-05
104 5.2e-05
105 4e-05
106 4.8e-05
107 6e-05
108 2.8e-05
109 3.6e-05
110 4.14715e-05
111 3.2e-05
112 2.4e-05
113 2.8e-05
114 6.4e-05
115 2.8e-05
116 2.8e-05
117 4.14715e-05
118 4.4e-05
119 2e-05
120 1.2e-05
121 5.6e-05
122 3.2e-05
123 2.14715e-05
124 2.8e-05
125 3.2e-05
126 4e-05
127 5.2e-05
128 3.6e-05
129 4.4e-05
130 6e-05
131 4e-05
132 2e-05
133 5.2e-05
134 1.6e-05
135 2.4e-05
136 2.94715e-05
137 2.8e-05
138 5.6e-05
139 3.6e-05
140 2.4e-05
141 3.6e-05
142 1.6e-05
143 3.6e-05
144 2.94715e-05
145 2.54715e-05
146 4.4e-05
147 3.74715e-05
148 3.6e-05
149 2e-05
150 8e-06
151 6e-05
152 4.4e-05
153 3.6e-05
154 3.2e-05
155 3.2e-05
156 2.8e-05
157 2.4e-05
158 4.8e-05
159 3.2e-05
160 4.54715e-05
161 2.4e-05
162 1.6e-05
163 2.8e-05
164 4e-05
165 2.4e-05
166 4.14715e-05
167 4.8e-05
168 2.4e-05
169 2.8e-05
170 4.8e-05
171 3.6e-05
172 2.4e-05
173 2.4e-05
174 4.8e-05
175 4e-05
176 2.4e-05
177 3.74715e-05
178 2e-05
179 2.8e-05
180 2.4e-05
181 3.6e-05
182 4.4e-05
183 3.2e-05
184 4.8e-05
185 4.8e-05
186 3.2e-05
187 4e-05
188 1.74715e-05
189 2.8e-05
190 3.2e-05
191 1.6e-05
192 3.2e-05
193 1.2e-05
194 2.14715e-05
195 4.54715e-05
196 2.8e-05
197 2.14715e-05
198 2.8e-05
199 3.6e-05
200 2.8e-05
201 3.2e-05
202 2.8e-05
203 3.6e-05
204 4e-05
205 2e-05
206 2.54715e-05
207 2.4e-05
208 2.8e-05
209 2.8e-05
210 2.4e-05
211 2.8e-05
212 5.2e-05
213 2.14715e-05
214 2e-05
215 2.4e-05
216 4e-05
217 3.6e-05
218 2.8e-05
219 2.4e-05
220 2.4e-05
221 2e-05
222 2.2943e-05
223 2.8e-05
224 2e-05
225 2.4e-05
226 2.4e-05
227 4e-05
228 2.4e-05
229 2e-05
230 1.2e-05
231 8e-06
232 4e-05
233 3.2e-05
234 2e-05
235 2.4e-05
236 2.4e-05
237 1.74715e-05
238 2.4e-05
239 4e-05
240 2.54715e-05
241 2e-05
242 3.2e-05
243 1.6e-05
244 4.4e-05
245 2.54715e-05
246 2.8e-05
247 3.74715e-05
248 1.2e-05
249 2e-05
250 2e-05
251 2.4e-05
252 1.2e-05
253 2e-05
254 2.4e-05
255 1.2e-05
256 3.6e-05
257 1.6e-05
258 3.2e-05
259 1.2e-05
260 3.6e-05
261 1.2e-05
262 2.4e-05
263 1.74715e-05
264 1.6e-05
265 2.94715e-05
266 1.2e-05
267 2e-05
268 2e-05
269 2.8e-05
270 1.6e-05
271 2.4e-05
272 2.4e-05
273 2.4e-05
274 2.8e-05
275 2.4e-05
276 1.6e-05
277 4e-06
278 3.2e-05
279 2e-05
280 1.34715e-05
281 2.8e-05
282 1.6e-05
283 2e-05
284 2.8e-05
285 3.2e-05
286 1.2e-05
287 2.4e-05
288 2.8e-05
289 1.6e-05
290 1.6e-05
291 4.4e-05
292 3.2e-05
293 2.8e-05
294 1.6e-05
295 8e-06
296 1.2e-05
297 1.2e-05
298 1.74715e-05
299 2e-05
300 2.8e-05
301 2e-05
302 2.8e-05
303 2.4e-05
304 2.4e-05
305 1.2e-05
306 0
307 4e-05
308 4e-06
309 1.6e-05
310 1.6e-05
311 2.4e-05
312 2.8e-05
313 4.8e-05
314 2.54715e-05
315 1.6e-05
316 2e-05
317 3.34715e-05
318 5.2e-05
319 2e-05
320 8e-06
321 2.8e-05
322 1.2e-05
323 8e-06
324 3.6e-05
325 1.6e-05
326 4.8e-05
327 1.2e-05
328 2.54715e-05
329 1.6e-05
330 2.4e-05
331 1.6e-05
332 2.4e-05
333 2.4e-05
334 3.6e-05
335 2.14715e-05
336 1.2e-05
337 8e-06
338 3.74715e-05
339 8e-06
340 2e-05
341 2.54715e-05
342 2e-05
343 1.74715e-05
344 1.6e-05
345 1.6e-05
346 2e-05
347 2.8e-05
348 4e-06
349 4e-06
350 2e-05
351 1.34715e-05
352 2e-05
353 2e-05
354 2.14715e-05
355 1.6e-05
356 1.2e-05
357 0
358 3.6e-05
359 4e-05
360 1.2e-05
361 4e-05
362 2e-05
363 1.6e-05
364 2e-05
365 3.2e-05
366 1.0943e-05
367 1.2e-05
368 8e-06
369 2e-05
370 1.2e-05
371 2.14715e-05
372 3.6e-05
373 1.6e-05
374 1.6e-05
375 1.6e-05
376 1.6e-05
377 3.74715e-05
378 3.6e-05
379 4e-06
380 4e-06
381 4e-06
382 2e-05
383 2.8e-05
384 2.4e-05
385 1.2e-05
386 2.4e-05
387 9.47152e-06
388 3.2e-05
389 3.2e-05
390 2e-05
391 2.4e-05
392 1.34715e-05
393 3.2e-05
394 2.8e-05
395 1.6e-05
396 2.8e-05
397 1.6e-05
398 1.6e-05
399 2.4e-05
400 1.2e-05
401 2e-05
402 3.2e-05
403 1.6e-05
404 1.2e-05
405 1.2e-05
406 3.2e-05
407 2.4e-05
408 8e-06
409 1.2e-05
410 3.6e-05
411 1.2e-05
412 8e-06
413 2e-05
414 2e-05
415 2.8e-05
416 2.4e-05
417 1.6e-05
418 1.6e-05
419 2.4e-05
420 2.94715e-05
421 1.2e-05
422 1.6e-05
423 1.2e-05
424 8e-06
425 1.6e-05
426 3.2e-05
427 1.6e-05
428 1.74715e-05
429 2.94715e-05
430 2.4e-05
431 2.8e-05
432 2.4e-05
433 2.4e-05
434 2e-05
435 9.47152e-06
436 1.6e-05
437 8e-06
438 1.2e-05
439 1.2e-05
440 0
441 1.2e-05
442 8e-06
443 4e-06
444 1.6e-05
445 1.6e-05
446 1.2e-05
447 1.2e-05
448 1.2e-05
449 1.6e-05
450 1.2e-05
451 1.2e-05
452 2e-05
453 2.4e-05
454 4e-06
455 2.8e-05
456 1.2e-05
457 8e-06
458 1.6e-05
459 2.4e-05
460 8e-06
461 2e-05
462 1.2e-05
463 2e-05
464 1.2e-05
465 8e-06
466 1.2e-05
467 2.54715e-05
468 1.2e-05
469 2.8e-05
470 1.6e-05
471 1.2e-05
472 2e-05
473 2e-05
474 1.6e-05
475 1.6e-05
476 2e-05
477 1.2e-05
478 3.6e-05
479 2.4e-05
480 1.6e-05
481 1.2e-05
482 2e-05
483 1.2e-05
484 2.54715e-05
485 8e-06
486 2e-05
487 8e-06
488 3.74715e-05
489 2e-05
490 1.34715e-05
491 1.2e-05
492 2e-05
493 1.6e-05
494 2.4e-05
495 2.14715e-05
496 1.6e-05
497 1.2e-05
498 1.6e-05
499 8e-06
500 1.6e-05
501 8e-06
502 8e-06
503 8e-06
504 1.2e-05
505 1.6e-05
506 1.6e-05
507 1.6e-05
508 2e-05
509 8e-06
510 8e-06
511 1.34715e-05
512 8e-06
513 8e-06
514 8e-06
515 1.2e-05
516 2.4e-05
517 1.2e-05
518 1.6e-05
519 8e-06
520 1.2e-05
521 1.2e-05
522 1.6e-05
523 1.2e-05
524 1.2e-05
525 8e-06
526 1.2e-05
527 1.2e-05
528 1.6e-05
529 3.2e-05
530 1.2e-05
531 2.54715e-05
532 1.6e-05
533 1.2e-05
534 8e-06
535 2e-05
536 4e-06
537 0
538 2e-05
539 1.2e-05
540 2e-05
541 1.2e-05
542 4e-06
543 2e-05
544 1.2e-05
545 1.6e-05
546 2.4e-05
547 8e-06
548 9.47152e-06
549 1.6e-05
550 1.2e-05
551 2.8e-05
552 8e-06
553 4e-06
554 1.2e-05
555 1.6e-05
556 1.6e-05
557 2.94715e-05
558 1.2e-05
559 1.6e-05
560 8e-06
561 1.2e-05
562 2.8e-05
563 1.6e-05
564 2.4e-05
565 1.2e-05
566 8e-06
567 1.74715e-05
568 4e-06
569 1.6e-05
570 1.6e-05
571 2e-05
572 4e-06
573 1.74715e-05
574 8e-06
575 8e-06
576 8e-06
577 1.6e-05
578 1.74715e-05
579 1.2e-05
580 1.2e-05
581 8e-06
582 8e-06
583 8e-06
584 2e-05
585 1.2e-05
586 2.8e-05
587 8e-06
588 2.4e-05
589 8e-06
590 4e-06
591 2e-05
592 8e-06
593 1.6e-05
594 2e-05
595 2e-05
596 8e-06
597 1.6e-05
598 2e-05
599 4e-06
600 1.74715e-05
601 1.6e-05
602 1.6e-05
603 2.8e-05
604 2.4e-05
605 1.34715e-05
606 0
607 1.6e-05
608 1.6e-05
609 1.2e-05
610 1.2e-05
611 1.2e-05
612 2e-05
613 2.4e-05
614 1.6e-05
615 8e-06
616 1.2e-05
617 1.2e-05
618 8e-06
619 2.54715e-05
620 1.34715e-05
621 1.2e-05
622 9.47152e-06
623 2e-05
624 2e-05
625 1.6e-05
626 4e-06
627 1.6e-05
628 2.4e-05
629 2e-05
630 1.2e-05
631 1.2e-05
632 1.6e-05
633 1.74715e-05
634 0
635 1.2e-05
636 2e-05
637 1.6e-05
638 4e-06
639 8e-06
640 2e-05
641 1.2e-05
642 2e-05
643 4e-06
644 1.6e-05
645 1.74715e-05
646 1.2e-05
647 1.2e-05
648 2e-05
649 2e-05
650 2.8e-05
651 4e-06
652 2e-05
653 8e-06
654 1.6e-05
655 8e-06
656 1.6e-05
657 1.6e-05
658 4e-06
659 1.2e-05
660 2.4e-05
661 8e-06
662 2e-05
663 1.2e-05
664 2e-05
665 8e-06
666 2e-05
667 1.6e-05
668 1.2e-05
669 1.2e-05
670 2.94304e-06
671 1.2e-05
672 2e-05
673 0
674 3.6e-05
675 4e-06
676 1.6e-05
677 1.2e-05
678 5.47152e-06
679 1.6e-05
680 1.2e-05
681 4e-06
682 1.6e-05
683 2e-05
684 8e-06
685 1.6e-05
686 1.6e-05
687 1.6e-05
688 4e-06
689 4e-06
690 8e-06
691 4e-06
692 8e-06
693 2.4e-05
694 1.2e-05
695 2e-05
696 4e-06
697 1.2e-05
698 2.4e-05
699 1.2e-05
700 1.6e-05
701 4e-06
702 2e-05
703 4e-06
704 8e-06
705 8e-06
706 1.34715e-05
707 4e-06
708 1.2e-05
709 4e-06
710 1.2e-05
711 1.6e-05
712 5.47152e-06
713 4e-06
714 1.2e-05
715 1.2e-05
716 1.2e-05
717 4e-06
718 1.2e-05
719 4e-06
720 1.2e-05
721 1.2e-05
722 1.2e-05
723 2e-05
724 8e-06
725 1.2e-05
726 8e-06
727 5.47152e-06
728 8e-06
729 1.2e-05
730 8e-06
731 9.47152e-06
732 1.2e-05
733 1.6e-05
734 2e-05
735 5.47152e-06
736 1.2e-05
737 8e-06
738 0
739 4e-06
740 2e-05
741 1.6e-05
742 4e-06
743 8e-06
744 8e-06
745 1.6e-05
746 2.4e-05
747 1.2e-05
748 8e-06
749 8e-06
750 8e-06
751 4e-06
752 4e-06
753 1.2e-05
754 1.6e-05
755 2e-05
756 8e-06
757 8e-06
758 4e-06
759 1.2e-05
760 1.2e-05
761 8e-06
762 0
763 1.6e-05
764 1.2e-05
765 0
766 8e-06
767 1.6e-05
768 0
769 0
770 1.34715e-05
771 1.6e-05
772 1.6e-05
773 8e-06
774 1.2e-05
775 4e-06
776 8e-06
777 1.2e-05
778 1.6e-05
779 9.47152e-06
780 1.2e-05
781 8e-06
782 1.2e-05
783 2e-05
784 8e-06
785 2e-05
786 1.2e-05
787 1.2e-05
788 2e-05
789 1.34715e-05
790 2.4e-05
791 9.47152e-06
792 0
793 1.6e-05
794 9.47152e-06
795 1.2e-05
796 2.4e-05
797 8e-06
798 1.6e-05
799 1.6e-05
800 1.74715e-05
801 1.6e-05
802 0
803 8e-06
804 1.2e-05
805 1.6e-05
806 2.14715e-05
807 2e-05
808 1.2e-05
809 5.47152e-06
810 1.34715e-05
811 4e-06
812 8e-06
813 1.2e-05
814 1.2e-05
815 8e-06
816 8e-06
817 1.6e-05
818 2e-05
819 1.6e-05
820 1.2e-05
821 2.4e-05
822 5.47152e-06
823 1.2e-05
824 4e-06
825 8e-06
826 1.6e-05
827 1.6e-05
828 1.2e-05
829 5.47152e-06
830 4e-06
831 4e-06
832 1.34715e-05
833 1.2e-05
834 4e-06
835 1.74715e-05
836 1.2e-05
837 1.2e-05
838 2.8e-05
839 8e-06
840 4e-06
841 1.6e-05
842 5.47152e-06
843 1.6e-05
844 8e-06
845 1.2e-05
846 4e-06
847 4e-06
848 1.6e-05
849 1.6e-05
850 1.6e-05
851 0
852 2e-05
853 1.6e-05
854 1.34715e-05
855 4e-06
856 8e-06
857 8e-06
858 1.47152e-06
859 4e-06
860 2.14715e-05
861 1.2e-05
862 1.2e-05
863 1.6e-05
864 1.2e-05
865 4e-06
866 8e-06
867 2e-05
868 8e-06
869 1.2e-05
870 8e-06
871 0
872 1.6e-05
873 1.2e-05
874 8e-06
875 1.2e-05
876 4e-06
877 2.85413e-05
878 4e-06
879 1.2e-05
880 1.6e-05
881 1.74715e-05
882 1.6e-05
883 1.2e-05
884 8e-06
885 4e-06
886 4e-06
887 8e-06
888 8e-06
889 4e-06
890 2e-05
891 4e-06
892 1.6e-05
893 2.4e-05
894 2e-05
895 4e-06
896 8e-06
897 0
898 4e-06
899 8e-06
900 1.2e-05
901 1.2e-05
902 1.2e-05
903 8e-06
904 1.47152e-06
905 8e-06
906 1.6e-05
907 8e-06
908 1.6e-05
909 1.2e-05
910 4e-06
911 1.6e-05
912 4e-06
913 8e-06
914 8e-06
915 4e-06
916 1.34715e-05
917 1.2e-05
918 1.2e-05
919 9.47152e-06
920 8e-06
921 8e-06
922 8e-06
923 1.74715e-05
924 8e-06
925 1.2e-05
926 9.47152e-06
927 9.47152e-06
928 2e-05
929 1.2e-05
930 4e-06
931 0
932 1.2e-05
933 1.6e-05
934 4e-06
935 1.34715e-05
936 0
937 4e-06
938 2e-05
939 2e-05
940 8e-06
941 1.6e-05
942 2e-05
943 2e-05
944 1.2e-05
945 1.2e-05
946 1.34715e-05
947 8e-06
948 9.47152e-06
949 1.6e-05
950 8e-06
951 8e-06
952 4e-06
953 1.2e-05
954 2.4e-05
955 9.47152e-06
956 1.2e-05
957 8e-06
958 8e-06
959 8e-06
960 0
961 4e-06
962 4e-06
963 4e-06
964 4e-06
965 8e-06
966 0
967 1.6e-05
968 1.2e-05
969 1.2e-05
970 1.6e-05
971 4e-06
972 2e-05
973 4e-06
974 8e-06
975 8e-06
976 8e-06
977 4e-06
978 1.6e-05
979 4e-06
980 9.47152e-06
981 2e-05
982 2e-05
983 8e-06
984 9.47152e-06
985 4e-06
986 4e-06
987 4e-06
988 4e-06
989 2e-05
990 8e-06
991 1.2e-05
992 8e-06
993 2e-05
994 0
995 1.34715e-05
996 8e-06
997 1.34715e-05
998 4e-06
999 0
