0 0
1 4e-08
2 1.6e-07
3 1.6e-07
4 8e-08
5 1.6e-07
6 1.6e-07
7 3.2e-07
8 2.4e-07
9 4.8e-07
10 4.4e-07
11 4.4e-07
12 4.4e-07
13 4e-07
14 4.4e-07
15 5.6e-07
16 6e-07
17 4.79602e-07
18 6.8e-07
19 7.6e-07
20 7.99602e-07
21 9.2e-07
22 4e-07
23 9.2e-07
24 7.6e-07
25 5.2e-07
26 7.6e-07
27 4.79602e-07
28 6e-07
29 6.8e-07
30 6e-07
31 8.79602e-07
32 6.8e-07
33 2.8e-07
34 4.8e-07
35 1.12e-06
36 4.8e-07
37 5.6e-07
38 7.2e-07
39 6.39602e-07
40 5.6e-07
41 6.4e-07
42 2.8e-07
43 6e-07
44 4.4e-07
45 9.2e-07
46 5.6e-07
47 4.8e-07
48 1.1596e-06
49 4.79602e-07
50 4e-07
51 5.2e-07
52 1e-06
53 8.4e-07
54 6e-07
55 6e-07
56 3.99602e-07
57 4e-07
58 4e-07
59 6.8e-07
60 7.19602e-07
61 5.2e-07
62 6.4e-07
63 4.4e-07
64 5.2e-07
65 8.8e-07
66 5.2e-07
67 5.6e-07
68 4.4e-07
69 5.2e-07
70 2.8e-07
71 6.4e-07
72 5.19602e-07
73 5.6e-07
74 5.2e-07
75 4e-07
76 4.4e-07
77 3.6e-07
78 6.8e-07
79 5.6e-07
80 4e-07
81 3.2e-07
82 6.4e-07
83 3.59602e-07
84 2.4e-07
85 4.4e-07
86 4.4e-07
87 5.2e-07
88 4e-07
89 5.6e-07
90 6e-07
91 3.99602e-07
92 4.4e-07
93 4.79602e-07
94 4.8e-07
95 4.4e-07
96 4.8e-07
97 4.4e-07
98 2.8e-07
99 6.8e-07
100 5.6e-07
101 4.8e-07
102 5.2e-07
103 3.2e-07
104 5.2e-07
105 4e-07
106 4.8e-07
107 6e-07
108 2.8e-07
109 3.6e-07
110 4.39602e-07
111 3.2e-07
112 2.4e-07
113 2.8e-07
114 6.4e-07
115 2.8e-07
116 2.8e-07
117 4.39602e-07
118 4.4e-07
119 2e-07
120 1.2e-07
121 5.6e-07
122 3.2e-07
123 2.39602e-07
124 2.8e-07
125 3.2e-07
126 4e-07
127 5.2e-07
128 3.6e-07
129 4.4e-07
130 6e-07
131 4e-07
132 2e-07
133 5.2e-07
134 1.6e-07
135 2.4e-07
136 3.19602e-07
137 2.8e-07
138 5.6e-07
139 3.6e-07
140 2.4e-07
141 3.6e-07
142 1.6e-07
143 3.6e-07
144 3.19602e-07
145 2.79602e-07
146 4.4e-07
147 3.99602e-07
148 3.6e-07
149 2e-07
150 8e-08
151 6e-07
152 4.4e-07
153 3.6e-07
154 3.2e-07
155 3.2e-07
156 2.8e-07
157 2.4e-07
158 4.8e-07
159 3.2e-07
160 4.79602e-07
161 2.4e-07
162 1.6e-07
163 2.8e-07
164 4e-07
165 2.4e-07
166 4.39602e-07
167 4.8e-07
168 2.4e-07
169 2.8e-07
170 4.8e-07
171 3.6e-07
172 2.4e-07
173 2.4e-07
174 4.8e-07
175 4e-07
176 2.4e-07
177 3.99602e-07
178 2e-07
179 2.8e-07
180 2.4e-07
181 3.6e-07
182 4.4e-07
183 3.2e-07
184 4.8e-07
185 4.8e-07
186 3.2e-07
187 4e-07
188 1.99602e-07
189 2.8e-07
190 3.2e-07
191 1.6e-07
192 3.2e-07
193 1.2e-07
194 2.39602e-07
195 4.79602e-07
196 2.8e-07
197 2.39602e-07
198 2.8e-07
199 3.6e-07
200 2.8e-07
201 3.2e-07
202 2.8e-07
203 3.6e-07
204 4e-07
205 2e-07
206 2.79602e-07
207 2.4e-07
208 2.8e-07
209 2.8e-07
210 2.4e-07
211 2.8e-07
212 5.2e-07
213 2.39602e-07
214 2e-07
215 2.4e-07
216 4e-07
217 3.6e-07
218 2.8e-07
219 2.4e-07
220 2.4e-07
221 2e-07
222 2.79204e-07
223 2.8e-07
224 2e-07
225 2.4e-07
226 2.4e-07
227 4e-07
228 2.4e-07
229 2e-07
230 1.2e-07
231 8e-08
232 4e-07
233 3.2e-07
234 2e-07
235 2.4e-07
236 2.4e-07
237 1.99602e-07
238 2.4e-07
239 4e-07
240 2.79602e-07
241 2e-07
242 3.2e-07
243 1.6e-07
244 4.4e-07
245 2.79602e-07
246 2.8e-07
247 3.99602e-07
248 1.2e-07
249 2e-07
250 2e-07
251 2.4e-07
252 1.2e-07
253 2e-07
254 2.4e-07
255 1.2e-07
256 3.6e-07
257 1.6e-07
258 3.2e-07
259 1.2e-07
260 3.6e-07
261 1.2e-07
262 2.4e-07
263 1.99602e-07
264 1.6e-07
265 3.19602e-07
266 1.2e-07
267 2e-07
268 2e-07
269 2.8e-07
270 1.6e-07
271 2.4e-07
272 2.4e-07
273 2.4e-07
274 2.8e-07
275 2.4e-07
276 1.6e-07
277 4e-08
278 3.2e-07
279 2e-07
280 1.59602e-07
281 2.8e-07
282 1.6e-07
283 2e-07
284 2.8e-07
285 3.2e-07
286 1.2e-07
287 2.4e-07
288 2.8e-07
289 1.6e-07
290 1.6e-07
291 4.4e-07
292 3.2e-07
293 2.8e-07
294 1.6e-07
295 8e-08
296 1.2e-07
297 1.2e-07
298 1.99602e-07
299 2e-07
300 2.8e-07
301 2e-07
302 2.8e-07
303 2.4e-07
304 2.4e-07
305 1.2e-07
306 0
307 4e-07
308 4e-08
309 1.6e-07
310 1.6e-07
311 2.4e-07
312 2.8e-07
313 4.8e-07
314 2.79602e-07
315 1.6e-07
316 2e-07
317 3.59602e-07
318 5.2e-07
319 2e-07
320 8e-08
321 2.8e-07
322 1.2e-07
323 8e-08
324 3.6e-07
325 1.6e-07
326 4.8e-07
327 1.2e-07
328 2.79602e-07
329 1.6e-07
330 2.4e-07
331 1.6e-07
332 2.4e-07
333 2.4e-07
334 3.6e-07
335 2.39602e-07
336 1.2e-07
337 8e-08
338 3.99602e-07
339 8e-08
340 2e-07
341 2.79602e-07
342 2e-07
343 1.99602e-07
344 1.6e-07
345 1.6e-07
346 2e-07
347 2.8e-07
348 4e-08
349 4e-08
350 2e-07
351 1.59602e-07
352 2e-07
353 2e-07
354 2.39602e-07
355 1.6e-07
356 1.2e-07
357 0
358 3.6e-07
359 4e-07
360 1.2e-07
361 4e-07
362 2e-07
363 1.6e-07
364 2e-07
365 3.2e-07
366 1.59204e-07
367 1.2e-07
368 8e-08
369 2e-07
370 1.2e-07
371 2.39602e-07
372 3.6e-07
373 1.6e-07
374 1.6e-07
375 1.6e-07
376 1.6e-07
377 3.99602e-07
378 3.6e-07
379 4e-08
380 4e-08
381 4e-08
382 2e-07
383 2.8e-07
384 2.4e-07
385 1.2e-07
386 2.4e-07
387 1.19602e-07
388 3.2e-07
389 3.2e-07
390 2e-07
391 2.4e-07
392 1.59602e-07
393 3.2e-07
394 2.8e-07
395 1.6e-07
396 2.8e-07
397 1.6e-07
398 1.6e-07
399 2.4e-07
400 1.2e-07
401 2e-07
402 3.2e-07
403 1.6e-07
404 1.2e-07
405 1.2e-07
406 3.2e-07
407 2.4e-07
408 8e-08
409 1.2e-07
410 3.6e-07
411 1.2e-07
412 8e-08
413 2e-07
414 2e-07
415 2.8e-07
416 2.4e-07
417 1.6e-07
418 1.6e-07
419 2.4e-07
420 3.19602e-07
421 1.2e-07
422 1.6e-07
423 1.2e-07
424 8e-08
425 1.6e-07
426 3.2e-07
427 1.6e-07
428 1.99602e-07
429 3.19602e-07
430 2.4e-07
431 2.8e-07
432 2.4e-07
433 2.4e-07
434 2e-07
435 1.19602e-07
436 1.6e-07
437 8e-08
438 1.2e-07
439 1.2e-07
440 0
441 1.2e-07
442 8e-08
443 4e-08
444 1.6e-07
445 1.6e-07
446 1.2e-07
447 1.2e-07
448 1.2e-07
449 1.6e-07
450 1.2e-07
451 1.2e-07
452 2e-07
453 2.4e-07
454 4e-08
455 2.8e-07
456 1.2e-07
457 8e-08
458 1.6e-07
459 2.4e-07
460 8e-08
461 2e-07
462 1.2e-07
463 2e-07
464 1.2e-07
465 8e-08
466 1.2e-07
467 2.79602e-07
468 1.2e-07
469 2.8e-07
470 1.6e-07
471 1.2e-07
472 2e-07
473 2e-07
474 1.6e-07
475 1.6e-07
476 2e-07
477 1.2e-07
478 3.6e-07
479 2.4e-07
480 1.6e-07
481 1.2e-07
482 2e-07
483 1.2e-07
484 2.79602e-07
485 8e-08
486 2e-07
487 8e-08
488 3.99602e-07
489 2e-07
490 1.59602e-07
491 1.2e-07
492 2e-07
493 1.6e-07
494 2.4e-07
495 2.39602e-07
496 1.6e-07
497 1.2e-07
498 1.6e-07
499 8e-08
500 1.6e-07
501 8e-08
502 8e-08
503 8e-08
504 1.2e-07
505 1.6e-07
506 1.6e-07
507 1.6e-07
508 2e-07
509 8e-08
510 8e-08
511 1.59602e-07
512 8e-08
513 8e-08
514 8e-08
515 1.2e-07
516 2.4e-07
517 1.2e-07
518 1.6e-07
519 8e-08
520 1.2e-07
521 1.2e-07
522 1.6e-07
523 1.2e-07
524 1.2e-07
525 8e-08
526 1.2e-07
527 1.2e-07
528 1.6e-07
529 3.2e-07
530 1.2e-07
531 2.79602e-07
532 1.6e-07
533 1.2e-07
534 8e-08
535 2e-07
536 4e-08
537 0
538 2e-07
539 1.2e-07
540 2e-07
541 1.2e-07
542 4e-08
543 2e-07
544 1.2e-07
545 1.6e-07
546 2.4e-07
547 8e-08
548 1.19602e-07
549 1.6e-07
550 1.2e-07
551 2.8e-07
552 8e-08
553 4e-08
554 1.2e-07
555 1.6e-07
556 1.6e-07
557 3.19602e-07
558 1.2e-07
559 1.6e-07
560 8e-08
561 1.2e-07
562 2.8e-07
563 1.6e-07
564 2.4e-07
565 1.2e-07
566 8e-08
567 1.99602e-07
568 4e-08
569 1.6e-07
570 1.6e-07
571 2e-07
572 4e-08
573 1.99602e-07
574 8e-08
575 8e-08
576 8e-08
577 1.6e-07
578 1.99602e-07
579 1.2e-07
580 1.2e-07
581 8e-08
582 8e-08
583 8e-08
584 2e-07
585 1.2e-07
586 2.8e-07
587 8e-08
588 2.4e-07
589 8e-08
590 4e-08
591 2e-07
592 8e-08
593 1.6e-07
594 2e-07
595 2e-07
596 8e-08
597 1.6e-07
598 2e-07
599 4e-08
600 1.99602e-07
601 1.6e-07
602 1.6e-07
603 2.8e-07
604 2.4e-07
605 1.59602e-07
606 0
607 1.6e-07
608 1.6e-07
609 1.2e-07
610 1.2e-07
611 1.2e-07
612 2e-07
613 2.4e-07
614 1.6e-07
615 8e-08
616 1.2e-07
617 1.2e-07
618 8e-08
619 2.79602e-07
620 1.59602e-07
621 1.2e-07
622 1.19602e-07
623 2e-07
624 2e-07
625 1.6e-07
626 4e-08
627 1.6e-07
628 2.4e-07
629 2e-07
630 1.2e-07
631 1.2e-07
632 1.6e-07
633 1.99602e-07
634 0
635 1.2e-07
636 2e-07
637 1.6e-07
638 4e-08
639 8e-08
640 2e-07
641 1.2e-07
642 2e-07
643 4e-08
644 1.6e-07
645 1.99602e-07
646 1.2e-07
647 1.2e-07
648 2e-07
649 2e-07
650 2.8e-07
651 4e-08
652 2e-07
653 8e-08
654 1.6e-07
655 8e-08
656 1.6e-07
657 1.6e-07
658 4e-08
659 1.2e-07
660 2.4e-07
661 8e-08
662 2e-07
663 1.2e-07
664 2e-07
665 8e-08
666 2e-07
667 1.6e-07
668 1.2e-07
669 1.2e-07
670 7.9204e-08
671 1.2e-07
672 2e-07
673 0
674 3.6e-07
675 4e-08
676 1.6e-07
677 1.2e-07
678 7.9602e-08
679 1.6e-07
680 1.2e-07
681 4e-08
682 1.6e-07
683 2e-07
684 8e-08
685 1.6e-07
686 1.6e-07
687 1.6e-07
688 4e-08
689 4e-08
690 8e-08
691 4e-08
692 8e-08
693 2.4e-07
694 1.2e-07
695 2e-07
696 4e-08
697 1.2e-07
698 2.4e-07
699 1.2e-07
700 1.6e-07
701 4e-08
702 2e-07
703 4e-08
704 8e-08
705 8e-08
706 1.59602e-07
707 4e-08
708 1.2e-07
709 4e-08
710 1.2e-07
711 1.6e-07
712 7.9602e-08
713 4e-08
714 1.2e-07
715 1.2e-07
716 1.2e-07
717 4e-08
718 1.2e-07
719 4e-08
720 1.2e-07
721 1.2e-07
722 1.2e-07
723 2e-07
724 8e-08
725 1.2e-07
726 8e-08
727 7.9602e-08
728 8e-08
729 1.2e-07
730 8e-08
731 1.19602e-07
732 1.2e-07
733 1.6e-07
734 2e-07
735 7.9602e-08
736 1.2e-07
737 8e-08
738 0
739 4e-08
740 2e-07
741 1.6e-07
742 4e-08
743 8e-08
744 8e-08
745 1.6e-07
746 2.4e-07
747 1.2e-07
748 8e-08
749 8e-08
750 8e-08
751 4e-08
752 4e-08
753 1.2e-07
754 1.6e-07
755 2e-07
756 8e-08
757 8e-08
758 4e-08
759 1.2e-07
760 1.2e-07
761 8e-08
762 0
763 1.6e-07
764 1.2e-07
765 0
766 8e-08
767 1.6e-07
768 0
769 0
770 1.59602e-07
771 1.6e-07
772 1.6e-07
773 8e-08
774 1.2e-07
775 4e-08
776 8e-08
777 1.2e-07
778 1.6e-07
779 1.19602e-07
780 1.2e-07
781 8e-08
782 1.2e-07
783 2e-07
784 8e-08
785 2e-07
786 1.2e-07
787 1.2e-07
788 2e-07
789 1.59602e-07
790 2.4e-07
791 1.19602e-07
792 0
793 1.6e-07
794 1.19602e-07
795 1.2e-07
796 2.4e-07
797 8e-08
798 1.6e-07
799 1.6e-07
800 1.99602e-07
801 1.6e-07
802 0
803 8e-08
804 1.2e-07
805 1.6e-07
806 2.39602e-07
807 2e-07
808 1.2e-07
809 7.9602e-08
810 1.59602e-07
811 4e-08
812 8e-08
813 1.2e-07
814 1.2e-07
815 8e-08
816 8e-08
817 1.6e-07
818 2e-07
819 1.6e-07
820 1.2e-07
821 2.4e-07
822 7.9602e-08
823 1.2e-07
824 4e-08
825 8e-08
826 1.6e-07
827 1.6e-07
828 1.2e-07
829 7.9602e-08
830 4e-08
831 4e-08
832 1.59602e-07
833 1.2e-07
834 4e-08
835 1.99602e-07
836 1.2e-07
837 1.2e-07
838 2.8e-07
839 8e-08
840 4e-08
841 1.6e-07
842 7.9602e-08
843 1.6e-07
844 8e-08
845 1.2e-07
846 4e-08
847 4e-08
848 1.6e-07
849 1.6e-07
850 1.6e-07
851 0
852 2e-07
853 1.6e-07
854 1.59602e-07
855 4e-08
856 8e-08
857 8e-08
858 3.9602e-08
859 4e-08
860 2.39602e-07
861 1.2e-07
862 1.2e-07
863 1.6e-07
864 1.2e-07
865 4e-08
866 8e-08
867 2e-07
868 8e-08
869 1.2e-07
870 8e-08
871 0
872 1.6e-07
873 1.2e-07
874 8e-08
875 1.2e-07
876 4e-08
877 3.19208e-07
878 4e-08
879 1.2e-07
880 1.6e-07
881 1.99602e-07
882 1.6e-07
883 1.2e-07
884 8e-08
885 4e-08
886 4e-08
887 8e-08
888 8e-08
889 4e-08
890 2e-07
891 4e-08
892 1.6e-07
893 2.4e-07
894 2e-07
895 4e-08
896 8e-08
897 0
898 4e-08
899 8e-08
900 1.2e-07
901 1.2e-07
902 1.2e-07
903 8e-08
904 3.9602e-08
905 8e-08
906 1.6e-07
907 8e-08
908 1.6e-07
909 1.2e-07
910 4e-08
911 1.6e-07
912 4e-08
913 8e-08
914 8e-08
915 4e-08
916 1.59602e-07
917 1.2e-07
918 1.2e-07
919 1.19602e-07
920 8e-08
921 8e-08
922 8e-08
923 1.99602e-07
924 8e-08
925 1.2e-07
926 1.19602e-07
927 1.19602e-07
928 2e-07
929 1.2e-07
930 4e-08
931 0
932 1.2e-07
933 1.6e-07
934 4e-08
935 1.59602e-07
936 0
937 4e-08
938 2e-07
939 2e-07
940 8e-08
941 1.6e-07
942 2e-07
943 2e-07
944 1.2e-07
945 1.2e-07
946 1.59602e-07
947 8e-08
948 1.19602e-07
949 1.6e-07
950 8e-08
951 8e-08
952 4e-08
953 1.2e-07
954 2.4e-07
955 1.19602e-07
956 1.2e-07
957 8e-08
958 8e-08
959 8e-08
960 0
961 4e-08
962 4e-08
963 4e-08
964 4e-08
965 8e-08
966 0
967 1.6e-07
968 1.2e-07
969 1.2e-07
970 1.6e-07
971 4e-08
972 2e-07
973 4e-08
974 8e-08
975 8e-08
976 8e-08
977 4e-08
978 1.6e-07
979 4e-08
980 1.19602e-07
981 2e-07
982 2e-07
983 8e-08
984 1.19602e-07
985 4e-08
986 4e-08
987 4e-08
988 4e-08
989 2e-07
990 8e-08
991 1.2e-07
992 8e-08
993 2e-07
994 0
995 1.59602e-07
996 8e-08
997 1.59602e-07
998 4e-08
999 0
