0 0
1 0
2 0
3 0
4 0
5 0
6 4e-08
7 0
8 1.2e-07
9 0
10 0
11 0
12 0
13 8e-08
14 0
15 0
16 8e-08
17 4e-08
18 4e-08
19 8e-08
20 8e-08
21 8e-08
22 4e-08
23 1.6e-07
24 8e-08
25 4e-08
26 1.2e-07
27 8e-08
28 1.2e-07
29 0
30 4e-08
31 1.6e-07
32 1.6e-07
33 4e-08
34 0
35 4e-08
36 8e-08
37 2e-07
38 1.6e-07
39 3.2e-07
40 2e-07
41 1.6e-07
42 1.6e-07
43 1.2e-07
44 1.6e-07
45 4e-08
46 1.6e-07
47 4e-08
48 3.2e-07
49 1.6e-07
50 8e-08
51 2e-07
52 8e-08
53 1.6e-07
54 2.8e-07
55 2.8e-07
56 2.79602e-07
57 2.4e-07
58 1.6e-07
59 2.8e-07
60 1.6e-07
61 1.2e-07
62 3.2e-07
63 4.79602e-07
64 2.4e-07
65 1.2e-07
66 3.2e-07
67 3.2e-07
68 2.4e-07
69 2.8e-07
70 2e-07
71 1.6e-07
72 8e-08
73 2e-07
74 2.4e-07
75 1.6e-07
76 2.4e-07
77 2e-07
78 2.8e-07
79 2.8e-07
80 2e-07
81 3.2e-07
82 2.4e-07
83 1.6e-07
84 3.6e-07
85 4e-07
86 1.59602e-07
87 8e-08
88 2e-07
89 2.8e-07
90 3.6e-07
91 2.4e-07
92 3.6e-07
93 2.8e-07
94 3.19602e-07
95 1.2e-07
96 3.6e-07
97 3.99602e-07
98 1.6e-07
99 2e-07
100 2.8e-07
101 2.8e-07
102 2.4e-07
103 2.8e-07
104 1.6e-07
105 2e-07
106 1.2e-07
107 2.8e-07
108 8e-08
109 3.6e-07
110 2e-07
111 3.99602e-07
112 1.6e-07
113 2.4e-07
114 2.4e-07
115 1.2e-07
116 3.6e-07
117 4.39602e-07
118 2.4e-07
119 3.19204e-07
120 2.8e-07
121 1.6e-07
122 2.79204e-07
123 2.4e-07
124 2e-07
125 1.2e-07
126 2e-07
127 1.6e-07
128 2.8e-07
129 4e-07
130 1.2e-07
131 2.4e-07
132 2.8e-07
133 2.4e-07
134 3.2e-07
135 2.8e-07
136 1.2e-07
137 1.6e-07
138 8e-08
139 2e-07
140 2.4e-07
141 2.8e-07
142 3.19602e-07
143 2.79602e-07
144 1.2e-07
145 3.2e-07
146 1.6e-07
147 1.6e-07
148 1.6e-07
149 1.2e-07
150 4e-07
151 1.6e-07
152 4e-07
153 2.8e-07
154 2e-07
155 5.6e-07
156 1.6e-07
157 2.8e-07
158 2.8e-07
159 1.2e-07
160 2.4e-07
161 1.6e-07
162 2e-07
163 1.59602e-07
164 4e-07
165 1.2e-07
166 2.8e-07
167 4.79602e-07
168 8e-08
169 8e-08
170 2e-07
171 1.6e-07
172 3.2e-07
173 2e-07
174 2e-07
175 1.6e-07
176 2.8e-07
177 4.39602e-07
178 1.2e-07
179 2.8e-07
180 2.4e-07
181 3.19602e-07
182 2.4e-07
183 3.99602e-07
184 3.2e-07
185 2.4e-07
186 4.4e-07
187 1.2e-07
188 8e-08
189 1.6e-07
190 4e-07
191 2e-07
192 2.4e-07
193 3.6e-07
194 1.2e-07
195 2.8e-07
196 1.6e-07
197 2e-07
198 4.4e-07
199 2.4e-07
200 2.4e-07
201 2.79602e-07
202 3.6e-07
203 3.19602e-07
204 1.6e-07
205 8e-08
206 4e-07
207 1.6e-07
208 4e-08
209 0
210 1.6e-07
211 2.8e-07
212 8e-08
213 2.4e-07
214 2.4e-07
215 4.4e-07
216 3.6e-07
217 2e-07
218 8e-08
219 1.6e-07
220 3.2e-07
221 2.8e-07
222 1.2e-07
223 1.2e-07
224 3.2e-07
225 1.2e-07
226 2.4e-07
227 1.2e-07
228 3.6e-07
229 1.6e-07
230 2.8e-07
231 8e-08
232 2.4e-07
233 3.2e-07
234 1.2e-07
235 1.6e-07
236 1.6e-07
237 2e-07
238 2.8e-07
239 3.2e-07
240 2.4e-07
241 1.99602e-07
242 8e-08
243 1.6e-07
244 3.19602e-07
245 2e-07
246 2.4e-07
247 2.8e-07
248 2.4e-07
249 4e-08
250 2.8e-07
251 1.2e-07
252 2.8e-07
253 2e-07
254 3.6e-07
255 2.4e-07
256 2.8e-07
257 1.6e-07
258 2.4e-07
259 1.6e-07
260 1.2e-07
261 1.6e-07
262 4e-08
263 2.8e-07
264 2.4e-07
265 4e-08
266 1.99602e-07
267 5.6e-07
268 2.4e-07
269 4.4e-07
270 8e-08
271 2e-07
272 2.39602e-07
273 4e-08
274 4e-07
275 3.2e-07
276 2.4e-07
277 5.19602e-07
278 2e-07
279 3.2e-07
280 2.4e-07
281 2.8e-07
282 2.8e-07
283 4e-08
284 1.19602e-07
285 2.8e-07
286 2.8e-07
287 2e-07
288 2e-07
289 2e-07
290 8e-08
291 2e-07
292 1.6e-07
293 1.6e-07
294 2.4e-07
295 2.8e-07
296 1.99602e-07
297 2.4e-07
298 4e-07
299 8e-08
300 1.6e-07
301 2e-07
302 1.2e-07
303 2.4e-07
304 2.8e-07
305 1.2e-07
306 2.8e-07
307 1.6e-07
308 8e-08
309 2.8e-07
310 4e-08
311 4e-08
312 3.59602e-07
313 2e-07
314 8e-08
315 2.79602e-07
316 2e-07
317 1.2e-07
318 3.6e-07
319 8e-08
320 2.4e-07
321 1.6e-07
322 1.2e-07
323 3.2e-07
324 3.19602e-07
325 2.4e-07
326 3.2e-07
327 2.8e-07
328 1.2e-07
329 1.59602e-07
330 1.6e-07
331 8e-08
332 2e-07
333 2.4e-07
334 2.4e-07
335 8e-08
336 1.2e-07
337 4e-08
338 3.2e-07
339 4e-08
340 8e-08
341 3.6e-07
342 4.79602e-07
343 2.4e-07
344 1.2e-07
345 1.6e-07
346 2.4e-07
347 2.4e-07
348 3.59204e-07
349 2e-07
350 1.6e-07
351 8e-08
352 3.6e-07
353 1.6e-07
354 2.8e-07
355 1.2e-07
356 1.2e-07
357 8e-08
358 1.59602e-07
359 3.59208e-07
360 2.8e-07
361 1.6e-07
362 3.19602e-07
363 2e-07
364 2e-07
365 8e-08
366 1.2e-07
367 8e-08
368 8e-08
369 8e-08
370 1.2e-07
371 1.2e-07
372 4e-08
373 4.4e-07
374 1.2e-07
375 8e-08
376 8e-08
377 2e-07
378 8e-08
379 2.8e-07
380 1.2e-07
381 1.2e-07
382 2.4e-07
383 2e-07
384 1.99602e-07
385 8e-08
386 1.6e-07
387 8e-08
388 8e-08
389 1.6e-07
390 1.2e-07
391 1.6e-07
392 1.6e-07
393 2.4e-07
394 8e-08
395 1.59602e-07
396 4.4e-07
397 2.8e-07
398 1.2e-07
399 2e-07
400 2.8e-07
401 4e-08
402 2e-07
403 2e-07
404 1.59602e-07
405 1.2e-07
406 1.99602e-07
407 4e-07
408 2.4e-07
409 7.9602e-08
410 1.2e-07
411 1.6e-07
412 2.4e-07
413 2e-07
414 8e-08
415 1.6e-07
416 8e-08
417 1.6e-07
418 1.2e-07
419 2e-07
420 8e-08
421 8e-08
422 8e-08
423 2e-07
424 1.2e-07
425 2e-07
426 1.6e-07
427 1.2e-07
428 3.2e-07
429 1.2e-07
430 0
431 1.2e-07
432 2.4e-07
433 2e-07
434 2.4e-07
435 1.6e-07
436 2e-07
437 1.2e-07
438 3.2e-07
439 2.4e-07
440 1.6e-07
441 1.59602e-07
442 1.99602e-07
443 1.2e-07
444 2e-07
445 4e-08
446 1.6e-07
447 1.2e-07
448 1.6e-07
449 1.2e-07
450 1.2e-07
451 1.6e-07
452 2e-07
453 2e-07
454 1.2e-07
455 1.99602e-07
456 1.2e-07
457 8e-08
458 1.6e-07
459 1.6e-07
460 8e-08
461 2.4e-07
462 4e-08
463 2e-07
464 1.6e-07
465 2e-07
466 2.4e-07
467 1.59602e-07
468 1.2e-07
469 1.6e-07
470 1.6e-07
471 1.2e-07
472 1.2e-07
473 1.6e-07
474 8e-08
475 4e-08
476 8e-08
477 2e-07
478 2e-07
479 8e-08
480 2e-07
481 2.4e-07
482 2.4e-07
483 8e-08
484 4e-08
485 1.6e-07
486 1.2e-07
487 1.2e-07
488 2e-07
489 2.4e-07
490 2.8e-07
491 1.6e-07
492 2.4e-07
493 3.2e-07
494 8e-08
495 2.8e-07
496 8e-08
497 2.8e-07
498 8e-08
499 1.6e-07
500 0
501 2e-07
502 2.4e-07
503 2.4e-07
504 1.99602e-07
505 1.2e-07
506 1.2e-07
507 8e-08
508 1.6e-07
509 2e-07
510 1.2e-07
511 1.2e-07
512 8e-08
513 1.2e-07
514 1.2e-07
515 1.2e-07
516 2.4e-07
517 8e-08
518 1.6e-07
519 8e-08
520 4e-08
521 1.6e-07
522 1.99602e-07
523 8e-08
524 1.2e-07
525 2e-07
526 1.6e-07
527 1.2e-07
528 8e-08
529 1.6e-07
530 2.4e-07
531 7.9602e-08
532 4e-08
533 2.4e-07
534 4e-08
535 1.6e-07
536 1.2e-07
537 3.2e-07
538 1.2e-07
539 1.2e-07
540 2.8e-07
541 4e-08
542 1.59602e-07
543 2e-07
544 1.99602e-07
545 2e-07
546 2e-07
547 1.2e-07
548 4e-08
549 2e-07
550 2.4e-07
551 4e-08
552 8e-08
553 4e-08
554 8e-08
555 4e-08
556 2.8e-07
557 2e-07
558 2e-07
559 3.9602e-08
560 1.2e-07
561 4e-08
562 8e-08
563 1.2e-07
564 1.2e-07
565 0
566 0
567 8e-08
568 1.2e-07
569 1.6e-07
570 1.2e-07
571 1.2e-07
572 2.4e-07
573 1.2e-07
574 1.59602e-07
575 1.2e-07
576 2e-07
577 1.6e-07
578 2.8e-07
579 8e-08
580 8e-08
581 2e-07
582 1.2e-07
583 2.8e-07
584 2e-07
585 1.2e-07
586 8e-08
587 4e-08
588 8e-08
589 8e-08
590 8e-08
591 1.6e-07
592 1.6e-07
593 1.6e-07
594 1.6e-07
595 1.2e-07
596 2.4e-07
597 8e-08
598 0
599 4e-08
600 1.2e-07
601 1.2e-07
602 8e-08
603 2.39602e-07
604 2e-07
605 1.6e-07
606 2e-07
607 4e-08
608 2.39602e-07
609 1.6e-07
610 2e-07
611 8e-08
612 1.2e-07
613 8e-08
614 4e-08
615 2.4e-07
616 8e-08
617 1.2e-07
618 1.2e-07
619 7.9602e-08
620 8e-08
621 2.4e-07
622 2.8e-07
623 4e-08
624 1.6e-07
625 1.99602e-07
626 1.6e-07
627 1.2e-07
628 4e-08
629 8e-08
630 1.2e-07
631 8e-08
632 1.6e-07
633 2e-07
634 8e-08
635 1.6e-07
636 4e-08
637 8e-08
638 1.59602e-07
639 1.2e-07
640 1.6e-07
641 1.2e-07
642 1.99602e-07
643 1.6e-07
644 2.4e-07
645 4e-08
646 2e-07
647 2e-07
648 1.2e-07
649 2.4e-07
650 0
651 4e-08
652 8e-08
653 2e-07
654 1.6e-07
655 8e-08
656 4e-08
657 8e-08
658 4e-08
659 4e-08
660 8e-08
661 1.2e-07
662 1.19602e-07
663 1.2e-07
664 1.2e-07
665 2.4e-07
666 1.6e-07
667 4e-08
668 1.2e-07
669 1.2e-07
670 1.2e-07
671 8e-08
672 0
673 1.6e-07
674 8e-08
675 8e-08
676 0
677 0
678 1.2e-07
679 1.6e-07
680 1.6e-07
681 1.2e-07
682 4e-08
683 3.2e-07
684 4e-08
685 8e-08
686 8e-08
687 0
688 2e-07
689 8e-08
690 8e-08
691 1.2e-07
692 1.2e-07
693 4e-08
694 1.6e-07
695 1.6e-07
696 2.4e-07
697 1.2e-07
698 8e-08
699 2e-07
700 8e-08
701 8e-08
702 1.2e-07
703 1.2e-07
704 1.2e-07
705 2.4e-07
706 1.19602e-07
707 4e-08
708 1.2e-07
709 2e-07
710 1.2e-07
711 1.99602e-07
712 1.6e-07
713 4e-08
714 1.2e-07
715 1.19602e-07
716 8e-08
717 1.6e-07
718 1.2e-07
719 8e-08
720 3.2e-07
721 1.6e-07
722 8e-08
723 1.6e-07
724 4e-08
725 8e-08
726 8e-08
727 0
728 7.9204e-08
729 2e-07
730 4e-08
731 1.6e-07
732 2.8e-07
733 1.2e-07
734 1.2e-07
735 1.2e-07
736 1.2e-07
737 1.6e-07
738 1.6e-07
739 8e-08
740 4e-08
741 1.6e-07
742 1.6e-07
743 8e-08
744 2e-07
745 1.2e-07
746 1.6e-07
747 4e-08
748 0
749 1.2e-07
750 1.2e-07
751 2e-07
752 1.59602e-07
753 0
754 8e-08
755 1.2e-07
756 2e-07
757 4e-08
758 2e-07
759 8e-08
760 2e-07
761 1.2e-07
762 1.2e-07
763 1.2e-07
764 1.2e-07
765 4e-08
766 2.4e-07
767 4e-08
768 4e-08
769 1.6e-07
770 3.59204e-07
771 0
772 1.2e-07
773 1.2e-07
774 1.2e-07
775 1.2e-07
776 2e-07
777 1.99602e-07
778 4e-08
779 1.2e-07
780 4e-08
781 2e-07
782 8e-08
783 1.2e-07
784 3.6e-07
785 8e-08
786 7.9602e-08
787 8e-08
788 8e-08
789 1.2e-07
790 1.2e-07
791 4e-08
792 2.8e-07
793 4e-08
794 8e-08
795 1.6e-07
796 7.9602e-08
797 8e-08
798 8e-08
799 1.2e-07
800 0
801 1.2e-07
802 8e-08
803 8e-08
804 4e-08
805 2.79602e-07
806 1.6e-07
807 2e-07
808 4e-08
809 8e-08
810 4e-08
811 1.6e-07
812 8e-08
813 7.9602e-08
814 8e-08
815 8e-08
816 1.6e-07
817 1.2e-07
818 0
819 1.2e-07
820 1.2e-07
821 4e-08
822 4e-08
823 1.6e-07
824 1.2e-07
825 4e-08
826 8e-08
827 2e-07
828 4e-08
829 8e-08
830 2e-07
831 1.2e-07
832 1.6e-07
833 1.2e-07
834 1.2e-07
835 1.6e-07
836 2.39602e-07
837 1.6e-07
838 1.2e-07
839 1.2e-07
840 8e-08
841 4e-08
842 8e-08
843 4e-08
844 3.2e-07
845 1.2e-07
846 4e-08
847 1.99602e-07
848 1.2e-07
849 1.2e-07
850 8e-08
851 1.2e-07
852 2.4e-07
853 8e-08
854 0
855 8e-08
856 1.6e-07
857 4e-08
858 8e-08
859 7.9602e-08
860 4e-08
861 4e-08
862 4e-08
863 4e-08
864 1.2e-07
865 2.39602e-07
866 2e-07
867 4e-08
868 8e-08
869 0
870 8e-08
871 1.2e-07
872 1.2e-07
873 1.59602e-07
874 8e-08
875 0
876 4e-08
877 4e-08
878 8e-08
879 1.2e-07
880 1.2e-07
881 3.9602e-08
882 1.2e-07
883 4e-08
884 1.2e-07
885 8e-08
886 1.2e-07
887 4e-08
888 0
889 0
890 1.2e-07
891 8e-08
892 1.6e-07
893 1.2e-07
894 8e-08
895 8e-08
896 8e-08
897 2e-07
898 1.19602e-07
899 1.2e-07
900 4e-08
901 4e-08
902 0
903 4e-08
904 8e-08
905 4e-08
906 2.4e-07
907 2.4e-07
908 2.79204e-07
909 8e-08
910 4e-08
911 2e-07
912 1.2e-07
913 1.2e-07
914 1.6e-07
915 1.2e-07
916 8e-08
917 1.2e-07
918 4e-08
919 2e-07
920 1.2e-07
921 1.19602e-07
922 1.2e-07
923 8e-08
924 2e-07
925 8e-08
926 4e-08
927 4e-08
928 0
929 0
930 4e-08
931 0
932 1.6e-07
933 1.99602e-07
934 8e-08
935 8e-08
936 8e-08
937 2e-07
938 1.2e-07
939 1.2e-07
940 1.2e-07
941 1.2e-07
942 8e-08
943 2e-07
944 8e-08
945 1.99602e-07
946 2e-07
947 1.19602e-07
948 1.19602e-07
949 8e-08
950 4e-08
951 8e-08
952 4e-08
953 1.6e-07
954 8e-08
955 2.4e-07
956 2e-07
957 8e-08
958 0
959 4e-08
960 2e-07
961 1.2e-07
962 1.2e-07
963 1.99602e-07
964 1.2e-07
965 4e-08
966 8e-08
967 8e-08
968 4e-08
969 3.6e-07
970 8e-08
971 8e-08
972 4e-08
973 1.6e-07
974 8e-08
975 0
976 8e-08
977 8e-08
978 4e-08
979 4e-08
980 4e-08
981 4e-08
982 4e-08
983 1.19602e-07
984 4e-08
985 8e-08
986 0
987 1.6e-07
988 8e-08
989 1.2e-07
990 4e-08
991 1.6e-07
992 1.2e-07
993 1.59602e-07
994 1.2e-07
995 7.9602e-08
996 1.2e-07
997 1.6e-07
998 4e-08
999 0
