0 0
1 0.0001204
2 6.51239e-05
3 6.08e-05
4 3.95619e-05
5 4.16e-05
6 3.39619e-05
7 2.68e-05
8 2.95619e-05
9 2.28e-05
10 1.84e-05
11 2.35619e-05
12 2.16e-05
13 1.96e-05
14 1.95619e-05
15 1.96e-05
16 1.76e-05
17 1.43619e-05
18 1.08e-05
19 1.44e-05
20 1.68e-05
21 1.28e-05
22 1.12e-05
23 1.56e-05
24 1.79619e-05
25 1.36e-05
26 8.4e-06
27 1.4e-05
28 9.16193e-06
29 1.23619e-05
30 1.03619e-05
31 8e-06
32 1.39619e-05
33 7.96193e-06
34 1.28e-05
35 1.08e-05
36 1.28e-05
37 1.08e-05
38 8.32387e-06
39 1.08e-05
40 1.11619e-05
41 7.96193e-06
42 6.76193e-06
43 8e-06
44 1.08e-05
45 9.2e-06
46 7.2e-06
47 7.2e-06
48 6.76193e-06
49 9.2e-06
50 8.4e-06
51 7.2e-06
52 6.8e-06
53 6e-06
54 9.96193e-06
55 7.6e-06
56 9.16193e-06
57 9.6e-06
58 5.16193e-06
59 5.96193e-06
60 6.8e-06
61 8.8e-06
62 5.96193e-06
63 5.6e-06
64 7.6e-06
65 6e-06
66 5.2e-06
67 8.36193e-06
68 5.2e-06
69 6.4e-06
70 4.4e-06
71 6e-06
72 5.16193e-06
73 6.8e-06
74 9.2e-06
75 3.6e-06
76 2.8e-06
77 7.2e-06
78 6.8e-06
79 4.4e-06
80 4.8e-06
81 6.4e-06
82 3.6e-06
83 4.8e-06
84 7.92387e-06
85 5.6e-06
86 2.4e-06
87 4e-06
88 6.36193e-06
89 4.8e-06
90 5.6e-06
91 5.6e-06
92 6e-06
93 5.56193e-06
94 6e-06
95 5.6e-06
96 2.4e-06
97 4.68943e-06
98 5.2e-06
99 5.2e-06
100 2.8e-06
101 6.4e-06
102 4.4e-06
103 4e-06
104 6.4e-06
105 3.6e-06
106 4e-06
107 2.8e-06
108 5.56193e-06
109 3.2e-06
110 7.2e-06
111 3.6e-06
112 4e-06
113 5.6e-06
114 4.8e-06
115 6e-06
116 6.76193e-06
117 5.2e-06
118 2.8e-06
119 5.6e-06
120 5.6e-06
121 2.8e-06
122 4e-06
123 3.96193e-06
124 2.4e-06
125 3.6e-06
126 3.6e-06
127 5.96193e-06
128 4e-06
129 3.12387e-06
130 5.96193e-06
131 3.6e-06
132 2.76193e-06
133 2.4e-06
134 2.4e-06
135 2.8e-06
136 4.8e-06
137 3.6e-06
138 2e-06
139 6.4e-06
140 2.76193e-06
141 4.4e-06
142 5.6e-06
143 4.4e-06
144 3.6e-06
145 2.8e-06
146 3.6e-06
147 2.8e-06
148 3.2e-06
149 2.4e-06
150 1.6e-06
151 3.6e-06
152 4.4e-06
153 3.6e-06
154 2.4e-06
155 4.8e-06
156 2.72387e-06
157 2.76193e-06
158 4.4e-06
159 4e-06
160 3.2e-06
161 3.56193e-06
162 1.6e-06
163 4e-06
164 4.8e-06
165 1.2e-06
166 3.16193e-06
167 4.4e-06
168 3.6e-06
169 5.2e-06
170 4e-06
171 3.96193e-06
172 8e-07
173 3.2e-06
174 3.2e-06
175 2.8e-06
176 3.2e-06
177 4.4e-06
178 3.56193e-06
179 4.4e-06
180 3.2e-06
181 3.2e-06
182 2.8e-06
183 2.8e-06
184 3.6e-06
185 3.56193e-06
186 3.6e-06
187 4e-06
188 2.76193e-06
189 2.8e-06
190 2.76193e-06
191 3.2e-06
192 4e-06
193 3.16193e-06
194 4.4e-06
195 4.4e-06
196 3.16193e-06
197 3.2e-06
198 2e-06
199 3.2e-06
200 8e-07
201 2.8e-06
202 2.4e-06
203 4.76193e-06
204 4e-06
205 2e-06
206 3.2e-06
207 4.36193e-06
208 3.16193e-06
209 3.6e-06
210 4.4e-06
211 3.2e-06
212 1.6e-06
213 3.16193e-06
214 1.6e-06
215 2e-06
216 4e-06
217 2.8e-06
218 2.8e-06
219 2.4e-06
220 3.6e-06
221 8e-07
222 4.4e-06
223 3.6e-06
224 1.96193e-06
225 3.6e-06
226 2.8e-06
227 2.8e-06
228 2.4e-06
229 3.6e-06
230 3.6e-06
231 3.2e-06
232 4.4e-06
233 3.12387e-06
234 2.8e-06
235 3.96193e-06
236 1.6e-06
237 3.6e-06
238 2e-06
239 3.6e-06
240 1.2e-06
241 2e-06
242 2.36193e-06
243 2.8e-06
244 3.6e-06
245 1.6e-06
246 1.6e-06
247 2.4e-06
248 1.6e-06
249 1.2e-06
250 2.8e-06
251 3.2e-06
252 2e-06
253 4.8e-06
254 2.4e-06
255 2.8e-06
256 2.4e-06
257 2e-06
258 3.56193e-06
259 2.36193e-06
260 2.8e-06
261 3.2e-06
262 3.52387e-06
263 8e-07
264 4.4e-06
265 2.4e-06
266 4.8e-06
267 1.6e-06
268 3.2e-06
269 1.6e-06
270 3.6e-06
271 2e-06
272 4.8e-06
273 2.4e-06
274 1.2e-06
275 3.6e-06
276 2.36193e-06
277 1.6e-06
278 3.2e-06
279 1.6e-06
280 2e-06
281 3.2e-06
282 8e-07
283 2.36193e-06
284 2.4e-06
285 3.2e-06
286 2.4e-06
287 3.56193e-06
288 2e-06
289 4e-07
290 2.8e-06
291 3.6e-06
292 1.2e-06
293 2.4e-06
294 3.2e-06
295 2e-06
296 1.16193e-06
297 3.56193e-06
298 2e-06
299 2e-06
300 1.56193e-06
301 2.8e-06
302 1.6e-06
303 1.2e-06
304 2.72749e-06
305 2.8e-06
306 1.6e-06
307 2.8e-06
308 2.4e-06
309 1.6e-06
310 2.4e-06
311 2e-06
312 1.6e-06
313 3.16193e-06
314 1.6e-06
315 3.56193e-06
316 2.4e-06
317 1.6e-06
318 8e-07
319 2e-06
320 2.8e-06
321 4e-06
322 0
323 0
324 8e-07
325 4.4e-06
326 1.6e-06
327 2e-06
328 1.52749e-06
329 1.56193e-06
330 0
331 1.6e-06
332 2.8e-06
333 1.2e-06
334 1.6e-06
335 2.8e-06
336 1.2e-06
337 2.4e-06
338 3.6e-06
339 1.2e-06
340 4e-06
341 2e-06
342 2e-06
343 2.4e-06
344 1.6e-06
345 1.6e-06
346 2.4e-06
347 3.6e-06
348 1.16193e-06
349 3.16193e-06
350 2.4e-06
351 2e-06
352 1.6e-06
353 2.4e-06
354 2e-06
355 8e-07
356 1.2e-06
357 2.4e-06
358 1.2e-06
359 1.6e-06
360 2e-06
361 2e-06
362 2.4e-06
363 1.96193e-06
364 2.4e-06
365 2.8e-06
366 1.2e-06
367 2e-06
368 8e-07
369 2.8e-06
370 8e-07
371 3.12387e-06
372 8e-07
373 2.4e-06
374 1.2e-06
375 1.6e-06
376 1.16193e-06
377 3.16193e-06
378 1.6e-06
379 1.6e-06
380 1.2e-06
381 1.2e-06
382 1.2e-06
383 2.4e-06
384 2e-06
385 3.2e-06
386 2.4e-06
387 2.8e-06
388 1.56193e-06
389 3.16193e-06
390 2.4e-06
391 1.16193e-06
392 2e-06
393 2.76193e-06
394 2.4e-06
395 1.2e-06
396 1.6e-06
397 4.8e-06
398 1.6e-06
399 4e-07
400 2e-06
401 2e-06
402 2.76193e-06
403 1.6e-06
404 2e-06
405 1.16193e-06
406 3.2e-06
407 1.16193e-06
408 1.6e-06
409 2.36193e-06
410 0
411 2.4e-06
412 1.2e-06
413 1.6e-06
414 8e-07
415 8e-07
416 2.8e-06
417 2.36193e-06
418 1.2e-06
419 1.6e-06
420 2e-06
421 4e-06
422 2.4e-06
423 1.2e-06
424 8e-07
425 3.2e-06
426 3.56193e-06
427 2e-06
428 2e-06
429 1.2e-06
430 8e-07
431 1.6e-06
432 1.56193e-06
433 2.76193e-06
434 1.92387e-06
435 1.56193e-06
436 1.6e-06
437 1.2e-06
438 2.4e-06
439 2.8e-06
440 1.2e-06
441 1.56193e-06
442 1.6e-06
443 2e-06
444 8e-07
445 2e-06
446 1.52749e-06
447 1.2e-06
448 2.8e-06
449 1.96193e-06
450 2.4e-06
451 2.4e-06
452 1.6e-06
453 8e-07
454 1.2e-06
455 1.6e-06
456 2.4e-06
457 3.6e-06
458 8e-07
459 1.56193e-06
460 1.6e-06
461 8e-07
462 2.4e-06
463 1.2e-06
464 1.2e-06
465 1.2e-06
466 1.16193e-06
467 4e-07
468 2e-06
469 1.2e-06
470 2.8e-06
471 1.2e-06
472 4.4e-06
473 1.6e-06
474 1.6e-06
475 1.6e-06
476 4e-07
477 2.4e-06
478 1.6e-06
479 1.6e-06
480 2.4e-06
481 4e-07
482 1.6e-06
483 1.2e-06
484 8e-07
485 2e-06
486 2.76193e-06
487 1.6e-06
488 2.36193e-06
489 2.8e-06
490 8e-07
491 2.4e-06
492 1.2e-06
493 1.2e-06
494 4.8e-06
495 2e-06
496 1.2e-06
497 1.2e-06
498 8e-07
499 4e-07
500 4e-07
501 1.6e-06
502 1.6e-06
503 1.92387e-06
504 1.6e-06
505 8e-07
506 2.36193e-06
507 8e-07
508 1.2e-06
509 1.16193e-06
510 1.6e-06
511 1.16193e-06
512 4e-07
513 1.2e-06
514 1.2e-06
515 3.61935e-07
516 1.2e-06
517 1.6e-06
518 1.6e-06
519 1.2e-06
520 1.6e-06
521 2e-06
522 1.2e-06
523 2e-06
524 1.6e-06
525 8e-07
526 4e-07
527 1.2e-06
528 8e-07
529 2.76193e-06
530 1.6e-06
531 1.2e-06
532 1.6e-06
533 8e-07
534 1.2e-06
535 3.6e-06
536 8e-07
537 7.61935e-07
538 4e-07
539 8e-07
540 1.2e-06
541 1.2e-06
542 2.8e-06
543 1.16193e-06
544 1.6e-06
545 3.2e-06
546 1.6e-06
547 1.2e-06
548 2e-06
549 4e-07
550 1.2e-06
551 1.2e-06
552 1.6e-06
553 4e-07
554 3.2e-06
555 8e-07
556 1.2e-06
557 2e-06
558 1.96193e-06
559 1.6e-06
560 0
561 2.4e-06
562 8e-07
563 8e-07
564 2.4e-06
565 8e-07
566 4e-07
567 1.6e-06
568 2e-06
569 4e-07
570 2.36193e-06
571 3.16193e-06
572 8e-07
573 1.2e-06
574 1.6e-06
575 1.2e-06
576 2e-06
577 2.4e-06
578 3.2e-06
579 1.2e-06
580 2.4e-06
581 8e-07
582 2e-06
583 2.8e-06
584 8e-07
585 2.4e-06
586 1.6e-06
587 1.2e-06
588 1.6e-06
589 1.6e-06
590 7.61935e-07
591 2e-06
592 1.16193e-06
593 8e-07
594 8e-07
595 8e-07
596 2.4e-06
597 1.6e-06
598 1.6e-06
599 2e-06
600 1.2e-06
601 1.16193e-06
602 1.6e-06
603 1.2e-06
604 4e-07
605 1.6e-06
606 1.96193e-06
607 1.6e-06
608 1.2e-06
609 2e-06
610 1.6e-06
611 1.2e-06
612 2e-06
613 1.16193e-06
614 1.6e-06
615 1.2e-06
616 2.4e-06
617 2.68943e-06
618 8e-07
619 1.56193e-06
620 2e-06
621 8e-07
622 8e-07
623 1.2e-06
624 1.6e-06
625 1.2e-06
626 4e-07
627 2e-06
628 2.8e-06
629 1.2e-06
630 2e-06
631 1.2e-06
632 1.6e-06
633 4e-07
634 4e-07
635 8e-07
636 2.4e-06
637 1.6e-06
638 1.6e-06
639 1.16193e-06
640 1.2e-06
641 8e-07
642 1.52749e-06
643 1.6e-06
644 1.2e-06
645 4e-07
646 1.6e-06
647 1.16193e-06
648 1.2e-06
649 1.6e-06
650 7.61935e-07
651 8e-07
652 8e-07
653 1.6e-06
654 1.2e-06
655 8e-07
656 1.56193e-06
657 8e-07
658 8e-07
659 1.6e-06
660 8e-07
661 1.16193e-06
662 1.2e-06
663 8e-07
664 2.8e-06
665 2.4e-06
666 1.2e-06
667 2e-06
668 8e-07
669 1.6e-06
670 7.61935e-07
671 1.6e-06
672 1.16193e-06
673 8e-07
674 4e-07
675 2.4e-06
676 1.6e-06
677 3.6e-06
678 8e-07
679 1.2e-06
680 1.56193e-06
681 1.56193e-06
682 4e-07
683 2e-06
684 1.6e-06
685 8e-07
686 8e-07
687 7.61935e-07
688 1.2e-06
689 2.4e-06
690 1.2e-06
691 4e-07
692 8e-07
693 2.4e-06
694 8e-07
695 4e-07
696 8e-07
697 2e-06
698 8e-07
699 8e-07
700 2e-06
701 1.56193e-06
702 1.96193e-06
703 4e-07
704 1.6e-06
705 1.6e-06
706 8e-07
707 8e-07
708 8e-07
709 1.2e-06
710 1.52387e-06
711 2e-06
712 0
713 1.6e-06
714 1.2e-06
715 8e-07
716 1.2e-06
717 1.52387e-06
718 1.2e-06
719 2.4e-06
720 1.16193e-06
721 8e-07
722 1.6e-06
723 4e-07
724 8e-07
725 8e-07
726 1.6e-06
727 2.76193e-06
728 1.6e-06
729 1.56193e-06
730 2.8e-06
731 1.6e-06
732 4e-07
733 2e-06
734 4e-07
735 4e-07
736 1.2e-06
737 1.16193e-06
738 1.6e-06
739 8e-07
740 4e-07
741 1.6e-06
742 8e-07
743 1.92749e-06
744 4e-07
745 1.2e-06
746 1.2e-06
747 1.16193e-06
748 1.6e-06
749 4e-07
750 1.6e-06
751 8e-07
752 2e-06
753 8e-07
754 4e-07
755 1.6e-06
756 1.2e-06
757 1.2e-06
758 1.2e-06
759 1.6e-06
760 8e-07
761 2.4e-06
762 2.4e-06
763 1.6e-06
764 8e-07
765 1.2e-06
766 1.6e-06
767 1.6e-06
768 1.6e-06
769 8e-07
770 4e-07
771 4e-07
772 0
773 4e-07
774 0
775 1.16193e-06
776 1.16193e-06
777 2.4e-06
778 8e-07
779 1.2e-06
780 2e-06
781 1.2e-06
782 1.96193e-06
783 1.2e-06
784 1.2e-06
785 1.6e-06
786 2e-06
787 1.16193e-06
788 1.96193e-06
789 4e-07
790 4e-07
791 4e-07
792 2.4e-06
793 2.4e-06
794 1.2e-06
795 1.56193e-06
796 1.2e-06
797 4e-07
798 2.8e-06
799 2e-06
800 4e-07
801 8e-07
802 1.2e-06
803 1.2e-06
804 2.4e-06
805 8e-07
806 8e-07
807 4e-07
808 1.96193e-06
809 1.6e-06
810 1.2e-06
811 0
812 8e-07
813 4e-07
814 8e-07
815 1.6e-06
816 1.6e-06
817 1.2e-06
818 1.16193e-06
819 1.6e-06
820 7.61935e-07
821 8e-07
822 1.2e-06
823 8e-07
824 1.2e-06
825 8e-07
826 3.61935e-07
827 4e-07
828 1.2e-06
829 8e-07
830 2e-06
831 1.2e-06
832 4e-07
833 8e-07
834 4e-07
835 4e-07
836 1.2e-06
837 1.2e-06
838 4e-07
839 8e-07
840 1.6e-06
841 1.16193e-06
842 8e-07
843 4e-07
844 0
845 0
846 1.6e-06
847 4e-07
848 1.2e-06
849 1.2e-06
850 8e-07
851 1.2e-06
852 1.6e-06
853 1.6e-06
854 1.6e-06
855 3.61935e-07
856 2e-06
857 3.2e-06
858 8e-07
859 1.2e-06
860 1.6e-06
861 1.16193e-06
862 1.2e-06
863 2e-06
864 1.2e-06
865 4e-07
866 1.6e-06
867 1.2e-06
868 8e-07
869 1.6e-06
870 8e-07
871 4e-07
872 8e-07
873 1.6e-06
874 1.2e-06
875 7.61935e-07
876 1.2e-06
877 1.6e-06
878 1.2e-06
879 1.6e-06
880 1.2e-06
881 1.2e-06
882 4e-07
883 4e-07
884 1.2e-06
885 2e-06
886 4e-07
887 8e-07
888 1.56193e-06
889 0
890 3.56193e-06
891 8e-07
892 1.2e-06
893 1.2e-06
894 8e-07
895 1.56193e-06
896 8e-07
897 4e-07
898 1.2e-06
899 8e-07
900 1.16193e-06
901 8e-07
902 2e-06
903 4e-07
904 1.6e-06
905 4e-07
906 4e-07
907 1.2e-06
908 2.4e-06
909 0
910 1.2e-06
911 1.2e-06
912 2e-06
913 1.2e-06
914 8e-07
915 1.6e-06
916 1.6e-06
917 1.16193e-06
918 2e-06
919 1.6e-06
920 4e-07
921 4e-07
922 1.2e-06
923 4e-07
924 1.6e-06
925 1.2e-06
926 0
927 1.2e-06
928 4e-07
929 4e-07
930 2e-06
931 1.2e-06
932 0
933 8e-07
934 1.6e-06
935 1.2e-06
936 1.2e-06
937 2e-06
938 0
939 2e-06
940 8e-07
941 4e-07
942 1.16193e-06
943 0
944 1.6e-06
945 1.6e-06
946 1.56193e-06
947 4e-07
948 8e-07
949 1.16193e-06
950 4e-07
951 1.2e-06
952 1.6e-06
953 1.2e-06
954 1.96193e-06
955 1.2e-06
956 4e-07
957 1.6e-06
958 1.2e-06
959 8e-07
960 1.6e-06
961 1.6e-06
962 1.6e-06
963 2e-06
964 8e-07
965 8e-07
966 1.2e-06
967 8e-07
968 7.61935e-07
969 8e-07
970 1.6e-06
971 1.2e-06
972 4e-07
973 0
974 2e-06
975 4e-07
976 1.6e-06
977 1.6e-06
978 4e-07
979 0
980 1.6e-06
981 2e-06
982 4e-07
983 1.2e-06
984 8e-07
985 1.6e-06
986 8e-07
987 1.6e-06
988 0
989 0
990 1.2e-06
991 1.16193e-06
992 4e-07
993 2.8e-06
994 8e-07
995 8e-07
996 8e-07
997 4e-07
998 1.2e-06
999 0
