0 0
1 0
2 3.43642e-08
3 1.98853e-07
4 2.55491e-07
5 1.65461e-07
6 2.21064e-07
7 3.12862e-07
8 2.6038e-07
9 1.55341e-07
10 1.62166e-07
11 2.06866e-07
12 2.03828e-07
13 2.25131e-07
14 3.45664e-07
15 9.81975e-08
16 5.91989e-08
17 1.96905e-07
18 9.36366e-08
19 2.05537e-07
20 4.11308e-08
21 6.58465e-08
22 9.50836e-08
23 3.54368e-08
24 6.01576e-08
25 1.18981e-07
26 8.52769e-08
27 4.8118e-08
28 1.5105e-08
29 5.01921e-08
30 1.35466e-08
31 1.11953e-08
32 3.19555e-08
33 5.97759e-10
34 5.91943e-12
35 2.6803e-08
36 5.06155e-09
37 1.5233e-08
38 4.05187e-10
39 9.59594e-11
40 3.317e-08
41 2.07561e-08
42 2.32349e-09
43 1.90387e-11
44 1.05011e-11
45 2.58447e-09
46 5.16376e-11
47 3.8908e-10
48 8.41397e-12
49 1.41735e-08
50 4.47887e-11
51 7.26262e-11
52 2.40563e-08
53 1.61112e-10
54 0
55 1.5463e-10
56 3.97727e-12
57 0
58 1.47817e-10
59 2.0077e-10
60 2.26237e-11
61 1.99524e-08
62 2.32828e-08
63 0
64 3.95443e-12
65 0
66 0
67 9.48802e-11
68 0
69 1.42375e-13
70 0
71 7.70289e-09
72 0
73 0
74 0
75 0
76 0
77 2.04253e-10
78 1.53958e-11
79 0
80 0
81 1.37214e-11
82 5.46586e-11
83 0
84 2.71009e-11
85 0
86 0
87 0
88 0
89 0
90 0
91 0
92 1.19851e-10
93 1.77051e-11
94 0
95 0
96 3.80465e-10
97 0
98 0
99 0
100 0
101 0
102 0
103 0
104 0
105 0
106 0
107 0
108 0
109 5.12159e-11
110 0
111 0
112 0
113 0
114 1.06902e-08
115 0
116 0
117 0
118 0
119 1.33662e-11
120 0
121 0
122 0
123 0
124 1.72338e-10
125 0
126 0
127 0
128 0
129 0
130 0
131 0
132 0
133 0
134 0
135 0
136 0
137 4.33583e-10
138 0
139 0
140 0
141 1.01065e-10
142 4.00424e-10
143 0
144 1.06701e-11
145 0
146 9.67293e-09
147 1.71113e-11
148 0
149 0
150 0
151 0
152 0
153 0
154 0
155 0
156 0
157 0
158 0
159 0
160 0
161 0
162 0
163 2.12722e-10
164 0
165 2.92469e-10
166 0
167 0
168 0
169 0
170 0
171 0
172 0
173 0
174 0
175 0
176 0
177 1.02034e-10
178 3.1159e-11
179 0
180 0
181 0
182 0
183 0
184 0
185 0
186 0
187 0
188 1.12958e-10
189 8.94938e-11
190 0
191 0
192 0
193 0
194 0
195 0
196 0
197 0
198 0
199 0
200 0
201 0
202 0
203 0
204 9.82905e-11
205 0
206 0
207 0
208 1.35862e-10
209 0
210 8.14002e-12
211 2.61491e-11
212 3.41241e-11
213 3.27895e-11
214 0
215 0
216 0
217 0
218 0
219 0
220 0
221 0
222 0
223 0
224 1.45565e-10
225 0
226 0
227 0
228 0
229 0
230 0
231 0
232 8.37428e-11
233 0
234 0
235 0
236 0
237 0
238 0
239 0
240 0
241 0
242 0
243 0
244 0
245 0
246 0
247 0
248 0
249 0
