1.55 1 1 0 0 0 0
1.55 1 2.71828 0 0.0284454 0.0240206 0.0328703
1.55 1 7.38906 0 0.0615323 0.0555251 0.0676009
1.55 1 20.0855 0 0.106997 0.099469 0.11484
1.55 1 54.5982 0 0.157153 0.147997 0.166366
1.55 1 148.413 0 0.212543 0.202009 0.222858
1.55 1 403.429 0 0.288146 0.27659 0.299547
1.55 1 1096.63 0 0.384379 0.371555 0.397008
1.55 1 2980.96 0 0.485038 0.471906 0.498023
1.55 1 8103.08 0 0.580336 0.567456 0.593481
1.55 1 22026.5 0 0.666278 0.653836 0.678913
1.55 1 59874.1 0 0.740479 0.72865 0.752317
1.55 1 162755 0 0.798011 0.787267 0.808704
1.55 1 442413 0 0.798011 0.787096 0.808754
