0 1
105 106
694 695
705 706
715 716
1207 1208
191716 191717
191871 191872
192031 192032
196698 196699
196803 196804
197226 197227
197305 197306
201088 201089
201196 201197
219074 219075
648104 648105
648128 648129
648506 648507
648765 648766
648795 648796
651905 651906
651976 651977
652217 652218
652222 652223
663465 663466
667322 667323
711439 711440
711712 711713
711728 711729
711747 711748
711821 711822
711832 711833
715115 715116
715283 715284
715372 715373
718040 718041
722499 722500
749740 749742
764936 764937
766340 766341
