0 1
438 439
1628 1629
1720 1721
193854 193855
207070 207071
293023 293024
923877 923878
924667 924668
925985 925986
977767 977768
977769 977770
985744 985745
1014557 1014558
1153334 1153335
1224628 1224629
1234838 1234839
1234854 1234855
1236321 1236322
1310482 1310483
1310489 1310490
1310572 1310573
1312083 1312084
1315933 1315934
1315937 1315938
1333050 1333051
1385661 1385662
1388143 1388144
1388174 1388175
1388195 1388196
1388469 1388470
1388496 1388497
1388498 1388499
1421929 1421930
1422222 1422223
1422560 1422561
