0 1
11899 11900
11996 11997
12423 12424
13901 13902
13935 13936
360433 360434
364495 364496
365279 365280
365861 365862
366604 366605
375275 375276
375278 375279
375976 375977
378871 378872
382317 382318
409559 409560
411938 411939
411940 411941
411976 411977
416832 416833
416846 416847
502902 502904
502905 502906
511179 511180
511195 511196
532716 532717
535460 535461
535499 535500
535522 535523
535561 535562
953333 953334
954897 954898
967137 967138
969753 969754
1053374 1053375
1084633 1084634
1088432 1088433
1088438 1088439
1090443 1090444
1090748 1090749
1091628 1091629
1091630 1091631
1091744 1091745
1197053 1197054
1197198 1197199
1222586 1222587
1227820 1227821
1229292 1229293
1405031 1405032
1405040 1405041
1405676 1405677
1405882 1405883
