0.83 1 1 0 0 0 0
0.83 1 2.71828 0 0.0318386 0.0274137 0.0362634
0.83 1 7.38906 0 0.0415529 0.036663 0.0463773
0.83 1 20.0855 0 0.0533147 0.0477071 0.0590198
0.83 1 54.5982 0 0.060532 0.0546104 0.0665192
0.83 1 148.413 0 0.0721428 0.065706 0.0785295
0.83 1 403.429 0 0.0804074 0.0737566 0.0872022
0.83 1 1096.63 0 0.0848323 0.0777634 0.0919396
0.83 1 2980.96 0 0.088458 0.0813492 0.0955938
0.83 1 8103.08 0 0.0899548 0.0827558 0.096978
0.83 1 22026.5 0 0.0905869 0.0834895 0.0977413
0.83 1 59874.1 0 0.0927158 0.0855499 0.0998261
0.83 1 162755 0 0.09398 0.0867741 0.10148
0.83 1 442413 0 0.09398 0.0866431 0.10125
