1.28 1 1 0 0 0 0
1.28 1 2.71828 0 0.257139 0.223208 0.29107
1.28 1 7.38906 0 0.369632 0.33102 0.409099
1.28 1 20.0855 0 0.538593 0.499072 0.578773
1.28 1 54.5982 0 0.611817 0.572483 0.651056
1.28 1 148.413 0 0.673906 0.635654 0.712164
1.28 1 403.429 0 0.763279 0.730412 0.796076
1.28 1 1096.63 0 0.836144 0.807599 0.864285
1.28 1 2980.96 0 0.851092 0.822107 0.879419
1.28 1 8103.08 0 0.872886 0.84471 0.901201
1.28 1 22026.5 0 0.894218 0.867509 0.920386
1.28 1 59874.1 0 0.903661 0.878104 0.929598
1.28 1 162755 0 0.937436 0.916998 0.957592
1.28 1 442413 0 0.974987 0.963878 0.98636
