0 3
35 37
72 73
128 129
225 226
229 230
252 253
254 255
257 258
259 260
327 328
330 331
438 439
447 448
449 450
19022 19026
19027 19030
19045 19046
19056 19057
19059 19060
19087 19088
19104 19105
19109 19110
19114 19116
19123 19124
19200 19201
19262 19263
19677 19678
19685 19686
19709 19711
28893 28894
28897 28898
31098 31099
31186 31187
31194 31197
31219 31220
41381 41383
41405 41406
42160 42162
42199 42200
42216 42217
42247 42248
42470 42471
42488 42489
42513 42517
42598 42600
42601 42602
42708 42709
42729 42730
42731 42732
42733 42734
42735 42736
