0 1
18 21
58 61
129 130
132 133
2552 2553
2576 2577
7818 7821
7822 7824
7828 7829
7837 7839
7847 7848
7933 7934
7935 7937
7963 7964
7965 7966
7968 7970
10272 10274
10325 10326
10329 10330
10331 10332
10388 10389
10390 10391
10392 10393
10397 10399
10406 10407
10461 10463
10706 10707
10731 10732
11044 11045
11058 11059
11066 11068
11104 11106
11115 11116
11117 11118
11333 11334
11406 11408
11744 11745
11746 11747
1301737 1301738
1301742 1301743
1301752 1301753
1301762 1301763
1301824 1301825
1301888 1301889
1304335 1304336
1304349 1304350
