0 -8.63489060573823 -8.6888062889674 -8.58369630777452
0.993251773010283 -8.71893612819037 -8.77568546173748 -8.66470181197162
2.00012773496011 -8.70734935877878 -8.76409807035131 -8.6538551935748
3.00022217882684 -8.74260807024295 -8.80154747377534 -8.68912095134618
4.00003388275086 -8.65200540394048 -8.70560324555075 -8.60000431094141
4.99997871390773 -8.8257176315069 -8.88458969209782 -8.76908993206523
6.00000299062804 -9.38198671219527 -9.45940062852656 -9.30733046203993
6.9999971198819 -11.9176163728487 -12.1999136511346 -11.6958019757227
8.00000067527204 -14.1488331598964 -15.6480232740758 -13.5852642907631
8.99999951529857 -20.4235539141733 -25.7244920357399 -19.7332117637255
9.99997885272489 -28.4292110848492 -40.4292162123107 -27.736066125808
10.9999976331124 -50.0386531738467 -92.0205066281824 -49.3455059932867
12.0000012815651 -178.038653835073 -202.038652069438 -177.345506654513
