1.25 1 1 0 0 0 0
1.25 1 2.71828 0 0.0576415 0.0558185 0.0594311
1.25 1 7.38906 0 0.105504 0.103078 0.107964
1.25 1 20.0855 0 0.154261 0.151436 0.157143
1.25 1 54.5982 0 0.206073 0.202869 0.209333
1.25 1 148.413 0 0.260718 0.257131 0.264278
1.25 1 403.429 0 0.317167 0.313445 0.320893
1.25 1 1096.63 0 0.37789 0.374061 0.381906
1.25 1 2980.96 0 0.439687 0.435602 0.443813
1.25 1 8103.08 0 0.49884 0.494651 0.503074
1.25 1 22026.5 0 0.556257 0.55214 0.560404
1.25 1 59874.1 0 0.611676 0.607624 0.615769
1.25 1 162755 0 0.663083 0.659115 0.667158
1.25 1 442413 0 0.709364 0.705552 0.713058
1.25 1 1.2026e+06 0 0.749068 0.745419 0.752773
1.45 1 1 0 0 0 0
1.45 1 2.71828 0 0.0575783 0.0557452 0.0594413
1.45 1 7.38906 0 0.11106 0.108495 0.113443
1.45 1 20.0855 0 0.173038 0.170074 0.176111
1.45 1 54.5982 0 0.243904 0.240488 0.247329
1.45 1 148.413 0 0.32319 0.319388 0.326839
1.45 1 403.429 0 0.408971 0.404781 0.412934
1.45 1 1096.63 0 0.503158 0.498936 0.507292
1.45 1 2980.96 0 0.590028 0.585917 0.594057
1.45 1 8103.08 0 0.670175 0.666383 0.674105
1.45 1 22026.5 0 0.742658 0.739008 0.746301
1.45 1 59874.1 0 0.798298 0.794893 0.801688
1.45 1 162755 0 0.844979 0.842011 0.848093
1.45 1 442413 0 0.881332 0.878627 0.884014
1.45 1 1.2026e+06 0 0.913224 0.910841 0.915608
1.65 1 1 0 0 0 0
1.65 1 2.71828 0 0.0576946 0.0558316 0.0595212
1.65 1 7.38906 0 0.116074 0.113544 0.118552
1.65 1 20.0855 0 0.189821 0.186728 0.192986
1.65 1 54.5982 0 0.283784 0.280212 0.28738
1.65 1 148.413 0 0.386765 0.382788 0.390724
1.65 1 403.429 0 0.499871 0.495918 0.504002
1.65 1 1096.63 0 0.610267 0.606243 0.614264
1.65 1 2980.96 0 0.709883 0.706097 0.713621
1.65 1 8103.08 0 0.791414 0.788094 0.794811
1.65 1 22026.5 0 0.850928 0.847979 0.853919
1.65 1 59874.1 0 0.89475 0.892154 0.897329
1.65 1 162755 0 0.927678 0.925482 0.929877
1.65 1 442413 0 0.950329 0.94846 0.952158
1.65 1 1.2026e+06 0 0.965927 0.964383 0.967444
1.85 1 1 0 0 0 0
1.85 1 2.71828 0 0.0613609 0.0594776 0.06329
1.85 1 7.38906 0 0.128771 0.126106 0.131351
1.85 1 20.0855 0 0.21927 0.216008 0.22249
1.85 1 54.5982 0 0.32676 0.323034 0.330502
1.85 1 148.413 0 0.456531 0.452579 0.460513
1.85 1 403.429 0 0.585039 0.581007 0.58908
1.85 1 1096.63 0 0.703241 0.699433 0.707012
1.85 1 2980.96 0 0.797604 0.79429 0.800863
1.85 1 8103.08 0 0.865145 0.862206 0.867931
1.85 1 22026.5 0 0.910438 0.908003 0.912856
1.85 1 59874.1 0 0.944581 0.942624 0.946477
1.85 1 162755 0 0.963643 0.96206 0.965249
1.85 1 442413 0 0.976632 0.975335 0.977928
1.85 1 1.2026e+06 0 0.986013 0.985026 0.987027
1 1 1 0 0 0 0
1 1 2.71828 0 0.0626382 0.0607055 0.0644815
1 1 7.38906 0 0.101882 0.0994812 0.104375
1 1 20.0855 0 0.13628 0.133564 0.139111
1 1 54.5982 0 0.166833 0.16383 0.169778
1 1 148.413 0 0.193216 0.190048 0.196448
1 1 403.429 0 0.220568 0.217211 0.223837
1 1 1096.63 0 0.244464 0.240966 0.247959
1 1 2980.96 0 0.267575 0.263981 0.27125
1 1 8103.08 0 0.287713 0.284129 0.291412
1 1 22026.5 0 0.306293 0.302488 0.309964
1 1 59874.1 0 0.325521 0.321797 0.329456
1 1 162755 0 0.343592 0.339713 0.347488
1 1 442413 0 0.35956 0.355646 0.363479
1 1 1.2026e+06 0 0.372829 0.368913 0.376801
2.05 1 1 0 0 0 0
2.05 1 2.71828 0 0.37294 0.369436 0.376502
2.05 1 7.38906 0 0.374732 0.371192 0.37831
2.05 1 20.0855 0 0.374732 0.371177 0.378292
2.05 1 54.5982 0 0.374732 0.371092 0.378317
2.05 1 148.413 0 0.374732 0.371012 0.378289
2.05 1 403.429 0 0.374732 0.371099 0.378312
2.05 1 1096.63 0 0.374732 0.37115 0.37823
2.05 1 2980.96 0 0.374732 0.371173 0.378269
2.05 1 8103.08 0 0.374732 0.371176 0.378233
2.05 1 22026.5 0 0.374732 0.371202 0.37832
2.05 1 59874.1 0 0.374732 0.371122 0.378247
2.05 1 162755 0 0.374732 0.371112 0.378208
2.05 1 442413 0 0.374732 0.371121 0.378288
2.05 1 1.2026e+06 0 0.374732 0.371166 0.378266
