1 1 1 0 0 0 0
1 1 2.71828 0 0.251167 0.24779 0.254483
1 1 7.38906 0 0.358612 0.354852 0.36244
1 1 20.0855 0 0.435207 0.431329 0.439301
1 1 54.5982 0 0.492971 0.488874 0.497063
1 1 148.413 0 0.540493 0.536445 0.544577
1 1 403.429 0 0.578064 0.574021 0.582131
1 1 1096.63 0 0.610331 0.60618 0.614372
1 1 2980.96 0 0.639129 0.635157 0.643064
1 1 8103.08 0 0.664541 0.66066 0.668392
1 1 22026.5 0 0.685126 0.68121 0.688989
1 1 59874.1 0 0.702602 0.698757 0.706471
1 1 162755 0 0.72035 0.716613 0.724077
1 1 442413 0 0.737 0.733331 0.740701
