1.25 1 1 0 0 0 0
1.25 1 2.71828 0 0.0313329 0.0299655 0.0326872
1.25 1 7.38906 0 0.0578595 0.0560149 0.0596805
1.25 1 20.0855 0 0.084086 0.0819264 0.086362
1.25 1 54.5982 0 0.114193 0.111663 0.116769
1.25 1 148.413 0 0.14905 0.146124 0.151947
1.25 1 403.429 0 0.188031 0.184959 0.191228
1.25 1 1096.63 0 0.235001 0.231548 0.238373
1.25 1 2980.96 0 0.284937 0.28134 0.288584
1.25 1 8103.08 0 0.330743 0.326915 0.334518
1.25 1 22026.5 0 0.385563 0.381602 0.389579
1.25 1 59874.1 0 0.440687 0.436663 0.444777
1.25 1 162755 0 0.493918 0.489859 0.498069
1.25 1 442413 0 0.549905 0.545912 0.554109
1.45 1 1 0 0 0 0
1.45 1 2.71828 0 0.0295397 0.028189 0.0308773
1.45 1 7.38906 0 0.061474 0.0595393 0.0633809
1.45 1 20.0855 0 0.0958772 0.0935436 0.0981871
1.45 1 54.5982 0 0.141321 0.13853 0.144119
1.45 1 148.413 0 0.194311 0.191157 0.19749
1.45 1 403.429 0 0.257551 0.254024 0.261105
1.45 1 1096.63 0 0.329365 0.325649 0.333144
1.45 1 2980.96 0 0.409086 0.405116 0.413122
1.45 1 8103.08 0 0.49468 0.490519 0.498746
1.45 1 22026.5 0 0.577351 0.573259 0.581411
1.45 1 59874.1 0 0.653247 0.649256 0.657238
1.45 1 162755 0 0.71895 0.715113 0.722719
1.45 1 442413 0 0.779929 0.776541 0.783517
1.65 1 1 0 0 0 0
1.65 1 2.71828 0 0.0306608 0.0293166 0.032005
1.65 1 7.38906 0 0.0624068 0.0605059 0.0642714
1.65 1 20.0855 0 0.108234 0.105829 0.110672
1.65 1 54.5982 0 0.163515 0.160611 0.166448
1.65 1 148.413 0 0.235523 0.232162 0.23895
1.65 1 403.429 0 0.326771 0.322983 0.330676
1.65 1 1096.63 0 0.427376 0.42337 0.431249
1.65 1 2980.96 0 0.536173 0.532153 0.540208
1.65 1 8103.08 0 0.63918 0.635303 0.643142
1.65 1 22026.5 0 0.733488 0.729762 0.737122
1.65 1 59874.1 0 0.808571 0.805299 0.811888
1.65 1 162755 0 0.866324 0.863484 0.869183
1.65 1 442413 0 0.90945 0.9071 0.911859
1.85 1 1 0 0 0 0
1.85 1 2.71828 0 0.0306942 0.0293733 0.0320682
1.85 1 7.38906 0 0.0691524 0.0672124 0.0711255
1.85 1 20.0855 0 0.12214 0.119513 0.124732
1.85 1 54.5982 0 0.188116 0.185076 0.19127
1.85 1 148.413 0 0.27813 0.274621 0.281793
1.85 1 403.429 0 0.395722 0.391802 0.39957
1.85 1 1096.63 0 0.520682 0.516627 0.524761
1.85 1 2980.96 0 0.646572 0.642663 0.650508
1.85 1 8103.08 0 0.750428 0.746923 0.753969
1.85 1 22026.5 0 0.829658 0.826455 0.832737
1.85 1 59874.1 0 0.88596 0.88329 0.888589
1.85 1 162755 0 0.927621 0.925488 0.929826
1.85 1 442413 0 0.954959 0.953192 0.956684
1 1 1 0 0 0 0
1 1 2.71828 0 0.0308039 0.0294431 0.0321147
1 1 7.38906 0 0.0527849 0.0509864 0.0545813
1 1 20.0855 0 0.0718794 0.0698424 0.0739542
1 1 54.5982 0 0.0890647 0.0867986 0.0913177
1 1 148.413 0 0.105186 0.102723 0.107641
1 1 403.429 0 0.123338 0.120637 0.125952
1 1 1096.63 0 0.136773 0.134034 0.139591
1 1 2980.96 0 0.151165 0.148333 0.154042
1 1 8103.08 0 0.167307 0.164341 0.170209
1 1 22026.5 0 0.179582 0.17655 0.182698
1 1 59874.1 0 0.192152 0.188969 0.195309
1 1 162755 0 0.204716 0.201524 0.207924
1 1 442413 0 0.216944 0.213675 0.220145
2.05 1 1 0 0 0 0
2.05 1 2.71828 0 0.178962 0.176057 0.181872
2.05 1 7.38906 0 0.17905 0.176144 0.181983
2.05 1 20.0855 0 0.17905 0.176122 0.181991
2.05 1 54.5982 0 0.17905 0.176188 0.182008
2.05 1 148.413 0 0.17905 0.176148 0.181983
2.05 1 403.429 0 0.17905 0.176107 0.181903
2.05 1 1096.63 0 0.17905 0.176071 0.181933
2.05 1 2980.96 0 0.17905 0.176122 0.181919
2.05 1 8103.08 0 0.17905 0.176087 0.181985
2.05 1 22026.5 0 0.17905 0.176052 0.181916
2.05 1 59874.1 0 0.17905 0.176109 0.181969
2.05 1 162755 0 0.17905 0.17616 0.181979
2.05 1 442413 0 0.17905 0.176173 0.181998
