0.25 0.01 0.001 0 0.248493321356163 0.248493321356163 0.248493321356163
0.25 0.1 0.001 0 0.767798351375615 0.767798351375615 0.767798351375615
0.25 1 0.001 0 0.97064523220914 0.97064523220914 0.97064523220914
0.25 0.01 0.01 0 0.248120287686885 0.248120287686885 0.248120287686885
0.25 0.1 0.01 0 0.767441847966106 0.767441847966106 0.767441847966106
0.25 1 0.01 0 0.970588233294925 0.970588233294925 0.970588233294925
0.25 0.01 0.1 0 0.244419305370718 0.244419305370718 0.244419305370718
0.25 0.1 0.1 0 0.763864337276314 0.763864337276314 0.763864337276314
0.25 1 0.1 0 0.970013677633421 0.970013677633421 0.970013677633421
0.25 0.01 0.001 1096.63 1.46859048873963e-06 1.46859048873963e-06 1.46859048873963e-06
0.25 0.1 0.001 1096.63 4.53767268249454e-06 4.53767268249454e-06 4.53767268249454e-06
0.25 1 0.001 1096.63 5.73649363364453e-06 5.73649363364453e-06 5.73649363364453e-06
0.25 0.01 0.01 1096.63 1.37392752520142e-06 1.37392752520142e-06 1.37392752520142e-06
0.25 0.1 0.01 1096.63 4.2495899418055e-06 4.2495899418055e-06 4.2495899418055e-06
0.25 1 0.01 1096.63 5.37448147345106e-06 5.37448147345106e-06 5.37448147345106e-06
0.25 0.01 0.1 1096.63 8.02511832259955e-07 8.02511832259955e-07 8.02511832259955e-07
0.25 0.1 0.1 1096.63 2.50802680244869e-06 2.50802680244869e-06 2.50802680244869e-06
0.25 1 0.1 1096.63 3.18488530426891e-06 3.18488530426891e-06 3.18488530426891e-06
0.25 0.01 0.001 148.41 6.5984535656193e-06 6.5984535656193e-06 6.5984535656193e-06
0.25 0.1 0.001 148.41 2.03879997323936e-05 2.03879997323936e-05 2.03879997323936e-05
0.25 1 0.001 148.41 2.57743647131743e-05 2.57743647131743e-05 2.57743647131743e-05
0.25 0.01 0.01 148.41 6.3346929423153e-06 6.3346929423153e-06 6.3346929423153e-06
0.25 0.1 0.01 148.41 1.95933533016183e-05 1.95933533016183e-05 1.95933533016183e-05
0.25 1 0.01 148.41 2.47798295281141e-05 2.47798295281141e-05 2.47798295281141e-05
0.25 0.01 0.1 148.41 4.45694274756249e-06 4.45694274756249e-06 4.45694274756249e-06
0.25 0.1 0.1 148.41 1.39289309123172e-05 1.39289309123172e-05 1.39289309123172e-05
0.25 1 0.1 148.41 1.76880276253442e-05 1.76880276253442e-05 1.76880276253442e-05
0.25 0.01 0.001 162755 3.38985006208061e-08 3.38985006208061e-08 3.38985006208061e-08
0.25 0.1 0.001 162755 1.04740090191219e-07 1.04740090191219e-07 1.04740090191219e-07
0.25 1 0.001 162755 1.32411679424832e-07 1.32411679424832e-07 1.32411679424832e-07
0.25 0.01 0.01 162755 2.72749964817075e-08 2.72749964817075e-08 2.72749964817075e-08
0.25 0.1 0.01 162755 8.4362201488359e-08 8.4362201488359e-08 8.4362201488359e-08
0.25 1 0.01 162755 1.06693373988479e-07 1.06693373988479e-07 1.06693373988479e-07
0.25 0.01 0.1 162755 7.1314098421986e-09 7.1314098421986e-09 7.1314098421986e-09
0.25 0.1 0.1 162755 2.22872315453746e-08 2.22872315453746e-08 2.22872315453746e-08
0.25 1 0.1 162755 2.83020405333783e-08 2.83020405333783e-08 2.83020405333783e-08
0.25 0.01 0.001 1 0.000279001483591869 0.000279001483591869 0.000279001483591869
0.25 0.1 0.001 1 0.000862062923720002 0.000862062923720002 0.000862062923720002
0.25 1 0.001 1 0.00108981383624219 0.00108981383624219 0.00108981383624219
0.25 0.01 0.01 1 0.000275774295551927 0.000275774295551927 0.000275774295551927
0.25 0.1 0.01 1 0.000852976340519972 0.000852976340519972 0.000852976340519972
0.25 1 0.01 1 0.00107876421071087 0.00107876421071087 0.00107876421071087
0.25 0.01 0.1 1 0.00024700051321942 0.00024700051321942 0.00024700051321942
0.25 0.1 0.1 1 0.000771931182158843 0.000771931182158843 0.000771931182158843
0.25 1 0.1 1 0.000980257577616109 0.000980257577616109 0.000980257577616109
0.25 0.01 0.001 2.7 0.000132914740173727 0.000132914740173727 0.000132914740173727
0.25 0.1 0.001 2.7 0.000410681936327116 0.000410681936327116 0.000410681936327116
0.25 1 0.001 2.7 0.000519181192218165 0.000519181192218165 0.000519181192218165
0.25 0.01 0.01 2.7 0.0001309404821707 0.0001309404821707 0.0001309404821707
0.25 0.1 0.01 2.7 0.000405001971211106 0.000405001971211106 0.000405001971211106
0.25 1 0.01 2.7 0.000512208382642316 0.000512208382642316 0.000512208382642316
0.25 0.01 0.1 2.7 0.000113840230943047 0.000113840230943047 0.000113840230943047
0.25 0.1 0.1 2.7 0.000355775876348233 0.000355775876348233 0.000355775876348233
0.25 1 0.1 2.7 0.000451791567414105 0.000451791567414105 0.000451791567414105
0.25 0.01 0.001 20.09 2.958051102288e-05 2.958051102288e-05 2.958051102288e-05
0.25 0.1 0.001 20.09 9.13983018628608e-05 9.13983018628608e-05 9.13983018628608e-05
0.25 1 0.001 20.09 0.000115545085211829 0.000115545085211829 0.000115545085211829
0.25 0.01 0.01 20.09 2.88558433916163e-05 2.88558433916163e-05 2.88558433916163e-05
0.25 0.1 0.01 20.09 8.925179792242e-05 8.925179792242e-05 8.925179792242e-05
0.25 1 0.01 20.09 0.000112877275448945 0.000112877275448945 0.000112877275448945
0.25 0.01 0.1 20.09 2.30598074394367e-05 2.30598074394367e-05 2.30598074394367e-05
0.25 0.1 0.1 20.09 7.20669936473643e-05 7.20669936473643e-05 7.20669936473643e-05
0.25 1 0.1 20.09 9.15162105788649e-05 9.15162105788649e-05 9.15162105788649e-05
0.25 0.01 0.001 22026 1.53509018016001e-07 1.53509018016001e-07 1.53509018016001e-07
0.25 0.1 0.001 22026 4.74314441574234e-07 4.74314441574234e-07 4.74314441574234e-07
0.25 1 0.001 22026 5.99624954204601e-07 5.99624954204601e-07 5.99624954204601e-07
0.25 0.01 0.01 22026 1.33890952824391e-07 1.33890952824391e-07 1.33890952824391e-07
0.25 0.1 0.01 22026 4.14127845890468e-07 4.14127845890468e-07 4.14127845890468e-07
0.25 1 0.01 22026 5.23749930195121e-07 5.23749930195121e-07 5.23749930195121e-07
0.25 0.01 0.1 22026 5.1365405917657e-08 5.1365405917657e-08 5.1365405917657e-08
0.25 0.1 0.1 22026 1.60528243424591e-07 1.60528243424591e-07 1.60528243424591e-07
0.25 1 0.1 22026 2.03851108331025e-07 2.03851108331025e-07 2.03851108331025e-07
0.25 0.01 0.001 2980.96 6.92282004687472e-07 6.92282004687472e-07 6.92282004687472e-07
0.25 0.1 0.001 2980.96 2.1390232099003e-06 2.1390232099003e-06 2.1390232099003e-06
0.25 1 0.001 2980.96 2.70413797653324e-06 2.70413797653324e-06 2.70413797653324e-06
0.25 0.01 0.01 2980.96 6.35940154973785e-07 6.35940154973785e-07 6.35940154973785e-07
0.25 0.1 0.01 2980.96 1.96697776017745e-06 1.96697776017745e-06 1.96697776017745e-06
0.25 1 0.01 2980.96 2.48764837914514e-06 2.48764837914514e-06 2.48764837914514e-06
0.25 0.01 0.1 2980.96 3.29491496457033e-07 3.29491496457033e-07 3.29491496457033e-07
0.25 0.1 0.1 2980.96 1.02973373235634e-06 1.02973373235634e-06 1.02973373235634e-06
0.25 1 0.1 2980.96 1.30763508120793e-06 1.30763508120793e-06 1.30763508120793e-06
0.25 0.01 0.001 403.43 3.1136850339458e-06 3.1136850339458e-06 3.1136850339458e-06
0.25 0.1 0.001 403.43 9.62071021755941e-06 9.62071021755941e-06 9.62071021755941e-06
0.25 1 0.001 403.43 1.21624336473359e-05 1.21624336473359e-05 1.21624336473359e-05
0.25 0.01 0.01 403.43 2.95536258314242e-06 2.95536258314242e-06 2.95536258314242e-06
0.25 0.1 0.01 403.43 9.14100553147388e-06 9.14100553147388e-06 9.14100553147388e-06
0.25 1 0.01 403.43 1.15606836307475e-05 1.15606836307475e-05 1.15606836307475e-05
0.25 0.01 0.1 403.43 1.91042054369811e-06 1.91042054369811e-06 1.91042054369811e-06
0.25 0.1 0.1 403.43 5.97048633420199e-06 5.97048633420199e-06 5.97048633420199e-06
0.25 1 0.1 403.43 7.58178268532571e-06 7.58178268532571e-06 7.58178268532571e-06
0.25 0.01 0.001 54.6 1.39755263929639e-05 1.39755263929639e-05 1.39755263929639e-05
0.25 0.1 0.001 54.6 4.31817888125224e-05 4.31817888125224e-05 4.31817888125224e-05
0.25 1 0.001 54.6 5.45901112629922e-05 5.45901112629922e-05 5.45901112629922e-05
0.25 0.01 0.01 54.6 1.35376346338566e-05 1.35376346338566e-05 1.35376346338566e-05
0.25 0.1 0.01 54.6 4.18722202740941e-05 4.18722202740941e-05 4.18722202740941e-05
0.25 1 0.01 54.6 5.29560440412207e-05 5.29560440412207e-05 5.29560440412207e-05
0.25 0.01 0.1 54.6 1.02156715383345e-05 1.02156715383345e-05 1.02156715383345e-05
0.25 0.1 0.1 54.6 3.19262308581836e-05 3.19262308581836e-05 3.19262308581836e-05
0.25 1 0.1 54.6 4.05423831123535e-05 4.05423831123535e-05 4.05423831123535e-05
0.25 0.01 0.001 59874 7.21826764064647e-08 7.21826764064647e-08 7.21826764064647e-08
0.25 0.1 0.001 59874 2.23031104579779e-07 2.23031104579779e-07 2.23031104579779e-07
0.25 1 0.001 59874 2.81954341145484e-07 2.81954341145484e-07 2.81954341145484e-07
0.25 0.01 0.01 59874 6.07316974210009e-08 6.07316974210009e-08 6.07316974210009e-08
0.25 0.1 0.01 59874 1.87844559319987e-07 1.87844559319987e-07 1.87844559319987e-07
0.25 1 0.01 59874 2.37568122519821e-07 2.37568122519821e-07 2.37568122519821e-07
0.25 0.01 0.1 59874 1.94286993284981e-08 1.94286993284981e-08 1.94286993284981e-08
0.25 0.1 0.1 59874 6.07189784546452e-08 6.07189784546452e-08 6.07189784546452e-08
0.25 1 0.1 59874 7.71056282100384e-08 7.71056282100384e-08 7.71056282100384e-08
0.25 0.01 0.001 7.39 6.25773502677777e-05 6.25773502677777e-05 6.25773502677777e-05
0.25 0.1 0.001 7.39 0.00019335242535629 0.00019335242535629 0.00019335242535629
0.25 1 0.001 7.39 0.000244434765289491 0.000244434765289491 0.000244434765289491
0.25 0.01 0.01 7.39 6.13814772939176e-05 6.13814772939176e-05 6.13814772939176e-05
0.25 0.1 0.01 7.39 0.000189854343651173 0.000189854343651173 0.000189854343651173
0.25 1 0.01 7.39 0.000240109908621894 0.000240109908621894 0.000240109908621894
0.25 0.01 0.1 7.39 5.13897328078335e-05 5.13897328078335e-05 5.13897328078335e-05
0.25 0.1 0.1 7.39 0.000160604270331772 0.000160604270331772 0.000160604270331772
0.25 1 0.1 7.39 0.000203947653144331 0.000203947653144331 0.000203947653144331
0.25 0.01 0.001 8103.08 3.26122793334327e-07 3.26122793334327e-07 3.26122793334327e-07
0.25 0.1 0.001 8103.08 1.00765904573031e-06 1.00765904573031e-06 1.00765904573031e-06
0.25 1 0.001 8103.08 1.27387542142826e-06 1.27387542142826e-06 1.27387542142826e-06
0.25 0.01 0.01 8103.08 2.92769632319503e-07 2.92769632319503e-07 2.92769632319503e-07
0.25 0.1 0.01 8103.08 9.05543314294298e-07 9.05543314294298e-07 9.05543314294298e-07
0.25 1 0.01 8103.08 1.14524597260658e-06 1.14524597260658e-06 1.14524597260658e-06
0.25 0.01 0.1 8103.08 1.3189488233858e-07 1.3189488233858e-07 1.3189488233858e-07
0.25 0.1 0.1 8103.08 4.12200651396529e-07 4.12200651396529e-07 4.12200651396529e-07
0.25 1 0.1 8103.08 5.2344408590894e-07 5.2344408590894e-07 5.2344408590894e-07
0.5 0.01 0.001 0 0.000418218375843659 0.000418218375843659 0.000418218375843659
0.5 0.1 0.001 0 0.00416650119218268 0.00416650119218268 0.00416650119218268
0.5 1 0.001 0 0.0401591052815343 0.0401591052815343 0.0401591052815343
0.5 0.01 0.01 0 0.000415032072985507 0.000415032072985507 0.000415032072985507
0.5 0.1 0.01 0 0.00413487577527412 0.00413487577527412 0.00413487577527412
0.5 1 0.01 0 0.0398652182266487 0.0398652182266487 0.0398652182266487
0.5 0.01 0.1 0 0.000393681809834914 0.000393681809834914 0.000393681809834914
0.5 0.1 0.1 0 0.00392291866287781 0.00392291866287781 0.00392291866287781
0.5 1 0.1 0 0.0378913832965128 0.0378913832965128 0.0378913832965128
0.5 0.01 0.001 1096.63 7.35003168967635e-06 7.35003168967635e-06 7.35003168967635e-06
0.5 0.1 0.001 1096.63 7.32247016545849e-05 7.32247016545849e-05 7.32247016545849e-05
0.5 1 0.001 1096.63 0.000705781270019251 0.000705781270019251 0.000705781270019251
0.5 0.01 0.01 1096.63 6.12099777862583e-06 6.12099777862583e-06 6.12099777862583e-06
0.5 0.1 0.01 1096.63 6.09821916973402e-05 6.09821916973402e-05 6.09821916973402e-05
0.5 1 0.01 1096.63 0.000587942301553817 0.000587942301553817 0.000587942301553817
0.5 0.01 0.1 1096.63 2.49444905296766e-06 2.49444905296766e-06 2.49444905296766e-06
0.5 0.1 0.1 1096.63 2.48564208429853e-05 2.48564208429853e-05 2.48564208429853e-05
0.5 1 0.1 1096.63 0.000240087610903984 0.000240087610903984 0.000240087610903984
0.5 0.01 0.001 148.41 2.03721569512462e-05 2.03721569512462e-05 2.03721569512462e-05
0.5 0.1 0.001 148.41 0.00020295764396644 0.00020295764396644 0.00020295764396644
0.5 1 0.001 148.41 0.00195622106313873 0.00195622106313873 0.00195622106313873
0.5 0.01 0.01 148.41 1.87011309294179e-05 1.87011309294179e-05 1.87011309294179e-05
0.5 0.1 0.01 148.41 0.000186315367614926 0.000186315367614926 0.000186315367614926
0.5 1 0.01 148.41 0.00179630615104874 0.00179630615104874 0.00179630615104874
0.5 0.01 0.1 148.41 1.1736619681619e-05 1.1736619681619e-05 1.1736619681619e-05
0.5 0.1 0.1 148.41 0.000116951820576697 0.000116951820576697 0.000116951820576697
0.5 1 0.1 148.41 0.0011296350094207 0.0011296350094207 0.0011296350094207
0.5 0.01 0.001 162755 4.84270760719024e-07 4.84270760719024e-07 4.84270760719024e-07
0.5 0.1 0.001 162755 4.82454817487336e-06 4.82454817487336e-06 4.82454817487336e-06
0.5 1 0.001 162755 4.65017359059184e-05 4.65017359059184e-05 4.65017359059184e-05
0.5 0.01 0.01 162755 1.76164522347773e-07 1.76164522347773e-07 1.76164522347773e-07
0.5 0.1 0.01 162755 1.75508945773446e-06 1.75508945773446e-06 1.75508945773446e-06
0.5 1 0.01 162755 1.69211913591857e-05 1.69211913591857e-05 1.69211913591857e-05
0.5 0.01 0.1 162755 8.89985700616242e-09 8.89985700616242e-09 8.89985700616242e-09
0.5 0.1 0.1 162755 8.86843493253064e-08 8.86843493253064e-08 8.86843493253064e-08
0.5 1 0.1 162755 8.56600139198881e-07 8.56600139198881e-07 8.56600139198881e-07
0.5 0.01 0.001 1 0.000227317469626554 0.000227317469626554 0.000227317469626554
0.5 0.1 0.001 1 0.00226465062969171 0.00226465062969171 0.00226465062969171
0.5 1 0.001 1 0.021827989209344 0.021827989209344 0.021827989209344
0.5 0.01 0.01 1 0.000224516200582412 0.000224516200582412 0.000224516200582412
0.5 0.1 0.01 1 0.00223680688643362 0.00223680688643362 0.00223680688643362
0.5 1 0.01 1 0.0215655317124092 0.0215655317124092 0.0215655317124092
0.5 0.01 0.1 1 0.000206970041213787 0.000206970041213787 0.000206970041213787
0.5 0.1 0.1 1 0.00206239307240186 0.00206239307240186 0.00206239307240186
0.5 1 0.1 1 0.0199206083862885 0.0199206083862885 0.0199206083862885
0.5 0.01 0.001 2.7 0.000147293243442603 0.000147293243442603 0.000147293243442603
0.5 0.1 0.001 2.7 0.00146740915715639 0.00146740915715639 0.00146740915715639
0.5 1 0.001 2.7 0.014143723022064 0.014143723022064 0.014143723022064
0.5 0.01 0.01 2.7 0.000144713871449785 0.000144713871449785 0.000144713871449785
0.5 0.1 0.01 2.7 0.00144175334956522 0.00144175334956522 0.00144175334956522
0.5 1 0.01 2.7 0.0139002511884674 0.0139002511884674 0.0139002511884674
0.5 0.01 0.1 2.7 0.000129342163807356 0.000129342163807356 0.000129342163807356
0.5 0.1 0.1 2.7 0.00128885504897888 0.00128885504897888 0.00128885504897888
0.5 1 0.1 2.7 0.0124490219837183 0.0124490219837183 0.0124490219837183
0.5 0.01 0.001 20.09 5.56112117909404e-05 5.56112117909404e-05 5.56112117909404e-05
0.5 0.1 0.001 20.09 0.000554026780287373 0.000554026780287373 0.000554026780287373
0.5 1 0.001 20.09 0.00534002482468858 0.00534002482468858 0.00534002482468858
0.5 0.01 0.01 20.09 5.34882642569769e-05 5.34882642569769e-05 5.34882642569769e-05
0.5 0.1 0.01 20.09 0.00053289213661653 0.00053289213661653 0.00053289213661653
0.5 1 0.01 20.09 0.00513772661430795 0.00513772661430795 0.00513772661430795
0.5 0.01 0.1 20.09 4.24879813180101e-05 4.24879813180101e-05 4.24879813180101e-05
0.5 0.1 0.1 20.09 0.000423379721126358 0.000423379721126358 0.000423379721126358
0.5 1 0.1 20.09 0.00408941522162505 0.00408941522162505 0.00408941522162505
0.5 0.01 0.001 22026 1.50954740013513e-06 1.50954740013513e-06 1.50954740013513e-06
0.5 0.1 0.001 22026 1.50388682219704e-05 1.50388682219704e-05 1.50388682219704e-05
0.5 1 0.001 22026 0.000144953154789533 0.000144953154789533 0.000144953154789533
0.5 0.01 0.01 22026 8.86935555777001e-07 8.86935555777001e-07 8.86935555777001e-07
0.5 0.1 0.01 22026 8.83634924267571e-06 8.83634924267571e-06 8.83634924267571e-06
0.5 1 0.01 22026 8.51931255087817e-05 8.51931255087817e-05 8.51931255087817e-05
0.5 0.01 0.1 22026 1.15495947956115e-07 1.15495947956115e-07 1.15495947956115e-07
0.5 0.1 0.1 22026 1.15088174867363e-06 1.15088174867363e-06 1.15088174867363e-06
0.5 1 0.1 22026 1.11163409735248e-05 1.11163409735248e-05 1.11163409735248e-05
0.5 0.01 0.001 2980.96 4.37919536396416e-06 4.37919536396416e-06 4.37919536396416e-06
0.5 0.1 0.001 2980.96 4.36277403352987e-05 4.36277403352987e-05 4.36277403352987e-05
0.5 1 0.001 2980.96 0.000420508944197101 0.000420508944197101 0.000420508944197101
0.5 0.01 0.01 2980.96 3.36318710301298e-06 3.36318710301298e-06 3.36318710301298e-06
0.5 0.1 0.01 2980.96 3.35067137822101e-05 3.35067137822101e-05 3.35067137822101e-05
0.5 1 0.01 2980.96 0.00032304536570923 0.00032304536570923 0.00032304536570923
0.5 0.01 0.1 2980.96 1.00084688540753e-06 1.00084688540753e-06 1.00084688540753e-06
0.5 0.1 0.1 2980.96 9.97313268574623e-06 9.97313268574623e-06 9.97313268574623e-06
0.5 1 0.1 2980.96 9.6330264718099e-05 9.6330264718099e-05 9.6330264718099e-05
0.5 0.01 0.001 403.43 1.22628043795767e-05 1.22628043795767e-05 1.22628043795767e-05
0.5 0.1 0.001 403.43 0.000122168206894164 0.000122168206894164 0.000122168206894164
0.5 1 0.001 403.43 0.00117752657599717 0.00117752657599717 0.00117752657599717
0.5 0.01 0.01 403.43 1.08146891372921e-05 1.08146891372921e-05 1.08146891372921e-05
0.5 0.1 0.01 403.43 0.000107744434807743 0.000107744434807743 0.000107744434807743
0.5 1 0.01 403.43 0.00103878704942057 0.00103878704942057 0.00103878704942057
0.5 0.01 0.1 403.43 5.63589686623108e-06 5.63589686623108e-06 5.63589686623108e-06
0.5 0.1 0.1 403.43 5.61599861773235e-05 5.61599861773235e-05 5.61599861773235e-05
0.5 1 0.1 403.43 0.000542448045713688 0.000542448045713688 0.000542448045713688
0.5 0.01 0.001 54.6 3.37255597980571e-05 3.37255597980571e-05 3.37255597980571e-05
0.5 0.1 0.001 54.6 0.00033599093971462 0.00033599093971462 0.00033599093971462
0.5 1 0.001 54.6 0.00323847153745143 0.00323847153745143 0.00323847153745143
0.5 0.01 0.01 54.6 3.18292736569684e-05 3.18292736569684e-05 3.18292736569684e-05
0.5 0.1 0.01 54.6 0.000317108245736385 0.000317108245736385 0.000317108245736385
0.5 1 0.01 54.6 0.0030573081526041 0.0030573081526041 0.0030573081526041
0.5 0.01 0.1 54.6 2.29064516730406e-05 2.29064516730406e-05 2.29064516730406e-05
0.5 0.1 0.1 54.6 0.00022825577540949 0.00022825577540949 0.00022825577540949
0.5 1 0.1 54.6 0.00220471741041375 0.00220471741041375 0.00220471741041375
0.5 0.01 0.001 59874 8.65590813850975e-07 8.65590813850975e-07 8.65590813850975e-07
0.5 0.1 0.001 59874 8.62344977208907e-06 8.62344977208907e-06 8.62344977208907e-06
0.5 1 0.001 59874 8.31177074753046e-05 8.31177074753046e-05 8.31177074753046e-05
0.5 0.01 0.01 59874 4.13072791723807e-07 4.13072791723807e-07 4.13072791723807e-07
0.5 0.1 0.01 59874 4.11535587511875e-06 4.11535587511875e-06 4.11535587511875e-06
0.5 1 0.01 59874 3.96770227108102e-05 3.96770227108102e-05 3.96770227108102e-05
0.5 0.01 0.1 59874 3.34431251438571e-08 3.34431251438571e-08 3.34431251438571e-08
0.5 0.1 0.1 59874 3.33250499500625e-07 3.33250499500625e-07 3.33250499500625e-07
0.5 1 0.1 59874 3.21885909331326e-06 3.21885909331326e-06 3.21885909331326e-06
0.5 0.01 0.001 7.39 9.10873718520975e-05 9.10873718520975e-05 9.10873718520975e-05
0.5 0.1 0.001 7.39 0.000907458077730244 0.000907458077730244 0.000907458077730244
0.5 1 0.001 7.39 0.00874659643696311 0.00874659643696311 0.00874659643696311
0.5 0.01 0.01 7.39 8.87369234734353e-05 8.87369234734353e-05 8.87369234734353e-05
0.5 0.1 0.01 7.39 0.00088406698933717 0.00088406698933717 0.00088406698933717
0.5 1 0.01 7.39 0.00852347818225957 0.00852347818225957 0.00852347818225957
0.5 0.01 0.1 7.39 7.55805460062454e-05 7.55805460062454e-05 7.55805460062454e-05
0.5 0.1 0.1 7.39 0.000753136993052148 0.000753136993052148 0.000753136993052148
0.5 1 0.1 7.39 0.00727453330821478 0.00727453330821478 0.00727453330821478
0.5 0.01 0.001 8103.08 2.58692357871145e-06 2.58692357871145e-06 2.58692357871145e-06
0.5 0.1 0.001 8103.08 2.57722300055414e-05 2.57722300055414e-05 2.57722300055414e-05
0.5 1 0.001 8103.08 0.000248407392772222 0.000248407392772222 0.000248407392772222
0.5 0.01 0.01 8103.08 1.77458088447076e-06 1.77458088447076e-06 1.77458088447076e-06
0.5 0.1 0.01 8103.08 1.76797698011134e-05 1.76797698011134e-05 1.76797698011134e-05
0.5 1 0.01 8103.08 0.000170454427079269 0.000170454427079269 0.000170454427079269
0.5 0.01 0.1 8103.08 3.59694407974084e-07 3.59694407974084e-07 3.59694407974084e-07
0.5 0.1 0.1 8103.08 3.58424461258707e-06 3.58424461258707e-06 3.58424461258707e-06
0.5 1 0.1 8103.08 3.46201382478747e-05 3.46201382478747e-05 3.46201382478747e-05
0.75 0.01 0.001 0 0.000109776393847304 0.000109776393847304 0.000109776393847304
0.75 0.1 0.001 0 0.00109668043186592 0.00109668043186592 0.00109668043186592
0.75 1 0.001 0 0.0108596185383227 0.0108596185383227 0.0108596185383227
0.75 0.01 0.01 0 0.000100945561265476 0.000100945561265476 0.000100945561265476
0.75 0.1 0.01 0 0.00100853934452304 0.00100853934452304 0.00100853934452304
0.75 1 0.01 0 0.00999467325431672 0.00999467325431672 0.00999467325431672
0.75 0.01 0.1 0 8.22221359491086e-05 8.22221359491086e-05 8.22221359491086e-05
0.75 0.1 0.1 0 0.000821613366238018 0.000821613366238018 0.000821613366238018
0.75 1 0.1 0 0.00815582524705901 0.00815582524705901 0.00815582524705901
0.75 0.01 0.001 1096.63 2.17733250140185e-05 2.17733250140185e-05 2.17733250140185e-05
0.75 0.1 0.001 1096.63 0.000217518344724869 0.000217518344724869 0.000217518344724869
0.75 1 0.001 1096.63 0.0021539239510095 0.0021539239510095 0.0021539239510095
0.75 0.01 0.01 1096.63 1.40441485978502e-05 1.40441485978502e-05 1.40441485978502e-05
0.75 0.1 0.01 1096.63 0.000140314009290711 0.000140314009290711 0.000140314009290711
0.75 1 0.01 1096.63 0.00139051855882434 0.00139051855882434 0.00139051855882434
0.75 0.01 0.1 1096.63 3.90458900741179e-06 3.90458900741179e-06 3.90458900741179e-06
0.75 0.1 0.1 1096.63 3.90170175114545e-05 3.90170175114545e-05 3.90170175114545e-05
0.75 1 0.1 1096.63 0.000387306231326181 0.000387306231326181 0.000387306231326181
0.75 0.01 0.001 148.41 4.07832770355766e-05 4.07832770355766e-05 4.07832770355766e-05
0.75 0.1 0.001 148.41 0.000407430234358916 0.000407430234358916 0.000407430234358916
0.75 1 0.001 148.41 0.0040344815112541 0.0040344815112541 0.0040344815112541
0.75 0.01 0.01 148.41 3.23333841938144e-05 3.23333841938144e-05 3.23333841938144e-05
0.75 0.1 0.01 148.41 0.000323040356527234 0.000323040356527234 0.000323040356527234
0.75 1 0.01 148.41 0.00320134541996931 0.00320134541996931 0.00320134541996931
0.75 0.01 0.1 148.41 1.71352162194477e-05 1.71352162194477e-05 1.71352162194477e-05
0.75 0.1 0.1 148.41 0.000171225455490363 0.000171225455490363 0.000171225455490363
0.75 1 0.1 148.41 0.00169968619086819 0.00169968619086819 0.00169968619086819
0.75 0.01 0.001 162755 2.05709108525061e-06 2.05709108525061e-06 2.05709108525061e-06
0.75 0.1 0.001 162755 2.05506071086483e-05 2.05506071086483e-05 2.05506071086483e-05
0.75 1 0.001 162755 0.000203497525301105 0.000203497525301105 0.000203497525301105
0.75 0.01 0.01 162755 1.94502756430749e-07 1.94502756430749e-07 1.94502756430749e-07
0.75 0.1 0.01 162755 1.94326209116518e-06 1.94326209116518e-06 1.94326209116518e-06
0.75 1 0.01 162755 1.92578204848135e-05 1.92578204848135e-05 1.92578204848135e-05
0.75 0.01 0.1 162755 3.07821175832317e-09 3.07821175832317e-09 3.07821175832317e-09
0.75 0.1 0.1 162755 3.0759355683909e-08 3.0759355683909e-08 3.0759355683909e-08
0.75 1 0.1 162755 3.05335745472059e-07 3.05335745472059e-07 3.05335745472059e-07
0.75 0.01 0.001 1 0.000108926143293916 0.000108926143293916 0.000108926143293916
0.75 0.1 0.001 1 0.00108818631841034 0.00108818631841034 0.00108818631841034
0.75 1 0.001 1 0.0107755075892543 0.0107755075892543 0.0107755075892543
0.75 0.01 0.01 1 0.000100097006354203 0.000100097006354203 0.000100097006354203
0.75 0.1 0.01 1 0.00100006149761944 0.00100006149761944 0.00100006149761944
0.75 1 0.01 1 0.00991065738506801 0.00991065738506801 0.00991065738506801
0.75 0.01 0.1 1 8.13903700593706e-05 8.13903700593706e-05 8.13903700593706e-05
0.75 0.1 0.1 1 0.000813301857850392 0.000813301857850392 0.000813301857850392
0.75 1 0.1 1 0.00807332024807229 0.00807332024807229 0.00807332024807229
0.75 0.01 0.001 2.7 0.00010464121047831 0.00010464121047831 0.00010464121047831
0.75 0.1 0.001 2.7 0.00104537928307202 0.00104537928307202 0.00104537928307202
0.75 1 0.001 2.7 0.010351621048542 0.010351621048542 0.010351621048542
0.75 0.01 0.01 2.7 9.58208071478959e-05 9.58208071478959e-05 9.58208071478959e-05
0.75 0.1 0.01 2.7 0.000957338319992666 0.000957338319992666 0.000957338319992666
0.75 1 0.01 2.7 0.00948726864660719 0.00948726864660719 0.00948726864660719
0.75 0.01 0.1 2.7 7.7200576935542e-05 7.7200576935542e-05 7.7200576935542e-05
0.75 0.1 0.1 2.7 0.000771434908122396 0.000771434908122396 0.000771434908122396
0.75 1 0.1 2.7 0.00765772388652282 0.00765772388652282 0.00765772388652282
0.75 0.01 0.001 20.09 7.15377965881253e-05 7.15377965881253e-05 7.15377965881253e-05
0.75 0.1 0.001 20.09 0.00071467187896634 0.00071467187896634 0.00071467187896634
0.75 1 0.001 20.09 0.00707686921379264 0.00707686921379264 0.00707686921379264
0.75 0.01 0.01 20.09 6.28119888135829e-05 6.28119888135829e-05 6.28119888135829e-05
0.75 0.1 0.01 20.09 0.000627549752877593 0.000627549752877593 0.000627549752877593
0.75 1 0.01 20.09 0.00621904813619838 0.00621904813619838 0.00621904813619838
0.75 0.01 0.1 20.09 4.51150921090698e-05 4.51150921090698e-05 4.51150921090698e-05
0.75 0.1 0.1 20.09 0.000450817316626435 0.000450817316626435 0.000450817316626435
0.75 1 0.1 20.09 0.00447508208098957 0.00447508208098957 0.00447508208098957
0.75 0.01 0.001 22026 6.67368969814089e-06 6.67368969814089e-06 6.67368969814089e-06
0.75 0.1 0.001 22026 6.66710268373062e-05 6.66710268373062e-05 6.66710268373062e-05
0.75 1 0.001 22026 0.000660194071101959 0.000660194071101959 0.000660194071101959
0.75 0.01 0.01 22026 1.93343091404542e-06 1.93343091404542e-06 1.93343091404542e-06
0.75 0.1 0.01 22026 1.93167596701336e-05 1.93167596701336e-05 1.93167596701336e-05
0.75 1 0.01 22026 0.00019143001439022 0.00019143001439022 0.00019143001439022
0.75 0.01 0.1 22026 8.53791741744104e-08 8.53791741744104e-08 8.53791741744104e-08
0.75 0.1 0.1 22026 8.53160403707804e-07 8.53160403707804e-07 8.53160403707804e-07
0.75 1 0.1 22026 8.46897999263488e-06 8.46897999263488e-06 8.46897999263488e-06
0.75 0.01 0.001 2980.96 1.53414434299264e-05 1.53414434299264e-05 1.53414434299264e-05
0.75 0.1 0.001 2980.96 0.000153263012352008 0.000153263012352008 0.000153263012352008
0.75 1 0.001 2980.96 0.00151765072286849 0.00151765072286849 0.00151765072286849
0.75 0.01 0.01 2980.96 8.29558953009876e-06 8.29558953009876e-06 8.29558953009876e-06
0.75 0.1 0.01 2980.96 8.28805974451435e-05 8.28805974451435e-05 8.28805974451435e-05
0.75 1 0.01 2980.96 0.000821350694036155 0.000821350694036155 0.000821350694036155
0.75 0.01 0.1 2980.96 1.37420989685315e-06 1.37420989685315e-06 1.37420989685315e-06
0.75 0.1 0.1 2980.96 1.37319373455581e-05 1.37319373455581e-05 1.37319373455581e-05
0.75 1 0.1 2980.96 0.000136311415923935 0.000136311415923935 0.000136311415923935
0.75 0.01 0.001 403.43 3.00870319423488e-05 3.00870319423488e-05 3.00870319423488e-05
0.75 0.1 0.001 403.43 0.000300573356690831 0.000300573356690831 0.000300573356690831
0.75 1 0.001 403.43 0.0029763565589403 0.0029763565589403 0.0029763565589403
0.75 0.01 0.01 403.43 2.19149782068741e-05 2.19149782068741e-05 2.19149782068741e-05
0.75 0.1 0.01 403.43 0.000218950863008937 0.000218950863008937 0.000218950863008937
0.75 1 0.01 403.43 0.00216981354907864 0.00216981354907864 0.00216981354907864
0.75 0.01 0.1 403.43 8.90895371493806e-06 8.90895371493806e-06 8.90895371493806e-06
0.75 0.1 0.1 403.43 8.90236597103181e-05 8.90236597103181e-05 8.90236597103181e-05
0.75 1 0.1 403.43 0.000883702044400122 0.000883702044400122 0.000883702044400122
0.75 0.01 0.001 54.6 5.44548071191446e-05 5.44548071191446e-05 5.44548071191446e-05
0.75 0.1 0.001 54.6 0.000544010595498949 0.000544010595498949 0.000544010595498949
0.75 1 0.001 54.6 0.00538693622705817 0.00538693622705817 0.00538693622705817
0.75 0.01 0.01 54.6 4.58336169002799e-05 4.58336169002799e-05 4.58336169002799e-05
0.75 0.1 0.01 54.6 0.000457920143949288 0.000457920143949288 0.000457920143949288
0.75 1 0.01 54.6 0.00453801057955479 0.00453801057955479 0.00453801057955479
0.75 0.01 0.1 54.6 2.91208142793515e-05 2.91208142793515e-05 2.91208142793515e-05
0.75 0.1 0.1 54.6 0.000290992808341286 0.000290992808341286 0.000290992808341286
0.75 1 0.1 54.6 0.00288856850497602 0.00288856850497602 0.00288856850497602
0.75 0.01 0.001 59874 3.94135901772209e-06 3.94135901772209e-06 3.94135901772209e-06
0.75 0.1 0.001 59874 3.93746884754337e-05 3.93746884754337e-05 3.93746884754337e-05
0.75 1 0.001 59874 0.00038989853788216 0.00038989853788216 0.00038989853788216
0.75 0.01 0.01 59874 6.91781992411829e-07 6.91781992411829e-07 6.91781992411829e-07
0.75 0.1 0.01 59874 6.91154071990367e-06 6.91154071990367e-06 6.91154071990367e-06
0.75 1 0.01 59874 6.84936998784226e-05 6.84936998784226e-05 6.84936998784226e-05
0.75 0.01 0.1 59874 1.67702321969191e-08 1.67702321969191e-08 1.67702321969191e-08
0.75 0.1 0.1 59874 1.6757831414684e-07 1.6757831414684e-07 1.6757831414684e-07
0.75 1 0.1 59874 1.66348248645999e-06 1.66348248645999e-06 1.66348248645999e-06
0.75 0.01 0.001 7.39 9.07153081848019e-05 9.07153081848019e-05 9.07153081848019e-05
0.75 0.1 0.001 7.39 0.000906257710517806 0.000906257710517806 0.000906257710517806
0.75 1 0.001 7.39 0.00897400258787533 0.00897400258787533 0.00897400258787533
0.75 0.01 0.01 7.39 8.19266477240668e-05 8.19266477240668e-05 8.19266477240668e-05
0.75 0.1 0.01 7.39 0.000818522841012316 0.000818522841012316 0.000818522841012316
0.75 1 0.01 7.39 0.00811160059499915 0.00811160059499915 0.00811160059499915
0.75 0.01 0.1 7.39 6.36191888064752e-05 6.36191888064752e-05 6.36191888064752e-05
0.75 0.1 0.1 7.39 0.000635721454681899 0.000635721454681899 0.000635721454681899
0.75 1 0.1 7.39 0.00631055104900726 0.00631055104900726 0.00631055104900726
0.75 0.01 0.001 8103.08 1.04043638541486e-05 1.04043638541486e-05 1.04043638541486e-05
0.75 0.1 0.001 8103.08 0.000103940946181282 0.000103940946181282 0.000103940946181282
0.75 1 0.001 8103.08 0.00102925063057845 0.00102925063057845 0.00102925063057845
0.75 0.01 0.01 8103.08 4.35273191118013e-06 4.35273191118013e-06 4.35273191118013e-06
0.75 0.1 0.01 8103.08 4.3487809999304e-05 4.3487809999304e-05 4.3487809999304e-05
0.75 1 0.01 8103.08 0.00043096628192964 0.00043096628192964 0.00043096628192964
0.75 0.01 0.1 8103.08 3.80060846190583e-07 3.80060846190583e-07 3.80060846190583e-07
0.75 0.1 0.1 8103.08 3.79779809426491e-06 3.79779809426491e-06 3.79779809426491e-06
0.75 1 0.1 8103.08 3.76992133444251e-05 3.76992133444251e-05 3.76992133444251e-05
1 0.01 0.001 0 0.000107811385997614 0.000107811385997614 0.000107811385997614
1 0.1 0.001 0 0.00107706877747671 0.00107706877747671 0.00107706877747671
1 1 0.001 0 0.0106672831957314 0.0106672831957314 0.0106672831957314
1 0.01 0.01 0 7.91333155543471e-05 7.91333155543471e-05 7.91333155543471e-05
1 0.1 0.01 0 0.000790769969297869 0.000790769969297869 0.000790769969297869
1 1 0.01 0 0.00785181885002002 0.00785181885002002 0.00785181885002002
1 0.01 0.1 0 4.99340421197634e-05 4.99340421197634e-05 4.99340421197634e-05
1 0.1 0.1 0 0.000499116115231548 0.000499116115231548 0.000499116115231548
1 1 0.1 0 0.004968840895232 0.004968840895232 0.004968840895232
1 0.01 0.001 1096.63 5.24961491222074e-05 5.24961491222074e-05 5.24961491222074e-05
1 0.1 0.001 1096.63 0.000524452613553658 0.000524452613553658 0.000524452613553658
1 1 0.001 1096.63 0.00519417577457292 0.00519417577457292 0.00519417577457292
1 0.01 0.01 1096.63 2.52202613690916e-05 2.52202613690916e-05 2.52202613690916e-05
1 0.1 0.01 1096.63 0.000252023122863139 0.000252023122863139 0.000252023122863139
1 1 0.01 1096.63 0.00250242166947075 0.00250242166947075 0.00250242166947075
1 0.01 0.1 1096.63 5.03259950959147e-06 5.03259950959147e-06 5.03259950959147e-06
1 0.1 0.1 1096.63 5.0303388432264e-05 5.0303388432264e-05 5.0303388432264e-05
1 1 0.1 1096.63 0.000500784338520141 0.000500784338520141 0.000500784338520141
1 0.01 0.001 148.41 7.77797887846998e-05 7.77797887846998e-05 7.77797887846998e-05
1 0.1 0.001 148.41 0.000777043920208829 0.000777043920208829 0.000777043920208829
1 1 0.001 148.41 0.00769583867411679 0.00769583867411679 0.00769583867411679
1 0.01 0.01 148.41 4.92983510685331e-05 4.92983510685331e-05 4.92983510685331e-05
1 0.1 0.01 148.41 0.000492632657785282 0.000492632657785282 0.000492632657785282
1 1 0.01 148.41 0.00489151401635602 0.00489151401635602 0.00489151401635602
1 0.01 0.1 148.41 2.18464231956199e-05 2.18464231956199e-05 2.18464231956199e-05
1 0.1 0.1 148.41 0.000218366096839305 0.000218366096839305 0.000218366096839305
1 1 0.1 148.41 0.00217389573086408 0.00217389573086408 0.00217389573086408
1 0.01 0.001 162755 2.72445865863128e-06 2.72445865863128e-06 2.72445865863128e-06
1 0.1 0.001 162755 2.72181767221022e-05 2.72181767221022e-05 2.72181767221022e-05
1 1 0.001 162755 0.000269568671228526 0.000269568671228526 0.000269568671228526
1 0.01 0.01 162755 7.26968658451262e-08 7.26968658451262e-08 7.26968658451262e-08
1 0.1 0.01 162755 7.2645127996591e-07 7.2645127996591e-07 7.2645127996591e-07
1 1 0.01 162755 7.21317712497619e-06 7.21317712497619e-06 7.21317712497619e-06
1 0.01 0.1 162755 7.50709214791753e-10 7.50709214791753e-10 7.50709214791753e-10
1 0.1 0.1 162755 7.50371992831494e-09 7.50371992831494e-09 7.50371992831494e-09
1 1 0.1 162755 7.47016361691338e-08 7.47016361691338e-08 7.47016361691338e-08
1 0.01 0.001 1 0.000107786940968237 0.000107786940968237 0.000107786940968237
1 0.1 0.001 1 0.00107682456414374 0.00107682456414374 0.00107682456414374
1 1 0.001 1 0.0106648645082368 0.0106648645082368 0.0106648645082368
1 0.01 0.01 1 7.91089297641036e-05 7.91089297641036e-05 7.91089297641036e-05
1 0.1 0.01 1 0.000790526284947389 0.000790526284947389 0.000790526284947389
1 1 0.01 1 0.00784939922680362 0.00784939922680362 0.00784939922680362
1 0.01 0.1 1 4.99102363980261e-05 4.99102363980261e-05 4.99102363980261e-05
1 0.1 0.1 1 0.000498878164950549 0.000498878164950549 0.000498878164950549
1 1 0.1 1 0.00496647203345579 0.00496647203345579 0.00496647203345579
1 0.01 0.001 2.7 0.000107634711295711 0.000107634711295711 0.000107634711295711
1 0.1 0.001 2.7 0.00107530374307493 0.00107530374307493 0.00107530374307493
1 1 0.001 2.7 0.01064980230481 0.01064980230481 0.01064980230481
1 0.01 0.01 2.7 7.89570698774625e-05 7.89570698774625e-05 7.89570698774625e-05
1 0.1 0.01 2.7 0.00078900876685712 0.00078900876685712 0.00078900876685712
1 1 0.01 2.7 0.00783433128339524 0.00783433128339524 0.00783433128339524
1 0.01 0.1 2.7 4.97619967778877e-05 4.97619967778877e-05 4.97619967778877e-05
1 0.1 0.1 2.7 0.000497396434648216 0.000497396434648216 0.000497396434648216
1 1 0.1 2.7 0.00495172099277156 0.00495172099277156 0.00495172099277156
1 0.01 0.001 20.09 0.000101328018630769 0.000101328018630769 0.000101328018630769
1 0.1 0.001 20.09 0.00101229795110133 0.00101229795110133 0.00101229795110133
1 1 0.001 20.09 0.0100257932907076 0.0100257932907076 0.0100257932907076
1 0.01 0.01 20.09 7.26674878835372e-05 7.26674878835372e-05 7.26674878835372e-05
1 0.1 0.01 20.09 0.000726157709430908 0.000726157709430908 0.000726157709430908
1 1 0.01 20.09 0.00721026216519011 0.00721026216519011 0.00721026216519011
1 0.01 0.1 20.09 4.36384996004181e-05 4.36384996004181e-05 4.36384996004181e-05
1 0.1 0.1 20.09 0.000436188969898625 0.000436188969898625 0.000436188969898625
1 1 0.1 20.09 0.00434238351666112 0.00434238351666112 0.00434238351666112
1 0.01 0.001 22026 1.7115867453746e-05 1.7115867453746e-05 1.7115867453746e-05
1 0.1 0.001 22026 0.000170992759839555 0.000170992759839555 0.000170992759839555
1 1 0.001 22026 0.0016935113446529 0.0016935113446529 0.0016935113446529
1 0.01 0.01 22026 2.18890184708672e-06 2.18890184708672e-06 2.18890184708672e-06
1 0.1 0.01 22026 2.18734402102495e-05 2.18734402102495e-05 2.18734402102495e-05
1 1 0.01 22026 0.000217188685491076 0.000217188685491076 0.000217188685491076
1 0.01 0.1 22026 4.0256628934594e-08 4.0256628934594e-08 4.0256628934594e-08
1 0.1 0.1 22026 4.02385454755725e-07 4.02385454755725e-07 4.02385454755725e-07
1 1 0.1 22026 4.00586004382812e-06 4.00586004382812e-06 4.00586004382812e-06
1 0.01 0.001 2980.96 4.00529299888684e-05 4.00529299888684e-05 4.00529299888684e-05
1 0.1 0.001 2980.96 0.000400141042045647 0.000400141042045647 0.000400141042045647
1 1 0.001 2980.96 0.00396299466013284 0.00396299466013284 0.00396299466013284
1 0.01 0.01 2980.96 1.47774885422986e-05 1.47774885422986e-05 1.47774885422986e-05
1 0.1 0.01 2980.96 0.000147669715075538 0.000147669715075538 0.000147669715075538
1 1 0.01 2980.96 0.00146626186808372 0.00146626186808372 0.00146626186808372
1 0.01 0.1 2980.96 1.42961554984885e-06 1.42961554984885e-06 1.42961554984885e-06
1 0.1 0.1 2980.96 1.42897336010529e-05 1.42897336010529e-05 1.42897336010529e-05
1 1 0.1 2980.96 0.000142258305296239 0.000142258305296239 0.000142258305296239
1 0.01 0.001 403.43 6.51149995350881e-05 6.51149995350881e-05 6.51149995350881e-05
1 0.1 0.001 403.43 0.000650518795354379 0.000650518795354379 0.000650518795354379
1 1 0.001 403.43 0.00644273453961607 0.00644273453961607 0.00644273453961607
1 0.01 0.01 403.43 3.69765877618711e-05 3.69765877618711e-05 3.69765877618711e-05
1 0.1 0.01 403.43 0.000369502717842188 0.000369502717842188 0.000369502717842188
1 1 0.01 403.43 0.0036689157627761 0.0036689157627761 0.0036689157627761
1 0.01 0.1 403.43 1.20416682262435e-05 1.20416682262435e-05 1.20416682262435e-05
1 0.1 0.1 403.43 0.000120362590546441 0.000120362590546441 0.000120362590546441
1 1 0.1 403.43 0.00119824334240494 0.00119824334240494 0.00119824334240494
1 0.01 0.001 54.6 9.02976278422709e-05 9.02976278422709e-05 9.02976278422709e-05
1 0.1 0.001 54.6 0.000902100967622046 0.000902100967622046 0.000902100967622046
1 1 0.001 54.6 0.00893440297778555 0.00893440297778555 0.00893440297778555
1 0.01 0.01 54.6 6.16854551698523e-05 6.16854551698523e-05 6.16854551698523e-05
1 0.1 0.01 54.6 0.000616415540649106 0.000616415540649106 0.000616415540649106
1 1 0.01 54.6 0.00612059555803744 0.00612059555803744 0.00612059555803744
1 0.01 0.1 54.6 3.31087728858811e-05 3.31087728858811e-05 3.31087728858811e-05
1 0.1 0.1 54.6 0.000330939002759885 0.000330939002759885 0.000330939002759885
1 1 0.1 54.6 0.00329459057834219 0.00329459057834219 0.00329459057834219
1 0.01 0.001 59874 8.27713678699575e-06 8.27713678699575e-06 8.27713678699575e-06
1 0.1 0.001 59874 8.26911324595559e-05 8.26911324595559e-05 8.26911324595559e-05
1 1 0.001 59874 0.000818972517046063 0.000818972517046063 0.000818972517046063
1 0.01 0.01 59874 4.65059276832322e-07 4.65059276832322e-07 4.65059276832322e-07
1 0.1 0.01 59874 4.64728297413266e-06 4.64728297413266e-06 4.64728297413266e-06
1 1 0.01 59874 4.61444231248076e-05 4.61444231248076e-05 4.61444231248076e-05
1 0.01 0.1 59874 5.53464691303515e-09 5.53464691303515e-09 5.53464691303515e-09
1 0.1 0.1 59874 5.53216072471538e-08 5.53216072471538e-08 5.53216072471538e-08
1 1 0.1 59874 5.50742114091222e-07 5.50742114091222e-07 5.50742114091222e-07
1 0.01 0.001 7.39 0.000106567442105568 0.000106567442105568 0.000106567442105568
1 0.1 0.001 7.39 0.0010646413968744 0.0010646413968744 0.0010646413968744
1 1 0.001 7.39 0.0105442024872027 0.0105442024872027 0.0105442024872027
1 0.01 0.01 7.39 7.78924380655806e-05 7.78924380655806e-05 7.78924380655806e-05
1 0.1 0.01 7.39 0.000778370025648087 0.000778370025648087 0.000778370025648087
1 1 0.01 7.39 0.0077286956725238 0.0077286956725238 0.0077286956725238
1 0.01 0.1 7.39 4.87231509796969e-05 4.87231509796969e-05 4.87231509796969e-05
1 0.1 0.1 7.39 0.000487012643208419 0.000487012643208419 0.000487012643208419
1 1 0.1 7.39 0.00484834743704157 0.00484834743704157 0.00484834743704157
1 0.01 0.001 8103.08 2.80599554548118e-05 2.80599554548118e-05 2.80599554548118e-05
1 0.1 0.001 8103.08 0.000280327552030858 0.000280327552030858 0.000280327552030858
1 1 0.001 8103.08 0.00277636251984287 0.00277636251984287 0.00277636251984287
1 0.01 0.01 8103.08 6.7955797561839e-06 6.7955797561839e-06 6.7955797561839e-06
1 0.1 0.01 8103.08 6.79074338982826e-05 6.79074338982826e-05 6.79074338982826e-05
1 1 0.01 8103.08 0.000674275567156975 0.000674275567156975 0.000674275567156975
1 0.01 0.1 8103.08 2.7138433891111e-07 2.7138433891111e-07 2.7138433891111e-07
1 0.1 0.1 8103.08 2.71262431843835e-06 2.71262431843835e-06 2.71262431843835e-06
1 1 0.1 8103.08 2.70049357965618e-05 2.70049357965618e-05 2.70049357965618e-05
