1.25 0.01 0.001 0 0.00018896174551654755 0.00018896174551654755 0.00018896174551654755
1.25 0.01 0.01 0 0.00011923511601395743 0.00011923511601395743 0.00011923511601395743
1.25 0.01 0.1 0 0.00007523558262751337 0.00007523558262751337 0.00007523558262751337
1.25 0.01 1.0  0 0.000047471761561781946 0.000047471761561781946 0.000047471761561781946
1.25 0.1 0.001 0 0.001886409322380634 0.001886409322380634 0.001886409322380634
1.25 0.1 0.01 0 0.001191073000592913 0.001191073000592913 0.001191073000592913
1.25 0.1 0.1 0 0.000751846735630318 0.000751846735630318 0.000751846735630318
1.25 0.1 1.0  0 0.0004745148811021806 0.0004745148811021806 0.0004745148811021806
1.25 1.0  0.001 0 0.01854917125756204 0.01854917125756204 0.01854917125756204
1.25 1.0  0.01 0 0.01178440522391685 0.01178440522391685 0.01178440522391685
1.25 1.0  0.1 0 0.0074679346755338735 0.0074679346755338735 0.0074679346755338735
1.25 1.0  1.0  0 0.004724970192997731 0.004724970192997731 0.004724970192997731
1.45 0.01 0.001 0 0.00022922499659026787 0.00022922499659026787 0.00022922499659026787
1.45 0.01 0.01 0 0.00011219357378132555 0.00011219357378132555 0.00011219357378132555
1.45 0.01 0.1 0 0.000054909568872242273 0.000054909568872242273 0.000054909568872242273
1.45 0.01 1.0  0 0.000026872952459001178 0.000026872952459001178 0.000026872952459001178
1.45 0.1 0.001 0 0.0022875307328826724 0.0022875307328826724 0.0022875307328826724
1.45 0.1 0.01 0 0.0011208040147419544 0.0011208040147419544 0.0011208040147419544
1.45 0.1 0.1 0 0.0005488244672884546 0.0005488244672884546 0.0005488244672884546
1.45 0.1 1.0  0 0.0002686645463037896 0.0002686645463037896 0.0002686645463037896
1.45 1.0  0.001 0 0.022413855871490782 0.022413855871490782 0.022413855871490782
1.45 1.0  0.01 0 0.011096111055052812 0.011096111055052812 0.011096111055052812
1.45 1.0  0.1 0 0.0054612691696000245 0.0054612691696000245 0.0054612691696000245
1.45 1.0  1.0  0 0.002680164875515199 0.002680164875515199 0.002680164875515199
1.65 0.01 0.001 0 0.0002966709042700698 0.0002966709042700698 0.0002966709042700698
1.65 0.01 0.01 0 0.00011978774700054623 0.00011978774700054623 0.00011978774700054623
1.65 0.01 0.1 0 0.00004836197458093895 0.00004836197458093895 0.00004836197458093895
1.65 0.01 1.0  0 0.00001952437568994545 0.00001952437568994545 0.00001952437568994545
1.65 0.1 0.001 0 0.0029588089100664925 0.0029588089100664925 0.0029588089100664925
1.65 0.1 0.01 0 0.0011965874413822316 0.0011965874413822316 0.0011965874413822316
1.65 0.1 0.1 0 0.0004834093381382804 0.0004834093381382804 0.0004834093381382804
1.65 0.1 1.0  0 0.0001952094548148482 0.0001952094548148482 0.0001952094548148482
1.65 1.0  0.001 0 0.028820616820096692 0.028820616820096692 0.028820616820096692
1.65 1.0  0.01 0 0.011838383464997961 0.011838383464997961 0.011838383464997961
1.65 1.0  0.1 0 0.004813152873976299 0.004813152873976299 0.004813152873976299
1.65 1.0  1.0  0 0.0019486709571919791 0.0019486709571919791 0.0019486709571919791
1.85 0.01 0.001 0 0.000378766539537993 0.000378766539537993 0.000378766539537993
1.85 0.01 0.01 0 0.0001315284033916349 0.0001315284033916349 0.0001315284033916349
1.85 0.01 0.1 0 0.000045666463576363385 0.000045666463576363385 0.000045666463576363385
1.85 0.01 1.0  0 0.000015854438645070422 0.000015854438645070422 0.000015854438645070422
1.85 0.1 0.001 0 0.003774797492526621 0.003774797492526621 0.003774797492526621
1.85 0.1 0.01 0 0.0013137288999340692 0.0013137288999340692 0.0013137288999340692
1.85 0.1 0.1 0 0.0004564770245409021 0.0004564770245409021 0.0004564770245409021
1.85 0.1 1.0  0 0.00015852176698804665 0.00015852176698804665 0.00015852176698804665
1.85 1.0  0.001 0 0.03650769260667957 0.03650769260667957 0.03650769260667957
1.85 1.0  0.01 0 0.012983774560507384 0.012983774560507384 0.012983774560507384
1.85 1.0  0.1 0 0.004546093560054815 0.004546093560054815 0.004546093560054815
1.85 1.0  1.0  0 0.0015829592683778264 0.0015829592683778264 0.0015829592683778264