1.25	0.01	0.001	6.9999971198819	-9.17974103477412	-9.17974103477412	-9.17974103477412
1.25	0.1	0.001	6.9999971198819	-6.87853202694078	-6.87853202694078	-6.87853202694078
1.25	1	0.001	6.9999971198819	-4.58960462946521	-4.58960462946521	-4.58960462946521
1.25	0.01	0.01	6.9999971198819	-10.1709717815411	-10.1709717815411	-10.1709717815411
1.25	0.1	0.01	6.9999971198819	-7.86915898141461	-7.86915898141461	-7.86915898141461
1.25	1	0.01	6.9999971198819	-5.57426418937044	-5.57426418937044	-5.57426418937044
1.25	0.01	0.1	6.9999971198819	-12.0573381596137	-12.0573381596137	-12.0573381596137
1.25	0.1	0.1	6.9999971198819	-9.75513065306662	-9.75513065306662	-9.75513065306662
1.25	1	0.1	6.9999971198819	-7.45631360377248	-7.45631360377248	-7.45631360377248
1.25	0.01	0.001	4.99997871390773	-8.90594953365331	-8.90594953365331	-8.90594953365331
1.25	0.1	0.001	4.99997871390773	-6.60474052581997	-6.60474052581997	-6.60474052581997
1.25	1	0.001	4.99997871390773	-4.3158131283444	-4.3158131283444	-4.3158131283444
1.25	0.01	0.01	4.99997871390773	-9.58771856196431	-9.58771856196431	-9.58771856196431
1.25	0.1	0.01	4.99997871390773	-7.28590576183783	-7.28590576183783	-7.28590576183783
1.25	1	0.01	4.99997871390773	-4.99101096979366	-4.99101096979366	-4.99101096979366
1.25	0.01	0.1	4.99997871390773	-10.5638024250223	-10.5638024250223	-10.5638024250223
1.25	0.1	0.1	4.99997871390773	-8.26159491847518	-8.26159491847518	-8.26159491847518
1.25	1	0.1	4.99997871390773	-5.96277786918104	-5.96277786918104	-5.96277786918104
1.25	0.01	0.001	12.0000012815651	-13.7821211575029	-13.7821211575029	-13.7821211575029
1.25	0.1	0.001	12.0000012815651	-11.4809121496696	-11.4809121496696	-11.4809121496696
1.25	1	0.001	12.0000012815651	-9.19198475219402	-9.19198475219402	-9.19198475219402
1.25	0.01	0.01	12.0000012815651	-17.9466133400886	-17.9466133400886	-17.9466133400886
1.25	0.1	0.01	12.0000012815651	-15.6448005399621	-15.6448005399621	-15.6448005399621
1.25	1	0.01	12.0000012815651	-13.3499057479179	-13.3499057479179	-13.3499057479179
1.25	0.01	0.1	12.0000012815651	-22.5801847935937	-22.5801847935937	-22.5801847935937
1.25	0.1	0.1	12.0000012815651	-20.2779772870466	-20.2779772870466	-20.2779772870466
1.25	1	0.1	12.0000012815651	-17.9791602377525	-17.9791602377525	-17.9791602377525
1.25	0.01	0.001	0	-8.78507210452408	-8.78507210452408	-8.78507210452408
1.25	0.1	0.001	0	-6.48386309669073	-6.48386309669073	-6.48386309669073
1.25	1	0.001	0	-4.19493569921516	-4.19493569921516	-4.19493569921516
1.25	0.01	0.01	0	-9.36302591582381	-9.36302591582381	-9.36302591582381
1.25	0.1	0.01	0	-7.06121311569733	-7.06121311569733	-7.06121311569733
1.25	1	0.01	0	-4.76631832365316	-4.76631832365316	-4.76631832365316
1.25	0.01	0.1	0	-10.0788274959816	-10.0788274959816	-10.0788274959816
1.25	0.1	0.1	0	-7.77661998943446	-7.77661998943446	-7.77661998943446
1.25	1	0.1	0	-5.47780294014032	-5.47780294014032	-5.47780294014032
1.25	0.01	0.001	0.993251773010283	-8.78521636098597	-8.78521636098597	-8.78521636098597
1.25	0.1	0.001	0.993251773010283	-6.48400735315263	-6.48400735315263	-6.48400735315263
1.25	1	0.001	0.993251773010283	-4.19507995567706	-4.19507995567706	-4.19507995567706
1.25	0.01	0.01	0.993251773010283	-9.3632821531139	-9.3632821531139	-9.3632821531139
1.25	0.1	0.01	0.993251773010283	-7.06146935298742	-7.06146935298742	-7.06146935298742
1.25	1	0.01	0.993251773010283	-4.76657456094325	-4.76657456094325	-4.76657456094325
1.25	0.01	0.1	0.993251773010283	-10.079334493516	-10.079334493516	-10.079334493516
1.25	0.1	0.1	0.993251773010283	-7.77712698696892	-7.77712698696892	-7.77712698696892
1.25	1	0.1	0.993251773010283	-5.47830993767478	-5.47830993767478	-5.47830993767478
1.25	0.01	0.001	3.00022217882684	-8.79366577048883	-8.79366577048883	-8.79366577048883
1.25	0.1	0.001	3.00022217882684	-6.49245676265549	-6.49245676265549	-6.49245676265549
1.25	1	0.001	3.00022217882684	-4.20352936517993	-4.20352936517993	-4.20352936517993
1.25	0.01	0.01	3.00022217882684	-9.37833607714051	-9.37833607714051	-9.37833607714051
1.25	0.1	0.01	3.00022217882684	-7.07652327701403	-7.07652327701403	-7.07652327701403
1.25	1	0.01	3.00022217882684	-4.78162848496986	-4.78162848496986	-4.78162848496986
1.25	0.01	0.1	3.00022217882684	-10.1093136829914	-10.1093136829914	-10.1093136829914
1.25	0.1	0.1	3.00022217882684	-7.80710617644433	-7.80710617644433	-7.80710617644433
1.25	1	0.1	3.00022217882684	-5.50828912715019	-5.50828912715019	-5.50828912715019
1.25	0.01	0.001	9.99997885272489	-10.5212477680533	-10.5212477680533	-10.5212477680533
1.25	0.1	0.001	9.99997885272489	-8.22003876021995	-8.22003876021995	-8.22003876021995
1.25	1	0.001	9.99997885272489	-5.93111136274438	-5.93111136274438	-5.93111136274438
1.25	0.01	0.01	9.99997885272489	-13.4549262563663	-13.4549262563663	-13.4549262563663
1.25	0.1	0.01	9.99997885272489	-11.1531134562398	-11.1531134562398	-11.1531134562398
1.25	1	0.01	9.99997885272489	-8.85821866419564	-8.85821866419564	-8.85821866419564
1.25	0.01	0.1	9.99997885272489	-18.0455051078455	-18.0455051078455	-18.0455051078455
1.25	0.1	0.1	9.99997885272489	-15.7432976012984	-15.7432976012984	-15.7432976012984
1.25	1	0.1	9.99997885272489	-13.4444805520042	-13.4444805520042	-13.4444805520042
1.25	0.01	0.001	8.00000067527204	-9.42793227779979	-9.42793227779979	-9.42793227779979
1.25	0.1	0.001	8.00000067527204	-7.12672326996645	-7.12672326996645	-7.12672326996645
1.25	1	0.001	8.00000067527204	-4.83779587249088	-4.83779587249088	-4.83779587249088
1.25	0.01	0.01	8.00000067527204	-10.7703815890538	-10.7703815890538	-10.7703815890538
1.25	0.1	0.01	8.00000067527204	-8.46856878892732	-8.46856878892732	-8.46856878892732
1.25	1	0.01	8.00000067527204	-6.17367399688315	-6.17367399688315	-6.17367399688315
1.25	0.01	0.1	8.00000067527204	-13.6090882698148	-13.6090882698148	-13.6090882698148
1.25	0.1	0.1	8.00000067527204	-11.3068807632677	-11.3068807632677	-11.3068807632677
1.25	1	0.1	8.00000067527204	-9.00806371397352	-9.00806371397352	-9.00806371397352
1.25	0.01	0.001	6.00000299062804	-9.01723968292913	-9.01723968292913	-9.01723968292913
1.25	0.1	0.001	6.00000299062804	-6.71603067509579	-6.71603067509579	-6.71603067509579
1.25	1	0.001	6.00000299062804	-4.42710327762022	-4.42710327762022	-4.42710327762022
1.25	0.01	0.01	6.00000299062804	-9.81273882993129	-9.81273882993129	-9.81273882993129
1.25	0.1	0.01	6.00000299062804	-7.51092602980481	-7.51092602980481	-7.51092602980481
1.25	1	0.01	6.00000299062804	-5.21603123776064	-5.21603123776064	-5.21603123776064
1.25	0.01	0.1	6.00000299062804	-11.1137879854741	-11.1137879854741	-11.1137879854741
1.25	0.1	0.1	6.00000299062804	-8.81158047892697	-8.81158047892697	-8.81158047892697
1.25	1	0.1	6.00000299062804	-6.51276342963283	-6.51276342963283	-6.51276342963283
1.25	0.01	0.001	4.00003388275086	-8.82939331523357	-8.82939331523357	-8.82939331523357
1.25	0.1	0.001	4.00003388275086	-6.52818430740024	-6.52818430740024	-6.52818430740024
1.25	1	0.001	4.00003388275086	-4.23925690992466	-4.23925690992466	-4.23925690992466
1.25	0.01	0.01	4.00003388275086	-9.44305971302361	-9.44305971302361	-9.44305971302361
1.25	0.1	0.01	4.00003388275086	-7.14124691289713	-7.14124691289713	-7.14124691289713
1.25	1	0.01	4.00003388275086	-4.84635212085296	-4.84635212085296	-4.84635212085296
1.25	0.01	0.1	4.00003388275086	-10.2425621870339	-10.2425621870339	-10.2425621870339
1.25	0.1	0.1	4.00003388275086	-7.94035468048684	-7.94035468048684	-7.94035468048684
1.25	1	0.1	4.00003388275086	-5.64153763119271	-5.64153763119271	-5.64153763119271
1.25	0.01	0.001	10.9999976331124	-11.7646611383133	-11.7646611383133	-11.7646611383133
1.25	0.1	0.001	10.9999976331124	-9.46345213048	-9.46345213048	-9.46345213048
1.25	1	0.001	10.9999976331124	-7.17452473300443	-7.17452473300443	-7.17452473300443
1.25	0.01	0.01	10.9999976331124	-15.6451093988935	-15.6451093988935	-15.6451093988935
1.25	0.1	0.01	10.9999976331124	-13.343296598767	-13.343296598767	-13.343296598767
1.25	1	0.01	10.9999976331124	-11.0484018067228	-11.0484018067228	-11.0484018067228
1.25	0.01	0.1	10.9999976331124	-20.3219118623211	-20.3219118623211	-20.3219118623211
1.25	0.1	0.1	10.9999976331124	-18.019704355774	-18.019704355774	-18.019704355774
1.25	1	0.1	10.9999976331124	-15.7208873064799	-15.7208873064799	-15.7208873064799
1.25	0.01	0.001	2.00012773496011	-8.78629096129995	-8.78629096129995	-8.78629096129995
1.25	0.1	0.001	2.00012773496011	-6.48508195346661	-6.48508195346661	-6.48508195346661
1.25	1	0.001	2.00012773496011	-4.19615455599104	-4.19615455599104	-4.19615455599104
1.25	0.01	0.01	2.00012773496011	-9.36519144702818	-9.36519144702818	-9.36519144702818
1.25	0.1	0.01	2.00012773496011	-7.0633786469017	-7.0633786469017	-7.0633786469017
1.25	1	0.01	2.00012773496011	-4.76848385485753	-4.76848385485753	-4.76848385485753
1.25	0.01	0.1	2.00012773496011	-10.083115723525	-10.083115723525	-10.083115723525
1.25	0.1	0.1	2.00012773496011	-7.78090821697794	-7.78090821697794	-7.78090821697794
1.25	1	0.1	2.00012773496011	-5.48209116768381	-5.48209116768381	-5.48209116768381
1.25	0.01	0.001	8.99999951529857	-9.82961974915489	-9.82961974915489	-9.82961974915489
1.25	0.1	0.001	8.99999951529857	-7.52841074132155	-7.52841074132155	-7.52841074132155
1.25	1	0.001	8.99999951529857	-5.23948334384599	-5.23948334384599	-5.23948334384599
1.25	0.01	0.01	8.99999951529857	-11.7968519928286	-11.7968519928286	-11.7968519928286
1.25	0.1	0.01	8.99999951529857	-9.49503919270209	-9.49503919270209	-9.49503919270209
1.25	1	0.01	8.99999951529857	-7.20014440065792	-7.20014440065792	-7.20014440065792
1.25	0.01	0.1	8.99999951529857	-15.7431028877333	-15.7431028877333	-15.7431028877333
1.25	0.1	0.1	8.99999951529857	-13.4408953811862	-13.4408953811862	-13.4408953811862
1.25	1	0.1	8.99999951529857	-11.1420783318921	-11.1420783318921	-11.1420783318921
1.45	0.01	0.001	6.9999971198819	-8.75876760510499	-8.75876760510499	-8.75876760510499
1.45	0.1	0.001	6.9999971198819	-6.45806095064797	-6.45806095064797	-6.45806095064797
1.45	1	0.001	6.9999971198819	-4.17406868849568	-4.17406868849568	-4.17406868849568
1.45	0.01	0.01	6.9999971198819	-9.92228905634283	-9.92228905634283	-9.92228905634283
1.45	0.1	0.01	6.9999971198819	-7.62057788721298	-7.62057788721298	-7.62057788721298
1.45	1	0.01	6.9999971198819	-5.32669028221544	-5.32669028221544	-5.32669028221544
1.45	0.01	0.1	6.9999971198819	-11.9958665123071	-11.9958665123071	-11.9958665123071
1.45	0.1	0.1	6.9999971198819	-9.69364026427021	-9.69364026427021	-9.69364026427021
1.45	1	0.1	6.9999971198819	-7.39463655625407	-7.39463655625407	-7.39463655625407
1.45	0.01	0.001	4.99997871390773	-8.53496246675818	-8.53496246675818	-8.53496246675818
1.45	0.1	0.001	4.99997871390773	-6.23425581230117	-6.23425581230117	-6.23425581230117
1.45	1	0.001	4.99997871390773	-3.95026355014888	-3.95026355014888	-3.95026355014888
1.45	0.01	0.01	4.99997871390773	-9.37452432127451	-9.37452432127451	-9.37452432127451
1.45	0.1	0.01	4.99997871390773	-7.07281315214466	-7.07281315214466	-7.07281315214466
1.45	1	0.01	4.99997871390773	-4.77892554714712	-4.77892554714712	-4.77892554714712
1.45	0.01	0.1	4.99997871390773	-10.4638399826095	-10.4638399826095	-10.4638399826095
1.45	0.1	0.1	4.99997871390773	-8.16161373457263	-8.16161373457263	-8.16161373457263
1.45	1	0.1	4.99997871390773	-5.86261002655648	-5.86261002655648	-5.86261002655648
1.45	0.01	0.001	12.0000012815651	-15.1382416458745	-15.1382416458745	-15.1382416458745
1.45	0.1	0.001	12.0000012815651	-12.8375349914175	-12.8375349914175	-12.8375349914175
1.45	1	0.001	12.0000012815651	-10.5535427292652	-10.5535427292652	-10.5535427292652
1.45	0.01	0.01	12.0000012815651	-19.3211758228125	-19.3211758228125	-19.3211758228125
1.45	0.1	0.01	12.0000012815651	-17.0194646536826	-17.0194646536826	-17.0194646536826
1.45	1	0.01	12.0000012815651	-14.7255770486851	-14.7255770486851	-14.7255770486851
1.45	0.01	0.1	12.0000012815651	-23.9465101580972	-23.9465101580972	-23.9465101580972
1.45	0.1	0.1	12.0000012815651	-21.6442839100603	-21.6442839100603	-21.6442839100603
1.45	1	0.1	12.0000012815651	-19.3452802020441	-19.3452802020441	-19.3452802020441
1.45	0.01	0.001	0	-8.47360612044563	-8.47360612044563	-8.47360612044563
1.45	0.1	0.001	0	-6.17289946598862	-6.17289946598862	-6.17289946598862
1.45	1	0.001	0	-3.88890720383633	-3.88890720383633	-3.88890720383633
1.45	0.01	0.01	0	-9.23931864951461	-9.23931864951461	-9.23931864951461
1.45	0.1	0.01	0	-6.93760748038476	-6.93760748038476	-6.93760748038476
1.45	1	0.01	0	-4.64371987538722	-4.64371987538722	-4.64371987538722
1.45	0.01	0.1	0	-10.1296972119844	-10.1296972119844	-10.1296972119844
1.45	0.1	0.1	0	-7.82747096394755	-7.82747096394755	-7.82747096394755
1.45	1	0.1	0	-5.5284672559314	-5.5284672559314	-5.5284672559314
1.45	0.01	0.001	0.993251773010283	-8.47364653257172	-8.47364653257172	-8.47364653257172
1.45	0.1	0.001	0.993251773010283	-6.17293987811471	-6.17293987811471	-6.17293987811471
1.45	1	0.001	0.993251773010283	-3.88894761596242	-3.88894761596242	-3.88894761596242
1.45	0.01	0.01	0.993251773010283	-9.23940505520782	-9.23940505520782	-9.23940505520782
1.45	0.1	0.01	0.993251773010283	-6.93769388607797	-6.93769388607797	-6.93769388607797
1.45	1	0.01	0.993251773010283	-4.64380628108043	-4.64380628108043	-4.64380628108043
1.45	0.01	0.1	0.993251773010283	-10.1298978939614	-10.1298978939614	-10.1298978939614
1.45	0.1	0.1	0.993251773010283	-7.82767164592453	-7.82767164592453	-7.82767164592453
1.45	1	0.1	0.993251773010283	-5.52866793790838	-5.52866793790838	-5.52866793790838
1.45	0.01	0.001	3.00022217882684	-8.47612834249802	-8.47612834249802	-8.47612834249802
1.45	0.1	0.001	3.00022217882684	-6.17542168804101	-6.17542168804101	-6.17542168804101
1.45	1	0.001	3.00022217882684	-3.89142942588872	-3.89142942588872	-3.89142942588872
1.45	0.01	0.01	3.00022217882684	-9.24471540329496	-9.24471540329496	-9.24471540329496
1.45	0.1	0.01	3.00022217882684	-6.94300423416511	-6.94300423416511	-6.94300423416511
1.45	1	0.01	3.00022217882684	-4.64911662916757	-4.64911662916757	-4.64911662916757
1.45	0.01	0.1	3.00022217882684	-10.142264798115	-10.142264798115	-10.142264798115
1.45	0.1	0.1	3.00022217882684	-7.84003855007814	-7.84003855007814	-7.84003855007814
1.45	1	0.1	3.00022217882684	-5.54103484206199	-5.54103484206199	-5.54103484206199
1.45	0.01	0.001	9.99997885272489	-10.4890022498902	-10.4890022498902	-10.4890022498902
1.45	0.1	0.001	9.99997885272489	-8.18829559543321	-8.18829559543321	-8.18829559543321
1.45	1	0.001	9.99997885272489	-5.90430333328091	-5.90430333328091	-5.90430333328091
1.45	0.01	0.01	9.99997885272489	-14.1566511076224	-14.1566511076224	-14.1566511076224
1.45	0.1	0.01	9.99997885272489	-11.8549399384926	-11.8549399384926	-11.8549399384926
1.45	1	0.01	9.99997885272489	-9.56105233349503	-9.56105233349503	-9.56105233349503
1.45	0.01	0.1	9.99997885272489	-19.0078287975933	-19.0078287975933	-19.0078287975933
1.45	0.1	0.1	9.99997885272489	-16.7056025495564	-16.7056025495564	-16.7056025495564
1.45	1	0.1	9.99997885272489	-14.4065988415402	-14.4065988415402	-14.4065988415402
1.45	0.01	0.001	8.00000067527204	-9.0145949642997	-9.0145949642997	-9.0145949642997
1.45	0.1	0.001	8.00000067527204	-6.7138883098427	-6.7138883098427	-6.7138883098427
1.45	1	0.001	8.00000067527204	-4.4298960476904	-4.4298960476904	-4.4298960476904
1.45	0.01	0.01	8.00000067527204	-10.6069887121466	-10.6069887121466	-10.6069887121466
1.45	0.1	0.01	8.00000067527204	-8.3052775430167	-8.3052775430167	-8.3052775430167
1.45	1	0.01	8.00000067527204	-6.01138993801916	-6.01138993801916	-6.01138993801916
1.45	0.01	0.1	8.00000067527204	-13.849130793424	-13.849130793424	-13.849130793424
1.45	0.1	0.1	8.00000067527204	-11.5469045453871	-11.5469045453871	-11.5469045453871
1.45	1	0.1	8.00000067527204	-9.24790083737095	-9.24790083737095	-9.24790083737095
1.45	0.01	0.001	6.00000299062804	-8.61705839208695	-8.61705839208695	-8.61705839208695
1.45	0.1	0.001	6.00000299062804	-6.31635173762994	-6.31635173762994	-6.31635173762994
1.45	1	0.001	6.00000299062804	-4.03235947547765	-4.03235947547765	-4.03235947547765
1.45	0.01	0.01	6.00000299062804	-9.56679010546259	-9.56679010546259	-9.56679010546259
1.45	0.1	0.01	6.00000299062804	-7.26507893633274	-7.26507893633274	-7.26507893633274
1.45	1	0.01	6.00000299062804	-4.97119133133519	-4.97119133133519	-4.97119133133519
1.45	0.01	0.1	6.00000299062804	-10.9835762312493	-10.9835762312493	-10.9835762312493
1.45	0.1	0.1	6.00000299062804	-8.6813499832124	-8.6813499832124	-8.6813499832124
1.45	1	0.1	6.00000299062804	-6.38234627519625	-6.38234627519625	-6.38234627519625
1.45	0.01	0.001	4.00003388275086	-8.4896223745377	-8.4896223745377	-8.4896223745377
1.45	0.1	0.001	4.00003388275086	-6.18891572008068	-6.18891572008068	-6.18891572008068
1.45	1	0.001	4.00003388275086	-3.90492345792839	-3.90492345792839	-3.90492345792839
1.45	0.01	0.01	4.00003388275086	-9.27382877232072	-9.27382877232072	-9.27382877232072
1.45	0.1	0.01	4.00003388275086	-6.97211760319087	-6.97211760319087	-6.97211760319087
1.45	1	0.01	4.00003388275086	-4.67822999819333	-4.67822999819333	-4.67822999819333
1.45	0.01	0.1	4.00003388275086	-10.2112775283625	-10.2112775283625	-10.2112775283625
1.45	0.1	0.1	4.00003388275086	-7.90905128032559	-7.90905128032559	-7.90905128032559
1.45	1	0.1	4.00003388275086	-5.61004757230945	-5.61004757230945	-5.61004757230945
1.45	0.01	0.001	10.9999976331124	-12.4597553331648	-12.4597553331648	-12.4597553331648
1.45	0.1	0.001	10.9999976331124	-10.1590486787078	-10.1590486787078	-10.1590486787078
1.45	1	0.001	10.9999976331124	-7.87505641655551	-7.87505641655551	-7.87505641655551
1.45	0.01	0.01	10.9999976331124	-16.798142739036	-16.798142739036	-16.798142739036
1.45	0.1	0.01	10.9999976331124	-14.4964315699062	-14.4964315699062	-14.4964315699062
1.45	1	0.01	10.9999976331124	-12.2025439649086	-12.2025439649086	-12.2025439649086
1.45	0.01	0.1	10.9999976331124	-21.4892007510949	-21.4892007510949	-21.4892007510949
1.45	0.1	0.1	10.9999976331124	-19.186974503058	-19.186974503058	-19.186974503058
1.45	1	0.1	10.9999976331124	-16.8879707950419	-16.8879707950419	-16.8879707950419
1.45	0.01	0.001	2.00012773496011	-8.47394968863117	-8.47394968863117	-8.47394968863117
1.45	0.1	0.001	2.00012773496011	-6.17324303417416	-6.17324303417416	-6.17324303417416
1.45	1	0.001	2.00012773496011	-3.88925077202187	-3.88925077202187	-3.88925077202187
1.45	0.01	0.01	2.00012773496011	-9.24005302178424	-9.24005302178424	-9.24005302178424
1.45	0.1	0.01	2.00012773496011	-6.93834185265439	-6.93834185265439	-6.93834185265439
1.45	1	0.01	2.00012773496011	-4.64445424765684	-4.64445424765684	-4.64445424765684
1.45	0.01	0.1	2.00012773496011	-10.1314032245666	-10.1314032245666	-10.1314032245666
1.45	0.1	0.1	2.00012773496011	-7.82917697652969	-7.82917697652969	-7.82917697652969
1.45	1	0.1	2.00012773496011	-5.53017326851354	-5.53017326851354	-5.53017326851354
1.45	0.01	0.001	8.99999951529857	-9.50318789345623	-9.50318789345623	-9.50318789345623
1.45	0.1	0.001	8.99999951529857	-7.20248123899922	-7.20248123899922	-7.20248123899922
1.45	1	0.001	8.99999951529857	-4.91848897684692	-4.91848897684692	-4.91848897684692
1.45	0.01	0.01	8.99999951529857	-11.9268068414513	-11.9268068414513	-11.9268068414513
1.45	0.1	0.01	8.99999951529857	-9.62509567232143	-9.62509567232143	-9.62509567232143
1.45	1	0.01	8.99999951529857	-7.33120806732389	-7.33120806732389	-7.33120806732389
1.45	0.01	0.1	8.99999951529857	-16.4327802303789	-16.4327802303789	-16.4327802303789
1.45	0.1	0.1	8.99999951529857	-14.130553982342	-14.130553982342	-14.130553982342
1.45	1	0.1	8.99999951529857	-11.8315502743258	-11.8315502743258	-11.8315502743258
1.65	0.01	0.001	6.9999971198819	-8.41867172647979	-8.41867172647979	-8.41867172647979
1.65	0.1	0.001	6.9999971198819	-6.11858528063334	-6.11858528063334	-6.11858528063334
1.65	1	0.001	6.9999971198819	-3.84064917124991	-3.84064917124991	-3.84064917124991
1.65	0.01	0.01	6.9999971198819	-9.72848597435127	-9.72848597435127	-9.72848597435127
1.65	0.1	0.01	6.9999971198819	-7.42689609490231	-7.42689609490231	-7.42689609490231
1.65	1	0.01	6.9999971198819	-5.13420903915986	-5.13420903915986	-5.13420903915986
1.65	0.01	0.1	6.9999971198819	-11.9676474609332	-11.9676474609332	-11.9676474609332
1.65	0.1	0.1	6.9999971198819	-9.66541539995203	-9.66541539995203	-9.66541539995203
1.65	1	0.1	6.9999971198819	-7.36635378924153	-7.36635378924153	-7.36635378924153
1.65	0.01	0.001	4.99997871390773	-8.22236072882529	-8.22236072882529	-8.22236072882529
1.65	0.1	0.001	4.99997871390773	-5.92227428297884	-5.92227428297884	-5.92227428297884
1.65	1	0.001	4.99997871390773	-3.64433817359541	-3.64433817359541	-3.64433817359541
1.65	0.01	0.01	4.99997871390773	-9.19623931868427	-9.19623931868427	-9.19623931868427
1.65	0.1	0.01	4.99997871390773	-6.89464943923532	-6.89464943923532	-6.89464943923532
1.65	1	0.01	4.99997871390773	-4.60196238349286	-4.60196238349286	-4.60196238349286
1.65	0.01	0.1	4.99997871390773	-10.3844381317782	-10.3844381317782	-10.3844381317782
1.65	0.1	0.1	4.99997871390773	-8.08220607079701	-8.08220607079701	-8.08220607079701
1.65	1	0.1	4.99997871390773	-5.78314446008651	-5.78314446008651	-5.78314446008651
1.65	0.01	0.001	12.0000012815651	-16.7193961199222	-16.7193961199222	-16.7193961199222
1.65	0.1	0.001	12.0000012815651	-14.4193096740758	-14.4193096740758	-14.4193096740758
1.65	1	0.001	12.0000012815651	-12.1413735646923	-12.1413735646923	-12.1413735646923
1.65	0.01	0.01	12.0000012815651	-20.8574466062269	-20.8574466062269	-20.8574466062269
1.65	0.1	0.01	12.0000012815651	-18.555856726778	-18.555856726778	-18.555856726778
1.65	1	0.01	12.0000012815651	-16.2631696710355	-16.2631696710355	-16.2631696710355
1.65	0.01	0.1	12.0000012815651	-25.4731188604698	-25.4731188604698	-25.4731188604698
1.65	0.1	0.1	12.0000012815651	-23.1708867994886	-23.1708867994886	-23.1708867994886
1.65	1	0.1	12.0000012815651	-20.8718251887781	-20.8718251887781	-20.8718251887781
1.65	0.01	0.001	0	-8.18798342862791	-8.18798342862791	-8.18798342862791
1.65	0.1	0.001	0	-5.88789698278146	-5.88789698278146	-5.88789698278146
1.65	1	0.001	0	-3.60996087339803	-3.60996087339803	-3.60996087339803
1.65	0.01	0.01	0	-9.10928646392315	-9.10928646392315	-9.10928646392315
1.65	0.1	0.01	0	-6.80769658447419	-6.80769658447419	-6.80769658447419
1.65	1	0.01	0	-4.51500952873174	-4.51500952873174	-4.51500952873174
1.65	0.01	0.1	0	-10.1460163755046	-10.1460163755046	-10.1460163755046
1.65	0.1	0.1	0	-7.84378431452344	-7.84378431452344	-7.84378431452344
1.65	1	0.1	0	-5.54472270381294	-5.54472270381294	-5.54472270381294
1.65	0.01	0.001	0.993251773010283	-8.18799931916828	-8.18799931916828	-8.18799931916828
1.65	0.1	0.001	0.993251773010283	-5.88791287332183	-5.88791287332183	-5.88791287332183
1.65	1	0.001	0.993251773010283	-3.6099767639384	-3.6099767639384	-3.6099767639384
1.65	0.01	0.01	0.993251773010283	-9.1093259464424	-9.1093259464424	-9.1093259464424
1.65	0.1	0.01	0.993251773010283	-6.80773606699344	-6.80773606699344	-6.80773606699344
1.65	1	0.01	0.993251773010283	-4.51504901125098	-4.51504901125098	-4.51504901125098
1.65	0.01	0.1	0.993251773010283	-10.14612010589	-10.14612010589	-10.14612010589
1.65	0.1	0.1	0.993251773010283	-7.84388804490887	-7.84388804490887	-7.84388804490887
1.65	1	0.1	0.993251773010283	-5.54482643419837	-5.54482643419837	-5.54482643419837
1.65	0.01	0.001	3.00022217882684	-8.1889904580509	-8.1889904580509	-8.1889904580509
1.65	0.1	0.001	3.00022217882684	-5.88890401220445	-5.88890401220445	-5.88890401220445
1.65	1	0.001	3.00022217882684	-3.61096790282102	-3.61096790282102	-3.61096790282102
1.65	0.01	0.01	3.00022217882684	-9.11178639787481	-9.11178639787481	-9.11178639787481
1.65	0.1	0.01	3.00022217882684	-6.81019651842585	-6.81019651842585	-6.81019651842585
1.65	1	0.01	3.00022217882684	-4.5175094626834	-4.5175094626834	-4.5175094626834
1.65	0.01	0.1	3.00022217882684	-10.1525914787929	-10.1525914787929	-10.1525914787929
1.65	0.1	0.1	3.00022217882684	-7.85035941781178	-7.85035941781178	-7.85035941781178
1.65	1	0.1	3.00022217882684	-5.55129780710128	-5.55129780710128	-5.55129780710128
1.65	0.01	0.001	9.99997885272489	-10.7783358042122	-10.7783358042122	-10.7783358042122
1.65	0.1	0.001	9.99997885272489	-8.47824935836575	-8.47824935836575	-8.47824935836575
1.65	1	0.001	9.99997885272489	-6.20031324898232	-6.20031324898232	-6.20031324898232
1.65	0.01	0.01	9.99997885272489	-15.2007357637754	-15.2007357637754	-15.2007357637754
1.65	0.1	0.01	9.99997885272489	-12.8991458843265	-12.8991458843265	-12.8991458843265
1.65	1	0.01	9.99997885272489	-10.606458828584	-10.606458828584	-10.606458828584
1.65	0.01	0.1	9.99997885272489	-20.1419206672155	-20.1419206672155	-20.1419206672155
1.65	0.1	0.1	9.99997885272489	-17.8396886062343	-17.8396886062343	-17.8396886062343
1.65	1	0.1	9.99997885272489	-15.5406269955238	-15.5406269955238	-15.5406269955238
1.65	0.01	0.001	8.00000067527204	-8.699077602515	-8.699077602515	-8.699077602515
1.65	0.1	0.001	8.00000067527204	-6.39899115666855	-6.39899115666855	-6.39899115666855
1.65	1	0.001	8.00000067527204	-4.12105504728511	-4.12105504728511	-4.12105504728511
1.65	0.01	0.01	8.00000067527204	-10.5262703724616	-10.5262703724616	-10.5262703724616
1.65	0.1	0.01	8.00000067527204	-8.22468049301263	-8.22468049301263	-8.22468049301263
1.65	1	0.01	8.00000067527204	-5.93199343727017	-5.93199343727017	-5.93199343727017
1.65	0.01	0.1	8.00000067527204	-14.2065902851124	-14.2065902851124	-14.2065902851124
1.65	0.1	0.1	8.00000067527204	-11.9043582241312	-11.9043582241312	-11.9043582241312
1.65	1	0.1	8.00000067527204	-9.60529661342072	-9.60529661342072	-9.60529661342072
1.65	0.01	0.001	6.00000299062804	-8.28677359916293	-8.28677359916293	-8.28677359916293
1.65	0.1	0.001	6.00000299062804	-5.98668715331648	-5.98668715331648	-5.98668715331648
1.65	1	0.001	6.00000299062804	-3.70875104393305	-3.70875104393305	-3.70875104393305
1.65	0.01	0.01	6.00000299062804	-9.36570273220005	-9.36570273220005	-9.36570273220005
1.65	0.1	0.01	6.00000299062804	-7.0641128527511	-7.0641128527511	-7.0641128527511
1.65	1	0.01	6.00000299062804	-4.77142579700864	-4.77142579700864	-4.77142579700864
1.65	0.01	0.1	6.00000299062804	-10.8784517288121	-10.8784517288121	-10.8784517288121
1.65	0.1	0.1	6.00000299062804	-8.57621966783096	-8.57621966783096	-8.57621966783096
1.65	1	0.1	6.00000299062804	-6.27715805712046	-6.27715805712046	-6.27715805712046
1.65	0.01	0.001	4.00003388275086	-8.1949164777952	-8.1949164777952	-8.1949164777952
1.65	0.1	0.001	4.00003388275086	-5.89483003194875	-5.89483003194875	-5.89483003194875
1.65	1	0.001	4.00003388275086	-3.61689392256532	-3.61689392256532	-3.61689392256532
1.65	0.01	0.01	4.00003388275086	-9.12655870786641	-9.12655870786641	-9.12655870786641
1.65	0.1	0.01	4.00003388275086	-6.82496882841745	-6.82496882841745	-6.82496882841745
1.65	1	0.01	4.00003388275086	-4.53228177267499	-4.53228177267499	-4.53228177267499
1.65	0.01	0.1	4.00003388275086	-10.1918220970271	-10.1918220970271	-10.1918220970271
1.65	0.1	0.1	4.00003388275086	-7.88959003604597	-7.88959003604597	-7.88959003604597
1.65	1	0.1	4.00003388275086	-5.59052842533547	-5.59052842533547	-5.59052842533547
1.65	0.01	0.001	10.9999976331124	-13.7461113660663	-13.7461113660663	-13.7461113660663
1.65	0.1	0.001	10.9999976331124	-11.4460249202199	-11.4460249202199	-11.4460249202199
1.65	1	0.001	10.9999976331124	-9.16808881083646	-9.16808881083646	-9.16808881083646
1.65	0.01	0.01	10.9999976331124	-18.1554048657426	-18.1554048657426	-18.1554048657426
1.65	0.1	0.01	10.9999976331124	-15.8538149862936	-15.8538149862936	-15.8538149862936
1.65	1	0.01	10.9999976331124	-13.5611279305511	-13.5611279305511	-13.5611279305511
1.65	0.01	0.1	10.9999976331124	-22.8182060351364	-22.8182060351364	-22.8182060351364
1.65	0.1	0.1	10.9999976331124	-20.5159739741552	-20.5159739741552	-20.5159739741552
1.65	1	0.1	10.9999976331124	-18.2169123634447	-18.2169123634447	-18.2169123634447
1.65	0.01	0.001	2.00012773496011	-8.18811886452481	-8.18811886452481	-8.18811886452481
1.65	0.1	0.001	2.00012773496011	-5.88803241867836	-5.88803241867836	-5.88803241867836
1.65	1	0.001	2.00012773496011	-3.61009630929493	-3.61009630929493	-3.61009630929493
1.65	0.01	0.01	2.00012773496011	-9.10962259284458	-9.10962259284458	-9.10962259284458
1.65	0.1	0.01	2.00012773496011	-6.80803271339562	-6.80803271339562	-6.80803271339562
1.65	1	0.01	2.00012773496011	-4.51534565765316	-4.51534565765316	-4.51534565765316
1.65	0.01	0.1	2.00012773496011	-10.1468993827386	-10.1468993827386	-10.1468993827386
1.65	0.1	0.1	2.00012773496011	-7.84466732175745	-7.84466732175745	-7.84466732175745
1.65	1	0.1	2.00012773496011	-5.54560571104695	-5.54560571104695	-5.54560571104695
1.65	0.01	0.001	8.99999951529857	-9.32336206204743	-9.32336206204743	-9.32336206204743
1.65	0.1	0.001	8.99999951529857	-7.02327561620098	-7.02327561620098	-7.02327561620098
1.65	1	0.001	8.99999951529857	-4.74533950681755	-4.74533950681755	-4.74533950681755
1.65	0.01	0.01	8.99999951529857	-12.2452897552177	-12.2452897552177	-12.2452897552177
1.65	0.1	0.01	8.99999951529857	-9.9436998757687	-9.9436998757687	-9.9436998757687
1.65	1	0.01	8.99999951529857	-7.65101282002624	-7.65101282002624	-7.65101282002624
1.65	0.01	0.1	8.99999951529857	-17.3359079298436	-17.3359079298436	-17.3359079298436
1.65	0.1	0.1	8.99999951529857	-15.0336758688624	-15.0336758688624	-15.0336758688624
1.65	1	0.1	8.99999951529857	-12.7346142581519	-12.7346142581519	-12.7346142581519
1.85	0.01	0.001	6.9999971198819	-8.14120429926837	-8.14120429926837	-8.14120429926837
1.85	0.1	0.001	6.9999971198819	-5.84182809096097	-5.84182809096097	-5.84182809096097
1.85	1	0.001	6.9999971198819	-3.57077792133326	-3.57077792133326	-3.57077792133326
1.85	0.01	0.01	6.9999971198819	-9.57650685851326	-9.57650685851326	-9.57650685851326
1.85	0.1	0.01	6.9999971198819	-7.27504705841515	-7.27504705841515	-7.27504705841515
1.85	1	0.01	6.9999971198819	-4.98364579254459	-4.98364579254459	-4.98364579254459
1.85	0.01	0.1	6.9999971198819	-11.9650489883974	-11.9650489883974	-11.9650489883974
1.85	0.1	0.1	6.9999971198819	-9.66281722007109	-9.66281722007109	-9.66281722007109
1.85	1	0.1	6.9999971198819	-7.36375852458128	-7.36375852458128	-7.36375852458128
1.85	0.01	0.001	4.99997871390773	-7.95863332234687	-7.95863332234687	-7.95863332234687
1.85	0.1	0.001	4.99997871390773	-5.65925711403946	-5.65925711403946	-5.65925711403946
1.85	1	0.001	4.99997871390773	-3.38820694441176	-3.38820694441176	-3.38820694441176
1.85	0.01	0.01	4.99997871390773	-9.04596933723833	-9.04596933723833	-9.04596933723833
1.85	0.1	0.01	4.99997871390773	-6.74450953714023	-6.74450953714023	-6.74450953714023
1.85	1	0.01	4.99997871390773	-4.45310827126968	-4.45310827126968	-4.45310827126968
1.85	0.01	0.1	4.99997871390773	-10.3211436814175	-10.3211436814175	-10.3211436814175
1.85	0.1	0.1	4.99997871390773	-8.01891191309121	-8.01891191309121	-8.01891191309121
1.85	1	0.1	4.99997871390773	-5.7198532176014	-5.7198532176014	-5.7198532176014
1.85	0.01	0.001	12.0000012815651	-18.6928310755814	-18.6928310755814	-18.6928310755814
1.85	0.1	0.001	12.0000012815651	-16.393454867274	-16.393454867274	-16.393454867274
1.85	1	0.001	12.0000012815651	-14.1224046976463	-14.1224046976463	-14.1224046976463
1.85	0.01	0.01	12.0000012815651	-22.8014429668657	-22.8014429668657	-22.8014429668657
1.85	0.1	0.01	12.0000012815651	-20.4999831667676	-20.4999831667676	-20.4999831667676
1.85	1	0.01	12.0000012815651	-18.2085819008971	-18.2085819008971	-18.2085819008971
1.85	0.01	0.1	12.0000012815651	-27.4114080110385	-27.4114080110385	-27.4114080110385
1.85	0.1	0.1	12.0000012815651	-25.1091762427121	-25.1091762427121	-25.1091762427121
1.85	1	0.1	12.0000012815651	-22.8101175472223	-22.8101175472223	-22.8101175472223
1.85	0.01	0.001	0	-7.93745290762112	-7.93745290762112	-7.93745290762112
1.85	0.1	0.001	0	-5.63807669931372	-5.63807669931372	-5.63807669931372
1.85	1	0.001	0	-3.36702652968601	-3.36702652968601	-3.36702652968601
1.85	0.01	0.01	0	-8.98637739105075	-8.98637739105075	-8.98637739105075
1.85	0.1	0.01	0	-6.68491759095264	-6.68491759095264	-6.68491759095264
1.85	1	0.01	0	-4.39351632508209	-4.39351632508209	-4.39351632508209
1.85	0.01	0.1	0	-10.1451813012062	-10.1451813012062	-10.1451813012062
1.85	0.1	0.1	0	-7.84294953287984	-7.84294953287984	-7.84294953287984
1.85	1	0.1	0	-5.54389083739003	-5.54389083739003	-5.54389083739003
1.85	0.01	0.001	0.993251773010283	-7.93746091293702	-7.93746091293702	-7.93746091293702
1.85	0.1	0.001	0.993251773010283	-5.63808470462962	-5.63808470462962	-5.63808470462962
1.85	1	0.001	0.993251773010283	-3.36703453500191	-3.36703453500191	-3.36703453500191
1.85	0.01	0.01	0.993251773010283	-8.98639973751164	-8.98639973751164	-8.98639973751164
1.85	0.1	0.01	0.993251773010283	-6.68493993741353	-6.68493993741353	-6.68493993741353
1.85	1	0.01	0.993251773010283	-4.39353867154298	-4.39353867154298	-4.39353867154298
1.85	0.01	0.1	0.993251773010283	-10.145245440685	-10.145245440685	-10.145245440685
1.85	0.1	0.1	0.993251773010283	-7.84301367235863	-7.84301367235863	-7.84301367235863
1.85	1	0.1	0.993251773010283	-5.54395497686882	-5.54395497686882	-5.54395497686882
1.85	0.01	0.001	3.00022217882684	-7.93796400446473	-7.93796400446473	-7.93796400446473
1.85	0.1	0.001	3.00022217882684	-5.63858779615732	-5.63858779615732	-5.63858779615732
1.85	1	0.001	3.00022217882684	-3.36753762652962	-3.36753762652962	-3.36753762652962
1.85	0.01	0.01	3.00022217882684	-8.98779998571449	-8.98779998571449	-8.98779998571449
1.85	0.1	0.01	3.00022217882684	-6.68634018561639	-6.68634018561639	-6.68634018561639
1.85	1	0.01	3.00022217882684	-4.39493891974583	-4.39493891974583	-4.39493891974583
1.85	0.01	0.1	3.00022217882684	-10.149265054195	-10.149265054195	-10.149265054195
1.85	0.1	0.1	3.00022217882684	-7.84703328586863	-7.84703328586863	-7.84703328586863
1.85	1	0.1	3.00022217882684	-5.54797459037883	-5.54797459037883	-5.54797459037883
1.85	0.01	0.001	9.99997885272489	-11.4897780509217	-11.4897780509217	-11.4897780509217
1.85	0.1	0.001	9.99997885272489	-9.19040184261426	-9.19040184261426	-9.19040184261426
1.85	1	0.001	9.99997885272489	-6.91935167298655	-6.91935167298655	-6.91935167298655
1.85	0.01	0.01	9.99997885272489	-16.7765494839539	-16.7765494839539	-16.7765494839539
1.85	0.1	0.01	9.99997885272489	-14.4750896838558	-14.4750896838558	-14.4750896838558
1.85	1	0.01	9.99997885272489	-12.1836884179852	-12.1836884179852	-12.1836884179852
1.85	0.01	0.1	9.99997885272489	-21.6896489367175	-21.6896489367175	-21.6896489367175
1.85	0.1	0.1	9.99997885272489	-19.3874171683912	-19.3874171683912	-19.3874171683912
1.85	1	0.1	9.99997885272489	-17.0883584729014	-17.0883584729014	-17.0883584729014
1.85	0.01	0.001	8.00000067527204	-8.46108695183222	-8.46108695183222	-8.46108695183222
1.85	0.1	0.001	8.00000067527204	-6.16171074352481	-6.16171074352481	-6.16171074352481
1.85	1	0.001	8.00000067527204	-3.89066057389711	-3.89066057389711	-3.89066057389711
1.85	0.01	0.01	8.00000067527204	-10.5158842019729	-10.5158842019729	-10.5158842019729
1.85	0.1	0.01	8.00000067527204	-8.21442440187479	-8.21442440187479	-8.21442440187479
1.85	1	0.01	8.00000067527204	-5.92302313600424	-5.92302313600424	-5.92302313600424
1.85	0.01	0.1	8.00000067527204	-14.7340040223962	-14.7340040223962	-14.7340040223962
1.85	0.1	0.1	8.00000067527204	-12.4317722540699	-12.4317722540699	-12.4317722540699
1.85	1	0.1	8.00000067527204	-10.1327135585801	-10.1327135585801	-10.1327135585801
1.85	0.01	0.001	6.00000299062804	-8.01197067566568	-8.01197067566568	-8.01197067566568
1.85	0.1	0.001	6.00000299062804	-5.71259446735828	-5.71259446735828	-5.71259446735828
1.85	1	0.001	6.00000299062804	-3.44154429773057	-3.44154429773057	-3.44154429773057
1.85	0.01	0.01	6.00000299062804	-9.19909951937498	-9.19909951937498	-9.19909951937498
1.85	0.1	0.01	6.00000299062804	-6.89763971927688	-6.89763971927688	-6.89763971927688
1.85	1	0.01	6.00000299062804	-4.60623845340633	-4.60623845340633	-4.60623845340633
1.85	0.01	0.1	6.00000299062804	-10.7920216244402	-10.7920216244402	-10.7920216244402
1.85	0.1	0.1	6.00000299062804	-8.48978985611386	-8.48978985611386	-8.48978985611386
1.85	1	0.1	6.00000299062804	-6.19073116062405	-6.19073116062405	-6.19073116062405
1.85	0.01	0.001	4.00003388275086	-7.94109366959154	-7.94109366959154	-7.94109366959154
1.85	0.1	0.001	4.00003388275086	-5.64171746128414	-5.64171746128414	-5.64171746128414
1.85	1	0.001	4.00003388275086	-3.37066729165643	-3.37066729165643	-3.37066729165643
1.85	0.01	0.01	4.00003388275086	-8.99652893495461	-8.99652893495461	-8.99652893495461
1.85	0.1	0.01	4.00003388275086	-6.6950691348565	-6.6950691348565	-6.6950691348565
1.85	1	0.01	4.00003388275086	-4.40366786898594	-4.40366786898594	-4.40366786898594
1.85	0.01	0.1	4.00003388275086	-10.1744626503638	-10.1744626503638	-10.1744626503638
1.85	0.1	0.1	4.00003388275086	-7.87223088203748	-7.87223088203748	-7.87223088203748
1.85	1	0.1	4.00003388275086	-5.57317218654768	-5.57317218654768	-5.57317218654768
1.85	0.01	0.001	10.9999976331124	-15.6416922985081	-15.6416922985081	-15.6416922985081
1.85	0.1	0.001	10.9999976331124	-13.3423160902007	-13.3423160902007	-13.3423160902007
1.85	1	0.001	10.9999976331124	-11.071265920573	-11.071265920573	-11.071265920573
1.85	0.01	0.01	10.9999976331124	-19.9212690545127	-19.9212690545127	-19.9212690545127
1.85	0.1	0.01	10.9999976331124	-17.6198092544146	-17.6198092544146	-17.6198092544146
1.85	1	0.01	10.9999976331124	-15.3284079885441	-15.3284079885441	-15.3284079885441
1.85	0.01	0.1	10.9999976331124	-24.5585173769602	-24.5585173769602	-24.5585173769602
1.85	0.1	0.1	10.9999976331124	-22.2562856086339	-22.2562856086339	-22.2562856086339
1.85	1	0.1	10.9999976331124	-19.9572269131441	-19.9572269131441	-19.9572269131441
1.85	0.01	0.001	2.00012773496011	-7.93752128215502	-7.93752128215502	-7.93752128215502
1.85	0.1	0.001	2.00012773496011	-5.63814507384761	-5.63814507384761	-5.63814507384761
1.85	1	0.001	2.00012773496011	-3.3670949042199	-3.3670949042199	-3.3670949042199
1.85	0.01	0.01	2.00012773496011	-8.9865677682164	-8.9865677682164	-8.9865677682164
1.85	0.1	0.01	2.00012773496011	-6.6851079681183	-6.6851079681183	-6.6851079681183
1.85	1	0.01	2.00012773496011	-4.39370670224773	-4.39370670224773	-4.39370670224773
1.85	0.01	0.1	2.00012773496011	-10.1457274812593	-10.1457274812593	-10.1457274812593
1.85	0.1	0.1	2.00012773496011	-7.84349571293299	-7.84349571293299	-7.84349571293299
1.85	1	0.1	2.00012773496011	-5.54443701744319	-5.54443701744319	-5.54443701744319
1.85	0.01	0.001	8.99999951529857	-9.27935453945321	-9.27935453945321	-9.27935453945321
1.85	0.1	0.001	8.99999951529857	-6.9799783311458	-6.9799783311458	-6.9799783311458
1.85	1	0.001	8.99999951529857	-4.70892816151809	-4.70892816151809	-4.70892816151809
1.85	0.01	0.01	8.99999951529857	-12.7940306745381	-12.7940306745381	-12.7940306745381
1.85	0.1	0.01	8.99999951529857	-10.49257087444	-10.49257087444	-10.49257087444
1.85	1	0.01	8.99999951529857	-8.20116960856944	-8.20116960856944	-8.20116960856944
1.85	0.01	0.1	8.99999951529857	-18.6857410345619	-18.6857410345619	-18.6857410345619
1.85	0.1	0.1	8.99999951529857	-16.3835092662356	-16.3835092662356	-16.3835092662356
1.85	1	0.1	8.99999951529857	-14.0844505707458	-14.0844505707458	-14.0844505707458
