0 0
1 1.57309e-09
2 2.6554e-06
3 4.38769e-06
4 3.66516e-06
5 1.76646e-06
6 1.4813e-06
7 1.63432e-06
8 1.28122e-06
9 7.2778e-07
10 5.69289e-07
11 6.52288e-07
12 5.25253e-07
13 6.69724e-07
14 7.37557e-07
15 2.48724e-07
16 1.62995e-07
17 3.73817e-07
18 2.3306e-07
19 2.90884e-07
20 1.55936e-07
21 1.02065e-07
22 1.82176e-07
23 7.26448e-08
24 5.99087e-08
25 1.05051e-07
26 1.25743e-07
27 1.03969e-07
28 1.06773e-08
29 5.02256e-08
30 1.57231e-08
31 2.31759e-08
32 3.06819e-08
33 1.09317e-09
34 3.28714e-10
35 3.29249e-08
36 1.75687e-08
37 2.23804e-08
38 1.0504e-08
39 9.25861e-10
40 1.58675e-08
41 2.61537e-08
42 4.83998e-09
43 1.07513e-10
44 4.66422e-09
45 1.37386e-08
46 1.92481e-11
47 3.09995e-09
48 0
49 2.14876e-08
50 1.28649e-08
51 0
52 1.62602e-09
53 0
54 6.24388e-11
55 0
56 0
57 0
58 0
59 2.1628e-09
60 2.91341e-11
61 6.30563e-09
62 1.22946e-09
63 1.52842e-09
64 1.17002e-10
65 0
66 1.56956e-09
67 0
68 0
69 1.00078e-08
70 0
71 9.08986e-09
72 0
73 1.7338e-09
74 0
75 0
76 0
77 4.04852e-11
78 1.32674e-11
79 0
80 0
81 2.28451e-12
82 0
83 0
84 0
85 0
86 0
87 0
88 0
89 0
90 0
91 0
92 0
93 0
94 0
95 0
96 2.66464e-10
97 0
98 1.13199e-10
99 4.15439e-11
100 0
101 0
102 5.74166e-11
103 4.59724e-09
104 0
105 0
106 0
107 0
108 0
109 0
110 7.37788e-09
111 0
112 0
113 0
114 0
115 0
116 0
117 2.53857e-10
118 0
119 0
120 0
121 0
122 3.80111e-11
123 0
124 0
125 0
126 0
127 0
128 0
129 0
130 0
131 0
132 0
133 0
134 2.78997e-09
135 1.03567e-08
136 0
137 0
138 0
139 3.79247e-09
140 0
141 4.89729e-10
142 0
143 0
144 0
145 0
146 0
147 2.65322e-10
148 9.51547e-09
149 0
150 0
151 0
152 9.9383e-10
153 0
154 0
155 0
156 0
157 0
158 0
159 0
160 0
161 0
162 1.3697e-10
163 0
164 1.47916e-10
165 0
166 0
167 0
168 0
169 0
170 0
171 0
172 0
173 0
174 0
175 0
176 0
177 0
178 0
179 0
180 0
181 0
182 0
183 0
184 0
185 0
186 0
187 0
188 0
189 0
190 9.57612e-09
191 3.5001e-09
192 0
193 0
194 0
195 0
196 0
197 0
198 0
199 0
200 0
201 1.60238e-09
202 0
203 0
204 0
205 0
206 4.48569e-11
207 0
208 0
209 0
210 0
211 1.35378e-13
212 0
213 7.56588e-09
214 0
215 0
216 0
217 0
218 0
219 0
220 0
221 0
222 0
223 0
224 0
225 1.21349e-10
226 0
227 0
228 0
229 0
230 0
231 0
232 0
233 0
234 0
235 0
236 0
237 0
238 0
239 0
240 0
241 0
242 0
243 0
244 0
245 0
246 0
247 0
248 0
249 0
