0 1
1124 1125
1127 1128
1158 1160
1231 1232
1381 1382
1384 1385
1388 1389
1390 1391
1392 1394
1397 1398
1811 1813
1816 1819
2032 2034
2049 2051
2061 2064
2067 2068
2079 2080
2081 2083
2525 2526
2527 2528
7753 7754
7755 7756
7757 7761
7821 7822
7823 7824
7826 7827
7830 7831
7842 7843
7845 7846
7847 7848
7861 7862
7863 7864
8348 8349
8353 8354
9428 9429
9496 9497
9498 9499
9500 9501
9506 9507
9510 9511
9526 9527
9566 9567
9571 9572
9589 9590
9607 9609
9619 9620
10196 10198
10202 10203
10206 10208
10209 10211
10232 10233
10237 10238
10247 10248
10252 10253
10261 10262
11482 11484
11486 11487
12439 12440
12511 12512
12513 12515
12518 12519
12536 12537
12815 12816
12817 12818
12832 12833
13109 13110
13111 13112
13114 13115
21487 21488
21493 21494
21496 21498
21540 21541
21556 21557
21571 21572
21612 21613
21621 21623
21720 21721
21912 21916
22113 22114
22122 22124
22126 22127
22266 22267
26648 26649
40020 40022
40127 40128
40768 40770
40777 40779
40787 40788
40955 40956
41008 41009
41040 41042
41051 41052
41131 41132
41134 41135
41280 41281
41294 41295
41312 41314
41329 41331
41663 41664
41666 41668
41698 41699
41701 41702
41703 41705
41719 41720
41867 41869
41876 41877
41884 41886
41892 41893
41894 41895
41905 41908
41911 41912
41972 41973
41976 41977
42004 42007
42029 42030
42031 42032
42068 42069
42452 42454
42456 42457
43316 43317
43319 43320
43393 43395
43825 43827
43855 43858
43894 43895
43896 43898
43903 43904
43906 43907
43925 43926
43927 43929
46787 46788
46804 46805
47784 47786
47800 47801
47843 47846
47863 47864
