0 1
6 7
185 186
288 290
291 292
341 342
786 788
811 812
814 816
981 982
985 986
1002 1004
1061 1062
1063 1064
1127 1128
1169 1170
1639 1640
1647 1649
1651 1653
1663 1664
1819 1820
1822 1823
1825 1826
2317 2318
2319 2320
2327 2328
2329 2330
2336 2337
2362 2363
2383 2384
4379 4380
4386 4387
4392 4393
4402 4403
4442 4443
5188 5189
5923 5924
5928 5930
6117 6120
6158 6161
6177 6178
6179 6180
6221 6222
6225 6226
6351 6356
6390 6391
6392 6394
6398 6399
6803 6804
6805 6806
7790 7791
7795 7796
7800 7801
7851 7852
7853 7854
7879 7880
29333 29334
29337 29338
29383 29384
29386 29387
29623 29624
29714 29715
29763 29765
29881 29882
29985 29986
29990 29991
29997 30001
30025 30026
30032 30033
39447 39448
39682 39684
39702 39703
39706 39708
39756 39757
39765 39766
39769 39770
39774 39775
39785 39786
39802 39804
39844 39845
39865 39866
39875 39876
39883 39884
40786 40787
40833 40834
42415 42416
42417 42418
46908 46910
46911 46912
46913 46914
46918 46920
46928 46929
46931 46933
46945 46947
46949 46950
47148 47149
47151 47152
47184 47186
47190 47191
47196 47197
47201 47202
47261 47262
47338 47339
47516 47518
47533 47534
47539 47541
47548 47549
47598 47599
51303 51305
51306 51307
51394 51396
51399 51400
51403 51404
51561 51562
52614 52618
52943 52945
52963 52964
52982 52983
52993 52994
53137 53138
53214 53215
54604 54605
54607 54608
55136 55138
55197 55199
55303 55304
55305 55306
55380 55382
55383 55384
55386 55387
55409 55410
55413 55415
55419 55420
55421 55424
55431 55432
55456 55458
55460 55461
55525 55526
55527 55528
55566 55567
55573 55574
55579 55581
55597 55598
55603 55605
55606 55607
55643 55644
55648 55649
55652 55653
65463 65464
65467 65470
65471 65473
65476 65477
66003 66004
66007 66008
66017 66018
66019 66020
66293 66294
66335 66336
66337 66338
66342 66343
66345 66347
67243 67245
67306 67307
67410 67413
67430 67431
68808 68809
68820 68822
68862 68864
69002 69003
69074 69075
69303 69304
69321 69322
81263 81264
81287 81288
81311 81313
82189 82190
82232 82233
82241 82242
82244 82245
82256 82257
82259 82260
82272 82273
82411 82412
82691 82692
83025 83026
83031 83032
83041 83042
83045 83046
83116 83117
83118 83121
83248 83249
83250 83252
83254 83255
83306 83307
84015 84016
84019 84020
84021 84024
145903 145904
146794 146795
146797 146798
146973 146974
146975 146976
171935 171936
172155 172156
175598 175600
175607 175609
175615 175616
177562 177563
177698 177699
177866 177870
177990 177991
178062 178066
178143 178145
178373 178374
178375 178376
178378 178379
178380 178382
178388 178389
178402 178403
178404 178405
178528 178529
179247 179250
179259 179260
