0 1
3 4
5 6
7 8
9 10
2384 2385
2386 2387
2392 2394
2397 2398
2400 2401
2402 2403
2411 2412
2413 2414
2430 2431
2441 2442
2444 2445
2447 2448
6453 6455
6456 6459
6460 6461
6980 6981
6992 6993
6997 6998
7004 7005
8807 8808
8814 8815
8832 8833
8836 8837
8917 8918
9117 9118
9471 9472
9478 9479
9481 9482
9535 9536
9540 9541
9543 9546
9550 9553
9559 9560
9562 9564
9567 9570
9693 9695
9696 9697
9702 9703
9706 9708
9726 9727
9733 9734
9750 9751
10757 10758
10760 10761
10763 10765
10770 10772
10775 10776
10791 10792
10841 10842
10845 10846
15353 15355
15356 15358
15392 15393
15408 15410
15433 15434
15469 15470
15473 15474
23760 23761
23858 23859
23860 23862
23892 23893
23894 23895
23906 23907
23968 23969
23970 23972
24296 24297
24298 24299
24307 24310
24316 24317
24318 24319
24396 24397
24764 24767
24777 24778
24779 24782
24817 24820
24822 24823
24833 24834
35790 35791
35852 35853
35867 35868
35872 35873
36046 36047
36217 36218
36219 36220
36236 36238
36239 36240
36539 36540
36796 36797
36798 36799
36903 36904
36993 36994
37009 37010
37012 37013
37019 37021
37028 37030
37035 37036
37037 37038
37042 37044
38486 38488
38936 38937
38975 38976
38996 38997
39005 39006
41438 41439
41441 41442
41985 41986
41988 41989
41991 41992
43376 43377
43389 43390
43929 43930
43932 43933
43934 43935
43941 43942
43947 43950
43953 43956
44411 44414
44416 44417
44426 44428
44431 44433
44524 44525
44526 44528
44530 44531
44534 44535
44536 44538
44552 44553
44554 44555
44557 44559
44567 44568
45115 45117
45167 45169
45199 45200
45201 45202
45304 45305
45306 45308
45467 45468
45470 45471
45496 45497
45514 45515
45517 45518
45812 45814
45817 45820
45827 45828
45836 45838
45839 45840
50642 50643
50672 50673
50694 50695
50699 50702
50845 50846
50895 50896
50897 50898
50902 50906
50907 50908
50951 50952
50978 50982
51016 51018
51112 51115
51121 51122
51123 51124
51264 51265
51428 51431
51461 51462
51463 51464
51466 51467
51545 51546
51623 51625
51716 51717
51730 51731
54115 54116
55126 55129
55131 55132
55984 55985
55991 55993
55994 55995
58685 58686
58692 58694
58705 58706
58708 58709
58851 58852
58854 58855
58908 58911
58913 58914
58916 58917
58918 58919
58964 58966
58967 58968
58969 58971
59242 59243
59252 59253
59256 59258
59430 59431
59486 59487
59488 59489
59496 59497
59498 59499
59500 59501
59502 59503
59514 59515
59545 59546
59558 59561
59565 59567
60120 60121
60135 60136
60157 60158
60162 60163
60164 60165
60168 60169
95107 95109
122015 122016
122025 122026
122027 122028
122029 122030
122034 122035
122052 122053
122054 122055
122075 122076
122081 122082
122087 122088
122818 122819
123842 123844
123856 123857
124494 124495
128852 128853
128862 128863
128865 128866
128891 128892
128982 128983
129015 129017
129024 129026
129028 129029
129195 129196
129199 129200
129208 129209
129246 129247
129321 129322
129326 129327
129329 129330
129910 129911
129916 129918
129957 129958
129959 129960
129961 129962
129963 129965
129966 129968
129976 129978
129982 129983
129984 129985
129987 129989
129990 129992
132295 132296
132335 132336
139932 139933
139936 139937
141143 141146
141148 141151
141153 141154
141155 141157
141167 141172
141174 141175
141176 141177
141214 141217
141322 141323
141324 141325
141329 141330
141471 141472
141476 141477
147035 147036
147060 147061
147062 147063
149120 149121
149180 149181
149182 149183
149184 149186
149210 149211
149213 149214
149215 149216
150092 150093
150661 150662
150670 150671
150672 150673
150674 150676
150709 150710
150713 150715
150719 150720
150807 150808
150809 150810
150812 150813
150815 150816
150917 150918
150919 150921
150922 150923
150950 150951
151012 151013
151221 151222
151248 151249
164363 164364
164462 164463
164466 164467
164491 164492
164517 164518
165409 165410
165411 165412
165431 165432
165433 165434
165486 165487
165489 165490
165497 165498
165557 165558
165565 165566
165568 165569
166252 166253
166254 166255
166256 166257
166266 166267
166289 166290
166292 166293
166294 166295
166302 166303
166306 166311
166358 166359
166364 166365
166368 166369
166562 166563
166564 166565
166570 166571
166576 166577
166578 166579
166606 166607
166608 166609
166610 166611
166639 166641
166642 166643
166644 166645
166762 166764
166836 166839
166910 166912
166927 166928
167019 167020
167024 167025
167026 167027
167034 167035
167038 167039
167069 167070
167071 167072
167075 167076
167088 167089
167090 167091
167097 167098
167099 167100
167102 167104
167109 167110
173244 173245
173254 173256
173262 173263
182341 182344
182345 182347
182348 182349
182351 182352
182353 182355
182362 182363
182364 182365
182379 182380
182383 182384
182390 182391
182481 182483
182485 182486
182494 182495
182496 182497
182505 182506
182509 182511
182519 182520
182816 182817
182854 182855
182890 182891
182892 182894
183156 183158
183162 183163
183220 183222
183229 183230
183842 183843
188983 188984
188989 188990
189262 189263
190830 190831
190836 190837
190842 190844
191015 191016
191019 191025
191031 191032
191033 191034
191035 191036
191038 191039
191050 191051
191448 191449
191450 191451
191458 191459
191464 191465
191466 191469
191472 191473
191475 191476
191477 191478
191479 191480
