0 1
2 3
88 89
119 120
122 124
137 138
140 141
158 160
201 202
203 204
209 211
217 218
219 220
221 222
223 224
231 232
301 302
311 312
341 343
380 381
413 414
415 418
419 420
430 433
435 436
443 445
526 528
548 549
553 554
565 566
568 570
575 576
577 578
580 582
1030 1031
1050 1052
1054 1055
1056 1057
1058 1060
1061 1062
1063 1064
1069 1070
1095 1096
2729 2730
2748 2750
2751 2752
2881 2882
2883 2884
2888 2889
2892 2893
3034 3035
3036 3037
3070 3071
3191 3192
3316 3318
3370 3371
3373 3374
3392 3393
3398 3399
4192 4193
4195 4196
4638 4639
4640 4641
4665 4666
4669 4671
4821 4822
4839 4840
4845 4846
4852 4853
5553 5554
5556 5557
5825 5826
5834 5835
5836 5837
5843 5845
5846 5847
5853 5854
5887 5888
5906 5907
5955 5956
5957 5959
5961 5968
5988 5989
6002 6003
6013 6014
8813 8814
8815 8816
8841 8842
8848 8849
8997 8998
9059 9060
9063 9064
9077 9078
9098 9099
9106 9107
9154 9155
9438 9440
9441 9442
9450 9453
9584 9585
9710 9711
9978 9979
9980 9982
9983 9985
10129 10130
10131 10133
10135 10136
10442 10443
10449 10450
10451 10452
10680 10681
10684 10685
10696 10697
10703 10704
10705 10706
10763 10764
10768 10769
10771 10772
10784 10785
17626 17627
17630 17632
17635 17636
17637 17638
17639 17640
17641 17642
17666 17668
17676 17677
17679 17680
17741 17742
17743 17744
17747 17748
17749 17750
20377 20380
20384 20385
20404 20405
46178 46180
46239 46240
46258 46260
46276 46277
46282 46283
46284 46285
46287 46288
46295 46296
46335 46337
46519 46520
46564 46565
46581 46583
46647 46648
46656 46657
46658 46660
46667 46669
55338 55339
55344 55345
55952 55953
69543 69544
69546 69547
69559 69560
69563 69564
69570 69572
69573 69574
72709 72710
72760 72761
72763 72765
72766 72768
72944 72946
72947 72949
72960 72961
73016 73017
73156 73157
73172 73173
73174 73175
73207 73209
73235 73236
73240 73241
73243 73244
73308 73309
73427 73428
73466 73467
73469 73470
73597 73598
73602 73603
73604 73605
73608 73611
73613 73614
73624 73625
73726 73727
73728 73730
73893 73894
73911 73912
73918 73919
74177 74178
74180 74182
74198 74199
74200 74201
74204 74205
74213 74214
74569 74570
74577 74578
74581 74583
74589 74590
74613 74614
74615 74616
74618 74619
74631 74632
74634 74635
76491 76492
76920 76922
76934 76935
76936 76939
77412 77413
77418 77419
77420 77421
77430 77431
77449 77450
77453 77454
77456 77457
77484 77486
286403 286404
288172 288173
288177 288178
288179 288181
288470 288472
288473 288474
288557 288558
288591 288592
288664 288666
288675 288676
288680 288681
288732 288733
288742 288743
288777 288779
288780 288781
290427 290428
290547 290548
290632 290633
290634 290636
290637 290638
290640 290645
290648 290649
290656 290657
290755 290756
291159 291160
291173 291174
291175 291176
291177 291179
291403 291405
291618 291620
401581 401582
401616 401617
401666 401667
401669 401670
401671 401672
404210 404211
404352 404353
404354 404356
404358 404359
404363 404365
404366 404367
404369 404370
404371 404372
404404 404405
404408 404410
404413 404414
404419 404421
404423 404424
404425 404426
404434 404435
404563 404564
405260 405261
405274 405275
405279 405280
405633 405636
405696 405697
405698 405699
405700 405701
405710 405711
405730 405731
405737 405740
405770 405771
405781 405782
431706 431707
431708 431711
431714 431716
433109 433114
433165 433166
433167 433168
433169 433170
433186 433187
433191 433192
433193 433194
433215 433216
433217 433218
433235 433236
433240 433241
433272 433277
433357 433359
433371 433374
433377 433378
433382 433384
433385 433386
433387 433388
433790 433792
433799 433800
433803 433805
433813 433814
433883 433884
433885 433886
434492 434493
434495 434496
434688 434689
434690 434691
434695 434696
434698 434700
434705 434706
434782 434783
434784 434785
434822 434823
434824 434825
434831 434832
434833 434834
434946 434947
434969 434972
435052 435053
435054 435055
435094 435095
435096 435097
435108 435109
435110 435111
435117 435118
435160 435162
435176 435177
435186 435190
435195 435196
435200 435202
435227 435228
435233 435234
435240 435242
436790 436791
436817 436819
436823 436824
436828 436829
437680 437681
437689 437690
437700 437703
437705 437706
437716 437717
437726 437727
437788 437789
438201 438203
438227 438229
438238 438240
458402 458405
458407 458408
458438 458440
458445 458446
458530 458531
458565 458566
458570 458571
459939 459940
460138 460139
460142 460143
460154 460155
460168 460169
460171 460172
462671 462672
462690 462693
462694 462696
462697 462698
462704 462705
462725 462727
465591 465592
466751 466752
466757 466759
466764 466766
466768 466769
466785 466786
466804 466805
466818 466820
466827 466828
466852 466853
467129 467130
467416 467417
467511 467512
467520 467521
468326 468329
468340 468341
468343 468344
468348 468349
468350 468354
468371 468372
468376 468377
468380 468381
468413 468415
468419 468420
468452 468454
468550 468551
468559 468560
468573 468574
468575 468576
468578 468579
468582 468583
468585 468586
468594 468595
468605 468607
468613 468614
478236 478238
478286 478287
478868 478869
478878 478880
478881 478882
478914 478915
478916 478917
478919 478921
478960 478961
479377 479378
479418 479419
479426 479427
479434 479435
479439 479440
480202 480203
480324 480325
480342 480343
480346 480349
480351 480352
480938 480939
484628 484629
485008 485009
485025 485026
485544 485545
485557 485558
485559 485560
485561 485562
485911 485912
486321 486323
486329 486330
486336 486337
486339 486341
486350 486351
494886 494887
495446 495447
495513 495514
495515 495516
495566 495567
495953 495954
496007 496008
496059 496060
496064 496065
496066 496067
496070 496071
496219 496221
496233 496234
496243 496246
496256 496257
504433 504434
504547 504549
504555 504556
504698 504699
504700 504702
517051 517052
517100 517101
517106 517107
517109 517111
517112 517113
517114 517115
517205 517206
517290 517291
517293 517295
517312 517314
517360 517361
517411 517413
517416 517417
517419 517420
521952 521954
522003 522004
522040 522041
522044 522045
522084 522085
522105 522107
522111 522112
522121 522122
522123 522124
522143 522144
522145 522146
522151 522153
522162 522163
522459 522460
525365 525366
525384 525385
525399 525400
525404 525405
525472 525476
525477 525478
525479 525480
525481 525482
525491 525492
525494 525497
525862 525863
525870 525872
525876 525877
526290 526291
529875 529876
529936 529937
529949 529950
529951 529952
529956 529958
552461 552463
552703 552704
552713 552714
552793 552795
552800 552802
552986 552987
553014 553015
572222 572223
572225 572226
572229 572230
572246 572247
572269 572270
572274 572275
572590 572592
572593 572596
572614 572617
572639 572641
816327 816329
816359 816361
816362 816364
816397 816398
816399 816400
816402 816404
816409 816410
816668 816669
816676 816677
816678 816679
816701 816702
816816 816817
816819 816820
816852 816853
816857 816858
816870 816871
816873 816874
816895 816896
816908 816909
816910 816911
816956 816957
817454 817456
817459 817461
817512 817514
817551 817552
817554 817556
817562 817563
817564 817565
817567 817568
817569 817570
817577 817578
819110 819111
819112 819113
819118 819119
819120 819123
819289 819290
821464 821465
821471 821474
821667 821668
821708 821709
821711 821712
822127 822129
822209 822210
822215 822216
823138 823139
823140 823141
823177 823179
823192 823193
823194 823195
823203 823205
823752 823753
823757 823760
823827 823829
823886 823888
823891 823893
823916 823917
824232 824233
824238 824240
824283 824284
824287 824288
824892 824893
824894 824895
825036 825037
825047 825049
825050 825051
825054 825055
825976 825977
825978 825981
826012 826013
826015 826016
826030 826032
826034 826036
827121 827122
827128 827129
827155 827156
827671 827672
827673 827674
827758 827759
828567 828568
828721 828722
828723 828724
828726 828727
828944 828947
828972 828973
829277 829278
849604 849605
849624 849625
849631 849632
851671 851672
851798 851799
851803 851804
851828 851829
851907 851908
851962 851964
852222 852224
981213 981215
981220 981221
981292 981293
981328 981329
981331 981332
981453 981454
981456 981457
981613 981614
982466 982467
982473 982474
982475 982476
982478 982479
982493 982494
983293 983294
999627 999628
999734 999735
999746 999747
999804 999805
999807 999808
999932 999933
999962 999963
