0 3
6 8
10 11
12 14
19 20
47 51
724 726
3243 3244
3309 3310
3316 3317
3319 3320
3327 3328
3329 3330
3343 3344
3372 3375
3725 3726
3793 3794
4308 4309
4312 4313
4314 4316
4363 4364
4411 4412
4415 4416
4443 4444
4446 4447
4688 4689
4693 4694
4703 4706
4745 4746
5395 5396
5397 5398
5496 5498
5503 5504
5561 5562
6323 6324
6912 6913
6932 6933
6935 6936
6963 6964
6999 7001
7003 7004
7008 7010
7261 7264
7281 7282
7285 7286
7296 7299
7301 7302
7303 7304
7348 7349
7352 7353
7622 7623
7910 7911
7913 7914
7928 7929
7934 7935
7956 7957
7961 7962
7976 7977
7994 7995
8003 8004
8006 8007
8015 8016
8069 8071
8156 8159
8160 8161
8176 8177
8408 8410
8416 8417
8440 8441
8451 8452
8468 8469
8489 8490
10396 10397
10694 10695
10714 10716
10721 10722
11176 11177
11203 11204
11303 11304
11767 11768
12166 12167
12174 12175
12190 12191
12192 12193
12205 12206
12207 12208
12212 12213
12411 12414
12604 12605
12831 12832
12852 12853
12859 12861
12864 12865
17049 17050
17053 17056
17082 17083
17284 17285
17292 17294
17296 17297
17305 17306
17599 17600
17610 17611
20442 20443
20445 20446
20449 20450
20485 20486
20540 20541
20547 20548
26084 26085
26143 26146
26147 26148
26150 26151
51098 51099
51164 51165
51166 51167
51173 51174
57329 57330
57369 57371
57374 57375
71645 71646
71650 71651
71828 71829
71932 71933
71934 71935
72028 72029
72030 72031
72040 72041
72239 72240
72838 72839
72981 72983
73028 73029
73332 73333
73344 73345
73355 73357
73440 73441
73445 73447
73449 73450
73451 73454
73461 73462
73496 73497
73499 73500
73509 73510
78108 78109
78120 78121
78356 78358
78363 78364
127305 127306
129363 129364
129366 129367
129372 129373
129431 129432
129433 129435
129437 129438
130911 130914
130938 130940
130951 130952
131048 131049
131161 131162
