0 1
62 63
110 111
165 166
337 338
343 344
363 364
365 366
386 387
1370 1371
1373 1374
1375 1376
1378 1379
1710 1711
1786 1787
3241 3242
10277 10278
10756 10757
10763 10764
10765 10766
10809 10812
10815 10816
10821 10822
10898 10899
10900 10901
10920 10921
10927 10928
11140 11142
11166 11169
11179 11180
11186 11187
11188 11189
11501 11502
11529 11532
11533 11534
11542 11543
11551 11552
11572 11574
11577 11578
11580 11581
15346 15348
15350 15351
15354 15355
15372 15373
15374 15375
15397 15400
15401 15403
15404 15405
15413 15415
15416 15417
15434 15436
15446 15448
15463 15465
15472 15473
15486 15488
15493 15494
15495 15496
15504 15506
17251 17252
27217 27218
27314 27315
27316 27317
27323 27324
27329 27330
27332 27333
27334 27335
27623 27624
27626 27627
33569 33570
33571 33572
33578 33581
33586 33587
33588 33589
33591 33592
33595 33596
33601 33602
33698 33699
33701 33702
33710 33711
33724 33726
33730 33731
33740 33742
33764 33765
39313 39314
40114 40115
40117 40120
40121 40123
40126 40127
40130 40132
40671 40672
40721 40722
40723 40724
40725 40727
40730 40733
40738 40739
70589 70590
70813 70814
71083 71086
71097 71098
71101 71103
74858 74859
74866 74868
74869 74870
74970 74971
74975 74976
75175 75176
75177 75178
76012 76013
76018 76019
76022 76023
76068 76069
76186 76188
76268 76270
76271 76272
76277 76279
76281 76282
76287 76288
76289 76290
76294 76295
76296 76297
76898 76902
76903 76906
76920 76921
76929 76931
76942 76943
77161 77165
77177 77178
77207 77208
77211 77213
77226 77227
77236 77237
77539 77540
77546 77547
77607 77608
77609 77610
77624 77625
77915 77916
77917 77918
78308 78309
78312 78314
78767 78768
78771 78773
78774 78775
78778 78779
78934 78935
78957 78960
79007 79008
79019 79020
79069 79070
79072 79074
79087 79089
79090 79091
79118 79119
79120 79121
79127 79128
79132 79134
79141 79142
79175 79176
84120 84121
84123 84125
84128 84129
84144 84145
84772 84773
84781 84782
84796 84797
84798 84799
84875 84877
85234 85235
85320 85321
85326 85327
85350 85351
85352 85355
85358 85359
85375 85376
85377 85378
85384 85385
85396 85397
85398 85399
85402 85403
85709 85710
85882 85883
85894 85895
85898 85900
85914 85915
85999 86000
87022 87023
87045 87046
87380 87381
87470 87471
87478 87479
87509 87511
87513 87514
87558 87559
87924 87925
87926 87929
87934 87935
87983 87984
89649 89650
89651 89652
91060 91061
91094 91096
91104 91108
91116 91118
91184 91185
91211 91212
91213 91218
91219 91220
91221 91222
91241 91242
91243 91246
91249 91250
91252 91253
91337 91339
91385 91386
91394 91395
91404 91405
91406 91407
91424 91425
91428 91429
91449 91450
91455 91456
91492 91497
91498 91499
91501 91502
91503 91504
91513 91514
91545 91547
91566 91567
91574 91575
91599 91600
91697 91699
91700 91701
91703 91704
91946 91947
91948 91949
91956 91957
91959 91960
91961 91962
92747 92748
95043 95044
95049 95050
95053 95054
95668 95669
95678 95680
96947 96948
96964 96966
96981 96982
96985 96986
96991 96992
97028 97029
97033 97035
97075 97076
97081 97082
97083 97085
97087 97088
97091 97093
97099 97100
97102 97103
97116 97117
97121 97122
97138 97139
97141 97143
97145 97147
97156 97157
97165 97166
97167 97168
97175 97176
97178 97179
99518 99519
99898 99899
100808 100810
100820 100821
100844 100845
100846 100847
100879 100881
218789 218790
219372 219373
219742 219743
219771 219772
219797 219798
219840 219841
219889 219892
219894 219896
219901 219903
219909 219910
219916 219917
220110 220113
220122 220123
220142 220144
