0 1
35 37
6582 6583
6753 6754
6765 6766
6826 6827
6835 6836
6837 6839
6872 6873
6876 6877
6883 6884
6898 6899
6900 6901
6934 6935
6938 6941
8988 8989
8991 8992
8994 8997
10100 10101
10102 10103
10120 10121
10185 10186
10198 10199
10200 10201
12115 12117
12142 12143
12144 12145
12148 12149
12748 12749
13275 13277
13318 13319
13369 13371
13464 13465
13575 13576
13586 13587
13598 13599
15985 15986
16067 16068
16116 16119
16206 16207
16246 16247
16250 16251
16294 16297
16300 16301
16310 16312
16314 16315
16317 16319
16679 16680
16681 16682
16683 16684
16685 16686
16692 16693
17006 17008
17009 17011
17023 17024
17056 17057
17058 17059
17067 17068
17075 17076
17079 17080
17081 17083
17087 17089
17091 17092
17096 17097
17173 17174
17193 17194
17219 17220
