0 1
302 305
326 327
329 330
349 350
376 377
378 379
382 383
419 420
421 422
444 445
450 451
452 453
1113 1114
1121 1122
1132 1133
1755 1756
1764 1765
1766 1767
1781 1782
1823 1824
1825 1826
2103 2104
2106 2108
2149 2150
2151 2154
2155 2156
2199 2200
2365 2368
4595 4596
4601 4602
4606 4607
4612 4613
4615 4616
4617 4619
4654 4655
4719 4720
4725 4726
4733 4734
4741 4747
132135 132136
132149 132151
132153 132154
132268 132269
132273 132274
132277 132278
140474 140475
140477 140478
140500 140501
140503 140504
140546 140547
140600 140601
140608 140609
140610 140611
140612 140613
140695 140697
140703 140705
140706 140707
141955 141959
142005 142006
142035 142036
