0 1
2 4
5 6
23 24
27 28
30 31
833 834
912 913
920 921
933 934
942 943
949 950
1138 1139
10019 10020
13941 13942
13948 13949
21604 21605
21787 21788
21789 21790
21822 21824
21826 21827
21858 21861
21871 21872
21873 21874
21920 21921
21922 21923
21961 21962
22373 22374
22383 22386
23203 23204
23207 23208
23213 23214
23215 23216
23218 23219
23227 23228
23239 23240
23639 23640
23645 23646
23653 23654
24076 24077
24083 24085
24141 24143
24339 24340
24344 24346
24406 24407
24416 24417
24418 24419
24606 24608
24609 24610
24625 24626
24746 24747
24770 24771
24863 24865
25122 25123
25124 25125
25126 25128
25142 25143
25144 25146
25157 25158
26055 26056
26098 26099
26118 26119
26180 26181
26194 26195
26263 26265
26347 26348
26366 26368
26378 26379
26393 26394
26438 26439
26452 26453
26455 26457
26458 26459
26460 26461
26462 26466
26489 26490
26492 26495
26497 26499
26507 26508
26509 26510
26549 26550
26578 26579
26580 26581
26583 26584
26665 26666
26667 26668
26669 26670
26679 26680
26701 26704
26750 26753
33354 33355
33380 33381
33382 33383
33461 33462
34092 34093
34095 34096
34102 34103
34444 34445
34447 34448
34450 34451
34454 34455
35396 35397
35404 35405
35419 35420
35422 35423
35432 35433
37496 37497
37499 37500
37502 37503
37504 37505
37518 37519
38262 38263
38341 38342
38366 38367
38415 38416
38429 38430
38439 38441
38443 38444
38463 38464
38486 38487
38503 38504
38505 38506
38508 38510
38511 38512
38519 38522
38527 38528
38551 38552
38615 38616
38617 38618
38635 38636
38637 38638
38641 38642
38651 38652
38827 38828
38883 38884
38896 38898
38904 38906
43400 43402
43487 43488
43498 43499
43519 43521
43522 43523
43558 43559
43857 43858
43910 43912
43914 43915
43916 43917
43927 43928
43929 43930
43937 43938
43939 43940
43941 43942
43992 43993
44001 44002
44004 44006
44057 44058
44069 44071
44073 44074
44121 44122
44124 44125
44126 44127
44636 44638
44639 44640
44641 44644
44654 44655
44716 44717
44726 44727
45038 45040
45055 45056
45073 45074
45093 45095
430793 430794
430810 430811
430816 430817
430818 430819
430822 430823
430834 430835
430852 430853
454590 454591
454736 454737
454748 454749
454750 454751
455380 455381
455466 455467
455478 455480
455481 455482
455488 455489
455702 455703
455767 455769
456610 456612
456629 456630
456710 456711
456712 456714
456832 456833
456834 456835
457309 457310
457335 457336
457339 457340
457341 457343
457356 457357
919113 919114
919118 919119
919180 919181
920044 920045
920110 920111
920114 920115
920143 920144
920156 920157
920175 920176
920179 920180
920257 920259
920264 920265
920269 920270
920333 920334
920335 920337
920352 920353
922474 922475
922484 922485
922528 922529
922539 922540
922555 922556
922568 922569
922584 922585
922635 922636
922682 922684
922719 922721
922722 922723
922730 922731
922737 922738
922740 922741
922771 922772
924493 924494
924496 924497
924545 924546
924549 924550
924556 924557
924560 924562
924568 924569
924584 924585
924786 924787
925122 925123
925124 925125
925161 925162
