0 1
2 3
4 5
7 8
301 302
308 309
315 316
317 318
489 490
504 506
556 557
558 559
561 562
4454 4455
4883 4884
4888 4889
4900 4903
4925 4926
4930 4931
7836 7837
7966 7967
11154 11155
11156 11157
11160 11161
11162 11163
11168 11169
11446 11447
11736 11737
11795 11796
12522 12523
12524 12525
12534 12535
12553 12554
12558 12559
13315 13316
13325 13326
13587 13589
13594 13595
13598 13600
13609 13610
13639 13640
13641 13642
13666 13667
13668 13669
13670 13671
13689 13694
13705 13706
13707 13709
13710 13712
13788 13789
13802 13804
13807 13809
13810 13811
13813 13814
13818 13820
13939 13940
13941 13942
14330 14331
14344 14347
14348 14350
14355 14356
15977 15978
15987 15988
15989 15990
15992 15993
15995 15996
16294 16295
16309 16311
16782 16783
19922 19923
19925 19926
19929 19930
20018 20019
20046 20047
20153 20154
20157 20158
20159 20162
20164 20166
20168 20170
20613 20614
20616 20617
20621 20622
20638 20640
20641 20642
20649 20650
21075 21077
21194 21195
21197 21199
26139 26140
56650 56651
56652 56653
56695 56697
56867 56869
56873 56874
57228 57229
57236 57237
57242 57243
57252 57253
57261 57262
57263 57264
58359 58360
58363 58365
58384 58387
58402 58403
58807 58808
58876 58878
58879 58880
58897 58898
58906 58907
58909 58910
58939 58940
69193 69195
69327 69328
69330 69331
69332 69333
69339 69340
69363 69364
69365 69366
69370 69371
69374 69376
69387 69388
69509 69510
69524 69525
69528 69529
135031 135032
135154 135155
143528 143529
143531 143532
143603 143605
143874 143875
143876 143878
143883 143884
144077 144078
144079 144080
144096 144098
144155 144156
144160 144163
144164 144165
144167 144168
144224 144225
144250 144251
144254 144255
144604 144605
144790 144791
144798 144800
144803 144804
144805 144806
144808 144809
144810 144811
144815 144816
144820 144821
144823 144824
144978 144979
145085 145086
145088 145089
148814 148815
148816 148819
148827 148828
148829 148831
148836 148837
160894 160895
160919 160920
