0 2
10 11
12 13
47 49
61 62
66 67
90 91
107 108
118 119
147 148
287 288
532 533
534 535
536 537
538 539
1081 1082
1143 1144
1384 1387
1395 1396
1467 1468
1470 1471
1472 1473
1491 1492
1535 1536
1538 1539
1542 1543
1653 1656
1712 1713
2307 2309
2311 2312
2326 2327
2467 2469
2503 2504
2609 2610
2691 2692
2704 2706
2733 2734
2739 2740
2745 2746
2751 2752
2765 2766
2808 2809
3068 3069
3097 3098
3101 3102
3104 3105
3134 3136
3330 3331
3332 3333
3367 3368
3371 3373
3878 3879
3882 3883
3930 3932
4052 4053
4054 4055
4056 4057
4093 4094
4099 4100
4210 4211
4212 4213
4228 4231
4232 4233
4279 4280
4281 4282
4290 4291
4292 4293
5002 5003
5006 5007
5009 5010
5041 5042
5792 5797
5823 5824
5833 5835
5837 5838
6974 6976
7039 7040
7346 7347
7348 7349
7350 7351
7352 7353
7364 7366
7367 7368
7416 7417
7427 7429
7431 7432
7434 7436
7482 7483
7486 7487
7500 7501
7664 7665
7667 7669
7672 7674
7679 7680
7681 7682
7899 7900
7901 7902
7916 7917
7921 7922
7946 7947
7958 7959
7973 7977
7982 7983
7997 7999
8000 8001
8093 8095
10519 10520
10522 10523
10544 10545
10548 10549
10554 10555
10614 10615
10640 10641
10736 10737
10755 10759
10769 10770
10897 10898
10901 10902
10903 10904
10905 10906
10915 10916
10921 10923
10925 10927
11494 11495
11496 11498
11499 11500
11549 11550
11733 11734
12229 12230
12231 12232
12233 12234
12240 12243
12244 12245
33122 33123
33237 33238
33716 33718
33881 33883
48116 48117
48122 48123
49543 49545
49557 49558
49580 49581
50209 50210
50211 50212
50222 50223
50236 50237
50350 50351
50352 50353
50354 50355
50558 50559
55396 55397
55412 55413
55620 55621
112366 112367
112392 112393
112486 112487
112488 112489
112499 112500
112509 112510
112552 112553
112554 112555
112558 112559
112560 112561
112636 112637
112639 112640
112641 112642
112966 112967
112974 112975
112977 112979
113041 113042
113180 113181
113184 113185
113205 113206
113213 113215
113237 113238
113251 113252
113256 113257
113289 113291
113294 113295
113927 113928
113987 113988
114372 114373
114395 114396
114397 114398
115082 115083
115084 115085
115091 115092
115094 115095
115097 115098
115134 115135
115154 115155
115156 115158
115163 115164
115208 115209
115880 115881
115890 115891
115892 115895
115906 115907
116208 116209
116210 116211
116293 116294
116334 116335
116337 116339
116443 116444
116459 116460
116692 116693
116698 116699
116750 116751
116753 116755
116826 116828
116829 116832
116863 116864
117101 117102
117507 117508
117790 117792
118508 118510
118623 118626
118628 118629
118630 118632
118649 118650
118652 118653
118655 118656
118660 118661
119705 119706
119707 119708
119710 119711
120062 120063
120094 120095
120111 120112
120118 120119
120538 120540
120831 120832
120879 120880
120889 120890
120916 120922
120926 120927
121098 121099
121103 121104
121172 121173
121246 121247
121248 121250
121684 121685
121703 121705
121715 121716
121727 121728
121729 121730
121876 121877
125357 125358
125361 125362
127346 127347
127429 127430
127535 127536
127754 127755
127758 127759
131008 131009
131611 131612
131773 131774
131776 131778
132571 132572
132640 132646
132653 132654
132685 132686
132696 132697
132727 132728
132729 132732
132736 132737
132871 132873
132969 132970
136271 136273
136301 136303
136310 136311
136319 136320
136969 136970
142654 142655
142661 142662
142696 142698
142700 142701
142704 142705
142708 142710
142716 142717
142726 142727
142765 142766
142783 142784
142788 142789
142914 142916
142920 142922
143239 143240
143283 143284
143304 143305
143306 143307
143320 143321
143322 143325
143332 143333
143338 143339
143372 143374
143690 143691
143693 143694
143696 143697
143736 143737
237534 237535
237574 237575
237578 237579
237586 237587
237610 237613
237642 237643
237644 237645
237657 237658
237660 237663
237664 237665
237666 237667
237699 237700
237723 237726
237728 237729
237761 237762
237763 237764
237768 237769
237770 237771
237776 237777
237793 237794
248159 248160
248170 248171
248172 248173
248368 248369
248393 248394
248395 248396
798026 798027
798030 798031
798042 798043
803177 803178
803206 803208
803220 803221
803349 803350
803351 803352
803368 803370
803784 803785
803792 803794
803870 803871
804317 804318
804319 804323
804352 804353
804355 804357
804360 804361
808945 808946
809143 809144
809975 809976
809978 809979
809981 809982
809987 809988
809990 809991
810020 810021
822260 822261
822268 822270
822331 822332
829881 829883
829885 829886
829887 829888
830024 830025
830030 830031
830083 830084
830085 830086
830096 830097
830153 830154
830165 830167
830171 830172
830181 830183
830185 830186
830190 830191
830192 830194
830583 830584
830593 830594
830602 830603
830622 830623
830644 830645
830853 830856
830857 830858
830860 830862
830863 830866
830899 830902
830930 830931
830934 830935
830936 830937
830949 830951
831014 831015
831050 831051
831150 831151
831158 831159
831178 831179
831181 831182
831361 831362
831988 831989
831994 831996
831997 831998
832050 832051
832052 832053
832080 832081
832099 832101
832103 832104
832107 832109
833978 833979
834092 834093
834132 834133
834147 834148
834181 834183
834186 834187
834188 834190
834211 834212
834213 834214
834223 834224
834286 834287
834295 834298
834324 834325
834326 834328
834356 834357
834372 834373
834436 834437
834438 834440
834493 834494
834502 834505
834507 834508
839297 839299
839304 839306
839313 839314
841105 841106
841130 841131
841138 841139
841140 841141
841196 841197
841292 841293
841304 841305
841322 841323
841519 841520
841526 841527
845568 845569
845571 845572
845581 845583
846999 847000
847560 847561
847587 847589
847798 847799
847879 847880
847894 847895
848063 848064
848069 848070
848072 848073
848088 848089
848156 848157
848161 848165
848179 848180
848228 848229
848230 848232
848239 848241
848266 848267
848268 848269
848273 848276
848590 848591
848593 848594
848621 848622
848642 848643
848661 848665
848667 848668
848669 848670
848692 848693
848714 848716
848880 848881
848899 848900
848919 848920
