0 1
22100 22101
22226 22227
22405 22406
22407 22409
22416 22417
23271 23272
23401 23402
23547 23548
23602 23603
23627 23628
23630 23632
121354 121355
121966 121967
121979 121980
121982 121985
121987 121990
122284 122285
122292 122294
122296 122299
122314 122316
122319 122321
122322 122325
122333 122334
122442 122443
122552 122553
122559 122560
122818 122821
122822 122823
122825 122826
122914 122916
122918 122920
126797 126798
126803 126804
126820 126821
132150 132151
132166 132167
132256 132257
134864 134865
225060 225062
225074 225075
225078 225079
225087 225089
225139 225140
225202 225203
225216 225217
225218 225219
225379 225380
225381 225382
225384 225386
225388 225389
225453 225454
225458 225459
225461 225462
225718 225720
225894 225895
225901 225902
225935 225936
225939 225940
225956 225957
226017 226018
226019 226023
226024 226025
226031 226032
226033 226034
226040 226041
226042 226043
226046 226047
226049 226050
226051 226052
226053 226055
226064 226065
226068 226069
226070 226071
226081 226082
226087 226088
226089 226092
226093 226094
226097 226099
226103 226104
226105 226107
226138 226140
226271 226272
226294 226295
226297 226298
226311 226312
226328 226329
226330 226331
226499 226500
226588 226591
226592 226594
226595 226597
226598 226599
226625 226626
226627 226628
226641 226643
226644 226647
226661 226662
226737 226738
226739 226740
226807 226808
226810 226811
227036 227037
227045 227047
227049 227050
228160 228161
228162 228163
228712 228713
228717 228718
228719 228720
228722 228728
228733 228734
228756 228758
228759 228760
228761 228762
228765 228768
228851 228852
228866 228867
228893 228894
228897 228898
228919 228920
228941 228942
229441 229442
229443 229447
229452 229453
229467 229469
229475 229476
229482 229483
229484 229486
229493 229494
229694 229695
230070 230071
230074 230076
230088 230089
230099 230102
230178 230179
230181 230183
230184 230185
230187 230189
230190 230191
230192 230193
230195 230196
230238 230239
230249 230250
230259 230260
230261 230262
230273 230274
230278 230279
230280 230281
230290 230291
230292 230293
230297 230301
230510 230511
230534 230535
230579 230581
230585 230586
230591 230594
230644 230645
230650 230651
230938 230945
230947 230949
231038 231039
231061 231062
231128 231129
231905 231906
233481 233482
233507 233509
233522 233525
233808 233809
233839 233840
233861 233862
233868 233871
233876 233878
233879 233880
234755 234757
234778 234779
234799 234800
234826 234827
234831 234832
235085 235086
235109 235110
235112 235113
235406 235407
235413 235414
235418 235419
235429 235432
235436 235437
235438 235440
235498 235499
235502 235503
235511 235514
235517 235518
235858 235859
235885 235886
235887 235888
235889 235893
235897 235899
235900 235901
235905 235906
248281 248282
248290 248292
248308 248309
248369 248370
248378 248379
248383 248384
248387 248388
248389 248390
248674 248675
248926 248927
249006 249009
249011 249012
249035 249036
249038 249039
249043 249044
249045 249046
249054 249055
249177 249178
249241 249242
249243 249244
249350 249351
249353 249354
249366 249368
249369 249370
249372 249373
249374 249375
249383 249384
249385 249386
249501 249502
249505 249506
249923 249924
249929 249930
249940 249941
249958 249959
249964 249966
252640 252642
252643 252645
252648 252649
252677 252679
252686 252687
252688 252689
252711 252713
252725 252726
256365 256366
256393 256394
256434 256436
256457 256458
256503 256505
256511 256512
256513 256514
256529 256530
256577 256578
257699 257700
257709 257710
257714 257715
257769 257770
257831 257832
257848 257850
258982 258983
258988 258990
258997 258998
259002 259003
259008 259009
259013 259014
259050 259051
259052 259053
259062 259063
259409 259410
259411 259413
260068 260070
260115 260119
260120 260123
260135 260136
260215 260216
261213 261214
261215 261216
261218 261219
261221 261222
261223 261224
261226 261227
261600 261601
261625 261626
261627 261628
261629 261630
261688 261690
261692 261693
261696 261697
284519 284521
285596 285597
285598 285599
285600 285601
285603 285605
288259 288260
288641 288642
288900 288901
288949 288950
290159 290160
290170 290171
290172 290173
290176 290177
290180 290181
290190 290192
290195 290197
290199 290202
290203 290204
290213 290215
290221 290222
290304 290305
290308 290310
290342 290343
290415 290416
290419 290421
290444 290445
290447 290448
290458 290459
290482 290483
290674 290675
290714 290715
290727 290728
290729 290730
290789 290790
290791 290792
290793 290795
290904 290905
290907 290908
290920 290921
290922 290923
295524 295526
302041 302042
302278 302280
302331 302333
302357 302359
302362 302363
302370 302371
302372 302373
302377 302378
302385 302386
302408 302409
302432 302433
302457 302459
302462 302463
302464 302466
302481 302482
302575 302576
302604 302605
302687 302688
302699 302700
302717 302718
302721 302722
302725 302726
302784 302785
302941 302942
302945 302947
302956 302957
302966 302967
302969 302970
302971 302972
302973 302974
302979 302980
307931 307932
307971 307972
307976 307977
307985 307988
308002 308003
308009 308010
308027 308028
308054 308055
308059 308060
308071 308072
315273 315274
315276 315277
315279 315280
315282 315283
315291 315292
315293 315294
315295 315296
315448 315449
315523 315525
315561 315564
315646 315649
315660 315661
315663 315664
315678 315679
315687 315688
315691 315692
315694 315696
315713 315714
315935 315936
315942 315943
315946 315947
316035 316036
316279 316280
316420 316421
316722 316724
316760 316761
316762 316763
316800 316802
316919 316920
316927 316928
316959 316961
316965 316967
317064 317066
317077 317078
317082 317083
317088 317089
317096 317097
317101 317102
317157 317158
317166 317167
317209 317210
317212 317214
317239 317240
317289 317290
317296 317297
317317 317318
317324 317325
317332 317333
317806 317807
318019 318020
318112 318113
318114 318115
318116 318117
320972 320975
321081 321082
321084 321085
321125 321126
321128 321130
321162 321163
321164 321165
321212 321213
321252 321253
321254 321255
321265 321268
321269 321270
321273 321275
321454 321455
321463 321464
321508 321509
321532 321533
321534 321535
321540 321541
321543 321544
321547 321550
321562 321565
321811 321813
321930 321931
321932 321933
321934 321936
321937 321938
321940 321943
322002 322004
322010 322011
322025 322027
322030 322031
322101 322103
