0 2
5560 5561
5581 5582
5583 5585
5587 5589
5781 5783
5785 5786
5874 5875
5876 5877
5887 5888
7098 7099
7140 7141
7150 7151
7159 7160
7161 7163
7171 7172
7173 7174
7258 7260
7261 7262
7275 7277
7279 7280
7282 7283
7291 7293
7663 7665
7686 7687
7689 7690
7829 7830
7831 7832
7849 7850
7864 7865
7866 7867
8677 8678
8679 8680
8686 8688
8694 8695
8703 8704
9099 9100
9103 9104
9109 9110
9163 9165
9174 9175
9417 9419
9473 9475
9481 9482
9497 9500
9503 9504
9507 9508
9588 9591
9592 9593
9649 9650
9679 9680
9772 9773
9776 9778
9780 9782
9785 9786
9794 9795
9806 9807
9808 9809
9819 9820
9913 9914
10100 10101
10111 10112
10144 10146
10684 10685
10693 10694
10762 10763
10765 10766
10778 10779
10786 10788
10824 10826
10828 10830
10831 10832
10833 10837
10976 10977
11022 11023
11024 11025
11026 11027
11028 11029
11045 11047
11048 11049
11050 11051
11063 11064
11079 11080
11099 11101
11103 11104
11753 11754
11755 11756
11769 11770
11771 11773
11774 11775
11786 11788
11797 11800
11807 11808
11812 11813
11814 11815
12777 12778
12781 12782
12785 12787
12809 12810
12821 12822
12825 12826
12830 12831
12833 12836
13542 13543
13552 13553
13556 13557
13565 13566
13578 13579
13581 13582
28981 28982
28985 28987
28990 28991
29006 29008
29010 29011
29013 29014
29094 29095
29096 29097
29119 29121
29186 29187
29189 29190
29771 29772
29780 29781
29796 29797
29879 29880
32148 32149
33927 33928
33951 33952
33955 33956
33960 33961
33964 33965
33966 33967
33972 33973
33981 33983
33984 33985
33988 33989
34026 34029
34036 34037
34042 34044
34470 34472
34490 34491
34506 34507
34782 34783
34785 34786
34789 34790
34794 34798
34799 34800
34824 34825
34826 34827
34828 34829
34830 34831
275101 275103
275105 275106
275107 275108
275176 275177
275180 275181
275182 275183
275202 275204
275205 275206
275207 275209
275233 275234
276208 276210
276252 276253
276298 276299
276348 276349
276353 276358
276585 276587
276591 276594
276595 276596
276674 276675
278314 278315
278566 278567
279421 279423
281005 281007
281157 281158
281161 281162
281163 281164
281168 281169
281749 281750
281764 281765
282770 282771
282784 282785
282788 282790
282814 282815
282820 282821
282829 282830
282848 282849
282868 282869
286875 286876
286878 286879
287472 287474
287476 287477
288047 288048
288055 288056
288057 288058
288187 288188
288200 288201
288244 288245
288253 288254
288255 288256
288963 288964
288976 288977
288999 289000
289001 289002
289004 289006
289007 289010
289282 289284
289349 289352
289354 289355
289356 289357
289791 289792
289821 289822
289823 289824
289846 289848
289856 289857
289858 289859
289876 289877
291018 291019
291026 291028
291031 291033
451220 451221
451225 451226
451246 451247
451940 451941
451987 451988
470639 470640
470721 470723
473709 473710
473755 473756
473758 473759
473786 473787
473790 473791
473863 473864
473866 473867
473868 473869
473871 473872
473873 473875
474002 474003
474004 474005
474048 474050
474051 474052
474058 474059
474065 474067
474068 474070
474084 474085
474091 474092
474094 474097
474105 474106
477695 477697
477771 477772
477777 477778
478424 478426
478448 478449
478505 478507
478536 478538
478543 478544
478578 478580
478584 478586
478645 478646
478716 478717
478736 478737
478743 478746
478747 478748
478750 478751
478755 478757
478768 478769
478786 478787
478796 478797
478805 478806
478813 478814
478815 478816
479598 479601
479604 479605
479612 479613
479616 479617
479634 479637
479649 479652
479677 479678
479679 479680
479682 479683
479691 479693
479696 479697
479881 479882
479890 479891
479907 479908
480042 480043
480052 480053
480054 480055
480056 480057
480268 480269
480274 480275
480277 480278
480295 480296
480305 480306
480309 480310
480336 480337
480343 480344
480350 480353
480356 480357
480368 480369
480374 480375
480434 480435
480464 480465
480469 480470
480584 480585
480662 480663
480690 480691
480692 480693
480700 480701
480702 480703
481951 481952
481970 481971
481988 481989
482005 482007
482116 482117
482119 482120
482123 482125
482130 482131
482135 482136
482141 482142
482167 482168
482184 482185
484480 484481
484482 484483
484488 484489
484562 484563
484611 484612
484615 484617
484621 484622
484877 484878
484880 484881
484884 484885
484886 484887
484910 484911
827068 827070
827077 827078
827080 827081
827116 827117
827132 827133
827184 827185
