0 1
2 3
17 18
38 39
49 51
52 53
166 168
175 176
182 183
1689 1690
1693 1694
1823 1824
2015 2016
2374 2375
2377 2378
2859 2860
2863 2864
3734 3736
3757 3758
3773 3775
3783 3784
3786 3787
3788 3789
3790 3791
3792 3793
3854 3856
3857 3859
3870 3871
3885 3886
3890 3891
3926 3927
3930 3931
3933 3934
4677 4678
4733 4734
4752 4753
4938 4939
4940 4941
4955 4956
4958 4959
4960 4961
4976 4977
5042 5043
5044 5045
5051 5052
5073 5074
5075 5076
5077 5080
5086 5087
5191 5192
5193 5194
5306 5307
5308 5309
5356 5358
5422 5423
5510 5511
7083 7085
7212 7213
7214 7215
7217 7218
7235 7236
7243 7244
7291 7292
8579 8581
8935 8936
8943 8945
8946 8947
8950 8951
8955 8956
8957 8958
8982 8983
9826 9827
9848 9849
9865 9866
9873 9874
9892 9894
9910 9911
9912 9913
10245 10246
10266 10267
10300 10301
10330 10332
10349 10350
10394 10395
10405 10406
10414 10415
12564 12565
12604 12605
12860 12863
12866 12867
13170 13171
13173 13174
13199 13200
13220 13221
13241 13242
13243 13246
13247 13248
13249 13250
13252 13253
13714 13715
13716 13717
13738 13739
13743 13744
13745 13747
13748 13749
13753 13754
13781 13782
14014 14015
59334 59335
62442 62443
62456 62459
62461 62462
62490 62491
62500 62501
62518 62519
62532 62533
62538 62539
62540 62541
62600 62601
66430 66431
66433 66435
66568 66569
66681 66682
66690 66691
66694 66695
66755 66757
66766 66767
66768 66769
66770 66771
66776 66777
66780 66781
67359 67360
67381 67382
67667 67668
67732 67733
69470 69471
69472 69473
69782 69783
70252 70253
70285 70286
70287 70288
70289 70290
70327 70328
70361 70362
70363 70364
70595 70596
70618 70620
70621 70622
70679 70680
70689 70690
70692 70693
70823 70824
70854 70855
70908 70909
70915 70916
70917 70918
70980 70981
72647 72648
72690 72691
72692 72694
72740 72741
72810 72812
72821 72823
72835 72836
79683 79685
79736 79737
79777 79779
79784 79785
79791 79792
79794 79795
79797 79798
81982 81983
82027 82028
82047 82048
82052 82054
82070 82071
82226 82227
82447 82449
82450 82451
82465 82467
82561 82566
82599 82600
82601 82602
82617 82618
83179 83180
83210 83211
83213 83214
83284 83286
87628 87629
87790 87791
87921 87922
89960 89962
90052 90053
90098 90099
90115 90116
90122 90124
90609 90610
90723 90724
90780 90781
90783 90785
90806 90807
90822 90823
576240 576241
576252 576254
576255 576256
576260 576261
576271 576272
576276 576277
576329 576330
576331 576332
576491 576492
576507 576508
576523 576524
576526 576528
576602 576603
576628 576629
576630 576631
576714 576716
576876 576877
576956 576957
576959 576960
577021 577022
577023 577024
577378 577379
577394 577395
577401 577402
577406 577407
577410 577411
577413 577415
577463 577464
577530 577532
577535 577536
577539 577540
577801 577802
577864 577865
577877 577879
577936 577937
577959 577960
577961 577962
578242 578243
578257 578258
578259 578260
578263 578264
578285 578286
578356 578358
578363 578364
578365 578366
578432 578433
578436 578437
578448 578449
578463 578464
578466 578467
578490 578491
601113 601116
601155 601156
601161 601162
601165 601168
601171 601172
601177 601178
601294 601295
601310 601312
601336 601337
601413 601414
602475 602476
602488 602489
602491 602493
602494 602495
603007 603009
603013 603015
