0 1
2 4
5 7
12 13
282 284
299 300
301 302
303 304
308 310
327 329
369 370
403 404
449 450
466 469
516 517
542 544
550 551
559 560
561 562
565 566
751 752
768 769
2660 2661
2669 2672
2675 2676
2677 2679
2755 2756
2757 2759
2764 2765
2772 2774
9184 9185
9271 9272
9275 9276
9910 9912
10622 10623
10663 10665
10666 10667
10669 10670
10688 10689
10703 10704
10705 10706
22790 22792
22865 22866
22867 22868
22886 22887
22894 22895
22896 22897
23099 23101
23104 23105
23118 23120
23728 23729
23732 23733
23734 23735
23819 23820
25729 25730
25748 25749
25816 25817
25845 25846
25847 25850
