0 1
592 594
597 598
603 604
614 615
657 658
701 702
705 706
708 709
748 749
841 842
844 845
869 870
893 896
897 898
913 914
915 916
934 935
969 970
979 980
1346 1347
1940 1941
8365 8366
8833 8836
8844 8845
8852 8853
8859 8861
9098 9099
9106 9107
9328 9329
9876 9877
9878 9880
9881 9883
9887 9888
9889 9890
9896 9897
9908 9909
9914 9916
9918 9919
9933 9934
9947 9949
10215 10216
10798 10799
10800 10801
10802 10804
10812 10813
10814 10815
10816 10817
10867 10870
10893 10894
10929 10931
10932 10936
10939 10940
10944 10945
10947 10948
11015 11017
11019 11020
11133 11134
11169 11170
11191 11192
11293 11294
11299 11300
11316 11317
11435 11437
11468 11469
11470 11473
11474 11475
11476 11477
11478 11479
11483 11484
11498 11499
11519 11520
11525 11526
11719 11720
12849 12851
12854 12855
12911 12912
12944 12945
12946 12948
13079 13080
13560 13564
13566 13567
14244 14246
14247 14248
14254 14255
16426 16427
16456 16458
16675 16676
16677 16678
16702 16703
16717 16719
16744 16745
16747 16749
16767 16768
16828 16829
17330 17331
18840 18842
19971 19972
19977 19978
19981 19982
19983 19984
20001 20002
20026 20028
20044 20045
20067 20068
20069 20070
20222 20224
20225 20227
24432 24433
24448 24449
24450 24451
24452 24453
24486 24487
24488 24489
24514 24515
24522 24524
24664 24665
24667 24668
24703 24704
24723 24724
24725 24726
24779 24780
24783 24784
25052 25053
25109 25111
25126 25128
25129 25130
25151 25152
25154 25155
25157 25158
25177 25178
25180 25181
39311 39312
39317 39318
39334 39335
39520 39521
39528 39529
39534 39537
39538 39539
39542 39543
39544 39545
39557 39558
39559 39560
39592 39593
39601 39603
39642 39644
39654 39655
39882 39884
39885 39886
39893 39894
39901 39904
39906 39907
39934 39935
39944 39945
39947 39948
39949 39950
40006 40007
40010 40012
79661 79664
79666 79667
79690 79691
79692 79693
79696 79697
79698 79699
79707 79709
79730 79731
79741 79743
79999 80000
80001 80002
80571 80572
80574 80575
82455 82456
82483 82485
82494 82498
82525 82526
82532 82533
82554 82555
83097 83098
83150 83151
83199 83200
83221 83222
86343 86344
86757 86758
86767 86769
90602 90603
90611 90612
90613 90614
90951 90952
90953 90954
90956 90957
91023 91024
91314 91315
91535 91536
91564 91565
91576 91577
92019 92021
92022 92023
92026 92027
92034 92035
92079 92080
92113 92114
92116 92117
92118 92121
92124 92125
93542 93543
93663 93664
93671 93673
93759 93760
93802 93804
93805 93806
93807 93808
94058 94059
94064 94065
94066 94067
94216 94217
94223 94224
94232 94235
94236 94237
94317 94318
111553 111554
111558 111559
111576 111578
111580 111584
111588 111589
111592 111593
111628 111629
112106 112107
112110 112111
112113 112114
112125 112127
112135 112136
112155 112157
112159 112160
112164 112166
112198 112199
112261 112262
112263 112266
112481 112483
112486 112487
112494 112495
112496 112497
112500 112501
112502 112503
112504 112505
112506 112507
113900 113901
113920 113921
113929 113930
113941 113942
113990 113991
114000 114001
114004 114005
114006 114007
114008 114010
114011 114012
114016 114017
114020 114021
114023 114024
114025 114026
114030 114031
114061 114062
114546 114547
114566 114567
114572 114573
114574 114575
114576 114577
114590 114592
114609 114610
114611 114613
114620 114621
460947 460949
460954 460956
460962 460964
461605 461606
461609 461611
461626 461627
461635 461637
461638 461639
461640 461641
461648 461649
461651 461652
461658 461659
461661 461665
461680 461681
463372 463373
463376 463377
463385 463386
463387 463388
463393 463394
463743 463744
463745 463746
463773 463774
464628 464629
464631 464633
464641 464642
464725 464726
464732 464734
464735 464736
464746 464747
464807 464808
464813 464814
464816 464819
464821 464822
464827 464828
464833 464834
464842 464843
465016 465017
465059 465060
465084 465085
465086 465087
766255 766256
766301 766302
766338 766339
766494 766495
766575 766576
766577 766578
766769 766771
767299 767301
767302 767303
767324 767325
767326 767328
767331 767333
768743 768745
768855 768856
768858 768860
768861 768862
769095 769098
769100 769101
769102 769104
769105 769107
