0 1
20 21
23 25
26 28
53 54
55 56
75 76
244 247
248 249
253 254
255 256
263 265
266 267
268 269
362 363
959 960
981 982
985 986
990 991
1022 1023
1208 1209
1229 1230
1240 1245
1246 1247
2310 2311
2652 2653
2654 2655
2657 2658
2665 2667
2668 2669
2670 2671
2676 2677
2679 2680
2682 2683
2720 2721
2741 2742
2746 2748
2760 2761
2804 2805
65577 65578
65627 65630
66195 66196
66216 66218
66220 66221
69029 69030
69040 69041
69045 69048
69049 69050
72697 72698
72715 72716
72738 72740
174146 174147
174150 174153
174405 174406
174472 174473
174474 174475
174523 174528
174535 174537
174561 174562
174588 174589
174609 174610
174611 174612
301835 301836
301840 301841
301846 301847
301858 301859
301863 301864
301928 301930
301931 301932
301937 301938
301945 301946
302064 302065
302066 302067
302069 302070
302071 302073
302107 302109
302160 302161
302164 302165
302169 302170
302171 302172
303496 303497
303614 303618
304197 304198
304246 304247
304249 304251
304256 304259
304536 304540
304552 304554
304556 304557
304559 304560
304561 304562
304593 304594
306364 306368
306379 306380
306440 306441
306443 306444
319757 319758
319775 319776
321421 321423
321425 321428
321429 321430
321500 321501
321502 321504
321517 321518
321529 321530
321531 321532
321550 321551
321622 321623
321633 321635
321638 321642
321648 321649
321970 321975
322837 322840
322843 322844
322956 322957
322960 322961
323227 323228
324150 324151
324248 324249
324274 324275
324304 324305
324308 324309
324321 324322
324325 324326
324333 324334
324337 324338
324340 324341
324342 324346
324351 324353
324355 324357
324358 324360
324361 324362
324601 324604
324607 324609
324612 324613
324617 324618
324636 324637
324660 324662
324939 324940
324942 324943
324945 324946
324949 324951
326060 326061
326202 326203
326206 326208
326209 326210
326447 326448
326453 326456
326457 326458
326469 326470
326471 326472
326473 326475
326479 326482
326513 326514
326521 326523
326607 326609
326731 326733
326736 326738
326739 326740
326762 326763
326764 326765
326767 326768
326769 326770
326780 326781
326782 326783
326786 326787
326788 326789
326804 326807
326842 326843
326845 326846
326856 326857
326865 326867
327114 327115
327264 327265
327306 327307
327308 327311
327315 327316
327363 327364
327392 327393
329091 329092
329148 329150
329155 329157
329244 329245
330344 330346
330380 330381
330388 330389
330390 330391
330419 330420
330421 330422
330477 330478
330496 330497
330500 330501
330507 330508
332092 332093
332104 332105
333243 333244
333287 333288
333289 333290
333292 333293
333294 333296
333384 333385
333388 333389
333390 333391
333397 333398
333400 333403
333441 333442
333457 333459
343946 343948
343955 343956
343960 343961
343967 343969
343989 343991
344000 344002
344022 344023
344024 344026
344090 344091
344554 344555
344626 344627
344634 344635
344714 344715
344733 344734
344737 344738
344742 344746
344751 344752
344756 344757
