0 1
21 22
23 24
38 39
40 41
76 78
122 123
513 516
517 518
706 708
716 717
720 721
745 747
749 751
758 759
811 813
827 828
90454 90455
90456 90457
90458 90459
90460 90461
90469 90470
90473 90474
90484 90485
90493 90494
90566 90569
90858 90859
90874 90875
90880 90883
90885 90886
90982 90983
91130 91132
91133 91136
91177 91178
280720 280721
280722 280726
280732 280734
280738 280739
383782 383783
383790 383791
383795 383796
383949 383950
385235 385236
385268 385269
385287 385288
385346 385347
385352 385353
385354 385355
385356 385357
385358 385360
385364 385366
385386 385388
385397 385398
386472 386473
386751 386752
386754 386755
386756 386757
386776 386777
386799 386800
386927 386928
387303 387304
387321 387322
387323 387325
387789 387790
387793 387794
387795 387796
387811 387812
387813 387814
387846 387847
387914 387915
387917 387918
387919 387921
387939 387942
387944 387945
387958 387959
387962 387963
387978 387980
387986 387987
388562 388563
388658 388659
