0 1
2 3
50 51
63 64
185 186
201 202
226 229
738 739
742 743
747 748
750 751
752 753
1022 1023
1025 1026
1041 1042
1295 1296
1315 1316
1327 1329
1398 1399
1404 1405
3356 3357
3361 3362
3618 3619
3657 3658
3673 3674
3719 3721
4817 4819
4820 4822
4824 4825
4838 4839
4896 4897
4904 4905
131946 131947
131948 131949
134902 134903
134913 134914
134947 134949
134955 134956
134958 134959
134962 134964
134971 134972
134974 134975
137011 137012
137093 137094
137095 137097
137100 137101
137102 137104
137105 137106
137108 137109
137112 137113
137115 137116
137132 137133
137135 137138
137145 137148
137152 137153
137159 137160
138837 138839
138877 138878
138884 138885
138900 138901
138915 138916
138937 138938
139176 139177
139241 139242
139245 139246
139248 139249
139252 139253
139254 139255
139257 139258
139321 139322
152754 152756
152772 152773
153386 153387
153388 153390
153402 153403
153777 153779
153905 153907
153908 153909
153922 153924
153925 153926
153927 153928
153931 153932
153933 153935
153962 153963
154244 154245
154246 154247
154258 154259
154264 154265
154267 154269
154283 154284
154331 154334
154335 154336
154347 154348
154380 154381
154382 154383
154417 154419
154942 154943
155060 155063
155065 155066
155202 155203
155208 155211
155212 155214
155953 155954
155957 155958
155969 155970
155971 155973
156146 156148
156149 156150
156159 156160
156165 156166
156181 156182
157896 157897
157906 157907
157910 157912
158437 158439
159152 159154
159746 159747
176865 176866
176983 176985
176986 176987
176989 176991
177578 177579
177584 177585
177639 177641
177656 177657
177663 177664
177665 177666
177694 177695
356771 356772
356775 356776
356967 356968
367700 367701
367705 367706
367707 367708
367709 367710
368229 368230
368238 368239
368240 368241
368254 368255
368256 368258
370491 370492
370493 370494
370500 370501
370502 370503
370617 370619
370687 370690
370700 370702
370703 370706
370715 370716
370720 370721
370722 370723
370724 370725
370729 370730
370731 370732
370733 370734
370738 370740
370741 370743
370744 370745
370746 370747
370853 370854
370898 370899
370919 370921
370922 370923
372227 372228
372230 372231
372232 372233
372237 372239
372240 372241
372246 372249
372250 372251
372263 372264
372265 372266
443320 443321
443359 443360
446058 446060
446206 446207
446276 446277
446459 446460
446496 446498
446504 446505
446506 446507
446512 446514
446526 446527
450240 450241
450245 450246
450254 450255
450256 450257
450370 450371
450372 450373
450390 450392
450418 450419
450426 450427
450435 450436
450447 450448
