0 1
164 165
944 946
947 948
950 951
952 953
963 964
3016 3017
3018 3019
3051 3052
3064 3067
3074 3075
3783 3784
3786 3788
3790 3791
3813 3814
3829 3830
3842 3843
3846 3850
3862 3863
3867 3868
3870 3871
3872 3873
3876 3877
3889 3890
3894 3895
3912 3914
3948 3949
4009 4010
4045 4046
4521 4522
4523 4524
34699 34700
34703 34704
35176 35177
35180 35182
35184 35185
35190 35191
35196 35199
35200 35201
35740 35741
37396 37399
37609 37610
37620 37621
37626 37627
37876 37877
37881 37882
40912 40915
40940 40941
40943 40944
40954 40956
41142 41145
41167 41168
41169 41170
41198 41199
41236 41238
41243 41244
41245 41246
41663 41665
42620 42621
42645 42646
42647 42648
42650 42651
42652 42653
42654 42655
42659 42660
43013 43014
43020 43021
43027 43029
43065 43066
43068 43069
43070 43072
43083 43084
43086 43087
43095 43096
43098 43100
43112 43113
43117 43118
43119 43120
43158 43159
43614 43615
43616 43617
44622 44623
44864 44865
44897 44899
44911 44912
44930 44931
44936 44937
44938 44940
45148 45149
45159 45160
45165 45166
45167 45168
45169 45171
45174 45175
45178 45179
46043 46046
46048 46049
46053 46054
46058 46059
46061 46063
46066 46068
46422 46423
46428 46429
46431 46437
46439 46440
46451 46453
46550 46551
46564 46566
46576 46579
46582 46583
46615 46617
46726 46727
46734 46735
46737 46738
46749 46751
46800 46802
46853 46854
46857 46858
46871 46873
46895 46896
46897 46898
46911 46912
46923 46924
60544 60546
60549 60550
60581 60582
60604 60606
60620 60622
60644 60646
60702 60703
60707 60708
60766 60767
60768 60769
60958 60960
61043 61045
61065 61067
61068 61070
61093 61094
61095 61096
61099 61100
61377 61378
61421 61422
61445 61447
61508 61510
63768 63769
63771 63772
65173 65175
65179 65180
65211 65212
66072 66073
66533 66535
66745 66746
66766 66769
66770 66771
66781 66782
66786 66787
66845 66846
66866 66868
67162 67163
67164 67167
67168 67169
67170 67171
67174 67176
67196 67198
67202 67203
67208 67209
67304 67306
68260 68262
69884 69885
72537 72538
72590 72591
72623 72625
72631 72632
72634 72636
72637 72638
72650 72651
72678 72679
72680 72682
734304 734305
734310 734311
734335 734336
734383 734385
735287 735288
735310 735311
735312 735313
735357 735358
735426 735428
735429 735430
735434 735437
735566 735567
735689 735690
735691 735694
735695 735696
735707 735708
736003 736004
736145 736146
736161 736162
736183 736184
736205 736206
736218 736219
736225 736227
736242 736243
736247 736249
736875 736876
736877 736879
736951 736952
736969 736971
737009 737010
737073 737075
737084 737087
737089 737090
737091 737093
737140 737143
737144 737145
737163 737165
737197 737198
737221 737222
737224 737227
737237 737238
737363 737364
737366 737367
737370 737371
737375 737376
737377 737379
737380 737381
737415 737416
737417 737418
737424 737426
738598 738600
738608 738610
738611 738612
738613 738614
740055 740056
740078 740079
740080 740081
740084 740085
740111 740112
740119 740120
