0 1
111 112
115 116
117 119
132 134
340 342
344 346
349 350
575 578
582 584
585 587
589 592
593 594
637 638
643 644
648 652
658 660
6542 6543
6544 6546
6627 6628
6629 6630
6702 6703
6756 6757
7191 7192
7193 7195
7201 7202
7224 7225
7226 7232
7239 7240
7252 7253
7254 7255
7260 7261
7347 7348
7355 7357
7373 7375
7376 7377
7591 7593
7695 7696
9758 9760
9762 9763
9788 9792
9833 9834
10090 10092
10095 10096
10102 10103
10109 10110
20961 20963
20964 20965
20973 20974
20992 20993
20994 20995
21074 21075
21076 21077
21159 21160
21453 21455
25344 25346
25347 25348
25581 25582
25837 25838
25843 25844
25845 25849
25852 25854
25869 25870
27034 27035
27088 27089
27122 27123
27158 27159
29319 29320
29321 29322
29351 29352
29470 29471
29727 29730
29733 29734
30213 30215
30222 30224
30225 30227
30239 30241
30248 30250
30254 30257
30263 30265
30301 30302
30346 30348
30357 30358
30371 30372
30373 30374
30468 30473
30504 30505
30526 30527
30541 30542
30601 30602
30606 30609
30610 30611
30809 30812
30850 30851
30863 30864
30867 30869
30870 30871
30873 30874
30876 30877
30924 30925
30964 30965
31659 31661
34270 34271
34302 34303
34306 34307
34437 34438
34454 34456
34460 34461
34463 34464
34606 34607
34608 34609
34611 34613
34639 34640
34647 34648
34723 34725
34730 34731
34732 34733
34754 34756
34759 34760
34764 34765
34766 34768
34769 34770
34782 34784
34797 34798
34841 34842
35278 35280
35281 35282
35285 35286
35291 35292
35293 35294
35299 35300
35304 35306
35572 35573
35577 35579
35593 35596
36969 36970
39367 39370
39433 39434
39440 39441
39443 39445
39446 39447
39571 39572
39575 39576
39652 39653
39939 39940
39966 39967
39969 39970
39971 39973
39974 39976
40018 40020
40022 40023
40828 40829
40859 40860
41726 41727
42708 42709
42717 42718
42748 42750
42820 42821
42822 42824
42835 42836
42844 42845
42847 42848
42852 42854
42958 42959
43029 43034
43078 43080
43081 43082
43084 43085
43105 43106
43140 43142
43156 43157
43158 43160
43177 43179
43206 43207
43208 43209
43228 43229
43230 43231
43327 43328
43340 43341
43343 43345
43356 43357
43360 43361
44182 44183
44185 44186
44769 44772
44791 44793
177694 177695
177696 177697
177701 177702
177704 177705
177743 177744
177753 177754
177772 177774
177799 177800
177801 177802
177847 177848
177868 177870
177872 177873
177874 177875
185605 185606
185609 185610
185612 185613
185617 185618
185619 185623
185655 185656
185671 185672
185734 185735
185738 185740
185751 185752
185769 185770
187169 187170
187174 187176
187177 187178
187186 187187
187188 187189
187190 187191
187200 187201
187512 187513
187558 187559
187560 187563
187565 187566
187645 187646
187772 187774
215111 215112
215122 215123
215129 215130
217067 217068
217101 217102
217249 217250
217265 217267
217273 217274
217875 217876
217898 217899
217901 217902
218462 218463
218466 218467
218475 218476
218491 218492
218498 218499
218584 218585
218602 218603
218765 218767
218773 218775
