0 1
2 3
592625 592626
592746 592747
592766 592767
592776 592778
592779 592780
592781 592782
592784 592785
597210 597213
597215 597216
597233 597235
597271 597272
597306 597307
597308 597309
597408 597409
597430 597431
597442 597443
597484 597486
597494 597495
597509 597510
597513 597514
597520 597521
597574 597575
597579 597580
597581 597582
597676 597677
605456 605457
605459 605460
605461 605462
605502 605503
605505 605506
605513 605514
608797 608798
608812 608813
608825 608826
608983 608985
608992 608993
609015 609017
609064 609065
609091 609093
609102 609103
609106 609111
