0 1
15 16
18 19
22 23
209 210
212 216
262 263
293 294
298 299
300 301
302 303
304 305
3236 3237
3238 3239
3259 3260
3261 3262
3268 3269
3276 3278
3279 3282
3484 3485
3489 3490
3494 3495
3496 3497
3751 3752
3872 3873
3876 3878
3890 3891
3895 3896
3902 3903
3916 3917
3921 3924
4190 4191
4197 4198
32970 32971
32974 32975
32977 32978
32980 32981
32982 32984
33009 33010
33161 33162
33175 33176
33220 33221
33258 33262
33271 33273
33278 33279
33281 33282
33283 33284
33428 33429
33436 33438
33458 33460
33461 33462
33472 33474
33475 33477
33555 33556
33557 33559
33571 33573
33575 33576
33577 33578
33589 33590
33591 33592
33619 33620
33621 33622
33623 33624
33626 33627
33698 33699
33709 33710
33720 33721
33730 33731
33765 33766
33873 33874
33878 33879
33882 33883
34755 34756
34762 34763
34838 34839
34845 34847
34848 34849
34857 34858
34873 34875
35192 35193
35205 35206
35466 35467
35472 35473
35477 35478
35479 35480
38497 38500
38530 38532
38586 38588
38596 38597
38599 38600
