0 3
589 591
611 612
756 757
934 935
1094 1095
1109 1110
1210 1211
1212 1213
1214 1215
1219 1220
1250 1251
1458 1459
1462 1463
1559 1560
1587 1588
1605 1607
1614 1615
1618 1619
1620 1621
4659 4660
4661 4662
4746 4747
4771 4772
4773 4775
4934 4935
5131 5132
5142 5143
5148 5149
5152 5153
5155 5156
5161 5162
5163 5164
5166 5168
46117 46118
46119 46120
46146 46147
46150 46151
46152 46153
46163 46164
46570 46571
46574 46575
46579 46580
46663 46664
46669 46670
46672 46673
46690 46692
46694 46695
46700 46701
46729 46731
46743 46745
46749 46750
46752 46753
46760 46761
46763 46765
46801 46803
46822 46824
46830 46831
46856 46857
46864 46865
46867 46868
51066 51068
51101 51102
51131 51132
51817 51818
51819 51823
51872 51873
51874 51877
51880 51881
51883 51884
51889 51890
51897 51898
51907 51909
51910 51911
51959 51961
51971 51972
51978 51979
51980 51982
51993 51994
51995 51996
51997 51999
52093 52094
52109 52111
52154 52155
54034 54035
54043 54044
54059 54060
54076 54077
54079 54081
54083 54085
55782 55783
55807 55808
55809 55810
56036 56037
56264 56265
56362 56363
56364 56365
56723 56724
56727 56729
56753 56754
56810 56811
57120 57122
57123 57124
57125 57127
57128 57129
57134 57135
57136 57138
57141 57143
57178 57179
65677 65679
75225 75227
75271 75272
75273 75275
75277 75278
75534 75535
92063 92064
92110 92113
92115 92117
93075 93076
93078 93079
93106 93108
93109 93110
93113 93114
93117 93118
93134 93135
93139 93140
93142 93143
93454 93455
93461 93462
93468 93469
93477 93479
93480 93483
93505 93506
99283 99284
99288 99290
99295 99297
99521 99523
99526 99527
99992 99993
99995 99996
100002 100003
100007 100008
100010 100011
100014 100015
100307 100308
100316 100317
100345 100346
100347 100348
100354 100356
100442 100443
100446 100447
100457 100459
100492 100493
101572 101574
101575 101576
101605 101606
101607 101608
102262 102263
102265 102267
102339 102340
102341 102342
102343 102345
102350 102351
102366 102367
102428 102430
102452 102453
102480 102482
102592 102594
102604 102605
102607 102608
102609 102610
102611 102612
102643 102644
102649 102650
103398 103400
103405 103407
103412 103414
103515 103516
103517 103518
