0 1
22 24
33 34
56 57
60 62
64 65
66 67
68 69
112 113
184 185
210 212
224 225
226 227
228 230
526 527
532 533
534 535
548 549
553 554
562 563
589 591
1048 1050
1162 1163
1228 1229
1247 1250
1267 1268
1270 1272
1550 1551
1555 1556
1591 1592
1593 1594
1597 1598
1640 1641
1642 1643
1644 1645
1678 1679
1680 1682
1683 1685
1692 1693
1789 1790
1812 1814
1838 1839
2002 2003
2005 2006
2074 2075
141200 141201
141202 141204
141707 141708
141711 141712
142342 142344
142948 142949
142952 142953
142959 142960
143074 143075
143121 143125
143129 143130
143137 143138
143151 143152
143155 143156
143157 143158
143164 143165
143167 143169
143225 143227
143255 143256
144470 144473
144475 144476
144497 144499
144502 144504
144529 144531
