0 1
10 11
14 15
1354 1355
1363 1364
1375 1376
1383 1387
6483 6485
6601 6603
32213 32215
32217 32218
32219 32220
32255 32256
32310 32311
51764 51767
51768 51769
51785 51786
58221 58222
58244 58245
58252 58253
58255 58256
58257 58259
58260 58261
64123 64124
65945 65947
66190 66191
66207 66208
66213 66215
66258 66259
66503 66504
66579 66580
66581 66582
66583 66584
231664 231665
243711 243712
243715 243716
243717 243718
243719 243720
243807 243808
243810 243812
243819 243820
243883 243884
243888 243889
243989 243990
244085 244086
244090 244091
278695 278696
279259 279260
279267 279268
279273 279274
279293 279294
279348 279349
279563 279564
279566 279568
279590 279591
279592 279593
279852 279853
279860 279861
280014 280015
280017 280018
280019 280022
280023 280025
288657 288658
288659 288660
288669 288671
289269 289270
289297 289298
289303 289304
289305 289306
300339 300340
300603 300605
300610 300611
300612 300613
300973 300974
300987 300988
300993 300995
301028 301029
301076 301077
301080 301083
301087 301088
301089 301092
301221 301222
301223 301225
301226 301228
301229 301230
301269 301270
301280 301281
301539 301540
301552 301553
301555 301556
302241 302242
302243 302244
302245 302246
302372 302375
302410 302413
302414 302415
302416 302418
302419 302420
304633 304634
304645 304646
304648 304649
304679 304680
304690 304691
304944 304945
304951 304952
304954 304957
305020 305024
305026 305027
324543 324546
325574 325575
325582 325585
325909 325910
325934 325935
325960 325962
325965 325967
325989 325990
325991 325992
325993 325994
325996 325997
328722 328724
328734 328735
328769 328771
328797 328798
328799 328801
328804 328805
328806 328807
331862 331863
331964 331965
332258 332261
332326 332327
332329 332330
332331 332332
332333 332335
332341 332343
332501 332502
333085 333089
333138 333139
333211 333212
333213 333215
333216 333217
333219 333220
333223 333226
333229 333230
333468 333469
