0 1
13 14
692 693
741 742
823 824
825 826
831 832
844 847
854 855
856 857
937 938
1005 1006
1029 1031
1032 1035
1036 1038
1572 1574
1580 1581
1583 1584
1589 1590
1593 1594
1595 1598
1599 1600
51812 51813
51814 51815
52550 52551
52558 52559
52596 52597
52598 52599
52624 52626
52668 52669
52670 52671
52692 52694
52704 52705
55947 55948
55949 55950
55967 55969
55970 55972
55973 55974
60096 60097
60107 60108
60109 60110
60140 60141
60148 60149
162477 162478
162491 162493
162504 162505
171675 171676
172676 172677
172678 172679
172684 172685
172689 172693
172698 172700
172706 172708
172711 172712
172713 172714
173534 173535
173548 173549
173732 173733
173747 173748
173749 173750
174351 174352
174377 174378
174389 174390
174401 174402
174526 174527
174535 174536
174539 174540
174554 174555
174558 174559
174561 174563
174567 174568
174585 174586
174587 174588
174591 174593
174594 174595
174602 174603
174655 174656
176374 176375
176394 176395
176412 176413
176416 176417
176435 176436
176437 176439
176440 176442
176597 176598
176732 176733
176748 176749
177328 177329
177330 177332
177333 177334
177339 177340
177343 177344
177378 177379
177409 177410
177411 177412
177436 177440
177442 177445
177451 177452
177467 177468
177469 177470
177475 177476
177498 177501
177527 177528
177533 177534
177557 177560
177569 177572
177605 177606
177619 177621
177649 177650
177659 177660
177682 177683
468243 468244
468261 468263
468269 468270
468272 468273
468292 468294
468295 468297
468305 468306
468347 468348
468350 468351
468365 468366
468386 468387
469092 469093
469097 469098
469205 469206
469215 469216
469235 469236
469260 469261
469282 469283
469284 469285
469286 469287
475718 475719
475745 475747
475810 475811
475834 475835
484126 484127
484130 484131
484147 484148
484509 484512
484632 484633
484641 484642
484650 484651
485777 485778
485779 485780
485814 485815
485828 485829
485831 485832
485834 485836
486585 486586
486685 486686
486687 486688
486713 486715
486716 486717
486816 486817
486928 486929
486930 486931
487493 487494
487522 487524
487525 487526
488663 488664
488668 488669
488719 488720
488723 488727
488730 488731
488910 488911
489063 489064
489066 489067
489069 489072
489100 489101
489107 489108
489109 489111
489112 489113
489115 489116
489124 489125
489548 489549
489768 489769
489784 489785
489787 489788
489860 489862
489878 489880
489885 489886
489897 489898
489901 489902
489906 489907
490684 490687
490688 490689
490693 490695
490703 490704
490720 490721
490725 490726
598582 598583
598609 598610
598616 598617
598801 598802
599125 599126
599127 599128
601750 601752
601758 601760
604295 604296
604297 604298
604330 604331
604416 604418
604420 604421
604422 604423
604424 604425
604438 604440
604442 604443
604468 604469
604471 604472
612917 612918
612928 612929
613001 613002
613003 613005
613014 613015
613016 613017
613645 613647
613653 613654
614454 614458
614462 614463
614538 614540
614557 614558
614656 614658
614661 614662
614668 614671
614672 614673
614737 614738
614739 614740
614746 614747
614759 614762
614770 614771
614773 614774
614778 614779
614782 614783
614784 614785
614793 614794
614807 614808
614812 614813
614830 614831
614834 614835
614840 614843
615368 615369
615370 615371
615372 615373
615375 615377
615415 615416
615419 615420
615429 615430
616157 616161
616168 616170
616197 616198
616200 616201
616207 616209
616210 616211
616214 616215
616226 616227
616232 616233
616236 616238
616475 616476
616486 616487
616513 616514
616517 616519
616520 616521
616525 616526
616535 616537
616545 616547
616684 616685
616761 616762
616773 616775
616776 616778
616779 616781
616795 616796
616799 616801
616804 616806
617236 617237
617244 617245
617248 617250
617253 617255
617335 617336
617520 617521
617523 617524
617526 617527
617533 617534
617543 617544
617602 617605
617615 617616
617628 617629
617677 617678
617720 617721
617723 617724
617729 617730
618080 618081
621388 621389
621390 621391
622002 622003
622015 622016
622024 622025
622028 622030
622140 622141
622632 622633
622693 622694
622701 622703
632026 632028
632033 632034
632035 632036
632312 632313
632322 632323
632324 632326
632352 632354
632458 632459
632521 632522
632524 632525
632688 632689
632692 632693
632746 632747
632772 632773
634033 634035
634036 634037
634041 634042
634044 634045
634056 634057
634068 634069
634496 634501
634508 634509
634729 634730
634786 634787
634791 634792
634794 634795
634797 634798
634799 634800
634805 634806
634808 634809
666818 666819
666822 666823
668832 668833
668835 668836
668874 668879
668883 668884
668899 668900
670906 670907
670908 670909
670914 670915
671061 671062
671063 671065
671347 671349
671350 671351
671564 671565
671567 671572
671573 671574
671583 671584
671587 671588
671589 671590
671591 671592
671600 671601
671602 671604
671605 671606
671696 671698
671717 671719
671722 671723
671735 671736
671760 671761
671766 671767
671770 671771
671807 671808
672016 672017
672185 672187
672189 672190
672191 672192
676315 676317
676318 676319
793111 793113
793145 793146
793191 793193
793422 793423
793437 793438
793439 793440
793442 793444
793581 793582
793621 793622
793627 793628
793641 793642
793643 793644
793712 793713
793749 793750
793754 793755
793778 793779
793781 793782
793796 793797
793798 793799
793800 793801
793826 793827
793828 793829
793890 793891
793892 793893
794432 794433
794511 794513
797623 797626
797712 797713
797714 797715
797718 797719
797977 797978
797990 797993
798018 798019
798035 798036
799136 799137
800609 800610
800613 800614
800648 800649
800717 800719
800817 800818
800822 800823
800833 800834
801512 801513
801597 801598
801599 801603
801624 801626
801628 801629
801636 801637
801644 801645
801658 801659
801661 801662
801665 801667
801668 801669
801670 801671
801701 801702
802006 802007
802012 802013
802016 802017
802021 802024
802087 802088
802113 802114
802117 802119
802134 802135
802255 802256
802675 802677
802679 802680
802933 802935
802962 802963
802969 802970
803181 803182
803188 803189
803323 803325
803355 803356
803364 803365
803367 803368
803384 803386
803388 803389
803700 803701
803702 803703
803704 803705
803706 803707
828284 828285
828291 828292
828293 828294
828295 828297
828311 828312
834486 834492
834509 834510
834512 834515
834517 834518
834532 834533
834535 834536
834543 834544
834588 834589
834660 834661
834703 834705
834708 834709
834711 834712
835213 835214
835215 835216
835247 835248
844582 844583
844671 844672
844673 844675
845628 845629
845670 845671
906867 906868
906869 906870
907018 907022
907099 907101
907110 907113
907453 907454
907820 907821
907826 907828
907829 907830
907831 907834
907835 907837
922856 922857
922858 922859
922865 922867
922981 922984
956245 956247
996749 996752
996777 996778
996783 996784
996796 996797
