0 1
17 19
33 34
78 79
83 84
87 88
602 603
605 607
692 693
707 710
714 715
716 718
775 776
804 806
808 810
819 821
837 838
1336 1338
1344 1345
1346 1347
1349 1350
1360 1361
1514 1516
1667 1668
1766 1767
1775 1776
1779 1780
1949 1950
1955 1956
1966 1967
1971 1972
1979 1980
2506 2508
2511 2514
2901 2902
2914 2915
2916 2917
2923 2925
2948 2949
2979 2981
2993 2994
2995 2996
3094 3095
3098 3099
3100 3101
3317 3318
3334 3335
3338 3339
3719 3720
3773 3774
3828 3829
3833 3834
3842 3843
3944 3945
4913 4916
4918 4919
4993 4994
5023 5025
5027 5030
5031 5032
5037 5038
5045 5046
5253 5254
5386 5387
5388 5389
5394 5395
5408 5409
9556 9557
9652 9653
926045 926047
926102 926103
926127 926128
926141 926142
926156 926157
926166 926167
926194 926195
926239 926240
926253 926254
926269 926271
926273 926274
926278 926279
926290 926291
