0 3
19 20
6933 6934
6939 6940
6943 6944
7008 7009
7010 7011
7029 7030
7061 7063
7134 7136
7137 7138
7709 7710
7712 7713
7714 7715
7728 7729
7790 7791
7792 7793
12370 12371
12373 12374
12375 12376
12378 12379
12385 12386
12388 12389
28695 28696
28703 28705
28706 28708
28709 28713
28732 28734
28744 28745
31234 31236
31237 31238
31242 31243
31253 31254
31256 31257
31259 31260
31363 31365
31405 31407
31415 31416
31417 31418
31422 31423
31462 31463
31472 31473
31479 31480
31488 31489
31499 31500
32049 32050
32053 32054
32128 32131
32134 32137
32139 32140
32160 32161
32469 32470
32474 32475
32477 32478
32487 32488
32490 32491
32552 32553
32554 32555
32557 32559
32560 32561
32562 32563
32619 32621
32641 32643
32644 32647
32693 32696
32703 32704
32747 32748
32756 32757
32758 32759
32760 32761
32824 32825
32842 32843
32864 32865
32871 32872
32971 32972
33100 33101
33103 33105
33115 33116
