0 3
6 7
3105 3106
3394 3395
3397 3398
3451 3452
3454 3455
3472 3474
3486 3487
3491 3492
3511 3513
3514 3515
4696 4698
4707 4708
4709 4711
4752 4753
4764 4765
4771 4772
4775 4776
4782 4783
4787 4789
4791 4792
5159 5161
5197 5198
5238 5239
5282 5283
5331 5332
5333 5334
5337 5338
5413 5416
5537 5539
5543 5544
14619 14620
14635 14638
15108 15109
15114 15116
15119 15120
18415 18416
18422 18423
18434 18435
18466 18470
18532 18533
18534 18536
18537 18540
18566 18568
18928 18929
18947 18948
18970 18971
18972 18973
19011 19012
19014 19015
19024 19025
19034 19035
19036 19037
19550 19551
19552 19553
26120 26121
26218 26219
26231 26232
26246 26247
26258 26259
26260 26263
26327 26328
26351 26352
26395 26396
26420 26421
26422 26423
26424 26426
26448 26449
26601 26602
26607 26609
26666 26668
26669 26671
26683 26684
26688 26689
26690 26691
33707 33708
33722 33723
33731 33732
35043 35045
35049 35050
36547 36548
36556 36557
83535 83536
83538 83539
83540 83541
83546 83547
83965 83966
95307 95309
95323 95324
95326 95327
97991 97992
98004 98005
98006 98008
98009 98010
98012 98014
98042 98044
98185 98186
98687 98688
98689 98691
98704 98705
106079 106080
106117 106118
106130 106131
106132 106133
106134 106135
106140 106141
106303 106305
106312 106313
106321 106322
106798 106799
106802 106804
106847 106848
106852 106853
106971 106973
106974 106975
108015 108016
112296 112297
112322 112324
112325 112326
112331 112332
112338 112340
116022 116023
119857 119859
120293 120294
120303 120304
120449 120450
120460 120461
120467 120469
121876 121877
121989 121990
122022 122025
122028 122029
122064 122065
122078 122079
122081 122083
122087 122088
122091 122092
125131 125133
125393 125394
125405 125406
125439 125440
125441 125442
125443 125444
125488 125489
125490 125492
125501 125503
128634 128635
128636 128637
129068 129069
129072 129073
129077 129082
129330 129331
129335 129337
129345 129346
129623 129625
129629 129630
129641 129642
129668 129669
129670 129671
129688 129690
129691 129692
130521 130522
130523 130524
130530 130531
130628 130629
130630 130631
131564 131565
131568 131569
131570 131571
131582 131583
131584 131585
131590 131591
131622 131623
131661 131662
131664 131665
131690 131691
131692 131693
131694 131695
131709 131710
131711 131712
131713 131714
131721 131726
132043 132044
132087 132088
132092 132093
132106 132107
132120 132121
132122 132124
132125 132126
132160 132161
132407 132408
132409 132410
132475 132476
132527 132528
132544 132545
132549 132550
132552 132554
132646 132647
177728 177730
177731 177732
178009 178011
178016 178018
178047 178048
178051 178052
178054 178055
178059 178060
178061 178062
184786 184788
184795 184796
184797 184798
184809 184811
185102 185103
185106 185107
185116 185117
187936 187937
187938 187939
187987 187990
187991 187993
188026 188027
188028 188029
188030 188031
188033 188036
188038 188039
188040 188042
188053 188054
188055 188057
188473 188475
188542 188543
188647 188648
189009 189010
205367 205368
205372 205373
205486 205487
205499 205500
205502 205503
205509 205510
205526 205527
205557 205559
205564 205565
205590 205591
205592 205594
205691 205692
205707 205708
205709 205710
205820 205822
205830 205831
206143 206146
206960 206962
206968 206970
207638 207639
207641 207642
207643 207644
207657 207658
207660 207661
207680 207681
207689 207690
207691 207692
207733 207734
207752 207753
207754 207755
207777 207778
207848 207850
207998 207999
208009 208010
210109 210110
210156 210159
210162 210164
210165 210167
210171 210172
210192 210194
210195 210196
210197 210198
210205 210206
210250 210251
210256 210257
210269 210270
210289 210290
210334 210336
210337 210338
210339 210340
210342 210343
213658 213659
213859 213862
213941 213942
213945 213946
213947 213948
214200 214201
214205 214207
214213 214214
214319 214320
216266 216268
216374 216375
216376 216377
216378 216379
216396 216397
216398 216399
216401 216403
218969 218971
218981 218982
218992 218993
219149 219150
219245 219246
219255 219256
219258 219260
219262 219264
235184 235185
235186 235187
235299 235300
235312 235313
235319 235320
236068 236069
236090 236091
236093 236094
236096 236097
236099 236101
236103 236104
236105 236106
236127 236128
236132 236133
236134 236135
236522 236523
236524 236525
236592 236594
236664 236665
236666 236668
236670 236671
236673 236674
236677 236678
236725 236726
236730 236732
237081 237082
237091 237092
237245 237247
237630 237631
237637 237638
237642 237643
237648 237649
237691 237692
237693 237694
237695 237696
237717 237718
238384 238385
238393 238394
266648 266649
266651 266653
266905 266906
266909 266910
266911 266912
266918 266919
266922 266924
266958 266959
266965 266966
266981 266983
266984 266986
267023 267025
267029 267030
267031 267032
267033 267034
268326 268327
268504 268505
268735 268736
268744 268745
268747 268750
268753 268754
268755 268756
268757 268759
269754 269755
269858 269859
