0 2
13 14
15 17
2537 2538
2540 2541
2547 2548
2589 2590
2592 2594
2679 2681
2682 2684
2703 2705
5806 5809
5915 5919
5958 5959
5960 5961
5962 5963
6001 6002
6006 6007
293970 293973
293975 293976
299147 299148
299157 299158
299388 299390
299392 299394
299406 299407
299408 299410
299413 299415
305113 305114
305115 305116
305261 305262
305263 305264
305306 305307
305328 305329
305340 305341
305351 305352
305357 305358
305362 305363
305395 305396
305399 305400
305406 305409
305413 305414
305554 305555
305762 305763
305772 305774
305786 305787
305788 305789
305798 305800
305810 305812
305815 305816
305819 305820
305824 305825
305829 305830
305840 305841
305853 305854
305857 305859
305860 305861
305864 305865
305876 305877
305908 305909
305915 305916
330328 330329
330330 330331
437363 437364
437365 437366
437370 437371
437374 437375
437389 437390
437406 437407
437411 437412
437510 437511
437521 437522
437555 437556
