0 2
4 5
7 9
14 15
50 51
60 62
64 65
66 68
99 101
151 152
153 154
183 185
186 187
190 194
198 199
210 212
214 215
227 228
254 255
258 259
263 264
1347 1348
1398 1399
1407 1410
1877 1878
1879 1881
1888 1890
1920 1921
1922 1925
1929 1930
2097 2099
2113 2114
2115 2117
2118 2121
2122 2123
9578 9580
9582 9583
9591 9593
9601 9602
9603 9607
9608 9609
9614 9615
9624 9625
9638 9641
9642 9643
9657 9658
9661 9662
9663 9665
9714 9715
9753 9755
9838 9839
9841 9842
9844 9845
10038 10040
10043 10044
10058 10059
10141 10142
10204 10205
10211 10212
10214 10215
10227 10228
10355 10357
10688 10689
10760 10762
10765 10766
10767 10768
10828 10829
10872 10873
10929 10930
10932 10933
11167 11168
11181 11183
14498 14500
14506 14507
34312 34313
34332 34333
34354 34355
34356 34357
34360 34361
34366 34367
34395 34396
35169 35170
35209 35210
35223 35224
45793 45795
46360 46361
46368 46369
46370 46371
46404 46407
46447 46449
46450 46452
46500 46501
46614 46616
47395 47396
47399 47400
47494 47496
47535 47537
47752 47753
47754 47755
47758 47761
47763 47764
47766 47767
47788 47790
47815 47816
47869 47871
48234 48235
48239 48240
48301 48302
48370 48371
383624 383627
383643 383644
383646 383647
383671 383672
383678 383680
383742 383744
384033 384034
384037 384038
384132 384133
384138 384139
384178 384179
384195 384197
384199 384200
384201 384202
384203 384204
384208 384210
384240 384241
384255 384256
384257 384258
384268 384269
384270 384272
385182 385184
385716 385717
385884 385885
385903 385904
385906 385907
385908 385910
387521 387522
387524 387526
387546 387547
387558 387559
387562 387565
388067 388068
388069 388072
388073 388076
388099 388101
388106 388108
388111 388113
388121 388122
388123 388124
388131 388132
388210 388211
388216 388217
388228 388231
388247 388248
388251 388253
388254 388255
388256 388259
388264 388265
388266 388267
388294 388296
388675 388677
388724 388726
388730 388731
388734 388735
388748 388750
388794 388795
388822 388824
389176 389177
389199 389200
389204 389205
389206 389208
389211 389213
389227 389228
393787 393788
393796 393797
393838 393841
393852 393853
393862 393864
