0 1
9 11
48 49
973 974
1027 1028
1040 1041
1044 1047
1067 1068
1188 1189
1190 1191
1192 1193
1201 1202
1205 1208
1220 1221
3156 3157
122077 122078
122126 122128
122129 122130
122148 122149
122323 122324
122396 122398
122404 122405
122410 122411
122422 122423
122451 122452
122597 122598
122602 122603
123819 123820
123838 123839
123845 123846
123954 123955
123958 123959
124033 124034
124043 124045
124046 124047
124049 124050
124068 124069
124074 124075
124120 124121
124168 124169
124170 124172
124174 124175
124177 124178
124179 124180
124181 124182
130017 130019
130023 130024
131861 131862
131906 131908
134200 134201
134216 134217
134434 134435
134444 134445
134446 134447
134449 134450
134490 134491
134495 134496
137890 137891
137901 137903
137952 137954
137956 137957
138073 138074
138100 138102
138122 138123
138127 138128
138140 138141
138986 138987
140596 140597
140625 140626
140628 140629
140702 140703
140708 140709
140939 140943
140948 140950
141043 141044
141582 141583
141586 141587
141588 141590
141592 141593
141723 141724
141726 141728
141747 141748
141774 141775
141779 141780
141783 141784
141795 141797
144185 144186
145379 145383
145390 145391
169020 169022
169026 169028
169034 169035
171388 171389
171390 171391
171392 171394
171421 171422
171429 171430
171437 171438
171942 171944
171951 171953
171966 171967
171990 171992
172920 172921
172932 172934
172957 172958
201607 201610
203811 203812
203858 203859
203883 203884
203888 203889
