0 2
42 43
144 145
154 155
190 191
803 804
824 825
833 835
836 838
839 840
1158 1159
1411 1412
1416 1417
1444 1445
1448 1449
1459 1460
1463 1464
1471 1472
1473 1474
1488 1489
1491 1494
1495 1496
1510 1511
1534 1535
1546 1547
1925 1928
1942 1943
1986 1987
3437 3438
3440 3441
3442 3443
3444 3445
3446 3447
3559 3560
3562 3563
3566 3567
3570 3571
3575 3576
3671 3672
3673 3674
3676 3678
3680 3682
3724 3726
3731 3732
4009 4010
4026 4028
4030 4031
4347 4348
4377 4379
4381 4382
4385 4386
4424 4425
4426 4429
4430 4431
4456 4458
4459 4460
4469 4472
4475 4476
4477 4478
4479 4480
4496 4497
5065 5066
5070 5071
5072 5073
7930 7933
7934 7935
7958 7960
8020 8021
8024 8026
8029 8030
8052 8055
8068 8069
8070 8072
8075 8076
8086 8087
8218 8219
8247 8248
8249 8250
8278 8279
8337 8339
8627 8628
8629 8630
8631 8632
8719 8720
8727 8728
8729 8730
32616 32617
32619 32622
32624 32626
32640 32641
32645 32646
33091 33092
33128 33129
33252 33253
33258 33259
33260 33261
33263 33264
33277 33278
33307 33309
33310 33311
33315 33317
33417 33418
47159 47160
47164 47165
47193 47194
47195 47197
47198 47199
47204 47205
47244 47245
47361 47362
47594 47595
47603 47605
48021 48022
48027 48028
48576 48577
48808 48809
50168 50169
50189 50192
50208 50209
50210 50211
53270 53271
53272 53273
53274 53275
53446 53447
53456 53458
53463 53464
53465 53466
53517 53519
53781 53782
53783 53784
53793 53794
53800 53801
53805 53806
53811 53812
53817 53818
53846 53848
53852 53853
53906 53908
59507 59508
59538 59539
59553 59554
59561 59563
60285 60288
60305 60306
60324 60325
60326 60327
60331 60332
60547 60548
61933 61935
61940 61941
63684 63685
63724 63727
63729 63730
63762 63763
63784 63785
63845 63846
63848 63850
68105 68106
68107 68109
68142 68143
68160 68161
68162 68164
68185 68186
68767 68768
68782 68783
68784 68786
68796 68798
68844 68845
69083 69084
69121 69122
69131 69132
69134 69135
69138 69140
69141 69142
69165 69166
69172 69173
69175 69176
69899 69900
70031 70033
145761 145762
