0 2
5 6
10 11
43 45
48 50
118 119
120 121
155 156
157 158
168 169
956 957
1047 1048
1049 1050
1051 1052
1125 1127
1167 1168
1191 1192
1291 1293
1297 1298
1685 1686
1689 1690
1712 1713
1719 1720
1722 1723
1727 1728
1785 1786
1789 1790
1794 1795
1807 1811
79139 79141
79144 79145
79163 79164
79191 79192
79193 79194
79526 79528
79579 79580
79583 79584
79635 79636
80372 80375
80402 80404
82666 82667
82670 82671
82672 82673
82674 82675
247508 247509
247535 247538
247541 247542
247554 247555
247622 247624
247639 247641
247643 247644
247827 247828
247831 247832
247981 247982
247984 247985
248058 248062
248063 248064
250908 250909
250948 250949
250956 250957
250958 250959
251072 251073
253150 253151
253178 253179
253180 253182
253183 253185
253233 253234
253239 253240
253243 253244
254020 254021
254023 254025
254055 254056
254073 254074
254306 254307
254321 254322
254354 254355
254358 254359
254362 254363
254368 254369
254372 254374
254384 254385
254464 254465
254468 254470
254691 254692
254694 254695
254696 254697
254727 254728
254766 254767
254769 254772
254938 254939
254947 254948
255014 255015
255062 255065
255070 255071
255076 255078
266501 266503
266505 266506
266667 266668
266670 266672
266679 266680
266683 266684
266704 266706
266720 266721
266881 266882
266885 266886
267027 267028
267745 267747
274871 274874
274876 274878
274880 274882
274883 274884
274941 274942
274969 274970
274971 274973
275214 275215
275217 275218
275230 275231
275249 275250
275268 275269
275274 275275
275388 275390
275392 275394
275399 275400
275422 275423
275425 275427
275514 275515
275516 275519
275520 275521
279860 279861
280352 280353
280355 280356
280368 280369
280370 280371
280386 280387
328683 328685
328706 328707
328708 328710
328982 328985
328986 328988
329033 329035
329039 329040
329053 329054
329265 329266
329388 329389
329406 329407
329408 329410
329412 329413
329415 329416
329433 329435
329437 329438
329441 329442
329456 329457
329460 329461
329662 329663
329680 329681
329682 329683
329693 329696
329697 329698
329699 329700
329701 329702
329756 329757
329758 329759
333310 333311
333312 333313
333363 333364
333394 333395
333401 333403
333404 333405
333831 333832
333855 333856
333861 333863
333885 333886
333888 333889
333893 333895
333908 333909
333950 333952
334013 334014
334298 334299
334470 334471
343032 343033
343269 343270
343455 343457
343458 343459
343462 343463
343934 343935
343937 343938
343953 343955
344002 344003
344006 344007
344172 344173
344188 344189
344204 344206
344211 344213
344274 344276
344277 344279
344317 344319
344322 344323
344661 344663
344805 344806
344867 344868
344948 344949
345260 345262
407044 407045
407089 407090
407092 407093
407094 407095
407225 407226
407227 407228
407229 407230
407232 407233
407235 407236
407242 407243
407245 407246
407533 407536
407539 407541
410059 410061
410062 410065
410181 410184
410890 410892
411088 411089
411090 411093
411096 411097
411126 411127
411131 411132
411133 411135
411218 411219
411227 411228
411229 411230
411232 411234
411256 411257
411266 411268
411269 411270
411274 411275
411292 411294
412212 412213
412214 412215
412233 412234
412262 412263
412301 412302
412308 412309
412310 412311
412312 412314
412321 412323
412327 412328
412336 412338
412345 412347
413177 413179
413188 413190
413698 413699
413708 413709
413710 413711
413854 413855
413857 413859
413928 413929
413935 413937
413955 413956
433404 433405
433406 433407
433415 433416
433422 433424
433426 433427
433428 433429
433536 433538
433876 433877
433918 433919
433921 433922
433944 433945
433989 433990
433992 433994
434007 434009
434051 434052
434058 434059
434060 434062
434072 434073
434074 434077
434096 434097
434207 434208
434257 434258
436832 436833
436834 436835
436871 436872
436877 436878
437070 437071
437104 437105
437130 437134
437135 437136
437145 437146
437149 437150
437151 437152
437161 437162
437179 437181
437187 437188
437190 437192
437197 437199
441873 441874
441910 441911
441924 441926
441930 441931
441933 441934
442278 442279
442282 442284
442332 442333
442391 442392
445294 445295
445301 445302
445382 445383
445384 445385
445391 445392
445394 445395
445396 445398
445509 445510
445606 445607
445608 445609
445616 445618
445667 445670
445671 445672
445674 445675
445701 445702
445894 445895
445906 445907
445923 445924
445927 445929
446154 446155
446157 446158
446176 446177
446179 446181
451504 451505
451506 451507
451516 451517
451946 451947
451951 451954
451960 451961
451962 451966
451967 451968
453060 453061
453089 453091
453099 453100
453105 453106
467324 467325
467326 467327
467332 467333
467335 467338
467354 467356
467357 467358
467365 467366
467368 467369
467377 467378
467384 467386
478873 478874
478875 478876
478885 478886
478888 478889
478890 478891
