0 2
4 5
2480 2481
2486 2487
3278 3279
3281 3283
3284 3285
3286 3287
3551 3552
7952 7953
7989 7990
8006 8007
8026 8027
8116 8117
8125 8127
8206 8207
8212 8213
8219 8220
8225 8226
8303 8304
8319 8320
8322 8323
8378 8379
8391 8392
8400 8403
8419 8421
8425 8426
73224 73225
73243 73244
73247 73248
73257 73258
73263 73264
73266 73268
73274 73276
73338 73339
73340 73341
73345 73346
74879 74880
74890 74893
74905 74908
74909 74910
74950 74953
74954 74955
74957 74958
74967 74968
74996 74997
74998 74999
75007 75008
75010 75011
75012 75014
75016 75017
75019 75020
75093 75095
75189 75190
80689 80690
80692 80693
82213 82214
82355 82356
82599 82601
82602 82603
82605 82606
82612 82614
86435 86437
86466 86467
86471 86472
86473 86475
86590 86591
86612 86613
87694 87695
88004 88005
88006 88007
88129 88130
88420 88421
88423 88424
88441 88442
88454 88455
88460 88463
88467 88468
88469 88471
88472 88473
88474 88475
88476 88477
88484 88485
88488 88489
99449 99450
99520 99521
99569 99570
99572 99573
99574 99575
99609 99611
100057 100060
100067 100068
100078 100079
100125 100126
100141 100142
100143 100144
100171 100172
100173 100174
100188 100189
100193 100194
100208 100209
100371 100372
100373 100374
100499 100500
100518 100519
100520 100521
100524 100525
100527 100528
100537 100538
100923 100924
100925 100927
100928 100929
100931 100932
100936 100937
100938 100940
100942 100943
100944 100945
100947 100948
100979 100980
100986 100987
101001 101003
101004 101006
101009 101010
101669 101670
101671 101672
101678 101680
101681 101682
101707 101708
101709 101710
101854 101855
101857 101858
101913 101914
106418 106420
106430 106431
106442 106444
106476 106477
106614 106615
108597 108598
108618 108620
113325 113326
113328 113329
113330 113331
113340 113342
113343 113346
113347 113348
113396 113397
113416 113418
113489 113490
113493 113495
113681 113682
113756 113758
113763 113766
113767 113768
113775 113776
113787 113788
113794 113799
113891 113892
113893 113894
113900 113901
113903 113904
113905 113906
113912 113913
113972 113973
113974 113975
113982 113983
114174 114176
114177 114178
114179 114181
115191 115192
115274 115275
115276 115277
115294 115295
115545 115546
115584 115587
115605 115607
115613 115614
115617 115618
115647 115648
115651 115653
115929 115930
115931 115932
115939 115940
115950 115951
115956 115957
116000 116001
116003 116004
116005 116006
116008 116009
116010 116012
116095 116096
116098 116100
116102 116103
121959 121960
121962 121963
127906 127908
128050 128051
128057 128058
129525 129526
129527 129528
129533 129534
129535 129536
129893 129894
129902 129903
129945 129948
129970 129971
130577 130579
130581 130582
130583 130584
130764 130765
130768 130769
130859 130860
130861 130862
130865 130867
130979 130980
130985 130986
130987 130988
130989 130990
130993 130994
131014 131015
131017 131019
131020 131022
131026 131028
131032 131034
131782 131783
131784 131785
131792 131793
132365 132366
132630 132631
132684 132685
133242 133243
133420 133421
133424 133427
133428 133429
133430 133431
133475 133478
133485 133487
133726 133727
133749 133750
133764 133765
133767 133768
133781 133783
133796 133798
134366 134367
134981 134982
134985 134986
134991 134992
137014 137016
137017 137018
137204 137205
137972 137974
138006 138007
138074 138075
138077 138080
138081 138082
138144 138145
138193 138196
138206 138207
138213 138214
138224 138226
138273 138274
138326 138327
138354 138356
138357 138358
138362 138363
152342 152343
152344 152345
152347 152348
152349 152351
152353 152354
152364 152365
152368 152369
211356 211357
211361 211362
211363 211364
211365 211366
211367 211368
213305 213306
214299 214300
214302 214304
214305 214309
214310 214311
214322 214325
214326 214327
214328 214329
214501 214502
214503 214504
214586 214588
214608 214609
214619 214620
214698 214699
214700 214702
214704 214705
214955 214957
214973 214974
215003 215006
215039 215040
215045 215046
215048 215049
215057 215058
215060 215061
215071 215072
215096 215098
215099 215100
215102 215103
215141 215142
241955 241956
242060 242061
242062 242064
242080 242083
242084 242085
242087 242088
242099 242101
242102 242103
242104 242105
242108 242110
242111 242114
242118 242119
242120 242121
242123 242124
242148 242149
242150 242151
250611 250612
250615 250616
250618 250619
250636 250637
250642 250643
250741 250744
250750 250752
250753 250754
262124 262125
