0 1
8 10
48 50
51 52
80 82
88 89
552 554
557 558
611 612
613 614
656 657
2808 2809
2810 2811
2813 2814
2816 2818
2824 2825
2827 2828
2829 2831
2834 2836
2886 2887
2893 2895
440485 440486
440531 440532
440556 440557
440559 440560
440570 440571
440572 440574
440576 440577
443710 443711
443717 443718
443720 443721
443886 443887
444176 444177
444214 444216
444217 444218
444220 444221
444228 444229
444282 444283
444284 444285
444287 444288
444290 444291
444300 444301
444308 444309
444311 444315
444333 444334
444335 444336
444339 444340
444355 444360
445973 445974
475855 475856
475931 475932
475934 475937
475942 475943
475944 475945
475947 475948
476008 476009
476018 476019
476020 476021
476028 476029
514438 514439
514452 514453
514454 514455
514458 514459
514460 514461
514462 514463
514484 514486
514492 514493
514500 514501
514502 514504
521232 521234
521235 521236
521239 521240
521243 521247
521262 521263
521280 521281
521282 521283
521285 521286
521465 521466
521535 521536
521537 521539
521552 521555
521608 521609
521615 521616
521617 521618
521659 521660
521702 521703
521712 521714
521739 521740
536291 536292
536306 536307
536319 536320
536336 536337
536631 536632
536637 536638
538300 538302
538310 538311
538314 538315
538316 538317
538383 538384
538390 538391
538469 538470
538706 538708
538712 538713
539083 539084
539102 539103
539108 539109
539110 539111
541800 541802
541803 541804
541805 541806
541900 541902
541903 541904
541906 541907
541908 541909
542799 542800
542847 542849
542884 542885
542894 542895
542901 542903
542905 542906
542908 542909
573286 573288
573317 573319
573444 573445
573447 573449
573457 573460
573466 573468
573475 573477
573508 573509
573517 573520
573522 573523
573530 573533
573542 573543
573546 573547
573550 573552
573553 573554
574080 574081
574086 574087
574332 574334
574335 574337
574343 574345
574386 574388
574409 574410
574413 574414
574462 574463
574466 574467
575255 575256
575262 575263
575306 575307
575378 575379
575385 575386
575391 575394
575405 575406
575424 575425
577322 577323
577327 577328
577494 577496
577580 577581
577588 577589
577591 577592
577614 577615
600036 600037
600298 600299
600327 600329
600348 600349
600350 600351
603644 603646
603653 603654
603655 603656
603668 603669
603683 603684
603730 603732
603777 603779
603832 603833
603892 603894
603896 603897
606208 606209
606227 606228
606229 606230
606237 606238
606255 606256
606327 606328
606336 606337
606346 606347
606350 606351
606352 606353
608919 608920
608923 608924
608925 608927
608928 608929
608941 608945
608961 608967
608970 608971
609305 609306
609571 609572
609582 609583
609597 609598
609599 609600
609603 609604
609609 609612
609613 609615
609636 609638
609724 609725
609735 609736
609738 609739
659195 659196
659199 659200
659205 659206
659267 659268
659290 659291
659303 659304
659321 659322
659329 659330
659332 659334
659357 659358
668679 668680
668717 668718
668719 668720
668722 668723
668752 668753
669217 669218
669221 669222
669236 669237
670015 670016
670036 670037
670057 670058
670131 670132
670139 670141
670184 670188
675849 675850
675882 675884
675886 675888
675889 675890
675894 675896
675906 675907
675917 675918
675919 675920
675922 675923
678125 678126
678160 678162
678178 678179
678231 678232
678260 678261
678264 678267
678268 678269
678274 678275
678293 678296
678300 678301
678302 678303
678304 678305
678599 678600
679707 679709
679720 679721
679722 679723
679725 679728
679729 679730
679779 679780
679781 679782
679798 679800
679802 679803
679824 679825
734229 734230
734231 734232
735627 735628
735629 735631
735650 735651
735653 735654
735657 735659
739673 739674
739777 739781
739784 739786
739915 739916
739926 739927
739953 739954
739961 739962
740154 740155
740303 740304
740344 740345
740346 740347
740355 740356
740362 740363
740364 740366
740375 740376
740412 740414
740440 740441
741839 741840
741846 741847
741867 741868
742535 742537
742538 742539
742573 742575
742594 742596
742598 742599
742600 742601
742602 742603
742605 742606
742607 742608
742611 742612
742615 742616
742636 742637
742663 742664
742681 742682
742688 742689
742692 742693
772519 772520
772521 772523
773905 773907
773913 773915
773916 773917
773920 773921
773953 773956
773967 773968
773970 773971
773978 773981
774476 774477
775085 775086
775112 775113
775115 775117
775137 775138
775156 775157
775160 775161
775167 775168
775276 775277
775297 775298
775307 775308
775338 775339
775402 775403
775407 775409
775471 775473
789343 789345
789662 789663
789664 789665
790375 790377
790485 790486
790698 790700
790707 790708
790746 790747
790976 790978
791040 791041
791822 791824
791848 791849
791933 791934
791937 791938
791939 791940
791943 791944
791952 791953
791962 791964
791988 791989
791990 791991
791994 791995
791997 791998
791999 792000
792011 792012
792013 792014
792015 792016
792030 792032
792048 792049
792052 792053
793887 793888
793896 793898
793907 793910
794016 794017
794155 794156
794206 794207
794212 794217
794223 794226
794242 794243
856790 856791
856795 856796
856824 856825
856833 856834
856839 856840
856842 856843
873883 873885
874174 874175
874236 874237
874247 874248
874251 874252
874253 874254
874266 874267
874273 874277
874292 874293
874297 874298
874301 874302
874313 874314
875757 875758
876042 876043
876044 876045
895654 895655
895697 895698
895699 895701
895707 895709
895720 895721
895722 895724
895728 895729
898276 898278
898281 898282
898480 898481
898486 898488
898489 898490
899336 899337
899374 899375
899377 899380
899382 899383
900171 900174
900175 900176
900359 900361
900366 900369
900377 900379
900533 900536
900539 900540
900644 900645
900971 900972
900973 900974
900990 900991
900992 900994
901016 901017
901018 901019
901021 901022
901026 901029
901336 901338
910998 911000
911180 911181
912015 912018
912019 912020
912033 912034
912037 912038
912039 912040
912042 912043
912044 912045
912046 912047
912224 912226
912232 912233
912277 912278
912281 912282
912284 912287
912291 912292
912304 912305
912309 912310
912779 912780
913640 913642
913681 913682
913733 913735
913745 913746
913768 913769
913786 913787
913793 913794
913796 913798
913802 913804
913807 913808
913809 913810
913811 913812
913839 913841
913842 913843
913851 913855
913871 913872
913873 913874
913885 913888
913889 913891
913892 913893
913928 913931
913937 913939
913943 913944
913954 913955
913958 913959
917468 917469
917471 917472
917536 917539
917598 917599
917601 917603
917604 917605
917617 917618
917629 917630
917633 917634
919202 919203
919205 919206
919207 919208
919210 919212
919231 919232
919270 919271
919273 919274
919524 919525
919534 919535
919542 919543
919544 919545
919546 919547
919552 919553
919566 919567
919617 919619
919870 919871
919872 919873
935262 935263
935404 935405
935499 935501
935503 935504
940785 940786
940790 940791
940795 940798
940890 940892
941019 941020
941088 941089
941255 941256
941257 941258
941259 941260
941261 941262
941282 941283
942328 942329
944568 944570
944583 944584
944650 944651
944652 944653
944655 944656
944657 944659
944667 944668
944792 944794
944902 944904
947771 947772
947828 947829
947878 947879
947903 947906
948027 948028
948055 948057
948067 948068
948072 948073
948085 948086
948088 948089
948237 948240
948243 948244
948250 948251
948252 948253
948262 948264
948289 948291
948292 948293
948295 948296
948563 948564
948581 948583
948651 948652
948653 948654
948659 948660
948820 948821
948844 948845
948882 948883
948895 948896
948899 948900
948904 948905
949800 949801
949803 949804
949805 949806
949807 949808
949809 949810
949915 949916
949917 949918
949919 949920
949975 949977
949990 949991
949993 949994
950019 950020
