0 1
4 5
49 50
51 52
58 59
61 63
76 78
177 178
236 237
7557 7558
7635 7636
7644 7645
7652 7654
7728 7729
7731 7732
8495 8496
8497 8498
8499 8500
8502 8504
8522 8523
8524 8525
8973 8974
8975 8976
9123 9126
9128 9129
9133 9134
9145 9146
9215 9217
9218 9219
9220 9221
9616 9617
9618 9619
9620 9621
9636 9637
9642 9643
9644 9645
9660 9661
9666 9667
9740 9742
10053 10054
10196 10202
10233 10234
10478 10479
10536 10539
10540 10541
10552 10553
10667 10668
10681 10682
10688 10690
10696 10697
11218 11219
11263 11265
11267 11268
11269 11270
11284 11285
11297 11299
11304 11305
11308 11310
11311 11312
11314 11315
12187 12188
48533 48535
48540 48542
48546 48547
48648 48649
48664 48666
48692 48693
48773 48774
48793 48794
48795 48797
48921 48923
48934 48935
48959 48963
54372 54373
54375 54377
54413 54414
54418 54419
54472 54473
54484 54485
54503 54504
54510 54511
55414 55415
55427 55428
55433 55434
55437 55438
55439 55440
55441 55442
55445 55446
55702 55703
55726 55727
55732 55733
55922 55923
57221 57222
57223 57224
57225 57226
57251 57252
57256 57257
57277 57278
57281 57283
57300 57301
57304 57306
57313 57314
57329 57330
57333 57334
57339 57340
57346 57347
57348 57349
57400 57401
58008 58009
59807 59808
59916 59917
59922 59923
70339 70340
70598 70599
72089 72091
72445 72446
72451 72452
72506 72507
72513 72514
72770 72771
72776 72777
73868 73869
73870 73871
73873 73874
74116 74117
74119 74121
74144 74145
74152 74154
74164 74165
74198 74199
74222 74223
74224 74225
74228 74229
74248 74249
74260 74261
74371 74374
74377 74378
74675 74676
74680 74681
74682 74683
74684 74685
74708 74709
74724 74726
75005 75006
75679 75682
75683 75684
75837 75839
75843 75844
75863 75864
75869 75870
75871 75872
75874 75876
76572 76573
76574 76575
76590 76592
76716 76717
76799 76800
76808 76809
76810 76811
76862 76863
76865 76867
76869 76870
76875 76876
76889 76890
76912 76913
76914 76915
76969 76970
76974 76975
80086 80087
80534 80535
80628 80632
80645 80646
80647 80650
81989 81991
82008 82009
82064 82065
82107 82109
82114 82115
83036 83038
83065 83066
83393 83395
83410 83411
83462 83463
83467 83469
83470 83471
83531 83532
83567 83568
83570 83571
83579 83581
83584 83585
83610 83611
83665 83666
83668 83669
83816 83817
83822 83823
83824 83826
84602 84603
84605 84607
84608 84609
84617 84619
84620 84622
84631 84632
84638 84639
84663 84664
84694 84696
84701 84703
84704 84705
84707 84708
84786 84787
84788 84789
84790 84791
84792 84793
84795 84796
84896 84897
84899 84900
85115 85116
85117 85119
85140 85141
123806 123807
123808 123809
123918 123919
123923 123924
123929 123930
123950 123951
124228 124229
124230 124231
124234 124235
124245 124248
124250 124251
124270 124271
124278 124279
132908 132909
132947 132948
132949 132950
132975 132976
132982 132983
132985 132986
133029 133030
731064 731066
731067 731068
731069 731070
731071 731072
731116 731117
731118 731121
731930 731931
731933 731935
732587 732588
732649 732650
732651 732652
732655 732656
732659 732662
732663 732664
732760 732761
733566 733567
733637 733638
733650 733653
733676 733678
733683 733684
733685 733686
733704 733706
733711 733712
734947 734948
734955 734956
734983 734984
734999 735000
735007 735008
735013 735015
735016 735017
735019 735020
735143 735144
735145 735146
735147 735148
735326 735327
735740 735741
735771 735772
735791 735792
735797 735798
735809 735810
735813 735814
735815 735816
735817 735818
735834 735835
735871 735872
735877 735878
735881 735882
735884 735885
735889 735892
735899 735900
736129 736130
736131 736132
736133 736134
736135 736136
736142 736144
736145 736147
736150 736151
736153 736155
736647 736648
749022 749023
749025 749026
749033 749034
749087 749088
749133 749134
749136 749137
749154 749157
749158 749159
749486 749487
749523 749524
749528 749529
749536 749537
749767 749768
749769 749770
767514 767515
767877 767880
767881 767882
767896 767897
767904 767905
767907 767909
768281 768282
768284 768285
768298 768299
768301 768303
768305 768306
768343 768344
768362 768364
768365 768366
768405 768406
768407 768408
768409 768410
768424 768425
768449 768451
768452 768453
768590 768591
768613 768614
769890 769891
769894 769896
770179 770180
770181 770182
770186 770187
770188 770189
772192 772193
772194 772195
772197 772198
772206 772210
772212 772213
772250 772252
772255 772256
772262 772264
772297 772298
772352 772353
772429 772430
772521 772522
772523 772524
772868 772870
773279 773280
773297 773300
773317 773318
773323 773326
773344 773345
773364 773365
773370 773373
969443 969444
969445 969448
969571 969573
969788 969789
969904 969907
969974 969975
969988 969989
970006 970007
970559 970560
970566 970569
970570 970572
970782 970783
970849 970850
970851 970853
970905 970906
971070 971071
971072 971073
971075 971076
971100 971101
971107 971108
971113 971114
971117 971118
971174 971175
971177 971179
971183 971184
972046 972048
972064 972065
972093 972094
972107 972108
972109 972111
972119 972121
972132 972133
972145 972146
972148 972149
972154 972156
972160 972161
972995 972996
973000 973001
973007 973008
973010 973011
973020 973021
973128 973129
973148 973150
981061 981062
981212 981213
981215 981216
981435 981436
981447 981448
981474 981476
981477 981478
982442 982443
985760 985762
987185 987186
987189 987191
987193 987195
987196 987197
987204 987207
987209 987210
987213 987214
987762 987763
988353 988354
988356 988357
988522 988523
989098 989099
989103 989104
989108 989110
989111 989112
989133 989134
989156 989157
989196 989197
989198 989200
989201 989203
989211 989213
989319 989321
989324 989325
989330 989331
989373 989374
989422 989423
989466 989467
989470 989471
989476 989477
989630 989631
989652 989653
989654 989656
989663 989664
989671 989672
989709 989710
989712 989717
989720 989721
989936 989937
989945 989949
990105 990106
990252 990254
990307 990308
990310 990311
990321 990323
990327 990330
990338 990339
990353 990354
990355 990356
990371 990372
990373 990374
990380 990381
990401 990403
990405 990406
990408 990409
990410 990411
990439 990440
990443 990444
990510 990511
990564 990565
990596 990598
990599 990601
990602 990604
990632 990634
990980 990981
990982 990988
991004 991005
991006 991008
991009 991010
991012 991013
991014 991015
991018 991019
991034 991035
991041 991042
991060 991061
991062 991063
991069 991070
991078 991079
991112 991113
991124 991125
991129 991130
991184 991185
992399 992400
