0 0
1 0.00588411
2 0.262387
3 0.526776
4 0.359334
5 0.174798
6 0.158095
7 0.162505
8 0.125823
9 0.0816945
10 0.0620417
11 0.0599626
12 0.0534843
13 0.0548867
14 0.0693993
15 0.0275804
16 0.0171949
17 0.0401874
18 0.0222137
19 0.0242231
20 0.0129148
21 0.0120829
22 0.0142042
23 0.00698583
24 0.00677688
25 0.0115029
26 0.0118046
27 0.00703638
28 0.0011892
29 0.00666473
30 0.00186744
31 0.00421601
32 0.0034204
33 0.000234519
34 0.00039606
35 0.00300023
36 0.00302778
37 0.00257226
38 0.000275314
39 0.000386818
40 0.00169439
41 0.00163203
42 0.00115115
43 0.000246492
44 0.000609735
45 0.00100711
46 9.67556e-05
47 0.000426757
48 0.000241224
49 0.00228386
50 0.000676873
51 0.000200301
52 0.00113186
53 3.79028e-06
54 0.000100406
55 3.68405e-05
56 0.000115196
57 2.47099e-05
58 8.43007e-06
59 0.000207161
60 0.000116174
61 0.00117012
62 0.00106857
63 0.000116059
64 0.000254117
65 0.000237658
66 0.000113367
67 1.21219e-06
68 9.99696e-05
69 0.000131271
70 6.15473e-06
71 0.000442351
72 5.57427e-05
73 6.41062e-05
74 5.45052e-05
75 0.000161988
76 0.000139142
77 8.60552e-05
78 2.26478e-05
79 0.000111524
80 9.89499e-05
81 7.78085e-05
82 8.36128e-05
83 7.15391e-06
84 0.000166234
85 0
86 4.24779e-05
87 2.24055e-05
88 2.35272e-05
89 6.7499e-06
90 1.66413e-06
91 9.86753e-05
92 2.10467e-06
93 2.13744e-05
94 0.000186131
95 9.25371e-05
96 3.71481e-06
97 0.000129885
98 2.02075e-05
99 0.000101029
100 0.000203482
101 3.2114e-09
102 7.88967e-05
103 7.19734e-06
104 3.24495e-05
105 7.59745e-05
106 0
107 0.000165863
108 5.55377e-05
109 1.72018e-05
110 1.05687e-05
111 3.59013e-05
112 2.37996e-05
113 3.35086e-07
114 1.82957e-05
115 2.54587e-05
116 0.000123437
117 0.000137122
118 9.93816e-05
119 2.30776e-05
120 1.03591e-07
121 1.27115e-05
122 6.51592e-05
123 9.2159e-05
124 0.00011845
125 3.46268e-07
126 9.5766e-07
127 0.000211995
128 3.33446e-05
129 0.000170622
130 7.76966e-05
131 0
132 6.50578e-07
133 3.94956e-05
134 0.000106708
135 6.1114e-05
136 2.50661e-06
137 1.99712e-07
138 3.06661e-06
139 0.000142111
140 0.000164101
141 1.35027e-06
142 4.52594e-05
143 2.98034e-06
144 4.59141e-06
145 7.26643e-05
146 1.22473e-05
147 0
148 8.84405e-06
149 7.91533e-07
150 0.000108987
151 5.74558e-06
152 6.65306e-05
153 5.92508e-06
154 0.000108547
155 3.01875e-05
156 0
157 9.24037e-05
158 3.7703e-06
159 1.15747e-05
160 5.13265e-07
161 0.000101242
162 9.60694e-05
163 0.000149559
164 1.13908e-08
165 1.85696e-06
166 0
167 0
168 9.74667e-07
169 8.90509e-06
170 3.29382e-07
171 4.88549e-05
172 9.16133e-05
173 2.47693e-06
174 4.60614e-07
175 1.14262e-06
176 0.000130799
177 1.04463e-05
178 8.71399e-05
179 3.03882e-06
180 5.83191e-05
181 0.000102616
182 1.74142e-06
183 1.23567e-07
184 2.51419e-05
185 4.73757e-06
186 0
187 0
188 2.27002e-05
189 9.40613e-06
190 0
191 9.61801e-07
192 5.07564e-06
193 0
194 1.51305e-08
195 7.54649e-05
196 6.79962e-07
197 5.40189e-09
198 5.33508e-06
199 5.23943e-05
200 5.25273e-05
201 0
202 0
203 0
204 0
205 9.19199e-05
206 1.60259e-05
207 0.000142343
208 6.37752e-05
209 6.91029e-05
210 2.0647e-06
211 0
212 7.39498e-05
213 2.91361e-07
214 4.18216e-06
215 0
216 5.00421e-05
217 0
218 2.38714e-05
219 1.60145e-05
220 0
221 2.42833e-06
222 1.88301e-05
223 0
224 7.50816e-05
225 0
226 5.93658e-05
227 2.55401e-05
228 2.42679e-06
229 0.000106413
230 1.15161e-06
231 9.2803e-05
232 0
233 1.74264e-05
234 1.17625e-05
235 2.84505e-08
236 0.000205903
237 1.44762e-07
238 8.43015e-05
239 1.6211e-05
240 0.00011031
241 0.000105226
242 6.3248e-08
243 0.000107388
244 0.000120622
245 2.64809e-05
246 0
247 0
248 0
249 0
