0 0
1 0
2 0
3 0
4 0
5 8e-09
6 8e-09
7 0
8 0
9 0
10 0
11 8e-09
12 0
13 0
14 0
15 0
16 0
17 1.6e-08
18 0
19 0
20 0
21 0
22 0
23 0
24 0
25 0
26 8e-09
27 0
28 0
29 8e-09
30 0
31 0
32 1.6e-08
33 8e-09
34 0
35 8e-09
36 0
37 1.6e-08
38 0
39 0
40 8e-09
41 8e-09
42 0
43 0
44 0
45 8e-09
46 8e-09
47 2.4e-08
48 0
49 0
50 0
51 0
52 0
53 0
54 8e-09
55 8e-09
56 1.6e-08
57 0
58 0
59 0
60 1.6e-08
61 8e-09
62 1.6e-08
63 0
64 0
65 8e-09
66 0
67 0
68 8e-09
69 0
70 0
71 0
72 8e-09
73 0
74 0
75 0
76 8e-09
77 8e-09
78 1.6e-08
79 0
80 8e-09
81 8e-09
82 0
83 1.6e-08
84 1.6e-08
85 1.6e-08
86 1.6e-08
87 1.6e-08
88 8e-09
89 1.6e-08
90 2.4e-08
91 8e-09
92 0
93 0
94 0
95 0
96 8e-09
97 0
98 2.4e-08
99 0
100 8e-09
101 1.6e-08
102 8e-09
103 8e-09
104 0
105 8e-09
106 0
107 8e-09
108 0
109 2.4e-08
110 1.6e-08
111 8e-09
112 0
113 0
114 0
115 0
116 8e-09
117 8e-09
118 8e-09
119 8e-09
120 8e-09
121 8e-09
122 8e-09
123 8e-09
124 0
125 0
126 8e-09
127 0
128 0
129 1.6e-08
130 2.4e-08
131 8e-09
132 2.4e-08
133 0
134 0
135 1.6e-08
136 8e-09
137 1.6e-08
138 1.6e-08
139 8e-09
140 8e-09
141 0
142 0
143 8e-09
144 1.6e-08
145 1.6e-08
146 8e-09
147 0
148 0
149 8e-09
150 0
151 8e-09
152 0
153 0
154 8e-09
155 8e-09
156 0
157 0
158 0
159 1.6e-08
160 8e-09
161 0
162 0
163 0
164 0
165 8e-09
166 8e-09
167 8e-09
168 8e-09
169 8e-09
170 8e-09
171 0
172 0
173 0
174 8e-09
175 0
176 8e-09
177 2.4e-08
178 8e-09
179 1.6e-08
180 0
181 0
182 8e-09
183 8e-09
184 1.6e-08
185 8e-09
186 1.6e-08
187 0
188 0
189 0
190 8e-09
191 0
192 8e-09
193 1.6e-08
194 8e-09
195 8e-09
196 2.4e-08
197 1.6e-08
198 8e-09
199 8e-09
200 0
201 0
202 8e-09
203 0
204 8e-09
205 8e-09
206 2.4e-08
207 8e-09
208 0
209 0
210 8e-09
211 0
212 0
213 0
214 0
215 0
216 0
217 0
218 1.6e-08
219 8e-09
220 8e-09
221 8e-09
222 0
223 8e-09
224 8e-09
225 2.4e-08
226 8e-09
227 8e-09
228 8e-09
229 8e-09
230 0
231 2.4e-08
232 8e-09
233 1.6e-08
234 8e-09
235 1.6e-08
236 0
237 0
238 0
239 0
240 8e-09
241 8e-09
242 0
243 1.6e-08
244 0
245 1.6e-08
246 1.6e-08
247 8e-09
248 2.4e-08
249 0
250 8e-09
251 8e-09
252 8e-09
253 8e-09
254 0
255 8e-09
256 0
257 1.6e-08
258 0
259 8e-09
260 1.6e-08
261 8e-09
262 8e-09
263 0
264 7.9204e-09
265 0
266 8e-09
267 0
268 0
269 8e-09
270 1.6e-08
271 1.6e-08
272 0
273 0
274 1.6e-08
275 8e-09
276 2.4e-08
277 0
278 1.6e-08
279 0
280 0
281 0
282 0
283 0
284 8e-09
285 8e-09
286 1.6e-08
287 0
288 2.4e-08
289 3.2e-08
290 8e-09
291 8e-09
292 1.6e-08
293 2.4e-08
294 0
295 0
296 0
297 8e-09
298 8e-09
299 0
300 8e-09
301 0
302 8e-09
303 0
304 8e-09
305 8e-09
306 0
307 8e-09
308 0
309 0
310 8e-09
311 8e-09
312 0
313 0
314 0
315 0
316 8e-09
317 1.6e-08
318 0
319 8e-09
320 0
321 0
322 0
323 0
324 2.4e-08
325 0
326 8e-09
327 8e-09
328 0
329 0
330 0
331 8e-09
332 0
333 8e-09
334 0
335 0
336 0
337 8e-09
338 8e-09
339 8e-09
340 0
341 8e-09
342 0
343 0
344 0
345 8e-09
346 0
347 0
348 0
349 0
350 1.6e-08
351 8e-09
352 0
353 8e-09
354 8e-09
355 0
356 0
357 8e-09
358 8e-09
359 0
360 0
361 8e-09
362 0
363 8e-09
364 8e-09
365 0
366 0
367 0
368 0
369 0
370 8e-09
371 8e-09
372 0
373 0
374 8e-09
375 8e-09
376 8e-09
377 0
378 0
379 0
380 0
381 8e-09
382 8e-09
383 1.6e-08
384 0
385 0
386 0
387 8e-09
388 0
389 8e-09
390 0
391 2.4e-08
392 0
393 0
394 8e-09
395 0
396 8e-09
397 8e-09
398 8e-09
399 0
400 8e-09
401 0
402 0
403 8e-09
404 1.6e-08
405 8e-09
406 1.6e-08
407 8e-09
408 0
409 8e-09
410 0
411 0
412 0
413 0
414 0
415 8e-09
416 0
417 8e-09
418 8e-09
419 1.6e-08
420 8e-09
421 8e-09
422 0
423 0
424 8e-09
425 8e-09
426 0
427 0
428 8e-09
429 0
430 0
431 0
432 0
433 0
434 0
435 8e-09
436 8e-09
437 0
438 0
439 8e-09
440 1.6e-08
441 8e-09
442 8e-09
443 0
444 0
445 1.6e-08
446 0
447 0
448 0
449 0
450 0
451 0
452 1.6e-08
453 8e-09
454 0
455 0
456 8e-09
457 0
458 8e-09
459 0
460 0
461 8e-09
462 0
463 0
464 8e-09
465 8e-09
466 0
467 0
468 8e-09
469 0
470 0
471 0
472 8e-09
473 0
474 0
475 0
476 8e-09
477 0
478 0
479 0
480 0
481 8e-09
482 8e-09
483 0
484 8e-09
485 0
486 0
487 8e-09
488 8e-09
489 1.6e-08
490 1.6e-08
491 0
492 8e-09
493 0
494 8e-09
495 0
496 8e-09
497 8e-09
498 0
499 0
500 8e-09
501 0
502 0
503 8e-09
504 0
505 0
506 0
507 8e-09
508 0
509 8e-09
510 0
511 0
512 0
513 0
514 8e-09
515 0
516 8e-09
517 0
518 2.4e-08
519 8e-09
520 0
521 0
522 0
523 0
524 8e-09
525 0
526 0
527 0
528 0
529 0
530 8e-09
531 0
532 0
533 0
534 0
535 0
536 8e-09
537 8e-09
538 0
539 0
540 0
541 0
542 0
543 0
544 0
545 0
546 0
547 1.6e-08
548 8e-09
549 0
550 0
551 0
552 0
553 0
554 1.6e-08
555 0
556 8e-09
557 0
558 8e-09
559 0
560 8e-09
561 8e-09
562 0
563 0
564 8e-09
565 8e-09
566 0
567 0
568 0
569 0
570 0
571 0
572 0
573 0
574 0
575 0
576 0
577 0
578 8e-09
579 0
580 0
581 0
582 0
583 0
584 0
585 0
586 0
587 0
588 8e-09
589 0
590 8e-09
591 0
592 0
593 0
594 8e-09
595 1.6e-08
596 2.4e-08
597 8e-09
598 0
599 8e-09
600 0
601 0
602 0
603 8e-09
604 0
605 8e-09
606 0
607 8e-09
608 0
609 0
610 8e-09
611 8e-09
612 0
613 8e-09
614 0
615 0
616 0
617 8e-09
618 0
619 0
620 0
621 0
622 8e-09
623 0
624 0
625 0
626 0
627 8e-09
628 0
629 0
630 0
631 0
632 0
633 8e-09
634 0
635 0
636 8e-09
637 0
638 0
639 0
640 0
641 8e-09
642 0
643 0
644 8e-09
645 0
646 0
647 0
648 8e-09
649 0
650 0
651 0
652 0
653 0
654 0
655 0
656 8e-09
657 0
658 0
659 0
660 0
661 8e-09
662 1.6e-08
663 0
664 0
665 0
666 0
667 0
668 8e-09
669 0
670 0
671 8e-09
672 0
673 0
674 0
675 0
676 8e-09
677 0
678 0
679 0
680 0
681 8e-09
682 0
683 0
684 8e-09
685 0
686 0
687 0
688 0
689 1.6e-08
690 8e-09
691 8e-09
692 0
693 8e-09
694 0
695 0
696 0
697 0
698 0
699 0
700 0
701 0
702 0
703 0
704 0
705 8e-09
706 8e-09
707 0
708 8e-09
709 0
710 8e-09
711 8e-09
712 0
713 0
714 0
715 1.6e-08
716 8e-09
717 0
718 0
719 8e-09
720 0
721 0
722 1.6e-08
723 8e-09
724 0
725 0
726 0
727 0
728 0
729 0
730 0
731 0
732 0
733 1.6e-08
734 0
735 8e-09
736 8e-09
737 0
738 0
739 0
740 0
741 8e-09
742 0
743 0
744 0
745 0
746 0
747 0
748 0
749 0
750 0
751 0
752 0
753 0
754 0
755 0
756 0
757 0
758 2.4e-08
759 7.9204e-09
760 0
761 8e-09
762 0
763 0
764 0
765 0
766 8e-09
767 0
768 0
769 0
770 8e-09
771 0
772 0
773 0
774 8e-09
775 0
776 8e-09
777 0
778 0
779 0
780 8e-09
781 0
782 0
783 8e-09
784 8e-09
785 8e-09
786 0
787 8e-09
788 2.4e-08
789 0
790 0
791 0
792 0
793 0
794 0
795 0
796 0
797 0
798 0
799 0
800 8e-09
801 8e-09
802 0
803 0
804 0
805 0
806 0
807 0
808 0
809 0
810 0
811 0
812 8e-09
813 0
814 0
815 0
816 0
817 0
818 0
819 8e-09
820 8e-09
821 0
822 8e-09
823 0
824 0
825 0
826 0
827 0
828 0
829 0
830 0
831 0
832 0
833 0
834 0
835 0
836 0
837 0
838 0
839 0
840 0
841 0
842 8e-09
843 0
844 0
845 0
846 0
847 0
848 0
849 0
850 8e-09
851 8e-09
852 1.6e-08
853 0
854 0
855 0
856 2.4e-08
857 0
858 0
859 0
860 0
861 0
862 0
863 0
864 0
865 1.6e-08
866 0
867 0
868 0
869 0
870 0
871 0
872 0
873 0
874 0
875 8e-09
876 0
877 0
878 0
879 0
880 1.6e-08
881 0
882 0
883 0
884 0
885 1.6e-08
886 8e-09
887 0
888 0
889 0
890 0
891 0
892 0
893 0
894 0
895 1.6e-08
896 0
897 0
898 0
899 0
900 0
901 0
902 0
903 0
904 0
905 0
906 0
907 0
908 8e-09
909 0
910 0
911 8e-09
912 8e-09
913 0
914 0
915 8e-09
916 0
917 0
918 8e-09
919 0
920 0
921 0
922 0
923 8e-09
924 0
925 0
926 8e-09
927 0
928 0
929 0
930 0
931 8e-09
932 8e-09
933 8e-09
934 0
935 8e-09
936 8e-09
937 0
938 8e-09
939 0
940 0
941 0
942 8e-09
943 0
944 0
945 0
946 8e-09
947 0
948 0
949 0
950 0
951 0
952 8e-09
953 0
954 0
955 0
956 0
957 0
958 8e-09
959 0
960 8e-09
961 0
962 0
963 0
964 0
965 0
966 8e-09
967 0
968 0
969 0
970 0
971 0
972 0
973 8e-09
974 7.9204e-09
975 0
976 0
977 0
978 0
979 0
980 0
981 0
982 0
983 0
984 0
985 0
986 0
987 0
988 0
989 0
990 0
991 0
992 8e-09
993 0
994 0
995 0
996 0
997 0
998 0
999 0
