0 0
1 0
2 0
3 0
4 8e-07
5 8e-07
6 8e-07
7 0
8 0
9 8e-07
10 8e-07
11 1.6e-06
12 0
13 0
14 1.6e-06
15 2.4e-06
16 0
17 0
18 8e-07
19 8e-07
20 0
21 1.6e-06
22 1.6e-06
23 8e-07
24 8e-07
25 0
26 8e-07
27 0
28 1.6e-06
29 2.4e-06
30 1.6e-06
31 3.2e-06
32 8e-07
33 3.2e-06
34 2.4e-06
35 1.6e-06
36 8e-07
37 8e-07
38 8e-07
39 8e-07
40 0
41 8e-07
42 4e-06
43 1.6e-06
44 2.4e-06
45 8e-07
46 1.6e-06
47 3.2e-06
48 1.6e-06
49 8e-07
50 1.6e-06
51 1.6e-06
52 8e-07
53 8e-07
54 4e-06
55 3.2e-06
56 8e-07
57 4e-06
58 8e-07
59 3.2e-06
60 8e-07
61 2.4e-06
62 8e-07
63 1.6e-06
64 8e-07
65 8e-07
66 4e-06
67 2.4e-06
68 4e-06
69 4e-06
70 1.6e-06
71 4.8e-06
72 1.6e-06
73 8e-07
74 2.4e-06
75 0
76 1.6e-06
77 0
78 1.6e-06
79 1.6e-06
80 1.6e-06
81 1.6e-06
82 0
83 8e-07
84 1.6e-06
85 1.6e-06
86 8e-07
87 1.6e-06
88 0
89 8e-07
90 3.2e-06
91 8e-07
92 0
93 2.4e-06
94 1.6e-06
95 0
96 8e-07
97 4e-06
98 1.6e-06
99 2.4e-06
100 8e-07
101 4e-06
102 4.8e-06
103 1.6e-06
104 8e-07
105 1.6e-06
106 1.6e-06
107 8e-07
108 2.4e-06
109 0
110 3.2e-06
111 4.8e-06
112 2.4e-06
113 3.2e-06
114 8e-07
115 3.2e-06
116 1.6e-06
117 8e-07
118 2.4e-06
119 8e-07
120 8e-07
121 0
122 1.6e-06
123 1.6e-06
124 0
125 1.6e-06
126 8e-07
127 4.8e-06
128 8e-07
129 3.2e-06
130 1.6e-06
131 8e-07
132 0
133 0
134 1.6e-06
135 8e-07
136 3.2e-06
137 0
138 2.4e-06
139 8e-07
140 2.4e-06
141 8e-07
142 1.6e-06
143 3.2e-06
144 1.6e-06
145 8e-07
146 4.8e-06
147 0
148 8e-07
149 1.6e-06
150 3.2e-06
151 8e-07
152 1.6e-06
153 8e-07
154 4e-06
155 3.2e-06
156 8e-07
157 2.4e-06
158 3.2e-06
159 1.6e-06
160 8e-07
161 8e-07
162 1.6e-06
163 1.6e-06
164 0
165 0
166 2.4e-06
167 3.2e-06
168 2.4e-06
169 1.6e-06
170 8e-07
171 8e-07
172 1.6e-06
173 2.4e-06
174 8e-07
175 1.6e-06
176 2.4e-06
177 2.4e-06
178 0
179 8e-07
180 0
181 8e-07
182 1.6e-06
183 8e-07
184 0
185 2.4e-06
186 0
187 1.6e-06
188 1.6e-06
189 8e-07
190 1.6e-06
191 8e-07
192 8e-07
193 8e-07
194 8e-07
195 3.2e-06
196 0
197 0
198 2.4e-06
199 8e-07
200 0
201 0
202 1.6e-06
203 8e-07
204 1.6e-06
205 1.6e-06
206 0
207 0
208 1.6e-06
209 2.4e-06
210 8e-07
211 8e-07
212 8e-07
213 4e-06
214 1.6e-06
215 8e-07
216 8e-07
217 1.6e-06
218 0
219 2.4e-06
220 0
221 0
222 2.4e-06
223 0
224 8e-07
225 0
226 8e-07
227 1.6e-06
228 0
229 8e-07
230 8e-07
231 0
232 0
233 0
234 1.6e-06
235 8e-07
236 0
237 8e-07
238 1.6e-06
239 8e-07
240 8e-07
241 8e-07
242 1.6e-06
243 0
244 8e-07
245 8e-07
246 8e-07
247 8e-07
248 8e-07
249 0
250 8e-07
251 1.6e-06
252 0
253 3.2e-06
254 0
255 4e-06
256 1.6e-06
257 8e-07
258 0
259 0
260 0
261 0
262 8e-07
263 8e-07
264 1.6e-06
265 0
266 0
267 8e-07
268 2.4e-06
269 8e-07
270 8e-07
271 8e-07
272 1.6e-06
273 8e-07
274 8e-07
275 8e-07
276 8e-07
277 0
278 1.6e-06
279 0
280 2.4e-06
281 1.6e-06
282 0
283 8e-07
284 1.6e-06
285 0
286 1.6e-06
287 0
288 0
289 8e-07
290 8e-07
291 0
292 0
293 0
294 1.6e-06
295 8e-07
296 8e-07
297 1.6e-06
298 0
299 0
300 8e-07
301 0
302 8e-07
303 0
304 8e-07
305 8e-07
306 0
307 8e-07
308 8e-07
309 1.6e-06
310 0
311 8e-07
312 8e-07
313 0
314 1.6e-06
315 0
316 1.6e-06
317 8e-07
318 1.6e-06
319 8e-07
320 1.6e-06
321 0
322 0
323 0
324 0
325 0
326 0
327 2.4e-06
328 8e-07
329 0
330 0
331 0
332 0
333 0
334 8e-07
335 0
336 1.6e-06
337 0
338 8e-07
339 8e-07
340 0
341 8e-07
342 0
343 0
344 8e-07
345 0
346 0
347 0
348 8e-07
349 8e-07
350 0
351 8e-07
352 1.6e-06
353 8e-07
354 0
355 0
356 8e-07
357 8e-07
358 0
359 8e-07
360 1.6e-06
361 0
362 0
363 0
364 8e-07
365 0
366 8e-07
367 0
368 0
369 8e-07
370 0
371 8e-07
372 8e-07
373 0
374 0
375 8e-07
376 1.6e-06
377 8e-07
378 0
379 8e-07
380 0
381 8e-07
382 0
383 8e-07
384 0
385 8e-07
386 1.6e-06
387 0
388 0
389 0
390 8e-07
391 8e-07
392 0
393 1.6e-06
394 0
395 8e-07
396 8e-07
397 8e-07
398 0
399 0
400 8e-07
401 0
402 1.6e-06
403 0
404 8e-07
405 8e-07
406 0
407 8e-07
408 1.6e-06
409 0
410 0
411 0
412 0
413 0
414 8e-07
415 1.6e-06
416 0
417 1.6e-06
418 0
419 0
420 8e-07
421 0
422 0
423 0
424 0
425 1.6e-06
426 0
427 8e-07
428 0
429 0
430 0
431 0
432 8e-07
433 0
434 0
435 8e-07
436 0
437 0
438 8e-07
439 0
440 0
441 1.6e-06
442 0
443 0
444 8e-07
445 0
446 0
447 0
448 1.6e-06
449 0
450 8e-07
451 1.6e-06
452 0
453 0
454 8e-07
455 0
456 0
457 0
458 0
459 0
460 0
461 0
462 0
463 1.6e-06
464 0
465 1.6e-06
466 8e-07
467 0
468 1.6e-06
469 1.6e-06
470 0
471 8e-07
472 1.6e-06
473 8e-07
474 0
475 8e-07
476 0
477 8e-07
478 0
479 0
480 0
481 8e-07
482 1.6e-06
483 0
484 0
485 0
486 1.6e-06
487 0
488 8e-07
489 0
490 8e-07
491 8e-07
492 1.6e-06
493 0
494 0
495 1.6e-06
496 8e-07
497 0
498 0
499 0
500 0
501 0
502 0
503 0
504 0
505 0
506 8e-07
507 8e-07
508 0
509 0
510 0
511 0
512 0
513 8e-07
514 8e-07
515 0
516 8e-07
517 0
518 8e-07
519 8e-07
520 8e-07
521 0
522 0
523 0
524 0
525 2.4e-06
526 0
527 8e-07
528 0
529 1.6e-06
530 0
531 8e-07
532 0
533 0
534 0
535 0
536 0
537 0
538 0
539 0
540 0
541 0
542 0
543 0
544 0
545 1.6e-06
546 0
547 0
548 0
549 0
550 0
551 1.6e-06
552 8e-07
553 0
554 8e-07
555 0
556 0
557 0
558 0
559 0
560 8e-07
561 0
562 0
563 0
564 0
565 0
566 8e-07
567 1.6e-06
568 0
569 8e-07
570 8e-07
571 8e-07
572 1.6e-06
573 0
574 0
575 0
576 0
577 0
578 8e-07
579 8e-07
580 0
581 0
582 8e-07
583 0
584 8e-07
585 8e-07
586 8e-07
587 0
588 0
589 8e-07
590 0
591 8e-07
592 8e-07
593 0
594 0
595 2.4e-06
596 0
597 0
598 1.6e-06
599 0
600 0
601 8e-07
602 0
603 0
604 8e-07
605 8e-07
606 0
607 0
608 0
609 8e-07
610 0
611 0
612 0
613 8e-07
614 0
615 0
616 0
617 0
618 0
619 0
620 0
621 8e-07
622 1.6e-06
623 0
624 0
625 0
626 0
627 0
628 0
629 8e-07
630 0
631 0
632 0
633 0
634 0
635 8e-07
636 8e-07
637 0
638 8e-07
639 0
640 0
641 0
642 1.6e-06
643 8e-07
644 0
645 0
646 8e-07
647 8e-07
648 0
649 0
650 2.94304e-07
651 0
652 0
653 0
654 0
655 0
656 0
657 0
658 0
659 0
660 0
661 0
662 0
663 0
664 8e-07
665 0
666 8e-07
667 0
668 8e-07
669 0
670 0
671 0
672 8e-07
673 0
674 0
675 8e-07
676 0
677 0
678 0
679 0
680 0
681 0
682 0
683 8e-07
684 0
685 8e-07
686 0
687 0
688 8e-07
689 0
690 0
691 0
692 0
693 0
694 1.6e-06
695 0
696 0
697 0
698 0
699 0
700 0
701 0
702 0
703 0
704 8e-07
705 8e-07
706 8e-07
707 0
708 0
709 0
710 8e-07
711 0
712 0
713 0
714 0
715 8e-07
716 8e-07
717 0
718 1.6e-06
719 0
720 8e-07
721 8e-07
722 0
723 0
724 0
725 0
726 0
727 8e-07
728 0
729 0
730 0
731 0
732 0
733 0
734 8e-07
735 0
736 8e-07
737 0
738 8e-07
739 0
740 8e-07
741 8e-07
742 8e-07
743 0
744 0
745 8e-07
746 0
747 0
748 0
749 8e-07
750 0
751 0
752 0
753 0
754 0
755 0
756 0
757 0
758 0
759 0
760 1.6e-06
761 8e-07
762 1.6e-06
763 0
764 0
765 0
766 8e-07
767 0
768 8e-07
769 1.6e-06
770 0
771 8e-07
772 0
773 0
774 0
775 0
776 0
777 8e-07
778 0
779 0
780 0
781 0
782 0
783 8e-07
784 0
785 0
786 8e-07
787 0
788 8e-07
789 0
790 0
791 8e-07
792 8e-07
793 0
794 0
795 0
796 0
797 0
798 0
799 0
800 8e-07
801 8e-07
802 0
803 0
804 0
805 0
806 0
807 0
808 0
809 0
810 0
811 0
812 0
813 8e-07
814 0
815 0
816 0
817 0
818 0
819 0
820 0
821 8e-07
822 8e-07
823 8e-07
824 8e-07
825 8e-07
826 0
827 0
828 0
829 0
830 0
831 0
832 0
833 0
834 0
835 0
836 8e-07
837 0
838 0
839 0
840 8e-07
841 8e-07
842 8e-07
843 0
844 0
845 8e-07
846 0
847 8e-07
848 0
849 0
850 0
851 0
852 0
853 0
854 0
855 0
856 0
857 0
858 0
859 8e-07
860 8e-07
861 0
862 0
863 0
864 0
865 0
866 0
867 0
868 0
869 8e-07
870 0
871 0
872 8e-07
873 8e-07
874 0
875 0
876 8e-07
877 0
878 0
879 0
880 0
881 0
882 0
883 0
884 0
885 1.6e-06
886 0
887 0
888 0
889 8e-07
890 0
891 0
892 8e-07
893 0
894 0
895 0
896 0
897 0
898 0
899 0
900 0
901 0
902 0
903 0
904 1.0943e-06
905 0
906 0
907 0
908 0
909 0
910 0
911 0
912 8e-07
913 0
914 8e-07
915 0
916 0
917 0
918 8e-07
919 0
920 0
921 0
922 0
923 0
924 0
925 0
926 8e-07
927 0
928 0
929 0
930 0
931 0
932 0
933 0
934 0
935 0
936 8e-07
937 0
938 0
939 0
940 0
941 2.4e-06
942 0
943 0
944 0
945 0
946 0
947 8e-07
948 0
949 0
950 0
951 1.6e-06
952 0
953 8e-07
954 8e-07
955 0
956 0
957 0
958 0
959 0
960 0
961 0
962 0
963 0
964 0
965 0
966 0
967 0
968 8e-07
969 0
970 0
971 0
972 0
973 0
974 0
975 0
976 0
977 0
978 0
979 0
980 8e-07
981 8e-07
982 0
983 8e-07
984 0
985 8e-07
986 0
987 8e-07
988 8e-07
989 0
990 0
991 0
992 0
993 0
994 0
995 0
996 8e-07
997 0
998 0
999 0
