0 0
1 3.12e-06
2 3.36e-06
3 2.72e-06
4 2.24e-06
5 1.4e-06
6 1.64e-06
7 8.4e-07
8 7.6e-07
9 5.2e-07
10 6e-07
11 6.4e-07
12 7.6e-07
13 6.4e-07
14 5.6e-07
15 4e-07
16 2.8e-07
17 3.6e-07
18 4e-07
19 2.8e-07
20 4e-07
21 2e-07
22 3.2e-07
23 8e-08
24 1.6e-07
25 1.6e-07
26 2e-07
27 1.2e-07
28 1.6e-07
29 1.6e-07
30 1.2e-07
31 0
32 1.2e-07
33 2e-07
34 1.2e-07
35 1.6e-07
36 1.6e-07
37 1.59602e-07
38 4e-08
39 1.2e-07
40 1.2e-07
41 1.6e-07
42 8e-08
43 8e-08
44 4e-08
45 0
46 4e-08
47 0
48 4e-08
49 2e-07
50 1.2e-07
51 0
52 4e-08
53 4e-08
54 1.2e-07
55 4e-08
56 1.2e-07
57 7.9602e-08
58 4e-08
59 4e-08
60 0
61 8e-08
62 8e-08
63 8e-08
64 0
65 0
66 1.6e-07
67 4e-08
68 8e-08
69 8e-08
70 8e-08
71 4e-08
72 0
73 4e-08
74 4e-08
75 4e-08
76 4e-08
77 0
78 0
79 0
80 8e-08
81 4e-08
82 0
83 4e-08
84 8e-08
85 0
86 8e-08
87 0
88 0
89 4e-08
90 4e-08
91 0
92 0
93 0
94 8e-08
95 4e-08
96 8e-08
97 1.2e-07
98 0
99 8e-08
100 0
101 0
102 8e-08
103 0
104 0
105 0
106 0
107 4e-08
108 0
109 4e-08
110 4e-08
111 8e-08
112 0
113 4e-08
114 4e-08
115 4e-08
116 0
117 0
118 4e-08
119 4e-08
120 1.2e-07
121 0
122 0
123 4e-08
124 4e-08
125 0
126 8e-08
127 0
128 8e-08
129 0
130 0
131 4e-08
132 4e-08
133 0
134 4e-08
135 0
136 0
137 4e-08
138 0
139 4e-08
140 0
141 4e-08
142 0
143 4e-08
144 4e-08
145 0
146 0
147 1.2e-07
148 0
149 0
150 0
151 8e-08
152 0
153 0
154 4e-08
155 0
156 4e-08
157 4e-08
158 0
159 4e-08
160 0
161 0
162 0
163 0
164 0
165 4e-08
166 0
167 0
168 0
169 0
170 0
171 0
172 0
173 4e-08
174 0
175 0
176 0
177 4e-08
178 0
179 4e-08
180 4e-08
181 0
182 0
183 4e-08
184 0
185 0
186 0
187 0
188 4e-08
189 0
190 4e-08
191 0
192 4e-08
193 8e-08
194 0
195 0
196 4e-08
197 0
198 0
199 0
200 0
201 0
202 0
203 0
204 0
205 0
206 0
207 0
208 0
209 0
210 8e-08
211 0
212 4e-08
213 0
214 0
215 0
216 0
217 8e-08
218 0
219 0
220 0
221 0
222 0
223 0
224 0
225 4e-08
226 0
227 0
228 0
229 0
230 0
231 0
232 0
233 0
234 0
235 0
236 0
237 0
238 0
239 0
240 4e-08
241 0
242 0
243 0
244 4e-08
245 0
246 0
247 4e-08
248 0
249 0
250 0
251 8e-08
252 0
253 0
254 4e-08
255 0
256 0
257 0
258 0
259 0
260 0
261 0
262 0
263 0
264 4e-08
265 0
266 0
267 0
268 0
269 0
270 0
271 0
272 0
273 4e-08
274 0
275 4e-08
276 0
277 0
278 0
279 0
280 4e-08
281 0
282 0
283 0
284 0
285 0
286 0
287 4e-08
288 0
289 0
290 0
291 0
292 0
293 0
294 0
295 0
296 4e-08
297 0
298 4e-08
299 0
300 0
301 0
302 0
303 4e-08
304 0
305 0
306 4e-08
307 0
308 0
309 0
310 0
311 0
312 0
313 0
314 0
315 4e-08
316 4e-08
317 0
318 0
319 0
320 0
321 0
322 0
323 0
324 4e-08
325 0
326 4e-08
327 4e-08
328 0
329 0
330 0
331 0
332 0
333 0
334 0
335 0
336 0
337 0
338 0
339 0
340 0
341 0
342 0
343 0
344 0
345 0
346 0
347 0
348 4e-08
349 0
350 0
351 0
352 0
353 0
354 0
355 0
356 0
357 0
358 0
359 0
360 0
361 0
362 0
363 0
364 0
365 4e-08
366 0
367 0
368 0
369 0
370 4e-08
371 0
372 0
373 0
374 0
375 4e-08
376 0
377 4e-08
378 0
379 4e-08
380 0
381 0
382 0
383 4e-08
384 0
385 0
386 4e-08
387 0
388 0
389 0
390 3.9602e-08
391 0
392 0
393 0
394 0
395 0
396 4e-08
397 0
398 0
399 0
400 0
401 0
402 0
403 0
404 0
405 0
406 4e-08
407 0
408 8e-08
409 0
410 0
411 0
412 0
413 0
414 0
415 0
416 0
417 8e-08
418 0
419 0
420 0
421 0
422 0
423 0
424 0
425 0
426 0
427 0
428 0
429 0
430 0
431 8e-08
432 3.9602e-08
433 0
434 0
435 0
436 8e-08
437 0
438 0
439 0
440 0
441 0
442 0
443 0
444 0
445 0
446 0
447 4e-08
448 0
449 0
450 0
451 0
452 0
453 0
454 0
455 0
456 0
457 0
458 4e-08
459 4e-08
460 0
461 0
462 0
463 0
464 0
465 0
466 4e-08
467 0
468 0
469 0
470 0
471 0
472 0
473 0
474 0
475 0
476 0
477 0
478 0
479 4e-08
480 0
481 0
482 0
483 0
484 0
485 0
486 0
487 0
488 0
489 0
490 0
491 0
492 0
493 0
494 0
495 0
496 0
497 0
498 0
499 0
500 0
501 0
502 0
503 0
504 0
505 0
506 0
507 0
508 0
509 0
510 0
511 0
512 0
513 0
514 0
515 0
516 0
517 0
518 0
519 0
520 0
521 0
522 0
523 0
524 0
525 0
526 0
527 0
528 0
529 4e-08
530 0
531 0
532 0
533 0
534 4e-08
535 0
536 0
537 4e-08
538 4e-08
539 0
540 0
541 0
542 4e-08
543 0
544 0
545 0
546 4e-08
547 0
548 0
549 0
550 0
551 0
552 0
553 0
554 0
555 0
556 0
557 0
558 0
559 0
560 0
561 0
562 0
563 0
564 0
565 0
566 0
567 0
568 0
569 0
570 0
571 0
572 0
573 0
574 0
575 0
576 0
577 0
578 0
579 0
580 0
581 0
582 0
583 4e-08
584 0
585 0
586 0
587 0
588 0
589 0
590 0
591 0
592 0
593 0
594 0
595 0
596 0
597 0
598 0
599 0
600 0
601 0
602 0
603 0
604 0
605 0
606 0
607 0
608 0
609 0
610 0
611 0
612 0
613 0
614 0
615 0
616 0
617 0
618 0
619 0
620 0
621 0
622 0
623 0
624 0
625 0
626 0
627 4e-08
628 0
629 0
630 0
631 0
632 0
633 0
634 0
635 0
636 0
637 0
638 0
639 0
640 0
641 0
642 0
643 0
644 0
645 0
646 0
647 0
648 0
649 0
650 0
651 0
652 0
653 0
654 0
655 4e-08
656 0
657 0
658 0
659 0
660 0
661 0
662 0
663 0
664 0
665 0
666 0
667 0
668 0
669 0
670 0
671 0
672 0
673 0
674 0
675 0
676 0
677 0
678 0
679 0
680 4e-08
681 0
682 4e-08
683 0
684 0
685 0
686 4e-08
687 0
688 0
689 0
690 4e-08
691 0
692 0
693 0
694 0
695 0
696 8e-08
697 0
698 0
699 0
700 4e-08
701 0
702 0
703 0
704 0
705 0
706 0
707 4e-08
708 0
709 0
710 0
711 0
712 0
713 0
714 0
715 0
716 0
717 0
718 0
719 0
720 0
721 0
722 0
723 0
724 0
725 0
726 0
727 0
728 0
729 0
730 0
731 0
732 0
733 0
734 0
735 0
736 4e-08
737 0
738 4e-08
739 0
740 0
741 0
742 0
743 0
744 4e-08
745 0
746 0
747 0
748 0
749 0
750 0
751 0
752 0
753 0
754 0
755 0
756 0
757 0
758 0
759 0
760 0
761 0
762 0
763 0
764 0
765 0
766 0
767 0
768 0
769 0
770 0
771 0
772 0
773 0
774 0
775 0
776 4e-08
777 0
778 0
779 0
780 0
781 4e-08
782 0
783 0
784 0
785 0
786 0
787 0
788 0
789 0
790 0
791 0
792 0
793 0
794 0
795 0
796 4e-08
797 0
798 0
799 0
800 0
801 0
802 0
803 0
804 0
805 0
806 4e-08
807 0
808 0
809 0
810 0
811 0
812 0
813 0
814 0
815 0
816 0
817 0
818 0
819 0
820 0
821 0
822 0
823 0
824 0
825 0
826 0
827 0
828 0
829 0
830 0
831 0
832 0
833 0
834 0
835 0
836 0
837 0
838 0
839 0
840 0
841 0
842 0
843 0
844 0
845 0
846 0
847 0
848 0
849 0
850 0
851 0
852 0
853 0
854 0
855 0
856 0
857 0
858 0
859 0
860 0
861 0
862 0
863 4e-08
864 0
865 0
866 0
867 0
868 0
869 0
870 0
871 0
872 0
873 0
874 0
875 0
876 0
877 0
878 0
879 0
880 0
881 0
882 0
883 0
884 0
885 0
886 0
887 0
888 4e-08
889 0
890 0
891 0
892 0
893 0
894 0
895 0
896 0
897 0
898 0
899 0
900 0
901 0
902 0
903 0
904 0
905 0
906 0
907 0
908 0
909 0
910 0
911 0
912 0
913 0
914 0
915 0
916 0
917 0
918 0
919 0
920 0
921 0
922 0
923 0
924 4e-08
925 0
926 0
927 0
928 0
929 0
930 0
931 0
932 0
933 0
934 0
935 0
936 0
937 0
938 0
939 0
940 0
941 0
942 0
943 0
944 0
945 0
946 0
947 0
948 0
949 0
950 0
951 4e-08
952 0
953 0
954 0
955 0
956 0
957 0
958 0
959 0
960 0
961 0
962 0
963 0
964 4e-08
965 0
966 0
967 0
968 0
969 0
970 0
971 0
972 0
973 0
974 0
975 0
976 0
977 0
978 0
979 0
980 0
981 0
982 0
983 0
984 0
985 0
986 0
987 0
988 0
989 0
990 0
991 0
992 0
993 0
994 0
995 0
996 0
997 0
998 0
999 0
