0 0
1 0
2 0
3 0
4 8e-09
5 8e-09
6 8e-09
7 0
8 0
9 8e-09
10 8e-09
11 1.6e-08
12 0
13 0
14 1.6e-08
15 2.4e-08
16 0
17 0
18 8e-09
19 8e-09
20 0
21 1.6e-08
22 1.6e-08
23 8e-09
24 8e-09
25 0
26 8e-09
27 0
28 1.6e-08
29 2.4e-08
30 1.6e-08
31 3.2e-08
32 8e-09
33 3.2e-08
34 2.4e-08
35 1.6e-08
36 8e-09
37 8e-09
38 8e-09
39 8e-09
40 0
41 8e-09
42 4e-08
43 1.6e-08
44 2.4e-08
45 8e-09
46 1.6e-08
47 3.2e-08
48 1.6e-08
49 8e-09
50 1.6e-08
51 1.6e-08
52 8e-09
53 8e-09
54 4e-08
55 3.2e-08
56 8e-09
57 4e-08
58 8e-09
59 3.2e-08
60 8e-09
61 2.4e-08
62 8e-09
63 1.6e-08
64 8e-09
65 8e-09
66 4e-08
67 2.4e-08
68 4e-08
69 4e-08
70 1.6e-08
71 4.8e-08
72 1.6e-08
73 8e-09
74 2.4e-08
75 0
76 1.6e-08
77 0
78 1.6e-08
79 1.6e-08
80 1.6e-08
81 1.6e-08
82 0
83 8e-09
84 1.6e-08
85 1.6e-08
86 8e-09
87 1.6e-08
88 0
89 8e-09
90 3.2e-08
91 8e-09
92 0
93 2.4e-08
94 1.6e-08
95 0
96 8e-09
97 4e-08
98 1.6e-08
99 2.4e-08
100 8e-09
101 4e-08
102 4.8e-08
103 1.6e-08
104 8e-09
105 1.6e-08
106 1.6e-08
107 8e-09
108 2.4e-08
109 0
110 3.2e-08
111 4.8e-08
112 2.4e-08
113 3.2e-08
114 8e-09
115 3.2e-08
116 1.6e-08
117 8e-09
118 2.4e-08
119 8e-09
120 8e-09
121 0
122 1.6e-08
123 1.6e-08
124 0
125 1.6e-08
126 8e-09
127 4.8e-08
128 8e-09
129 3.2e-08
130 1.6e-08
131 8e-09
132 0
133 0
134 1.6e-08
135 8e-09
136 3.2e-08
137 0
138 2.4e-08
139 8e-09
140 2.4e-08
141 8e-09
142 1.6e-08
143 3.2e-08
144 1.6e-08
145 8e-09
146 4.8e-08
147 0
148 8e-09
149 1.6e-08
150 3.2e-08
151 8e-09
152 1.6e-08
153 8e-09
154 4e-08
155 3.2e-08
156 8e-09
157 2.4e-08
158 3.2e-08
159 1.6e-08
160 8e-09
161 8e-09
162 1.6e-08
163 1.6e-08
164 0
165 0
166 2.4e-08
167 3.2e-08
168 2.4e-08
169 1.6e-08
170 8e-09
171 8e-09
172 1.6e-08
173 2.4e-08
174 8e-09
175 1.6e-08
176 2.4e-08
177 2.4e-08
178 0
179 8e-09
180 0
181 8e-09
182 1.6e-08
183 8e-09
184 0
185 2.4e-08
186 0
187 1.6e-08
188 1.6e-08
189 8e-09
190 1.6e-08
191 8e-09
192 8e-09
193 8e-09
194 8e-09
195 3.2e-08
196 0
197 0
198 2.4e-08
199 8e-09
200 0
201 0
202 1.6e-08
203 8e-09
204 1.6e-08
205 1.6e-08
206 0
207 0
208 1.6e-08
209 2.4e-08
210 8e-09
211 8e-09
212 8e-09
213 4e-08
214 1.6e-08
215 8e-09
216 8e-09
217 1.6e-08
218 0
219 2.4e-08
220 0
221 0
222 2.4e-08
223 0
224 8e-09
225 0
226 8e-09
227 1.6e-08
228 0
229 8e-09
230 8e-09
231 0
232 0
233 0
234 1.6e-08
235 8e-09
236 0
237 8e-09
238 1.6e-08
239 8e-09
240 8e-09
241 8e-09
242 1.6e-08
243 0
244 8e-09
245 8e-09
246 8e-09
247 8e-09
248 8e-09
249 0
250 8e-09
251 1.6e-08
252 0
253 3.2e-08
254 0
255 4e-08
256 1.6e-08
257 8e-09
258 0
259 0
260 0
261 0
262 8e-09
263 8e-09
264 1.6e-08
265 0
266 0
267 8e-09
268 2.4e-08
269 8e-09
270 8e-09
271 8e-09
272 1.6e-08
273 8e-09
274 8e-09
275 8e-09
276 8e-09
277 0
278 1.6e-08
279 0
280 2.4e-08
281 1.6e-08
282 0
283 8e-09
284 1.6e-08
285 0
286 1.6e-08
287 0
288 0
289 8e-09
290 8e-09
291 0
292 0
293 0
294 1.6e-08
295 8e-09
296 8e-09
297 1.6e-08
298 0
299 0
300 8e-09
301 0
302 8e-09
303 0
304 8e-09
305 8e-09
306 0
307 8e-09
308 8e-09
309 1.6e-08
310 0
311 8e-09
312 8e-09
313 0
314 1.6e-08
315 0
316 1.6e-08
317 8e-09
318 1.6e-08
319 8e-09
320 1.6e-08
321 0
322 0
323 0
324 0
325 0
326 0
327 2.4e-08
328 8e-09
329 0
330 0
331 0
332 0
333 0
334 8e-09
335 0
336 1.6e-08
337 0
338 8e-09
339 8e-09
340 0
341 8e-09
342 0
343 0
344 8e-09
345 0
346 0
347 0
348 8e-09
349 8e-09
350 0
351 8e-09
352 1.6e-08
353 8e-09
354 0
355 0
356 8e-09
357 8e-09
358 0
359 8e-09
360 1.6e-08
361 0
362 0
363 0
364 8e-09
365 0
366 8e-09
367 0
368 0
369 8e-09
370 0
371 8e-09
372 8e-09
373 0
374 0
375 8e-09
376 1.6e-08
377 8e-09
378 0
379 8e-09
380 0
381 8e-09
382 0
383 8e-09
384 0
385 8e-09
386 1.6e-08
387 0
388 0
389 0
390 8e-09
391 8e-09
392 0
393 1.6e-08
394 0
395 8e-09
396 8e-09
397 8e-09
398 0
399 0
400 8e-09
401 0
402 1.6e-08
403 0
404 8e-09
405 8e-09
406 0
407 8e-09
408 1.6e-08
409 0
410 0
411 0
412 0
413 0
414 8e-09
415 1.6e-08
416 0
417 1.6e-08
418 0
419 0
420 8e-09
421 0
422 0
423 0
424 0
425 1.6e-08
426 0
427 8e-09
428 0
429 0
430 0
431 0
432 8e-09
433 0
434 0
435 8e-09
436 0
437 0
438 8e-09
439 0
440 0
441 1.6e-08
442 0
443 0
444 8e-09
445 0
446 0
447 0
448 1.6e-08
449 0
450 8e-09
451 1.6e-08
452 0
453 0
454 8e-09
455 0
456 0
457 0
458 0
459 0
460 0
461 0
462 0
463 1.6e-08
464 0
465 1.6e-08
466 8e-09
467 0
468 1.6e-08
469 1.6e-08
470 0
471 8e-09
472 1.6e-08
473 8e-09
474 0
475 8e-09
476 0
477 8e-09
478 0
479 0
480 0
481 8e-09
482 1.6e-08
483 0
484 0
485 0
486 1.6e-08
487 0
488 8e-09
489 0
490 8e-09
491 8e-09
492 1.6e-08
493 0
494 0
495 1.6e-08
496 8e-09
497 0
498 0
499 0
500 0
501 0
502 0
503 0
504 0
505 0
506 8e-09
507 8e-09
508 0
509 0
510 0
511 0
512 0
513 8e-09
514 8e-09
515 0
516 8e-09
517 0
518 8e-09
519 8e-09
520 8e-09
521 0
522 0
523 0
524 0
525 2.4e-08
526 0
527 8e-09
528 0
529 1.6e-08
530 0
531 8e-09
532 0
533 0
534 0
535 0
536 0
537 0
538 0
539 0
540 0
541 0
542 0
543 0
544 0
545 1.6e-08
546 0
547 0
548 0
549 0
550 0
551 1.6e-08
552 8e-09
553 0
554 8e-09
555 0
556 0
557 0
558 0
559 0
560 8e-09
561 0
562 0
563 0
564 0
565 0
566 8e-09
567 1.6e-08
568 0
569 8e-09
570 8e-09
571 8e-09
572 1.6e-08
573 0
574 0
575 0
576 0
577 0
578 8e-09
579 8e-09
580 0
581 0
582 8e-09
583 0
584 8e-09
585 8e-09
586 8e-09
587 0
588 0
589 8e-09
590 0
591 8e-09
592 8e-09
593 0
594 0
595 2.4e-08
596 0
597 0
598 1.6e-08
599 0
600 0
601 8e-09
602 0
603 0
604 8e-09
605 8e-09
606 0
607 0
608 0
609 8e-09
610 0
611 0
612 0
613 8e-09
614 0
615 0
616 0
617 0
618 0
619 0
620 0
621 8e-09
622 1.6e-08
623 0
624 0
625 0
626 0
627 0
628 0
629 8e-09
630 0
631 0
632 0
633 0
634 0
635 8e-09
636 8e-09
637 0
638 8e-09
639 0
640 0
641 0
642 1.6e-08
643 8e-09
644 0
645 0
646 8e-09
647 8e-09
648 0
649 0
650 7.9204e-09
651 0
652 0
653 0
654 0
655 0
656 0
657 0
658 0
659 0
660 0
661 0
662 0
663 0
664 8e-09
665 0
666 8e-09
667 0
668 8e-09
669 0
670 0
671 0
672 8e-09
673 0
674 0
675 8e-09
676 0
677 0
678 0
679 0
680 0
681 0
682 0
683 8e-09
684 0
685 8e-09
686 0
687 0
688 8e-09
689 0
690 0
691 0
692 0
693 0
694 1.6e-08
695 0
696 0
697 0
698 0
699 0
700 0
701 0
702 0
703 0
704 8e-09
705 8e-09
706 8e-09
707 0
708 0
709 0
710 8e-09
711 0
712 0
713 0
714 0
715 8e-09
716 8e-09
717 0
718 1.6e-08
719 0
720 8e-09
721 8e-09
722 0
723 0
724 0
725 0
726 0
727 8e-09
728 0
729 0
730 0
731 0
732 0
733 0
734 8e-09
735 0
736 8e-09
737 0
738 8e-09
739 0
740 8e-09
741 8e-09
742 8e-09
743 0
744 0
745 8e-09
746 0
747 0
748 0
749 8e-09
750 0
751 0
752 0
753 0
754 0
755 0
756 0
757 0
758 0
759 0
760 1.6e-08
761 8e-09
762 1.6e-08
763 0
764 0
765 0
766 8e-09
767 0
768 8e-09
769 1.6e-08
770 0
771 8e-09
772 0
773 0
774 0
775 0
776 0
777 8e-09
778 0
779 0
780 0
781 0
782 0
783 8e-09
784 0
785 0
786 8e-09
787 0
788 8e-09
789 0
790 0
791 8e-09
792 8e-09
793 0
794 0
795 0
796 0
797 0
798 0
799 0
800 8e-09
801 8e-09
802 0
803 0
804 0
805 0
806 0
807 0
808 0
809 0
810 0
811 0
812 0
813 8e-09
814 0
815 0
816 0
817 0
818 0
819 0
820 0
821 8e-09
822 8e-09
823 8e-09
824 8e-09
825 8e-09
826 0
827 0
828 0
829 0
830 0
831 0
832 0
833 0
834 0
835 0
836 8e-09
837 0
838 0
839 0
840 8e-09
841 8e-09
842 8e-09
843 0
844 0
845 8e-09
846 0
847 8e-09
848 0
849 0
850 0
851 0
852 0
853 0
854 0
855 0
856 0
857 0
858 0
859 8e-09
860 8e-09
861 0
862 0
863 0
864 0
865 0
866 0
867 0
868 0
869 8e-09
870 0
871 0
872 8e-09
873 8e-09
874 0
875 0
876 8e-09
877 0
878 0
879 0
880 0
881 0
882 0
883 0
884 0
885 1.6e-08
886 0
887 0
888 0
889 8e-09
890 0
891 0
892 8e-09
893 0
894 0
895 0
896 0
897 0
898 0
899 0
900 0
901 0
902 0
903 0
904 1.59204e-08
905 0
906 0
907 0
908 0
909 0
910 0
911 0
912 8e-09
913 0
914 8e-09
915 0
916 0
917 0
918 8e-09
919 0
920 0
921 0
922 0
923 0
924 0
925 0
926 8e-09
927 0
928 0
929 0
930 0
931 0
932 0
933 0
934 0
935 0
936 8e-09
937 0
938 0
939 0
940 0
941 2.4e-08
942 0
943 0
944 0
945 0
946 0
947 8e-09
948 0
949 0
950 0
951 1.6e-08
952 0
953 8e-09
954 8e-09
955 0
956 0
957 0
958 0
959 0
960 0
961 0
962 0
963 0
964 0
965 0
966 0
967 0
968 8e-09
969 0
970 0
971 0
972 0
973 0
974 0
975 0
976 0
977 0
978 0
979 0
980 8e-09
981 8e-09
982 0
983 8e-09
984 0
985 8e-09
986 0
987 8e-09
988 8e-09
989 0
990 0
991 0
992 0
993 0
994 0
995 0
996 8e-09
997 0
998 0
999 0
