0 0
1 8e-08
2 2e-07
3 1.2e-07
4 4.4e-07
5 4e-07
6 4.4e-07
7 5.6e-07
8 3.2e-07
9 2.8e-07
10 6.8e-07
11 4e-07
12 1.2e-07
13 4e-07
14 2.8e-07
15 4.4e-07
16 2.8e-07
17 2.8e-07
18 1.6e-07
19 2e-07
20 8e-08
21 1.6e-07
22 2.8e-07
23 1.2e-07
24 2.8e-07
25 1.2e-07
26 4e-08
27 4e-08
28 2e-07
29 4e-08
30 2.4e-07
31 2e-07
32 1.2e-07
33 1.6e-07
34 1.6e-07
35 4e-08
36 1.6e-07
37 4e-08
38 1.6e-07
39 4e-08
40 8e-08
41 8e-08
42 4e-08
43 8e-08
44 8e-08
45 4e-08
46 4e-08
47 1.2e-07
48 1.2e-07
49 8e-08
50 8e-08
51 1.6e-07
52 4e-08
53 8e-08
54 8e-08
55 1.2e-07
56 4e-08
57 1.6e-07
58 4e-08
59 4e-08
60 0
61 4e-08
62 0
63 8e-08
64 4e-08
65 8e-08
66 1.6e-07
67 4e-08
68 4e-08
69 1.2e-07
70 0
71 4e-08
72 8e-08
73 8e-08
74 0
75 0
76 8e-08
77 0
78 4e-08
79 1.2e-07
80 4e-08
81 0
82 0
83 0
84 0
85 0
86 0
87 4e-08
88 8e-08
89 8e-08
90 1.2e-07
91 8e-08
92 0
93 4e-08
94 4e-08
95 0
96 4e-08
97 1.2e-07
98 4e-08
99 8e-08
100 0
101 0
102 4e-08
103 0
104 8e-08
105 8e-08
106 0
107 8e-08
108 4e-08
109 8e-08
110 0
111 1.2e-07
112 0
113 0
114 0
115 4e-08
116 0
117 0
118 4e-08
119 0
120 4e-08
121 8e-08
122 0
123 4e-08
124 4e-08
125 0
126 8e-08
127 0
128 4e-08
129 8e-08
130 1.2e-07
131 4e-08
132 4e-08
133 4e-08
134 8e-08
135 4e-08
136 8e-08
137 8e-08
138 0
139 0
140 4e-08
141 4e-08
142 4e-08
143 4e-08
144 0
145 0
146 0
147 4e-08
148 0
149 0
150 0
151 4e-08
152 0
153 4e-08
154 0
155 0
156 8e-08
157 4e-08
158 4e-08
159 0
160 8e-08
161 0
162 3.9602e-08
163 0
164 0
165 4e-08
166 0
167 0
168 0
169 0
170 0
171 0
172 0
173 0
174 8e-08
175 0
176 4e-08
177 0
178 0
179 4e-08
180 0
181 0
182 0
183 0
184 0
185 0
186 4e-08
187 8e-08
188 4e-08
189 0
190 0
191 0
192 4e-08
193 0
194 0
195 0
196 0
197 4e-08
198 8e-08
199 0
200 4e-08
201 4e-08
202 0
203 8e-08
204 0
205 4e-08
206 8e-08
207 0
208 0
209 0
210 0
211 0
212 8e-08
213 4e-08
214 0
215 0
216 0
217 4e-08
218 4e-08
219 0
220 0
221 0
222 4e-08
223 0
224 4e-08
225 0
226 0
227 0
228 0
229 4e-08
230 0
231 0
232 0
233 0
234 0
235 0
236 0
237 0
238 0
239 0
240 0
241 0
242 0
243 0
244 0
245 0
246 0
247 0
248 0
249 0
250 4e-08
251 0
252 0
253 0
254 0
255 0
256 0
257 4e-08
258 0
259 0
260 4e-08
261 0
262 0
263 0
264 0
265 0
266 0
267 0
268 0
269 0
270 0
271 0
272 0
273 0
274 4e-08
275 0
276 0
277 4e-08
278 0
279 0
280 0
281 0
282 4e-08
283 0
284 8e-08
285 0
286 0
287 0
288 0
289 0
290 8e-08
291 0
292 0
293 0
294 0
295 0
296 0
297 0
298 0
299 0
300 0
301 0
302 0
303 0
304 0
305 0
306 4e-08
307 0
308 0
309 0
310 0
311 0
312 0
313 0
314 0
315 0
316 4e-08
317 0
318 0
319 0
320 0
321 0
322 4e-08
323 0
324 0
325 0
326 0
327 0
328 0
329 0
330 0
331 0
332 0
333 0
334 0
335 0
336 0
337 4e-08
338 0
339 4e-08
340 4e-08
341 4e-08
342 0
343 0
344 0
345 0
346 0
347 4e-08
348 0
349 0
350 0
351 0
352 0
353 0
354 0
355 0
356 0
357 0
358 0
359 0
360 0
361 4e-08
362 0
363 0
364 0
365 4e-08
366 0
367 0
368 4e-08
369 0
370 0
371 0
372 0
373 4e-08
374 4e-08
375 0
376 0
377 0
378 0
379 0
380 0
381 0
382 4e-08
383 0
384 0
385 0
386 0
387 0
388 0
389 0
390 0
391 0
392 0
393 0
394 0
395 0
396 0
397 0
398 4e-08
399 0
400 0
401 0
402 0
403 0
404 0
405 0
406 0
407 0
408 0
409 0
410 0
411 0
412 4e-08
413 0
414 0
415 4e-08
416 0
417 0
418 0
419 0
420 0
421 4e-08
422 4e-08
423 0
424 0
425 0
426 0
427 0
428 0
429 0
430 0
431 0
432 0
433 4e-08
434 4e-08
435 0
436 0
437 0
438 0
439 0
440 0
441 0
442 0
443 0
444 0
445 0
446 0
447 0
448 0
449 0
450 0
451 4e-08
452 4e-08
453 0
454 0
455 0
456 0
457 0
458 0
459 0
460 0
461 0
462 0
463 0
464 0
465 0
466 0
467 4e-08
468 0
469 4e-08
470 0
471 4e-08
472 4e-08
473 0
474 0
475 0
476 0
477 0
478 0
479 0
480 0
481 0
482 0
483 0
484 0
485 0
486 0
487 0
488 0
489 0
490 0
491 0
492 0
493 0
494 0
495 0
496 0
497 0
498 0
499 0
500 0
501 0
502 4e-08
503 0
504 0
505 0
506 0
507 0
508 0
509 0
510 0
511 0
512 0
513 0
514 0
515 0
516 0
517 0
518 0
519 0
520 0
521 0
522 0
523 0
524 0
525 0
526 0
527 0
528 0
529 0
530 0
531 0
532 0
533 0
534 0
535 0
536 0
537 0
538 0
539 0
540 0
541 0
542 0
543 0
544 0
545 0
546 0
547 0
548 0
549 0
550 0
551 4e-08
552 3.9602e-08
553 0
554 0
555 0
556 0
557 0
558 0
559 0
560 4e-08
561 0
562 0
563 0
564 4e-08
565 4e-08
566 0
567 0
568 0
569 0
570 0
571 0
572 0
573 0
574 0
575 0
576 0
577 0
578 0
579 0
580 0
581 4e-08
582 0
583 0
584 0
585 0
586 0
587 4e-08
588 0
589 0
590 0
591 0
592 4e-08
593 0
594 0
595 0
596 0
597 0
598 4e-08
599 0
600 0
601 0
602 0
603 0
604 0
605 4e-08
606 0
607 0
608 0
609 0
610 0
611 0
612 0
613 0
614 0
615 0
616 0
617 0
618 0
619 0
620 0
621 0
622 0
623 0
624 0
625 0
626 0
627 0
628 0
629 0
630 0
631 0
632 0
633 0
634 0
635 0
636 0
637 0
638 0
639 0
640 0
641 0
642 0
643 0
644 0
645 0
646 0
647 0
648 0
649 0
650 0
651 0
652 0
653 0
654 0
655 0
656 0
657 0
658 4e-08
659 0
660 0
661 0
662 4e-08
663 0
664 0
665 0
666 0
667 0
668 0
669 0
670 0
671 0
672 0
673 0
674 0
675 0
676 4e-08
677 0
678 0
679 0
680 0
681 0
682 0
683 0
684 0
685 0
686 0
687 0
688 0
689 0
690 4e-08
691 0
692 0
693 0
694 0
695 0
696 0
697 0
698 0
699 4e-08
700 0
701 0
702 0
703 0
704 0
705 0
706 0
707 0
708 0
709 0
710 0
711 0
712 0
713 0
714 0
715 0
716 0
717 0
718 0
719 0
720 0
721 0
722 0
723 0
724 0
725 0
726 0
727 0
728 0
729 0
730 0
731 0
732 0
733 0
734 0
735 0
736 0
737 0
738 0
739 0
740 0
741 0
742 4e-08
743 0
744 0
745 0
746 0
747 0
748 0
749 0
750 0
751 0
752 0
753 0
754 0
755 0
756 0
757 0
758 0
759 4e-08
760 0
761 0
762 0
763 0
764 0
765 0
766 0
767 4e-08
768 0
769 0
770 0
771 0
772 0
773 0
774 0
775 0
776 0
777 0
778 0
779 0
780 0
781 0
782 0
783 0
784 0
785 0
786 0
787 0
788 0
789 0
790 0
791 0
792 0
793 0
794 0
795 0
796 0
797 0
798 0
799 0
800 0
801 0
802 0
803 0
804 0
805 0
806 0
807 0
808 0
809 0
810 0
811 0
812 0
813 0
814 0
815 0
816 0
817 8e-08
818 0
819 0
820 0
821 0
822 0
823 0
824 0
825 0
826 0
827 0
828 0
829 0
830 0
831 0
832 0
833 0
834 0
835 0
836 0
837 0
838 0
839 0
840 0
841 0
842 0
843 0
844 0
845 0
846 0
847 0
848 0
849 0
850 0
851 0
852 4e-08
853 0
854 0
855 0
856 0
857 0
858 0
859 0
860 0
861 0
862 0
863 0
864 0
865 0
866 0
867 0
868 0
869 0
870 0
871 0
872 0
873 4e-08
874 0
875 0
876 0
877 0
878 0
879 0
880 0
881 0
882 0
883 0
884 0
885 0
886 0
887 0
888 0
889 0
890 0
891 0
892 0
893 0
894 0
895 0
896 0
897 0
898 0
899 0
900 0
901 0
902 0
903 0
904 0
905 0
906 0
907 4e-08
908 0
909 0
910 0
911 0
912 0
913 0
914 4e-08
915 0
916 0
917 0
918 0
919 0
920 0
921 0
922 0
923 0
924 0
925 0
926 0
927 0
928 0
929 0
930 4e-08
931 0
932 0
933 0
934 0
935 0
936 0
937 0
938 0
939 0
940 0
941 0
942 0
943 0
944 0
945 0
946 0
947 0
948 0
949 0
950 0
951 0
952 0
953 0
954 4e-08
955 0
956 0
957 0
958 0
959 0
960 0
961 4e-08
962 0
963 0
964 0
965 0
966 0
967 0
968 0
969 0
970 0
971 0
972 0
973 0
974 4e-08
975 0
976 0
977 0
978 0
979 0
980 0
981 0
982 0
983 0
984 0
985 0
986 0
987 0
988 0
989 0
990 0
991 4e-08
992 0
993 4e-08
994 0
995 4e-08
996 0
997 0
998 0
999 0
