1.25 0.01 0.001 0 0.000131039 0.000128942 0.000133135
1.25 0.01 0.01 0 6.52415e-05 6.38671e-05 6.66654e-05
1.25 0.01 0.1 0 2.32765e-05 2.25181e-05 2.4031e-05
1.25 0.01 1 0 1.83768e-06 1.74124e-06 1.93513e-06
1.25 0.1 0.001 0 0.00130901 0.00128754 0.0013296
1.25 0.1 0.01 0 0.000652086 0.000637722 0.000666081
1.25 0.1 0.1 0 0.000232734 0.000225031 0.000240223
1.25 0.1 1 0 1.83768e-05 1.74192e-05 1.93434e-05
1.25 1 0.001 0 0.0130048 0.0127957 0.013214
1.25 1 0.01 0 0.00650016 0.00636066 0.00664323
1.25 1 0.1 0 0.00232538 0.00225243 0.0024002
1.25 1 1 0 0.000183768 0.000174312 0.000193386
1.25 0.01 0.001 1 0.000138466 0.000136315 0.000140589
1.25 0.01 0.01 1 6.90766e-05 6.75886e-05 7.05412e-05
1.25 0.01 0.1 1 2.45461e-05 2.37582e-05 2.53162e-05
1.25 0.01 1 1 1.91365e-06 1.81663e-06 2.01086e-06
1.25 0.1 0.001 1 0.00138311 0.00136144 0.00140456
1.25 0.1 0.01 1 0.000690413 0.000675916 0.000705056
1.25 0.1 0.1 1 0.000245407 0.000237491 0.000253148
1.25 0.1 1 1 1.91364e-05 1.81546e-05 2.01049e-05
1.25 1 0.001 1 0.0137344 0.0135182 0.0139499
1.25 1 0.01 1 0.00688221 0.00673714 0.00702644
1.25 1 0.1 1 0.00245066 0.00237287 0.00252835
1.25 1 1 1 0.000191363 0.000181596 0.000201084
1.25 0.01 0.001 2.7 0.00013503 0.000132887 0.00013717
1.25 0.01 0.01 2.7 6.81019e-05 6.66399e-05 6.95325e-05
1.25 0.01 0.1 2.7 2.45757e-05 2.3788e-05 2.53568e-05
1.25 0.01 1 2.7 1.8665e-06 1.7707e-06 1.96188e-06
1.25 0.1 0.001 2.7 0.00134876 0.00132749 0.00136978
1.25 0.1 0.01 2.7 0.000680768 0.000666412 0.000694684
1.25 0.1 0.1 2.7 0.000245744 0.000238055 0.000253478
1.25 0.1 1 2.7 1.8665e-05 1.77234e-05 1.96205e-05
1.25 1 0.001 2.7 0.0133946 0.0131847 0.0136024
1.25 1 0.01 2.7 0.00679257 0.00665056 0.00693945
1.25 1 0.1 2.7 0.00245658 0.00237825 0.00253456
1.25 1 1 2.7 0.00018665 0.000176977 0.000196321
1.25 0.01 0.001 54.6 0.000134072 0.000132037 0.000136183
1.25 0.01 0.01 54.6 6.62273e-05 6.48593e-05 6.76479e-05
1.25 0.01 0.1 54.6 2.33297e-05 2.25948e-05 2.40794e-05
1.25 0.01 1 54.6 1.71387e-06 1.62187e-06 1.80697e-06
1.25 0.1 0.001 54.6 0.00133914 0.00131765 0.00135971
1.25 0.1 0.01 54.6 0.000661883 0.000647547 0.000676219
1.25 0.1 0.1 54.6 0.000233255 0.000225849 0.000240649
1.25 0.1 1 54.6 1.71387e-05 1.62164e-05 1.80711e-05
1.25 1 0.001 54.6 0.0132925 0.0130806 0.0134981
1.25 1 0.01 54.6 0.00659424 0.0064536 0.00673592
1.25 1 0.1 54.6 0.00232991 0.0022554 0.00240468
1.25 1 1 54.6 0.000171385 0.000162307 0.000180647
1.25 0.01 0.001 7.39 0.000135425 0.000133287 0.000137558
1.25 0.01 0.01 7.39 6.75718e-05 6.6117e-05 6.90063e-05
1.25 0.01 0.1 7.39 2.31559e-05 2.24063e-05 2.3903e-05
1.25 0.01 1 7.39 1.63235e-06 1.54174e-06 1.72293e-06
1.25 0.1 0.001 7.39 0.0013525 0.00133089 0.00137396
1.25 0.1 0.01 7.39 0.000675204 0.00066098 0.000689459
1.25 0.1 0.1 7.39 0.000231508 0.000224086 0.000238917
1.25 0.1 1 7.39 1.63234e-05 1.54308e-05 1.72459e-05
1.25 1 0.001 7.39 0.0134178 0.0132073 0.0136255
1.25 1 0.01 7.39 0.0067208 0.00657553 0.00685867
1.25 1 0.1 7.39 0.00231182 0.00223791 0.00238681
1.25 1 1 7.39 0.000163229 0.000154109 0.000171938
1.25 0.01 0.001 20.09 0.000130562 0.000128453 0.000132688
1.25 0.01 0.01 20.09 6.53545e-05 6.39204e-05 6.67938e-05
1.25 0.01 0.1 20.09 2.30827e-05 2.23359e-05 2.38434e-05
1.25 0.01 1 20.09 1.62982e-06 1.53868e-06 1.71648e-06
1.25 0.1 0.001 20.09 0.0013041 0.00128315 0.00132531
1.25 0.1 0.01 20.09 0.000653163 0.000638645 0.000667413
1.25 0.1 0.1 20.09 0.000230789 0.000223191 0.000238254
1.25 0.1 1 20.09 1.62981e-05 1.54e-05 1.71932e-05
1.25 1 0.001 20.09 0.0129453 0.0127357 0.0131486
1.25 1 0.01 20.09 0.00650754 0.00636662 0.00664717
1.25 1 0.1 20.09 0.00230545 0.00223071 0.00238047
1.25 1 1 20.09 0.000162976 0.000153902 0.00017203
1.25 0.01 0.001 22026 2.82563e-05 2.7455e-05 2.90487e-05
1.25 0.01 0.01 22026 1.46199e-06 1.33876e-06 1.58435e-06
1.25 0.01 0.1 22026 1.78716e-08 6.0958e-09 2.9272e-08
1.25 0.01 1 22026 3.33436e-14 8.24461e-17 6.66047e-14
1.25 0.1 0.001 22026 0.000282247 0.000274254 0.000289938
1.25 0.1 0.01 22026 1.46108e-05 1.33811e-05 1.58186e-05
1.25 0.1 0.1 22026 1.78716e-07 6.13164e-08 2.94334e-07
1.25 0.1 1 22026 3.33436e-13 8.24461e-16 6.66047e-13
1.25 1 0.001 22026 0.00280252 0.00272426 0.00288031
1.25 1 0.01 22026 0.000145532 0.000132948 0.000157358
1.25 1 0.1 22026 1.78716e-06 6.13165e-07 2.94873e-06
1.25 1 1 22026 3.33436e-12 8.24461e-15 6.66047e-12
1.25 0.01 0.001 59874 8.26042e-06 8.09042e-06 8.42406e-06
1.25 0.01 0.01 59874 1.93199e-07 1.7272e-07 2.1363e-07
1.25 0.01 0.1 59874 5.82015e-09 1.26169e-09 1.01876e-08
1.25 0.01 1 59874 1.983e-11 1.64892e-17 3.96601e-11
1.25 0.1 0.001 59874 8.25205e-05 8.08648e-05 8.41994e-05
1.25 0.1 0.01 59874 1.93176e-06 1.72985e-06 2.13706e-06
1.25 0.1 0.1 59874 5.82015e-08 1.26518e-08 1.02279e-07
1.25 0.1 1 59874 1.983e-10 1.64892e-16 3.96601e-10
1.25 1 0.001 59874 0.000819928 0.000803224 0.000836697
1.25 1 0.01 59874 1.93026e-05 1.7243e-05 2.12896e-05
1.25 1 0.1 59874 5.82015e-07 1.26581e-07 1.02052e-06
1.25 1 1 59874 1.983e-09 1.64892e-15 3.96601e-09
1.25 0.01 0.001 148.41 0.000131003 0.000128882 0.000133062
1.25 0.01 0.01 148.41 6.49636e-05 6.35852e-05 6.63757e-05
1.25 0.01 0.1 148.41 2.19153e-05 2.11839e-05 2.26632e-05
1.25 0.01 1 148.41 1.57326e-06 1.48272e-06 1.661e-06
1.25 0.1 0.001 148.41 0.00130829 0.00128781 0.00132887
1.25 0.1 0.01 148.41 0.000649183 0.000635087 0.000663457
1.25 0.1 0.1 148.41 0.000219106 0.000211851 0.000226424
1.25 0.1 1 148.41 1.57326e-05 1.48674e-05 1.65997e-05
1.25 1 0.001 148.41 0.0129749 0.0127623 0.013183
1.25 1 0.01 148.41 0.00646343 0.00632452 0.00660427
1.25 1 0.1 148.41 0.0021881 0.00211497 0.0022608
1.25 1 1 148.41 0.000157326 0.000148574 0.000166087
1.25 0.01 0.001 162755 9.70463e-07 9.15836e-07 1.02544e-06
1.25 0.01 0.01 162755 1.28539e-08 8.6034e-09 1.7171e-08
1.25 0.01 0.1 162755 3.52891e-13 1.09394e-13 5.96353e-13
1.25 0.01 1 162755 5.45267e-54 1.82855e-57 1.09035e-53
1.25 0.1 0.001 162755 9.69098e-06 9.14432e-06 1.02298e-05
1.25 0.1 0.01 162755 1.28401e-07 8.54259e-08 1.7215e-07
1.25 0.1 0.1 162755 3.52891e-12 1.09394e-12 5.96352e-12
1.25 0.1 1 162755 5.45267e-53 1.82855e-56 1.09035e-52
1.25 1 0.001 162755 9.60878e-05 9.06622e-05 0.000101332
1.25 1 0.01 162755 1.27531e-06 8.45455e-07 1.7079e-06
1.25 1 0.1 162755 3.52891e-11 1.09394e-11 5.96351e-11
1.25 1 1 162755 5.45267e-52 1.82855e-55 1.09035e-51
1.25 0.01 0.001 403.43 0.000116961 0.000115008 0.000118916
1.25 0.01 0.01 403.43 5.29139e-05 5.16687e-05 5.41453e-05
1.25 0.01 0.1 403.43 1.39686e-05 1.34328e-05 1.44886e-05
1.25 0.01 1 403.43 5.71634e-07 5.20465e-07 6.22189e-07
1.25 0.1 0.001 403.43 0.0011685 0.00114901 0.00118793
1.25 0.1 0.01 403.43 0.000528861 0.0005164 0.000541244
1.25 0.1 0.1 403.43 0.000139635 0.000134267 0.000145015
1.25 0.1 1 403.43 5.71563e-06 5.20718e-06 6.23579e-06
1.25 1 0.001 403.43 0.0116149 0.0114244 0.0118071
1.25 1 0.01 403.43 0.0052711 0.00514866 0.00539515
1.25 1 0.1 403.43 0.00139314 0.00133896 0.00144525
1.25 1 1 403.43 5.71117e-05 5.20881e-05 6.22851e-05
1.25 0.01 0.001 1096.63 0.000103447 0.000101627 0.000105239
1.25 0.01 0.01 1096.63 3.86562e-05 3.76701e-05 3.96574e-05
1.25 0.01 0.1 1096.63 5.89125e-06 5.58732e-06 6.197e-06
1.25 0.01 1 1096.63 1.10289e-07 8.83605e-08 1.32208e-07
1.25 0.1 0.001 1096.63 0.00103352 0.0010155 0.00105142
1.25 0.1 0.01 1096.63 0.000386474 0.000376721 0.000396509
1.25 0.1 0.1 1096.63 5.89118e-05 5.58201e-05 6.2023e-05
1.25 0.1 1 1096.63 1.10289e-06 8.87367e-07 1.3272e-06
1.25 1 0.001 1096.63 0.0102756 0.0101005 0.0104497
1.25 1 0.01 1096.63 0.00385918 0.00376111 0.00395882
1.25 1 0.1 1096.63 0.000589069 0.000559022 0.000619615
1.25 1 1 1096.63 1.10289e-05 8.84894e-06 1.32277e-05
1.25 0.01 0.001 2980.96 7.98542e-05 7.82629e-05 8.13782e-05
1.25 0.01 0.01 2980.96 2.03882e-05 1.97383e-05 2.10552e-05
1.25 0.01 0.1 2980.96 1.07763e-06 9.77776e-07 1.18015e-06
1.25 0.01 1 2980.96 1.14834e-09 3.72601e-10 1.88014e-09
1.25 0.1 0.001 2980.96 0.000797563 0.000782011 0.000812679
1.25 0.1 0.01 2980.96 0.000203766 0.00019744 0.000210146
1.25 0.1 0.1 2980.96 1.07759e-05 9.74622e-06 1.17985e-05
1.25 0.1 1 2980.96 1.14834e-08 3.74247e-09 1.9035e-08
1.25 1 0.001 2980.96 0.00791392 0.00776833 0.00806822
1.25 1 0.01 2980.96 0.00203038 0.0019656 0.00209447
1.25 1 0.1 2980.96 0.000107737 9.76556e-05 0.000117844
1.25 1 1 2980.96 1.14834e-07 3.75487e-08 1.9049e-07
1.25 0.01 0.001 8103.08 5.3777e-05 5.2617e-05 5.498e-05
1.25 0.01 0.01 8103.08 7.39191e-06 7.04953e-06 7.71787e-06
1.25 0.01 0.1 8103.08 1.18144e-07 9.06208e-08 1.45782e-07
1.25 0.01 1 8103.08 2.09705e-12 2.47746e-13 3.91193e-12
1.25 0.1 0.001 8103.08 0.00053714 0.000525264 0.000548944
1.25 0.1 0.01 8103.08 7.38557e-05 7.05271e-05 7.71449e-05
1.25 0.1 0.1 8103.08 1.18115e-06 9.12341e-07 1.44999e-06
1.25 0.1 1 8103.08 2.09705e-11 2.47422e-12 3.91206e-11
1.25 1 0.001 8103.08 0.00533174 0.00521408 0.00544965
1.25 1 0.01 8103.08 0.000734559 0.00070169 0.000768274
1.25 1 0.1 8103.08 1.17935e-05 9.01799e-06 1.44493e-05
1.25 1 1 8103.08 2.09705e-10 2.47701e-11 3.91235e-10
1.45 0.01 0.001 0 0.00019371 0.00019127 0.000196204
1.45 0.01 0.01 0 8.1262e-05 7.9713e-05 8.27523e-05
1.45 0.01 0.1 0 2.46178e-05 2.3848e-05 2.53695e-05
1.45 0.01 1 0 1.69906e-06 1.61e-06 1.79084e-06
1.45 0.1 0.001 0 0.00193402 0.00190928 0.00195917
1.45 0.1 0.01 0 0.000811978 0.000796649 0.000827461
1.45 0.1 0.1 0 0.00024611 0.000238499 0.000253643
1.45 0.1 1 0 1.69899e-05 1.60758e-05 1.79296e-05
1.45 1 0.001 0 0.0191501 0.0189059 0.0193932
1.45 1 0.01 0 0.00808002 0.0079242 0.00823315
1.45 1 0.1 0 0.00245684 0.00238161 0.00253406
1.45 1 1 0 0.00016986 0.000160594 0.000179014
1.45 0.01 0.001 1 0.000190187 0.000187757 0.000192722
1.45 0.01 0.01 1 7.92175e-05 7.76989e-05 8.07356e-05
1.45 0.01 0.1 1 2.42357e-05 2.3472e-05 2.49726e-05
1.45 0.01 1 1 1.70477e-06 1.61296e-06 1.79863e-06
1.45 0.1 0.001 1 0.00189892 0.00187428 0.00192353
1.45 0.1 0.01 1 0.000791615 0.000776327 0.000806643
1.45 0.1 0.1 1 0.00024229 0.000235054 0.000250035
1.45 0.1 1 1 1.70475e-05 1.61067e-05 1.79353e-05
1.45 1 0.001 1 0.018805 0.0185634 0.0190479
1.45 1 0.01 1 0.00788099 0.00773032 0.00803333
1.45 1 0.1 1 0.00241865 0.00234368 0.00249349
1.45 1 1 1 0.000170465 0.0001614 0.000179651
1.45 0.01 0.001 2.7 0.000191066 0.000188652 0.000193536
1.45 0.01 0.01 2.7 8.08427e-05 7.93012e-05 8.23302e-05
1.45 0.01 0.1 2.7 2.47452e-05 2.3972e-05 2.5523e-05
1.45 0.01 1 2.7 1.71713e-06 1.62503e-06 1.8075e-06
1.45 0.1 0.001 2.7 0.0019079 0.00188323 0.00193263
1.45 0.1 0.01 2.7 0.000808007 0.00079263 0.000823361
1.45 0.1 0.1 2.7 0.000247401 0.000239712 0.000255019
1.45 0.1 1 2.7 1.71707e-05 1.62354e-05 1.80967e-05
1.45 1 0.001 2.7 0.0189078 0.0186653 0.0191496
1.45 1 0.01 2.7 0.00805361 0.00789689 0.00820299
1.45 1 0.1 2.7 0.0024708 0.00239427 0.00254869
1.45 1 1 2.7 0.000171668 0.000162662 0.000180841
1.45 0.01 0.001 54.6 0.000192308 0.000189856 0.000194799
1.45 0.01 0.01 54.6 8.15795e-05 8.00348e-05 8.3118e-05
1.45 0.01 0.1 54.6 2.47853e-05 2.40141e-05 2.5554e-05
1.45 0.01 1 54.6 1.72302e-06 1.63109e-06 1.81659e-06
1.45 0.1 0.001 54.6 0.00192017 0.00189536 0.00194438
1.45 0.1 0.01 54.6 0.000815309 0.000799597 0.00083055
1.45 0.1 0.1 54.6 0.000247817 0.00024034 0.00025536
1.45 0.1 1 54.6 1.72302e-05 1.63007e-05 1.81542e-05
1.45 1 0.001 54.6 0.0190209 0.0187733 0.0192604
1.45 1 0.01 54.6 0.0081225 0.0079659 0.00827489
1.45 1 0.1 54.6 0.00247594 0.00240126 0.00255362
1.45 1 1 54.6 0.000172302 0.000163156 0.000181516
1.45 0.01 0.001 7.39 0.000191791 0.000189375 0.00019431
1.45 0.01 0.01 7.39 8.13339e-05 7.98032e-05 8.2851e-05
1.45 0.01 0.1 7.39 2.48863e-05 2.41373e-05 2.56413e-05
1.45 0.01 1 7.39 1.64549e-06 1.55539e-06 1.73808e-06
1.45 0.1 0.001 7.39 0.00191511 0.00189097 0.00193984
1.45 0.1 0.01 7.39 0.000812989 0.000797016 0.000828037
1.45 0.1 0.1 7.39 0.000248848 0.000241078 0.000256418
1.45 0.1 1 7.39 1.64549e-05 1.55593e-05 1.73546e-05
1.45 1 0.001 7.39 0.018977 0.0187389 0.0192248
1.45 1 0.01 7.39 0.00810786 0.00795488 0.00826207
1.45 1 0.1 7.39 0.00248748 0.00241197 0.00256352
1.45 1 1 7.39 0.000164549 0.000155575 0.00017372
1.45 0.01 0.001 20.09 0.000194307 0.000191809 0.000196757
1.45 0.01 0.01 20.09 8.15744e-05 8.00364e-05 8.31275e-05
1.45 0.01 0.1 20.09 2.49188e-05 2.41449e-05 2.56779e-05
1.45 0.01 1 20.09 1.76545e-06 1.67173e-06 1.85856e-06
1.45 0.1 0.001 20.09 0.00193993 0.00191515 0.00196523
1.45 0.1 0.01 20.09 0.000815153 0.000799473 0.000830247
1.45 0.1 0.1 20.09 0.000249103 0.000241398 0.000256986
1.45 0.1 1 20.09 1.76533e-05 1.67391e-05 1.85868e-05
1.45 1 0.001 20.09 0.0192055 0.0189597 0.019452
1.45 1 0.01 20.09 0.00811454 0.00796176 0.00826621
1.45 1 0.1 20.09 0.00248561 0.00241024 0.00256449
1.45 1 1 20.09 0.000176453 0.000167028 0.000185427
1.45 0.01 0.001 22026 2.80562e-05 2.7309e-05 2.8789e-05
1.45 0.01 0.01 22026 8.3214e-07 7.40784e-07 9.24972e-07
1.45 0.01 0.1 22026 5.02795e-09 2.15446e-09 7.70996e-09
1.45 0.01 1 22026 1.08169e-21 5.06567e-22 1.65681e-21
1.45 0.1 0.001 22026 0.00028014 0.000272517 0.000287292
1.45 0.1 0.01 22026 8.31358e-06 7.38814e-06 9.2506e-06
1.45 0.1 0.1 22026 5.02795e-08 2.14974e-08 7.84979e-08
1.45 0.1 1 22026 1.08169e-20 5.06567e-21 1.65681e-20
1.45 1 0.001 22026 0.00277479 0.00270324 0.00284829
1.45 1 0.01 22026 8.26431e-05 7.33632e-05 9.18595e-05
1.45 1 0.1 22026 5.02794e-07 2.16814e-07 7.85214e-07
1.45 1 1 22026 1.08169e-19 5.06567e-20 1.72537e-19
1.45 0.01 0.001 59874 3.58573e-06 3.48432e-06 3.68535e-06
1.45 0.01 0.01 59874 4.91046e-08 3.90356e-08 5.93056e-08
1.45 0.01 0.1 59874 7.31891e-10 5.34748e-12 1.45764e-09
1.45 0.01 1 59874 3.02011e-19 5.82503e-41 6.04022e-19
1.45 0.1 0.001 59874 3.58146e-05 3.47754e-05 3.68678e-05
1.45 0.1 0.01 59874 4.91023e-07 3.89147e-07 5.88491e-07
1.45 0.1 0.1 59874 7.31891e-09 5.34117e-11 1.45764e-08
1.45 0.1 1 59874 3.02011e-18 5.82503e-40 6.04022e-18
1.45 1 0.001 59874 0.000355454 0.000345284 0.00036545
1.45 1 0.01 59874 4.9088e-06 3.90939e-06 5.92795e-06
1.45 1 0.1 59874 7.31891e-08 5.69699e-10 1.45771e-07
1.45 1 1 59874 3.02011e-17 5.82503e-39 6.04022e-17
1.45 0.01 0.001 148.41 0.000192683 0.000190227 0.000195195
1.45 0.01 0.01 148.41 8.00346e-05 7.85062e-05 8.15298e-05
1.45 0.01 0.1 148.41 2.26551e-05 2.19207e-05 2.3389e-05
1.45 0.01 1 148.41 1.46743e-06 1.38232e-06 1.55423e-06
1.45 0.1 0.001 148.41 0.00192362 0.00189972 0.00194911
1.45 0.1 0.01 148.41 0.000799558 0.000784428 0.00081482
1.45 0.1 0.1 148.41 0.000226463 0.000219024 0.000233778
1.45 0.1 1 148.41 1.46731e-05 1.38419e-05 1.55397e-05
1.45 1 0.001 148.41 0.0190366 0.0187914 0.0192737
1.45 1 0.01 148.41 0.00794655 0.0077967 0.00809407
1.45 1 0.1 148.41 0.00225912 0.0021861 0.0023311
1.45 1 1 148.41 0.000146652 0.000138189 0.000155068
1.45 0.01 0.001 162755 2.48425e-07 2.20133e-07 2.75196e-07
1.45 0.01 0.01 162755 3.1338e-09 1.76806e-09 4.46592e-09
1.45 0.01 0.1 162755 3.56966e-18 1.66113e-19 6.89878e-18
1.45 0.01 1 162755 1.2459e-102 1.16586e-115 2.49179e-102
1.45 0.1 0.001 162755 2.48425e-06 2.20024e-06 2.75982e-06
1.45 0.1 0.01 162755 3.1338e-08 1.72701e-08 4.48505e-08
1.45 0.1 0.1 162755 3.56966e-17 1.66389e-18 6.89873e-17
1.45 0.1 1 162755 1.2459e-101 1.16586e-114 2.49179e-101
1.45 1 0.001 162755 2.48425e-05 2.21137e-05 2.75602e-05
1.45 1 0.01 162755 3.1338e-07 1.75654e-07 4.4826e-07
1.45 1 0.1 162755 3.56966e-16 1.66298e-17 6.89878e-16
1.45 1 1 162755 1.2459e-100 1.16586e-113 2.49179e-100
1.45 0.01 0.001 403.43 0.000176827 0.000174428 0.000179214
1.45 0.01 0.01 403.43 6.86657e-05 6.72902e-05 7.00453e-05
1.45 0.01 0.1 403.43 1.73468e-05 1.67329e-05 1.79581e-05
1.45 0.01 1 403.43 8.39007e-07 7.75229e-07 9.00183e-07
1.45 0.1 0.001 403.43 0.0017653 0.00174135 0.00178897
1.45 0.1 0.01 403.43 0.000686207 0.000672389 0.000700101
1.45 0.1 0.1 403.43 0.000173424 0.000167475 0.00017948
1.45 0.1 1 403.43 8.38945e-06 7.76123e-06 9.03016e-06
1.45 1 0.001 403.43 0.017468 0.0172355 0.0176989
1.45 1 0.01 403.43 0.00683372 0.0066951 0.00696916
1.45 1 0.1 403.43 0.00173147 0.00167162 0.00179271
1.45 1 1 403.43 8.38552e-05 7.75302e-05 8.99918e-05
1.45 0.01 0.001 1096.63 0.000162802 0.000160582 0.000165008
1.45 0.01 0.01 1096.63 5.02383e-05 4.91343e-05 5.13549e-05
1.45 0.01 0.1 1096.63 6.17428e-06 5.86956e-06 6.48377e-06
1.45 0.01 1 1096.63 9.84463e-08 7.76249e-08 1.19256e-07
1.45 0.1 0.001 1096.63 0.00162537 0.00160352 0.00164731
1.45 0.1 0.01 1096.63 0.000501956 0.000490763 0.000513258
1.45 0.1 0.1 1096.63 6.17122e-05 5.8707e-05 6.46843e-05
1.45 0.1 1 1096.63 9.84461e-07 7.75909e-07 1.19068e-06
1.45 1 0.001 1096.63 0.0160892 0.015871 0.0163072
1.45 1 0.01 1096.63 0.00499262 0.00488517 0.00510347
1.45 1 0.1 1096.63 0.000615194 0.000585267 0.000645019
1.45 1 1 1096.63 9.84452e-06 7.78445e-06 1.19164e-05
1.45 0.01 0.001 2980.96 0.00012001 0.000118221 0.000121781
1.45 0.01 0.01 2980.96 2.40213e-05 2.3338e-05 2.47056e-05
1.45 0.01 0.1 2980.96 9.57851e-07 8.56636e-07 1.06059e-06
1.45 0.01 1 2980.96 8.7759e-09 3.02633e-09 1.42852e-08
1.45 0.1 0.001 2980.96 0.00119831 0.00118029 0.00121667
1.45 0.1 0.01 2980.96 0.000240012 0.000233253 0.000246599
1.45 0.1 0.1 2980.96 9.5765e-06 8.55007e-06 1.06019e-05
1.45 0.1 1 2980.96 8.7759e-08 3.13953e-08 1.43593e-07
1.45 1 0.001 2980.96 0.0118703 0.0116936 0.0120536
1.45 1 0.01 2980.96 0.0023874 0.0023207 0.00245597
1.45 1 0.1 2980.96 9.56388e-05 8.56791e-05 0.000106063
1.45 1 1 2980.96 8.7759e-07 3.11969e-07 1.4206e-06
1.45 0.01 0.001 8103.08 7.49206e-05 7.3581e-05 7.6275e-05
1.45 0.01 0.01 8103.08 6.40442e-06 6.12691e-06 6.67865e-06
1.45 0.01 0.1 8103.08 5.83229e-08 3.96223e-08 7.69417e-08
1.45 0.01 1 8103.08 2.59273e-13 1.35042e-14 5.05042e-13
1.45 0.1 0.001 8103.08 0.000747878 0.00073483 0.000760875
1.45 0.1 0.01 8103.08 6.39759e-05 6.1205e-05 6.67525e-05
1.45 0.1 0.1 8103.08 5.83228e-07 3.92582e-07 7.76613e-07
1.45 0.1 1 8103.08 2.59273e-12 1.35042e-13 5.05042e-12
1.45 1 0.001 8103.08 0.00739572 0.00726537 0.00752693
1.45 1 0.01 8103.08 0.000635452 0.000607028 0.000662731
1.45 1 0.1 8103.08 5.83225e-06 3.88898e-06 7.77276e-06
1.45 1 1 8103.08 2.59273e-11 9.00384e-13 5.05042e-11
1.65 0.01 0.001 0 0.000266975 0.00026412 0.000269789
1.65 0.01 0.01 0 9.90868e-05 9.74546e-05 0.000100802
1.65 0.01 0.1 0 2.59725e-05 2.52112e-05 2.67459e-05
1.65 0.01 1 0 1.70035e-06 1.60853e-06 1.79254e-06
1.65 0.1 0.001 0 0.0026631 0.00263356 0.00269111
1.65 0.1 0.01 0 0.00098977 0.000973143 0.00100619
1.65 0.1 0.1 0 0.000259661 0.00025221 0.000267525
1.65 0.1 1 0 1.70029e-05 1.61025e-05 1.79152e-05
1.65 1 0.001 0 0.0262236 0.0259453 0.0265081
1.65 1 0.01 0 0.00982913 0.00966458 0.0100005
1.65 1 0.1 0 0.00259257 0.00251683 0.00266923
1.65 1 1 0 0.000169989 0.000160516 0.000178946
1.65 0.01 0.001 1 0.000259404 0.000256503 0.000262275
1.65 0.01 0.01 1 9.57721e-05 9.41406e-05 9.74111e-05
1.65 0.01 0.1 1 2.60251e-05 2.52458e-05 2.67994e-05
1.65 0.01 1 1 1.6927e-06 1.60243e-06 1.78746e-06
1.65 0.1 0.001 1 0.00258871 0.00256094 0.00261717
1.65 0.1 0.01 1 0.000956963 0.000940537 0.000973577
1.65 0.1 0.1 1 0.000260171 0.000252395 0.000267906
1.65 0.1 1 1 1.69263e-05 1.59993e-05 1.78485e-05
1.65 1 0.001 1 0.0255568 0.0252857 0.0258343
1.65 1 0.01 1 0.00952192 0.00936006 0.00968071
1.65 1 0.1 1 0.00259669 0.00251891 0.0026746
1.65 1 1 1 0.000169218 0.000160058 0.000178555
1.65 0.01 0.001 2.7 0.000265231 0.000262367 0.000268082
1.65 0.01 0.01 2.7 9.74289e-05 9.5752e-05 9.90633e-05
1.65 0.01 0.1 2.7 2.65802e-05 2.57923e-05 2.73505e-05
1.65 0.01 1 2.7 1.69662e-06 1.6059e-06 1.78724e-06
1.65 0.1 0.001 2.7 0.0026465 0.00261867 0.00267464
1.65 0.1 0.01 2.7 0.00097361 0.000957116 0.000990017
1.65 0.1 0.1 2.7 0.000265753 0.000257896 0.000273567
1.65 0.1 1 2.7 1.69662e-05 1.60659e-05 1.78954e-05
1.65 1 0.001 2.7 0.0261069 0.0258278 0.0263893
1.65 1 0.01 2.7 0.0096934 0.00952784 0.00985653
1.65 1 0.1 2.7 0.0026544 0.00257558 0.00273211
1.65 1 1 2.7 0.000169661 0.000160554 0.000178944
1.65 0.01 0.001 54.6 0.000262618 0.000259757 0.000265435
1.65 0.01 0.01 54.6 9.58877e-05 9.43042e-05 9.75145e-05
1.65 0.01 0.1 54.6 2.54966e-05 2.47449e-05 2.62485e-05
1.65 0.01 1 54.6 1.52214e-06 1.43388e-06 1.6089e-06
1.65 0.1 0.001 54.6 0.00262065 0.00259255 0.00264892
1.65 0.1 0.01 54.6 0.000958218 0.000941794 0.000974508
1.65 0.1 0.1 54.6 0.000254922 0.000247559 0.000262421
1.65 0.1 1 54.6 1.52208e-05 1.43548e-05 1.6095e-05
1.65 1 0.001 54.6 0.0258631 0.0255829 0.0261481
1.65 1 0.01 54.6 0.00954105 0.00937738 0.00970335
1.65 1 0.1 54.6 0.00254645 0.00246997 0.00262078
1.65 1 1 54.6 0.000152168 0.000143589 0.000160783
1.65 0.01 0.001 7.39 0.000264506 0.000261683 0.000267404
1.65 0.01 0.01 7.39 9.71082e-05 9.54797e-05 9.87786e-05
1.65 0.01 0.1 7.39 2.63642e-05 2.55839e-05 2.70988e-05
1.65 0.01 1 7.39 1.63778e-06 1.55016e-06 1.72733e-06
1.65 0.1 0.001 7.39 0.00263947 0.00261194 0.00266823
1.65 0.1 0.01 7.39 0.000970318 0.000953518 0.000986949
1.65 0.1 0.1 7.39 0.000263575 0.000255703 0.000271511
1.65 0.1 1 7.39 1.63778e-05 1.54955e-05 1.72928e-05
1.65 1 0.001 7.39 0.026049 0.02577 0.026329
1.65 1 0.01 7.39 0.00965543 0.00949104 0.00981545
1.65 1 0.1 7.39 0.0026315 0.00255526 0.00270795
1.65 1 1 7.39 0.000163777 0.000154673 0.000172541
1.65 0.01 0.001 20.09 0.000264419 0.0002616 0.000267285
1.65 0.01 0.01 20.09 9.82226e-05 9.65419e-05 9.98999e-05
1.65 0.01 0.1 20.09 2.69069e-05 2.61038e-05 2.76976e-05
1.65 0.01 1 20.09 1.73324e-06 1.64006e-06 1.82578e-06
1.65 0.1 0.001 20.09 0.002638 0.00260953 0.00266602
1.65 0.1 0.01 20.09 0.000981229 0.000964356 0.000998057
1.65 0.1 0.1 20.09 0.000268908 0.000261034 0.000276853
1.65 0.1 1 20.09 1.73321e-05 1.64034e-05 1.82391e-05
1.65 1 0.001 20.09 0.0259967 0.0257166 0.0262779
1.65 1 0.01 20.09 0.00975034 0.00958451 0.00991725
1.65 1 0.1 20.09 0.00267888 0.00260083 0.00276001
1.65 1 1 20.09 0.000173303 0.000164259 0.000182594
1.65 0.01 0.001 22026 2.08922e-05 2.02967e-05 2.14581e-05
1.65 0.01 0.01 22026 2.90944e-07 2.41871e-07 3.39943e-07
1.65 0.01 0.1 22026 2.44677e-09 1.35365e-11 4.87915e-09
1.65 0.01 1 22026 2.76576e-20 7.21941e-43 5.53152e-20
1.65 0.1 0.001 22026 0.000208514 0.000202902 0.000214336
1.65 0.1 0.01 22026 2.9088e-06 2.41549e-06 3.40642e-06
1.65 0.1 0.1 22026 2.44677e-08 1.35148e-10 4.87914e-08
1.65 0.1 1 22026 2.76576e-19 7.21941e-42 5.53152e-19
1.65 1 0.001 22026 0.00205985 0.00200251 0.00211765
1.65 1 0.01 22026 2.90478e-05 2.41365e-05 3.39517e-05
1.65 1 0.1 22026 2.44677e-07 1.35541e-09 4.87913e-07
1.65 1 1 22026 2.76576e-18 7.21941e-41 5.53152e-18
1.65 0.01 0.001 59874 1.13304e-06 1.07754e-06 1.18986e-06
1.65 0.01 0.01 59874 4.92329e-09 3.42748e-09 6.40231e-09
1.65 0.01 0.1 59874 4.88568e-18 7.37813e-19 8.95187e-18
1.65 0.01 1 59874 9.206e-102 2.56798e-111 1.8412e-101
1.65 0.1 0.001 59874 1.13162e-05 1.07607e-05 1.18785e-05
1.65 0.1 0.01 59874 4.92224e-08 3.39812e-08 6.4129e-08
1.65 0.1 0.1 59874 4.88568e-17 7.37811e-18 8.95192e-17
1.65 0.1 1 59874 9.206e-101 2.56798e-110 1.8412e-100
1.65 1 0.001 59874 0.000112263 0.000106774 0.000117912
1.65 1 0.01 59874 4.91558e-07 3.41747e-07 6.45109e-07
1.65 1 0.1 59874 4.88568e-16 7.37758e-17 8.95187e-16
1.65 1 1 59874 9.206e-100 2.56798e-109 1.8412e-99
1.65 0.01 0.001 148.41 0.000260801 0.000257975 0.000263665
1.65 0.01 0.01 148.41 9.49951e-05 9.33396e-05 9.66284e-05
1.65 0.01 0.1 148.41 2.47878e-05 2.4028e-05 2.55246e-05
1.65 0.01 1 148.41 1.54924e-06 1.46232e-06 1.63515e-06
1.65 0.1 0.001 148.41 0.00260229 0.00257306 0.00263001
1.65 0.1 0.01 148.41 0.000949183 0.000932922 0.000965617
1.65 0.1 0.1 148.41 0.000247841 0.000240308 0.000255212
1.65 0.1 1 148.41 1.54924e-05 1.46291e-05 1.63777e-05
1.65 1 0.001 148.41 0.0256664 0.0253937 0.0259406
1.65 1 0.01 148.41 0.00944343 0.0092844 0.00960265
1.65 1 0.1 148.41 0.0024761 0.00240004 0.00255217
1.65 1 1 148.41 0.000154924 0.00014609 0.000163865
1.65 0.01 0.001 162755 5.36746e-08 4.05492e-08 6.66054e-08
1.65 0.01 0.01 162755 2.8487e-10 6.05743e-11 4.98586e-10
1.65 0.01 0.1 162755 1.51925e-24 1.2633e-30 3.0385e-24
1.65 0.01 1 162755 4.88076e-166 7.71365e-227 9.76152e-166
1.65 0.1 0.001 162755 5.34579e-07 4.03992e-07 6.64455e-07
1.65 0.1 0.01 162755 2.84863e-09 6.12504e-10 4.98839e-09
1.65 0.1 0.1 162755 1.51925e-23 1.2633e-29 3.0385e-23
1.65 0.1 1 162755 4.88076e-165 7.71365e-226 9.76152e-165
1.65 1 0.001 162755 5.20923e-06 3.93849e-06 6.44942e-06
1.65 1 0.01 162755 2.84817e-08 6.04838e-09 4.99638e-08
1.65 1 0.1 162755 1.51925e-22 1.2633e-28 3.0385e-22
1.65 1 1 162755 4.88076e-164 7.71365e-225 9.76152e-164
1.65 0.01 0.001 403.43 0.000256438 0.000253655 0.000259268
1.65 0.01 0.01 403.43 8.75753e-05 8.60847e-05 8.91074e-05
1.65 0.01 0.1 403.43 1.92317e-05 1.86005e-05 1.98691e-05
1.65 0.01 1 403.43 8.74123e-07 8.11074e-07 9.37656e-07
1.65 0.1 0.001 403.43 0.00255818 0.00253017 0.00258556
1.65 0.1 0.01 403.43 0.000874901 0.000859465 0.000890356
1.65 0.1 0.1 403.43 0.000192214 0.000185799 0.000198629
1.65 0.1 1 403.43 8.74059e-06 8.11334e-06 9.37688e-06
1.65 1 0.001 403.43 0.0251979 0.0249244 0.0254739
1.65 1 0.01 403.43 0.00869638 0.00854152 0.00884899
1.65 1 0.1 403.43 0.00191575 0.00185256 0.00197876
1.65 1 1 403.43 8.7365e-05 8.07881e-05 9.36787e-05
1.65 0.01 0.001 1096.63 0.000223984 0.000221462 0.000226561
1.65 0.01 0.01 1096.63 6.00404e-05 5.88705e-05 6.12348e-05
1.65 0.01 0.1 1096.63 6.71893e-06 6.4045e-06 7.04347e-06
1.65 0.01 1 1096.63 1.06154e-07 8.5009e-08 1.27825e-07
1.65 0.1 0.001 1096.63 0.00223481 0.00220947 0.00226011
1.65 0.1 0.01 1096.63 0.000599953 0.000588218 0.000611763
1.65 0.1 0.1 1096.63 6.71753e-05 6.40383e-05 7.04519e-05
1.65 0.1 1 1096.63 1.06154e-06 8.45007e-07 1.27572e-06
1.65 1 0.001 1096.63 0.0220397 0.0217948 0.0222932
1.65 1 0.01 1096.63 0.00597156 0.00585087 0.00609032
1.65 1 0.1 1096.63 0.00067087 0.000639982 0.000701635
1.65 1 1 1096.63 1.06153e-05 8.49675e-06 1.27245e-05
1.65 0.01 0.001 2980.96 0.000165885 0.00016381 0.000167997
1.65 0.01 0.01 2980.96 2.67064e-05 2.60384e-05 2.73699e-05
1.65 0.01 0.1 2980.96 6.41717e-07 5.65918e-07 7.17431e-07
1.65 0.01 1 2980.96 1.79156e-09 8.58752e-10 2.79477e-09
1.65 0.1 0.001 2980.96 0.00165504 0.00163353 0.00167604
1.65 0.1 0.01 2980.96 0.000266877 0.00026013 0.000273727
1.65 0.1 0.1 2980.96 6.41689e-06 5.65267e-06 7.16854e-06
1.65 0.1 1 2980.96 1.79156e-08 8.58783e-09 2.81371e-08
1.65 1 0.001 2980.96 0.0163169 0.0161102 0.0165208
1.65 1 0.01 2980.96 0.00265702 0.0025894 0.00272346
1.65 1 0.1 2980.96 6.41514e-05 5.6567e-05 7.18827e-05
1.65 1 1 2980.96 1.79156e-07 8.47123e-08 2.74927e-07
1.65 0.01 0.001 8103.08 9.17649e-05 9.03439e-05 9.31636e-05
1.65 0.01 0.01 8103.08 5.11471e-06 4.88713e-06 5.33645e-06
1.65 0.01 0.1 8103.08 2.3513e-08 1.25553e-08 3.40395e-08
1.65 0.01 1 8103.08 3.32614e-14 2.04401e-19 6.65225e-14
1.65 0.1 0.001 8103.08 0.000915768 0.000901816 0.00093004
1.65 0.1 0.01 8103.08 5.11036e-05 4.88066e-05 5.33553e-05
1.65 0.1 0.1 8103.08 2.3513e-07 1.26799e-07 3.43094e-07
1.65 0.1 1 8103.08 3.32614e-13 2.04401e-18 6.65225e-13
1.65 1 0.001 8103.08 0.00904005 0.00889936 0.0091806
1.65 1 0.01 8103.08 0.000508331 0.000486193 0.000530983
1.65 1 0.1 8103.08 2.3513e-06 1.27444e-06 3.39535e-06
1.65 1 1 8103.08 3.32614e-12 2.04401e-17 6.65225e-12
1.85 0.01 0.001 0 0.000347626 0.000344465 0.000350851
1.85 0.01 0.01 0 0.000115472 0.000113731 0.000117248
1.85 0.01 0.1 0 2.7625e-05 2.68408e-05 2.8403e-05
1.85 0.01 1 0 1.69841e-06 1.6063e-06 1.78901e-06
1.85 0.1 0.001 0 0.00346649 0.00343413 0.0034981
1.85 0.1 0.01 0 0.00115349 0.00113599 0.00117133
1.85 0.1 0.1 0 0.000276152 0.000268419 0.000284053
1.85 0.1 1 0 1.69841e-05 1.60665e-05 1.79089e-05
1.85 1 0.001 0 0.0340636 0.03375 0.03438
1.85 1 0.01 0 0.0114587 0.0112835 0.0116308
1.85 1 0.1 0 0.0027553 0.00267569 0.0028333
1.85 1 1 0 0.00016984 0.000160594 0.00017883
1.85 0.01 0.001 1 0.000344168 0.000340901 0.000347359
1.85 0.01 0.01 1 0.00011373 0.000111928 0.000115508
1.85 0.01 0.1 1 2.83145e-05 2.75215e-05 2.91117e-05
1.85 0.01 1 1 1.74956e-06 1.6574e-06 1.84146e-06
1.85 0.1 0.001 1 0.00343291 0.00340125 0.00346559
1.85 0.1 0.01 1 0.00113638 0.00111878 0.00115353
1.85 0.1 0.1 1 0.000283105 0.00027512 0.000290964
1.85 0.1 1 1 1.7495e-05 1.6559e-05 1.84462e-05
1.85 1 0.001 1 0.0337831 0.0334729 0.0340955
1.85 1 0.01 1 0.0113059 0.0111301 0.011478
1.85 1 0.1 1 0.00282852 0.00274822 0.00290769
1.85 1 1 1 0.000174911 0.000165734 0.000184217
1.85 0.01 0.001 2.7 0.00034301 0.000339857 0.00034623
1.85 0.01 0.01 2.7 0.00011203 0.000110273 0.000113743
1.85 0.01 0.1 2.7 2.87266e-05 2.78962e-05 2.95383e-05
1.85 0.01 1 2.7 1.87637e-06 1.78139e-06 1.97315e-06
1.85 0.1 0.001 2.7 0.00342108 0.00338883 0.00345271
1.85 0.1 0.01 2.7 0.00111938 0.0011022 0.0011368
1.85 0.1 0.1 2.7 0.000287227 0.00027906 0.000295441
1.85 0.1 1 2.7 1.87637e-05 1.77932e-05 1.97208e-05
1.85 1 0.001 2.7 0.0336521 0.0333355 0.0339599
1.85 1 0.01 2.7 0.0111357 0.0109624 0.0113091
1.85 1 0.1 2.7 0.00286978 0.00278927 0.00295202
1.85 1 1 2.7 0.000187637 0.00017802 0.00019727
1.85 0.01 0.001 54.6 0.00034727 0.00034402 0.000350498
1.85 0.01 0.01 54.6 0.000113729 0.000111973 0.000115473
1.85 0.01 0.1 54.6 2.82839e-05 2.74748e-05 2.90849e-05
1.85 0.01 1 54.6 1.77208e-06 1.68131e-06 1.866e-06
1.85 0.1 0.001 54.6 0.00346243 0.00343075 0.00349475
1.85 0.1 0.01 54.6 0.00113598 0.00111828 0.00115351
1.85 0.1 0.1 54.6 0.000282779 0.000274666 0.000290747
1.85 0.1 1 54.6 1.77208e-05 1.67856e-05 1.86591e-05
1.85 1 0.001 54.6 0.0339843 0.0336703 0.0343007
1.85 1 0.01 54.6 0.0112771 0.0111006 0.0114564
1.85 1 0.1 54.6 0.00282402 0.00274336 0.00290329
1.85 1 1 54.6 0.000177208 0.000168123 0.000186519
1.85 0.01 0.001 7.39 0.000345506 0.000342272 0.000348699
1.85 0.01 0.01 7.39 0.000113448 0.000111685 0.000115237
1.85 0.01 0.1 7.39 2.81707e-05 2.73805e-05 2.89779e-05
1.85 0.01 1 7.39 1.7234e-06 1.6326e-06 1.81548e-06
1.85 0.1 0.001 7.39 0.0034453 0.00341384 0.00347725
1.85 0.1 0.01 7.39 0.00113334 0.00111554 0.00115145
1.85 0.1 0.1 7.39 0.000281627 0.000273477 0.000289419
1.85 0.1 1 7.39 1.72333e-05 1.63293e-05 1.8139e-05
1.85 1 0.001 7.39 0.0338502 0.0335374 0.0341575
1.85 1 0.01 7.39 0.0112614 0.0110938 0.0114309
1.85 1 0.1 7.39 0.00281123 0.00273285 0.00289223
1.85 1 1 7.39 0.000172293 0.000162975 0.000181338
1.85 0.01 0.001 20.09 0.0003459 0.00034267 0.000349068
1.85 0.01 0.01 20.09 0.000113 0.00011122 0.000114713
1.85 0.01 0.1 20.09 2.79844e-05 2.71905e-05 2.87795e-05
1.85 0.01 1 20.09 1.72195e-06 1.6301e-06 1.81485e-06
1.85 0.1 0.001 20.09 0.00344911 0.00341732 0.00348068
1.85 0.1 0.01 20.09 0.0011287 0.00111093 0.00114655
1.85 0.1 0.1 20.09 0.000279742 0.000271816 0.000287845
1.85 0.1 1 20.09 1.72183e-05 1.63024e-05 1.81365e-05
1.85 1 0.001 20.09 0.0338807 0.0335705 0.0341933
1.85 1 0.01 20.09 0.0112057 0.0110304 0.0113787
1.85 1 0.1 20.09 0.00279102 0.0027122 0.00287097
1.85 1 1 20.09 0.000172104 0.000162869 0.000180983
1.85 0.01 0.001 22026 1.06351e-05 1.02566e-05 1.1031e-05
1.85 0.01 0.01 22026 1.07985e-07 6.87079e-08 1.48042e-07
1.85 0.01 0.1 22026 1.4562e-09 1.21103e-10 2.79113e-09
1.85 0.01 1 22026 6.85563e-23 2.58809e-33 1.37113e-22
1.85 0.1 0.001 22026 0.000106118 0.000102284 0.000109944
1.85 0.1 0.01 22026 1.07792e-06 6.85297e-07 1.47097e-06
1.85 0.1 0.1 22026 1.4562e-08 1.21103e-09 2.79113e-08
1.85 0.1 1 22026 6.85563e-22 2.58809e-32 1.37113e-21
1.85 1 0.001 22026 0.00104735 0.00101112 0.00108597
1.85 1 0.01 22026 1.0658e-05 6.63526e-06 1.46117e-05
1.85 1 0.1 22026 1.4562e-07 1.21103e-08 2.79113e-07
1.85 1 1 22026 6.85563e-21 2.58809e-31 1.37113e-20
1.85 0.01 0.001 59874 1.49452e-07 1.28087e-07 1.71258e-07
1.85 0.01 0.01 59874 6.14112e-10 1.64672e-10 1.03826e-09
1.85 0.01 0.1 59874 1.36406e-21 8.38105e-27 2.72812e-21
1.85 0.01 1 59874 1.66155e-136 1.27401e-188 3.32309e-136
1.85 0.1 0.001 59874 1.4846e-06 1.27265e-06 1.69359e-06
1.85 0.1 0.01 59874 6.13955e-09 1.58611e-09 1.03772e-08
1.85 0.1 0.1 59874 1.36406e-20 8.38105e-26 2.72812e-20
1.85 0.1 1 59874 1.66155e-135 1.27401e-187 3.32309e-135
1.85 1 0.001 59874 1.42211e-05 1.23048e-05 1.62149e-05
1.85 1 0.01 59874 6.12968e-08 1.58234e-08 1.03104e-07
1.85 1 0.1 59874 1.36406e-19 8.38105e-25 2.72812e-19
1.85 1 1 59874 1.66155e-134 1.27401e-186 3.32309e-134
1.85 0.01 0.001 148.41 0.000342464 0.000339312 0.000345685
1.85 0.01 0.01 148.41 0.000110969 0.000109226 0.000112687
1.85 0.01 0.1 148.41 2.62228e-05 2.54726e-05 2.699e-05
1.85 0.01 1 148.41 1.51794e-06 1.43196e-06 1.60635e-06
1.85 0.1 0.001 148.41 0.0034153 0.00338387 0.00344729
1.85 0.1 0.01 148.41 0.00110878 0.00109184 0.00112605
1.85 0.1 0.1 148.41 0.000262191 0.000254462 0.000269952
1.85 0.1 1 148.41 1.51794e-05 1.43432e-05 1.60351e-05
1.85 1 0.001 148.41 0.0335739 0.0332728 0.0338887
1.85 1 0.01 148.41 0.0110307 0.0108587 0.011205
1.85 1 0.1 148.41 0.0026196 0.00254461 0.00269456
1.85 1 1 148.41 0.000151794 0.000143281 0.000160475
1.85 0.01 0.001 162755 6.16796e-09 2.81635e-09 1.00548e-08
1.85 0.01 0.01 162755 1.5666e-12 2.33914e-13 2.89929e-12
1.85 0.01 0.1 162755 1.31665e-46 3.65381e-54 2.6333e-46
1.85 0.01 1 162755 0 0 0
1.85 0.1 0.001 162755 6.16796e-08 2.81635e-08 1.00548e-07
1.85 0.1 0.01 162755 1.5666e-11 2.33914e-12 2.89929e-11
1.85 0.1 0.1 162755 1.31665e-45 3.65381e-53 2.6333e-45
1.85 0.1 1 162755 0 0 0
1.85 1 0.001 162755 6.16796e-07 2.81635e-07 1.00548e-06
1.85 1 0.01 162755 1.5666e-10 2.33914e-11 2.89929e-10
1.85 1 0.1 162755 1.31665e-44 3.65381e-52 2.6333e-44
1.85 1 1 162755 0 0 0
1.85 0.01 0.001 403.43 0.000333031 0.000329911 0.000336124
1.85 0.01 0.01 403.43 9.99687e-05 9.83104e-05 0.000101579
1.85 0.01 0.1 403.43 2.00527e-05 1.94055e-05 2.06918e-05
1.85 0.01 1 403.43 8.06348e-07 7.45758e-07 8.6799e-07
1.85 0.1 0.001 403.43 0.00332105 0.0032897 0.00335266
1.85 0.1 0.01 403.43 0.000998712 0.000982531 0.00101475
1.85 0.1 0.1 403.43 0.000200479 0.00019409 0.000206928
1.85 0.1 1 403.43 8.06285e-06 7.4478e-06 8.67901e-06
1.85 1 0.001 403.43 0.0326345 0.0323284 0.0329354
1.85 1 0.01 403.43 0.00992662 0.00976868 0.0100867
1.85 1 0.1 403.43 0.00200181 0.00193721 0.00206552
1.85 1 1 403.43 8.05892e-05 7.44886e-05 8.68087e-05
1.85 0.01 0.001 1096.63 0.000293936 0.00029104 0.000296878
1.85 0.01 0.01 1096.63 7.07106e-05 6.94682e-05 7.19922e-05
1.85 0.01 0.1 1096.63 6.68527e-06 6.38905e-06 6.98488e-06
1.85 0.01 1 1096.63 4.29164e-08 3.15549e-08 5.39728e-08
1.85 0.1 0.001 1096.63 0.00293099 0.00290152 0.00296022
1.85 0.1 0.01 1096.63 0.000706417 0.000693656 0.000719249
1.85 0.1 0.1 1096.63 6.68364e-05 6.38659e-05 6.98333e-05
1.85 0.1 1 1096.63 4.29164e-07 3.15208e-07 5.42997e-07
1.85 1 0.001 1096.63 0.0287914 0.0285114 0.0290689
1.85 1 0.01 1096.63 0.00702118 0.0068964 0.00714531
1.85 1 0.1 1096.63 0.00066734 0.000637713 0.000696817
1.85 1 1 1096.63 4.29164e-06 3.15963e-06 5.40912e-06
1.85 0.01 0.001 2980.96 0.00020941 0.000207121 0.000211745
1.85 0.01 0.01 2980.96 2.59672e-05 2.53153e-05 2.66019e-05
1.85 0.01 0.1 2980.96 3.74109e-07 3.26727e-07 4.21945e-07
1.85 0.01 1 2980.96 1.03264e-10 3.80094e-12 2.0245e-10
1.85 0.1 0.001 2980.96 0.00208837 0.00206502 0.00211152
1.85 0.1 0.01 2980.96 0.000259333 0.00025301 0.000265477
1.85 0.1 0.1 2980.96 3.74062e-06 3.27022e-06 4.2359e-06
1.85 0.1 1 2980.96 1.03264e-09 3.80353e-11 2.0248e-09
1.85 1 0.001 2980.96 0.0205276 0.0202999 0.020751
1.85 1 0.01 2980.96 0.00257208 0.00250929 0.00263332
1.85 1 0.1 2980.96 3.73769e-05 3.25732e-05 4.22085e-05
1.85 1 1 2980.96 1.03264e-08 3.83375e-10 2.02447e-08
1.85 0.01 0.001 8103.08 9.16931e-05 9.03093e-05 9.30255e-05
1.85 0.01 0.01 8103.08 2.66277e-06 2.52772e-06 2.79376e-06
1.85 0.01 0.1 8103.08 1.1139e-09 6.5051e-10 1.56649e-09
1.85 0.01 1 8103.08 5.73086e-29 2.8261e-31 1.14315e-28
1.85 0.1 0.001 8103.08 0.000914574 0.000900741 0.000928075
1.85 0.1 0.01 8103.08 2.66008e-05 2.52379e-05 2.79215e-05
1.85 0.1 0.1 8103.08 1.1139e-08 6.6146e-09 1.57371e-08
1.85 0.1 1 8103.08 5.73086e-28 2.82961e-30 1.14315e-27
1.85 1 0.001 8103.08 0.0089994 0.00886692 0.00912884
1.85 1 0.01 8103.08 0.000264312 0.000251372 0.000277599
1.85 1 0.1 8103.08 1.1139e-07 6.53392e-08 1.55885e-07
1.85 1 1 8103.08 5.73086e-27 2.8261e-29 1.14315e-26
2.05 0.01 0.001 0 0.00180657 0.00179895 0.00181445
2.05 0.01 0.01 0 0.000661494 0.000657107 0.000665803
2.05 0.01 0.1 0 0.000155132 0.000153365 0.000156837
2.05 0.01 1 0 2.92712e-06 2.83729e-06 3.02153e-06
2.05 0.1 0.001 0 0.0178012 0.0177256 0.0178775
2.05 0.1 0.01 0 0.00657709 0.00653474 0.0066208
2.05 0.1 0.1 0 0.00154904 0.00153195 0.00156657
2.05 0.1 1 0 2.92701e-05 2.83342e-05 3.01803e-05
2.05 1 0.001 0 0.162891 0.162226 0.163566
2.05 1 0.01 0 0.0634784 0.0630627 0.0638832
2.05 1 0.1 0 0.0153483 0.0151763 0.0155174
2.05 1 1 0 0.000292627 0.000283416 0.000301936
2.05 0.01 0.001 1 0.00183642 0.00182833 0.00184399
2.05 0.01 0.01 1 0.000689931 0.000685372 0.000694436
2.05 0.01 0.1 1 0.000178958 0.000177029 0.000180855
2.05 0.01 1 1 7.03243e-06 6.85347e-06 7.20984e-06
2.05 0.1 0.001 1 0.0180952 0.0180199 0.0181723
2.05 0.1 0.01 1 0.00686015 0.00681556 0.00690407
2.05 0.1 0.1 1 0.00178697 0.00176812 0.0018063
2.05 0.1 1 1 7.0321e-05 6.86359e-05 7.20743e-05
2.05 1 0.001 1 0.165587 0.164919 0.166278
2.05 1 0.01 1 0.0662369 0.0658204 0.0666551
2.05 1 0.1 1 0.0177071 0.0175186 0.0178992
2.05 1 1 1 0.000702999 0.000685092 0.000720471
2.05 0.01 0.001 2.7 0.00188226 0.00187421 0.00189014
2.05 0.01 0.01 2.7 0.000741812 0.000737193 0.000746562
2.05 0.01 0.1 2.7 0.000220376 0.000218169 0.000222659
2.05 0.01 1 2.7 1.39473e-05 1.36831e-05 1.4206e-05
2.05 0.1 0.001 2.7 0.0185468 0.0184694 0.0186249
2.05 0.1 0.01 2.7 0.00737596 0.00732962 0.00742275
2.05 0.1 0.1 2.7 0.00220039 0.00217802 0.00222377
2.05 0.1 1 2.7 0.000139468 0.000136858 0.000142013
2.05 1 0.001 2.7 0.169752 0.169068 0.170437
2.05 1 0.01 2.7 0.0712134 0.0707765 0.0716452
2.05 1 0.1 2.7 0.0217936 0.0215753 0.022017
2.05 1 1 2.7 0.00139436 0.00136843 0.00142109
2.05 0.01 0.001 54.6 0.0017318 0.00172411 0.0017395
2.05 0.01 0.01 54.6 0.000594181 0.000590023 0.000598131
2.05 0.01 0.1 54.6 0.000124338 0.000122729 0.000125883
2.05 0.01 1 54.6 4.16871e-06 4.03095e-06 4.30205e-06
2.05 0.1 0.001 54.6 0.017063 0.0169899 0.0171392
2.05 0.1 0.01 54.6 0.00590806 0.00586846 0.00594822
2.05 0.1 0.1 54.6 0.00124158 0.0012259 0.0012576
2.05 0.1 1 54.6 4.16861e-05 4.03328e-05 4.30487e-05
2.05 1 0.001 54.6 0.156086 0.15543 0.156718
2.05 1 0.01 54.6 0.0570422 0.0566583 0.0574204
2.05 1 0.1 54.6 0.0123032 0.0121483 0.0124561
2.05 1 1 54.6 0.000416801 0.000403456 0.000430613
2.05 0.01 0.001 7.39 0.00192757 0.00191955 0.00193546
2.05 0.01 0.01 7.39 0.000782196 0.000777419 0.000787094
2.05 0.01 0.1 7.39 0.000254566 0.00025209 0.000257073
2.05 0.01 1 7.39 1.99815e-05 1.96659e-05 2.02912e-05
2.05 0.1 0.001 7.39 0.0189944 0.0189149 0.0190739
2.05 0.1 0.01 7.39 0.00777728 0.00773127 0.00782522
2.05 0.1 0.1 7.39 0.00254226 0.00251734 0.0025669
2.05 0.1 1 7.39 0.00019981 0.000196668 0.000202996
2.05 1 0.001 7.39 0.173861 0.173158 0.174538
2.05 1 0.01 7.39 0.0750679 0.0746091 0.075515
2.05 1 0.1 7.39 0.0252108 0.0249654 0.0254623
2.05 1 1 7.39 0.00199781 0.00196697 0.00202907
2.05 0.01 0.001 20.09 0.00185996 0.00185179 0.00186778
2.05 0.01 0.01 20.09 0.000723171 0.000718642 0.000727653
2.05 0.01 0.1 20.09 0.000210512 0.0002083 0.00021271
2.05 0.01 1 20.09 1.38e-05 1.35431e-05 1.40605e-05
2.05 0.1 0.001 20.09 0.0183265 0.0182514 0.018405
2.05 0.1 0.01 20.09 0.00719043 0.00714497 0.00723664
2.05 0.1 0.1 20.09 0.00210222 0.00208001 0.00212438
2.05 0.1 1 20.09 0.000137994 0.000135449 0.000140566
2.05 1 0.001 20.09 0.167655 0.166978 0.168332
2.05 1 0.01 20.09 0.0694011 0.0689677 0.0698385
2.05 1 0.1 20.09 0.020841 0.0206188 0.0210609
2.05 1 1 20.09 0.00137957 0.00135344 0.0014058
2.05 0.01 0.001 22026 2.14686e-07 1.48409e-07 2.79747e-07
2.05 0.01 0.01 22026 3.64887e-09 1.66712e-11 7.27769e-09
2.05 0.01 0.1 22026 1.51005e-18 4.83931e-43 3.02011e-18
2.05 0.01 1 22026 2.35171e-112 0 4.70343e-112
2.05 0.1 0.001 22026 2.10102e-06 1.45478e-06 2.74632e-06
2.05 0.1 0.01 22026 3.64873e-08 1.66295e-10 7.2774e-08
2.05 0.1 0.1 22026 1.51005e-17 4.83931e-42 3.02011e-17
2.05 0.1 1 22026 2.35171e-111 0 4.70343e-111
2.05 1 0.001 22026 1.83467e-05 1.29054e-05 2.4e-05
2.05 1 0.01 22026 3.64788e-07 1.58629e-09 7.27657e-07
2.05 1 0.1 22026 1.51005e-16 4.83931e-41 3.02011e-16
2.05 1 1 22026 2.35171e-110 0 4.70343e-110
2.05 0.01 0.001 59874 7.92562e-09 2.65008e-09 1.30471e-08
2.05 0.01 0.01 59874 9.24994e-11 3.73421e-16 1.84998e-10
2.05 0.01 0.1 59874 3.4163e-28 3.92809e-82 6.8326e-28
2.05 0.01 1 59874 1.61343e-202 0 3.22687e-202
2.05 0.1 0.001 59874 7.92562e-08 2.65008e-08 1.30471e-07
2.05 0.1 0.01 59874 9.24994e-10 3.73421e-15 1.84998e-09
2.05 0.1 0.1 59874 3.4163e-27 3.92809e-81 6.8326e-27
2.05 0.1 1 59874 1.61343e-201 0 3.22687e-201
2.05 1 0.001 59874 7.92562e-07 2.65008e-07 1.30471e-06
2.05 1 0.01 59874 9.24994e-09 3.73421e-14 1.84998e-08
2.05 1 0.1 59874 3.4163e-26 3.92809e-80 6.8326e-26
2.05 1 1 59874 1.61343e-200 0 3.22687e-200
2.05 0.01 0.001 148.41 0.00150738 0.00150016 0.00151426
2.05 0.01 0.01 148.41 0.000409677 0.000406547 0.000412807
2.05 0.01 0.1 148.41 4.17835e-05 4.10129e-05 4.25695e-05
2.05 0.01 1 148.41 5.1788e-07 4.72019e-07 5.64789e-07
2.05 0.1 0.001 148.41 0.0148578 0.0147897 0.0149288
2.05 0.1 0.01 148.41 0.00407353 0.00404136 0.00410474
2.05 0.1 0.1 148.41 0.000417294 0.000409741 0.000424967
2.05 0.1 1 148.41 5.17875e-06 4.71641e-06 5.64434e-06
2.05 1 0.001 148.41 0.136229 0.135633 0.136823
2.05 1 0.01 148.41 0.0393356 0.0390411 0.0396321
2.05 1 0.1 148.41 0.00413959 0.00406435 0.00421379
2.05 1 1 148.41 5.17846e-05 4.70688e-05 5.62999e-05
2.05 0.01 0.001 162755 0 0 0
2.05 0.01 0.01 162755 0 0 0
2.05 0.01 0.1 162755 0 0 0
2.05 0.01 1 162755 0 0 0
2.05 0.1 0.001 162755 0 0 0
2.05 0.1 0.01 162755 0 0 0
2.05 0.1 0.1 162755 0 0 0
2.05 0.1 1 162755 0 0 0
2.05 1 0.001 162755 0 0 0
2.05 1 0.01 162755 0 0 0
2.05 1 0.1 162755 0 0 0
2.05 1 1 162755 0 0 0
2.05 0.01 0.001 403.43 0.00116182 0.00115587 0.00116779
2.05 0.01 0.01 403.43 0.000194857 0.000192919 0.000196812
2.05 0.01 0.1 403.43 6.28561e-06 6.04027e-06 6.5393e-06
2.05 0.01 1 403.43 6.06197e-08 4.40202e-08 7.69443e-08
2.05 0.1 0.001 403.43 0.0114529 0.0113942 0.0115105
2.05 0.1 0.01 403.43 0.00193761 0.00191898 0.00195655
2.05 0.1 0.1 403.43 6.27799e-05 6.03263e-05 6.52389e-05
2.05 0.1 1 403.43 6.06197e-07 4.41157e-07 7.67896e-07
2.05 1 0.001 403.43 0.105091 0.104561 0.105599
2.05 1 0.01 403.43 0.0187133 0.0185307 0.0188967
2.05 1 0.1 403.43 0.000623089 0.000598192 0.000648059
2.05 1 1 403.43 6.06197e-06 4.43016e-06 7.6772e-06
2.05 0.01 0.001 1096.63 0.000665478 0.000661339 0.00066967
2.05 0.01 0.01 1096.63 4.06433e-05 3.99511e-05 4.13395e-05
2.05 0.01 0.1 1096.63 2.50335e-07 2.11415e-07 2.88652e-07
2.05 0.01 1 1096.63 3.78851e-12 1.88209e-12 5.71017e-12
2.05 0.1 0.001 1096.63 0.00656187 0.00652053 0.00660264
2.05 0.1 0.01 1096.63 0.000404271 0.000397475 0.000411159
2.05 0.1 0.1 1096.63 2.50305e-06 2.11031e-06 2.88982e-06
2.05 0.1 1 1096.63 3.78851e-11 1.89183e-11 5.68552e-11
2.05 1 0.001 1096.63 0.0602868 0.0599255 0.0606513
2.05 1 0.01 1096.63 0.00391134 0.00384688 0.00397633
2.05 1 0.1 1096.63 2.50111e-05 2.12058e-05 2.89077e-05
2.05 1 1 1096.63 3.78851e-10 1.88382e-10 5.69301e-10
2.05 0.01 0.001 2980.96 0.000173485 0.000171613 0.000175354
2.05 0.01 0.01 2980.96 2.05518e-06 1.93004e-06 2.17843e-06
2.05 0.01 0.1 2980.96 4.36681e-09 2.61392e-09 6.18925e-09
2.05 0.01 1 2980.96 6.87303e-23 1.70792e-25 1.37287e-22
2.05 0.1 0.001 2980.96 0.00171194 0.00169368 0.00173017
2.05 0.1 0.01 2980.96 2.04463e-05 1.91944e-05 2.17241e-05
2.05 0.1 0.1 2980.96 4.36681e-08 2.59197e-08 6.04997e-08
2.05 0.1 1 2980.96 6.87303e-22 1.70792e-24 1.37287e-21
2.05 1 0.001 2980.96 0.0158026 0.0156396 0.0159639
2.05 1 0.01 2980.96 0.000198026 0.000186099 0.000209582
2.05 1 0.1 2980.96 4.3668e-07 2.62885e-07 6.11775e-07
2.05 1 1 2980.96 6.87303e-21 1.70784e-23 1.37287e-20
2.05 0.01 0.001 8103.08 7.50267e-06 7.13625e-06 7.86865e-06
2.05 0.01 0.01 8103.08 5.60663e-08 4.05393e-08 7.14968e-08
2.05 0.01 0.1 8103.08 1.70681e-14 6.71566e-15 3.00544e-14
2.05 0.01 1 8103.08 3.95532e-74 7.11411e-76 7.83949e-74
2.05 0.1 0.001 8103.08 7.40431e-05 7.0439e-05 7.75774e-05
2.05 0.1 0.01 8103.08 5.58723e-07 4.0406e-07 7.09568e-07
2.05 0.1 0.1 8103.08 1.70681e-13 6.7157e-14 3.0164e-13
2.05 0.1 1 8103.08 3.95532e-73 7.11411e-75 7.83949e-73
2.05 1 0.001 8103.08 0.000685194 0.000653283 0.00071554
2.05 1 0.01 8103.08 5.46509e-06 3.90365e-06 6.99715e-06
2.05 1 0.1 8103.08 1.70681e-12 6.71564e-13 3.00545e-12
2.05 1 1 8103.08 3.95532e-72 7.11411e-74 7.83949e-72
