2.05 0.01 1 0 0 0 0
2.05 0.01 2.71828 0 0.00764282 0.0069473 0.0084319
2.05 0.01 7.38906 0 0.0155242 0.0138542 0.0172809
2.05 0.01 20.0855 0 0.026237 0.0235665 0.0289487
2.05 0.01 54.5982 0 0.0411951 0.0373687 0.0450057
2.05 0.01 148.413 0 0.051725 0.0469694 0.0564389
2.05 0.01 403.429 0 0.051725 0.0471347 0.0564571
2.05 0.01 1096.63 0 0.051725 0.0470895 0.0564187
2.05 0.01 2980.96 0 0.051725 0.0471859 0.0564202
2.05 0.01 8103.08 0 0.051725 0.0470272 0.0563431
2.05 0.01 22026.5 0 0.051725 0.0470377 0.056339
2.05 0.01 59874.1 0 0.051725 0.0469532 0.0562697
2.05 0.01 162755 0 0.051725 0.0470807 0.0564866
2.05 0.01 442413 0 0.051725 0.0470732 0.0562546
2.05 0.01 1.2026e+06 0 0.051725 0.0470379 0.0564055
