0 0
1 0.49
2 0.09
3 0.03
4 0.01
5 0.01
6 0.01
7 0.01
8 0.01
9 0.01
10 7.44015e-46
11 3.72008e-46
12 0.01
13 0.02
14 0.01
15 2.76779e-89
16 0.01
17 0.03
18 7.44015e-46
19 2.76779e-89
20 1.3839e-89
21 3.72008e-46
22 7.44015e-46
23 3.72008e-46
24 0.02
25 7.44015e-46
26 0.01
27 2.6504e-263
28 5.1482e-133
29 1.02964e-132
30 1.02964e-132
31 0.01
32 3.72008e-46
33 3.72008e-46
34 7.12458e-220
35 7.44015e-46
36 0.01
37 0.01
38 3.72008e-46
39 0.01
40 0.01
41 0.01
42 3.72008e-46
43 0.01
44 3.72008e-46
45 3.72008e-46
46 1.3839e-89
47 5.1482e-133
48 3.72008e-46
49 1.3839e-89
50 0
51 1.3839e-89
52 1.3839e-89
53 1.3839e-89
54 1.91517e-176
55 7.12458e-220
56 5.1482e-133
57 0.01
58 3.72008e-46
59 2.6504e-263
60 5.1482e-133
61 1.91517e-176
62 1.3839e-89
63 0.01
64 3.72008e-46
65 1.91517e-176
66 1.42492e-219
67 3.72008e-46
68 2.76779e-89
69 1.97194e-306
70 1.91517e-176
71 0
72 9.85968e-307
73 0
74 5.1482e-133
75 0
76 0
77 0
78 0.01
79 3.72008e-46
80 7.12458e-220
81 1.3839e-89
82 9.85968e-307
83 0
84 0
85 1.91517e-176
86 5.1482e-133
87 0
88 1.91517e-176
89 1.91517e-176
90 0
91 2.6504e-263
92 0
93 3.72008e-46
94 5.1482e-133
95 5.1482e-133
96 1.91517e-176
97 0
98 0
99 0
