0 -0.93950818305034 -0.973708070466542 -0.905310854356823
0.993251773010283 -1.08629644102551 -1.12238621652749 -1.05020962880258
2.00012773496011 -1.50779780893491 -1.54927533573066 -1.46632028213915
3.00022217882684 -2.52569114501136 -2.58329523485799 -2.46808705516473
4.00003388275086 -4.88092632262418 -5.01283312606767 -4.7490195191807
4.99997871390773 -8.48464855994051 -9.36204382458604 -7.60725281130536
6.00000299062804 -12.144462156899 -15.692085771442 -8.59685358634082
6.9999971198819 -17.2434575413691 -22.1915062880375 -12.2954087947008
8.00000067527204 -55.856238595056 -69.0417764334128 -42.6707043798482
8.99999951529857 -318.955137888774 -324.774978911321 -313.135283607056
