0 -5.64189841097561 -5.65124790097465 -5.63250421665557
0.993251773010283 -5.66849448453063 -5.67767330488127 -5.6591695946307
2.00012773496011 -5.6707123685356 -5.67983843485947 -5.66109374357332
3.00022217882684 -5.6698420237371 -5.6792732935225 -5.66059368321079
4.00003388275086 -5.66604459112079 -5.67523583496383 -5.65657928334805
4.99997871390773 -5.68262488338551 -5.69231448415008 -5.67356951748861
6.00000299062804 -5.71478477863913 -5.72425664738855 -5.70532967094734
6.9999971198819 -5.83253786200117 -5.84247229196289 -5.82281604190138
8.00000067527204 -6.14549723389669 -6.15640523021465 -6.13463770105529
8.99999951529857 -6.99740321956199 -7.01206301567293 -6.98275149165854
9.99997885272489 -9.18922488137211 -9.22767678288555 -9.15276982085425
10.9999976331124 -13.4661855588151 -13.6215733909981 -13.3340540144382
12.0000012815651 -16.3305008156802 -17.5532399780357 -15.7965992806374
