c alpha coal mu x0 hom homLow homHigh
250 0.25 0.01 0.001 0 0.000269245 0.000266009 0.00027259
250 0.25 0.01 0.01 0 0.000263489 0.000260197 0.000266766
250 0.25 0.01 0.1 0 0.000215638 0.000213018 0.000218269
250 0.25 0.01 1 0 3.33991e-05 3.29846e-05 3.38131e-05
250 0.25 0.1 0.001 0 0.00268726 0.00265436 0.00272013
250 0.25 0.1 0.01 0 0.00262993 0.00259716 0.0026629
250 0.25 0.1 0.1 0 0.0021531 0.00212679 0.0021791
250 0.25 0.1 1 0 0.000333915 0.000329744 0.000338014
250 0.25 1 0.001 0 0.0265515 0.0262346 0.0268766
250 0.25 1 0.01 0 0.0259918 0.0256681 0.0263065
250 0.25 1 0.1 0 0.0213272 0.0210711 0.0215899
250 0.25 1 1 0 0.00333439 0.00329175 0.00337529
250 0.25 0.01 0.001 1 0.000161334 0.000158763 0.000163899
250 0.25 0.01 0.01 1 0.000157515 0.000154971 0.000160021
250 0.25 0.01 0.1 1 0.000127618 0.000125585 0.000129657
250 0.25 0.01 1 1 1.90285e-05 1.87105e-05 1.93527e-05
250 0.25 0.1 0.001 1 0.00161073 0.00158584 0.0016363
250 0.25 0.1 0.01 1 0.00157264 0.00154762 0.00159766
250 0.25 0.1 0.1 1 0.00127448 0.00125464 0.00129509
250 0.25 0.1 1 1 0.000190245 0.000187052 0.000193427
250 0.25 1 0.001 1 0.0159426 0.0156925 0.01619
250 0.25 1 0.01 1 0.0155682 0.0153216 0.0158111
250 0.25 1 0.1 1 0.0126381 0.0124463 0.0128365
250 0.25 1 1 1 0.00189994 0.00186874 0.0019312
250 0.25 0.01 0.001 2.7 0.000105119 0.000102997 0.000107214
250 0.25 0.01 0.01 2.7 0.00010239 0.000100334 0.000104388
250 0.25 0.01 0.1 2.7 8.1435e-05 7.98123e-05 8.30431e-05
250 0.25 0.01 1 2.7 1.14697e-05 1.12294e-05 1.17106e-05
250 0.25 0.1 0.001 2.7 0.00104838 0.00102764 0.00106949
250 0.25 0.1 0.01 2.7 0.00102124 0.00100069 0.00104109
250 0.25 0.1 0.1 2.7 0.000812688 0.000796402 0.000828745
250 0.25 0.1 1 2.7 0.000114665 0.000112211 0.000117127
250 0.25 1 0.001 2.7 0.0103153 0.0101171 0.0105166
250 0.25 1 0.01 2.7 0.0100525 0.00985998 0.0102595
250 0.25 1 0.1 2.7 0.0080263 0.00786811 0.00818484
250 0.25 1 1 2.7 0.00114466 0.00112061 0.00116918
250 0.25 0.01 0.001 54.6 1.6513e-05 1.56838e-05 1.7324e-05
250 0.25 0.01 0.01 54.6 1.55993e-05 1.48169e-05 1.6418e-05
250 0.25 0.01 0.1 54.6 1.10753e-05 1.04918e-05 1.16534e-05
250 0.25 0.01 1 54.6 1.10793e-06 1.03264e-06 1.183e-06
250 0.25 0.1 0.001 54.6 0.000164728 0.000156573 0.000172899
250 0.25 0.1 0.01 54.6 0.000155615 0.000147721 0.000163401
250 0.25 0.1 0.1 54.6 0.000110538 0.000105044 0.00011647
250 0.25 0.1 1 54.6 1.10749e-05 1.03172e-05 1.18155e-05
250 0.25 1 0.001 54.6 0.00162323 0.0015414 0.00170277
250 0.25 1 0.01 54.6 0.0015335 0.00145655 0.00160753
250 0.25 1 0.1 54.6 0.00109207 0.0010372 0.00114651
250 0.25 1 1 54.6 0.000110467 0.000103098 0.000117859
250 0.25 0.01 0.001 7.39 6.0445e-05 5.88335e-05 6.2013e-05
250 0.25 0.01 0.01 7.39 5.84726e-05 5.69324e-05 6.00183e-05
250 0.25 0.01 0.1 7.39 4.54732e-05 4.42656e-05 4.66694e-05
250 0.25 0.01 1 7.39 5.91448e-06 5.74233e-06 6.08572e-06
250 0.25 0.1 0.001 7.39 0.000603222 0.000587568 0.000618745
250 0.25 0.1 0.01 7.39 0.000583559 0.000568266 0.000598821
250 0.25 0.1 0.1 7.39 0.00045398 0.000442084 0.000465806
250 0.25 0.1 1 7.39 5.91287e-05 5.73707e-05 6.09296e-05
250 0.25 1 0.001 7.39 0.00595481 0.00579998 0.00610676
250 0.25 1 0.01 7.39 0.00576207 0.00561104 0.00590879
250 0.25 1 0.1 7.39 0.0044924 0.00437584 0.00460782
250 0.25 1 1 7.39 0.000590269 0.000573029 0.00060759
250 0.25 0.01 0.001 20.09 3.24762e-05 3.13113e-05 3.36309e-05
250 0.25 0.01 0.01 20.09 3.12614e-05 3.01618e-05 3.23778e-05
250 0.25 0.01 0.1 20.09 2.36192e-05 2.27627e-05 2.44796e-05
250 0.25 0.01 1 20.09 2.72566e-06 2.61148e-06 2.84333e-06
250 0.25 0.1 0.001 20.09 0.000323936 0.000312358 0.000335444
250 0.25 0.1 0.01 20.09 0.000311835 0.00030044 0.000323129
250 0.25 0.1 0.1 20.09 0.000235683 0.00022709 0.000244213
250 0.25 0.1 1 20.09 2.72456e-05 2.60949e-05 2.84447e-05
250 0.25 1 0.001 20.09 0.00318731 0.00307392 0.00329979
250 0.25 1 0.01 20.09 0.00306923 0.00295733 0.00317964
250 0.25 1 0.1 20.09 0.00232474 0.00223893 0.00240833
250 0.25 1 1 20.09 0.000271764 0.000260076 0.000283794
250 0.25 0.01 0.001 22026 5.2263e-07 3.8439e-07 6.60659e-07
250 0.25 0.01 0.01 22026 2.09171e-07 1.1868e-07 2.97214e-07
250 0.25 0.01 0.1 22026 3.97972e-08 1.96686e-08 5.99258e-08
250 0.25 0.01 1 22026 1.84943e-12 3.33436e-14 3.66543e-12
250 0.25 0.1 0.001 22026 5.19296e-06 3.83484e-06 6.53913e-06
250 0.25 0.1 0.01 22026 2.06436e-06 1.19261e-06 2.94309e-06
250 0.25 0.1 0.1 22026 3.94195e-07 1.9291e-07 5.95547e-07
250 0.25 0.1 1 22026 1.84943e-11 3.33436e-13 3.66543e-11
250 0.25 1 0.001 22026 4.98285e-05 3.73013e-05 6.24826e-05
250 0.25 1 0.01 22026 1.89199e-05 1.12742e-05 2.64899e-05
250 0.25 1 0.1 22026 3.70397e-06 1.69078e-06 5.67641e-06
250 0.25 1 1 22026 1.84943e-10 3.33436e-12 3.66542e-10
250 0.25 0.01 0.001 59874 4.30309e-07 3.82229e-07 4.78098e-07
250 0.25 0.01 0.01 59874 1.34455e-07 1.07136e-07 1.61912e-07
250 0.25 0.01 0.1 59874 3.27158e-08 2.20154e-08 4.34162e-08
250 0.25 0.01 1 59874 1.10541e-09 2.00426e-11 2.18803e-09
250 0.25 0.1 0.001 59874 4.30211e-06 3.81805e-06 4.7854e-06
250 0.25 0.1 0.01 59874 1.34455e-06 1.06708e-06 1.62205e-06
250 0.25 0.1 0.1 59874 3.27158e-07 2.19388e-07 4.28912e-07
250 0.25 0.1 1 59874 1.10541e-08 2.00408e-10 2.18819e-08
250 0.25 1 0.001 59874 4.29595e-05 3.81852e-05 4.78813e-05
250 0.25 1 0.01 59874 1.34455e-05 1.06537e-05 1.6214e-05
250 0.25 1 0.1 59874 3.27158e-06 2.23718e-06 4.32925e-06
250 0.25 1 1 59874 1.10541e-07 2.00541e-09 2.18813e-07
250 0.25 0.01 0.001 148.41 8.24669e-06 7.65454e-06 8.82851e-06
250 0.25 0.01 0.01 148.41 7.61355e-06 7.06479e-06 8.14772e-06
250 0.25 0.01 0.1 148.41 5.17498e-06 4.79654e-06 5.56008e-06
250 0.25 0.01 1 148.41 4.36339e-07 3.8896e-07 4.82859e-07
250 0.25 0.1 0.001 148.41 8.23654e-05 7.65143e-05 8.8026e-05
250 0.25 0.1 0.01 148.41 7.60398e-05 7.05308e-05 8.1533e-05
250 0.25 0.1 0.1 148.41 5.16964e-05 4.77755e-05 5.54759e-05
250 0.25 0.1 1 148.41 4.36274e-06 3.88772e-06 4.82717e-06
250 0.25 1 0.001 148.41 0.000817253 0.000760828 0.000872884
250 0.25 1 0.01 148.41 0.000754369 0.000701457 0.000807709
250 0.25 1 0.1 148.41 0.000513594 0.000476035 0.000551281
250 0.25 1 1 148.41 4.35866e-05 3.89181e-05 4.81406e-05
250 0.25 0.01 0.001 162755 4.61196e-07 4.12189e-07 5.10164e-07
250 0.25 0.01 0.01 162755 8.45247e-08 6.10155e-08 1.077e-07
250 0.25 0.01 0.1 162755 1.45889e-08 6.04072e-09 2.29611e-08
250 0.25 0.01 1 162755 2.24946e-11 6.68521e-15 4.49816e-11
250 0.25 0.1 0.001 162755 4.59688e-06 4.10869e-06 5.09161e-06
250 0.25 0.1 0.01 162755 8.38939e-07 6.02262e-07 1.07129e-06
250 0.25 0.1 0.1 162755 1.42825e-07 5.93724e-08 2.21313e-07
250 0.25 0.1 1 162755 2.22659e-10 6.68521e-14 4.45242e-10
250 0.25 1 0.001 162755 4.50188e-05 4.03273e-05 4.97943e-05
250 0.25 1 0.01 162755 7.99192e-06 5.83269e-06 1.00778e-05
250 0.25 1 0.1 162755 1.23524e-06 5.76396e-07 1.86807e-06
250 0.25 1 1 162755 2.08249e-09 6.68551e-13 4.16422e-09
250 0.25 0.01 0.001 403.43 4.94556e-06 4.48963e-06 5.39135e-06
250 0.25 0.01 0.01 403.43 4.28729e-06 3.86792e-06 4.69157e-06
250 0.25 0.01 0.1 403.43 2.56284e-06 2.30765e-06 2.83161e-06
250 0.25 0.01 1 403.43 1.49586e-07 1.23002e-07 1.75763e-07
250 0.25 0.1 0.001 403.43 4.92865e-05 4.46393e-05 5.36837e-05
250 0.25 0.1 0.01 403.43 4.27148e-05 3.85651e-05 4.67468e-05
250 0.25 0.1 0.1 403.43 2.55452e-05 2.29494e-05 2.81433e-05
250 0.25 0.1 1 403.43 1.49552e-06 1.24132e-06 1.75608e-06
250 0.25 1 0.001 403.43 0.000482207 0.00043946 0.000524281
250 0.25 1 0.01 403.43 0.00041719 0.000377817 0.000457128
250 0.25 1 0.1 403.43 0.000250207 0.000224742 0.00027566
250 0.25 1 1 403.43 1.49339e-05 1.23043e-05 1.75703e-05
250 0.25 0.01 0.001 1096.63 1.79628e-06 1.5285e-06 2.0674e-06
250 0.25 0.01 0.01 1096.63 1.34646e-06 1.10909e-06 1.58954e-06
250 0.25 0.01 0.1 1096.63 7.71298e-07 6.18949e-07 9.21601e-07
250 0.25 0.01 1 1096.63 5.31197e-08 3.64707e-08 6.94636e-08
250 0.25 0.1 0.001 1096.63 1.78467e-05 1.52175e-05 2.04796e-05
250 0.25 0.1 0.01 1096.63 1.33695e-05 1.10336e-05 1.57744e-05
250 0.25 0.1 0.1 1096.63 7.66116e-06 6.1797e-06 9.13209e-06
250 0.25 0.1 1 1096.63 5.30488e-07 3.61484e-07 6.9345e-07
250 0.25 1 0.001 1096.63 0.00017115 0.000145827 0.000196376
250 0.25 1 0.01 1096.63 0.000127703 0.000105418 0.000149865
250 0.25 1 0.1 1096.63 7.33462e-05 5.97375e-05 8.7156e-05
250 0.25 1 1 1096.63 5.26021e-06 3.59956e-06 6.87791e-06
250 0.25 0.01 0.001 2980.96 1.27073e-06 1.05428e-06 1.48662e-06
250 0.25 0.01 0.01 2980.96 9.47232e-07 7.55606e-07 1.13228e-06
250 0.25 0.01 0.1 2980.96 4.58932e-07 3.56071e-07 5.59906e-07
250 0.25 0.01 1 2980.96 2.48386e-08 1.38724e-08 3.55661e-08
250 0.25 0.1 0.001 2980.96 1.26737e-05 1.04632e-05 1.48134e-05
250 0.25 0.1 0.01 2980.96 9.44269e-06 7.51069e-06 1.13517e-05
250 0.25 0.1 0.1 2980.96 4.58092e-06 3.5722e-06 5.60458e-06
250 0.25 0.1 1 2980.96 2.48386e-07 1.39126e-07 3.55642e-07
250 0.25 1 0.001 2980.96 0.000124619 0.00010346 0.000145948
250 0.25 1 0.01 2980.96 9.25596e-05 7.43775e-05 0.00011101
250 0.25 1 0.1 2980.96 4.52795e-05 3.48379e-05 5.54213e-05
250 0.25 1 1 2980.96 2.48385e-06 1.38969e-06 3.56514e-06
250 0.25 0.01 0.001 8103.08 8.60632e-07 6.9189e-07 1.03218e-06
250 0.25 0.01 0.01 8103.08 4.96215e-07 3.76402e-07 6.22148e-07
250 0.25 0.01 0.1 8103.08 1.71246e-07 1.14302e-07 2.2759e-07
250 0.25 0.01 1 8103.08 1.53262e-09 7.59987e-10 2.30532e-09
250 0.25 0.1 0.001 8103.08 8.60632e-06 6.93318e-06 1.03154e-05
250 0.25 0.1 0.01 8103.08 4.96215e-06 3.71237e-06 6.2197e-06
250 0.25 0.1 0.1 8103.08 1.71246e-06 1.12701e-06 2.27937e-06
250 0.25 0.1 1 8103.08 1.53262e-08 7.59742e-09 2.31864e-08
250 0.25 1 0.001 8103.08 8.60632e-05 6.9167e-05 0.000103216
250 0.25 1 0.01 8103.08 4.96215e-05 3.70283e-05 6.21262e-05
250 0.25 1 0.1 8103.08 1.71246e-05 1.14727e-05 2.28561e-05
250 0.25 1 1 8103.08 1.53262e-07 7.59529e-08 2.30547e-07
250 0.5 0.01 0.001 0 4.08e-05 3.95118e-05 4.20796e-05
250 0.5 0.01 0.01 0 3.82379e-05 3.70253e-05 3.94628e-05
250 0.5 0.01 0.1 0 2.71416e-05 2.62365e-05 2.80334e-05
250 0.5 0.01 1 0 3.26598e-06 3.134e-06 3.39609e-06
250 0.5 0.1 0.001 0 0.000407839 0.000395103 0.000420327
250 0.5 0.1 0.01 0 0.000382247 0.000370424 0.000394313
250 0.5 0.1 0.1 0 0.000271335 0.000262514 0.000280346
250 0.5 0.1 1 0 3.26583e-05 3.13521e-05 3.39542e-05
250 0.5 1 0.001 0 0.00406958 0.00394143 0.00419629
250 0.5 1 0.01 0 0.00381537 0.00369802 0.00393527
250 0.5 1 0.1 0 0.00270897 0.00261883 0.00279826
250 0.5 1 1 0 0.000326498 0.000313445 0.000339623
250 0.5 0.01 0.001 1 4.05101e-05 3.92665e-05 4.1749e-05
250 0.5 0.01 0.01 1 3.80161e-05 3.68352e-05 3.92284e-05
250 0.5 0.01 0.1 1 2.71595e-05 2.62672e-05 2.80909e-05
250 0.5 0.01 1 1 3.43772e-06 3.30552e-06 3.56868e-06
250 0.5 0.1 0.001 1 0.000405033 0.00039244 0.000417505
250 0.5 0.1 0.01 1 0.000380096 0.000368032 0.000392205
250 0.5 0.1 0.1 1 0.000271549 0.000262457 0.000280422
250 0.5 0.1 1 1 3.4376e-05 3.30365e-05 3.57252e-05
250 0.5 1 0.001 1 0.00404606 0.00392287 0.00417006
250 0.5 1 0.01 1 0.00379683 0.00367713 0.00391398
250 0.5 1 0.1 1 0.00271261 0.00262313 0.00280377
250 0.5 1 1 1 0.000343681 0.00033021 0.000356874
250 0.5 0.01 0.001 2.7 4.24227e-05 4.11308e-05 4.37419e-05
250 0.5 0.01 0.01 2.7 4.00635e-05 3.88158e-05 4.13006e-05
250 0.5 0.01 0.1 2.7 2.86617e-05 2.77416e-05 2.96086e-05
250 0.5 0.01 1 2.7 3.58872e-06 3.45104e-06 3.7264e-06
250 0.5 0.1 0.001 2.7 0.000424058 0.000411049 0.000436782
250 0.5 0.1 0.01 2.7 0.000400475 0.000387902 0.000412777
250 0.5 0.1 0.1 2.7 0.000286523 0.000277427 0.000295909
250 0.5 0.1 1 2.7 3.58854e-05 3.44989e-05 3.72748e-05
250 0.5 1 0.001 2.7 0.0042299 0.00410115 0.0043612
250 0.5 1 0.01 2.7 0.00399467 0.00387425 0.00412008
250 0.5 1 0.1 2.7 0.0028593 0.00276679 0.0029489
250 0.5 1 1 2.7 0.000358735 0.000345324 0.000372238
250 0.5 0.01 0.001 54.6 2.69432e-05 2.59125e-05 2.79649e-05
250 0.5 0.01 0.01 54.6 2.50576e-05 2.4095e-05 2.60252e-05
250 0.5 0.01 0.1 54.6 1.71968e-05 1.6494e-05 1.7899e-05
250 0.5 0.01 1 54.6 1.89822e-06 1.80189e-06 1.99591e-06
250 0.5 0.1 0.001 54.6 0.000269331 0.000259183 0.000279548
250 0.5 0.1 0.01 54.6 0.00025049 0.000240682 0.000260117
250 0.5 0.1 0.1 54.6 0.000171943 0.000164684 0.000178866
250 0.5 0.1 1 54.6 1.89821e-05 1.79937e-05 1.99486e-05
250 0.5 1 0.001 54.6 0.00268698 0.00258632 0.00278859
250 0.5 1 0.01 54.6 0.00249946 0.00240148 0.00259558
250 0.5 1 0.1 54.6 0.0017178 0.00164813 0.00178876
250 0.5 1 1 54.6 0.000189815 0.000180189 0.000199674
250 0.5 0.01 0.001 7.39 4.06426e-05 3.93905e-05 4.19023e-05
250 0.5 0.01 0.01 7.39 3.82374e-05 3.70285e-05 3.94547e-05
250 0.5 0.01 0.1 7.39 2.74713e-05 2.65637e-05 2.83686e-05
250 0.5 0.01 1 7.39 3.44837e-06 3.31341e-06 3.57795e-06
250 0.5 0.1 0.001 7.39 0.000406324 0.000393813 0.000418725
250 0.5 0.1 0.01 7.39 0.000382278 0.000370421 0.000394316
250 0.5 0.1 0.1 7.39 0.000274656 0.000265537 0.000283713
250 0.5 0.1 1 7.39 3.44829e-05 3.31438e-05 3.58403e-05
250 0.5 1 0.001 7.39 0.00405684 0.00392991 0.00418218
250 0.5 1 0.01 7.39 0.00381671 0.00369678 0.00393444
250 0.5 1 0.1 7.39 0.00274298 0.00265277 0.00283209
250 0.5 1 1 7.39 0.000344784 0.000331484 0.000358342
250 0.5 0.01 0.001 20.09 3.63176e-05 3.51368e-05 3.7532e-05
250 0.5 0.01 0.01 20.09 3.38836e-05 3.27484e-05 3.49902e-05
250 0.5 0.01 0.1 20.09 2.36949e-05 2.28294e-05 2.45436e-05
250 0.5 0.01 1 20.09 2.80913e-06 2.68937e-06 2.92794e-06
250 0.5 0.1 0.001 20.09 0.000362974 0.000350936 0.000374929
250 0.5 0.1 0.01 20.09 0.00033868 0.000327146 0.000350092
250 0.5 0.1 0.1 20.09 0.000236874 0.000228695 0.000245278
250 0.5 0.1 1 20.09 2.80905e-05 2.6876e-05 2.92754e-05
250 0.5 1 0.001 20.09 0.00361707 0.00349907 0.00373618
250 0.5 1 0.01 20.09 0.00337692 0.00326396 0.00349026
250 0.5 1 0.1 20.09 0.00236401 0.00228184 0.00244595
250 0.5 1 1 20.09 0.000280855 0.000268841 0.000292804
250 0.5 0.01 0.001 22026 2.18241e-06 1.90675e-06 2.45799e-06
250 0.5 0.01 0.01 22026 1.11288e-06 9.45923e-07 1.28026e-06
250 0.5 0.01 0.1 22026 1.16193e-07 7.86799e-08 1.53476e-07
250 0.5 0.01 1 22026 1.14668e-10 1.36976e-11 2.13847e-10
250 0.5 0.1 0.001 22026 2.18241e-05 1.91586e-05 2.46176e-05
250 0.5 0.1 0.01 22026 1.11288e-05 9.49967e-06 1.28038e-05
250 0.5 0.1 0.1 22026 1.16193e-06 7.82188e-07 1.52701e-06
250 0.5 0.1 1 22026 1.14668e-09 1.36734e-10 2.1379e-09
250 0.5 1 0.001 22026 0.000218241 0.000190209 0.000246145
250 0.5 1 0.01 22026 0.000111288 9.4925e-05 0.000127777
250 0.5 1 0.1 22026 1.16193e-05 7.80901e-06 1.5408e-05
250 0.5 1 1 22026 1.14668e-08 1.36976e-09 2.13606e-08
250 0.5 0.01 0.001 59874 1.04498e-06 9.63261e-07 1.12538e-06
250 0.5 0.01 0.01 59874 3.7508e-07 3.32497e-07 4.19158e-07
250 0.5 0.01 0.1 59874 2.47948e-08 1.85038e-08 3.11178e-08
250 0.5 0.01 1 59874 1.06304e-13 4.96372e-14 1.63354e-13
250 0.5 0.1 0.001 59874 1.044e-05 9.64934e-06 1.12568e-05
250 0.5 0.1 0.01 59874 3.74499e-06 3.31557e-06 4.17681e-06
250 0.5 0.1 0.1 59874 2.46571e-07 1.85527e-07 3.08614e-07
250 0.5 0.1 1 59874 1.06227e-12 4.95922e-13 1.63557e-12
250 0.5 1 0.001 59874 0.000103781 9.60542e-05 0.000112133
250 0.5 1 0.01 59874 3.70837e-05 3.28383e-05 4.1195e-05
250 0.5 1 0.1 59874 2.37899e-06 1.79875e-06 2.95924e-06
250 0.5 1 1 59874 1.05744e-11 4.95568e-12 1.62148e-11
250 0.5 0.01 0.001 148.41 1.85214e-05 1.76568e-05 1.93418e-05
250 0.5 0.01 0.01 148.41 1.67388e-05 1.59386e-05 1.75319e-05
250 0.5 0.01 0.1 148.41 1.00894e-05 9.566e-06 1.06093e-05
250 0.5 0.01 1 148.41 8.49622e-07 7.84069e-07 9.14619e-07
250 0.5 0.1 0.001 148.41 0.000185146 0.000176699 0.000193789
250 0.5 0.1 0.01 148.41 0.000167325 0.000159515 0.000175054
250 0.5 0.1 0.1 148.41 0.000100866 9.57895e-05 0.000105933
250 0.5 0.1 1 148.41 8.49621e-06 7.86393e-06 9.16034e-06
250 0.5 1 0.001 148.41 0.0018472 0.00176317 0.00192988
250 0.5 1 0.01 148.41 0.00166933 0.00159215 0.00174847
250 0.5 1 0.1 148.41 0.0010069 0.000954727 0.0010569
250 0.5 1 1 148.41 8.49613e-05 7.84266e-05 9.14326e-05
250 0.5 0.01 0.001 162755 7.55878e-07 6.90648e-07 8.20278e-07
250 0.5 0.01 0.01 162755 1.9481e-07 1.66076e-07 2.22575e-07
250 0.5 0.01 0.1 162755 8.29457e-09 4.58639e-09 1.21238e-08
250 0.5 0.01 1 162755 3.64118e-13 9.02519e-16 7.27318e-13
250 0.5 0.1 0.001 162755 7.55878e-06 6.90272e-06 8.20036e-06
250 0.5 0.1 0.01 162755 1.9481e-06 1.66603e-06 2.23178e-06
250 0.5 0.1 0.1 162755 8.29457e-08 4.66465e-08 1.1994e-07
250 0.5 0.1 1 162755 3.64118e-12 9.02513e-15 7.27318e-12
250 0.5 1 0.001 162755 7.55878e-05 6.90883e-05 8.21697e-05
250 0.5 1 0.01 162755 1.9481e-05 1.66481e-05 2.22584e-05
250 0.5 1 0.1 162755 8.29457e-07 4.63845e-07 1.19692e-06
250 0.5 1 1 162755 3.64118e-11 9.02519e-14 7.27318e-11
250 0.5 0.01 0.001 403.43 1.24175e-05 1.17152e-05 1.31192e-05
250 0.5 0.01 0.01 403.43 1.08371e-05 1.0223e-05 1.14581e-05
250 0.5 0.01 0.1 403.43 5.51812e-06 5.14888e-06 5.87921e-06
250 0.5 0.01 1 403.43 3.07559e-07 2.70306e-07 3.45336e-07
250 0.5 0.1 0.001 403.43 0.000124108 0.00011712 0.000130928
250 0.5 0.1 0.01 403.43 0.000108313 0.000102131 0.00011448
250 0.5 0.1 0.1 403.43 5.51649e-05 5.14314e-05 5.87954e-05
250 0.5 0.1 1 403.43 3.07559e-06 2.69248e-06 3.44625e-06
250 0.5 1 0.001 403.43 0.00123686 0.00116638 0.00130735
250 0.5 1 0.01 403.43 0.00107946 0.00101714 0.00113874
250 0.5 1 0.1 403.43 0.000550621 0.000514595 0.000586858
250 0.5 1 1 403.43 3.07558e-05 2.69299e-05 3.45088e-05
250 0.5 0.01 0.001 1096.63 6.7072e-06 6.20981e-06 7.21834e-06
250 0.5 0.01 0.01 1096.63 5.52814e-06 5.08486e-06 5.96923e-06
250 0.5 0.01 0.1 1096.63 2.44065e-06 2.2032e-06 2.66949e-06
250 0.5 0.01 1 1096.63 1.26683e-07 1.01449e-07 1.51447e-07
250 0.5 0.1 0.001 1096.63 6.7072e-05 6.20757e-05 7.21111e-05
250 0.5 0.1 0.01 1096.63 5.52814e-05 5.08278e-05 5.97409e-05
250 0.5 0.1 0.1 1096.63 2.44065e-05 2.20895e-05 2.68268e-05
250 0.5 0.1 1 1096.63 1.26683e-06 1.02105e-06 1.51888e-06
250 0.5 1 0.001 1096.63 0.00067072 0.000618703 0.000721117
250 0.5 1 0.01 1096.63 0.000552814 0.000509396 0.000595622
250 0.5 1 0.1 1096.63 0.000244065 0.00022053 0.000266728
250 0.5 1 1 1096.63 1.26683e-05 1.01747e-05 1.51464e-05
250 0.5 0.01 0.001 2980.96 5.28655e-06 4.83948e-06 5.73152e-06
250 0.5 0.01 0.01 2980.96 3.84678e-06 3.4946e-06 4.19562e-06
250 0.5 0.01 0.1 2980.96 9.87006e-07 8.50979e-07 1.11973e-06
250 0.5 0.01 1 2980.96 2.00107e-08 1.02099e-08 2.95789e-08
250 0.5 0.1 0.001 2980.96 5.28317e-05 4.83672e-05 5.72901e-05
250 0.5 0.1 0.01 2980.96 3.84363e-05 3.48727e-05 4.18468e-05
250 0.5 0.1 0.1 2980.96 9.85475e-06 8.53231e-06 1.11777e-05
250 0.5 0.1 1 2980.96 2.00095e-07 9.99698e-08 3.00041e-07
250 0.5 1 0.001 2980.96 0.000526186 0.000482444 0.000570073
250 0.5 1 0.01 2980.96 0.00038238 0.000347004 0.000416842
250 0.5 1 0.1 2980.96 9.75824e-05 8.42581e-05 0.000110655
250 0.5 1 1 2980.96 2.00023e-06 1.01205e-06 2.97806e-06
250 0.5 0.01 0.001 8103.08 2.93339e-06 2.60198e-06 3.27251e-06
250 0.5 0.01 0.01 8103.08 1.94197e-06 1.69285e-06 2.18808e-06
250 0.5 0.01 0.1 8103.08 4.30827e-07 3.49949e-07 5.06801e-07
250 0.5 0.01 1 8103.08 1.72897e-09 8.12251e-10 2.67349e-09
250 0.5 0.1 0.001 8103.08 2.9302e-05 2.59666e-05 3.26309e-05
250 0.5 0.1 0.01 8103.08 1.94021e-05 1.68554e-05 2.18579e-05
250 0.5 0.1 0.1 8103.08 4.30823e-06 3.49946e-06 5.09714e-06
250 0.5 0.1 1 8103.08 1.72897e-08 8.07024e-09 2.6925e-08
250 0.5 1 0.001 8103.08 0.000291009 0.000258173 0.000323353
250 0.5 1 0.01 8103.08 0.000192911 0.000168965 0.000217452
250 0.5 1 0.1 8103.08 4.30794e-05 3.52439e-05 5.10082e-05
250 0.5 1 1 8103.08 1.72897e-07 8.12474e-08 2.66968e-07
250 0.75 0.01 0.001 0 4.68284e-05 4.55114e-05 4.81921e-05
250 0.75 0.01 0.01 0 3.79103e-05 3.67353e-05 3.90303e-05
250 0.75 0.01 0.1 0 2.12761e-05 2.04908e-05 2.20485e-05
250 0.75 0.01 1 0 2.17791e-06 2.07329e-06 2.28322e-06
250 0.75 0.1 0.001 0 0.000468069 0.000454808 0.000481216
250 0.75 0.1 0.01 0 0.000378975 0.000367273 0.000390213
250 0.75 0.1 0.1 0 0.000212725 0.000204967 0.000220125
250 0.75 0.1 1 0 2.1779e-05 2.07161e-05 2.28224e-05
250 0.75 1 0.001 0 0.00466718 0.00453216 0.00479552
250 0.75 1 0.01 0 0.00378168 0.00366727 0.00389756
250 0.75 1 0.1 0 0.00212501 0.00204809 0.00220221
250 0.75 1 1 0 0.000217784 0.000207407 0.000228219
250 0.75 0.01 0.001 1 4.82244e-05 4.68698e-05 4.95738e-05
250 0.75 0.01 0.01 1 3.93713e-05 3.81893e-05 4.05543e-05
250 0.75 0.01 0.1 1 2.23497e-05 2.15702e-05 2.31384e-05
250 0.75 0.01 1 1 2.23616e-06 2.13041e-06 2.34324e-06
250 0.75 0.1 0.001 1 0.000482057 0.000468577 0.000495364
250 0.75 0.1 0.01 1 0.000393594 0.000381715 0.000405095
250 0.75 0.1 0.1 1 0.00022346 0.000215611 0.000231121
250 0.75 0.1 1 1 2.2361e-05 2.1299e-05 2.34508e-05
250 0.75 1 0.001 1 0.00480884 0.00467774 0.00494137
250 0.75 1 0.01 1 0.0039284 0.00380984 0.00404677
250 0.75 1 0.1 1 0.00223227 0.00215321 0.00231022
250 0.75 1 1 1 0.000223571 0.000213203 0.000234233
250 0.75 0.01 0.001 2.7 4.87457e-05 4.73883e-05 5.00696e-05
250 0.75 0.01 0.01 2.7 4.0047e-05 3.88649e-05 4.12465e-05
250 0.75 0.01 0.1 2.7 2.31166e-05 2.23086e-05 2.39278e-05
250 0.75 0.01 1 2.7 2.38661e-06 2.2761e-06 2.4945e-06
250 0.75 0.1 0.001 2.7 0.00048723 0.000473068 0.000500843
250 0.75 0.1 0.01 2.7 0.000400293 0.000388395 0.000412477
250 0.75 0.1 0.1 2.7 0.000231113 0.00022317 0.000239309
250 0.75 0.1 1 2.7 2.38661e-05 2.27489e-05 2.49892e-05
250 0.75 1 0.001 2.7 0.00485798 0.00472251 0.00499187
250 0.75 1 0.01 2.7 0.00399178 0.00387342 0.0041164
250 0.75 1 0.1 2.7 0.00230783 0.00222653 0.00238562
250 0.75 1 1 2.7 0.00023866 0.000227767 0.000249756
250 0.75 0.01 0.001 54.6 4.51153e-05 4.38068e-05 4.64079e-05
250 0.75 0.01 0.01 54.6 3.67154e-05 3.55874e-05 3.7845e-05
250 0.75 0.01 0.1 54.6 1.96504e-05 1.89239e-05 2.03618e-05
250 0.75 0.01 1 54.6 1.81049e-06 1.71512e-06 1.90483e-06
250 0.75 0.1 0.001 54.6 0.000451119 0.000438156 0.000464231
250 0.75 0.1 0.01 54.6 0.000367121 0.000355791 0.000378101
250 0.75 0.1 0.1 54.6 0.000196481 0.000189342 0.000203823
250 0.75 0.1 1 54.6 1.81043e-05 1.71601e-05 1.90778e-05
250 0.75 1 0.001 54.6 0.00450905 0.00437934 0.00464142
250 0.75 1 0.01 54.6 0.00366915 0.00355692 0.00378134
250 0.75 1 0.1 54.6 0.00196337 0.00189142 0.00203575
250 0.75 1 1 54.6 0.000181004 0.000171333 0.00019051
250 0.75 0.01 0.001 7.39 4.58155e-05 4.44904e-05 4.71068e-05
250 0.75 0.01 0.01 7.39 3.67069e-05 3.55572e-05 3.78589e-05
250 0.75 0.01 0.1 7.39 1.9902e-05 1.9167e-05 2.06452e-05
250 0.75 0.01 1 7.39 1.96218e-06 1.85987e-06 2.06202e-06
250 0.75 0.1 0.001 7.39 0.000457925 0.000444831 0.000471114
250 0.75 0.1 0.01 7.39 0.000366897 0.000355756 0.000378335
250 0.75 0.1 0.1 7.39 0.000198974 0.000191624 0.000206272
250 0.75 0.1 1 7.39 1.96211e-05 1.86337e-05 2.06306e-05
250 0.75 1 0.001 7.39 0.00456479 0.0044368 0.00469619
250 0.75 1 0.01 7.39 0.00365817 0.00354494 0.00377101
250 0.75 1 0.1 7.39 0.00198685 0.00191386 0.00205905
250 0.75 1 1 7.39 0.000196171 0.000186292 0.000206511
250 0.75 0.01 0.001 20.09 4.63564e-05 4.50274e-05 4.76921e-05
250 0.75 0.01 0.01 20.09 3.76361e-05 3.64849e-05 3.87899e-05
250 0.75 0.01 0.1 20.09 2.13447e-05 2.05758e-05 2.21125e-05
250 0.75 0.01 1 20.09 2.13763e-06 2.03181e-06 2.24274e-06
250 0.75 0.1 0.001 20.09 0.000463346 0.000450333 0.000476571
250 0.75 0.1 0.01 20.09 0.000376221 0.000364658 0.000387438
250 0.75 0.1 0.1 20.09 0.000213405 0.000205807 0.000221123
250 0.75 0.1 1 20.09 2.13756e-05 2.03364e-05 2.24337e-05
250 0.75 1 0.001 20.09 0.00461977 0.0044892 0.00475282
250 0.75 1 0.01 20.09 0.00375338 0.00364188 0.00387062
250 0.75 1 0.1 20.09 0.00213139 0.00205346 0.00220696
250 0.75 1 1 20.09 0.000213716 0.000203042 0.000224039
250 0.75 0.01 0.001 22026 7.37112e-06 6.88183e-06 7.85303e-06
250 0.75 0.01 0.01 22026 2.08776e-06 1.88245e-06 2.29034e-06
250 0.75 0.01 0.1 22026 1.09301e-07 7.85278e-08 1.40744e-07
250 0.75 0.01 1 22026 2.62107e-12 7.38535e-13 4.46911e-12
250 0.75 0.1 0.001 22026 7.36736e-05 6.89954e-05 7.84515e-05
250 0.75 0.1 0.01 22026 2.08749e-05 1.87999e-05 2.28893e-05
250 0.75 0.1 0.1 22026 1.09301e-06 7.90895e-07 1.40657e-06
250 0.75 0.1 1 22026 2.62107e-11 7.37959e-12 4.43709e-11
250 0.75 1 0.001 22026 0.000734366 0.000687738 0.000782216
250 0.75 1 0.01 22026 0.00020858 0.000188141 0.000229349
250 0.75 1 0.1 22026 1.09301e-05 7.83655e-06 1.40351e-05
250 0.75 1 1 22026 2.62107e-10 7.39133e-11 4.5024e-10
250 0.75 0.01 0.001 59874 3.67844e-06 3.53612e-06 3.82481e-06
250 0.75 0.01 0.01 59874 6.15067e-07 5.72242e-07 6.5907e-07
250 0.75 0.01 0.1 59874 1.66991e-08 1.09976e-08 2.21833e-08
250 0.75 0.01 1 59874 3.0962e-12 3.6334e-13 5.78e-12
250 0.75 0.1 0.001 59874 3.67814e-05 3.53489e-05 3.81964e-05
250 0.75 0.1 0.01 59874 6.15067e-06 5.72482e-06 6.58006e-06
250 0.75 0.1 0.1 59874 1.66991e-07 1.10405e-07 2.23192e-07
250 0.75 0.1 1 59874 3.0962e-11 3.63342e-12 5.7799e-11
250 0.75 1 0.001 59874 0.000367627 0.000353329 0.000382371
250 0.75 1 0.01 59874 6.15067e-05 5.71462e-05 6.58424e-05
250 0.75 1 0.1 59874 1.66991e-06 1.09082e-06 2.24206e-06
250 0.75 1 1 59874 3.0962e-10 3.63338e-11 5.77989e-10
250 0.75 0.01 0.001 148.41 3.83708e-05 3.71559e-05 3.95467e-05
250 0.75 0.01 0.01 148.41 3.03472e-05 2.93255e-05 3.13644e-05
250 0.75 0.01 0.1 148.41 1.50367e-05 1.44322e-05 1.56594e-05
250 0.75 0.01 1 148.41 1.11941e-06 1.04473e-06 1.1944e-06
250 0.75 0.1 0.001 148.41 0.000383645 0.000371624 0.000395619
250 0.75 0.1 0.01 148.41 0.000303431 0.000293169 0.000313702
250 0.75 0.1 0.1 148.41 0.000150344 0.000144078 0.000156494
250 0.75 0.1 1 148.41 1.11935e-05 1.04596e-05 1.19438e-05
250 0.75 1 0.001 148.41 0.00383244 0.00371221 0.00395255
250 0.75 1 0.01 148.41 0.00303171 0.00292885 0.00313047
250 0.75 1 0.1 148.41 0.001502 0.00143953 0.00156323
250 0.75 1 1 148.41 0.000111896 0.000104451 0.000119234
250 0.75 0.01 0.001 162755 2.02068e-06 1.92169e-06 2.12295e-06
250 0.75 0.01 0.01 162755 2.02591e-07 1.78882e-07 2.26688e-07
250 0.75 0.01 0.1 162755 6.90531e-09 3.11824e-09 1.0714e-08
250 0.75 0.01 1 162755 4.12355e-13 4.91537e-14 7.75555e-13
250 0.75 0.1 0.001 162755 2.02004e-05 1.92165e-05 2.11912e-05
250 0.75 0.1 0.01 162755 2.02587e-06 1.78589e-06 2.26323e-06
250 0.75 0.1 0.1 162755 6.90531e-08 3.06024e-08 1.08263e-07
250 0.75 0.1 1 162755 4.12355e-12 4.91537e-13 7.75555e-12
250 0.75 1 0.001 162755 0.000201595 0.000191503 0.00021149
250 0.75 1 0.01 162755 2.02565e-05 1.79014e-05 2.26612e-05
250 0.75 1 0.1 162755 6.90531e-07 3.11083e-07 1.08178e-06
250 0.75 1 1 162755 4.12355e-11 4.91537e-12 7.75555e-11
250 0.75 0.01 0.001 403.43 2.98065e-05 2.87434e-05 3.08383e-05
250 0.75 0.01 0.01 403.43 2.205e-05 2.11817e-05 2.29196e-05
250 0.75 0.01 0.1 403.43 9.14636e-06 8.69024e-06 9.59937e-06
250 0.75 0.01 1 403.43 4.91355e-07 4.44287e-07 5.39668e-07
250 0.75 0.1 0.001 403.43 0.000297973 0.000287421 0.000308277
250 0.75 0.1 0.01 403.43 0.000220473 0.000211956 0.000229158
250 0.75 0.1 0.1 403.43 9.14636e-05 8.68444e-05 9.59717e-05
250 0.75 0.1 1 403.43 4.91355e-06 4.4412e-06 5.40009e-06
250 0.75 1 0.001 403.43 0.00297393 0.00286931 0.00308009
250 0.75 1 0.01 403.43 0.00220301 0.00211743 0.00228878
250 0.75 1 0.1 403.43 0.000914634 0.000869086 0.000959266
250 0.75 1 1 403.43 4.91355e-05 4.42772e-05 5.38624e-05
250 0.75 0.01 0.001 1096.63 2.13993e-05 2.05072e-05 2.22836e-05
250 0.75 0.01 0.01 1096.63 1.35585e-05 1.29418e-05 1.42098e-05
250 0.75 0.01 0.1 1096.63 3.70429e-06 3.43577e-06 3.97589e-06
250 0.75 0.01 1 1096.63 1.18001e-07 9.53767e-08 1.41547e-07
250 0.75 0.1 0.001 1096.63 0.000213993 0.000205196 0.000222674
250 0.75 0.1 0.01 1096.63 0.000135585 0.000129325 0.000142052
250 0.75 0.1 0.1 1096.63 3.70429e-05 3.43001e-05 3.96746e-05
250 0.75 0.1 1 1096.63 1.18001e-06 9.52277e-07 1.40998e-06
250 0.75 1 0.001 1096.63 0.00213993 0.00205277 0.0022282
250 0.75 1 0.01 1096.63 0.00135585 0.00129296 0.00141858
250 0.75 1 0.1 1096.63 0.000370429 0.000343729 0.000397256
250 0.75 1 1 1096.63 1.18001e-05 9.50283e-06 1.41372e-05
250 0.75 0.01 0.001 2980.96 1.48976e-05 1.41817e-05 1.56131e-05
250 0.75 0.01 0.01 2980.96 7.697e-06 7.24061e-06 8.15921e-06
250 0.75 0.01 0.1 2980.96 1.25216e-06 1.11769e-06 1.38334e-06
250 0.75 0.01 1 2980.96 1.49564e-08 7.40519e-09 2.25851e-08
250 0.75 0.1 0.001 2980.96 0.00014894 0.00014169 0.000156153
250 0.75 0.1 0.01 2980.96 7.69686e-05 7.23814e-05 8.16482e-05
250 0.75 0.1 0.1 2980.96 1.25216e-05 1.12179e-05 1.38149e-05
250 0.75 0.1 1 2980.96 1.49564e-07 7.41657e-08 2.23611e-07
250 0.75 1 0.001 2980.96 0.00148713 0.00141472 0.00155846
250 0.75 1 0.01 2980.96 0.000769602 0.000723565 0.000815476
250 0.75 1 0.1 2980.96 0.000125216 0.000111715 0.000138258
250 0.75 1 1 2980.96 1.49564e-06 7.46556e-07 2.29201e-06
250 0.75 0.01 0.001 8103.08 1.12617e-05 1.06269e-05 1.18751e-05
250 0.75 0.01 0.01 8103.08 4.9268e-06 4.57395e-06 5.26447e-06
250 0.75 0.01 0.1 8103.08 4.67156e-07 3.86359e-07 5.47665e-07
250 0.75 0.01 1 8103.08 1.23404e-08 5.47283e-09 1.92177e-08
250 0.75 0.1 0.001 8103.08 0.000112577 0.000106294 0.000118805
250 0.75 0.1 0.01 8103.08 4.9246e-05 4.58923e-05 5.27576e-05
250 0.75 0.1 0.1 8103.08 4.67114e-06 3.85999e-06 5.4682e-06
250 0.75 0.1 1 8103.08 1.23404e-07 5.47747e-08 1.9217e-07
250 0.75 1 0.001 8103.08 0.0011233 0.00106137 0.0011857
250 0.75 1 0.01 8103.08 0.000491077 0.000455927 0.000525637
250 0.75 1 0.1 8103.08 4.66851e-05 3.85446e-05 5.49487e-05
250 0.75 1 1 8103.08 1.23404e-06 5.47139e-07 1.92188e-06
250 1.25 0.01 0.001 0 0.000131039 0.000128942 0.000133135
250 1.25 0.01 0.01 0 6.52415e-05 6.38671e-05 6.66654e-05
250 1.25 0.01 0.1 0 2.32765e-05 2.25181e-05 2.4031e-05
250 1.25 0.01 1 0 1.83768e-06 1.74124e-06 1.93513e-06
250 1.25 0.1 0.001 0 0.00130901 0.00128754 0.0013296
250 1.25 0.1 0.01 0 0.000652086 0.000637722 0.000666081
250 1.25 0.1 0.1 0 0.000232734 0.000225031 0.000240223
250 1.25 0.1 1 0 1.83768e-05 1.74192e-05 1.93434e-05
250 1.25 1 0.001 0 0.0130048 0.0127957 0.013214
250 1.25 1 0.01 0 0.00650016 0.00636066 0.00664323
250 1.25 1 0.1 0 0.00232538 0.00225243 0.0024002
250 1.25 1 1 0 0.000183768 0.000174312 0.000193386
250 1.25 0.01 0.001 1 0.000138466 0.000136315 0.000140589
250 1.25 0.01 0.01 1 6.90766e-05 6.75886e-05 7.05412e-05
250 1.25 0.01 0.1 1 2.45461e-05 2.37582e-05 2.53162e-05
250 1.25 0.01 1 1 1.91365e-06 1.81663e-06 2.01086e-06
250 1.25 0.1 0.001 1 0.00138311 0.00136144 0.00140456
250 1.25 0.1 0.01 1 0.000690413 0.000675916 0.000705056
250 1.25 0.1 0.1 1 0.000245407 0.000237491 0.000253148
250 1.25 0.1 1 1 1.91364e-05 1.81546e-05 2.01049e-05
250 1.25 1 0.001 1 0.0137344 0.0135182 0.0139499
250 1.25 1 0.01 1 0.00688221 0.00673714 0.00702644
250 1.25 1 0.1 1 0.00245066 0.00237287 0.00252835
250 1.25 1 1 1 0.000191363 0.000181596 0.000201084
250 1.25 0.01 0.001 2.7 0.00013503 0.000132887 0.00013717
250 1.25 0.01 0.01 2.7 6.81019e-05 6.66399e-05 6.95325e-05
250 1.25 0.01 0.1 2.7 2.45757e-05 2.3788e-05 2.53568e-05
250 1.25 0.01 1 2.7 1.8665e-06 1.7707e-06 1.96188e-06
250 1.25 0.1 0.001 2.7 0.00134876 0.00132749 0.00136978
250 1.25 0.1 0.01 2.7 0.000680768 0.000666412 0.000694684
250 1.25 0.1 0.1 2.7 0.000245744 0.000238055 0.000253478
250 1.25 0.1 1 2.7 1.8665e-05 1.77234e-05 1.96205e-05
250 1.25 1 0.001 2.7 0.0133946 0.0131847 0.0136024
250 1.25 1 0.01 2.7 0.00679257 0.00665056 0.00693945
250 1.25 1 0.1 2.7 0.00245658 0.00237825 0.00253456
250 1.25 1 1 2.7 0.00018665 0.000176977 0.000196321
250 1.25 0.01 0.001 54.6 0.000134072 0.000132037 0.000136183
250 1.25 0.01 0.01 54.6 6.62273e-05 6.48593e-05 6.76479e-05
250 1.25 0.01 0.1 54.6 2.33297e-05 2.25948e-05 2.40794e-05
250 1.25 0.01 1 54.6 1.71387e-06 1.62187e-06 1.80697e-06
250 1.25 0.1 0.001 54.6 0.00133914 0.00131765 0.00135971
250 1.25 0.1 0.01 54.6 0.000661883 0.000647547 0.000676219
250 1.25 0.1 0.1 54.6 0.000233255 0.000225849 0.000240649
250 1.25 0.1 1 54.6 1.71387e-05 1.62164e-05 1.80711e-05
250 1.25 1 0.001 54.6 0.0132925 0.0130806 0.0134981
250 1.25 1 0.01 54.6 0.00659424 0.0064536 0.00673592
250 1.25 1 0.1 54.6 0.00232991 0.0022554 0.00240468
250 1.25 1 1 54.6 0.000171385 0.000162307 0.000180647
250 1.25 0.01 0.001 7.39 0.000135425 0.000133287 0.000137558
250 1.25 0.01 0.01 7.39 6.75718e-05 6.6117e-05 6.90063e-05
250 1.25 0.01 0.1 7.39 2.31559e-05 2.24063e-05 2.3903e-05
250 1.25 0.01 1 7.39 1.63235e-06 1.54174e-06 1.72293e-06
250 1.25 0.1 0.001 7.39 0.0013525 0.00133089 0.00137396
250 1.25 0.1 0.01 7.39 0.000675204 0.00066098 0.000689459
250 1.25 0.1 0.1 7.39 0.000231508 0.000224086 0.000238917
250 1.25 0.1 1 7.39 1.63234e-05 1.54308e-05 1.72459e-05
250 1.25 1 0.001 7.39 0.0134178 0.0132073 0.0136255
250 1.25 1 0.01 7.39 0.0067208 0.00657553 0.00685867
250 1.25 1 0.1 7.39 0.00231182 0.00223791 0.00238681
250 1.25 1 1 7.39 0.000163229 0.000154109 0.000171938
250 1.25 0.01 0.001 20.09 0.000130562 0.000128453 0.000132688
250 1.25 0.01 0.01 20.09 6.53545e-05 6.39204e-05 6.67938e-05
250 1.25 0.01 0.1 20.09 2.30827e-05 2.23359e-05 2.38434e-05
250 1.25 0.01 1 20.09 1.62982e-06 1.53868e-06 1.71648e-06
250 1.25 0.1 0.001 20.09 0.0013041 0.00128315 0.00132531
250 1.25 0.1 0.01 20.09 0.000653163 0.000638645 0.000667413
250 1.25 0.1 0.1 20.09 0.000230789 0.000223191 0.000238254
250 1.25 0.1 1 20.09 1.62981e-05 1.54e-05 1.71932e-05
250 1.25 1 0.001 20.09 0.0129453 0.0127357 0.0131486
250 1.25 1 0.01 20.09 0.00650754 0.00636662 0.00664717
250 1.25 1 0.1 20.09 0.00230545 0.00223071 0.00238047
250 1.25 1 1 20.09 0.000162976 0.000153902 0.00017203
250 1.25 0.01 0.001 22026 2.82563e-05 2.7455e-05 2.90487e-05
250 1.25 0.01 0.01 22026 1.46199e-06 1.33876e-06 1.58435e-06
250 1.25 0.01 0.1 22026 1.78716e-08 6.0958e-09 2.9272e-08
250 1.25 0.01 1 22026 3.33436e-14 8.24461e-17 6.66047e-14
250 1.25 0.1 0.001 22026 0.000282247 0.000274254 0.000289938
250 1.25 0.1 0.01 22026 1.46108e-05 1.33811e-05 1.58186e-05
250 1.25 0.1 0.1 22026 1.78716e-07 6.13164e-08 2.94334e-07
250 1.25 0.1 1 22026 3.33436e-13 8.24461e-16 6.66047e-13
250 1.25 1 0.001 22026 0.00280252 0.00272426 0.00288031
250 1.25 1 0.01 22026 0.000145532 0.000132948 0.000157358
250 1.25 1 0.1 22026 1.78716e-06 6.13165e-07 2.94873e-06
250 1.25 1 1 22026 3.33436e-12 8.24461e-15 6.66047e-12
250 1.25 0.01 0.001 59874 8.26042e-06 8.09042e-06 8.42406e-06
250 1.25 0.01 0.01 59874 1.93199e-07 1.7272e-07 2.1363e-07
250 1.25 0.01 0.1 59874 5.82015e-09 1.26169e-09 1.01876e-08
250 1.25 0.01 1 59874 1.983e-11 1.64892e-17 3.96601e-11
250 1.25 0.1 0.001 59874 8.25205e-05 8.08648e-05 8.41994e-05
250 1.25 0.1 0.01 59874 1.93176e-06 1.72985e-06 2.13706e-06
250 1.25 0.1 0.1 59874 5.82015e-08 1.26518e-08 1.02279e-07
250 1.25 0.1 1 59874 1.983e-10 1.64892e-16 3.96601e-10
250 1.25 1 0.001 59874 0.000819928 0.000803224 0.000836697
250 1.25 1 0.01 59874 1.93026e-05 1.7243e-05 2.12896e-05
250 1.25 1 0.1 59874 5.82015e-07 1.26581e-07 1.02052e-06
250 1.25 1 1 59874 1.983e-09 1.64892e-15 3.96601e-09
250 1.25 0.01 0.001 148.41 0.000131003 0.000128882 0.000133062
250 1.25 0.01 0.01 148.41 6.49636e-05 6.35852e-05 6.63757e-05
250 1.25 0.01 0.1 148.41 2.19153e-05 2.11839e-05 2.26632e-05
250 1.25 0.01 1 148.41 1.57326e-06 1.48272e-06 1.661e-06
250 1.25 0.1 0.001 148.41 0.00130829 0.00128781 0.00132887
250 1.25 0.1 0.01 148.41 0.000649183 0.000635087 0.000663457
250 1.25 0.1 0.1 148.41 0.000219106 0.000211851 0.000226424
250 1.25 0.1 1 148.41 1.57326e-05 1.48674e-05 1.65997e-05
250 1.25 1 0.001 148.41 0.0129749 0.0127623 0.013183
250 1.25 1 0.01 148.41 0.00646343 0.00632452 0.00660427
250 1.25 1 0.1 148.41 0.0021881 0.00211497 0.0022608
250 1.25 1 1 148.41 0.000157326 0.000148574 0.000166087
250 1.25 0.01 0.001 162755 9.70463e-07 9.15836e-07 1.02544e-06
250 1.25 0.01 0.01 162755 1.28539e-08 8.6034e-09 1.7171e-08
250 1.25 0.01 0.1 162755 3.52891e-13 1.09394e-13 5.96353e-13
250 1.25 0.01 1 162755 5.45267e-54 1.82855e-57 1.09035e-53
250 1.25 0.1 0.001 162755 9.69098e-06 9.14432e-06 1.02298e-05
250 1.25 0.1 0.01 162755 1.28401e-07 8.54259e-08 1.7215e-07
250 1.25 0.1 0.1 162755 3.52891e-12 1.09394e-12 5.96352e-12
250 1.25 0.1 1 162755 5.45267e-53 1.82855e-56 1.09035e-52
250 1.25 1 0.001 162755 9.60878e-05 9.06622e-05 0.000101332
250 1.25 1 0.01 162755 1.27531e-06 8.45455e-07 1.7079e-06
250 1.25 1 0.1 162755 3.52891e-11 1.09394e-11 5.96351e-11
250 1.25 1 1 162755 5.45267e-52 1.82855e-55 1.09035e-51
250 1.25 0.01 0.001 403.43 0.000116961 0.000115008 0.000118916
250 1.25 0.01 0.01 403.43 5.29139e-05 5.16687e-05 5.41453e-05
250 1.25 0.01 0.1 403.43 1.39686e-05 1.34328e-05 1.44886e-05
250 1.25 0.01 1 403.43 5.71634e-07 5.20465e-07 6.22189e-07
250 1.25 0.1 0.001 403.43 0.0011685 0.00114901 0.00118793
250 1.25 0.1 0.01 403.43 0.000528861 0.0005164 0.000541244
250 1.25 0.1 0.1 403.43 0.000139635 0.000134267 0.000145015
250 1.25 0.1 1 403.43 5.71563e-06 5.20718e-06 6.23579e-06
250 1.25 1 0.001 403.43 0.0116149 0.0114244 0.0118071
250 1.25 1 0.01 403.43 0.0052711 0.00514866 0.00539515
250 1.25 1 0.1 403.43 0.00139314 0.00133896 0.00144525
250 1.25 1 1 403.43 5.71117e-05 5.20881e-05 6.22851e-05
250 1.25 0.01 0.001 1096.63 0.000103447 0.000101627 0.000105239
250 1.25 0.01 0.01 1096.63 3.86562e-05 3.76701e-05 3.96574e-05
250 1.25 0.01 0.1 1096.63 5.89125e-06 5.58732e-06 6.197e-06
250 1.25 0.01 1 1096.63 1.10289e-07 8.83605e-08 1.32208e-07
250 1.25 0.1 0.001 1096.63 0.00103352 0.0010155 0.00105142
250 1.25 0.1 0.01 1096.63 0.000386474 0.000376721 0.000396509
250 1.25 0.1 0.1 1096.63 5.89118e-05 5.58201e-05 6.2023e-05
250 1.25 0.1 1 1096.63 1.10289e-06 8.87367e-07 1.3272e-06
250 1.25 1 0.001 1096.63 0.0102756 0.0101005 0.0104497
250 1.25 1 0.01 1096.63 0.00385918 0.00376111 0.00395882
250 1.25 1 0.1 1096.63 0.000589069 0.000559022 0.000619615
250 1.25 1 1 1096.63 1.10289e-05 8.84894e-06 1.32277e-05
250 1.25 0.01 0.001 2980.96 7.98542e-05 7.82629e-05 8.13782e-05
250 1.25 0.01 0.01 2980.96 2.03882e-05 1.97383e-05 2.10552e-05
250 1.25 0.01 0.1 2980.96 1.07763e-06 9.77776e-07 1.18015e-06
250 1.25 0.01 1 2980.96 1.14834e-09 3.72601e-10 1.88014e-09
250 1.25 0.1 0.001 2980.96 0.000797563 0.000782011 0.000812679
250 1.25 0.1 0.01 2980.96 0.000203766 0.00019744 0.000210146
250 1.25 0.1 0.1 2980.96 1.07759e-05 9.74622e-06 1.17985e-05
250 1.25 0.1 1 2980.96 1.14834e-08 3.74247e-09 1.9035e-08
250 1.25 1 0.001 2980.96 0.00791392 0.00776833 0.00806822
250 1.25 1 0.01 2980.96 0.00203038 0.0019656 0.00209447
250 1.25 1 0.1 2980.96 0.000107737 9.76556e-05 0.000117844
250 1.25 1 1 2980.96 1.14834e-07 3.75487e-08 1.9049e-07
250 1.25 0.01 0.001 8103.08 5.3777e-05 5.2617e-05 5.498e-05
250 1.25 0.01 0.01 8103.08 7.39191e-06 7.04953e-06 7.71787e-06
250 1.25 0.01 0.1 8103.08 1.18144e-07 9.06208e-08 1.45782e-07
250 1.25 0.01 1 8103.08 2.09705e-12 2.47746e-13 3.91193e-12
250 1.25 0.1 0.001 8103.08 0.00053714 0.000525264 0.000548944
250 1.25 0.1 0.01 8103.08 7.38557e-05 7.05271e-05 7.71449e-05
250 1.25 0.1 0.1 8103.08 1.18115e-06 9.12341e-07 1.44999e-06
250 1.25 0.1 1 8103.08 2.09705e-11 2.47422e-12 3.91206e-11
250 1.25 1 0.001 8103.08 0.00533174 0.00521408 0.00544965
250 1.25 1 0.01 8103.08 0.000734559 0.00070169 0.000768274
250 1.25 1 0.1 8103.08 1.17935e-05 9.01799e-06 1.44493e-05
250 1.25 1 1 8103.08 2.09705e-10 2.47701e-11 3.91235e-10
250 1.45 0.01 0.001 0 0.00019371 0.00019127 0.000196204
250 1.45 0.01 0.01 0 8.1262e-05 7.9713e-05 8.27523e-05
250 1.45 0.01 0.1 0 2.46178e-05 2.3848e-05 2.53695e-05
250 1.45 0.01 1 0 1.69906e-06 1.61e-06 1.79084e-06
250 1.45 0.1 0.001 0 0.00193402 0.00190928 0.00195917
250 1.45 0.1 0.01 0 0.000811978 0.000796649 0.000827461
250 1.45 0.1 0.1 0 0.00024611 0.000238499 0.000253643
250 1.45 0.1 1 0 1.69899e-05 1.60758e-05 1.79296e-05
250 1.45 1 0.001 0 0.0191501 0.0189059 0.0193932
250 1.45 1 0.01 0 0.00808002 0.0079242 0.00823315
250 1.45 1 0.1 0 0.00245684 0.00238161 0.00253406
250 1.45 1 1 0 0.00016986 0.000160594 0.000179014
250 1.45 0.01 0.001 1 0.000190187 0.000187757 0.000192722
250 1.45 0.01 0.01 1 7.92175e-05 7.76989e-05 8.07356e-05
250 1.45 0.01 0.1 1 2.42357e-05 2.3472e-05 2.49726e-05
250 1.45 0.01 1 1 1.70477e-06 1.61296e-06 1.79863e-06
250 1.45 0.1 0.001 1 0.00189892 0.00187428 0.00192353
250 1.45 0.1 0.01 1 0.000791615 0.000776327 0.000806643
250 1.45 0.1 0.1 1 0.00024229 0.000235054 0.000250035
250 1.45 0.1 1 1 1.70475e-05 1.61067e-05 1.79353e-05
250 1.45 1 0.001 1 0.018805 0.0185634 0.0190479
250 1.45 1 0.01 1 0.00788099 0.00773032 0.00803333
250 1.45 1 0.1 1 0.00241865 0.00234368 0.00249349
250 1.45 1 1 1 0.000170465 0.0001614 0.000179651
250 1.45 0.01 0.001 2.7 0.000191066 0.000188652 0.000193536
250 1.45 0.01 0.01 2.7 8.08427e-05 7.93012e-05 8.23302e-05
250 1.45 0.01 0.1 2.7 2.47452e-05 2.3972e-05 2.5523e-05
250 1.45 0.01 1 2.7 1.71713e-06 1.62503e-06 1.8075e-06
250 1.45 0.1 0.001 2.7 0.0019079 0.00188323 0.00193263
250 1.45 0.1 0.01 2.7 0.000808007 0.00079263 0.000823361
250 1.45 0.1 0.1 2.7 0.000247401 0.000239712 0.000255019
250 1.45 0.1 1 2.7 1.71707e-05 1.62354e-05 1.80967e-05
250 1.45 1 0.001 2.7 0.0189078 0.0186653 0.0191496
250 1.45 1 0.01 2.7 0.00805361 0.00789689 0.00820299
250 1.45 1 0.1 2.7 0.0024708 0.00239427 0.00254869
250 1.45 1 1 2.7 0.000171668 0.000162662 0.000180841
250 1.45 0.01 0.001 54.6 0.000192308 0.000189856 0.000194799
250 1.45 0.01 0.01 54.6 8.15795e-05 8.00348e-05 8.3118e-05
250 1.45 0.01 0.1 54.6 2.47853e-05 2.40141e-05 2.5554e-05
250 1.45 0.01 1 54.6 1.72302e-06 1.63109e-06 1.81659e-06
250 1.45 0.1 0.001 54.6 0.00192017 0.00189536 0.00194438
250 1.45 0.1 0.01 54.6 0.000815309 0.000799597 0.00083055
250 1.45 0.1 0.1 54.6 0.000247817 0.00024034 0.00025536
250 1.45 0.1 1 54.6 1.72302e-05 1.63007e-05 1.81542e-05
250 1.45 1 0.001 54.6 0.0190209 0.0187733 0.0192604
250 1.45 1 0.01 54.6 0.0081225 0.0079659 0.00827489
250 1.45 1 0.1 54.6 0.00247594 0.00240126 0.00255362
250 1.45 1 1 54.6 0.000172302 0.000163156 0.000181516
250 1.45 0.01 0.001 7.39 0.000191791 0.000189375 0.00019431
250 1.45 0.01 0.01 7.39 8.13339e-05 7.98032e-05 8.2851e-05
250 1.45 0.01 0.1 7.39 2.48863e-05 2.41373e-05 2.56413e-05
250 1.45 0.01 1 7.39 1.64549e-06 1.55539e-06 1.73808e-06
250 1.45 0.1 0.001 7.39 0.00191511 0.00189097 0.00193984
250 1.45 0.1 0.01 7.39 0.000812989 0.000797016 0.000828037
250 1.45 0.1 0.1 7.39 0.000248848 0.000241078 0.000256418
250 1.45 0.1 1 7.39 1.64549e-05 1.55593e-05 1.73546e-05
250 1.45 1 0.001 7.39 0.018977 0.0187389 0.0192248
250 1.45 1 0.01 7.39 0.00810786 0.00795488 0.00826207
250 1.45 1 0.1 7.39 0.00248748 0.00241197 0.00256352
250 1.45 1 1 7.39 0.000164549 0.000155575 0.00017372
250 1.45 0.01 0.001 20.09 0.000194307 0.000191809 0.000196757
250 1.45 0.01 0.01 20.09 8.15744e-05 8.00364e-05 8.31275e-05
250 1.45 0.01 0.1 20.09 2.49188e-05 2.41449e-05 2.56779e-05
250 1.45 0.01 1 20.09 1.76545e-06 1.67173e-06 1.85856e-06
250 1.45 0.1 0.001 20.09 0.00193993 0.00191515 0.00196523
250 1.45 0.1 0.01 20.09 0.000815153 0.000799473 0.000830247
250 1.45 0.1 0.1 20.09 0.000249103 0.000241398 0.000256986
250 1.45 0.1 1 20.09 1.76533e-05 1.67391e-05 1.85868e-05
250 1.45 1 0.001 20.09 0.0192055 0.0189597 0.019452
250 1.45 1 0.01 20.09 0.00811454 0.00796176 0.00826621
250 1.45 1 0.1 20.09 0.00248561 0.00241024 0.00256449
250 1.45 1 1 20.09 0.000176453 0.000167028 0.000185427
250 1.45 0.01 0.001 22026 2.80562e-05 2.7309e-05 2.8789e-05
250 1.45 0.01 0.01 22026 8.3214e-07 7.40784e-07 9.24972e-07
250 1.45 0.01 0.1 22026 5.02795e-09 2.15446e-09 7.70996e-09
250 1.45 0.01 1 22026 1.08169e-21 5.06567e-22 1.65681e-21
250 1.45 0.1 0.001 22026 0.00028014 0.000272517 0.000287292
250 1.45 0.1 0.01 22026 8.31358e-06 7.38814e-06 9.2506e-06
250 1.45 0.1 0.1 22026 5.02795e-08 2.14974e-08 7.84979e-08
250 1.45 0.1 1 22026 1.08169e-20 5.06567e-21 1.65681e-20
250 1.45 1 0.001 22026 0.00277479 0.00270324 0.00284829
250 1.45 1 0.01 22026 8.26431e-05 7.33632e-05 9.18595e-05
250 1.45 1 0.1 22026 5.02794e-07 2.16814e-07 7.85214e-07
250 1.45 1 1 22026 1.08169e-19 5.06567e-20 1.72537e-19
250 1.45 0.01 0.001 59874 3.58573e-06 3.48432e-06 3.68535e-06
250 1.45 0.01 0.01 59874 4.91046e-08 3.90356e-08 5.93056e-08
250 1.45 0.01 0.1 59874 7.31891e-10 5.34748e-12 1.45764e-09
250 1.45 0.01 1 59874 3.02011e-19 5.82503e-41 6.04022e-19
250 1.45 0.1 0.001 59874 3.58146e-05 3.47754e-05 3.68678e-05
250 1.45 0.1 0.01 59874 4.91023e-07 3.89147e-07 5.88491e-07
250 1.45 0.1 0.1 59874 7.31891e-09 5.34117e-11 1.45764e-08
250 1.45 0.1 1 59874 3.02011e-18 5.82503e-40 6.04022e-18
250 1.45 1 0.001 59874 0.000355454 0.000345284 0.00036545
250 1.45 1 0.01 59874 4.9088e-06 3.90939e-06 5.92795e-06
250 1.45 1 0.1 59874 7.31891e-08 5.69699e-10 1.45771e-07
250 1.45 1 1 59874 3.02011e-17 5.82503e-39 6.04022e-17
250 1.45 0.01 0.001 148.41 0.000192683 0.000190227 0.000195195
250 1.45 0.01 0.01 148.41 8.00346e-05 7.85062e-05 8.15298e-05
250 1.45 0.01 0.1 148.41 2.26551e-05 2.19207e-05 2.3389e-05
250 1.45 0.01 1 148.41 1.46743e-06 1.38232e-06 1.55423e-06
250 1.45 0.1 0.001 148.41 0.00192362 0.00189972 0.00194911
250 1.45 0.1 0.01 148.41 0.000799558 0.000784428 0.00081482
250 1.45 0.1 0.1 148.41 0.000226463 0.000219024 0.000233778
250 1.45 0.1 1 148.41 1.46731e-05 1.38419e-05 1.55397e-05
250 1.45 1 0.001 148.41 0.0190366 0.0187914 0.0192737
250 1.45 1 0.01 148.41 0.00794655 0.0077967 0.00809407
250 1.45 1 0.1 148.41 0.00225912 0.0021861 0.0023311
250 1.45 1 1 148.41 0.000146652 0.000138189 0.000155068
250 1.45 0.01 0.001 162755 2.48425e-07 2.20133e-07 2.75196e-07
250 1.45 0.01 0.01 162755 3.1338e-09 1.76806e-09 4.46592e-09
250 1.45 0.01 0.1 162755 3.56966e-18 1.66113e-19 6.89878e-18
250 1.45 0.01 1 162755 1.2459e-102 1.16586e-115 2.49179e-102
250 1.45 0.1 0.001 162755 2.48425e-06 2.20024e-06 2.75982e-06
250 1.45 0.1 0.01 162755 3.1338e-08 1.72701e-08 4.48505e-08
250 1.45 0.1 0.1 162755 3.56966e-17 1.66389e-18 6.89873e-17
250 1.45 0.1 1 162755 1.2459e-101 1.16586e-114 2.49179e-101
250 1.45 1 0.001 162755 2.48425e-05 2.21137e-05 2.75602e-05
250 1.45 1 0.01 162755 3.1338e-07 1.75654e-07 4.4826e-07
250 1.45 1 0.1 162755 3.56966e-16 1.66298e-17 6.89878e-16
250 1.45 1 1 162755 1.2459e-100 1.16586e-113 2.49179e-100
250 1.45 0.01 0.001 403.43 0.000176827 0.000174428 0.000179214
250 1.45 0.01 0.01 403.43 6.86657e-05 6.72902e-05 7.00453e-05
250 1.45 0.01 0.1 403.43 1.73468e-05 1.67329e-05 1.79581e-05
250 1.45 0.01 1 403.43 8.39007e-07 7.75229e-07 9.00183e-07
250 1.45 0.1 0.001 403.43 0.0017653 0.00174135 0.00178897
250 1.45 0.1 0.01 403.43 0.000686207 0.000672389 0.000700101
250 1.45 0.1 0.1 403.43 0.000173424 0.000167475 0.00017948
250 1.45 0.1 1 403.43 8.38945e-06 7.76123e-06 9.03016e-06
250 1.45 1 0.001 403.43 0.017468 0.0172355 0.0176989
250 1.45 1 0.01 403.43 0.00683372 0.0066951 0.00696916
250 1.45 1 0.1 403.43 0.00173147 0.00167162 0.00179271
250 1.45 1 1 403.43 8.38552e-05 7.75302e-05 8.99918e-05
250 1.45 0.01 0.001 1096.63 0.000162802 0.000160582 0.000165008
250 1.45 0.01 0.01 1096.63 5.02383e-05 4.91343e-05 5.13549e-05
250 1.45 0.01 0.1 1096.63 6.17428e-06 5.86956e-06 6.48377e-06
250 1.45 0.01 1 1096.63 9.84463e-08 7.76249e-08 1.19256e-07
250 1.45 0.1 0.001 1096.63 0.00162537 0.00160352 0.00164731
250 1.45 0.1 0.01 1096.63 0.000501956 0.000490763 0.000513258
250 1.45 0.1 0.1 1096.63 6.17122e-05 5.8707e-05 6.46843e-05
250 1.45 0.1 1 1096.63 9.84461e-07 7.75909e-07 1.19068e-06
250 1.45 1 0.001 1096.63 0.0160892 0.015871 0.0163072
250 1.45 1 0.01 1096.63 0.00499262 0.00488517 0.00510347
250 1.45 1 0.1 1096.63 0.000615194 0.000585267 0.000645019
250 1.45 1 1 1096.63 9.84452e-06 7.78445e-06 1.19164e-05
250 1.45 0.01 0.001 2980.96 0.00012001 0.000118221 0.000121781
250 1.45 0.01 0.01 2980.96 2.40213e-05 2.3338e-05 2.47056e-05
250 1.45 0.01 0.1 2980.96 9.57851e-07 8.56636e-07 1.06059e-06
250 1.45 0.01 1 2980.96 8.7759e-09 3.02633e-09 1.42852e-08
250 1.45 0.1 0.001 2980.96 0.00119831 0.00118029 0.00121667
250 1.45 0.1 0.01 2980.96 0.000240012 0.000233253 0.000246599
250 1.45 0.1 0.1 2980.96 9.5765e-06 8.55007e-06 1.06019e-05
250 1.45 0.1 1 2980.96 8.7759e-08 3.13953e-08 1.43593e-07
250 1.45 1 0.001 2980.96 0.0118703 0.0116936 0.0120536
250 1.45 1 0.01 2980.96 0.0023874 0.0023207 0.00245597
250 1.45 1 0.1 2980.96 9.56388e-05 8.56791e-05 0.000106063
250 1.45 1 1 2980.96 8.7759e-07 3.11969e-07 1.4206e-06
250 1.45 0.01 0.001 8103.08 7.49206e-05 7.3581e-05 7.6275e-05
250 1.45 0.01 0.01 8103.08 6.40442e-06 6.12691e-06 6.67865e-06
250 1.45 0.01 0.1 8103.08 5.83229e-08 3.96223e-08 7.69417e-08
250 1.45 0.01 1 8103.08 2.59273e-13 1.35042e-14 5.05042e-13
250 1.45 0.1 0.001 8103.08 0.000747878 0.00073483 0.000760875
250 1.45 0.1 0.01 8103.08 6.39759e-05 6.1205e-05 6.67525e-05
250 1.45 0.1 0.1 8103.08 5.83228e-07 3.92582e-07 7.76613e-07
250 1.45 0.1 1 8103.08 2.59273e-12 1.35042e-13 5.05042e-12
250 1.45 1 0.001 8103.08 0.00739572 0.00726537 0.00752693
250 1.45 1 0.01 8103.08 0.000635452 0.000607028 0.000662731
250 1.45 1 0.1 8103.08 5.83225e-06 3.88898e-06 7.77276e-06
250 1.45 1 1 8103.08 2.59273e-11 9.00384e-13 5.05042e-11
250 1.65 0.01 0.001 0 0.000266975 0.00026412 0.000269789
250 1.65 0.01 0.01 0 9.90868e-05 9.74546e-05 0.000100802
250 1.65 0.01 0.1 0 2.59725e-05 2.52112e-05 2.67459e-05
250 1.65 0.01 1 0 1.70035e-06 1.60853e-06 1.79254e-06
250 1.65 0.1 0.001 0 0.0026631 0.00263356 0.00269111
250 1.65 0.1 0.01 0 0.00098977 0.000973143 0.00100619
250 1.65 0.1 0.1 0 0.000259661 0.00025221 0.000267525
250 1.65 0.1 1 0 1.70029e-05 1.61025e-05 1.79152e-05
250 1.65 1 0.001 0 0.0262236 0.0259453 0.0265081
250 1.65 1 0.01 0 0.00982913 0.00966458 0.0100005
250 1.65 1 0.1 0 0.00259257 0.00251683 0.00266923
250 1.65 1 1 0 0.000169989 0.000160516 0.000178946
250 1.65 0.01 0.001 1 0.000259404 0.000256503 0.000262275
250 1.65 0.01 0.01 1 9.57721e-05 9.41406e-05 9.74111e-05
250 1.65 0.01 0.1 1 2.60251e-05 2.52458e-05 2.67994e-05
250 1.65 0.01 1 1 1.6927e-06 1.60243e-06 1.78746e-06
250 1.65 0.1 0.001 1 0.00258871 0.00256094 0.00261717
250 1.65 0.1 0.01 1 0.000956963 0.000940537 0.000973577
250 1.65 0.1 0.1 1 0.000260171 0.000252395 0.000267906
250 1.65 0.1 1 1 1.69263e-05 1.59993e-05 1.78485e-05
250 1.65 1 0.001 1 0.0255568 0.0252857 0.0258343
250 1.65 1 0.01 1 0.00952192 0.00936006 0.00968071
250 1.65 1 0.1 1 0.00259669 0.00251891 0.0026746
250 1.65 1 1 1 0.000169218 0.000160058 0.000178555
250 1.65 0.01 0.001 2.7 0.000265231 0.000262367 0.000268082
250 1.65 0.01 0.01 2.7 9.74289e-05 9.5752e-05 9.90633e-05
250 1.65 0.01 0.1 2.7 2.65802e-05 2.57923e-05 2.73505e-05
250 1.65 0.01 1 2.7 1.69662e-06 1.6059e-06 1.78724e-06
250 1.65 0.1 0.001 2.7 0.0026465 0.00261867 0.00267464
250 1.65 0.1 0.01 2.7 0.00097361 0.000957116 0.000990017
250 1.65 0.1 0.1 2.7 0.000265753 0.000257896 0.000273567
250 1.65 0.1 1 2.7 1.69662e-05 1.60659e-05 1.78954e-05
250 1.65 1 0.001 2.7 0.0261069 0.0258278 0.0263893
250 1.65 1 0.01 2.7 0.0096934 0.00952784 0.00985653
250 1.65 1 0.1 2.7 0.0026544 0.00257558 0.00273211
250 1.65 1 1 2.7 0.000169661 0.000160554 0.000178944
250 1.65 0.01 0.001 54.6 0.000262618 0.000259757 0.000265435
250 1.65 0.01 0.01 54.6 9.58877e-05 9.43042e-05 9.75145e-05
250 1.65 0.01 0.1 54.6 2.54966e-05 2.47449e-05 2.62485e-05
250 1.65 0.01 1 54.6 1.52214e-06 1.43388e-06 1.6089e-06
250 1.65 0.1 0.001 54.6 0.00262065 0.00259255 0.00264892
250 1.65 0.1 0.01 54.6 0.000958218 0.000941794 0.000974508
250 1.65 0.1 0.1 54.6 0.000254922 0.000247559 0.000262421
250 1.65 0.1 1 54.6 1.52208e-05 1.43548e-05 1.6095e-05
250 1.65 1 0.001 54.6 0.0258631 0.0255829 0.0261481
250 1.65 1 0.01 54.6 0.00954105 0.00937738 0.00970335
250 1.65 1 0.1 54.6 0.00254645 0.00246997 0.00262078
250 1.65 1 1 54.6 0.000152168 0.000143589 0.000160783
250 1.65 0.01 0.001 7.39 0.000264506 0.000261683 0.000267404
250 1.65 0.01 0.01 7.39 9.71082e-05 9.54797e-05 9.87786e-05
250 1.65 0.01 0.1 7.39 2.63642e-05 2.55839e-05 2.70988e-05
250 1.65 0.01 1 7.39 1.63778e-06 1.55016e-06 1.72733e-06
250 1.65 0.1 0.001 7.39 0.00263947 0.00261194 0.00266823
250 1.65 0.1 0.01 7.39 0.000970318 0.000953518 0.000986949
250 1.65 0.1 0.1 7.39 0.000263575 0.000255703 0.000271511
250 1.65 0.1 1 7.39 1.63778e-05 1.54955e-05 1.72928e-05
250 1.65 1 0.001 7.39 0.026049 0.02577 0.026329
250 1.65 1 0.01 7.39 0.00965543 0.00949104 0.00981545
250 1.65 1 0.1 7.39 0.0026315 0.00255526 0.00270795
250 1.65 1 1 7.39 0.000163777 0.000154673 0.000172541
250 1.65 0.01 0.001 20.09 0.000264419 0.0002616 0.000267285
250 1.65 0.01 0.01 20.09 9.82226e-05 9.65419e-05 9.98999e-05
250 1.65 0.01 0.1 20.09 2.69069e-05 2.61038e-05 2.76976e-05
250 1.65 0.01 1 20.09 1.73324e-06 1.64006e-06 1.82578e-06
250 1.65 0.1 0.001 20.09 0.002638 0.00260953 0.00266602
250 1.65 0.1 0.01 20.09 0.000981229 0.000964356 0.000998057
250 1.65 0.1 0.1 20.09 0.000268908 0.000261034 0.000276853
250 1.65 0.1 1 20.09 1.73321e-05 1.64034e-05 1.82391e-05
250 1.65 1 0.001 20.09 0.0259967 0.0257166 0.0262779
250 1.65 1 0.01 20.09 0.00975034 0.00958451 0.00991725
250 1.65 1 0.1 20.09 0.00267888 0.00260083 0.00276001
250 1.65 1 1 20.09 0.000173303 0.000164259 0.000182594
250 1.65 0.01 0.001 22026 2.08922e-05 2.02967e-05 2.14581e-05
250 1.65 0.01 0.01 22026 2.90944e-07 2.41871e-07 3.39943e-07
250 1.65 0.01 0.1 22026 2.44677e-09 1.35365e-11 4.87915e-09
250 1.65 0.01 1 22026 2.76576e-20 7.21941e-43 5.53152e-20
250 1.65 0.1 0.001 22026 0.000208514 0.000202902 0.000214336
250 1.65 0.1 0.01 22026 2.9088e-06 2.41549e-06 3.40642e-06
250 1.65 0.1 0.1 22026 2.44677e-08 1.35148e-10 4.87914e-08
250 1.65 0.1 1 22026 2.76576e-19 7.21941e-42 5.53152e-19
250 1.65 1 0.001 22026 0.00205985 0.00200251 0.00211765
250 1.65 1 0.01 22026 2.90478e-05 2.41365e-05 3.39517e-05
250 1.65 1 0.1 22026 2.44677e-07 1.35541e-09 4.87913e-07
250 1.65 1 1 22026 2.76576e-18 7.21941e-41 5.53152e-18
250 1.65 0.01 0.001 59874 1.13304e-06 1.07754e-06 1.18986e-06
250 1.65 0.01 0.01 59874 4.92329e-09 3.42748e-09 6.40231e-09
250 1.65 0.01 0.1 59874 4.88568e-18 7.37813e-19 8.95187e-18
250 1.65 0.01 1 59874 9.206e-102 2.56798e-111 1.8412e-101
250 1.65 0.1 0.001 59874 1.13162e-05 1.07607e-05 1.18785e-05
250 1.65 0.1 0.01 59874 4.92224e-08 3.39812e-08 6.4129e-08
250 1.65 0.1 0.1 59874 4.88568e-17 7.37811e-18 8.95192e-17
250 1.65 0.1 1 59874 9.206e-101 2.56798e-110 1.8412e-100
250 1.65 1 0.001 59874 0.000112263 0.000106774 0.000117912
250 1.65 1 0.01 59874 4.91558e-07 3.41747e-07 6.45109e-07
250 1.65 1 0.1 59874 4.88568e-16 7.37758e-17 8.95187e-16
250 1.65 1 1 59874 9.206e-100 2.56798e-109 1.8412e-99
250 1.65 0.01 0.001 148.41 0.000260801 0.000257975 0.000263665
250 1.65 0.01 0.01 148.41 9.49951e-05 9.33396e-05 9.66284e-05
250 1.65 0.01 0.1 148.41 2.47878e-05 2.4028e-05 2.55246e-05
250 1.65 0.01 1 148.41 1.54924e-06 1.46232e-06 1.63515e-06
250 1.65 0.1 0.001 148.41 0.00260229 0.00257306 0.00263001
250 1.65 0.1 0.01 148.41 0.000949183 0.000932922 0.000965617
250 1.65 0.1 0.1 148.41 0.000247841 0.000240308 0.000255212
250 1.65 0.1 1 148.41 1.54924e-05 1.46291e-05 1.63777e-05
250 1.65 1 0.001 148.41 0.0256664 0.0253937 0.0259406
250 1.65 1 0.01 148.41 0.00944343 0.0092844 0.00960265
250 1.65 1 0.1 148.41 0.0024761 0.00240004 0.00255217
250 1.65 1 1 148.41 0.000154924 0.00014609 0.000163865
250 1.65 0.01 0.001 162755 5.36746e-08 4.05492e-08 6.66054e-08
250 1.65 0.01 0.01 162755 2.8487e-10 6.05743e-11 4.98586e-10
250 1.65 0.01 0.1 162755 1.51925e-24 1.2633e-30 3.0385e-24
250 1.65 0.01 1 162755 4.88076e-166 7.71365e-227 9.76152e-166
250 1.65 0.1 0.001 162755 5.34579e-07 4.03992e-07 6.64455e-07
250 1.65 0.1 0.01 162755 2.84863e-09 6.12504e-10 4.98839e-09
250 1.65 0.1 0.1 162755 1.51925e-23 1.2633e-29 3.0385e-23
250 1.65 0.1 1 162755 4.88076e-165 7.71365e-226 9.76152e-165
250 1.65 1 0.001 162755 5.20923e-06 3.93849e-06 6.44942e-06
250 1.65 1 0.01 162755 2.84817e-08 6.04838e-09 4.99638e-08
250 1.65 1 0.1 162755 1.51925e-22 1.2633e-28 3.0385e-22
250 1.65 1 1 162755 4.88076e-164 7.71365e-225 9.76152e-164
250 1.65 0.01 0.001 403.43 0.000256438 0.000253655 0.000259268
250 1.65 0.01 0.01 403.43 8.75753e-05 8.60847e-05 8.91074e-05
250 1.65 0.01 0.1 403.43 1.92317e-05 1.86005e-05 1.98691e-05
250 1.65 0.01 1 403.43 8.74123e-07 8.11074e-07 9.37656e-07
250 1.65 0.1 0.001 403.43 0.00255818 0.00253017 0.00258556
250 1.65 0.1 0.01 403.43 0.000874901 0.000859465 0.000890356
250 1.65 0.1 0.1 403.43 0.000192214 0.000185799 0.000198629
250 1.65 0.1 1 403.43 8.74059e-06 8.11334e-06 9.37688e-06
250 1.65 1 0.001 403.43 0.0251979 0.0249244 0.0254739
250 1.65 1 0.01 403.43 0.00869638 0.00854152 0.00884899
250 1.65 1 0.1 403.43 0.00191575 0.00185256 0.00197876
250 1.65 1 1 403.43 8.7365e-05 8.07881e-05 9.36787e-05
250 1.65 0.01 0.001 1096.63 0.000223984 0.000221462 0.000226561
250 1.65 0.01 0.01 1096.63 6.00404e-05 5.88705e-05 6.12348e-05
250 1.65 0.01 0.1 1096.63 6.71893e-06 6.4045e-06 7.04347e-06
250 1.65 0.01 1 1096.63 1.06154e-07 8.5009e-08 1.27825e-07
250 1.65 0.1 0.001 1096.63 0.00223481 0.00220947 0.00226011
250 1.65 0.1 0.01 1096.63 0.000599953 0.000588218 0.000611763
250 1.65 0.1 0.1 1096.63 6.71753e-05 6.40383e-05 7.04519e-05
250 1.65 0.1 1 1096.63 1.06154e-06 8.45007e-07 1.27572e-06
250 1.65 1 0.001 1096.63 0.0220397 0.0217948 0.0222932
250 1.65 1 0.01 1096.63 0.00597156 0.00585087 0.00609032
250 1.65 1 0.1 1096.63 0.00067087 0.000639982 0.000701635
250 1.65 1 1 1096.63 1.06153e-05 8.49675e-06 1.27245e-05
250 1.65 0.01 0.001 2980.96 0.000165885 0.00016381 0.000167997
250 1.65 0.01 0.01 2980.96 2.67064e-05 2.60384e-05 2.73699e-05
250 1.65 0.01 0.1 2980.96 6.41717e-07 5.65918e-07 7.17431e-07
250 1.65 0.01 1 2980.96 1.79156e-09 8.58752e-10 2.79477e-09
250 1.65 0.1 0.001 2980.96 0.00165504 0.00163353 0.00167604
250 1.65 0.1 0.01 2980.96 0.000266877 0.00026013 0.000273727
250 1.65 0.1 0.1 2980.96 6.41689e-06 5.65267e-06 7.16854e-06
250 1.65 0.1 1 2980.96 1.79156e-08 8.58783e-09 2.81371e-08
250 1.65 1 0.001 2980.96 0.0163169 0.0161102 0.0165208
250 1.65 1 0.01 2980.96 0.00265702 0.0025894 0.00272346
250 1.65 1 0.1 2980.96 6.41514e-05 5.6567e-05 7.18827e-05
250 1.65 1 1 2980.96 1.79156e-07 8.47123e-08 2.74927e-07
250 1.65 0.01 0.001 8103.08 9.17649e-05 9.03439e-05 9.31636e-05
250 1.65 0.01 0.01 8103.08 5.11471e-06 4.88713e-06 5.33645e-06
250 1.65 0.01 0.1 8103.08 2.3513e-08 1.25553e-08 3.40395e-08
250 1.65 0.01 1 8103.08 3.32614e-14 2.04401e-19 6.65225e-14
250 1.65 0.1 0.001 8103.08 0.000915768 0.000901816 0.00093004
250 1.65 0.1 0.01 8103.08 5.11036e-05 4.88066e-05 5.33553e-05
250 1.65 0.1 0.1 8103.08 2.3513e-07 1.26799e-07 3.43094e-07
250 1.65 0.1 1 8103.08 3.32614e-13 2.04401e-18 6.65225e-13
250 1.65 1 0.001 8103.08 0.00904005 0.00889936 0.0091806
250 1.65 1 0.01 8103.08 0.000508331 0.000486193 0.000530983
250 1.65 1 0.1 8103.08 2.3513e-06 1.27444e-06 3.39535e-06
250 1.65 1 1 8103.08 3.32614e-12 2.04401e-17 6.65225e-12
250 1.85 0.01 0.001 0 0.000347626 0.000344465 0.000350851
250 1.85 0.01 0.01 0 0.000115472 0.000113731 0.000117248
250 1.85 0.01 0.1 0 2.7625e-05 2.68408e-05 2.8403e-05
250 1.85 0.01 1 0 1.69841e-06 1.6063e-06 1.78901e-06
250 1.85 0.1 0.001 0 0.00346649 0.00343413 0.0034981
250 1.85 0.1 0.01 0 0.00115349 0.00113599 0.00117133
250 1.85 0.1 0.1 0 0.000276152 0.000268419 0.000284053
250 1.85 0.1 1 0 1.69841e-05 1.60665e-05 1.79089e-05
250 1.85 1 0.001 0 0.0340636 0.03375 0.03438
250 1.85 1 0.01 0 0.0114587 0.0112835 0.0116308
250 1.85 1 0.1 0 0.0027553 0.00267569 0.0028333
250 1.85 1 1 0 0.00016984 0.000160594 0.00017883
250 1.85 0.01 0.001 1 0.000344168 0.000340901 0.000347359
250 1.85 0.01 0.01 1 0.00011373 0.000111928 0.000115508
250 1.85 0.01 0.1 1 2.83145e-05 2.75215e-05 2.91117e-05
250 1.85 0.01 1 1 1.74956e-06 1.6574e-06 1.84146e-06
250 1.85 0.1 0.001 1 0.00343291 0.00340125 0.00346559
250 1.85 0.1 0.01 1 0.00113638 0.00111878 0.00115353
250 1.85 0.1 0.1 1 0.000283105 0.00027512 0.000290964
250 1.85 0.1 1 1 1.7495e-05 1.6559e-05 1.84462e-05
250 1.85 1 0.001 1 0.0337831 0.0334729 0.0340955
250 1.85 1 0.01 1 0.0113059 0.0111301 0.011478
250 1.85 1 0.1 1 0.00282852 0.00274822 0.00290769
250 1.85 1 1 1 0.000174911 0.000165734 0.000184217
250 1.85 0.01 0.001 2.7 0.00034301 0.000339857 0.00034623
250 1.85 0.01 0.01 2.7 0.00011203 0.000110273 0.000113743
250 1.85 0.01 0.1 2.7 2.87266e-05 2.78962e-05 2.95383e-05
250 1.85 0.01 1 2.7 1.87637e-06 1.78139e-06 1.97315e-06
250 1.85 0.1 0.001 2.7 0.00342108 0.00338883 0.00345271
250 1.85 0.1 0.01 2.7 0.00111938 0.0011022 0.0011368
250 1.85 0.1 0.1 2.7 0.000287227 0.00027906 0.000295441
250 1.85 0.1 1 2.7 1.87637e-05 1.77932e-05 1.97208e-05
250 1.85 1 0.001 2.7 0.0336521 0.0333355 0.0339599
250 1.85 1 0.01 2.7 0.0111357 0.0109624 0.0113091
250 1.85 1 0.1 2.7 0.00286978 0.00278927 0.00295202
250 1.85 1 1 2.7 0.000187637 0.00017802 0.00019727
250 1.85 0.01 0.001 54.6 0.00034727 0.00034402 0.000350498
250 1.85 0.01 0.01 54.6 0.000113729 0.000111973 0.000115473
250 1.85 0.01 0.1 54.6 2.82839e-05 2.74748e-05 2.90849e-05
250 1.85 0.01 1 54.6 1.77208e-06 1.68131e-06 1.866e-06
250 1.85 0.1 0.001 54.6 0.00346243 0.00343075 0.00349475
250 1.85 0.1 0.01 54.6 0.00113598 0.00111828 0.00115351
250 1.85 0.1 0.1 54.6 0.000282779 0.000274666 0.000290747
250 1.85 0.1 1 54.6 1.77208e-05 1.67856e-05 1.86591e-05
250 1.85 1 0.001 54.6 0.0339843 0.0336703 0.0343007
250 1.85 1 0.01 54.6 0.0112771 0.0111006 0.0114564
250 1.85 1 0.1 54.6 0.00282402 0.00274336 0.00290329
250 1.85 1 1 54.6 0.000177208 0.000168123 0.000186519
250 1.85 0.01 0.001 7.39 0.000345506 0.000342272 0.000348699
250 1.85 0.01 0.01 7.39 0.000113448 0.000111685 0.000115237
250 1.85 0.01 0.1 7.39 2.81707e-05 2.73805e-05 2.89779e-05
250 1.85 0.01 1 7.39 1.7234e-06 1.6326e-06 1.81548e-06
250 1.85 0.1 0.001 7.39 0.0034453 0.00341384 0.00347725
250 1.85 0.1 0.01 7.39 0.00113334 0.00111554 0.00115145
250 1.85 0.1 0.1 7.39 0.000281627 0.000273477 0.000289419
250 1.85 0.1 1 7.39 1.72333e-05 1.63293e-05 1.8139e-05
250 1.85 1 0.001 7.39 0.0338502 0.0335374 0.0341575
250 1.85 1 0.01 7.39 0.0112614 0.0110938 0.0114309
250 1.85 1 0.1 7.39 0.00281123 0.00273285 0.00289223
250 1.85 1 1 7.39 0.000172293 0.000162975 0.000181338
250 1.85 0.01 0.001 20.09 0.0003459 0.00034267 0.000349068
250 1.85 0.01 0.01 20.09 0.000113 0.00011122 0.000114713
250 1.85 0.01 0.1 20.09 2.79844e-05 2.71905e-05 2.87795e-05
250 1.85 0.01 1 20.09 1.72195e-06 1.6301e-06 1.81485e-06
250 1.85 0.1 0.001 20.09 0.00344911 0.00341732 0.00348068
250 1.85 0.1 0.01 20.09 0.0011287 0.00111093 0.00114655
250 1.85 0.1 0.1 20.09 0.000279742 0.000271816 0.000287845
250 1.85 0.1 1 20.09 1.72183e-05 1.63024e-05 1.81365e-05
250 1.85 1 0.001 20.09 0.0338807 0.0335705 0.0341933
250 1.85 1 0.01 20.09 0.0112057 0.0110304 0.0113787
250 1.85 1 0.1 20.09 0.00279102 0.0027122 0.00287097
250 1.85 1 1 20.09 0.000172104 0.000162869 0.000180983
250 1.85 0.01 0.001 22026 1.06351e-05 1.02566e-05 1.1031e-05
250 1.85 0.01 0.01 22026 1.07985e-07 6.87079e-08 1.48042e-07
250 1.85 0.01 0.1 22026 1.4562e-09 1.21103e-10 2.79113e-09
250 1.85 0.01 1 22026 6.85563e-23 2.58809e-33 1.37113e-22
250 1.85 0.1 0.001 22026 0.000106118 0.000102284 0.000109944
250 1.85 0.1 0.01 22026 1.07792e-06 6.85297e-07 1.47097e-06
250 1.85 0.1 0.1 22026 1.4562e-08 1.21103e-09 2.79113e-08
250 1.85 0.1 1 22026 6.85563e-22 2.58809e-32 1.37113e-21
250 1.85 1 0.001 22026 0.00104735 0.00101112 0.00108597
250 1.85 1 0.01 22026 1.0658e-05 6.63526e-06 1.46117e-05
250 1.85 1 0.1 22026 1.4562e-07 1.21103e-08 2.79113e-07
250 1.85 1 1 22026 6.85563e-21 2.58809e-31 1.37113e-20
250 1.85 0.01 0.001 59874 1.49452e-07 1.28087e-07 1.71258e-07
250 1.85 0.01 0.01 59874 6.14112e-10 1.64672e-10 1.03826e-09
250 1.85 0.01 0.1 59874 1.36406e-21 8.38105e-27 2.72812e-21
250 1.85 0.01 1 59874 1.66155e-136 1.27401e-188 3.32309e-136
250 1.85 0.1 0.001 59874 1.4846e-06 1.27265e-06 1.69359e-06
250 1.85 0.1 0.01 59874 6.13955e-09 1.58611e-09 1.03772e-08
250 1.85 0.1 0.1 59874 1.36406e-20 8.38105e-26 2.72812e-20
250 1.85 0.1 1 59874 1.66155e-135 1.27401e-187 3.32309e-135
250 1.85 1 0.001 59874 1.42211e-05 1.23048e-05 1.62149e-05
250 1.85 1 0.01 59874 6.12968e-08 1.58234e-08 1.03104e-07
250 1.85 1 0.1 59874 1.36406e-19 8.38105e-25 2.72812e-19
250 1.85 1 1 59874 1.66155e-134 1.27401e-186 3.32309e-134
250 1.85 0.01 0.001 148.41 0.000342464 0.000339312 0.000345685
250 1.85 0.01 0.01 148.41 0.000110969 0.000109226 0.000112687
250 1.85 0.01 0.1 148.41 2.62228e-05 2.54726e-05 2.699e-05
250 1.85 0.01 1 148.41 1.51794e-06 1.43196e-06 1.60635e-06
250 1.85 0.1 0.001 148.41 0.0034153 0.00338387 0.00344729
250 1.85 0.1 0.01 148.41 0.00110878 0.00109184 0.00112605
250 1.85 0.1 0.1 148.41 0.000262191 0.000254462 0.000269952
250 1.85 0.1 1 148.41 1.51794e-05 1.43432e-05 1.60351e-05
250 1.85 1 0.001 148.41 0.0335739 0.0332728 0.0338887
250 1.85 1 0.01 148.41 0.0110307 0.0108587 0.011205
250 1.85 1 0.1 148.41 0.0026196 0.00254461 0.00269456
250 1.85 1 1 148.41 0.000151794 0.000143281 0.000160475
250 1.85 0.01 0.001 162755 6.16796e-09 2.81635e-09 1.00548e-08
250 1.85 0.01 0.01 162755 1.5666e-12 2.33914e-13 2.89929e-12
250 1.85 0.01 0.1 162755 1.31665e-46 3.65381e-54 2.6333e-46
250 1.85 0.01 1 162755 0 0 0
250 1.85 0.1 0.001 162755 6.16796e-08 2.81635e-08 1.00548e-07
250 1.85 0.1 0.01 162755 1.5666e-11 2.33914e-12 2.89929e-11
250 1.85 0.1 0.1 162755 1.31665e-45 3.65381e-53 2.6333e-45
250 1.85 0.1 1 162755 0 0 0
250 1.85 1 0.001 162755 6.16796e-07 2.81635e-07 1.00548e-06
250 1.85 1 0.01 162755 1.5666e-10 2.33914e-11 2.89929e-10
250 1.85 1 0.1 162755 1.31665e-44 3.65381e-52 2.6333e-44
250 1.85 1 1 162755 0 0 0
250 1.85 0.01 0.001 403.43 0.000333031 0.000329911 0.000336124
250 1.85 0.01 0.01 403.43 9.99687e-05 9.83104e-05 0.000101579
250 1.85 0.01 0.1 403.43 2.00527e-05 1.94055e-05 2.06918e-05
250 1.85 0.01 1 403.43 8.06348e-07 7.45758e-07 8.6799e-07
250 1.85 0.1 0.001 403.43 0.00332105 0.0032897 0.00335266
250 1.85 0.1 0.01 403.43 0.000998712 0.000982531 0.00101475
250 1.85 0.1 0.1 403.43 0.000200479 0.00019409 0.000206928
250 1.85 0.1 1 403.43 8.06285e-06 7.4478e-06 8.67901e-06
250 1.85 1 0.001 403.43 0.0326345 0.0323284 0.0329354
250 1.85 1 0.01 403.43 0.00992662 0.00976868 0.0100867
250 1.85 1 0.1 403.43 0.00200181 0.00193721 0.00206552
250 1.85 1 1 403.43 8.05892e-05 7.44886e-05 8.68087e-05
250 1.85 0.01 0.001 1096.63 0.000293936 0.00029104 0.000296878
250 1.85 0.01 0.01 1096.63 7.07106e-05 6.94682e-05 7.19922e-05
250 1.85 0.01 0.1 1096.63 6.68527e-06 6.38905e-06 6.98488e-06
250 1.85 0.01 1 1096.63 4.29164e-08 3.15549e-08 5.39728e-08
250 1.85 0.1 0.001 1096.63 0.00293099 0.00290152 0.00296022
250 1.85 0.1 0.01 1096.63 0.000706417 0.000693656 0.000719249
250 1.85 0.1 0.1 1096.63 6.68364e-05 6.38659e-05 6.98333e-05
250 1.85 0.1 1 1096.63 4.29164e-07 3.15208e-07 5.42997e-07
250 1.85 1 0.001 1096.63 0.0287914 0.0285114 0.0290689
250 1.85 1 0.01 1096.63 0.00702118 0.0068964 0.00714531
250 1.85 1 0.1 1096.63 0.00066734 0.000637713 0.000696817
250 1.85 1 1 1096.63 4.29164e-06 3.15963e-06 5.40912e-06
250 1.85 0.01 0.001 2980.96 0.00020941 0.000207121 0.000211745
250 1.85 0.01 0.01 2980.96 2.59672e-05 2.53153e-05 2.66019e-05
250 1.85 0.01 0.1 2980.96 3.74109e-07 3.26727e-07 4.21945e-07
250 1.85 0.01 1 2980.96 1.03264e-10 3.80094e-12 2.0245e-10
250 1.85 0.1 0.001 2980.96 0.00208837 0.00206502 0.00211152
250 1.85 0.1 0.01 2980.96 0.000259333 0.00025301 0.000265477
250 1.85 0.1 0.1 2980.96 3.74062e-06 3.27022e-06 4.2359e-06
250 1.85 0.1 1 2980.96 1.03264e-09 3.80353e-11 2.0248e-09
250 1.85 1 0.001 2980.96 0.0205276 0.0202999 0.020751
250 1.85 1 0.01 2980.96 0.00257208 0.00250929 0.00263332
250 1.85 1 0.1 2980.96 3.73769e-05 3.25732e-05 4.22085e-05
250 1.85 1 1 2980.96 1.03264e-08 3.83375e-10 2.02447e-08
250 1.85 0.01 0.001 8103.08 9.16931e-05 9.03093e-05 9.30255e-05
250 1.85 0.01 0.01 8103.08 2.66277e-06 2.52772e-06 2.79376e-06
250 1.85 0.01 0.1 8103.08 1.1139e-09 6.5051e-10 1.56649e-09
250 1.85 0.01 1 8103.08 5.73086e-29 2.8261e-31 1.14315e-28
250 1.85 0.1 0.001 8103.08 0.000914574 0.000900741 0.000928075
250 1.85 0.1 0.01 8103.08 2.66008e-05 2.52379e-05 2.79215e-05
250 1.85 0.1 0.1 8103.08 1.1139e-08 6.6146e-09 1.57371e-08
250 1.85 0.1 1 8103.08 5.73086e-28 2.82961e-30 1.14315e-27
250 1.85 1 0.001 8103.08 0.0089994 0.00886692 0.00912884
250 1.85 1 0.01 8103.08 0.000264312 0.000251372 0.000277599
250 1.85 1 0.1 8103.08 1.1139e-07 6.53392e-08 1.55885e-07
250 1.85 1 1 8103.08 5.73086e-27 2.8261e-29 1.14315e-26
250 1 0.01 0.001 0 7.7111e-05 7.54703e-05 7.87533e-05
250 1 0.01 0.01 0 4.88426e-05 4.75454e-05 5.00973e-05
250 1 0.01 0.1 0 2.11874e-05 2.04451e-05 2.19259e-05
250 1 0.01 1 0 1.75858e-06 1.66187e-06 1.85206e-06
250 1 0.1 0.001 0 0.000770733 0.000754126 0.000786794
250 1 0.1 0.01 0 0.000488311 0.000475464 0.000500621
250 1 0.1 0.1 0 0.000211873 0.000204428 0.00021914
250 1 0.1 1 0 1.75858e-05 1.66564e-05 1.8532e-05
250 1 1 0.001 0 0.00768356 0.00751638 0.00784497
250 1 1 0.01 0 0.00487582 0.00474984 0.00500144
250 1 1 0.1 0 0.00211866 0.00204633 0.00219172
250 1 1 1 0 0.000175858 0.000166701 0.000185459
250 1 0.01 0.001 1 7.78328e-05 7.61833e-05 7.94996e-05
250 1 0.01 0.01 1 4.90666e-05 4.77847e-05 5.03286e-05
250 1 0.01 0.1 1 2.06995e-05 1.99652e-05 2.14234e-05
250 1 0.01 1 1 1.74921e-06 1.65401e-06 1.84216e-06
250 1 0.1 0.001 1 0.000777891 0.00076127 0.000794676
250 1 0.1 0.01 1 0.000490528 0.000477884 0.000502788
250 1 0.1 0.1 1 0.000206983 0.000199696 0.000214363
250 1 0.1 1 1 1.74921e-05 1.65661e-05 1.84029e-05
250 1 1 0.001 1 0.00775136 0.00758613 0.00791812
250 1 1 0.01 1 0.00489663 0.00477069 0.00502338
250 1 1 0.1 1 0.00206908 0.00199819 0.0021428
250 1 1 1 1 0.000174921 0.000165575 0.000184139
250 1 0.01 0.001 2.7 7.88032e-05 7.71436e-05 8.0472e-05
250 1 0.01 0.01 2.7 4.96993e-05 4.84088e-05 5.09447e-05
250 1 0.01 0.1 2.7 2.08322e-05 2.01098e-05 2.15769e-05
250 1 0.01 1 2.7 1.6957e-06 1.60397e-06 1.78827e-06
250 1 0.1 0.001 2.7 0.00078763 0.000771247 0.000804023
250 1 0.1 0.01 2.7 0.000496839 0.000484076 0.000509324
250 1 0.1 0.1 2.7 0.000208294 0.000201066 0.000215804
250 1 0.1 1 2.7 1.69564e-05 1.60462e-05 1.78519e-05
250 1 1 0.001 2.7 0.00785097 0.00768196 0.0080176
250 1 1 0.01 2.7 0.00495868 0.00483208 0.00508641
250 1 1 0.1 2.7 0.00208116 0.00200757 0.00215423
250 1 1 1 2.7 0.000169525 0.000160316 0.000178815
250 1 0.01 0.001 54.6 7.98361e-05 7.81365e-05 8.15068e-05
250 1 0.01 0.01 54.6 5.21269e-05 5.08105e-05 5.34699e-05
250 1 0.01 0.1 54.6 2.31055e-05 2.23412e-05 2.38707e-05
250 1 0.01 1 54.6 1.96988e-06 1.8694e-06 2.06942e-06
250 1 0.1 0.001 54.6 0.000797957 0.000781444 0.000814963
250 1 0.1 0.01 54.6 0.000521032 0.000507656 0.000533937
250 1 0.1 0.1 54.6 0.00023098 0.000223357 0.000238841
250 1 0.1 1 54.6 1.9698e-05 1.86905e-05 2.06993e-05
250 1 1 0.001 54.6 0.00795407 0.00778944 0.00812489
250 1 1 0.01 54.6 0.00519533 0.00505953 0.00532345
250 1 1 0.1 54.6 0.00230506 0.00222907 0.00238246
250 1 1 1 54.6 0.000196936 0.000186901 0.000206782
250 1 0.01 0.001 7.39 7.89296e-05 7.72771e-05 8.06314e-05
250 1 0.01 0.01 7.39 5.10021e-05 4.97082e-05 5.22946e-05
250 1 0.01 0.1 7.39 2.20425e-05 2.13079e-05 2.28089e-05
250 1 0.01 1 7.39 1.84399e-06 1.74533e-06 1.94085e-06
250 1 0.1 0.001 7.39 0.000788706 0.000771595 0.000805494
250 1 0.1 0.01 7.39 0.00050974 0.000496929 0.000522758
250 1 0.1 0.1 7.39 0.000220397 0.00021322 0.000227765
250 1 0.1 1 7.39 1.84399e-05 1.74913e-05 1.93854e-05
250 1 1 0.001 7.39 0.0078499 0.0076861 0.00801495
250 1 1 0.01 7.39 0.0050797 0.00495082 0.00520491
250 1 1 0.1 7.39 0.00220223 0.00212706 0.00227604
250 1 1 1 7.39 0.000184399 0.000174636 0.000194106
250 1 0.01 0.001 20.09 7.76769e-05 7.60619e-05 7.93322e-05
250 1 0.01 0.01 20.09 4.87516e-05 4.7505e-05 5.00227e-05
250 1 0.01 0.1 20.09 2.12767e-05 2.05414e-05 2.20257e-05
250 1 0.01 1 20.09 1.82131e-06 1.72495e-06 1.91402e-06
250 1 0.1 0.001 20.09 0.000776254 0.000759813 0.000792842
250 1 0.1 0.01 20.09 0.000487339 0.000474691 0.000499679
250 1 0.1 0.1 20.09 0.000212742 0.00020524 0.000220331
250 1 0.1 1 20.09 1.82131e-05 1.72742e-05 1.91754e-05
250 1 1 0.001 20.09 0.00773009 0.00756542 0.00789134
250 1 1 0.01 20.09 0.00486224 0.00473608 0.00499036
250 1 1 0.1 20.09 0.00212586 0.00205054 0.00219842
250 1 1 1 20.09 0.000182131 0.0001726 0.000191682
250 1 0.01 0.001 22026 1.52027e-05 1.45535e-05 1.58466e-05
250 1 0.01 0.01 22026 1.80657e-06 1.65267e-06 1.9641e-06
250 1 0.01 0.1 22026 3.39037e-08 1.07911e-08 5.608e-08
250 1 0.01 1 22026 9.91501e-11 2.08109e-19 1.983e-10
250 1 0.1 0.001 22026 0.000151949 0.000145676 0.00015812
250 1 0.1 0.01 22026 1.80613e-05 1.65081e-05 1.96507e-05
250 1 0.1 0.1 22026 3.39037e-07 1.08167e-07 5.64756e-07
250 1 0.1 1 22026 9.91501e-10 2.08119e-18 1.983e-09
250 1 1 0.001 22026 0.0015146 0.00145434 0.00157614
250 1 1 0.01 22026 0.000180337 0.000165054 0.000195854
250 1 1 0.1 22026 3.39037e-06 1.0993e-06 5.62274e-06
250 1 1 1 22026 9.91501e-09 2.08109e-17 1.983e-08
250 1 0.01 0.001 59874 8.58237e-06 8.38583e-06 8.7823e-06
250 1 0.01 0.01 59874 4.47487e-07 4.16502e-07 4.78807e-07
250 1 0.01 0.1 59874 6.11158e-09 3.2578e-09 8.89042e-09
250 1 0.01 1 59874 7.55505e-15 9.00583e-16 1.42073e-14
250 1 0.1 0.001 59874 8.57586e-05 8.38641e-05 8.77025e-05
250 1 0.1 0.01 59874 4.4716e-06 4.15951e-06 4.7843e-06
250 1 0.1 0.1 59874 6.11155e-08 3.18528e-08 8.98266e-08
250 1 0.1 1 59874 7.55505e-14 9.00589e-15 1.42073e-13
250 1 1 0.001 59874 0.000853605 0.00083418 0.000873093
250 1 1 0.01 59874 4.45105e-05 4.14043e-05 4.76416e-05
250 1 1 0.1 59874 6.11135e-07 3.24718e-07 8.93651e-07
250 1 1 1 59874 7.55505e-13 9.00292e-14 1.4207e-12
250 1 0.01 0.001 148.41 7.49011e-05 7.32758e-05 7.6549e-05
250 1 0.01 0.01 148.41 4.64303e-05 4.52201e-05 4.76705e-05
250 1 0.01 0.1 148.41 1.9011e-05 1.83045e-05 1.96875e-05
250 1 0.01 1 148.41 1.39877e-06 1.31703e-06 1.48082e-06
250 1 0.1 0.001 148.41 0.000748533 0.000731888 0.000764692
250 1 0.1 0.01 148.41 0.000464141 0.000451643 0.000476124
250 1 0.1 0.1 148.41 0.000190098 0.000183219 0.000197031
250 1 0.1 1 148.41 1.39877e-05 1.31601e-05 1.48249e-05
250 1 1 0.001 148.41 0.00745516 0.00729534 0.0076168
250 1 1 0.01 148.41 0.00463124 0.00450632 0.00475448
250 1 1 0.1 148.41 0.00190023 0.00183148 0.00196877
250 1 1 1 148.41 0.000139877 0.000131742 0.000148285
250 1 0.01 0.001 162755 2.55091e-06 2.455e-06 2.64759e-06
250 1 0.01 0.01 162755 5.92633e-08 5.09482e-08 6.75358e-08
250 1 0.01 0.1 162755 1.44777e-12 2.01278e-13 2.63712e-12
250 1 0.01 1 162755 4.84368e-47 9.98357e-56 9.68736e-47
250 1 0.1 0.001 162755 2.54945e-05 2.45548e-05 2.64624e-05
250 1 0.1 0.01 162755 5.92462e-07 5.07679e-07 6.75566e-07
250 1 0.1 0.1 162755 1.44777e-11 2.01598e-12 2.65253e-11
250 1 0.1 1 162755 4.84368e-46 9.98357e-55 9.68736e-46
250 1 1 0.001 162755 0.00025403 0.000244566 0.000263405
250 1 1 0.01 162755 5.91382e-06 5.06802e-06 6.75229e-06
250 1 1 0.1 162755 1.44777e-10 2.05471e-11 2.65777e-10
250 1 1 1 162755 4.84368e-45 9.98357e-54 9.68736e-45
250 1 0.01 0.001 403.43 6.39064e-05 6.23923e-05 6.53717e-05
250 1 0.01 0.01 403.43 3.6278e-05 3.51907e-05 3.73241e-05
250 1 0.01 0.1 403.43 1.13979e-05 1.09177e-05 1.18897e-05
250 1 0.01 1 403.43 5.31401e-07 4.8248e-07 5.81643e-07
250 1 0.1 0.001 403.43 0.00063877 0.000623973 0.000653747
250 1 0.1 0.01 403.43 0.000362668 0.000352508 0.000373317
250 1 0.1 0.1 403.43 0.00011397 0.000109106 0.000118994
250 1 0.1 1 403.43 5.31401e-06 4.8074e-06 5.80148e-06
250 1 1 0.001 403.43 0.0063692 0.00622012 0.0065196
250 1 1 0.01 403.43 0.0036196 0.00351124 0.00372419
250 1 1 0.1 403.43 0.00113913 0.00109015 0.0011885
250 1 1 1 403.43 5.31401e-05 4.8174e-05 5.818e-05
250 1 0.01 0.001 1096.63 5.21598e-05 5.08238e-05 5.34798e-05
250 1 0.01 0.01 1096.63 2.44722e-05 2.36685e-05 2.52786e-05
250 1 0.01 0.1 1096.63 4.70618e-06 4.42525e-06 4.99442e-06
250 1 0.01 1 1096.63 1.26247e-07 1.02113e-07 1.50625e-07
250 1 0.1 0.001 1096.63 0.000521508 0.000508206 0.000534902
250 1 0.1 0.01 1096.63 0.000244699 0.000236529 0.000252865
250 1 0.1 0.1 1096.63 4.70616e-05 4.40674e-05 4.99663e-05
250 1 0.1 1 1096.63 1.26247e-06 1.02424e-06 1.49274e-06
250 1 1 0.001 1096.63 0.00520937 0.00507844 0.00534453
250 1 1 0.01 1096.63 0.00244554 0.00236479 0.00252702
250 1 1 0.1 1096.63 0.00047061 0.000441751 0.000499008
250 1 1 1 1096.63 1.26247e-05 1.03035e-05 1.50391e-05
250 1 0.01 0.001 2980.96 3.94536e-05 3.83483e-05 4.05813e-05
250 1 0.01 0.01 2980.96 1.43563e-05 1.37644e-05 1.49404e-05
250 1 0.01 0.1 2980.96 1.26681e-06 1.14068e-06 1.39362e-06
250 1 0.01 1 2980.96 1.57e-08 8.15085e-09 2.38959e-08
250 1 0.1 0.001 2980.96 0.000394349 0.000382754 0.000405279
250 1 0.1 0.01 2980.96 0.000143509 0.00013785 0.000149447
250 1 0.1 0.1 2980.96 1.2668e-05 1.13844e-05 1.39035e-05
250 1 0.1 1 2980.96 1.57e-07 8.16687e-08 2.35732e-07
250 1 1 0.001 2980.96 0.00393173 0.00382119 0.00404441
250 1 1 0.01 2980.96 0.00143166 0.00137336 0.00148878
250 1 1 0.1 2980.96 0.000126673 0.000114174 0.00013907
250 1 1 1 2980.96 1.57e-06 8.13332e-07 2.34926e-06
250 1 0.01 0.001 8103.08 2.94784e-05 2.85348e-05 3.04222e-05
250 1 0.01 0.01 8103.08 7.65832e-06 7.28278e-06 8.0455e-06
250 1 0.01 0.1 8103.08 2.75721e-07 2.27741e-07 3.23076e-07
250 1 0.01 1 8103.08 1.13451e-10 1.38569e-11 2.12577e-10
250 1 0.1 0.001 8103.08 0.000294634 0.00028523 0.000303996
250 1 0.1 0.01 8103.08 7.65737e-05 7.26793e-05 8.03668e-05
250 1 0.1 0.1 8103.08 2.75721e-06 2.28707e-06 3.24264e-06
250 1 0.1 1 8103.08 1.13451e-09 1.37866e-10 2.12595e-09
250 1 1 0.001 8103.08 0.00293688 0.00284317 0.00303084
250 1 1 0.01 8103.08 0.000765135 0.000727109 0.000803744
250 1 1 0.1 8103.08 2.75721e-05 2.28553e-05 3.22305e-05
250 1 1 1 8103.08 1.13451e-08 1.39062e-09 2.12596e-08
250 2.05 0.01 0.001 0 0.00180657 0.00179895 0.00181445
250 2.05 0.01 0.01 0 0.000661494 0.000657107 0.000665803
250 2.05 0.01 0.1 0 0.000155132 0.000153365 0.000156837
250 2.05 0.01 1 0 2.92712e-06 2.83729e-06 3.02153e-06
250 2.05 0.1 0.001 0 0.0178012 0.0177256 0.0178775
250 2.05 0.1 0.01 0 0.00657709 0.00653474 0.0066208
250 2.05 0.1 0.1 0 0.00154904 0.00153195 0.00156657
250 2.05 0.1 1 0 2.92701e-05 2.83342e-05 3.01803e-05
250 2.05 1 0.001 0 0.162891 0.162226 0.163566
250 2.05 1 0.01 0 0.0634784 0.0630627 0.0638832
250 2.05 1 0.1 0 0.0153483 0.0151763 0.0155174
250 2.05 1 1 0 0.000292627 0.000283416 0.000301936
250 2.05 0.01 0.001 1 0.00183642 0.00182833 0.00184399
250 2.05 0.01 0.01 1 0.000689931 0.000685372 0.000694436
250 2.05 0.01 0.1 1 0.000178958 0.000177029 0.000180855
250 2.05 0.01 1 1 7.03243e-06 6.85347e-06 7.20984e-06
250 2.05 0.1 0.001 1 0.0180952 0.0180199 0.0181723
250 2.05 0.1 0.01 1 0.00686015 0.00681556 0.00690407
250 2.05 0.1 0.1 1 0.00178697 0.00176812 0.0018063
250 2.05 0.1 1 1 7.0321e-05 6.86359e-05 7.20743e-05
250 2.05 1 0.001 1 0.165587 0.164919 0.166278
250 2.05 1 0.01 1 0.0662369 0.0658204 0.0666551
250 2.05 1 0.1 1 0.0177071 0.0175186 0.0178992
250 2.05 1 1 1 0.000702999 0.000685092 0.000720471
250 2.05 0.01 0.001 2.7 0.00188226 0.00187421 0.00189014
250 2.05 0.01 0.01 2.7 0.000741812 0.000737193 0.000746562
250 2.05 0.01 0.1 2.7 0.000220376 0.000218169 0.000222659
250 2.05 0.01 1 2.7 1.39473e-05 1.36831e-05 1.4206e-05
250 2.05 0.1 0.001 2.7 0.0185468 0.0184694 0.0186249
250 2.05 0.1 0.01 2.7 0.00737596 0.00732962 0.00742275
250 2.05 0.1 0.1 2.7 0.00220039 0.00217802 0.00222377
250 2.05 0.1 1 2.7 0.000139468 0.000136858 0.000142013
250 2.05 1 0.001 2.7 0.169752 0.169068 0.170437
250 2.05 1 0.01 2.7 0.0712134 0.0707765 0.0716452
250 2.05 1 0.1 2.7 0.0217936 0.0215753 0.022017
250 2.05 1 1 2.7 0.00139436 0.00136843 0.00142109
250 2.05 0.01 0.001 54.6 0.0017318 0.00172411 0.0017395
250 2.05 0.01 0.01 54.6 0.000594181 0.000590023 0.000598131
250 2.05 0.01 0.1 54.6 0.000124338 0.000122729 0.000125883
250 2.05 0.01 1 54.6 4.16871e-06 4.03095e-06 4.30205e-06
250 2.05 0.1 0.001 54.6 0.017063 0.0169899 0.0171392
250 2.05 0.1 0.01 54.6 0.00590806 0.00586846 0.00594822
250 2.05 0.1 0.1 54.6 0.00124158 0.0012259 0.0012576
250 2.05 0.1 1 54.6 4.16861e-05 4.03328e-05 4.30487e-05
250 2.05 1 0.001 54.6 0.156086 0.15543 0.156718
250 2.05 1 0.01 54.6 0.0570422 0.0566583 0.0574204
250 2.05 1 0.1 54.6 0.0123032 0.0121483 0.0124561
250 2.05 1 1 54.6 0.000416801 0.000403456 0.000430613
250 2.05 0.01 0.001 7.39 0.00192757 0.00191955 0.00193546
250 2.05 0.01 0.01 7.39 0.000782196 0.000777419 0.000787094
250 2.05 0.01 0.1 7.39 0.000254566 0.00025209 0.000257073
250 2.05 0.01 1 7.39 1.99815e-05 1.96659e-05 2.02912e-05
250 2.05 0.1 0.001 7.39 0.0189944 0.0189149 0.0190739
250 2.05 0.1 0.01 7.39 0.00777728 0.00773127 0.00782522
250 2.05 0.1 0.1 7.39 0.00254226 0.00251734 0.0025669
250 2.05 0.1 1 7.39 0.00019981 0.000196668 0.000202996
250 2.05 1 0.001 7.39 0.173861 0.173158 0.174538
250 2.05 1 0.01 7.39 0.0750679 0.0746091 0.075515
250 2.05 1 0.1 7.39 0.0252108 0.0249654 0.0254623
250 2.05 1 1 7.39 0.00199781 0.00196697 0.00202907
250 2.05 0.01 0.001 20.09 0.00185996 0.00185179 0.00186778
250 2.05 0.01 0.01 20.09 0.000723171 0.000718642 0.000727653
250 2.05 0.01 0.1 20.09 0.000210512 0.0002083 0.00021271
250 2.05 0.01 1 20.09 1.38e-05 1.35431e-05 1.40605e-05
250 2.05 0.1 0.001 20.09 0.0183265 0.0182514 0.018405
250 2.05 0.1 0.01 20.09 0.00719043 0.00714497 0.00723664
250 2.05 0.1 0.1 20.09 0.00210222 0.00208001 0.00212438
250 2.05 0.1 1 20.09 0.000137994 0.000135449 0.000140566
250 2.05 1 0.001 20.09 0.167655 0.166978 0.168332
250 2.05 1 0.01 20.09 0.0694011 0.0689677 0.0698385
250 2.05 1 0.1 20.09 0.020841 0.0206188 0.0210609
250 2.05 1 1 20.09 0.00137957 0.00135344 0.0014058
250 2.05 0.01 0.001 22026 2.14686e-07 1.48409e-07 2.79747e-07
250 2.05 0.01 0.01 22026 3.64887e-09 1.66712e-11 7.27769e-09
250 2.05 0.01 0.1 22026 1.51005e-18 4.83931e-43 3.02011e-18
250 2.05 0.01 1 22026 2.35171e-112 0 4.70343e-112
250 2.05 0.1 0.001 22026 2.10102e-06 1.45478e-06 2.74632e-06
250 2.05 0.1 0.01 22026 3.64873e-08 1.66295e-10 7.2774e-08
250 2.05 0.1 0.1 22026 1.51005e-17 4.83931e-42 3.02011e-17
250 2.05 0.1 1 22026 2.35171e-111 0 4.70343e-111
250 2.05 1 0.001 22026 1.83467e-05 1.29054e-05 2.4e-05
250 2.05 1 0.01 22026 3.64788e-07 1.58629e-09 7.27657e-07
250 2.05 1 0.1 22026 1.51005e-16 4.83931e-41 3.02011e-16
250 2.05 1 1 22026 2.35171e-110 0 4.70343e-110
250 2.05 0.01 0.001 59874 7.92562e-09 2.65008e-09 1.30471e-08
250 2.05 0.01 0.01 59874 9.24994e-11 3.73421e-16 1.84998e-10
250 2.05 0.01 0.1 59874 3.4163e-28 3.92809e-82 6.8326e-28
250 2.05 0.01 1 59874 1.61343e-202 0 3.22687e-202
250 2.05 0.1 0.001 59874 7.92562e-08 2.65008e-08 1.30471e-07
250 2.05 0.1 0.01 59874 9.24994e-10 3.73421e-15 1.84998e-09
250 2.05 0.1 0.1 59874 3.4163e-27 3.92809e-81 6.8326e-27
250 2.05 0.1 1 59874 1.61343e-201 0 3.22687e-201
250 2.05 1 0.001 59874 7.92562e-07 2.65008e-07 1.30471e-06
250 2.05 1 0.01 59874 9.24994e-09 3.73421e-14 1.84998e-08
250 2.05 1 0.1 59874 3.4163e-26 3.92809e-80 6.8326e-26
250 2.05 1 1 59874 1.61343e-200 0 3.22687e-200
250 2.05 0.01 0.001 148.41 0.00150738 0.00150016 0.00151426
250 2.05 0.01 0.01 148.41 0.000409677 0.000406547 0.000412807
250 2.05 0.01 0.1 148.41 4.17835e-05 4.10129e-05 4.25695e-05
250 2.05 0.01 1 148.41 5.1788e-07 4.72019e-07 5.64789e-07
250 2.05 0.1 0.001 148.41 0.0148578 0.0147897 0.0149288
250 2.05 0.1 0.01 148.41 0.00407353 0.00404136 0.00410474
250 2.05 0.1 0.1 148.41 0.000417294 0.000409741 0.000424967
250 2.05 0.1 1 148.41 5.17875e-06 4.71641e-06 5.64434e-06
250 2.05 1 0.001 148.41 0.136229 0.135633 0.136823
250 2.05 1 0.01 148.41 0.0393356 0.0390411 0.0396321
250 2.05 1 0.1 148.41 0.00413959 0.00406435 0.00421379
250 2.05 1 1 148.41 5.17846e-05 4.70688e-05 5.62999e-05
250 2.05 0.01 0.001 162755 0 0 0
250 2.05 0.01 0.01 162755 0 0 0
250 2.05 0.01 0.1 162755 0 0 0
250 2.05 0.01 1 162755 0 0 0
250 2.05 0.1 0.001 162755 0 0 0
250 2.05 0.1 0.01 162755 0 0 0
250 2.05 0.1 0.1 162755 0 0 0
250 2.05 0.1 1 162755 0 0 0
250 2.05 1 0.001 162755 0 0 0
250 2.05 1 0.01 162755 0 0 0
250 2.05 1 0.1 162755 0 0 0
250 2.05 1 1 162755 0 0 0
250 2.05 0.01 0.001 403.43 0.00116182 0.00115587 0.00116779
250 2.05 0.01 0.01 403.43 0.000194857 0.000192919 0.000196812
250 2.05 0.01 0.1 403.43 6.28561e-06 6.04027e-06 6.5393e-06
250 2.05 0.01 1 403.43 6.06197e-08 4.40202e-08 7.69443e-08
250 2.05 0.1 0.001 403.43 0.0114529 0.0113942 0.0115105
250 2.05 0.1 0.01 403.43 0.00193761 0.00191898 0.00195655
250 2.05 0.1 0.1 403.43 6.27799e-05 6.03263e-05 6.52389e-05
250 2.05 0.1 1 403.43 6.06197e-07 4.41157e-07 7.67896e-07
250 2.05 1 0.001 403.43 0.105091 0.104561 0.105599
250 2.05 1 0.01 403.43 0.0187133 0.0185307 0.0188967
250 2.05 1 0.1 403.43 0.000623089 0.000598192 0.000648059
250 2.05 1 1 403.43 6.06197e-06 4.43016e-06 7.6772e-06
250 2.05 0.01 0.001 1096.63 0.000665478 0.000661339 0.00066967
250 2.05 0.01 0.01 1096.63 4.06433e-05 3.99511e-05 4.13395e-05
250 2.05 0.01 0.1 1096.63 2.50335e-07 2.11415e-07 2.88652e-07
250 2.05 0.01 1 1096.63 3.78851e-12 1.88209e-12 5.71017e-12
250 2.05 0.1 0.001 1096.63 0.00656187 0.00652053 0.00660264
250 2.05 0.1 0.01 1096.63 0.000404271 0.000397475 0.000411159
250 2.05 0.1 0.1 1096.63 2.50305e-06 2.11031e-06 2.88982e-06
250 2.05 0.1 1 1096.63 3.78851e-11 1.89183e-11 5.68552e-11
250 2.05 1 0.001 1096.63 0.0602868 0.0599255 0.0606513
250 2.05 1 0.01 1096.63 0.00391134 0.00384688 0.00397633
250 2.05 1 0.1 1096.63 2.50111e-05 2.12058e-05 2.89077e-05
250 2.05 1 1 1096.63 3.78851e-10 1.88382e-10 5.69301e-10
250 2.05 0.01 0.001 2980.96 0.000173485 0.000171613 0.000175354
250 2.05 0.01 0.01 2980.96 2.05518e-06 1.93004e-06 2.17843e-06
250 2.05 0.01 0.1 2980.96 4.36681e-09 2.61392e-09 6.18925e-09
250 2.05 0.01 1 2980.96 6.87303e-23 1.70792e-25 1.37287e-22
250 2.05 0.1 0.001 2980.96 0.00171194 0.00169368 0.00173017
250 2.05 0.1 0.01 2980.96 2.04463e-05 1.91944e-05 2.17241e-05
250 2.05 0.1 0.1 2980.96 4.36681e-08 2.59197e-08 6.04997e-08
250 2.05 0.1 1 2980.96 6.87303e-22 1.70792e-24 1.37287e-21
250 2.05 1 0.001 2980.96 0.0158026 0.0156396 0.0159639
250 2.05 1 0.01 2980.96 0.000198026 0.000186099 0.000209582
250 2.05 1 0.1 2980.96 4.3668e-07 2.62885e-07 6.11775e-07
250 2.05 1 1 2980.96 6.87303e-21 1.70784e-23 1.37287e-20
250 2.05 0.01 0.001 8103.08 7.50267e-06 7.13625e-06 7.86865e-06
250 2.05 0.01 0.01 8103.08 5.60663e-08 4.05393e-08 7.14968e-08
250 2.05 0.01 0.1 8103.08 1.70681e-14 6.71566e-15 3.00544e-14
250 2.05 0.01 1 8103.08 3.95532e-74 7.11411e-76 7.83949e-74
250 2.05 0.1 0.001 8103.08 7.40431e-05 7.0439e-05 7.75774e-05
250 2.05 0.1 0.01 8103.08 5.58723e-07 4.0406e-07 7.09568e-07
250 2.05 0.1 0.1 8103.08 1.70681e-13 6.7157e-14 3.0164e-13
250 2.05 0.1 1 8103.08 3.95532e-73 7.11411e-75 7.83949e-73
250 2.05 1 0.001 8103.08 0.000685194 0.000653283 0.00071554
250 2.05 1 0.01 8103.08 5.46509e-06 3.90365e-06 6.99715e-06
250 2.05 1 0.1 8103.08 1.70681e-12 6.71564e-13 3.00545e-12
250 2.05 1 1 8103.08 3.95532e-72 7.11411e-74 7.83949e-72
