0 -13.2984265587478 -13.354844135071 -13.2463801776603
0.993251773010283 -13.3730836964888 -13.4315483217493 -13.3187858869774
2.00012773496011 -13.3089761282155 -13.3638745860767 -13.2568323522789
3.00022217882684 -13.2673544679751 -13.3218819590268 -13.2151532358883
4.00003388275086 -13.3409050336989 -13.3968002231061 -13.2881169444709
4.99997871390773 -13.3766815982708 -13.4346182362926 -13.3231279661632
6.00000299062804 -13.9420742812732 -14.0186934062416 -13.8700248235884
6.9999971198819 -16.5756080218273 -16.8712094198862 -16.3457192225942
8.00000067527204 -21.0276885892437 -26.157700794592 -20.3377109619237
8.99999951529857 -61.0343841005366 -75.0159013047381 -60.3412385264243
9.99997885272489 -139.034049950018 -147.034388347699 -138.341071368592
10.9999976331124 -346.516895240862 -348.643825159813 -345.885201264254
