0 0
1 0.00012
2 6.68e-05
3 4.48e-05
4 2.96e-05
5 2.2e-05
6 2e-05
7 1.84e-05
8 1.72e-05
9 1.12e-05
10 1.36e-05
11 1.12e-05
12 9.6e-06
13 8.4e-06
14 7.6e-06
15 7.6e-06
16 1.32e-05
17 3.2e-06
18 8.4e-06
19 6.36193e-06
20 7.2e-06
21 5.2e-06
22 5.2e-06
23 6.36193e-06
24 3.6e-06
25 5.2e-06
26 6.4e-06
27 5.6e-06
28 6e-06
29 4.4e-06
30 3.2e-06
31 6e-06
32 2.8e-06
33 2e-06
34 4e-06
35 5.2e-06
36 3.6e-06
37 4.4e-06
38 4.8e-06
39 1.6e-06
40 4e-06
41 1.6e-06
42 4e-06
43 2.8e-06
44 1.6e-06
45 4e-06
46 3.52387e-06
47 1.2e-06
48 3.2e-06
49 1.2e-06
50 1.2e-06
51 2e-06
52 1.2e-06
53 3.2e-06
54 5.56193e-06
55 3.2e-06
56 1.96193e-06
57 2.8e-06
58 7.61935e-07
59 2.8e-06
60 8e-07
61 1.6e-06
62 3.2e-06
63 2e-06
64 1.2e-06
65 2e-06
66 1.2e-06
67 2e-06
68 2.8e-06
69 1.2e-06
70 2.4e-06
71 2e-06
72 4e-07
73 0
74 3.6e-06
75 3.2e-06
76 8e-07
77 1.56193e-06
78 1.6e-06
79 1.2e-06
80 1.2e-06
81 4e-07
82 1.2e-06
83 2e-06
84 8e-07
85 2e-06
86 2.8e-06
87 2e-06
88 1.2e-06
89 1.2e-06
90 8e-07
91 4e-07
92 1.2e-06
93 8e-07
94 8e-07
95 2.4e-06
96 2e-06
97 1.2e-06
98 8e-07
99 0
100 8e-07
101 2.4e-06
102 1.2e-06
103 2.4e-06
104 2e-06
105 1.2e-06
106 1.6e-06
107 8e-07
108 1.2e-06
109 1.2e-06
110 1.6e-06
111 8e-07
112 4e-07
113 4e-07
114 1.2e-06
115 8e-07
116 8e-07
117 2e-06
118 4e-07
119 4e-07
120 1.6e-06
121 4e-07
122 1.2e-06
123 8e-07
124 1.6e-06
125 1.2e-06
126 2.4e-06
127 8e-07
128 4e-07
129 8e-07
130 4e-07
131 1.2e-06
132 0
133 8e-07
134 4e-07
135 8e-07
136 4e-07
137 8e-07
138 1.2e-06
139 4e-07
140 8e-07
141 1.2e-06
142 0
143 0
144 8e-07
145 1.2e-06
146 1.56193e-06
147 4e-07
148 4e-07
149 2e-06
150 0
151 1.2e-06
152 1.6e-06
153 2e-06
154 4e-07
155 4e-07
156 2e-06
157 4e-07
158 0
159 4e-07
160 4e-07
161 4e-07
162 4e-07
163 8e-07
164 4e-07
165 8e-07
166 4e-07
167 8e-07
168 1.2e-06
169 8e-07
170 0
171 1.2e-06
172 1.2e-06
173 4e-07
174 4e-07
175 1.2e-06
176 8e-07
177 4e-07
178 4e-07
179 4e-07
180 8e-07
181 1.6e-06
182 8e-07
183 1.16193e-06
184 0
185 0
186 4e-07
187 1.6e-06
188 4e-07
189 1.2e-06
190 8e-07
191 1.6e-06
192 0
193 4e-07
194 8e-07
195 4e-07
196 1.2e-06
197 0
198 1.6e-06
199 1.6e-06
200 4e-07
201 8e-07
202 1.2e-06
203 4e-07
204 1.6e-06
205 1.2e-06
206 1.2e-06
207 8e-07
208 4e-07
209 4e-07
210 8e-07
211 4e-07
212 0
213 1.2e-06
214 1.2e-06
215 4e-07
216 4e-07
217 0
218 0
219 4e-07
220 1.6e-06
221 1.2e-06
222 0
223 8e-07
224 1.2e-06
225 8e-07
226 4e-07
227 8e-07
228 8e-07
229 4e-07
230 8e-07
231 0
232 0
233 4e-07
234 8e-07
235 0
236 8e-07
237 8e-07
238 0
239 8e-07
240 1.6e-06
241 4e-07
242 0
243 8e-07
244 4e-07
245 1.2e-06
246 4e-07
247 4e-07
248 1.2e-06
249 0
250 0
251 0
252 0
253 8e-07
254 0
255 4e-07
256 0
257 1.2e-06
258 8e-07
259 8e-07
260 4e-07
261 8e-07
262 4e-07
263 4e-07
264 8e-07
265 0
266 4e-07
267 4e-07
268 4e-07
269 7.61935e-07
270 8e-07
271 4e-07
272 4e-07
273 4e-07
274 0
275 0
276 4e-07
277 0
278 0
279 1.2e-06
280 4e-07
281 4e-07
282 4e-07
283 1.2e-06
284 1.2e-06
285 1.6e-06
286 8e-07
287 4e-07
288 1.16193e-06
289 4e-07
290 8e-07
291 4e-07
292 8e-07
293 4e-07
294 4e-07
295 4e-07
296 4e-07
297 0
298 4e-07
299 0
300 1.2e-06
301 0
302 4e-07
303 4e-07
304 4e-07
305 4e-07
306 0
307 1.2e-06
308 4e-07
309 0
310 0
311 4e-07
312 8e-07
313 4e-07
314 1.2e-06
315 0
316 4e-07
317 4e-07
318 8e-07
319 4e-07
320 8e-07
321 4e-07
322 4e-07
323 8e-07
324 0
325 8e-07
326 4e-07
327 0
328 4e-07
329 0
330 0
331 0
332 0
333 0
334 4e-07
335 0
336 0
337 0
338 0
339 0
340 0
341 0
342 8e-07
343 8e-07
344 8e-07
345 4e-07
346 0
347 0
348 8e-07
349 1.2e-06
350 8e-07
351 3.61935e-07
352 0
353 4e-07
354 4e-07
355 4e-07
356 4e-07
357 0
358 0
359 0
360 0
361 0
362 0
363 1.2e-06
364 0
365 1.2e-06
366 4e-07
367 4e-07
368 0
369 8e-07
370 1.2e-06
371 8e-07
372 0
373 0
374 0
375 4e-07
376 8e-07
377 4e-07
378 0
379 8e-07
380 0
381 0
382 0
383 0
384 4e-07
385 0
386 0
387 0
388 0
389 4e-07
390 4e-07
391 4e-07
392 0
393 4e-07
394 1.2e-06
395 4e-07
396 0
397 0
398 8e-07
399 0
400 0
401 0
402 0
403 8e-07
404 0
405 8e-07
406 4e-07
407 0
408 0
409 4e-07
410 0
411 4e-07
412 8e-07
413 0
414 4e-07
415 0
416 4e-07
417 0
418 0
419 8e-07
420 0
421 0
422 4e-07
423 0
424 0
425 0
426 0
427 0
428 4e-07
429 4e-07
430 1.2e-06
431 8e-07
432 0
433 0
434 0
435 0
436 4e-07
437 0
438 0
439 0
440 0
441 4e-07
442 0
443 0
444 4e-07
445 8e-07
446 8e-07
447 4e-07
448 0
449 8e-07
450 4e-07
451 0
452 8e-07
453 0
454 4e-07
455 0
456 0
457 4e-07
458 4e-07
459 0
460 8e-07
461 0
462 4e-07
463 4e-07
464 4e-07
465 4e-07
466 8e-07
467 0
468 4e-07
469 0
470 0
471 8e-07
472 0
473 8e-07
474 0
475 0
476 7.61935e-07
477 4e-07
478 4e-07
479 8e-07
480 0
481 0
482 0
483 4e-07
484 4e-07
485 0
486 0
487 1.2e-06
488 0
489 4e-07
490 1.2e-06
491 4e-07
492 0
493 0
494 0
495 0
496 8e-07
497 4e-07
498 8e-07
499 0
500 1.2e-06
501 0
502 4e-07
503 4e-07
504 4e-07
505 4e-07
506 4e-07
507 0
508 8e-07
509 8e-07
510 0
511 4e-07
512 8e-07
513 0
514 0
515 0
516 4e-07
517 0
518 0
519 0
520 0
521 0
522 4e-07
523 0
524 4e-07
525 4e-07
526 0
527 0
528 0
529 4e-07
530 0
531 0
532 4e-07
533 4e-07
534 4e-07
535 0
536 0
537 8e-07
538 0
539 4e-07
540 8e-07
541 0
542 4e-07
543 0
544 4e-07
545 4e-07
546 0
547 0
548 0
549 0
550 1.2e-06
551 8e-07
552 4e-07
553 0
554 0
555 0
556 0
557 0
558 0
559 4e-07
560 4e-07
561 0
562 8e-07
563 0
564 0
565 0
566 4e-07
567 0
568 0
569 0
570 0
571 4e-07
572 0
573 0
574 0
575 0
576 0
577 0
578 0
579 4e-07
580 4e-07
581 0
582 4e-07
583 0
584 0
585 1.6e-06
586 0
587 4e-07
588 4e-07
589 0
590 4e-07
591 4e-07
592 4e-07
593 0
594 0
595 4e-07
596 8e-07
597 0
598 4e-07
599 0
600 0
601 0
602 4e-07
603 0
604 4e-07
605 0
606 4e-07
607 1.2e-06
608 0
609 8e-07
610 0
611 1.6e-06
612 0
613 4e-07
614 0
615 0
616 0
617 8e-07
618 8e-07
619 0
620 0
621 0
622 4e-07
623 0
624 0
625 0
626 0
627 4e-07
628 8e-07
629 0
630 0
631 0
632 0
633 4e-07
634 0
635 4e-07
636 0
637 0
638 0
639 4e-07
640 4e-07
641 8e-07
642 4e-07
643 4e-07
644 0
645 0
646 0
647 0
648 4e-07
649 0
650 4e-07
651 4e-07
652 0
653 4e-07
654 0
655 8e-07
656 0
657 0
658 0
659 8e-07
660 0
661 0
662 4e-07
663 0
664 8e-07
665 4e-07
666 0
667 8e-07
668 4e-07
669 0
670 8e-07
671 0
672 8e-07
673 0
674 0
675 0
676 0
677 4e-07
678 0
679 0
680 4e-07
681 0
682 4e-07
683 4e-07
684 0
685 0
686 0
687 0
688 4e-07
689 4e-07
690 0
691 4e-07
692 4e-07
693 0
694 0
695 4e-07
696 0
697 0
698 4e-07
699 0
700 0
701 0
702 0
703 0
704 0
705 0
706 4e-07
707 0
708 0
709 0
710 8e-07
711 4e-07
712 0
713 0
714 8e-07
715 0
716 0
717 4e-07
718 4e-07
719 0
720 0
721 0
722 4e-07
723 8e-07
724 0
725 4e-07
726 4e-07
727 0
728 0
729 0
730 0
731 0
732 0
733 0
734 4e-07
735 0
736 0
737 4e-07
738 1.2e-06
739 0
740 4e-07
741 0
742 8e-07
743 4e-07
744 0
745 0
746 0
747 0
748 0
749 0
750 0
751 4e-07
752 0
753 4e-07
754 4e-07
755 0
756 0
757 4e-07
758 0
759 0
760 4e-07
761 8e-07
762 4e-07
763 0
764 0
765 4e-07
766 0
767 0
768 0
769 0
770 0
771 0
772 0
773 0
774 4e-07
775 0
776 4e-07
777 0
778 4e-07
779 0
780 0
781 0
782 0
783 0
784 0
785 0
786 4e-07
787 0
788 4e-07
789 0
790 0
791 0
792 0
793 0
794 0
795 0
796 4e-07
797 0
798 0
799 0
800 0
801 4e-07
802 0
803 4e-07
804 4e-07
805 0
806 0
807 0
808 0
809 4e-07
810 0
811 4e-07
812 0
813 0
814 0
815 0
816 0
817 4e-07
818 1.2e-06
819 0
820 4e-07
821 0
822 0
823 0
824 0
825 0
826 0
827 0
828 4e-07
829 0
830 0
831 0
832 0
833 0
834 0
835 4e-07
836 0
837 0
838 0
839 0
840 0
841 0
842 0
843 0
844 0
845 0
846 0
847 0
848 0
849 0
850 0
851 4e-07
852 0
853 0
854 0
855 0
856 4e-07
857 4e-07
858 0
859 0
860 4e-07
861 0
862 0
863 0
864 0
865 0
866 0
867 0
868 4e-07
869 0
870 0
871 4e-07
872 0
873 0
874 0
875 0
876 4e-07
877 0
878 0
879 0
880 0
881 4e-07
882 0
883 0
884 0
885 4e-07
886 0
887 8e-07
888 0
889 0
890 4e-07
891 4e-07
892 0
893 0
894 0
895 8e-07
896 0
897 0
898 0
899 3.61935e-07
900 0
901 0
902 0
903 0
904 8e-07
905 0
906 4e-07
907 0
908 0
909 0
910 0
911 0
912 0
913 4e-07
914 4e-07
915 0
916 0
917 0
918 4e-07
919 0
920 0
921 0
922 0
923 0
924 4e-07
925 4e-07
926 0
927 0
928 0
929 0
930 0
931 0
932 0
933 0
934 0
935 4e-07
936 0
937 3.61935e-07
938 4e-07
939 4e-07
940 0
941 0
942 4e-07
943 0
944 4e-07
945 0
946 0
947 8e-07
948 4e-07
949 0
950 0
951 0
952 0
953 0
954 4e-07
955 0
956 4e-07
957 4e-07
958 4e-07
959 0
960 0
961 0
962 4e-07
963 0
964 0
965 0
966 8e-07
967 0
968 0
969 0
970 4e-07
971 0
972 0
973 0
974 0
975 0
976 0
977 0
978 4e-07
979 0
980 0
981 0
982 4e-07
983 0
984 4e-07
985 0
986 8e-07
987 0
988 4e-07
989 8e-07
990 0
991 0
992 8e-07
993 0
994 0
995 0
996 0
997 0
998 4e-07
999 0
