0 0
1 0.0001256
2 6e-05
3 4.16e-05
4 3.52e-05
5 2.16e-05
6 2.19239e-05
7 2e-05
8 1.36e-05
9 1.28e-05
10 9.2e-06
11 1.2e-05
12 1.16e-05
13 6e-06
14 9.12387e-06
15 1.04e-05
16 1.2e-05
17 8.4e-06
18 7.2e-06
19 5.6e-06
20 4e-06
21 5.2e-06
22 5.2e-06
23 4.4e-06
24 4e-06
25 4e-06
26 5.6e-06
27 5.6e-06
28 5.6e-06
29 3.6e-06
30 6.8e-06
31 3.2e-06
32 3.6e-06
33 4.4e-06
34 6.76193e-06
35 3.2e-06
36 2.8e-06
37 2e-06
38 3.2e-06
39 3.2e-06
40 1.6e-06
41 2e-06
42 3.2e-06
43 2.4e-06
44 4e-06
45 2.36193e-06
46 2e-06
47 3.6e-06
48 1.2e-06
49 2.4e-06
50 3.6e-06
51 2.8e-06
52 1.2e-06
53 1.6e-06
54 2.4e-06
55 1.6e-06
56 2.4e-06
57 2.4e-06
58 1.2e-06
59 2.4e-06
60 8e-07
61 1.6e-06
62 1.2e-06
63 2e-06
64 1.2e-06
65 2e-06
66 8e-07
67 3.6e-06
68 2e-06
69 4e-06
70 2e-06
71 1.6e-06
72 1.2e-06
73 2e-06
74 1.2e-06
75 3.2e-06
76 2e-06
77 8e-07
78 3.6e-06
79 2.4e-06
80 2.36193e-06
81 1.2e-06
82 8e-07
83 2e-06
84 2e-06
85 2e-06
86 8e-07
87 2e-06
88 2e-06
89 1.56193e-06
90 4e-07
91 1.2e-06
92 0
93 1.96193e-06
94 1.56193e-06
95 1.2e-06
96 2.4e-06
97 0
98 8e-07
99 1.6e-06
100 1.2e-06
101 1.2e-06
102 4e-07
103 1.2e-06
104 2.4e-06
105 0
106 4e-07
107 4e-07
108 8e-07
109 1.96193e-06
110 8e-07
111 1.2e-06
112 1.2e-06
113 1.2e-06
114 1.6e-06
115 2e-06
116 1.2e-06
117 1.2e-06
118 3.2e-06
119 4e-07
120 7.61935e-07
121 2e-06
122 1.6e-06
123 2.8e-06
124 4e-07
125 4e-07
126 8e-07
127 4e-07
128 2.36193e-06
129 4e-07
130 8e-07
131 1.2e-06
132 1.6e-06
133 8e-07
134 1.2e-06
135 0
136 8e-07
137 1.6e-06
138 0
139 8e-07
140 8e-07
141 4e-07
142 8e-07
143 1.6e-06
144 4e-07
145 8e-07
146 4e-07
147 0
148 1.2e-06
149 4e-07
150 4e-07
151 4e-07
152 1.2e-06
153 4e-07
154 1.6e-06
155 1.2e-06
156 4e-07
157 1.2e-06
158 0
159 4e-07
160 0
161 1.2e-06
162 8e-07
163 8e-07
164 1.6e-06
165 1.6e-06
166 1.2e-06
167 1.2e-06
168 8e-07
169 8e-07
170 8e-07
171 4e-07
172 2e-06
173 1.56193e-06
174 1.6e-06
175 8e-07
176 8e-07
177 4e-07
178 4e-07
179 1.6e-06
180 4e-07
181 8e-07
182 4e-07
183 8e-07
184 1.2e-06
185 8e-07
186 4e-07
187 4e-07
188 0
189 4e-07
190 0
191 1.6e-06
192 0
193 8e-07
194 8e-07
195 2e-06
196 0
197 1.2e-06
198 0
199 1.2e-06
200 8e-07
201 1.2e-06
202 0
203 0
204 0
205 4e-07
206 1.2e-06
207 4e-07
208 4e-07
209 4e-07
210 1.2e-06
211 8e-07
212 2e-06
213 4e-07
214 0
215 8e-07
216 4e-07
217 8e-07
218 0
219 4e-07
220 8e-07
221 4e-07
222 4e-07
223 0
224 4e-07
225 8e-07
226 4e-07
227 0
228 4e-07
229 4e-07
230 4e-07
231 4e-07
232 8e-07
233 0
234 8e-07
235 4e-07
236 4e-07
237 4e-07
238 4e-07
239 8e-07
240 4e-07
241 0
242 4e-07
243 8e-07
244 8e-07
245 0
246 4e-07
247 1.6e-06
248 1.2e-06
249 8e-07
250 1.2e-06
251 0
252 4e-07
253 0
254 8e-07
255 8e-07
256 4e-07
257 1.2e-06
258 1.6e-06
259 8e-07
260 0
261 8e-07
262 4e-07
263 4e-07
264 4e-07
265 4e-07
266 8e-07
267 0
268 8e-07
269 0
270 0
271 4e-07
272 4e-07
273 0
274 4e-07
275 4e-07
276 1.2e-06
277 0
278 8e-07
279 4e-07
280 8e-07
281 8e-07
282 4e-07
283 0
284 8e-07
285 0
286 1.56193e-06
287 8e-07
288 0
289 8e-07
290 0
291 4e-07
292 0
293 8e-07
294 8e-07
295 4e-07
296 4e-07
297 0
298 4e-07
299 0
300 0
301 0
302 4e-07
303 0
304 4e-07
305 0
306 4e-07
307 4e-07
308 1.2e-06
309 4e-07
310 4e-07
311 4e-07
312 8e-07
313 8e-07
314 8e-07
315 0
316 4e-07
317 8e-07
318 8e-07
319 8e-07
320 8e-07
321 4e-07
322 1.2e-06
323 8e-07
324 4e-07
325 4e-07
326 4e-07
327 1.2e-06
328 0
329 8e-07
330 4e-07
331 4e-07
332 0
333 0
334 4e-07
335 0
336 4e-07
337 4e-07
338 0
339 4e-07
340 0
341 0
342 4e-07
343 4e-07
344 0
345 4e-07
346 0
347 0
348 0
349 0
350 4e-07
351 0
352 8e-07
353 4e-07
354 0
355 0
356 1.2e-06
357 4e-07
358 8e-07
359 0
360 8e-07
361 4e-07
362 0
363 4e-07
364 8e-07
365 0
366 0
367 8e-07
368 0
369 4e-07
370 0
371 4e-07
372 0
373 0
374 8e-07
375 8e-07
376 4e-07
377 4e-07
378 0
379 0
380 4e-07
381 0
382 4e-07
383 0
384 0
385 0
386 4e-07
387 8e-07
388 4e-07
389 4e-07
390 0
391 1.6e-06
392 4e-07
393 8e-07
394 0
395 8e-07
396 8e-07
397 4e-07
398 4e-07
399 0
400 4e-07
401 4e-07
402 1.16193e-06
403 8e-07
404 8e-07
405 0
406 8e-07
407 0
408 0
409 4e-07
410 3.61935e-07
411 1.2e-06
412 0
413 4e-07
414 4e-07
415 0
416 0
417 4e-07
418 4e-07
419 0
420 0
421 4e-07
422 4e-07
423 8e-07
424 0
425 4e-07
426 0
427 4e-07
428 1.2e-06
429 0
430 8e-07
431 4e-07
432 4e-07
433 8e-07
434 4e-07
435 4e-07
436 0
437 4e-07
438 4e-07
439 8e-07
440 0
441 4e-07
442 0
443 0
444 0
445 4e-07
446 0
447 0
448 0
449 7.61935e-07
450 4e-07
451 0
452 0
453 0
454 0
455 8e-07
456 0
457 8e-07
458 4e-07
459 4e-07
460 8e-07
461 0
462 0
463 4e-07
464 4e-07
465 7.61935e-07
466 4e-07
467 4e-07
468 0
469 0
470 0
471 0
472 4e-07
473 4e-07
474 0
475 0
476 0
477 0
478 0
479 0
480 4e-07
481 8e-07
482 4e-07
483 0
484 4e-07
485 0
486 0
487 4e-07
488 0
489 0
490 0
491 8e-07
492 0
493 0
494 8e-07
495 0
496 0
497 4e-07
498 4e-07
499 8e-07
500 0
501 8e-07
502 0
503 0
504 0
505 0
506 0
507 8e-07
508 4e-07
509 4e-07
510 8e-07
511 0
512 4e-07
513 0
514 8e-07
515 0
516 8e-07
517 4e-07
518 0
519 0
520 4e-07
521 4e-07
522 0
523 0
524 8e-07
525 0
526 4e-07
527 0
528 0
529 0
530 8e-07
531 8e-07
532 0
533 4e-07
534 0
535 8e-07
536 4e-07
537 0
538 4e-07
539 4e-07
540 4e-07
541 0
542 4e-07
543 0
544 4e-07
545 0
546 0
547 0
548 4e-07
549 4e-07
550 4e-07
551 4e-07
552 4e-07
553 0
554 8e-07
555 4e-07
556 4e-07
557 0
558 0
559 0
560 0
561 0
562 4e-07
563 0
564 0
565 0
566 0
567 8e-07
568 4e-07
569 4e-07
570 4e-07
571 0
572 8e-07
573 0
574 0
575 4e-07
576 0
577 4e-07
578 4e-07
579 8e-07
580 0
581 0
582 4e-07
583 0
584 0
585 0
586 4e-07
587 0
588 0
589 1.56193e-06
590 4e-07
591 0
592 4e-07
593 0
594 1.6e-06
595 0
596 0
597 0
598 0
599 0
600 4e-07
601 4e-07
602 4e-07
603 0
604 4e-07
605 0
606 0
607 0
608 4e-07
609 0
610 8e-07
611 4e-07
612 8e-07
613 0
614 8e-07
615 4e-07
616 0
617 0
618 4e-07
619 4e-07
620 4e-07
621 0
622 4e-07
623 8e-07
624 4e-07
625 0
626 8e-07
627 8e-07
628 0
629 0
630 0
631 8e-07
632 4e-07
633 4e-07
634 1.2e-06
635 0
636 4e-07
637 0
638 4e-07
639 4e-07
640 0
641 0
642 0
643 0
644 0
645 0
646 0
647 0
648 8e-07
649 0
650 4e-07
651 0
652 0
653 0
654 0
655 0
656 4e-07
657 0
658 4e-07
659 4e-07
660 0
661 4e-07
662 4e-07
663 4e-07
664 0
665 8e-07
666 8e-07
667 0
668 4e-07
669 0
670 4e-07
671 4e-07
672 0
673 4e-07
674 8e-07
675 4e-07
676 0
677 4e-07
678 4e-07
679 0
680 4e-07
681 0
682 0
683 0
684 0
685 4e-07
686 8e-07
687 4e-07
688 4e-07
689 0
690 0
691 8e-07
692 4e-07
693 4e-07
694 0
695 0
696 0
697 0
698 0
699 0
700 4e-07
701 1.2e-06
702 4e-07
703 0
704 4e-07
705 0
706 0
707 4e-07
708 0
709 4e-07
710 0
711 0
712 0
713 4e-07
714 0
715 0
716 0
717 4e-07
718 0
719 4e-07
720 0
721 0
722 4e-07
723 0
724 0
725 4e-07
726 4e-07
727 0
728 4e-07
729 4e-07
730 0
731 4e-07
732 0
733 0
734 0
735 4e-07
736 0
737 0
738 4e-07
739 0
740 0
741 4e-07
742 0
743 0
744 0
745 4e-07
746 0
747 0
748 0
749 4e-07
750 8e-07
751 4e-07
752 0
753 8e-07
754 8e-07
755 0
756 0
757 8e-07
758 0
759 4e-07
760 0
761 0
762 0
763 0
764 4e-07
765 1.2e-06
766 0
767 8e-07
768 0
769 0
770 0
771 4e-07
772 0
773 0
774 0
775 0
776 0
777 0
778 0
779 0
780 8e-07
781 0
782 0
783 0
784 8e-07
785 0
786 0
787 4e-07
788 0
789 0
790 0
791 0
792 4e-07
793 0
794 0
795 0
796 0
797 0
798 4e-07
799 8e-07
800 4e-07
801 0
802 0
803 0
804 0
805 0
806 0
807 0
808 0
809 4e-07
810 0
811 3.61935e-07
812 8e-07
813 0
814 4e-07
815 0
816 0
817 4e-07
818 4e-07
819 0
820 4e-07
821 0
822 0
823 4e-07
824 4e-07
825 0
826 0
827 4e-07
828 4e-07
829 0
830 0
831 0
832 0
833 0
834 0
835 0
836 0
837 0
838 0
839 0
840 0
841 0
842 0
843 0
844 0
845 0
846 4e-07
847 0
848 4e-07
849 4e-07
850 4e-07
851 0
852 0
853 4e-07
854 4e-07
855 0
856 0
857 0
858 0
859 4e-07
860 0
861 0
862 0
863 4e-07
864 4e-07
865 0
866 0
867 0
868 0
869 4e-07
870 0
871 0
872 0
873 0
874 0
875 4e-07
876 8e-07
877 0
878 0
879 0
880 0
881 0
882 0
883 0
884 0
885 0
886 0
887 0
888 0
889 4e-07
890 0
891 0
892 0
893 0
894 0
895 4e-07
896 4e-07
897 4e-07
898 4e-07
899 0
900 0
901 0
902 0
903 0
904 1.2e-06
905 4e-07
906 0
907 0
908 4e-07
909 4e-07
910 0
911 0
912 0
913 0
914 0
915 4e-07
916 0
917 7.61935e-07
918 0
919 0
920 0
921 0
922 4e-07
923 0
924 0
925 0
926 0
927 0
928 4e-07
929 0
930 0
931 0
932 0
933 4e-07
934 4e-07
935 0
936 4e-07
937 0
938 0
939 0
940 0
941 8e-07
942 0
943 0
944 0
945 0
946 0
947 0
948 0
949 0
950 0
951 0
952 4e-07
953 0
954 0
955 0
956 0
957 0
958 0
959 8e-07
960 0
961 0
962 0
963 0
964 0
965 0
966 0
967 0
968 4e-07
969 0
970 0
971 0
972 0
973 4e-07
974 0
975 0
976 4e-07
977 0
978 4e-07
979 4e-07
980 0
981 0
982 8e-07
983 0
984 0
985 4e-07
986 0
987 0
988 0
989 0
990 4e-07
991 0
992 0
993 0
994 4e-07
995 0
996 0
997 0
998 8e-07
999 0
