0 0
1 1.356e-05
2 6.6796e-06
3 4.5196e-06
4 3.12e-06
5 2.68e-06
6 2.4396e-06
7 2.0392e-06
8 1.8e-06
9 1.96e-06
10 1.1996e-06
11 1.16e-06
12 1.56e-06
13 7.2e-07
14 1.08e-06
15 8e-07
16 8.39602e-07
17 6e-07
18 5.2e-07
19 7.6e-07
20 9.99602e-07
21 5.6e-07
22 3.6e-07
23 4e-07
24 5.6e-07
25 6.8e-07
26 4e-07
27 5.2e-07
28 4.4e-07
29 3.2e-07
30 4e-07
31 2.4e-07
32 3.2e-07
33 2.8e-07
34 3.2e-07
35 4.4e-07
36 4e-07
37 3.6e-07
38 4.4e-07
39 2e-07
40 2e-07
41 3.6e-07
42 2.4e-07
43 3.6e-07
44 2.8e-07
45 1.6e-07
46 3.6e-07
47 3.6e-07
48 2.8e-07
49 2e-07
50 1.6e-07
51 1.2e-07
52 1.2e-07
53 8e-08
54 2.4e-07
55 3.2e-07
56 1.2e-07
57 2.4e-07
58 1.2e-07
59 2.8e-07
60 3.2e-07
61 1.6e-07
62 2.4e-07
63 8e-08
64 1.2e-07
65 1.6e-07
66 1.6e-07
67 2.4e-07
68 1.2e-07
69 4e-08
70 4e-07
71 2.4e-07
72 1.2e-07
73 1.6e-07
74 2.4e-07
75 3.6e-07
76 2.8e-07
77 1.6e-07
78 4e-08
79 1.2e-07
80 1.6e-07
81 2.4e-07
82 4e-08
83 8e-08
84 4e-08
85 1.6e-07
86 1.2e-07
87 2e-07
88 1.2e-07
89 2.4e-07
90 8e-08
91 1.2e-07
92 8e-08
93 1.6e-07
94 2.4e-07
95 1.2e-07
96 1.59602e-07
97 2e-07
98 8e-08
99 1.2e-07
100 8e-08
101 1.6e-07
102 8e-08
103 1.2e-07
104 1.2e-07
105 2e-07
106 1.2e-07
107 2e-07
108 1.2e-07
109 4e-08
110 1.6e-07
111 1.6e-07
112 1.2e-07
113 1.2e-07
114 8e-08
115 2e-07
116 8e-08
117 4e-08
118 8e-08
119 1.2e-07
120 8e-08
121 0
122 1.6e-07
123 4e-08
124 4e-08
125 8e-08
126 1.2e-07
127 1.2e-07
128 1.2e-07
129 0
130 1.6e-07
131 8e-08
132 0
133 4e-08
134 1.2e-07
135 2e-07
136 8e-08
137 1.2e-07
138 8e-08
139 1.6e-07
140 1.2e-07
141 8e-08
142 4e-08
143 1.6e-07
144 4e-08
145 0
146 1.2e-07
147 4e-08
148 1.6e-07
149 8e-08
150 4e-08
151 3.9602e-08
152 0
153 4e-08
154 8e-08
155 4e-08
156 1.2e-07
157 8e-08
158 8e-08
159 0
160 8e-08
161 8e-08
162 4e-08
163 0
164 8e-08
165 8e-08
166 8e-08
167 8e-08
168 1.6e-07
169 8e-08
170 1.6e-07
171 4e-08
172 4e-08
173 4e-08
174 8e-08
175 1.2e-07
176 1.2e-07
177 4e-08
178 4e-08
179 0
180 1.6e-07
181 4e-08
182 1.2e-07
183 0
184 1.2e-07
185 4e-08
186 8e-08
187 0
188 1.6e-07
189 4e-08
190 4e-08
191 4e-08
192 4e-08
193 1.2e-07
194 8e-08
195 8e-08
196 1.19602e-07
197 4e-08
198 0
199 8e-08
200 8e-08
201 8e-08
202 4e-08
203 0
204 4e-08
205 1.6e-07
206 7.9602e-08
207 8e-08
208 8e-08
209 8e-08
210 1.6e-07
211 8e-08
212 0
213 0
214 8e-08
215 4e-08
216 8e-08
217 1.2e-07
218 0
219 1.2e-07
220 0
221 4e-08
222 8e-08
223 1.2e-07
224 4e-08
225 0
226 0
227 1.6e-07
228 0
229 8e-08
230 1.6e-07
231 4e-08
232 4e-08
233 0
234 8e-08
235 0
236 8e-08
237 4e-08
238 0
239 0
240 4e-08
241 0
242 1.6e-07
243 4e-08
244 1.6e-07
245 0
246 8e-08
247 2e-07
248 8e-08
249 0
250 0
251 8e-08
252 4e-08
253 0
254 0
255 4e-08
256 4e-08
257 0
258 4e-08
259 8e-08
260 4e-08
261 8e-08
262 1.2e-07
263 0
264 8e-08
265 0
266 0
267 1.2e-07
268 0
269 8e-08
270 1.2e-07
271 4e-08
272 0
273 0
274 0
275 4e-08
276 0
277 4e-08
278 4e-08
279 0
280 8e-08
281 4e-08
282 0
283 0
284 4e-08
285 4e-08
286 4e-08
287 8e-08
288 0
289 4e-08
290 4e-08
291 8e-08
292 4e-08
293 0
294 4e-08
295 8e-08
296 0
297 4e-08
298 4e-08
299 0
300 8e-08
301 0
302 0
303 0
304 8e-08
305 8e-08
306 4e-08
307 3.9602e-08
308 4e-08
309 1.6e-07
310 8e-08
311 1.2e-07
312 4e-08
313 8e-08
314 8e-08
315 0
316 8e-08
317 8e-08
318 4e-08
319 1.2e-07
320 0
321 4e-08
322 0
323 0
324 8e-08
325 4e-08
326 4e-08
327 2e-07
328 4e-08
329 0
330 0
331 0
332 0
333 0
334 0
335 4e-08
336 0
337 1.2e-07
338 4e-08
339 0
340 4e-08
341 8e-08
342 0
343 4e-08
344 0
345 4e-08
346 4e-08
347 1.2e-07
348 4e-08
349 4e-08
350 4e-08
351 0
352 0
353 0
354 0
355 8e-08
356 4e-08
357 8e-08
358 4e-08
359 0
360 4e-08
361 0
362 4e-08
363 4e-08
364 0
365 4e-08
366 0
367 0
368 0
369 4e-08
370 0
371 0
372 8e-08
373 4e-08
374 4e-08
375 0
376 0
377 0
378 0
379 8e-08
380 8e-08
381 0
382 4e-08
383 0
384 4e-08
385 0
386 4e-08
387 4e-08
388 0
389 0
390 0
391 4e-08
392 0
393 0
394 0
395 0
396 1.2e-07
397 0
398 0
399 0
400 8e-08
401 4e-08
402 0
403 0
404 0
405 4e-08
406 0
407 4e-08
408 4e-08
409 0
410 4e-08
411 4e-08
412 0
413 4e-08
414 0
415 0
416 0
417 4e-08
418 0
419 8e-08
420 0
421 0
422 0
423 0
424 0
425 0
426 0
427 0
428 8e-08
429 4e-08
430 8e-08
431 0
432 4e-08
433 0
434 0
435 0
436 0
437 0
438 0
439 0
440 4e-08
441 0
442 0
443 0
444 0
445 0
446 0
447 4e-08
448 4e-08
449 4e-08
450 8e-08
451 4e-08
452 0
453 4e-08
454 0
455 0
456 4e-08
457 0
458 4e-08
459 0
460 4e-08
461 0
462 0
463 0
464 4e-08
465 4e-08
466 0
467 0
468 1.2e-07
469 1.2e-07
470 4e-08
471 0
472 0
473 4e-08
474 4e-08
475 4e-08
476 0
477 0
478 4e-08
479 0
480 0
481 4e-08
482 0
483 4e-08
484 4e-08
485 8e-08
486 4e-08
487 0
488 4e-08
489 0
490 0
491 8e-08
492 4e-08
493 0
494 0
495 8e-08
496 4e-08
497 8e-08
498 0
499 4e-08
500 4e-08
501 0
502 0
503 0
504 0
505 0
506 0
507 0
508 4e-08
509 8e-08
510 4e-08
511 0
512 4e-08
513 0
514 0
515 0
516 8e-08
517 8e-08
518 4e-08
519 0
520 8e-08
521 4e-08
522 0
523 0
524 0
525 3.9602e-08
526 4e-08
527 0
528 4e-08
529 0
530 0
531 4e-08
532 0
533 1.2e-07
534 4e-08
535 4e-08
536 0
537 4e-08
538 4e-08
539 8e-08
540 0
541 0
542 4e-08
543 4e-08
544 0
545 4e-08
546 4e-08
547 4e-08
548 4e-08
549 4e-08
550 4e-08
551 4e-08
552 0
553 0
554 0
555 4e-08
556 0
557 4e-08
558 0
559 0
560 0
561 4e-08
562 0
563 8e-08
564 4e-08
565 0
566 0
567 0
568 4e-08
569 0
570 1.2e-07
571 0
572 8e-08
573 4e-08
574 8e-08
575 0
576 0
577 0
578 0
579 0
580 0
581 4e-08
582 0
583 0
584 0
585 0
586 0
587 8e-08
588 0
589 0
590 4e-08
591 0
592 0
593 0
594 0
595 0
596 1.6e-07
597 4e-08
598 8e-08
599 0
600 0
601 0
602 0
603 8e-08
604 4e-08
605 8e-08
606 8e-08
607 0
608 0
609 0
610 0
611 4e-08
612 0
613 0
614 0
615 8e-08
616 0
617 0
618 0
619 0
620 0
621 0
622 0
623 4e-08
624 0
625 0
626 8e-08
627 4e-08
628 0
629 4e-08
630 0
631 0
632 0
633 4e-08
634 0
635 4e-08
636 4e-08
637 0
638 4e-08
639 4e-08
640 4e-08
641 0
642 0
643 0
644 0
645 4e-08
646 0
647 0
648 0
649 8e-08
650 4e-08
651 4e-08
652 0
653 0
654 0
655 4e-08
656 4e-08
657 8e-08
658 0
659 4e-08
660 0
661 0
662 4e-08
663 0
664 0
665 4e-08
666 4e-08
667 0
668 1.2e-07
669 4e-08
670 0
671 0
672 8e-08
673 0
674 4e-08
675 4e-08
676 4e-08
677 0
678 4e-08
679 0
680 4e-08
681 0
682 0
683 0
684 0
685 0
686 4e-08
687 0
688 0
689 0
690 1.2e-07
691 4e-08
692 0
693 0
694 0
695 4e-08
696 0
697 0
698 4e-08
699 4e-08
700 8e-08
701 0
702 8e-08
703 4e-08
704 0
705 0
706 4e-08
707 0
708 4e-08
709 0
710 0
711 0
712 1.2e-07
713 0
714 4e-08
715 8e-08
716 0
717 4e-08
718 0
719 0
720 0
721 0
722 0
723 0
724 0
725 4e-08
726 0
727 4e-08
728 0
729 0
730 1.2e-07
731 0
732 4e-08
733 0
734 0
735 0
736 0
737 4e-08
738 4e-08
739 0
740 0
741 0
742 4e-08
743 0
744 4e-08
745 0
746 0
747 0
748 8e-08
749 0
750 0
751 0
752 0
753 0
754 0
755 0
756 4e-08
757 4e-08
758 0
759 3.9602e-08
760 4e-08
761 8e-08
762 0
763 4e-08
764 0
765 8e-08
766 4e-08
767 4e-08
768 0
769 0
770 4e-08
771 0
772 0
773 0
774 0
775 4e-08
776 0
777 0
778 0
779 4e-08
780 0
781 0
782 0
783 0
784 4e-08
785 0
786 0
787 0
788 0
789 0
790 4e-08
791 0
792 0
793 0
794 0
795 0
796 0
797 0
798 4e-08
799 4e-08
800 4e-08
801 0
802 0
803 0
804 4e-08
805 0
806 0
807 0
808 0
809 0
810 4e-08
811 0
812 4e-08
813 4e-08
814 0
815 0
816 0
817 0
818 4e-08
819 4e-08
820 0
821 0
822 0
823 0
824 4e-08
825 0
826 4e-08
827 4e-08
828 4e-08
829 0
830 0
831 0
832 4e-08
833 0
834 4e-08
835 0
836 0
837 0
838 0
839 0
840 4e-08
841 4e-08
842 4e-08
843 4e-08
844 4e-08
845 0
846 0
847 0
848 0
849 0
850 0
851 8e-08
852 0
853 4e-08
854 0
855 4e-08
856 0
857 0
858 4e-08
859 4e-08
860 0
861 4e-08
862 8e-08
863 0
864 4e-08
865 0
866 0
867 4e-08
868 4e-08
869 0
870 0
871 0
872 0
873 0
874 8e-08
875 0
876 0
877 0
878 0
879 0
880 0
881 0
882 0
883 0
884 4e-08
885 4e-08
886 0
887 0
888 0
889 0
890 1.2e-07
891 0
892 0
893 4e-08
894 0
895 0
896 0
897 0
898 0
899 4e-08
900 0
901 0
902 4e-08
903 0
904 4e-08
905 0
906 0
907 0
908 0
909 0
910 0
911 0
912 0
913 8e-08
914 0
915 0
916 4e-08
917 4e-08
918 0
919 4e-08
920 0
921 0
922 0
923 8e-08
924 0
925 0
926 0
927 4e-08
928 4e-08
929 0
930 0
931 4e-08
932 0
933 0
934 0
935 0
936 4e-08
937 8e-08
938 0
939 4e-08
940 0
941 0
942 4e-08
943 0
944 4e-08
945 0
946 0
947 0
948 0
949 1.2e-07
950 0
951 0
952 8e-08
953 0
954 4e-08
955 0
956 0
957 0
958 0
959 0
960 0
961 4e-08
962 0
963 4e-08
964 0
965 0
966 0
967 8e-08
968 0
969 4e-08
970 8e-08
971 8e-08
972 0
973 0
974 0
975 0
976 0
977 8e-08
978 0
979 0
980 0
981 0
982 0
983 0
984 0
985 4e-08
986 0
987 0
988 0
989 0
990 0
991 0
992 0
993 0
994 0
995 4e-08
996 4e-08
997 0
998 4e-08
999 0
