0 0
1 0.000936
2 0.00066
3 0.0004
4 0.000336
5 0.0002
6 0.00024
7 0.000208
8 0.000149472
9 0.000152
10 0.000144
11 0.000101472
12 0.000116
13 8e-05
14 8e-05
15 4.4e-05
16 0.000112
17 4.4e-05
18 5.6e-05
19 8.54715e-05
20 5.6e-05
21 6.14715e-05
22 4e-05
23 6e-05
24 5.6e-05
25 2.4e-05
26 4.8e-05
27 2.4e-05
28 3.2e-05
29 4.4e-05
30 3.6e-05
31 3.6e-05
32 4.8e-05
33 2.8e-05
34 4.4e-05
35 3.6e-05
36 3.2e-05
37 3.6e-05
38 5.2e-05
39 2.8e-05
40 5.6e-05
41 4e-05
42 3.6e-05
43 2e-05
44 2e-05
45 3.2e-05
46 2.94715e-05
47 4.4e-05
48 2.8e-05
49 2.8e-05
50 3.2e-05
51 2.4e-05
52 3.6e-05
53 3.2e-05
54 2.4e-05
55 3.6e-05
56 4.94715e-05
57 1.2e-05
58 2e-05
59 2.8e-05
60 3.74715e-05
61 1.2e-05
62 8e-06
63 1.2e-05
64 1.6e-05
65 1.6e-05
66 2.8e-05
67 2.8e-05
68 1.2e-05
69 2.4e-05
70 1.2e-05
71 1.2e-05
72 1.2e-05
73 2.4e-05
74 2.54715e-05
75 2.4e-05
76 2e-05
77 4e-06
78 2e-05
79 4e-05
80 1.2e-05
81 2.4e-05
82 2e-05
83 8e-06
84 2e-05
85 8e-06
86 1.6e-05
87 9.47152e-06
88 0
89 2e-05
90 2e-05
91 1.34715e-05
92 0
93 1.2e-05
94 2e-05
95 2e-05
96 1.2e-05
97 8e-06
98 1.2e-05
99 4e-06
100 2.4e-05
101 2e-05
102 1.2e-05
103 0
104 8e-06
105 1.2e-05
106 4e-06
107 8e-06
108 1.2e-05
109 4e-06
110 4e-06
111 0
112 1.2e-05
113 2e-05
114 4e-06
115 4e-06
116 1.6e-05
117 2e-05
118 4e-06
119 2.4e-05
120 2e-05
121 8e-06
122 4e-06
123 3.2e-05
124 4e-06
125 1.6e-05
126 1.6e-05
127 8e-06
128 1.2e-05
129 1.6e-05
130 1.74715e-05
131 8e-06
132 2e-05
133 8e-06
134 0
135 8e-06
136 2e-05
137 8e-06
138 4e-06
139 8e-06
140 4e-06
141 2.4e-05
142 1.2e-05
143 1.2e-05
144 1.2e-05
145 8e-06
146 1.6e-05
147 1.2e-05
148 8e-06
149 4e-06
150 0
151 1.6e-05
152 0
153 1.6e-05
154 0
155 8e-06
156 4e-06
157 1.6e-05
158 2e-05
159 3.6e-05
160 9.47152e-06
161 4e-06
162 2e-05
163 8e-06
164 8e-06
165 0
166 4e-06
167 8e-06
168 1.2e-05
169 4e-06
170 8e-06
171 4e-06
172 8e-06
173 1.2e-05
174 0
175 1.47152e-06
176 0
177 4e-06
178 0
179 0
180 8e-06
181 4e-06
182 0
183 8e-06
184 4e-06
185 4e-06
186 4e-06
187 1.2e-05
188 1.6e-05
189 0
190 0
191 8e-06
192 4e-06
193 4e-06
194 3.2e-05
195 1.2e-05
196 8e-06
197 8e-06
198 0
199 0
200 1.2e-05
201 0
202 1.2e-05
203 8e-06
204 0
205 4e-06
206 0
207 1.6e-05
208 0
209 1.2e-05
210 8e-06
211 0
212 1.2e-05
213 0
214 0
215 8e-06
216 4e-06
217 4e-06
218 8e-06
219 4e-06
220 0
221 0
222 0
223 1.2e-05
224 4e-06
225 0
226 1.2e-05
227 0
228 0
229 4e-06
230 4e-06
231 4e-06
232 1.2e-05
233 0
234 4e-06
235 0
236 8e-06
237 0
238 1.2e-05
239 4e-06
240 4e-06
241 4e-06
242 4e-06
243 4e-06
244 1.6e-05
245 8e-06
246 8e-06
247 4e-06
248 4e-06
249 4e-06
250 4e-06
251 0
252 0
253 0
254 4e-06
255 8e-06
256 8e-06
257 0
258 8e-06
259 4e-06
260 0
261 0
262 8e-06
263 0
264 8e-06
265 4e-06
266 1.6e-05
267 4e-06
268 0
269 0
270 8e-06
271 1.2e-05
272 0
273 4e-06
274 8e-06
275 0
276 0
277 4e-06
278 4e-06
279 0
280 0
281 1.2e-05
282 1.2e-05
283 0
284 4e-06
285 8e-06
286 4e-06
287 4e-06
288 0
289 4e-06
290 4e-06
291 4e-06
292 4e-06
293 4e-06
294 1.47152e-06
295 4e-06
296 0
297 4e-06
298 4e-06
299 0
300 4e-06
301 8e-06
302 4e-06
303 8e-06
304 1.2e-05
305 0
306 8e-06
307 0
308 0
309 0
310 8e-06
311 8e-06
312 4e-06
313 8e-06
314 4e-06
315 0
316 0
317 8e-06
318 0
319 4e-06
320 4e-06
321 0
322 0
323 8e-06
324 0
325 4e-06
326 4e-06
327 0
328 0
329 4e-06
330 0
331 8e-06
332 8e-06
333 4e-06
334 4e-06
335 4e-06
336 4e-06
337 0
338 1.6e-05
339 4e-06
340 0
341 4e-06
342 0
343 4e-06
344 1.2e-05
345 0
346 8e-06
347 4e-06
348 0
349 8e-06
350 4e-06
351 1.2e-05
352 4e-06
353 1.47152e-06
354 0
355 4e-06
356 0
357 0
358 0
359 8e-06
360 4e-06
361 4e-06
362 0
363 0
364 0
365 0
366 8e-06
367 0
368 0
369 4e-06
370 8e-06
371 4e-06
372 0
373 0
374 0
375 4e-06
376 0
377 1.2e-05
378 0
379 4e-06
380 4e-06
381 0
382 0
383 0
384 8e-06
385 1.2e-05
386 4e-06
387 4e-06
388 1.47152e-06
389 0
390 8e-06
391 0
392 0
393 0
394 4e-06
395 0
396 8e-06
397 0
398 4e-06
399 4e-06
400 0
401 0
402 0
403 0
404 0
405 4e-06
406 0
407 4e-06
408 1.2e-05
409 4e-06
410 0
411 8e-06
412 4e-06
413 0
414 0
415 4e-06
416 0
417 4e-06
418 0
419 0
420 0
421 4e-06
422 0
423 0
424 4e-06
425 0
426 4e-06
427 0
428 4e-06
429 0
430 0
431 1.2e-05
432 4e-06
433 0
434 1.6e-05
435 4e-06
436 0
437 8e-06
438 0
439 8e-06
440 4e-06
441 0
442 4e-06
443 0
444 0
445 0
446 4e-06
447 4e-06
448 4e-06
449 0
450 0
451 4e-06
452 0
453 0
454 0
455 4e-06
456 0
457 0
458 8e-06
459 0
460 8e-06
461 0
462 0
463 4e-06
464 4e-06
465 4e-06
466 4e-06
467 8e-06
468 4e-06
469 8e-06
470 8e-06
471 0
472 0
473 4e-06
474 0
475 4e-06
476 4e-06
477 4e-06
478 0
479 0
480 0
481 0
482 0
483 0
484 1.2e-05
485 4e-06
486 4e-06
487 4e-06
488 8e-06
489 0
490 1.47152e-06
491 8e-06
492 0
493 0
494 0
495 0
496 0
497 4e-06
498 0
499 4e-06
500 0
501 8e-06
502 4e-06
503 0
504 0
505 0
506 4e-06
507 0
508 8e-06
509 0
510 0
511 0
512 0
513 4e-06
514 0
515 4e-06
516 4e-06
517 4e-06
518 4e-06
519 4e-06
520 4e-06
521 4e-06
522 0
523 4e-06
524 0
525 8e-06
526 4e-06
527 0
528 4e-06
529 4e-06
530 4e-06
531 0
532 0
533 4e-06
534 0
535 0
536 0
537 0
538 0
539 0
540 4e-06
541 0
542 0
543 0
544 0
545 0
546 0
547 0
548 0
549 0
550 0
551 0
552 4e-06
553 0
554 0
555 4e-06
556 4e-06
557 4e-06
558 0
559 0
560 0
561 0
562 0
563 0
564 4e-06
565 0
566 0
567 0
568 4e-06
569 1.2e-05
570 4e-06
571 4e-06
572 8e-06
573 0
574 0
575 4e-06
576 0
577 0
578 0
579 4e-06
580 0
581 8e-06
582 4e-06
583 8e-06
584 0
585 4e-06
586 8e-06
587 0
588 4e-06
589 0
590 4e-06
591 0
592 0
593 0
594 4e-06
595 8e-06
596 0
597 0
598 4e-06
599 4e-06
600 4e-06
601 0
602 4e-06
603 4e-06
604 0
605 0
606 0
607 0
608 4e-06
609 4e-06
610 0
611 0
612 0
613 0
614 0
615 0
616 0
617 4e-06
618 0
619 0
620 0
621 0
622 0
623 0
624 0
625 0
626 4e-06
627 0
628 0
629 4e-06
630 8e-06
631 4e-06
632 4e-06
633 4e-06
634 0
635 0
636 4e-06
637 0
638 4e-06
639 0
640 0
641 4e-06
642 4e-06
643 8e-06
644 4e-06
645 4e-06
646 0
647 0
648 0
649 4e-06
650 0
651 0
652 4e-06
653 8e-06
654 0
655 0
656 8e-06
657 0
658 0
659 0
660 0
661 4e-06
662 0
663 0
664 8e-06
665 0
666 8e-06
667 0
668 0
669 8e-06
670 4e-06
671 4e-06
672 4e-06
673 5.47152e-06
674 0
675 4e-06
676 0
677 4e-06
678 0
679 4e-06
680 0
681 4e-06
682 4e-06
683 0
684 1.47152e-06
685 0
686 0
687 0
688 4e-06
689 4e-06
690 0
691 0
692 0
693 0
694 0
695 0
696 4e-06
697 4e-06
698 0
699 0
700 0
701 4e-06
702 0
703 0
704 0
705 0
706 0
707 0
708 0
709 0
710 0
711 0
712 4e-06
713 4e-06
714 0
715 0
716 0
717 0
718 0
719 0
720 0
721 4e-06
722 0
723 0
724 4e-06
725 4e-06
726 0
727 0
728 0
729 0
730 0
731 8e-06
732 4e-06
733 4e-06
734 0
735 4e-06
736 4e-06
737 4e-06
738 0
739 0
740 0
741 4e-06
742 0
743 0
744 0
745 0
746 0
747 0
748 0
749 0
750 0
751 0
752 0
753 4e-06
754 4e-06
755 4e-06
756 0
757 0
758 4e-06
759 0
760 0
761 0
762 0
763 0
764 0
765 0
766 4e-06
767 4e-06
768 0
769 0
770 0
771 0
772 0
773 0
774 4e-06
775 0
776 0
777 0
778 0
779 0
780 4e-06
781 0
782 0
783 4e-06
784 0
785 4e-06
786 4e-06
787 8e-06
788 0
789 0
790 0
791 4e-06
792 4e-06
793 0
794 4e-06
795 0
796 0
797 0
798 1.2e-05
799 0
800 0
801 4e-06
802 8e-06
803 0
804 0
805 0
806 4e-06
807 8e-06
808 4e-06
809 0
810 0
811 4e-06
812 0
813 4e-06
814 4e-06
815 0
816 0
817 4e-06
818 0
819 0
820 4e-06
821 4e-06
822 0
823 0
824 0
825 0
826 0
827 4e-06
828 0
829 0
830 0
831 4e-06
832 0
833 4e-06
834 4e-06
835 0
836 0
837 0
838 0
839 0
840 4e-06
841 0
842 0
843 0
844 8e-06
845 0
846 0
847 0
848 0
849 4e-06
850 0
851 0
852 0
853 4e-06
854 0
855 4e-06
856 4e-06
857 0
858 4e-06
859 4e-06
860 0
861 0
862 0
863 4e-06
864 0
865 0
866 0
867 4e-06
868 0
869 0
870 4e-06
871 0
872 0
873 4e-06
874 4e-06
875 4e-06
876 4e-06
877 4e-06
878 0
879 4e-06
880 0
881 0
882 0
883 0
884 0
885 4e-06
886 8e-06
887 0
888 5.47152e-06
889 0
890 0
891 0
892 0
893 0
894 0
895 0
896 8e-06
897 0
898 0
899 0
900 0
901 0
902 4e-06
903 0
904 4e-06
905 0
906 4e-06
907 0
908 0
909 4e-06
910 4e-06
911 4e-06
912 0
913 0
914 0
915 0
916 0
917 1.47152e-06
918 4e-06
919 4e-06
920 0
921 0
922 0
923 4e-06
924 0
925 0
926 0
927 8e-06
928 0
929 0
930 0
931 0
932 4e-06
933 0
934 0
935 4e-06
936 0
937 0
938 4e-06
939 0
940 4e-06
941 0
942 0
943 1.2e-05
944 0
945 4e-06
946 0
947 0
948 4e-06
949 4e-06
950 4e-06
951 0
952 0
953 0
954 0
955 0
956 0
957 0
958 0
959 0
960 0
961 4e-06
962 0
963 4e-06
964 0
965 8e-06
966 0
967 0
968 8e-06
969 0
970 4e-06
971 0
972 0
973 0
974 4e-06
975 0
976 0
977 0
978 4e-06
979 4e-06
980 0
981 0
982 0
983 8e-06
984 4e-06
985 0
986 0
987 0
988 0
989 0
990 0
991 0
992 0
993 0
994 0
995 0
996 4e-06
997 0
998 0
999 0
