0 0
1 0
2 0
3 4e-08
4 0
5 0
6 0
7 0
8 0
9 0
10 0
11 0
12 0
13 4e-08
14 4e-08
15 4e-08
16 0
17 0
18 4e-08
19 4e-08
20 4e-08
21 4e-08
22 0
23 4e-08
24 0
25 0
26 4e-08
27 0
28 0
29 8e-08
30 4e-08
31 0
32 0
33 4e-08
34 0
35 0
36 4e-08
37 4e-08
38 8e-08
39 4e-08
40 0
41 8e-08
42 4e-08
43 0
44 1.2e-07
45 1.6e-07
46 8e-08
47 8e-08
48 1.2e-07
49 0
50 8e-08
51 8e-08
52 4e-08
53 4e-08
54 8e-08
55 1.2e-07
56 0
57 4e-08
58 4e-08
59 4e-08
60 4e-08
61 4e-08
62 4e-08
63 1.2e-07
64 4e-08
65 0
66 8e-08
67 8e-08
68 4e-08
69 4e-08
70 0
71 4e-08
72 4e-08
73 4e-08
74 8e-08
75 1.6e-07
76 4e-08
77 4e-08
78 1.6e-07
79 0
80 4e-08
81 8e-08
82 4e-08
83 4e-08
84 0
85 4e-08
86 1.2e-07
87 8e-08
88 4e-08
89 1.2e-07
90 1.2e-07
91 0
92 4e-08
93 1.2e-07
94 1.2e-07
95 4e-08
96 8e-08
97 0
98 0
99 4e-08
100 4e-08
101 0
102 4e-08
103 3.9602e-08
104 1.2e-07
105 8e-08
106 8e-08
107 0
108 0
109 2e-07
110 4e-08
111 0
112 4e-08
113 4e-08
114 0
115 1.6e-07
116 8e-08
117 8e-08
118 8e-08
119 8e-08
120 0
121 8e-08
122 2e-07
123 1.6e-07
124 0
125 2.4e-07
126 0
127 4e-08
128 1.2e-07
129 1.2e-07
130 2e-07
131 0
132 8e-08
133 0
134 1.2e-07
135 4e-08
136 0
137 4e-08
138 2e-07
139 0
140 4e-08
141 1.2e-07
142 1.6e-07
143 8e-08
144 8e-08
145 0
146 0
147 4e-08
148 0
149 8e-08
150 4e-08
151 4e-08
152 1.2e-07
153 0
154 0
155 4e-08
156 4e-08
157 4e-08
158 1.2e-07
159 4e-08
160 4e-08
161 0
162 4e-08
163 4e-08
164 4e-08
165 4e-08
166 8e-08
167 8e-08
168 4e-08
169 1.2e-07
170 4e-08
171 0
172 1.2e-07
173 8e-08
174 0
175 4e-08
176 0
177 4e-08
178 4e-08
179 0
180 0
181 4e-08
182 1.2e-07
183 4e-08
184 1.2e-07
185 4e-08
186 8e-08
187 4e-08
188 4e-08
189 0
190 8e-08
191 0
192 0
193 8e-08
194 0
195 0
196 8e-08
197 8e-08
198 4e-08
199 0
200 4e-08
201 0
202 4e-08
203 0
204 1.2e-07
205 4e-08
206 0
207 0
208 4e-08
209 0
210 4e-08
211 1.2e-07
212 1.2e-07
213 4e-08
214 0
215 0
216 4e-08
217 0
218 4e-08
219 1.2e-07
220 0
221 4e-08
222 4e-08
223 0
224 0
225 4e-08
226 0
227 0
228 4e-08
229 4e-08
230 0
231 4e-08
232 8e-08
233 0
234 0
235 0
236 4e-08
237 8e-08
238 4e-08
239 1.6e-07
240 0
241 8e-08
242 4e-08
243 4e-08
244 4e-08
245 4e-08
246 1.2e-07
247 4e-08
248 4e-08
249 0
250 4e-08
251 0
252 4e-08
253 4e-08
254 4e-08
255 1.2e-07
256 4e-08
257 0
258 8e-08
259 8e-08
260 1.2e-07
261 0
262 4e-08
263 8e-08
264 8e-08
265 4e-08
266 0
267 0
268 4e-08
269 8e-08
270 0
271 4e-08
272 8e-08
273 0
274 8e-08
275 4e-08
276 8e-08
277 0
278 0
279 0
280 0
281 0
282 4e-08
283 0
284 0
285 0
286 0
287 1.6e-07
288 0
289 4e-08
290 4e-08
291 4e-08
292 8e-08
293 4e-08
294 4e-08
295 4e-08
296 4e-08
297 1.2e-07
298 0
299 8e-08
300 1.2e-07
301 0
302 0
303 4e-08
304 0
305 8e-08
306 0
307 4e-08
308 0
309 4e-08
310 4e-08
311 0
312 4e-08
313 4e-08
314 8e-08
315 0
316 4e-08
317 4e-08
318 4e-08
319 8e-08
320 4e-08
321 4e-08
322 0
323 1.2e-07
324 4e-08
325 4e-08
326 8e-08
327 0
328 0
329 8e-08
330 8e-08
331 8e-08
332 4e-08
333 4e-08
334 0
335 4e-08
336 0
337 1.2e-07
338 4e-08
339 0
340 4e-08
341 0
342 0
343 8e-08
344 0
345 4e-08
346 4e-08
347 0
348 8e-08
349 4e-08
350 4e-08
351 4e-08
352 0
353 0
354 4e-08
355 0
356 0
357 0
358 0
359 1.59602e-07
360 4e-08
361 4e-08
362 0
363 0
364 0
365 4e-08
366 8e-08
367 8e-08
368 4e-08
369 0
370 0
371 0
372 4e-08
373 4e-08
374 4e-08
375 4e-08
376 0
377 4e-08
378 0
379 4e-08
380 0
381 8e-08
382 0
383 4e-08
384 8e-08
385 0
386 4e-08
387 4e-08
388 0
389 4e-08
390 4e-08
391 4e-08
392 8e-08
393 3.9602e-08
394 4e-08
395 4e-08
396 0
397 0
398 4e-08
399 8e-08
400 8e-08
401 4e-08
402 0
403 4e-08
404 4e-08
405 0
406 1.2e-07
407 8e-08
408 0
409 0
410 0
411 8e-08
412 4e-08
413 1.2e-07
414 8e-08
415 1.2e-07
416 4e-08
417 0
418 0
419 0
420 0
421 0
422 0
423 4e-08
424 8e-08
425 0
426 0
427 8e-08
428 0
429 4e-08
430 4e-08
431 0
432 4e-08
433 4e-08
434 0
435 4e-08
436 4e-08
437 4e-08
438 4e-08
439 0
440 8e-08
441 0
442 0
443 4e-08
444 0
445 0
446 8e-08
447 0
448 0
449 0
450 0
451 0
452 0
453 4e-08
454 4e-08
455 4e-08
456 0
457 0
458 4e-08
459 0
460 0
461 4e-08
462 8e-08
463 4e-08
464 0
465 0
466 0
467 4e-08
468 8e-08
469 0
470 0
471 0
472 8e-08
473 4e-08
474 1.2e-07
475 0
476 0
477 4e-08
478 4e-08
479 0
480 0
481 1.2e-07
482 0
483 4e-08
484 4e-08
485 0
486 8e-08
487 8e-08
488 8e-08
489 0
490 4e-08
491 0
492 4e-08
493 0
494 0
495 0
496 0
497 0
498 4e-08
499 4e-08
500 0
501 0
502 0
503 0
504 4e-08
505 0
506 4e-08
507 0
508 0
509 0
510 4e-08
511 0
512 0
513 0
514 4e-08
515 0
516 0
517 4e-08
518 0
519 8e-08
520 0
521 4e-08
522 4e-08
523 0
524 0
525 0
526 0
527 4e-08
528 0
529 0
530 0
531 0
532 0
533 0
534 0
535 0
536 0
537 0
538 4e-08
539 0
540 0
541 0
542 4e-08
543 4e-08
544 1.2e-07
545 0
546 4e-08
547 4e-08
548 4e-08
549 0
550 0
551 0
552 4e-08
553 4e-08
554 8e-08
555 0
556 4e-08
557 4e-08
558 0
559 0
560 4e-08
561 4e-08
562 0
563 4e-08
564 4e-08
565 0
566 0
567 4e-08
568 0
569 0
570 0
571 0
572 4e-08
573 0
574 4e-08
575 0
576 0
577 4e-08
578 0
579 0
580 0
581 4e-08
582 0
583 0
584 0
585 4e-08
586 0
587 0
588 4e-08
589 7.9602e-08
590 0
591 0
592 4e-08
593 0
594 0
595 0
596 4e-08
597 0
598 0
599 0
600 0
601 0
602 0
603 0
604 0
605 4e-08
606 0
607 0
608 0
609 8e-08
610 4e-08
611 0
612 0
613 4e-08
614 0
615 0
616 0
617 4e-08
618 0
619 0
620 4e-08
621 4e-08
622 0
623 0
624 0
625 0
626 0
627 0
628 4e-08
629 4e-08
630 0
631 4e-08
632 0
633 8e-08
634 0
635 4e-08
636 0
637 4e-08
638 4e-08
639 0
640 4e-08
641 8e-08
642 0
643 0
644 8e-08
645 4e-08
646 0
647 0
648 4e-08
649 4e-08
650 0
651 0
652 0
653 0
654 4e-08
655 0
656 0
657 0
658 0
659 0
660 4e-08
661 0
662 0
663 0
664 4e-08
665 0
666 4e-08
667 0
668 0
669 0
670 4e-08
671 0
672 0
673 0
674 0
675 4e-08
676 4e-08
677 4e-08
678 0
679 0
680 4e-08
681 0
682 0
683 0
684 0
685 4e-08
686 0
687 0
688 0
689 0
690 0
691 0
692 4e-08
693 0
694 0
695 4e-08
696 0
697 0
698 0
699 0
700 4e-08
701 0
702 4e-08
703 0
704 4e-08
705 4e-08
706 0
707 0
708 0
709 4e-08
710 4e-08
711 4e-08
712 8e-08
713 0
714 0
715 4e-08
716 4e-08
717 0
718 0
719 0
720 0
721 4e-08
722 0
723 0
724 8e-08
725 0
726 8e-08
727 0
728 0
729 1.2e-07
730 0
731 0
732 0
733 0
734 8e-08
735 0
736 4e-08
737 0
738 0
739 0
740 0
741 0
742 4e-08
743 0
744 0
745 0
746 0
747 0
748 4e-08
749 4e-08
750 4e-08
751 4e-08
752 0
753 4e-08
754 0
755 0
756 0
757 4e-08
758 0
759 0
760 0
761 4e-08
762 0
763 4e-08
764 0
765 4e-08
766 0
767 0
768 4e-08
769 0
770 8e-08
771 1.59602e-07
772 4e-08
773 4e-08
774 0
775 0
776 0
777 1.2e-07
778 0
779 0
780 0
781 8e-08
782 0
783 0
784 4e-08
785 0
786 0
787 0
788 0
789 4e-08
790 4e-08
791 0
792 4e-08
793 0
794 4e-08
795 4e-08
796 1.2e-07
797 4e-08
798 0
799 4e-08
800 0
801 0
802 0
803 0
804 0
805 4e-08
806 0
807 0
808 4e-08
809 0
810 0
811 4e-08
812 0
813 4e-08
814 0
815 8e-08
816 4e-08
817 0
818 4e-08
819 0
820 0
821 0
822 0
823 0
824 0
825 0
826 4e-08
827 4e-08
828 0
829 4e-08
830 4e-08
831 0
832 4e-08
833 0
834 4e-08
835 0
836 4e-08
837 0
838 4e-08
839 0
840 8e-08
841 0
842 4e-08
843 0
844 4e-08
845 0
846 0
847 0
848 0
849 4e-08
850 0
851 0
852 0
853 0
854 0
855 0
856 0
857 0
858 0
859 4e-08
860 0
861 0
862 0
863 0
864 0
865 0
866 4e-08
867 0
868 0
869 0
870 0
871 0
872 0
873 0
874 0
875 0
876 0
877 0
878 0
879 0
880 0
881 0
882 0
883 0
884 4e-08
885 4e-08
886 0
887 0
888 0
889 0
890 0
891 0
892 4e-08
893 4e-08
894 0
895 0
896 4e-08
897 0
898 0
899 0
900 0
901 4e-08
902 0
903 0
904 0
905 0
906 8e-08
907 0
908 0
909 0
910 4e-08
911 0
912 4e-08
913 0
914 0
915 0
916 0
917 0
918 0
919 0
920 0
921 0
922 0
923 0
924 4e-08
925 0
926 0
927 0
928 0
929 8e-08
930 0
931 0
932 0
933 0
934 0
935 0
936 0
937 4e-08
938 8e-08
939 0
940 0
941 0
942 4e-08
943 0
944 0
945 0
946 0
947 0
948 0
949 4e-08
950 0
951 0
952 0
953 0
954 0
955 0
956 0
957 0
958 4e-08
959 8e-08
960 0
961 0
962 0
963 0
964 0
965 4e-08
966 0
967 0
968 0
969 0
970 4e-08
971 4e-08
972 0
973 4e-08
974 0
975 0
976 0
977 8e-08
978 0
979 0
980 0
981 0
982 0
983 4e-08
984 4e-08
985 4e-08
986 0
987 0
988 4e-08
989 4e-08
990 0
991 0
992 0
993 0
994 0
995 4e-08
996 0
997 4e-08
998 0
999 0
