0 0
1 1.55703e-13
2 3.17163e-11
3 8.46344e-11
4 6.70122e-11
5 4.71364e-11
6 4.473e-11
7 5.43104e-11
8 5.85367e-11
9 5.28233e-11
10 5.90601e-11
11 3.50898e-11
12 3.19854e-11
13 4.23502e-11
14 3.05862e-10
15 8.45838e-11
16 1.36091e-11
17 3.88323e-09
18 1.9613e-11
19 2.19404e-11
20 1.06771e-11
21 9.29381e-12
22 1.30491e-11
23 7.411e-12
24 5.16846e-11
25 1.47423e-11
26 1.17577e-11
27 7.56069e-12
28 1.75098e-12
29 9.15441e-12
30 2.145e-12
31 6.27842e-12
32 1.09216e-08
33 7.76631e-13
34 4.08546e-13
35 5.11834e-12
36 2.47137e-11
37 2.45742e-12
38 5.53093e-13
39 2.27095e-12
40 9.87034e-09
41 3.62597e-12
42 2.42129e-12
43 5.47926e-14
44 6.11886e-13
45 2.62184e-12
46 2.38766e-13
47 2.72396e-13
48 1.33548e-13
49 6.56795e-12
50 1.19866e-12
51 2.84535e-13
52 2.24309e-12
53 0
54 7.27106e-14
55 7.51822e-14
56 8.35475e-14
57 0
58 0
59 3.93808e-13
60 0
61 2.58298e-12
62 2.32346e-12
63 0
64 0
65 0
66 7.84299e-14
67 8.78213e-14
68 0
69 0
70 0
71 1.28992e-11
72 0
73 2.37787e-13
74 7.32672e-14
75 0
76 0
77 6.3736e-14
78 0
79 0
80 6.7212e-14
81 0
82 0
83 3.65849e-13
84 0
85 0
86 6.89242e-14
87 0
88 0
89 0
90 6.96226e-14
91 0
92 0
93 0
94 0
95 3.00883e-14
96 0
97 7.44242e-14
98 7.16907e-14
99 0
100 0
101 0
102 0
103 0
104 6.3094e-14
105 0
106 0
107 0
108 6.38766e-14
109 0
110 8.74271e-14
111 0
112 0
113 0
114 0
115 0
116 0
117 0
118 7.53467e-14
119 0
120 0
121 7.32839e-14
122 0
123 0
124 0
125 0
126 0
127 0
128 0
129 0
130 0
131 0
132 8.46233e-14
133 0
134 0
135 0
136 0
137 0
138 0
139 0
140 0
141 0
142 0
143 6.6155e-14
144 5.89765e-14
145 0
146 0
147 6.80159e-14
148 0
149 0
150 0
151 0
152 0
153 1.43088e-13
154 7.04032e-14
155 6.78641e-14
156 0
157 0
158 0
159 0
160 0
161 7.39105e-14
162 7.29662e-14
163 0
164 0
165 0
166 0
167 0
168 0
169 0
170 0
171 0
172 7.87776e-14
173 6.7658e-14
174 3.47674e-13
175 7.23409e-14
176 6.84201e-14
177 0
178 0
179 0
180 6.65003e-14
181 0
182 0
183 0
184 0
185 0
186 0
187 0
188 0
189 0
190 0
191 0
192 0
193 1.36022e-13
194 0
195 0
196 0
197 0
198 0
199 0
200 0
201 0
202 6.66898e-14
203 0
204 0
205 0
206 0
207 0
208 0
209 0
210 0
211 7.39817e-14
212 0
213 7.22755e-14
214 8.68459e-14
215 0
216 0
217 0
218 7.90305e-14
219 6.91498e-14
220 8.14053e-14
221 0
222 0
223 0
224 0
225 6.47668e-14
226 0
227 0
228 0
229 0
230 0
231 0
232 0
233 0
234 0
235 0
236 1.3e-13
237 0
238 0
239 0
240 0
241 0
242 0
243 0
244 0
245 0
246 0
247 0
248 0
249 0
