0 0
1 6.41249e-12
2 2.63279e-09
3 3.75493e-08
4 3.39731e-08
5 9.74905e-09
6 1.86437e-08
7 2.69117e-08
8 3.4308e-08
9 1.34081e-08
10 1.31415e-08
11 7.83908e-09
12 2.54799e-08
13 1.94824e-08
14 5.40158e-08
15 2.35034e-08
16 5.91189e-09
17 5.04146e-08
18 3.47867e-08
19 1.65329e-08
20 2.05739e-08
21 2.50269e-08
22 1.63408e-08
23 9.71975e-09
24 2.41122e-08
25 1.69173e-08
26 3.67187e-08
27 5.33633e-09
28 4.55185e-10
29 1.33077e-08
30 2.67776e-10
31 2.55338e-08
32 4.06773e-09
33 1.3449e-10
34 1.36583e-11
35 1.39454e-08
36 2.64828e-09
37 9.6368e-10
38 7.49961e-10
39 9.21799e-10
40 5.17206e-10
41 1.02427e-09
42 2.79374e-09
43 1.32989e-11
44 2.41358e-11
45 1.31433e-09
46 4.00249e-10
47 2.12649e-10
48 2.19276e-11
49 3.24641e-09
50 2.96358e-09
51 2.18396e-12
52 1.2292e-08
53 2.76916e-13
54 0
55 8.56018e-12
56 6.73916e-12
57 0
58 1.18792e-11
59 7.75927e-11
60 6.14152e-11
61 9.39898e-09
62 3.07857e-09
63 0
64 4.83452e-12
65 0
66 0
67 0
68 0
69 6.68915e-13
70 1.44435e-11
71 7.7431e-10
72 0
73 0
74 5.60262e-12
75 0
76 1.11962e-11
77 3.24379e-11
78 0
79 0
80 0
81 4.5739e-11
82 0
83 0
84 0
85 0
86 0
87 3.01044e-12
88 0
89 0
90 3.70845e-12
91 0
92 2.45924e-11
93 0
94 8.12732e-12
95 0
96 0
97 1.66618e-10
98 0
99 7.54637e-12
100 0
101 0
102 0
103 0
104 7.9415e-12
105 0
106 0
107 0
108 0
109 0
110 0
111 6.49635e-12
112 5.03028e-12
113 0
114 5.08798e-12
115 0
116 0
117 0
118 0
119 0
120 0
121 0
122 0
123 0
124 9.73345e-09
125 0
126 0
127 0
128 0
129 5.65996e-12
130 5.06514e-12
131 0
132 0
133 0
134 0
135 0
136 8.85498e-11
137 0
138 0
139 0
140 0
141 5.90996e-12
142 0
143 0
144 0
145 0
146 0
147 1.11997e-11
148 0
149 4.71597e-12
150 2.23292e-11
151 0
152 0
153 0
154 0
155 0
156 0
157 0
158 0
159 8.25499e-12
160 4.25988e-12
161 6.59827e-12
162 0
163 0
164 0
165 0
166 0
167 5.24073e-11
168 0
169 0
170 0
171 0
172 0
173 0
174 0
175 3.75448e-12
176 7.09017e-12
177 0
178 0
179 2.05962e-12
180 0
181 0
182 2.52263e-12
183 0
184 0
185 0
186 0
187 0
188 0
189 0
190 0
191 0
192 0
193 0
194 0
195 0
196 0
197 0
198 0
199 0
200 0
201 7.58496e-13
202 0
203 0
204 0
205 0
206 0
207 0
208 3.35555e-12
209 0
210 0
211 0
212 0
213 0
214 0
215 0
216 0
217 0
218 0
219 0
220 0
221 0
222 0
223 2.90986e-12
224 0
225 0
226 0
227 0
228 8.54354e-12
229 0
230 0
231 0
232 0
233 5.64025e-12
234 0
235 0
236 0
237 0
238 0
239 0
240 9.92376e-11
241 0
242 1.20482e-11
243 2.36444e-12
244 0
245 6.03961e-12
246 0
247 0
248 6.94194e-13
249 0
