0.5 1e-05 1 0 0 0 0
0.5 1e-05 2.71828 0 7.72596e-07 7.66956e-07 7.78076e-07
0.5 1e-05 7.38906 0 9.35635e-07 9.29475e-07 9.41794e-07
0.5 1e-05 20.0855 0 9.90954e-07 9.84434e-07 9.97354e-07
0.5 1e-05 54.5982 0 1.01003e-06 1.00339e-06 1.01691e-06
0.5 1e-05 148.413 0 1.01683e-06 1.01031e-06 1.02339e-06
0.5 1e-05 403.429 0 1.01975e-06 1.01319e-06 1.02643e-06
0.5 1e-05 1096.63 0 1.02115e-06 1.01447e-06 1.02791e-06
0.5 1e-05 2980.96 0 1.02115e-06 1.01451e-06 1.02795e-06
0.5 1e-05 8103.08 0 1.02115e-06 1.01447e-06 1.02783e-06
0.5 1e-05 22026.5 0 1.02115e-06 1.01443e-06 1.02779e-06
0.5 1e-05 59874.1 0 1.02115e-06 1.01455e-06 1.02795e-06
0.5 1e-05 162755 0 1.02115e-06 1.01471e-06 1.02787e-06
0.5 1e-05 442413 0 1.02115e-06 1.01463e-06 1.02803e-06
0.5 1 1 0 0 0 0
0.5 1 2.71828 0 0.0473416 0.0470046 0.0476701
0.5 1 7.38906 0 0.0560628 0.0556945 0.0564351
0.5 1 20.0855 0 0.0590625 0.0586818 0.0594403
0.5 1 54.5982 0 0.0600905 0.0597178 0.0604746
0.5 1 148.413 0 0.060467 0.0600791 0.0608512
0.5 1 403.429 0 0.0606297 0.0602496 0.0610048
0.5 1 1096.63 0 0.0607128 0.0603324 0.0610903
0.5 1 2980.96 0 0.0607128 0.0603262 0.0610891
0.5 1 8103.08 0 0.0607128 0.0603271 0.0610949
0.5 1 22026.5 0 0.0607128 0.0603311 0.0610989
0.5 1 59874.1 0 0.0607128 0.0603196 0.0610921
0.5 1 162755 0 0.0607128 0.0603365 0.0610892
0.5 1 442413 0 0.0607128 0.0603303 0.0610876
0.75 1e-05 1 0 0 0 0
0.75 1e-05 2.71828 0 5.28037e-07 5.23517e-07 5.32717e-07
0.75 1e-05 7.38906 0 7.80156e-07 7.74356e-07 7.85716e-07
0.75 1e-05 20.0855 0 9.44394e-07 9.38114e-07 9.50754e-07
0.75 1e-05 54.5982 0 1.05867e-06 1.05191e-06 1.06547e-06
0.75 1e-05 148.413 0 1.14391e-06 1.13683e-06 1.15083e-06
0.75 1e-05 403.429 0 1.20355e-06 1.19631e-06 1.21091e-06
0.75 1e-05 1096.63 0 1.24395e-06 1.23659e-06 1.25159e-06
0.75 1e-05 2980.96 0 1.24395e-06 1.23647e-06 1.25131e-06
0.75 1e-05 8103.08 0 1.24395e-06 1.23651e-06 1.25135e-06
0.75 1e-05 22026.5 0 1.24395e-06 1.23643e-06 1.25131e-06
0.75 1e-05 59874.1 0 1.24395e-06 1.23627e-06 1.25147e-06
0.75 1e-05 162755 0 1.24395e-06 1.23651e-06 1.25131e-06
0.75 1e-05 442413 0 1.24395e-06 1.23651e-06 1.25147e-06
0.75 1 1 0 0 0 0
0.75 1 2.71828 0 0.0327887 0.0325083 0.0330645
0.75 1 7.38906 0 0.0472877 0.0469486 0.0476288
0.75 1 20.0855 0 0.0564646 0.0560975 0.0568384
0.75 1 54.5982 0 0.0627219 0.0623277 0.0631101
0.75 1 148.413 0 0.0673949 0.0669916 0.0677909
0.75 1 403.429 0 0.070668 0.0702651 0.0710696
0.75 1 1096.63 0 0.0728292 0.0724142 0.0732417
0.75 1 2980.96 0 0.0728292 0.0724093 0.0732377
0.75 1 8103.08 0 0.0728292 0.0724229 0.0732531
0.75 1 22026.5 0 0.0728292 0.0724065 0.0732487
0.75 1 59874.1 0 0.0728292 0.0724162 0.0732407
0.75 1 162755 0 0.0728292 0.0724244 0.0732471
0.75 1 442413 0 0.0728292 0.0724145 0.0732389
1.25 1 1 0 0 0 0
1.25 1 2.71828 0 0.0309536 0.0296029 0.0323377
1.25 1 7.38906 0 0.0565198 0.0547433 0.0583529
1.25 1 20.0855 0 0.0833615 0.0811576 0.0855368
1.25 1 54.5982 0 0.112191 0.109679 0.11469
1.25 1 148.413 0 0.148891 0.14603 0.151703
1.25 1 403.429 0 0.187979 0.184846 0.191196
1.25 1 1096.63 0 0.230036 0.226599 0.233503
1.25 1 2980.96 0 0.27864 0.274984 0.28213
1.25 1 8103.08 0 0.328924 0.325073 0.332729
1.25 1 22026.5 0 0.382063 0.378135 0.386111
1.25 1 59874.1 0 0.438468 0.434224 0.442449
1.25 1 162755 0 0.488893 0.484816 0.493014
1.25 1 442413 0 0.488893 0.484919 0.49298
1.45 1 1 0 0 0 0
1.45 1 2.71828 0 0.0303614 0.0290441 0.0317289
1.45 1 7.38906 0 0.0622538 0.0603423 0.0641734
1.45 1 20.0855 0 0.0972985 0.0948807 0.0996501
1.45 1 54.5982 0 0.138549 0.135798 0.141271
1.45 1 148.413 0 0.191978 0.188892 0.195028
1.45 1 403.429 0 0.254905 0.251436 0.258447
1.45 1 1096.63 0 0.328228 0.324486 0.332027
1.45 1 2980.96 0 0.40699 0.402971 0.411028
1.45 1 8103.08 0 0.493982 0.489949 0.497961
1.45 1 22026.5 0 0.580355 0.57626 0.584355
1.45 1 59874.1 0 0.655712 0.651707 0.659736
1.45 1 162755 0 0.720383 0.71674 0.72423
1.45 1 442413 0 0.720383 0.716632 0.724112
1.65 1 1 0 0 0 0
1.65 1 2.71828 0 0.0295629 0.028242 0.0308904
1.65 1 7.38906 0 0.0615022 0.059616 0.0634087
1.65 1 20.0855 0 0.107133 0.104669 0.109563
1.65 1 54.5982 0 0.16575 0.162853 0.168773
1.65 1 148.413 0 0.238457 0.235085 0.241873
1.65 1 403.429 0 0.32559 0.321734 0.32935
1.65 1 1096.63 0 0.425683 0.421712 0.429788
1.65 1 2980.96 0 0.536463 0.532406 0.540486
1.65 1 8103.08 0 0.642228 0.638344 0.646131
1.65 1 22026.5 0 0.738052 0.734365 0.741704
1.65 1 59874.1 0 0.810281 0.806965 0.813496
1.65 1 162755 0 0.863423 0.860512 0.866224
1.65 1 442413 0 0.863423 0.860606 0.866286
1.85 1 1 0 0 0 0
1.85 1 2.71828 0 0.0304079 0.0290638 0.0317819
1.85 1 7.38906 0 0.0674968 0.0655523 0.0695241
1.85 1 20.0855 0 0.117425 0.11487 0.11995
1.85 1 54.5982 0 0.183738 0.180761 0.186852
1.85 1 148.413 0 0.281084 0.277558 0.284645
1.85 1 403.429 0 0.394244 0.390423 0.398239
1.85 1 1096.63 0 0.522997 0.518945 0.526985
1.85 1 2980.96 0 0.645284 0.641446 0.649076
1.85 1 8103.08 0 0.751826 0.748247 0.75544
1.85 1 22026.5 0 0.832625 0.8295 0.835694
1.85 1 59874.1 0 0.88999 0.887427 0.892618
1.85 1 162755 0 0.92606 0.923918 0.928269
1.85 1 442413 0 0.92606 0.923841 0.928212
1 1 1 0 0 0 0
1 1 2.71828 0 0.0310168 0.0296661 0.032361
1 1 7.38906 0 0.0510492 0.0493278 0.0527756
1 1 20.0855 0 0.0703464 0.0682921 0.0724068
1 1 54.5982 0 0.0877897 0.0855632 0.0899993
1 1 148.413 0 0.103945 0.101544 0.106378
1 1 403.429 0 0.120135 0.117522 0.122728
1 1 1096.63 0 0.132166 0.129477 0.134836
1 1 2980.96 0 0.146086 0.143205 0.148904
1 1 8103.08 0 0.160178 0.157194 0.163152
1 1 22026.5 0 0.173845 0.170807 0.176831
1 1 59874.1 0 0.188209 0.184998 0.191352
1 1 162755 0 0.200545 0.197399 0.203885
1 1 442413 0 0.200545 0.197338 0.203784
2.05 1 1 0 0 0 0
2.05 1 2.71828 0 0.184014 0.18097 0.186948
2.05 1 7.38906 0 0.184116 0.181187 0.187036
2.05 1 20.0855 0 0.184116 0.18112 0.187116
2.05 1 54.5982 0 0.184116 0.181195 0.18716
2.05 1 148.413 0 0.184116 0.181121 0.186987
2.05 1 403.429 0 0.184116 0.181206 0.187119
2.05 1 1096.63 0 0.184116 0.181158 0.187181
2.05 1 2980.96 0 0.184116 0.181145 0.187079
2.05 1 8103.08 0 0.184116 0.181062 0.187068
2.05 1 22026.5 0 0.184116 0.181191 0.187111
2.05 1 59874.1 0 0.184116 0.18117 0.186966
2.05 1 162755 0 0.184116 0.181131 0.187066
2.05 1 442413 0 0.184116 0.181274 0.187073
