1 0.001 1 0 0 0 0
1 0.001 2.71828 0 0.000448993 0.000442598 0.000455289
1 0.001 7.38906 0 0.000796627 0.000786239 0.000807211
1 0.001 20.0855 0 0.00113342 0.00111907 0.00114761
1 0.001 54.5982 0 0.00145533 0.0014377 0.00147269
1 0.001 148.413 0 0.001765 0.00174433 0.0017857
1 0.001 403.429 0 0.00208974 0.00206442 0.00211449
1 0.001 1096.63 0 0.00240826 0.00238061 0.00243659
1 0.001 2980.96 0 0.00271747 0.00268686 0.00274952
1 0.001 8103.08 0 0.00304299 0.00300835 0.00307736
1 0.001 22026.5 0 0.0033425 0.00330425 0.00338034
1 0.001 59874.1 0 0.00366548 0.00362421 0.00370637
1 0.001 162755 0 0.00398848 0.00394373 0.00403131
1 0.001 442413 0 0.00431028 0.00426395 0.00435837
1 0.001 1.2026e+06 0 0.0046401 0.00458817 0.00468995
1 0.01 1 0 0 0 0
1 0.01 2.71828 0 0.00446247 0.00439826 0.00452574
1 0.01 7.38906 0 0.00788841 0.00778268 0.00798991
1 0.01 20.0855 0 0.0111853 0.0110448 0.0113255
1 0.01 54.5982 0 0.0143173 0.0141442 0.0144924
1 0.01 148.413 0 0.017315 0.0171117 0.0175155
1 0.01 403.429 0 0.0204348 0.0201989 0.0206708
1 0.01 1096.63 0 0.0234753 0.023211 0.0237437
1 0.01 2980.96 0 0.0264139 0.0261217 0.026708
1 0.01 8103.08 0 0.0294909 0.0291617 0.0298197
1 0.01 22026.5 0 0.0323077 0.0319492 0.0326647
1 0.01 59874.1 0 0.0353238 0.0349392 0.0357105
1 0.01 162755 0 0.0383335 0.0379228 0.0387496
1 0.01 442413 0 0.0413149 0.0408698 0.0417518
1 0.01 1.2026e+06 0 0.044348 0.0438913 0.0448148
1 0.1 1 0 0 0 0
1 0.1 2.71828 0 0.0420122 0.0414276 0.0426008
1 0.1 7.38906 0 0.0717658 0.0708495 0.0726509
1 0.1 20.0855 0 0.0987282 0.0975798 0.0998817
1 0.1 54.5982 0 0.123025 0.121668 0.12436
1 0.1 148.413 0 0.145332 0.143828 0.146863
1 0.1 403.429 0 0.167112 0.165415 0.168809
1 0.1 1096.63 0 0.187399 0.185564 0.189167
1 0.1 2980.96 0 0.206482 0.204552 0.208424
1 0.1 8103.08 0 0.225499 0.223421 0.227554
1 0.1 22026.5 0 0.242235 0.240057 0.244351
1 0.1 59874.1 0 0.259287 0.257053 0.2615
1 0.1 162755 0 0.275989 0.273612 0.278327
1 0.1 442413 0 0.292011 0.289657 0.294451
1 0.1 1.2026e+06 0 0.307556 0.305095 0.310008
1 1 1 0 0 0 0
1 1 2.71828 0 0.251167 0.247906 0.254503
1 1 7.38906 0 0.358612 0.354737 0.362422
1 1 20.0855 0 0.435207 0.431145 0.439233
1 1 54.5982 0 0.492971 0.488868 0.497048
1 1 148.413 0 0.540493 0.536426 0.54447
1 1 403.429 0 0.578064 0.573992 0.582209
1 1 1096.63 0 0.610331 0.606291 0.614299
1 1 2980.96 0 0.639129 0.635307 0.643161
1 1 8103.08 0 0.664541 0.66065 0.668468
1 1 22026.5 0 0.685126 0.681161 0.689009
1 1 59874.1 0 0.702602 0.698794 0.706378
1 1 162755 0 0.72035 0.716611 0.724158
1 1 442413 0 0.737 0.733339 0.740635
1 1 1.2026e+06 0 0.750685 0.747099 0.75419
