1 0.01 0.001 0 7.7111e-05 7.54703e-05 7.87533e-05
1 0.01 0.01 0 4.88426e-05 4.75454e-05 5.00973e-05
1 0.01 0.1 0 2.11874e-05 2.04451e-05 2.19259e-05
1 0.01 1 0 1.75858e-06 1.66187e-06 1.85206e-06
1 0.1 0.001 0 0.000770733 0.000754126 0.000786794
1 0.1 0.01 0 0.000488311 0.000475464 0.000500621
1 0.1 0.1 0 0.000211873 0.000204428 0.00021914
1 0.1 1 0 1.75858e-05 1.66564e-05 1.8532e-05
1 1 0.001 0 0.00768356 0.00751638 0.00784497
1 1 0.01 0 0.00487582 0.00474984 0.00500144
1 1 0.1 0 0.00211866 0.00204633 0.00219172
1 1 1 0 0.000175858 0.000166701 0.000185459
1 0.01 0.001 1 7.78328e-05 7.61833e-05 7.94996e-05
1 0.01 0.01 1 4.90666e-05 4.77847e-05 5.03286e-05
1 0.01 0.1 1 2.06995e-05 1.99652e-05 2.14234e-05
1 0.01 1 1 1.74921e-06 1.65401e-06 1.84216e-06
1 0.1 0.001 1 0.000777891 0.00076127 0.000794676
1 0.1 0.01 1 0.000490528 0.000477884 0.000502788
1 0.1 0.1 1 0.000206983 0.000199696 0.000214363
1 0.1 1 1 1.74921e-05 1.65661e-05 1.84029e-05
1 1 0.001 1 0.00775136 0.00758613 0.00791812
1 1 0.01 1 0.00489663 0.00477069 0.00502338
1 1 0.1 1 0.00206908 0.00199819 0.0021428
1 1 1 1 0.000174921 0.000165575 0.000184139
1 0.01 0.001 2.7 7.88032e-05 7.71436e-05 8.0472e-05
1 0.01 0.01 2.7 4.96993e-05 4.84088e-05 5.09447e-05
1 0.01 0.1 2.7 2.08322e-05 2.01098e-05 2.15769e-05
1 0.01 1 2.7 1.6957e-06 1.60397e-06 1.78827e-06
1 0.1 0.001 2.7 0.00078763 0.000771247 0.000804023
1 0.1 0.01 2.7 0.000496839 0.000484076 0.000509324
1 0.1 0.1 2.7 0.000208294 0.000201066 0.000215804
1 0.1 1 2.7 1.69564e-05 1.60462e-05 1.78519e-05
1 1 0.001 2.7 0.00785097 0.00768196 0.0080176
1 1 0.01 2.7 0.00495868 0.00483208 0.00508641
1 1 0.1 2.7 0.00208116 0.00200757 0.00215423
1 1 1 2.7 0.000169525 0.000160316 0.000178815
1 0.01 0.001 54.6 7.98361e-05 7.81365e-05 8.15068e-05
1 0.01 0.01 54.6 5.21269e-05 5.08105e-05 5.34699e-05
1 0.01 0.1 54.6 2.31055e-05 2.23412e-05 2.38707e-05
1 0.01 1 54.6 1.96988e-06 1.8694e-06 2.06942e-06
1 0.1 0.001 54.6 0.000797957 0.000781444 0.000814963
1 0.1 0.01 54.6 0.000521032 0.000507656 0.000533937
1 0.1 0.1 54.6 0.00023098 0.000223357 0.000238841
1 0.1 1 54.6 1.9698e-05 1.86905e-05 2.06993e-05
1 1 0.001 54.6 0.00795407 0.00778944 0.00812489
1 1 0.01 54.6 0.00519533 0.00505953 0.00532345
1 1 0.1 54.6 0.00230506 0.00222907 0.00238246
1 1 1 54.6 0.000196936 0.000186901 0.000206782
1 0.01 0.001 7.39 7.89296e-05 7.72771e-05 8.06314e-05
1 0.01 0.01 7.39 5.10021e-05 4.97082e-05 5.22946e-05
1 0.01 0.1 7.39 2.20425e-05 2.13079e-05 2.28089e-05
1 0.01 1 7.39 1.84399e-06 1.74533e-06 1.94085e-06
1 0.1 0.001 7.39 0.000788706 0.000771595 0.000805494
1 0.1 0.01 7.39 0.00050974 0.000496929 0.000522758
1 0.1 0.1 7.39 0.000220397 0.00021322 0.000227765
1 0.1 1 7.39 1.84399e-05 1.74913e-05 1.93854e-05
1 1 0.001 7.39 0.0078499 0.0076861 0.00801495
1 1 0.01 7.39 0.0050797 0.00495082 0.00520491
1 1 0.1 7.39 0.00220223 0.00212706 0.00227604
1 1 1 7.39 0.000184399 0.000174636 0.000194106
1 0.01 0.001 20.09 7.76769e-05 7.60619e-05 7.93322e-05
1 0.01 0.01 20.09 4.87516e-05 4.7505e-05 5.00227e-05
1 0.01 0.1 20.09 2.12767e-05 2.05414e-05 2.20257e-05
1 0.01 1 20.09 1.82131e-06 1.72495e-06 1.91402e-06
1 0.1 0.001 20.09 0.000776254 0.000759813 0.000792842
1 0.1 0.01 20.09 0.000487339 0.000474691 0.000499679
1 0.1 0.1 20.09 0.000212742 0.00020524 0.000220331
1 0.1 1 20.09 1.82131e-05 1.72742e-05 1.91754e-05
1 1 0.001 20.09 0.00773009 0.00756542 0.00789134
1 1 0.01 20.09 0.00486224 0.00473608 0.00499036
1 1 0.1 20.09 0.00212586 0.00205054 0.00219842
1 1 1 20.09 0.000182131 0.0001726 0.000191682
1 0.01 0.001 22026 1.52027e-05 1.45535e-05 1.58466e-05
1 0.01 0.01 22026 1.80657e-06 1.65267e-06 1.9641e-06
1 0.01 0.1 22026 3.39037e-08 1.07911e-08 5.608e-08
1 0.01 1 22026 9.91501e-11 2.08109e-19 1.983e-10
1 0.1 0.001 22026 0.000151949 0.000145676 0.00015812
1 0.1 0.01 22026 1.80613e-05 1.65081e-05 1.96507e-05
1 0.1 0.1 22026 3.39037e-07 1.08167e-07 5.64756e-07
1 0.1 1 22026 9.91501e-10 2.08119e-18 1.983e-09
1 1 0.001 22026 0.0015146 0.00145434 0.00157614
1 1 0.01 22026 0.000180337 0.000165054 0.000195854
1 1 0.1 22026 3.39037e-06 1.0993e-06 5.62274e-06
1 1 1 22026 9.91501e-09 2.08109e-17 1.983e-08
1 0.01 0.001 59874 8.58237e-06 8.38583e-06 8.7823e-06
1 0.01 0.01 59874 4.47487e-07 4.16502e-07 4.78807e-07
1 0.01 0.1 59874 6.11158e-09 3.2578e-09 8.89042e-09
1 0.01 1 59874 7.55505e-15 9.00583e-16 1.42073e-14
1 0.1 0.001 59874 8.57586e-05 8.38641e-05 8.77025e-05
1 0.1 0.01 59874 4.4716e-06 4.15951e-06 4.7843e-06
1 0.1 0.1 59874 6.11155e-08 3.18528e-08 8.98266e-08
1 0.1 1 59874 7.55505e-14 9.00589e-15 1.42073e-13
1 1 0.001 59874 0.000853605 0.00083418 0.000873093
1 1 0.01 59874 4.45105e-05 4.14043e-05 4.76416e-05
1 1 0.1 59874 6.11135e-07 3.24718e-07 8.93651e-07
1 1 1 59874 7.55505e-13 9.00292e-14 1.4207e-12
1 0.01 0.001 148.41 7.49011e-05 7.32758e-05 7.6549e-05
1 0.01 0.01 148.41 4.64303e-05 4.52201e-05 4.76705e-05
1 0.01 0.1 148.41 1.9011e-05 1.83045e-05 1.96875e-05
1 0.01 1 148.41 1.39877e-06 1.31703e-06 1.48082e-06
1 0.1 0.001 148.41 0.000748533 0.000731888 0.000764692
1 0.1 0.01 148.41 0.000464141 0.000451643 0.000476124
1 0.1 0.1 148.41 0.000190098 0.000183219 0.000197031
1 0.1 1 148.41 1.39877e-05 1.31601e-05 1.48249e-05
1 1 0.001 148.41 0.00745516 0.00729534 0.0076168
1 1 0.01 148.41 0.00463124 0.00450632 0.00475448
1 1 0.1 148.41 0.00190023 0.00183148 0.00196877
1 1 1 148.41 0.000139877 0.000131742 0.000148285
1 0.01 0.001 162755 2.55091e-06 2.455e-06 2.64759e-06
1 0.01 0.01 162755 5.92633e-08 5.09482e-08 6.75358e-08
1 0.01 0.1 162755 1.44777e-12 2.01278e-13 2.63712e-12
1 0.01 1 162755 4.84368e-47 9.98357e-56 9.68736e-47
1 0.1 0.001 162755 2.54945e-05 2.45548e-05 2.64624e-05
1 0.1 0.01 162755 5.92462e-07 5.07679e-07 6.75566e-07
1 0.1 0.1 162755 1.44777e-11 2.01598e-12 2.65253e-11
1 0.1 1 162755 4.84368e-46 9.98357e-55 9.68736e-46
1 1 0.001 162755 0.00025403 0.000244566 0.000263405
1 1 0.01 162755 5.91382e-06 5.06802e-06 6.75229e-06
1 1 0.1 162755 1.44777e-10 2.05471e-11 2.65777e-10
1 1 1 162755 4.84368e-45 9.98357e-54 9.68736e-45
1 0.01 0.001 403.43 6.39064e-05 6.23923e-05 6.53717e-05
1 0.01 0.01 403.43 3.6278e-05 3.51907e-05 3.73241e-05
1 0.01 0.1 403.43 1.13979e-05 1.09177e-05 1.18897e-05
1 0.01 1 403.43 5.31401e-07 4.8248e-07 5.81643e-07
1 0.1 0.001 403.43 0.00063877 0.000623973 0.000653747
1 0.1 0.01 403.43 0.000362668 0.000352508 0.000373317
1 0.1 0.1 403.43 0.00011397 0.000109106 0.000118994
1 0.1 1 403.43 5.31401e-06 4.8074e-06 5.80148e-06
1 1 0.001 403.43 0.0063692 0.00622012 0.0065196
1 1 0.01 403.43 0.0036196 0.00351124 0.00372419
1 1 0.1 403.43 0.00113913 0.00109015 0.0011885
1 1 1 403.43 5.31401e-05 4.8174e-05 5.818e-05
1 0.01 0.001 1096.63 5.21598e-05 5.08238e-05 5.34798e-05
1 0.01 0.01 1096.63 2.44722e-05 2.36685e-05 2.52786e-05
1 0.01 0.1 1096.63 4.70618e-06 4.42525e-06 4.99442e-06
1 0.01 1 1096.63 1.26247e-07 1.02113e-07 1.50625e-07
1 0.1 0.001 1096.63 0.000521508 0.000508206 0.000534902
1 0.1 0.01 1096.63 0.000244699 0.000236529 0.000252865
1 0.1 0.1 1096.63 4.70616e-05 4.40674e-05 4.99663e-05
1 0.1 1 1096.63 1.26247e-06 1.02424e-06 1.49274e-06
1 1 0.001 1096.63 0.00520937 0.00507844 0.00534453
1 1 0.01 1096.63 0.00244554 0.00236479 0.00252702
1 1 0.1 1096.63 0.00047061 0.000441751 0.000499008
1 1 1 1096.63 1.26247e-05 1.03035e-05 1.50391e-05
1 0.01 0.001 2980.96 3.94536e-05 3.83483e-05 4.05813e-05
1 0.01 0.01 2980.96 1.43563e-05 1.37644e-05 1.49404e-05
1 0.01 0.1 2980.96 1.26681e-06 1.14068e-06 1.39362e-06
1 0.01 1 2980.96 1.57e-08 8.15085e-09 2.38959e-08
1 0.1 0.001 2980.96 0.000394349 0.000382754 0.000405279
1 0.1 0.01 2980.96 0.000143509 0.00013785 0.000149447
1 0.1 0.1 2980.96 1.2668e-05 1.13844e-05 1.39035e-05
1 0.1 1 2980.96 1.57e-07 8.16687e-08 2.35732e-07
1 1 0.001 2980.96 0.00393173 0.00382119 0.00404441
1 1 0.01 2980.96 0.00143166 0.00137336 0.00148878
1 1 0.1 2980.96 0.000126673 0.000114174 0.00013907
1 1 1 2980.96 1.57e-06 8.13332e-07 2.34926e-06
1 0.01 0.001 8103.08 2.94784e-05 2.85348e-05 3.04222e-05
1 0.01 0.01 8103.08 7.65832e-06 7.28278e-06 8.0455e-06
1 0.01 0.1 8103.08 2.75721e-07 2.27741e-07 3.23076e-07
1 0.01 1 8103.08 1.13451e-10 1.38569e-11 2.12577e-10
1 0.1 0.001 8103.08 0.000294634 0.00028523 0.000303996
1 0.1 0.01 8103.08 7.65737e-05 7.26793e-05 8.03668e-05
1 0.1 0.1 8103.08 2.75721e-06 2.28707e-06 3.24264e-06
1 0.1 1 8103.08 1.13451e-09 1.37866e-10 2.12595e-09
1 1 0.001 8103.08 0.00293688 0.00284317 0.00303084
1 1 0.01 8103.08 0.000765135 0.000727109 0.000803744
1 1 0.1 8103.08 2.75721e-05 2.28553e-05 3.22305e-05
1 1 1 8103.08 1.13451e-08 1.39062e-09 2.12596e-08
0.5 0.01 0.001 0 4.08e-05 3.95118e-05 4.20796e-05
0.5 0.01 0.01 0 3.82379e-05 3.70253e-05 3.94628e-05
0.5 0.01 0.1 0 2.71416e-05 2.62365e-05 2.80334e-05
0.5 0.01 1 0 3.26598e-06 3.134e-06 3.39609e-06
0.5 0.1 0.001 0 0.000407839 0.000395103 0.000420327
0.5 0.1 0.01 0 0.000382247 0.000370424 0.000394313
0.5 0.1 0.1 0 0.000271335 0.000262514 0.000280346
0.5 0.1 1 0 3.26583e-05 3.13521e-05 3.39542e-05
0.5 1 0.001 0 0.00406958 0.00394143 0.00419629
0.5 1 0.01 0 0.00381537 0.00369802 0.00393527
0.5 1 0.1 0 0.00270897 0.00261883 0.00279826
0.5 1 1 0 0.000326498 0.000313445 0.000339623
0.5 0.01 0.001 1 4.05101e-05 3.92665e-05 4.1749e-05
0.5 0.01 0.01 1 3.80161e-05 3.68352e-05 3.92284e-05
0.5 0.01 0.1 1 2.71595e-05 2.62672e-05 2.80909e-05
0.5 0.01 1 1 3.43772e-06 3.30552e-06 3.56868e-06
0.5 0.1 0.001 1 0.000405033 0.00039244 0.000417505
0.5 0.1 0.01 1 0.000380096 0.000368032 0.000392205
0.5 0.1 0.1 1 0.000271549 0.000262457 0.000280422
0.5 0.1 1 1 3.4376e-05 3.30365e-05 3.57252e-05
0.5 1 0.001 1 0.00404606 0.00392287 0.00417006
0.5 1 0.01 1 0.00379683 0.00367713 0.00391398
0.5 1 0.1 1 0.00271261 0.00262313 0.00280377
0.5 1 1 1 0.000343681 0.00033021 0.000356874
0.5 0.01 0.001 2.7 4.24227e-05 4.11308e-05 4.37419e-05
0.5 0.01 0.01 2.7 4.00635e-05 3.88158e-05 4.13006e-05
0.5 0.01 0.1 2.7 2.86617e-05 2.77416e-05 2.96086e-05
0.5 0.01 1 2.7 3.58872e-06 3.45104e-06 3.7264e-06
0.5 0.1 0.001 2.7 0.000424058 0.000411049 0.000436782
0.5 0.1 0.01 2.7 0.000400475 0.000387902 0.000412777
0.5 0.1 0.1 2.7 0.000286523 0.000277427 0.000295909
0.5 0.1 1 2.7 3.58854e-05 3.44989e-05 3.72748e-05
0.5 1 0.001 2.7 0.0042299 0.00410115 0.0043612
0.5 1 0.01 2.7 0.00399467 0.00387425 0.00412008
0.5 1 0.1 2.7 0.0028593 0.00276679 0.0029489
0.5 1 1 2.7 0.000358735 0.000345324 0.000372238
0.5 0.01 0.001 54.6 2.69432e-05 2.59125e-05 2.79649e-05
0.5 0.01 0.01 54.6 2.50576e-05 2.4095e-05 2.60252e-05
0.5 0.01 0.1 54.6 1.71968e-05 1.6494e-05 1.7899e-05
0.5 0.01 1 54.6 1.89822e-06 1.80189e-06 1.99591e-06
0.5 0.1 0.001 54.6 0.000269331 0.000259183 0.000279548
0.5 0.1 0.01 54.6 0.00025049 0.000240682 0.000260117
0.5 0.1 0.1 54.6 0.000171943 0.000164684 0.000178866
0.5 0.1 1 54.6 1.89821e-05 1.79937e-05 1.99486e-05
0.5 1 0.001 54.6 0.00268698 0.00258632 0.00278859
0.5 1 0.01 54.6 0.00249946 0.00240148 0.00259558
0.5 1 0.1 54.6 0.0017178 0.00164813 0.00178876
0.5 1 1 54.6 0.000189815 0.000180189 0.000199674
0.5 0.01 0.001 7.39 4.06426e-05 3.93905e-05 4.19023e-05
0.5 0.01 0.01 7.39 3.82374e-05 3.70285e-05 3.94547e-05
0.5 0.01 0.1 7.39 2.74713e-05 2.65637e-05 2.83686e-05
0.5 0.01 1 7.39 3.44837e-06 3.31341e-06 3.57795e-06
0.5 0.1 0.001 7.39 0.000406324 0.000393813 0.000418725
0.5 0.1 0.01 7.39 0.000382278 0.000370421 0.000394316
0.5 0.1 0.1 7.39 0.000274656 0.000265537 0.000283713
0.5 0.1 1 7.39 3.44829e-05 3.31438e-05 3.58403e-05
0.5 1 0.001 7.39 0.00405684 0.00392991 0.00418218
0.5 1 0.01 7.39 0.00381671 0.00369678 0.00393444
0.5 1 0.1 7.39 0.00274298 0.00265277 0.00283209
0.5 1 1 7.39 0.000344784 0.000331484 0.000358342
0.5 0.01 0.001 20.09 3.63176e-05 3.51368e-05 3.7532e-05
0.5 0.01 0.01 20.09 3.38836e-05 3.27484e-05 3.49902e-05
0.5 0.01 0.1 20.09 2.36949e-05 2.28294e-05 2.45436e-05
0.5 0.01 1 20.09 2.80913e-06 2.68937e-06 2.92794e-06
0.5 0.1 0.001 20.09 0.000362974 0.000350936 0.000374929
0.5 0.1 0.01 20.09 0.00033868 0.000327146 0.000350092
0.5 0.1 0.1 20.09 0.000236874 0.000228695 0.000245278
0.5 0.1 1 20.09 2.80905e-05 2.6876e-05 2.92754e-05
0.5 1 0.001 20.09 0.00361707 0.00349907 0.00373618
0.5 1 0.01 20.09 0.00337692 0.00326396 0.00349026
0.5 1 0.1 20.09 0.00236401 0.00228184 0.00244595
0.5 1 1 20.09 0.000280855 0.000268841 0.000292804
0.5 0.01 0.001 22026 2.18241e-06 1.90675e-06 2.45799e-06
0.5 0.01 0.01 22026 1.11288e-06 9.45923e-07 1.28026e-06
0.5 0.01 0.1 22026 1.16193e-07 7.86799e-08 1.53476e-07
0.5 0.01 1 22026 1.14668e-10 1.36976e-11 2.13847e-10
0.5 0.1 0.001 22026 2.18241e-05 1.91586e-05 2.46176e-05
0.5 0.1 0.01 22026 1.11288e-05 9.49967e-06 1.28038e-05
0.5 0.1 0.1 22026 1.16193e-06 7.82188e-07 1.52701e-06
0.5 0.1 1 22026 1.14668e-09 1.36734e-10 2.1379e-09
0.5 1 0.001 22026 0.000218241 0.000190209 0.000246145
0.5 1 0.01 22026 0.000111288 9.4925e-05 0.000127777
0.5 1 0.1 22026 1.16193e-05 7.80901e-06 1.5408e-05
0.5 1 1 22026 1.14668e-08 1.36976e-09 2.13606e-08
0.5 0.01 0.001 59874 1.04498e-06 9.63261e-07 1.12538e-06
0.5 0.01 0.01 59874 3.7508e-07 3.32497e-07 4.19158e-07
0.5 0.01 0.1 59874 2.47948e-08 1.85038e-08 3.11178e-08
0.5 0.01 1 59874 1.06304e-13 4.96372e-14 1.63354e-13
0.5 0.1 0.001 59874 1.044e-05 9.64934e-06 1.12568e-05
0.5 0.1 0.01 59874 3.74499e-06 3.31557e-06 4.17681e-06
0.5 0.1 0.1 59874 2.46571e-07 1.85527e-07 3.08614e-07
0.5 0.1 1 59874 1.06227e-12 4.95922e-13 1.63557e-12
0.5 1 0.001 59874 0.000103781 9.60542e-05 0.000112133
0.5 1 0.01 59874 3.70837e-05 3.28383e-05 4.1195e-05
0.5 1 0.1 59874 2.37899e-06 1.79875e-06 2.95924e-06
0.5 1 1 59874 1.05744e-11 4.95568e-12 1.62148e-11
0.5 0.01 0.001 148.41 1.85214e-05 1.76568e-05 1.93418e-05
0.5 0.01 0.01 148.41 1.67388e-05 1.59386e-05 1.75319e-05
0.5 0.01 0.1 148.41 1.00894e-05 9.566e-06 1.06093e-05
0.5 0.01 1 148.41 8.49622e-07 7.84069e-07 9.14619e-07
0.5 0.1 0.001 148.41 0.000185146 0.000176699 0.000193789
0.5 0.1 0.01 148.41 0.000167325 0.000159515 0.000175054
0.5 0.1 0.1 148.41 0.000100866 9.57895e-05 0.000105933
0.5 0.1 1 148.41 8.49621e-06 7.86393e-06 9.16034e-06
0.5 1 0.001 148.41 0.0018472 0.00176317 0.00192988
0.5 1 0.01 148.41 0.00166933 0.00159215 0.00174847
0.5 1 0.1 148.41 0.0010069 0.000954727 0.0010569
0.5 1 1 148.41 8.49613e-05 7.84266e-05 9.14326e-05
0.5 0.01 0.001 162755 7.55878e-07 6.90648e-07 8.20278e-07
0.5 0.01 0.01 162755 1.9481e-07 1.66076e-07 2.22575e-07
0.5 0.01 0.1 162755 8.29457e-09 4.58639e-09 1.21238e-08
0.5 0.01 1 162755 3.64118e-13 9.02519e-16 7.27318e-13
0.5 0.1 0.001 162755 7.55878e-06 6.90272e-06 8.20036e-06
0.5 0.1 0.01 162755 1.9481e-06 1.66603e-06 2.23178e-06
0.5 0.1 0.1 162755 8.29457e-08 4.66465e-08 1.1994e-07
0.5 0.1 1 162755 3.64118e-12 9.02513e-15 7.27318e-12
0.5 1 0.001 162755 7.55878e-05 6.90883e-05 8.21697e-05
0.5 1 0.01 162755 1.9481e-05 1.66481e-05 2.22584e-05
0.5 1 0.1 162755 8.29457e-07 4.63845e-07 1.19692e-06
0.5 1 1 162755 3.64118e-11 9.02519e-14 7.27318e-11
0.5 0.01 0.001 403.43 1.24175e-05 1.17152e-05 1.31192e-05
0.5 0.01 0.01 403.43 1.08371e-05 1.0223e-05 1.14581e-05
0.5 0.01 0.1 403.43 5.51812e-06 5.14888e-06 5.87921e-06
0.5 0.01 1 403.43 3.07559e-07 2.70306e-07 3.45336e-07
0.5 0.1 0.001 403.43 0.000124108 0.00011712 0.000130928
0.5 0.1 0.01 403.43 0.000108313 0.000102131 0.00011448
0.5 0.1 0.1 403.43 5.51649e-05 5.14314e-05 5.87954e-05
0.5 0.1 1 403.43 3.07559e-06 2.69248e-06 3.44625e-06
0.5 1 0.001 403.43 0.00123686 0.00116638 0.00130735
0.5 1 0.01 403.43 0.00107946 0.00101714 0.00113874
0.5 1 0.1 403.43 0.000550621 0.000514595 0.000586858
0.5 1 1 403.43 3.07558e-05 2.69299e-05 3.45088e-05
0.5 0.01 0.001 1096.63 6.7072e-06 6.20981e-06 7.21834e-06
0.5 0.01 0.01 1096.63 5.52814e-06 5.08486e-06 5.96923e-06
0.5 0.01 0.1 1096.63 2.44065e-06 2.2032e-06 2.66949e-06
0.5 0.01 1 1096.63 1.26683e-07 1.01449e-07 1.51447e-07
0.5 0.1 0.001 1096.63 6.7072e-05 6.20757e-05 7.21111e-05
0.5 0.1 0.01 1096.63 5.52814e-05 5.08278e-05 5.97409e-05
0.5 0.1 0.1 1096.63 2.44065e-05 2.20895e-05 2.68268e-05
0.5 0.1 1 1096.63 1.26683e-06 1.02105e-06 1.51888e-06
0.5 1 0.001 1096.63 0.00067072 0.000618703 0.000721117
0.5 1 0.01 1096.63 0.000552814 0.000509396 0.000595622
0.5 1 0.1 1096.63 0.000244065 0.00022053 0.000266728
0.5 1 1 1096.63 1.26683e-05 1.01747e-05 1.51464e-05
0.5 0.01 0.001 2980.96 5.28655e-06 4.83948e-06 5.73152e-06
0.5 0.01 0.01 2980.96 3.84678e-06 3.4946e-06 4.19562e-06
0.5 0.01 0.1 2980.96 9.87006e-07 8.50979e-07 1.11973e-06
0.5 0.01 1 2980.96 2.00107e-08 1.02099e-08 2.95789e-08
0.5 0.1 0.001 2980.96 5.28317e-05 4.83672e-05 5.72901e-05
0.5 0.1 0.01 2980.96 3.84363e-05 3.48727e-05 4.18468e-05
0.5 0.1 0.1 2980.96 9.85475e-06 8.53231e-06 1.11777e-05
0.5 0.1 1 2980.96 2.00095e-07 9.99698e-08 3.00041e-07
0.5 1 0.001 2980.96 0.000526186 0.000482444 0.000570073
0.5 1 0.01 2980.96 0.00038238 0.000347004 0.000416842
0.5 1 0.1 2980.96 9.75824e-05 8.42581e-05 0.000110655
0.5 1 1 2980.96 2.00023e-06 1.01205e-06 2.97806e-06
0.5 0.01 0.001 8103.08 2.93339e-06 2.60198e-06 3.27251e-06
0.5 0.01 0.01 8103.08 1.94197e-06 1.69285e-06 2.18808e-06
0.5 0.01 0.1 8103.08 4.30827e-07 3.49949e-07 5.06801e-07
0.5 0.01 1 8103.08 1.72897e-09 8.12251e-10 2.67349e-09
0.5 0.1 0.001 8103.08 2.9302e-05 2.59666e-05 3.26309e-05
0.5 0.1 0.01 8103.08 1.94021e-05 1.68554e-05 2.18579e-05
0.5 0.1 0.1 8103.08 4.30823e-06 3.49946e-06 5.09714e-06
0.5 0.1 1 8103.08 1.72897e-08 8.07024e-09 2.6925e-08
0.5 1 0.001 8103.08 0.000291009 0.000258173 0.000323353
0.5 1 0.01 8103.08 0.000192911 0.000168965 0.000217452
0.5 1 0.1 8103.08 4.30794e-05 3.52439e-05 5.10082e-05
0.5 1 1 8103.08 1.72897e-07 8.12474e-08 2.66968e-07
