0 0
1 9.244e-05
2 7.04784e-05
3 5.25497e-05
4 4.17865e-05
5 3.56249e-05
6 2.91073e-05
7 2.64269e-05
8 2.47073e-05
9 2.32261e-05
10 1.99853e-05
11 1.92316e-05
12 1.73889e-05
13 1.87441e-05
14 1.67469e-05
15 1.54273e-05
16 1.59473e-05
17 1.36297e-05
18 1.49897e-05
19 1.38669e-05
20 1.27085e-05
21 1.29057e-05
22 1.26316e-05
23 1.21512e-05
24 1.22685e-05
25 1.26708e-05
26 1.13105e-05
27 1.07508e-05
28 1.05112e-05
29 9.66849e-06
30 1.14269e-05
31 1.01904e-05
32 9.74886e-06
33 8.59165e-06
34 9.99126e-06
35 9.15204e-06
36 9.55204e-06
37 7.99085e-06
38 9.54529e-06
39 8.62848e-06
40 7.95206e-06
41 7.91403e-06
42 8.46648e-06
43 7.50926e-06
44 8.50966e-06
45 8.39046e-06
46 7.35244e-06
47 7.38806e-06
48 7.71085e-06
49 6.87165e-06
50 8.18847e-06
51 6.99005e-06
52 8.10927e-06
53 7.0673e-06
54 7.43085e-06
55 6.10966e-06
56 7.07205e-06
57 6.10886e-06
58 6.79125e-06
59 5.75046e-06
60 5.19165e-06
61 6.23244e-06
62 6.15006e-06
63 6.31244e-06
64 6.15086e-06
65 6.18927e-06
66 5.98926e-06
67 5.91284e-06
68 6.02967e-06
69 5.75124e-06
70 5.59085e-06
71 5.31165e-06
72 5.43204e-06
73 5.26688e-06
74 7.06769e-06
75 5.39285e-06
76 5.03245e-06
77 4.82888e-06
78 6.18847e-06
79 5.67007e-06
80 5.47124e-06
81 5.86926e-06
82 5.75204e-06
83 5.14889e-06
84 5.39324e-06
85 4.71005e-06
86 5.39046e-06
87 5.03522e-06
88 5.07006e-06
89 5.67045e-06
90 5.03006e-06
91 4.75245e-06
92 4.51522e-06
93 4.59324e-06
94 4.86966e-06
95 4.07165e-06
96 4.63286e-06
97 4.55284e-06
98 4.83245e-06
99 4.83047e-06
100 5.34807e-06
101 4.31125e-06
102 5.9073e-06
103 4.87047e-06
104 4.58847e-06
105 5.02966e-06
106 4.63085e-06
107 4.75284e-06
108 4.75165e-06
109 4.27046e-06
110 4.02967e-06
111 4.51005e-06
112 5.07046e-06
113 4.75205e-06
114 3.78968e-06
115 4.19045e-06
116 5.42848e-06
117 4.47165e-06
118 4.19324e-06
119 4.47046e-06
120 4.31483e-06
121 4.11126e-06
122 3.51324e-06
123 4.75006e-06
124 3.75006e-06
125 4.15324e-06
126 4.07125e-06
127 4.59483e-06
128 4.31205e-06
129 3.63127e-06
130 4.46809e-06
131 4.46966e-06
132 3.79205e-06
133 3.91126e-06
134 4.54887e-06
135 3.87046e-06
136 3.55126e-06
137 3.99325e-06
138 3.51247e-06
139 3.55562e-06
140 3.23603e-06
141 3.71046e-06
142 3.59284e-06
143 3.43047e-06
144 3.91046e-06
145 4.07325e-06
146 3.99087e-06
147 3.51483e-06
148 4.35324e-06
149 3.70967e-06
150 3.67364e-06
151 3.51086e-06
152 3.67285e-06
153 2.83284e-06
154 3.39245e-06
155 3.67205e-06
156 3.63404e-06
157 3.79443e-06
158 2.87483e-06
159 3.27284e-06
160 3.31045e-06
161 3.11403e-06
162 3.98968e-06
163 2.63165e-06
164 3.51325e-06
165 3.55642e-06
166 3.39204e-06
167 4.27046e-06
168 3.43284e-06
169 3.59324e-06
170 2.55165e-06
171 3.75047e-06
172 3.23284e-06
173 4.03085e-06
174 3.35444e-06
175 3.67204e-06
176 3.0281e-06
177 2.59404e-06
178 3.27285e-06
179 3.19285e-06
180 3.35166e-06
181 3.35085e-06
182 2.59087e-06
183 3.82808e-06
184 3.86927e-06
185 3.23087e-06
186 3.31008e-06
187 2.91086e-06
188 2.39524e-06
189 3.47127e-06
190 3.39284e-06
191 3.07046e-06
192 2.79404e-06
193 2.99405e-06
194 3.35086e-06
195 3.11126e-06
196 3.59126e-06
197 2.99204e-06
198 3.31126e-06
199 3.58849e-06
200 3.47245e-06
201 2.82968e-06
202 2.99284e-06
203 2.91245e-06
204 2.95444e-06
205 2.63484e-06
206 3.07325e-06
207 3.15204e-06
208 2.83563e-06
209 2.95205e-06
210 2.87443e-06
211 2.91165e-06
212 3.23205e-06
213 2.71165e-06
214 2.79364e-06
215 2.51325e-06
216 3.43087e-06
217 2.79325e-06
218 2.63166e-06
219 2.59325e-06
220 2.67523e-06
221 3.27046e-06
222 1.91364e-06
223 2.07522e-06
224 3.03325e-06
225 2.15365e-06
226 2.67286e-06
227 2.43403e-06
228 2.59363e-06
229 2.71364e-06
230 2.71324e-06
231 2.39324e-06
232 3.91166e-06
233 2.87087e-06
234 2.67244e-06
235 2.75087e-06
236 2.95404e-06
237 2.11365e-06
238 2.99363e-06
239 2.19642e-06
240 2.83522e-06
241 2.59364e-06
242 2.99244e-06
243 2.55046e-06
244 2.67166e-06
245 2.71284e-06
246 2.87167e-06
247 3.06771e-06
248 2.51522e-06
249 2.87246e-06
250 3.15206e-06
251 2.27404e-06
252 2.59245e-06
253 2.30967e-06
254 3.46729e-06
255 2.55443e-06
256 2.91207e-06
257 3.07087e-06
258 2.71126e-06
259 2.87007e-06
260 2.35245e-06
261 2.51286e-06
262 2.27089e-06
263 2.75086e-06
264 2.55326e-06
265 2.67285e-06
266 2.51285e-06
267 2.11245e-06
268 3.03086e-06
269 2.71286e-06
270 2.23047e-06
271 2.55205e-06
272 2.39285e-06
273 2.39483e-06
274 2.87364e-06
275 2.90808e-06
276 2.95287e-06
277 2.31205e-06
278 2.31483e-06
279 2.83364e-06
280 2.63285e-06
281 1.91324e-06
282 2.43324e-06
283 2.51205e-06
284 2.27682e-06
285 2.79443e-06
286 2.27206e-06
287 2.31284e-06
288 2.75403e-06
289 1.75801e-06
290 2.95324e-06
291 2.31405e-06
292 2.47245e-06
293 2.59286e-06
294 2.47563e-06
295 2.23444e-06
296 1.91444e-06
297 2.15443e-06
298 2.59007e-06
299 1.87483e-06
300 2.11484e-06
301 1.79563e-06
302 2.59126e-06
303 2.47444e-06
304 2.59128e-06
305 1.83762e-06
306 2.27325e-06
307 2.27403e-06
308 2.43129e-06
309 2.5081e-06
310 2.11325e-06
311 2.31168e-06
312 2.51244e-06
313 1.95407e-06
314 2.31008e-06
315 1.75721e-06
316 2.14966e-06
317 2.47364e-06
318 2.83403e-06
319 1.83365e-06
320 1.99603e-06
321 1.79365e-06
322 2.55244e-06
323 2.62928e-06
324 2.63446e-06
325 2.43285e-06
326 2.51404e-06
327 2.55285e-06
328 2.43205e-06
329 2.19524e-06
330 2.67165e-06
331 2.39284e-06
332 2.11405e-06
333 2.35443e-06
334 2.27206e-06
335 2.31245e-06
336 1.91563e-06
337 1.43523e-06
338 1.99602e-06
339 2.47324e-06
340 1.71523e-06
341 2.15483e-06
342 2.11048e-06
343 1.63643e-06
344 2.47285e-06
345 2.95045e-06
346 1.99205e-06
347 1.63602e-06
348 2.35166e-06
349 1.75602e-06
350 2.43128e-06
351 1.99404e-06
352 2.07403e-06
353 1.71325e-06
354 2.15602e-06
355 2.15522e-06
356 2.27324e-06
357 2.07324e-06
358 2.51285e-06
359 2.51126e-06
360 2.10929e-06
361 2.26968e-06
362 2.27007e-06
363 1.99246e-06
364 1.79168e-06
365 1.31602e-06
366 2.63048e-06
367 1.83324e-06
368 2.15403e-06
369 2.67206e-06
370 2.03286e-06
371 2.35404e-06
372 2.07364e-06
373 1.99285e-06
374 1.87325e-06
375 2.23364e-06
376 1.79762e-06
377 2.55245e-06
378 1.91443e-06
379 2.19205e-06
380 2.35404e-06
381 2.03126e-06
382 2.55444e-06
383 2.19444e-06
384 2.07682e-06
385 2.42851e-06
386 2.11324e-06
387 2.27443e-06
388 1.79364e-06
389 2.43324e-06
390 2.43245e-06
391 2.06968e-06
392 1.63325e-06
393 1.63444e-06
394 1.99246e-06
395 1.99206e-06
396 1.87642e-06
397 2.03403e-06
398 2.15285e-06
399 1.83444e-06
400 2.23364e-06
401 2.07483e-06
402 1.47643e-06
403 1.95444e-06
404 2.67166e-06
405 2.31324e-06
406 2.15205e-06
407 2.19205e-06
408 2.19126e-06
409 1.75324e-06
410 2.07444e-06
411 1.99405e-06
412 1.59562e-06
413 1.95325e-06
414 2.07484e-06
415 1.71325e-06
416 1.87483e-06
417 1.95563e-06
418 2.31603e-06
419 2.15128e-06
420 2.03522e-06
421 2.07444e-06
422 2.31086e-06
423 2.39247e-06
424 2.35088e-06
425 2.15245e-06
426 2.47007e-06
427 1.95088e-06
428 2.15206e-06
429 2.15245e-06
430 1.91405e-06
431 1.71602e-06
432 1.95047e-06
433 2.03404e-06
434 1.63404e-06
435 1.87405e-06
436 2.27364e-06
437 1.63484e-06
438 1.79324e-06
439 2.03364e-06
440 1.47524e-06
441 1.63483e-06
442 2.07364e-06
443 2.31285e-06
444 2.11048e-06
445 1.35485e-06
446 2.43166e-06
447 1.67563e-06
448 1.91483e-06
449 1.75443e-06
450 1.67523e-06
451 1.87245e-06
452 1.67523e-06
453 1.91364e-06
454 2.19246e-06
455 2.11128e-06
456 1.83602e-06
457 1.7909e-06
458 1.71483e-06
459 2.27208e-06
460 2.23324e-06
461 2.15562e-06
462 2.27523e-06
463 1.63365e-06
464 1.95444e-06
465 1.75483e-06
466 1.63602e-06
467 2.03325e-06
468 1.71682e-06
469 2.43285e-06
470 2.55047e-06
471 1.47404e-06
472 1.47682e-06
473 1.55564e-06
474 1.55325e-06
475 2.15324e-06
476 1.91325e-06
477 1.71403e-06
478 1.91288e-06
479 2.35166e-06
480 1.67603e-06
481 2.22968e-06
482 1.79246e-06
483 1.95126e-06
484 1.51444e-06
485 1.91325e-06
486 2.07206e-06
487 1.87563e-06
488 1.83445e-06
489 1.87206e-06
490 1.71404e-06
491 1.99404e-06
492 1.87126e-06
493 1.71522e-06
494 1.71285e-06
495 1.59563e-06
496 2.11087e-06
497 1.59403e-06
498 1.63248e-06
499 1.99285e-06
500 2.14968e-06
501 1.43682e-06
502 2.03364e-06
503 2.11008e-06
504 1.75285e-06
505 2.35244e-06
506 1.95326e-06
507 1.95008e-06
508 1.91364e-06
509 1.39523e-06
510 1.83129e-06
511 1.74888e-06
512 1.83285e-06
513 2.19483e-06
514 1.95086e-06
515 1.87326e-06
516 1.71088e-06
517 2.07247e-06
518 2.03483e-06
519 1.63523e-06
520 2.23443e-06
521 1.87682e-06
522 1.47444e-06
523 1.99325e-06
524 1.79246e-06
525 1.75245e-06
526 1.87127e-06
527 1.95326e-06
528 1.71445e-06
529 1.55444e-06
530 1.39483e-06
531 1.67366e-06
532 1.90812e-06
533 1.91087e-06
534 2.38968e-06
535 1.63009e-06
536 1.87128e-06
537 1.23484e-06
538 1.63404e-06
539 1.27206e-06
540 1.91524e-06
541 1.51366e-06
542 1.75404e-06
543 1.83522e-06
544 1.47405e-06
545 2.03524e-06
546 1.71483e-06
547 2.07085e-06
548 1.35484e-06
549 1.79483e-06
550 1.75126e-06
551 1.55404e-06
552 1.91284e-06
553 1.63483e-06
554 1.79682e-06
555 1.27603e-06
556 2.03126e-06
557 1.63248e-06
558 1.87364e-06
559 1.83245e-06
560 2.23087e-06
561 2.30851e-06
562 2.11126e-06
563 1.63841e-06
564 1.91404e-06
565 1.35563e-06
566 1.83443e-06
567 1.98928e-06
568 1.95048e-06
569 1.79445e-06
570 1.67246e-06
571 1.55285e-06
572 1.83563e-06
573 1.71603e-06
574 1.39444e-06
575 1.55721e-06
576 1.59244e-06
577 1.31564e-06
578 1.83284e-06
579 1.51364e-06
580 1.95365e-06
581 2.19284e-06
582 1.23682e-06
583 1.55721e-06
584 1.43682e-06
585 1.47444e-06
586 1.83166e-06
587 1.59324e-06
588 1.47284e-06
589 1.11722e-06
590 1.07365e-06
591 1.39404e-06
592 1.46969e-06
593 1.63483e-06
594 1.71206e-06
595 1.39524e-06
596 1.63285e-06
597 1.67404e-06
598 1.95364e-06
599 1.35485e-06
600 1.79128e-06
601 1.50972e-06
602 1.55682e-06
603 1.11483e-06
604 1.31563e-06
605 1.87247e-06
606 2.19284e-06
607 2.07206e-06
608 1.83326e-06
609 1.67682e-06
610 1.59364e-06
611 1.95603e-06
612 1.51722e-06
613 1.19126e-06
614 1.47167e-06
615 1.67483e-06
616 1.75245e-06
617 1.63165e-06
618 1.99444e-06
619 8.76032e-07
620 1.43366e-06
621 1.79207e-06
622 1.19842e-06
623 1.39563e-06
624 1.75364e-06
625 1.51522e-06
626 1.47523e-06
627 1.11405e-06
628 1.35285e-06
629 1.67286e-06
630 1.75087e-06
631 1.39602e-06
632 1.39404e-06
633 1.59325e-06
634 1.79443e-06
635 1.31563e-06
636 1.75364e-06
637 1.55208e-06
638 1.75206e-06
639 1.35682e-06
640 1.75049e-06
641 1.51325e-06
642 1.47286e-06
643 1.59761e-06
644 1.43325e-06
645 1.39564e-06
646 1.31682e-06
647 2.11244e-06
648 1.59169e-06
649 1.91048e-06
650 1.59403e-06
651 1.35563e-06
652 1.43326e-06
653 1.15722e-06
654 1.67285e-06
655 9.93652e-07
656 1.23366e-06
657 1.63205e-06
658 1.98968e-06
659 1.23563e-06
660 8.74838e-07
661 1.87285e-06
662 1.99087e-06
663 1.23445e-06
664 1.91166e-06
665 1.59562e-06
666 1.95246e-06
667 1.07443e-06
668 1.51404e-06
669 1.79404e-06
670 1.15682e-06
671 1.75364e-06
672 1.27523e-06
673 1.47602e-06
674 2.0301e-06
675 1.51602e-06
676 1.51523e-06
677 1.35364e-06
678 1.31483e-06
679 1.23524e-06
680 1.67168e-06
681 1.15404e-06
682 1.79048e-06
683 1.67049e-06
684 1.03603e-06
685 1.71524e-06
686 1.47563e-06
687 1.71009e-06
688 1.39285e-06
689 1.63325e-06
690 1.31365e-06
691 1.39366e-06
692 1.55523e-06
693 1.15563e-06
694 1.55642e-06
695 1.47443e-06
696 1.35484e-06
697 1.15365e-06
698 1.35286e-06
699 1.4681e-06
700 1.79247e-06
701 1.47524e-06
702 1.35404e-06
703 1.47522e-06
704 1.27247e-06
705 1.39563e-06
706 1.47166e-06
707 1.55246e-06
708 1.83166e-06
709 1.39168e-06
710 2.03128e-06
711 1.51524e-06
712 1.31206e-06
713 1.71365e-06
714 1.8309e-06
715 1.70931e-06
716 1.23602e-06
717 1.31366e-06
718 1.43483e-06
719 1.47444e-06
720 1.35247e-06
721 1.31287e-06
722 1.43286e-06
723 1.59285e-06
724 1.39483e-06
725 1.39288e-06
726 1.07682e-06
727 1.23485e-06
728 1.43562e-06
729 1.83286e-06
730 1.71643e-06
731 1.27405e-06
732 1.63207e-06
733 1.23643e-06
734 1.39602e-06
735 1.23007e-06
736 1.23524e-06
737 1.31523e-06
738 1.79166e-06
739 1.35286e-06
740 1.79325e-06
741 1.51324e-06
742 1.51207e-06
743 1.55523e-06
744 1.71286e-06
745 1.19048e-06
746 1.47325e-06
747 1.79288e-06
748 1.51443e-06
749 1.50973e-06
750 1.11682e-06
751 1.35603e-06
752 1.11565e-06
753 1.47286e-06
754 1.27602e-06
755 1.19168e-06
756 1.23325e-06
757 1.19405e-06
758 1.35405e-06
759 1.39286e-06
760 1.55365e-06
761 9.54861e-07
762 1.55286e-06
763 1.71404e-06
764 1.71168e-06
765 1.59128e-06
766 1.15602e-06
767 1.27285e-06
768 1.27563e-06
769 1.35007e-06
770 1.63563e-06
771 1.47207e-06
772 1.79562e-06
773 1.35404e-06
774 1.55167e-06
775 1.63444e-06
776 1.03484e-06
777 9.55626e-07
778 1.11643e-06
779 9.54065e-07
780 1.63286e-06
781 1.15722e-06
782 1.63484e-06
783 1.51445e-06
784 1.11643e-06
785 1.23603e-06
786 1.11762e-06
787 1.39485e-06
788 1.19682e-06
789 2.23286e-06
790 1.67285e-06
791 1.27365e-06
792 1.39167e-06
793 1.51364e-06
794 1.51246e-06
795 1.27444e-06
796 1.67523e-06
797 1.03444e-06
798 1.4697e-06
799 1.19563e-06
800 1.07168e-06
801 1.27643e-06
802 1.63246e-06
803 1.03406e-06
804 1.59406e-06
805 1.15643e-06
806 1.39642e-06
807 1.47405e-06
808 1.03523e-06
809 1.47404e-06
810 1.23405e-06
811 1.47325e-06
812 1.35562e-06
813 1.19325e-06
814 1.83247e-06
815 1.43365e-06
816 1.75168e-06
817 1.19485e-06
818 1.83088e-06
819 1.47166e-06
820 1.31169e-06
821 1.51206e-06
822 1.55205e-06
823 9.15244e-07
824 1.67324e-06
825 1.6317e-06
826 1.15682e-06
827 9.96434e-07
828 1.43683e-06
829 1.63364e-06
830 1.31444e-06
831 1.31325e-06
832 1.03485e-06
833 1.27325e-06
834 1.79642e-06
835 1.47483e-06
836 1.51048e-06
837 1.39166e-06
838 1.19603e-06
839 1.43444e-06
840 9.16024e-07
841 1.19563e-06
842 1.15286e-06
843 1.55444e-06
844 1.47325e-06
845 1.55325e-06
846 1.23246e-06
847 1.19721e-06
848 1.47086e-06
849 1.23602e-06
850 1.87205e-06
851 1.55245e-06
852 1.27285e-06
853 1.47008e-06
854 1.35444e-06
855 1.23485e-06
856 1.15364e-06
857 1.19366e-06
858 1.51328e-06
859 1.63206e-06
860 1.50933e-06
861 1.51405e-06
862 1.83285e-06
863 1.11642e-06
864 1.19564e-06
865 1.35247e-06
866 1.51286e-06
867 1.35444e-06
868 1.59167e-06
869 1.23404e-06
870 1.35406e-06
871 1.51325e-06
872 1.63087e-06
873 1.11209e-06
874 1.31286e-06
875 1.23287e-06
876 1.39485e-06
877 1.19643e-06
878 1.31287e-06
879 1.19603e-06
880 1.47404e-06
881 1.35166e-06
882 1.59445e-06
883 1.27563e-06
884 1.83405e-06
885 1.23483e-06
886 9.52856e-07
887 9.16824e-07
888 9.9366e-07
889 1.43286e-06
890 1.47325e-06
891 1.35722e-06
892 1.31169e-06
893 1.15761e-06
894 1.39207e-06
895 9.15236e-07
896 1.39126e-06
897 1.43286e-06
898 1.79326e-06
899 1.31284e-06
900 1.43207e-06
901 1.31524e-06
902 1.55603e-06
903 1.27563e-06
904 1.11327e-06
905 1.59404e-06
906 1.19444e-06
907 1.63129e-06
908 1.51485e-06
909 1.59484e-06
910 1.27406e-06
911 1.39206e-06
912 1.47524e-06
913 7.18014e-07
914 1.31444e-06
915 9.53265e-07
916 1.19286e-06
917 1.11483e-06
918 1.23563e-06
919 1.39208e-06
920 1.19444e-06
921 8.77616e-07
922 1.51324e-06
923 1.59206e-06
924 1.15366e-06
925 1.43761e-06
926 1.59484e-06
927 1.23643e-06
928 7.18014e-07
929 1.11484e-06
930 1.15525e-06
931 1.03484e-06
932 1.23287e-06
933 1.15247e-06
934 1.07682e-06
935 1.63523e-06
936 1.47129e-06
937 1.23603e-06
938 1.15169e-06
939 1.19169e-06
940 1.03683e-06
941 1.43326e-06
942 9.16036e-07
943 1.03603e-06
944 1.07523e-06
945 1.11563e-06
946 1.67484e-06
947 1.27484e-06
948 9.96024e-07
949 1.07366e-06
950 1.55246e-06
951 1.35365e-06
952 9.94046e-07
953 1.03444e-06
954 1.39208e-06
955 1.15405e-06
956 1.11683e-06
957 9.55232e-07
958 9.94842e-07
959 1.19407e-06
960 1.27365e-06
961 1.23722e-06
962 1.11208e-06
963 1.35246e-06
964 1.43246e-06
965 1.39208e-06
966 1.74929e-06
967 8.38022e-07
968 1.19445e-06
969 1.03563e-06
970 9.17218e-07
971 1.23366e-06
972 1.3105e-06
973 1.31206e-06
974 1.35209e-06
975 1.27683e-06
976 9.16028e-07
977 1.59325e-06
978 1.03682e-06
979 1.47365e-06
980 1.19485e-06
981 1.39246e-06
982 9.16422e-07
983 1.39603e-06
984 1.19207e-06
985 1.19326e-06
986 1.19483e-06
987 1.23484e-06
988 1.31484e-06
989 7.56426e-07
990 9.9524e-07
991 8.36832e-07
992 1.31444e-06
993 1.07602e-06
994 1.03682e-06
995 1.11524e-06
996 1.19484e-06
997 1.11524e-06
998 1.11248e-06
999 0
