0 0
1 0
2 0
3 0
4 0
5 0
6 0
7 0
8 0
9 0
10 0
11 0
12 0
13 0
14 0
15 0
16 0
17 4e-06
18 0
19 0
20 4e-06
21 0
22 4e-06
23 8e-06
24 4e-06
25 4e-06
26 0
27 4e-06
28 0
29 0
30 0
31 0
32 4e-06
33 8e-06
34 0
35 0
36 4e-06
37 0
38 0
39 0
40 4e-06
41 0
42 0
43 0
44 0
45 0
46 0
47 0
48 0
49 0
50 0
51 0
52 0
53 8e-06
54 0
55 8e-06
56 4e-06
57 4e-06
58 4e-06
59 8e-06
60 0
61 4e-06
62 0
63 4e-06
64 0
65 0
66 4e-06
67 0
68 4e-06
69 8e-06
70 4e-06
71 4e-06
72 4e-06
73 8e-06
74 5.47152e-06
75 1.2e-05
76 0
77 4e-06
78 0
79 0
80 1.2e-05
81 4e-06
82 1.47152e-06
83 8e-06
84 8e-06
85 0
86 0
87 4e-06
88 8e-06
89 1.6e-05
90 8e-06
91 0
92 4e-06
93 2e-05
94 1.74715e-05
95 0
96 4e-06
97 4e-06
98 8e-06
99 8e-06
100 1.6e-05
101 1.2e-05
102 2.4e-05
103 1.6e-05
104 8e-06
105 1.6e-05
106 1.6e-05
107 8e-06
108 1.6e-05
109 1.2e-05
110 1.47152e-06
111 8e-06
112 8e-06
113 1.2e-05
114 4e-06
115 1.2e-05
116 0
117 0
118 2.4e-05
119 1.34715e-05
120 1.8943e-05
121 2e-05
122 9.47152e-06
123 9.47152e-06
124 4e-06
125 0
126 1.6e-05
127 2.4e-05
128 1.6e-05
129 4e-06
130 1.6e-05
131 2e-05
132 1.2e-05
133 4e-06
134 8e-06
135 2.14715e-05
136 2e-05
137 1.6e-05
138 8e-06
139 1.8943e-05
140 8e-06
141 2.8e-05
142 3.34715e-05
143 4e-06
144 1.65413e-05
145 1.2e-05
146 5.47152e-06
147 1.6e-05
148 1.6e-05
149 3.74715e-05
150 2.4e-05
151 2.4e-05
152 2e-05
153 2.14715e-05
154 0
155 2.14715e-05
156 2e-05
157 1.0943e-05
158 8e-06
159 2.8e-05
160 2.54715e-05
161 8e-06
162 2e-05
163 2e-05
164 2.4e-05
165 2e-05
166 2.54715e-05
167 2.14715e-05
168 2.8e-05
169 1.0943e-05
170 2.4e-05
171 1.74715e-05
172 1.2e-05
173 4e-06
174 3.34715e-05
175 2.8e-05
176 1.6e-05
177 2.54715e-05
178 2.4e-05
179 2.8e-05
180 1.2e-05
181 2.4e-05
182 2.2943e-05
183 1.6e-05
184 2e-05
185 1.6e-05
186 3.74715e-05
187 2.8e-05
188 1.6e-05
189 2e-05
190 2.54715e-05
191 2.14715e-05
192 2.05413e-05
193 2.2943e-05
194 2e-05
195 2.4e-05
196 2.4e-05
197 1.0943e-05
198 1.6e-05
199 2.4e-05
200 2.8e-05
201 1.74715e-05
202 2.54715e-05
203 2.4e-05
204 2.8e-05
205 9.47152e-06
206 2e-05
207 2.4e-05
208 4.14715e-05
209 1.74715e-05
210 1.74715e-05
211 2.54715e-05
212 2.4e-05
213 2.54715e-05
214 1.34715e-05
215 9.47152e-06
216 2.85413e-05
217 2.14715e-05
218 3.0943e-05
219 3.74715e-05
220 2.4e-05
221 2.8e-05
222 4.14715e-05
223 4.05413e-05
224 4.4e-05
225 3.2e-05
226 2.8e-05
227 3.34715e-05
228 3.74715e-05
229 3.2e-05
230 5.2e-05
231 3.6e-05
232 2.8e-05
233 3.4943e-05
234 2.4e-05
235 2.8e-05
236 1.25413e-05
237 3.00129e-05
238 1.6e-05
239 2.4e-05
240 3.2e-05
241 4.4e-05
242 4.54715e-05
243 2.54715e-05
244 3.74715e-05
245 1.2e-05
246 2.4e-05
247 2e-05
248 3.34715e-05
249 3.34715e-05
250 4.8e-05
251 2.54715e-05
252 2.94715e-05
253 2e-05
254 2e-05
255 2.45413e-05
256 2.6943e-05
257 1.8943e-05
258 4.94715e-05
259 4.45413e-05
260 4.4e-05
261 2e-05
262 2.94715e-05
263 4.8e-05
264 3.74715e-05
265 4.94715e-05
266 3.64146e-05
267 3.25413e-05
268 3.8943e-05
269 2e-05
270 1.6e-05
271 4.4e-05
272 3.74715e-05
273 4e-05
274 4.8e-05
275 1.6e-05
276 4e-05
277 2.8e-05
278 2.94715e-05
279 1.6e-05
280 2.8e-05
281 3.6e-05
282 3.74715e-05
283 6.14715e-05
284 3.74715e-05
285 6.04146e-05
286 2.14715e-05
287 2.2943e-05
288 5.64146e-05
289 3.8943e-05
290 5.6e-05
291 5.0943e-05
292 5.2e-05
293 4.94715e-05
294 4.2943e-05
295 7.05542e-05
296 5.0943e-05
297 2.54715e-05
298 2.84146e-05
299 4.94715e-05
300 6.6943e-05
301 5.4943e-05
302 6.8e-05
303 3.34715e-05
304 2.14715e-05
305 2.2943e-05
306 5.74715e-05
307 4.94715e-05
308 5.38861e-05
309 1.25413e-05
310 5.6e-05
311 1.64146e-05
312 2.84146e-05
313 6e-05
314 6.8e-05
315 5.24146e-05
316 2.4e-05
317 3.8943e-05
318 1.6e-05
319 4.2943e-05
320 7.74715e-05
321 6.14715e-05
322 4.6943e-05
323 3.64146e-05
324 3.6e-05
325 5.84274e-05
326 7.0943e-05
327 2.94715e-05
328 6.33576e-05
329 3.00129e-05
330 5.25413e-05
331 6.54715e-05
332 3.40129e-05
333 4.6943e-05
334 6.04146e-05
335 4.14715e-05
336 4.94715e-05
337 4.4e-05
338 6.60129e-05
339 4.34844e-05
340 4.60129e-05
341 4.14715e-05
342 2.4e-05
343 3.8943e-05
344 5.74715e-05
345 6.14715e-05
346 8e-05
347 5.74715e-05
348 4.94715e-05
349 2.94715e-05
350 4.8e-05
351 3.34715e-05
352 6.14715e-05
353 4e-05
354 5.29559e-05
355 6.4e-05
356 5.2e-05
357 6.4e-05
358 7.4943e-05
359 3.74715e-05
360 4.74844e-05
361 3.34715e-05
362 3.24146e-05
363 5.34715e-05
364 3.78861e-05
365 5.6e-05
366 6.8e-05
367 6.54715e-05
368 5.64146e-05
369 5.2e-05
370 4e-05
371 5.0943e-05
372 3.64146e-05
373 5.0943e-05
374 7.64146e-05
375 2.4e-05
376 6.4e-05
377 5.8943e-05
378 5.38861e-05
379 5.14844e-05
380 2.54715e-05
381 4.44146e-05
382 4.14715e-05
383 5.0943e-05
384 6.6943e-05
385 4.4e-05
386 6.8e-05
387 3.98989e-05
388 4.6943e-05
389 6e-05
390 5.34715e-05
391 4.44146e-05
392 5.6e-05
393 3.74715e-05
394 4.8e-05
395 7.24146e-05
396 6.2943e-05
397 3.6e-05
398 5.74715e-05
399 6e-05
400 3.8943e-05
401 8.04146e-05
402 8.84146e-05
403 5.74715e-05
404 4.04146e-05
405 4.73576e-05
406 6.8e-05
407 3.6e-05
408 6.60129e-05
409 5.34715e-05
410 6.54715e-05
411 6.44146e-05
412 9.4943e-05
413 5.80129e-05
414 5.00129e-05
415 8.34844e-05
416 4.2943e-05
417 4.84146e-05
418 5.24146e-05
419 8.05413e-05
420 7.53576e-05
421 5.94844e-05
422 4.89559e-05
423 6.6943e-05
424 6.44146e-05
425 5.2e-05
426 3.4943e-05
427 5.14844e-05
428 3.6e-05
429 5.64146e-05
430 6.6943e-05
431 7.34715e-05
432 5.34715e-05
433 6.54715e-05
434 6.74844e-05
435 4.6943e-05
436 5.34715e-05
437 4.60129e-05
438 3.74715e-05
439 3.40129e-05
440 6.89559e-05
441 5.6e-05
442 3.2e-05
443 5.14844e-05
444 5.2e-05
445 3.8943e-05
446 5.6e-05
447 5.74715e-05
448 6.04146e-05
449 5.64146e-05
450 5.74715e-05
451 3.8943e-05
452 5.6e-05
453 5.64146e-05
454 6.14715e-05
455 6.14715e-05
456 5.13576e-05
457 7.0943e-05
458 5.53576e-05
459 4.84146e-05
460 3.8943e-05
461 4.14715e-05
462 5.2e-05
463 4.6943e-05
464 7.0943e-05
465 8.94715e-05
466 6.18861e-05
467 7.00129e-05
468 4.6943e-05
469 4.6943e-05
470 3.6e-05
471 4.4e-05
472 5.6e-05
473 5.74715e-05
474 5.74715e-05
475 8.20129e-05
476 4.14715e-05
477 6.94715e-05
478 5.4943e-05
479 4.14715e-05
480 5.84274e-05
481 6.09559e-05
482 7.6e-05
483 6.54715e-05
484 6.89559e-05
485 7.8943e-05
486 7.0943e-05
487 3.74715e-05
488 7.24146e-05
489 8.94715e-05
490 6.84146e-05
491 8.84146e-05
492 4.94715e-05
493 6.14715e-05
494 3.38861e-05
495 6.94715e-05
496 5.4943e-05
497 3.64146e-05
498 7.4943e-05
499 3.94844e-05
500 8.94715e-05
501 6.94715e-05
502 6.34844e-05
503 9.24146e-05
504 5.4943e-05
505 0.000116
506 6.54715e-05
507 4.94715e-05
508 6.6943e-05
509 6.84146e-05
510 2.34844e-05
511 5.64146e-05
512 4.94715e-05
513 5.84274e-05
514 4.6943e-05
515 7.29559e-05
516 6.64274e-05
517 5.34715e-05
518 6.09559e-05
519 4.44146e-05
520 6e-05
521 7.34972e-05
522 7.84274e-05
523 8.18861e-05
524 5.34715e-05
525 8.14715e-05
526 9.65413e-05
527 7.58989e-05
528 5.8943e-05
529 7.2e-05
530 5.74715e-05
531 8.64274e-05
532 7.40129e-05
533 6.98861e-05
534 0.000105472
535 3.65413e-05
536 9.0943e-05
537 6.04146e-05
538 6.71422e-05
539 4.94715e-05
540 9.38861e-05
541 8.24274e-05
542 6.54715e-05
543 7.38861e-05
544 7.4943e-05
545 7.38861e-05
546 7.80129e-05
547 5.78861e-05
548 7.4943e-05
549 4.14715e-05
550 7.20257e-05
551 5.0943e-05
552 6.60129e-05
553 5.0212e-05
554 7.00129e-05
555 7.74715e-05
556 4.58861e-05
557 9.4943e-05
558 9.44274e-05
559 6.4e-05
560 8.58861e-05
561 6.85413e-05
562 7.64146e-05
563 3.14844e-05
564 5.18989e-05
565 4.81991e-05
566 4.2943e-05
567 7.2e-05
568 5.6e-05
569 6.78989e-05
570 4.54715e-05
571 3.4943e-05
572 6.6943e-05
573 6e-05
574 6.14715e-05
575 8.98861e-05
576 8.20129e-05
577 6.76835e-05
578 4.8e-05
579 7.2e-05
580 0.000101886
581 6.6943e-05
582 4.54715e-05
583 7.28291e-05
584 7.11422e-05
585 5.10163e-05
586 5.94844e-05
587 6.80257e-05
588 5.25413e-05
589 4.84146e-05
590 6.73576e-05
591 6.44146e-05
592 6.04146e-05
593 5.2e-05
594 5.4943e-05
595 6.84146e-05
596 5.2e-05
597 7.0943e-05
598 5.34715e-05
599 5.29559e-05
600 6.54715e-05
601 5.14844e-05
602 4.94715e-05
603 5.4943e-05
604 8.20129e-05
605 7.0943e-05
606 7.2e-05
607 6.98861e-05
608 7.73704e-05
609 3.74715e-05
610 5.14844e-05
611 5.4943e-05
612 4.34844e-05
613 6.04146e-05
614 6.94715e-05
615 3.74715e-05
616 6.2842e-05
617 7.0943e-05
618 6.93704e-05
619 7.4943e-05
620 6.98861e-05
621 7.0212e-05
622 7.04274e-05
623 7.4943e-05
624 6.73576e-05
625 4.6943e-05
626 6.54972e-05
627 6.4e-05
628 7.74715e-05
629 4.31422e-05
630 5.38861e-05
631 7.25413e-05
632 6.98955e-05
633 8.63006e-05
634 4.14715e-05
635 6.18861e-05
636 4.60129e-05
637 8.74844e-05
638 9.24146e-05
639 5.76707e-05
640 5.78861e-05
641 5.34715e-05
642 6e-05
643 3.34972e-05
644 3.8943e-05
645 3.94844e-05
646 2.6212e-05
647 4.54715e-05
648 8.08291e-05
649 4.94715e-05
650 7.0943e-05
651 3.74715e-05
652 5.0943e-05
653 9.80386e-05
654 7.34715e-05
655 4.16707e-05
656 6.00257e-05
657 7.03006e-05
658 6.4e-05
659 3.00129e-05
660 3.24146e-05
661 5.0842e-05
662 6.14972e-05
663 6.09559e-05
664 7.2e-05
665 8.05413e-05
666 4.58861e-05
667 5.8943e-05
668 6.58861e-05
669 6.84146e-05
670 7.03006e-05
671 7.34715e-05
672 6.09559e-05
673 8.93704e-05
674 5.8943e-05
675 6.14715e-05
676 6.84146e-05
677 5.74715e-05
678 6.84146e-05
679 8.2943e-05
680 6.34844e-05
681 7.18989e-05
682 0.000103358
683 4.2943e-05
684 8.6943e-05
685 4.6943e-05
686 6.93704e-05
687 8.58861e-05
688 6.24274e-05
689 5.0943e-05
690 2.49559e-05
691 5.8943e-05
692 9.04274e-05
693 6.20852e-05
694 4e-05
695 7.29559e-05
696 7.65413e-05
697 5.51422e-05
698 6.89559e-05
699 3.13576e-05
700 8.08291e-05
701 8.14715e-05
702 6.85413e-05
703 7.54844e-05
704 6.54972e-05
705 8.18861e-05
706 6.05413e-05
707 9.8943e-05
708 6.04146e-05
709 6.09559e-05
710 5.2e-05
711 3.8943e-05
712 6.44146e-05
713 5.30827e-05
714 7.38861e-05
715 5.54844e-05
716 8.4728e-05
717 7.78861e-05
718 7.43006e-05
719 7.78861e-05
720 7.38861e-05
721 6.09559e-05
722 3.25413e-05
723 4.2943e-05
724 7.24146e-05
725 4.60129e-05
726 7.44274e-05
727 5.64146e-05
728 6.84146e-05
729 6.84146e-05
730 7.38861e-05
731 5.60257e-05
732 6.05671e-05
733 5.84274e-05
734 3.94844e-05
735 7.69559e-05
736 7.24146e-05
737 3.24146e-05
738 4e-05
739 4.18861e-05
740 0.000108
741 7.29559e-05
742 3.34715e-05
743 6.4e-05
744 7.34715e-05
745 0.000105886
746 0.000108956
747 6.2943e-05
748 6.98861e-05
749 4.34844e-05
750 9.0943e-05
751 7.78861e-05
752 8.18861e-05
753 8.24274e-05
754 3.11422e-05
755 8.08291e-05
756 5.0943e-05
757 7.34972e-05
758 8.18861e-05
759 7.25413e-05
760 4.98861e-05
761 4.94715e-05
762 0.00010444
763 7.78861e-05
764 8.27533e-05
765 8.94715e-05
766 5.68291e-05
767 5.4943e-05
768 8.65542e-05
769 6.34844e-05
770 7.64146e-05
771 5.18989e-05
772 6.33576e-05
773 5.8943e-05
774 4.98861e-05
775 0.000118013
776 2.94972e-05
777 5.14844e-05
778 7.8943e-05
779 4.6943e-05
780 7.83006e-05
781 6.94715e-05
782 7.33704e-05
783 8.14715e-05
784 7.78861e-05
785 4.60129e-05
786 6.48291e-05
787 6.73576e-05
788 8.31422e-05
789 7.24146e-05
790 5.38861e-05
791 6.45413e-05
792 5.64146e-05
793 8.49559e-05
794 6.73576e-05
795 3.69559e-05
796 7.4943e-05
797 7.0943e-05
798 8.2943e-05
799 5.74715e-05
800 5.4842e-05
801 5.89688e-05
802 5.29559e-05
803 6.2943e-05
804 8.84146e-05
805 6.6943e-05
806 6.54715e-05
807 5.80129e-05
808 6.94972e-05
809 6.45413e-05
810 4.41991e-05
811 7.2e-05
812 7.29559e-05
813 7.38861e-05
814 5.47533e-05
815 8.48291e-05
816 3.11422e-05
817 6.00257e-05
818 7.0943e-05
819 6.14715e-05
820 7.57721e-05
821 6.88291e-05
822 4.98861e-05
823 2.84146e-05
824 6.74844e-05
825 7.65413e-05
826 5.53576e-05
827 6.2943e-05
828 5.2e-05
829 7.64146e-05
830 5.89688e-05
831 4.45413e-05
832 6.54715e-05
833 5.04274e-05
834 7.4943e-05
835 9.33704e-05
836 6.58861e-05
837 8.44146e-05
838 6.2943e-05
839 7.74972e-05
840 4.98861e-05
841 9.84274e-05
842 0.000102943
843 5.0212e-05
844 7.33704e-05
845 8.24274e-05
846 6.60129e-05
847 8.38989e-05
848 4.94715e-05
849 6.18861e-05
850 6.54715e-05
851 7.0943e-05
852 7.74715e-05
853 4.84146e-05
854 6.44146e-05
855 6.89559e-05
856 5.64146e-05
857 6.60852e-05
858 9.74972e-05
859 7.00129e-05
860 6.44146e-05
861 5.50955e-05
862 7.4943e-05
863 7.09688e-05
864 9.80852e-05
865 5.13576e-05
866 6.78989e-05
867 4.73576e-05
868 7.98989e-05
869 8.6943e-05
870 6.86137e-05
871 8.20129e-05
872 5.4943e-05
873 7.8943e-05
874 5.24146e-05
875 8.80257e-05
876 3.64146e-05
877 5.3624e-05
878 6.45671e-05
879 7.69559e-05
880 9.03006e-05
881 6.14715e-05
882 4.60129e-05
883 7.34715e-05
884 6.8e-05
885 6.20129e-05
886 5.34715e-05
887 7.2e-05
888 9.64146e-05
889 3.24146e-05
890 6.30955e-05
891 6.74844e-05
892 8.2943e-05
893 8.40257e-05
894 8.24531e-05
895 5.8943e-05
896 7.28291e-05
897 4.6943e-05
898 7.0943e-05
899 7.81118e-05
900 0.000104956
901 8.18861e-05
902 7.98989e-05
903 6.58861e-05
904 8.00981e-05
905 4.33576e-05
906 7.64146e-05
907 7.14844e-05
908 3.74972e-05
909 7.73704e-05
910 6.66266e-05
911 5.76707e-05
912 7.28291e-05
913 6.49559e-05
914 0.000101886
915 4.84403e-05
916 7.06266e-05
917 8.74844e-05
918 6.6943e-05
919 6.40257e-05
920 6.44146e-05
921 6.94972e-05
922 7.85542e-05
923 7.38861e-05
924 3.8943e-05
925 5.34972e-05
926 7.34972e-05
927 3.8943e-05
928 5.24146e-05
929 3.84274e-05
930 6.09559e-05
931 5.8842e-05
932 5.4943e-05
933 4.73576e-05
934 8.89559e-05
935 6.52437e-05
936 5.34715e-05
937 5.0943e-05
938 7.68291e-05
939 4.14715e-05
940 5.94844e-05
941 6.94715e-05
942 4.74844e-05
943 6.98861e-05
944 5.84274e-05
945 6.41991e-05
946 8.46137e-05
947 5.70283e-05
948 6.31422e-05
949 7.0943e-05
950 4.2943e-05
951 5.38861e-05
952 9.0943e-05
953 5.60257e-05
954 5.98989e-05
955 5.64146e-05
956 8.54715e-05
957 6.85671e-05
958 7.45542e-05
959 7.80129e-05
960 5.18989e-05
961 5.64146e-05
962 8.01991e-05
963 5.68291e-05
964 6.50283e-05
965 8.18861e-05
966 7.00129e-05
967 6.18861e-05
968 4.64998e-05
969 6.73576e-05
970 6.6943e-05
971 6.60852e-05
972 4.14715e-05
973 3.13576e-05
974 8.44146e-05
975 5.18989e-05
976 4.04146e-05
977 6.49559e-05
978 5.94844e-05
979 7.00129e-05
980 8.18861e-05
981 8.04146e-05
982 9.04274e-05
983 5.8943e-05
984 5.17568e-05
985 7.58989e-05
986 7.26137e-05
987 6.58861e-05
988 6.15448e-05
989 4.83135e-05
990 9.43006e-05
991 4.98861e-05
992 6.05671e-05
993 8.2842e-05
994 4.09559e-05
995 6.58861e-05
996 5.69559e-05
997 0.000104956
998 8.00257e-05
999 0
