0 0
1 0.009244
2 0.00703789
3 0.00519026
4 0.00409403
5 0.00346952
6 0.00283109
7 0.00256216
8 0.00239269
9 0.0022355
10 0.00190804
11 0.0018709
12 0.0016692
13 0.00177806
14 0.00159256
15 0.00146469
16 0.00151669
17 0.00129986
18 0.00143586
19 0.00130936
20 0.00120187
21 0.00120577
22 0.0012141
23 0.00116037
24 0.00116006
25 0.00120984
26 0.00107451
27 0.00101944
28 0.000996373
29 0.000904852
30 0.00106536
31 0.000959316
32 0.000906801
33 0.000810098
34 0.000949168
35 0.00086543
36 0.000907029
37 0.000741845
38 0.000870438
39 0.000797655
40 0.000752412
41 0.000754073
42 0.000767415
43 0.000686928
44 0.000789456
45 0.00078571
46 0.000687959
47 0.000665744
48 0.000713845
49 0.000639697
50 0.000749871
51 0.000636788
52 0.000748526
53 0.000639875
54 0.000687443
55 0.000551054
56 0.000660627
57 0.000541202
58 0.000625972
59 0.000518513
60 0.000470098
61 0.000577557
62 0.000555985
63 0.000583959
64 0.00056264
65 0.000556526
66 0.000533329
67 0.000548086
68 0.000543642
69 0.000520373
70 0.000503443
71 0.000482098
72 0.00049343
73 0.000449943
74 0.000639795
75 0.000499282
76 0.000459155
77 0.000421782
78 0.000549871
79 0.000512779
80 0.000492373
81 0.000521329
82 0.00052543
83 0.000456185
84 0.000498614
85 0.000410386
86 0.000482513
87 0.000473658
88 0.000449583
89 0.000508915
90 0.000445583
91 0.000431743
92 0.000421658
93 0.000420212
94 0.000427054
95 0.0003565
96 0.000425469
97 0.000412086
98 0.000440754
99 0.000430298
100 0.000463342
101 0.000377972
102 0.000522071
103 0.000434886
104 0.000389871
105 0.000443054
106 0.000409042
107 0.000433684
108 0.0004245
109 0.000372111
110 0.000346251
111 0.000390386
112 0.000450513
113 0.000428627
114 0.000322839
115 0.000360915
116 0.000479254
117 0.000398098
118 0.000378614
119 0.000390513
120 0.00039913
121 0.000361168
122 0.000312212
123 0.000415985
124 0.000315985
125 0.000376212
126 0.00035557
127 0.00042713
128 0.000384627
129 0.000318551
130 0.000382911
131 0.000383858
132 0.000332627
133 0.000341756
134 0.000390585
135 0.000332111
136 0.000305168
137 0.000362399
138 0.000311744
139 0.000328187
140 0.0003025
141 0.000314513
142 0.000317684
143 0.000291896
144 0.000334513
145 0.000371409
146 0.000350424
147 0.000320728
148 0.000394614
149 0.000314251
150 0.000330741
151 0.00029864
152 0.000327282
153 0.000240086
154 0.000295155
155 0.000321215
156 0.000330868
157 0.000344601
158 0.000256728
159 0.000284086
160 0.000271316
161 0.000275671
162 0.000342839
163 0.000215697
164 0.000315997
165 0.000334842
166 0.000291029
167 0.000372111
168 0.000300086
169 0.000320212
170 0.000207697
171 0.000324906
172 0.000280086
173 0.000349042
174 0.000303798
175 0.000319029
176 0.000239128
177 0.000225269
178 0.00028787
179 0.000280881
180 0.000289295
181 0.000281042
182 0.000210424
183 0.000314539
184 0.000326124
185 0.000275435
186 0.000278966
187 0.00023864
188 0.000214453
189 0.000300953
190 0.000296086
191 0.000252111
192 0.000245269
193 0.000267456
194 0.000284238
195 0.000263355
196 0.000311355
197 0.000251029
198 0.000284365
199 0.000295842
200 0.000303155
201 0.000226839
202 0.000257684
203 0.000247155
204 0.000264386
205 0.000235925
206 0.000269811
207 0.000267029
208 0.000257785
209 0.000248627
210 0.000252601
211 0.000243697
212 0.000278225
213 0.0002205
214 0.000241143
215 0.000215409
216 0.000294424
217 0.0002408
218 0.000216285
219 0.0002208
220 0.000240855
221 0.00027371
222 0.000154741
223 0.000177658
224 0.000265811
225 0.000180927
226 0.000232077
227 0.000207671
228 0.000219544
229 0.000234741
230 0.000230614
231 0.000200212
232 0.000344285
233 0.000237836
234 0.000221557
235 0.000224826
236 0.000261269
237 0.000178525
238 0.000259544
239 0.000198842
240 0.000253658
241 0.000222741
242 0.000253557
243 0.000200699
244 0.000221883
245 0.000228086
246 0.000245668
247 0.000244384
248 0.000221658
249 0.000248538
250 0.000271824
251 0.000193269
252 0.000216754
253 0.000174251
254 0.000278277
255 0.0002222
256 0.000252196
257 0.000257836
258 0.000223355
259 0.000232779
260 0.000192754
261 0.000215067
262 0.000183807
263 0.000224238
264 0.000221595
265 0.00022787
266 0.000211282
267 0.000167155
268 0.00025064
269 0.000233469
270 0.000171308
271 0.000210225
272 0.000199282
273 0.00020713
274 0.000250741
275 0.000222539
276 0.000259871
277 0.000184627
278 0.000202326
279 0.000247329
280 0.000223282
281 0.000150614
282 0.000204212
283 0.000206225
284 0.00020937
285 0.0002462
286 0.00018601
287 0.000188086
288 0.000239671
289 0.000163358
290 0.000256212
291 0.000199456
292 0.000203155
293 0.000221469
294 0.000221785
295 0.000191798
296 0.000160386
297 0.0001822
298 0.000203181
299 0.000156728
300 0.000183925
301 0.000155383
302 0.000210767
303 0.000215798
304 0.000215355
305 0.000170427
306 0.000191409
307 0.000191671
308 0.000198641
309 0.00018851
310 0.000175409
311 0.000192276
312 0.000205557
313 0.00016834
314 0.000177955
315 0.000158301
316 0.000155054
317 0.000210741
318 0.000246073
319 0.000150525
320 0.000177912
321 0.000145938
322 0.000207959
323 0.000205909
324 0.000238573
325 0.000204881
326 0.000218868
327 0.000215282
328 0.000198225
329 0.000193443
330 0.000219697
331 0.000196086
332 0.000181054
333 0.0002022
334 0.000183824
335 0.000190352
336 0.000165785
337 0.000115257
338 0.000174715
339 0.000208212
340 0.000144855
341 0.000186326
342 0.000163093
343 0.000145028
344 0.000207282
345 0.000236915
346 0.000154225
347 0.000138715
348 0.000189883
349 0.000150715
350 0.000200737
351 0.000166868
352 0.000171671
353 0.000134399
354 0.000192313
355 0.000185658
356 0.000188212
357 0.000166614
358 0.000211282
359 0.000201168
360 0.000157105
361 0.000170839
362 0.000174378
363 0.000160538
364 0.000139266
365 0.000108313
366 0.000212484
367 0.000144212
368 0.000178073
369 0.000225422
370 0.000165469
371 0.000202868
372 0.000170741
373 0.000159282
374 0.000151997
375 0.000186741
376 0.000166427
377 0.000211155
378 0.0001582
379 0.000174225
380 0.000202868
381 0.000154767
382 0.000225984
383 0.000188386
384 0.000187772
385 0.000186823
386 0.000172212
387 0.0001942
388 0.000142741
389 0.000202614
390 0.000200754
391 0.000153025
392 0.000126399
393 0.000133984
394 0.00015894
395 0.000155824
396 0.000166842
397 0.000167671
398 0.000175282
399 0.000151798
400 0.000187329
401 0.000176728
402 0.00012844
403 0.000165396
404 0.000221883
405 0.000192212
406 0.000168627
407 0.000173215
408 0.000172365
409 0.000136212
410 0.000177984
411 0.000167456
412 0.000132187
413 0.000157811
414 0.000179925
415 0.000133811
416 0.000156728
417 0.000169785
418 0.000209912
419 0.000172954
420 0.000173658
421 0.000175798
422 0.00017864
423 0.000202137
424 0.000189621
425 0.000174352
426 0.000193367
427 0.000151219
428 0.000170813
429 0.000172754
430 0.000159456
431 0.000148313
432 0.000142298
433 0.000170868
434 0.000129269
435 0.000157054
436 0.000190741
437 0.000134914
438 0.000140212
439 0.000165143
440 0.000121443
441 0.000134326
442 0.000170741
443 0.000191282
444 0.000161494
445 0.000111709
446 0.000197295
447 0.000141785
448 0.000162326
449 0.0001422
450 0.000139257
451 0.000145342
452 0.000140855
453 0.000154741
454 0.00017894
455 0.000167139
456 0.000160313
457 0.00013821
458 0.00013913
459 0.000191609
460 0.000182614
461 0.000188187
462 0.000200855
463 0.000128927
464 0.000164386
465 0.000146326
466 0.000140313
467 0.000167409
468 0.000151772
469 0.000204881
470 0.000202298
471 0.000113269
472 0.000127772
473 0.00013357
474 0.000121007
475 0.000174614
476 0.000155997
477 0.000134073
478 0.000158057
479 0.000190893
480 0.0001465
481 0.000167849
482 0.00013894
483 0.000146767
484 0.000121396
485 0.000155409
486 0.000162813
487 0.000161785
488 0.000155582
489 0.000143824
490 0.000137269
491 0.000165269
492 0.000137168
493 0.000141658
494 0.000131282
495 0.000133785
496 0.000164023
497 0.000123671
498 0.000128911
499 0.000160881
500 0.000160437
501 0.000123772
502 0.000166741
503 0.000158966
504 0.000135282
505 0.000189557
506 0.000159203
507 0.000143976
508 0.000156339
509 0.000112855
510 0.000142924
511 0.000113782
512 0.000143282
513 0.00018713
514 0.000143228
515 0.000151203
516 0.000124611
517 0.000169343
518 0.000174326
519 0.000136855
520 0.0001902
521 0.000167772
522 0.000118994
523 0.000163409
524 0.000140538
525 0.000134352
526 0.000142551
527 0.000163194
528 0.000145181
529 0.000124386
530 0.000110326
531 0.000133731
532 0.000134109
533 0.000141836
534 0.000183643
535 0.000115761
536 0.000143355
537 9.59246e-05
538 0.000129269
539 8.70202e-05
540 0.000167041
541 0.000121722
542 0.000142868
543 0.000153658
544 0.000117054
545 0.000180051
546 0.000142326
547 0.000151443
548 0.000108513
549 0.000148728
550 0.000127355
551 0.000122868
552 0.000149684
553 0.000132728
554 0.000162969
555 0.000105912
556 0.000153168
557 0.000128539
558 0.000149143
559 0.000142352
560 0.000172826
561 0.000174029
562 0.000164365
563 0.000153886
564 0.000157269
565 0.000111971
566 0.000148601
567 0.000142919
568 0.000147681
569 0.000151582
570 0.000128538
571 0.000115282
572 0.000157785
573 0.00015151
574 0.000109984
575 0.000138301
576 0.000113557
577 0.00010957
578 0.000141684
579 0.000116339
580 0.000160927
581 0.000177684
582 0.000103772
583 0.000138301
584 0.000123772
585 0.000117396
586 0.000137295
587 0.000118614
588 0.000105684
589 9.58989e-05
590 7.45255e-05
591 0.000106868
592 9.72322e-05
593 0.000132728
594 0.00013001
595 0.000114453
596 0.000123282
597 0.000133269
598 0.000160339
599 0.000111709
600 0.000135139
601 0.000105695
602 0.000138969
603 8.23263e-05
604 0.000107383
605 0.000149126
606 0.000176086
607 0.00016702
608 0.000147203
609 0.00014937
610 0.000124339
611 0.000173912
612 0.000135899
613 7.23649e-05
614 0.00010508
615 0.00013513
616 0.000131155
617 0.000114098
618 0.000169984
619 6.75101e-05
620 0.000112124
621 0.000139608
622 0.000113671
623 0.000113785
624 0.000139329
625 0.000121658
626 0.000120855
627 8.0466e-05
628 9.52822e-05
629 0.000131067
630 0.000127435
631 0.000116313
632 0.000106868
633 0.000122399
634 0.0001462
635 0.000105785
636 0.000137143
637 0.000119609
638 0.000130813
639 0.00011737
640 0.000128485
641 0.000113811
642 0.000110479
643 0.000144829
644 0.000107997
645 0.00011757
646 0.000111772
647 0.000165557
648 0.000121081
649 0.000143093
650 0.000123671
651 0.000109785
652 0.000108585
653 9.98989e-05
654 0.000128881
655 6.75358e-05
656 9.21238e-05
657 0.000116627
658 0.000144437
659 0.000100982
660 5.99246e-05
661 0.000148881
662 0.000149836
663 9.55825e-05
664 0.000146893
665 0.000132187
666 0.00015494
667 7.41996e-05
668 0.000117857
669 0.000145857
670 9.73704e-05
671 0.000138741
672 0.000100855
673 0.000124313
674 0.000155555
675 0.000128313
676 0.000124855
677 0.000100339
678 0.000100728
679 0.000100051
680 0.000125884
681 8.12694e-05
682 0.000130082
683 0.000121279
684 8.19118e-05
685 0.000147041
686 0.000121785
687 0.000121152
688 0.000100881
689 0.000127997
690 9.79375e-05
691 0.000108712
692 0.000128855
693 9.13833e-05
694 0.000133244
695 0.000112601
696 0.000108513
697 8.19375e-05
698 9.84788e-05
699 8.71183e-05
700 0.000142137
701 0.000122453
702 0.000101269
703 0.000117658
704 9.1735e-05
705 0.000115383
706 0.000101295
707 0.000116538
708 0.000137295
709 9.7884e-05
710 0.000159139
711 0.000126453
712 8.94219e-05
713 0.000137938
714 0.00014221
715 0.000123293
716 0.000100313
717 9.91135e-05
718 0.000112728
719 0.000115798
720 9.73426e-05
721 9.58711e-05
722 0.000105469
723 0.00011987
724 0.000110326
725 0.000107656
726 8.77721e-05
727 9.97092e-05
728 0.000116187
729 0.000145469
730 0.00015244
731 9.6466e-05
732 0.000122814
733 0.000106627
734 0.000114715
735 6.93675e-05
736 9.90411e-05
737 0.000103257
738 0.000133295
739 0.000100665
740 0.000143997
741 0.000112212
742 0.000112196
743 0.000128855
744 0.000133469
745 7.10925e-05
746 0.000110399
747 0.000147439
748 0.0001182
749 0.000103833
750 9.49688e-05
751 0.00011551
752 9.17559e-05
753 0.000110479
754 0.000104313
755 7.9266e-05
756 8.7997e-05
757 8.8466e-05
758 0.000107663
759 0.000103067
760 0.000123536
761 7.54938e-05
762 0.000120665
763 0.000138868
764 0.000128874
765 0.000115943
766 9.07152e-05
767 8.72822e-05
768 0.000101785
769 8.13675e-05
770 0.000137785
771 0.000107608
772 0.000152187
773 0.000102868
774 0.000113668
775 0.000131798
776 7.49143e-05
777 6.9785e-05
778 9.46266e-05
779 7.04369e-05
780 0.000126479
781 9.98989e-05
782 0.000137523
783 0.000123582
784 9.24403e-05
785 0.00010351
786 9.84274e-05
787 0.000114111
788 9.97721e-05
789 0.000185469
790 0.000128881
791 9.39375e-05
792 9.54814e-05
793 0.000116339
794 0.000112538
795 9.73962e-05
796 0.000140855
797 7.49945e-05
798 9.64382e-05
799 9.53833e-05
800 6.74823e-05
801 0.00010844
802 0.000125549
803 7.54566e-05
804 0.000131457
805 9.70283e-05
806 0.000117244
807 0.000115456
808 7.52565e-05
809 0.000114868
810 9.14557e-05
811 0.000111997
812 0.000108187
813 8.18107e-05
814 0.000146725
815 0.000109938
816 0.000135266
817 9.51213e-05
818 0.000137621
819 0.000101295
820 9.20703e-05
821 0.000107824
822 0.000108627
823 6.86394e-05
824 0.000128212
825 0.000125964
826 9.73704e-05
827 8.26266e-05
828 0.000127557
829 0.000126741
830 0.000101396
831 9.5409e-05
832 7.81109e-05
833 9.30073e-05
834 0.000157244
835 0.000116728
836 0.000103681
837 9.32951e-05
838 9.79118e-05
839 0.000113396
840 6.83135e-05
841 9.53833e-05
842 7.74685e-05
843 0.000123798
844 0.000111997
845 0.000117811
846 8.55487e-05
847 0.000102301
848 9.62381e-05
849 0.000100313
850 0.000140627
851 0.000113342
852 8.72822e-05
853 9.65641e-05
854 0.000105984
855 9.97092e-05
856 8.03392e-05
857 8.81238e-05
858 0.000120882
859 0.000120412
860 0.000101893
861 0.000121054
862 0.000143282
863 9.0842e-05
864 9.75696e-05
865 9.9735e-05
866 0.000115067
867 0.000106994
868 0.000118678
869 9.08677e-05
870 0.00010724
871 0.000114399
872 0.000113836
873 7.61971e-05
874 9.44788e-05
875 8.92531e-05
876 0.000114111
877 0.000102627
878 9.88514e-05
879 9.79118e-05
880 0.000113269
881 8.92951e-05
882 0.00013217
883 0.000103383
884 0.000151456
885 9.2728e-05
886 5.84788e-05
887 7.49688e-05
888 6.97221e-05
889 0.000107655
890 0.000113007
891 0.000121497
892 9.52669e-05
893 0.000100829
894 9.96082e-05
895 6.64531e-05
896 9.13546e-05
897 0.000107067
898 0.000144801
899 8.80856e-05
900 0.000104196
901 0.000108639
902 0.000133912
903 0.000103383
904 8.05859e-05
905 0.000126868
906 8.77979e-05
907 0.000121542
908 0.000126111
909 0.000133523
910 9.78583e-05
911 9.58236e-05
912 0.000122453
913 6.09559e-05
914 9.97979e-05
915 6.37816e-05
916 8.24788e-05
917 8.23263e-05
918 9.93833e-05
919 0.000102805
920 8.99841e-05
921 7.44274e-05
922 0.000112212
923 0.00011902
924 8.41238e-05
925 0.000128829
926 0.000133523
927 0.000105028
928 6.09559e-05
929 8.5523e-05
930 9.32274e-05
931 7.65126e-05
932 9.02634e-05
933 7.89409e-05
934 8.77721e-05
935 0.000135257
936 0.00010714
937 0.0001025
938 7.60703e-05
939 8.10806e-05
940 8.75567e-05
941 0.000109595
942 7.20981e-05
943 8.35101e-05
944 7.92565e-05
945 8.73833e-05
946 0.000139925
947 0.000101523
948 7.63135e-05
949 7.67118e-05
950 0.00011595
951 0.000101938
952 6.74557e-05
953 7.33962e-05
954 0.000103393
955 8.5054e-05
956 9.55567e-05
957 6.88548e-05
958 7.3523e-05
959 9.36429e-05
960 9.29272e-05
961 0.000107899
962 7.48048e-05
963 9.59504e-05
964 0.000105549
965 0.000102011
966 0.000120095
967 7.51422e-05
968 9.15825e-05
969 7.93833e-05
970 7.58989e-05
971 9.21238e-05
972 8.60831e-05
973 8.78236e-05
974 0.000100785
975 0.000111557
976 6.99118e-05
977 0.000123997
978 8.53704e-05
979 0.000112927
980 9.57092e-05
981 9.894e-05
982 7.0842e-05
983 0.000117912
984 8.01962e-05
985 8.55953e-05
986 8.8728e-05
987 9.7523e-05
988 0.000103925
989 5.64403e-05
990 7.60514e-05
991 6.9155e-05
992 0.000101396
993 8.43135e-05
994 8.53704e-05
995 8.86394e-05
996 9.3523e-05
997 8.86394e-05
998 7.71272e-05
999 0
