0 0
1 0.013776
2 0.00651389
3 0.00506943
4 0.00409803
5 0.00362709
6 0.00313393
7 0.00266286
8 0.00230386
9 0.0021481
10 0.00174869
11 0.00187604
12 0.00181122
13 0.00169615
14 0.00159039
15 0.0014755
16 0.00139287
17 0.00150133
18 0.00130587
19 0.00120574
20 0.00125291
21 0.00118933
22 0.00115829
23 0.00120713
24 0.00107774
25 0.00106699
26 0.00106015
27 0.00100587
28 0.00104386
29 0.000992272
30 0.000959757
31 0.00092221
32 0.000884586
33 0.000888915
34 0.000917997
35 0.00091957
36 0.000842928
37 0.000780086
38 0.000773744
39 0.000791858
40 0.000879782
41 0.000732915
42 0.000805528
43 0.00070037
44 0.000829202
45 0.000776687
46 0.000635029
47 0.0007045
48 0.000598487
49 0.000578513
50 0.000666686
51 0.000607985
52 0.0006725
53 0.000635858
54 0.000648814
55 0.000673557
56 0.000642285
57 0.000600728
58 0.000574386
59 0.000599956
60 0.000570386
61 0.000615858
62 0.000650979
63 0.000515443
64 0.000520754
65 0.000569342
66 0.000544158
67 0.000610513
68 0.000545329
69 0.000483443
70 0.000577168
71 0.000493583
72 0.000557456
73 0.000470513
74 0.000409042
75 0.000560915
76 0.000491782
77 0.000503997
78 0.000510902
79 0.000509557
80 0.00045371
81 0.000515985
82 0.0004502
83 0.000511697
84 0.000407029
85 0.000451181
86 0.000461168
87 0.000408158
88 0.000461557
89 0.000470686
90 0.000479282
91 0.000492725
92 0.00047957
93 0.000320627
94 0.000389836
95 0.000471435
96 0.000497269
97 0.000441042
98 0.000433114
99 0.000410124
100 0.000415257
101 0.0004262
102 0.000475443
103 0.000432383
104 0.000367456
105 0.000395443
106 0.000436373
107 0.000424627
108 0.000393684
109 0.000381655
110 0.000325684
111 0.000392111
112 0.000386073
113 0.000309684
114 0.000412137
115 0.000406902
116 0.000448086
117 0.000406098
118 0.000313557
119 0.000360086
120 0.000427723
121 0.000318036
122 0.000395029
123 0.000368399
124 0.000325114
125 0.000359316
126 0.000285016
127 0.000356264
128 0.000288754
129 0.000277143
130 0.000327308
131 0.000342073
132 0.000353583
133 0.000342298
134 0.000311456
135 0.000334813
136 0.000368086
137 0.000360754
138 0.000347155
139 0.000381583
140 0.000348779
141 0.000345042
142 0.000332601
143 0.000317684
144 0.000407671
145 0.000307896
146 0.000303155
147 0.000343798
148 0.000381782
149 0.000353557
150 0.00027801
151 0.000317042
152 0.000311681
153 0.000321143
154 0.000382614
155 0.000331544
156 0.00035957
157 0.000320725
158 0.000270487
159 0.00025913
160 0.000340627
161 0.000301168
162 0.000318513
163 0.000304906
164 0.000295029
165 0.0002702
166 0.000301756
167 0.000223257
168 0.00029771
169 0.00026664
170 0.000269295
171 0.000283798
172 0.000329845
173 0.000283697
174 0.000297997
175 0.000276728
176 0.000249042
177 0.000292412
178 0.000286352
179 0.000300728
180 0.000313997
181 0.000251824
182 0.000279329
183 0.000332185
184 0.000275282
185 0.000291697
186 0.000306424
187 0.000308754
188 0.00022943
189 0.000338098
190 0.000298614
191 0.000281883
192 0.000316953
193 0.000269215
194 0.000247671
195 0.000246352
196 0.000249168
197 0.000232627
198 0.000255207
199 0.000224728
200 0.000237269
201 0.000254741
202 0.000252728
203 0.000237342
204 0.000330225
205 0.000296779
206 0.000192754
207 0.000294652
208 0.000275427
209 0.000275282
210 0.000247536
211 0.000354741
212 0.000227772
213 0.000224111
214 0.000233984
215 0.0002782
216 0.000217168
217 0.000275723
218 0.000289972
219 0.00018044
220 0.000243029
221 0.000215041
222 0.000245295
223 0.000263155
224 0.000225857
225 0.000241168
226 0.000286715
227 0.000234497
228 0.000217042
229 0.000239282
230 0.000330098
231 0.000248386
232 0.000249016
233 0.000211308
234 0.000285143
235 0.000234741
236 0.000205583
237 0.000239671
238 0.000271697
239 0.00024971
240 0.000232339
241 0.000264466
242 0.000264627
243 0.00025157
244 0.000224855
245 0.000219943
246 0.000256339
247 0.000259093
248 0.000200339
249 0.000215456
250 0.000251101
251 0.000245342
252 0.000192754
253 0.00019294
254 0.000197811
255 0.000246301
256 0.000231798
257 0.000207155
258 0.000323642
259 0.000233269
260 0.000264187
261 0.000215743
262 0.00021938
263 0.000255544
264 0.000223671
265 0.000216754
266 0.000212111
267 0.000213557
268 0.000272653
269 0.000219155
270 0.000221684
271 0.000208514
272 0.000202098
273 0.000189422
274 0.000202614
275 0.0001982
276 0.000255257
277 0.000190868
278 0.000209811
279 0.000235355
280 0.000176855
281 0.000212187
282 0.000244725
283 0.000213836
284 0.000169143
285 0.000223697
286 0.000187282
287 0.00020395
288 0.000188728
289 0.000198551
290 0.000257857
291 0.000228927
292 0.000189595
293 0.000172728
294 0.000219155
295 0.000182225
296 0.000172313
297 0.000168386
298 0.000260855
299 0.000200212
300 0.000189152
301 0.000181269
302 0.000177684
303 0.000184412
304 0.000196111
305 0.000229735
306 0.000151257
307 0.000223054
308 0.000213845
309 0.000235155
310 0.000184023
311 0.000211282
312 0.000168728
313 0.000181836
314 0.000187481
315 0.000166225
316 0.000225912
317 0.000186614
318 0.000208212
319 0.000189684
320 0.0002045
321 0.000130326
322 0.000246767
323 0.000231723
324 0.000223697
325 0.000188979
326 0.000146036
327 0.000214326
328 0.000162767
329 0.000215782
330 0.000156187
331 0.000246098
332 0.000172032
333 0.000219282
334 0.000196285
335 0.000227697
336 0.000188513
337 0.000185143
338 0.00017813
339 0.00017644
340 0.000161469
341 0.000177367
342 0.000175282
343 0.000212827
344 0.000146969
345 0.000180953
346 0.000140728
347 0.000225883
348 0.000157007
349 0.000189269
350 0.00017113
351 0.000185912
352 0.000127155
353 0.000185126
354 0.000162399
355 0.000178073
356 0.000167155
357 0.00017133
358 0.000209295
359 0.000125883
360 0.000172852
361 0.000192339
362 0.000146424
363 0.000182741
364 0.000196313
365 0.000174251
366 0.000134715
367 0.000190082
368 0.000148313
369 0.000191656
370 0.000156538
371 0.000152313
372 0.000205054
373 0.000150111
374 0.000161912
375 0.000171308
376 0.000158842
377 0.000198839
378 0.000157938
379 0.000131772
380 0.000158326
381 0.000139282
382 0.0002102
383 0.000158326
384 0.000140513
385 0.000119798
386 0.000182352
387 0.000246767
388 0.000198893
389 0.000136111
390 0.000184754
391 0.000161126
392 0.000183798
393 0.000147409
394 0.00012137
395 0.000198073
396 0.000154326
397 0.000143528
398 0.000207257
399 0.000175409
400 0.000134614
401 0.000181143
402 0.000223671
403 0.0001422
404 0.000160339
405 0.000179282
406 0.000150878
407 0.000145033
408 0.000172313
409 0.000175383
410 0.000163772
411 0.0001742
412 0.000162098
413 0.000138868
414 0.000179257
415 0.000172313
416 0.000160653
417 0.000180187
418 0.0001702
419 0.000155671
420 0.000165857
421 0.000179355
422 0.000151155
423 0.0001765
424 0.000180339
425 0.000158614
426 0.000183744
427 0.000143824
428 0.000119798
429 0.000158966
430 0.000109342
431 0.000165443
432 0.000160639
433 0.000195409
434 0.000151481
435 0.000182614
436 0.000167671
437 0.000145523
438 0.000172754
439 0.000173658
440 0.000155481
441 0.000153984
442 0.00019717
443 0.000168339
444 0.000152728
445 0.000139997
446 0.000152492
447 0.000167896
448 0.000167355
449 0.000141105
450 0.000170741
451 0.000155383
452 0.000125269
453 0.000137785
454 0.000146895
455 0.000165836
456 0.000147155
457 0.000176212
458 0.000130326
459 0.000167383
460 0.000150525
461 0.000198814
462 0.000139925
463 0.000119067
464 0.000163257
465 0.000149244
466 0.000182352
467 0.000170767
468 0.000111409
469 0.000129443
470 0.000138263
471 0.000162792
472 0.000139772
473 0.000132728
474 0.000160627
475 0.000133269
476 0.000169469
477 0.000166399
478 0.000170624
479 0.000126599
480 0.000133658
481 0.000106652
482 0.000133583
483 0.000158501
484 0.000138994
485 0.000144212
486 0.000170842
487 0.000160323
488 0.0001285
489 0.000130715
490 0.000154741
491 0.000167899
492 0.000143772
493 0.00018787
494 0.000152855
495 0.000195899
496 0.000166298
497 0.0001582
498 0.000167155
499 0.000184098
500 0.000110868
501 0.000139671
502 0.000113168
503 0.000139716
504 0.000173883
505 0.000151194
506 0.00015409
507 0.000133317
508 0.00015708
509 0.000135282
510 0.000113206
511 0.00016694
512 0.000149469
513 0.00018201
514 0.000138914
515 0.000130301
516 0.000156881
517 0.000180212
518 0.000151155
519 0.000154073
520 0.000120829
521 0.000184339
522 9.46266e-05
523 0.000138062
524 0.000151925
525 0.000160212
526 0.000173785
527 0.000116881
528 0.000183358
529 0.000118577
530 0.000117269
531 0.000132098
532 0.000133269
533 0.000143383
534 0.000139456
535 0.000179113
536 0.000134352
537 0.000118399
538 0.000121912
539 0.000190776
540 0.00012908
541 0.000137909
542 0.000100728
543 0.000107582
544 0.000110225
545 0.0001182
546 0.000150273
547 0.000170914
548 0.000114996
549 0.000155456
550 0.000131798
551 7.49152e-05
552 0.000128728
553 0.000131671
554 0.000129541
555 0.000131383
556 0.000111925
557 0.000146842
558 0.000148982
559 0.000123257
560 0.000165811
561 0.000110741
562 0.000111971
563 0.000145836
564 0.000135557
565 0.00018602
566 0.000122326
567 0.000123409
568 0.000121884
569 0.000161938
570 0.000117469
571 0.000108023
572 0.000139076
573 0.000110301
574 0.000157143
575 0.000119257
576 0.000107257
577 0.000158551
578 0.000120855
579 0.000137269
580 0.000123997
581 0.000119925
582 0.000123435
583 0.000112601
584 0.000144881
585 0.00016313
586 0.000131772
587 0.000136829
588 0.000151671
589 0.000136881
590 0.000125143
591 0.000109785
592 0.000116466
593 0.000145295
594 0.000108728
595 0.000107067
596 0.000159013
597 0.000125984
598 0.000149684
599 0.000136098
600 0.0001702
601 0.000165857
602 0.000124601
603 0.000102551
604 9.96082e-05
605 0.000157684
606 0.000167257
607 9.92565e-05
608 0.000131457
609 0.000119355
610 0.000118868
611 0.000127871
612 9.80728e-05
613 0.000115899
614 0.00012937
615 0.000101422
616 0.0001025
617 0.000112737
618 0.000119671
619 0.000135671
620 0.000133938
621 0.00014844
622 0.0001065
623 0.000105269
624 0.000123608
625 0.000142678
626 7.58989e-05
627 0.000116829
628 0.000127871
629 0.000100513
630 0.000167896
631 0.000156212
632 0.000131798
633 9.40565e-05
634 0.000113912
635 0.000123194
636 7.99504e-05
637 0.000135093
638 0.000104773
639 0.000109269
640 0.000109785
641 0.000125884
642 0.000114652
643 0.000133269
644 9.13833e-05
645 0.000122352
646 0.000150235
647 9.58236e-05
648 0.000148187
649 0.000102994
650 0.000120881
651 9.93833e-05
652 0.000116754
653 0.000146767
654 0.000155456
655 0.000132196
656 0.000107409
657 0.000123656
658 0.000107409
659 0.000130326
660 0.00015195
661 9.74685e-05
662 0.000135798
663 0.000121422
664 8.39979e-05
665 0.000122225
666 0.00010713
667 0.000113883
668 0.000137321
669 0.000130453
670 0.000157054
671 0.0001182
672 0.000111925
673 0.00011524
674 0.000106842
675 0.000127257
676 0.000153642
677 6.24998e-05
678 0.000128339
679 0.000137696
680 0.0001142
681 0.00013494
682 0.000103456
683 9.57721e-05
684 9.97979e-05
685 0.000157108
686 0.000107194
687 0.000134039
688 8.05383e-05
689 9.65383e-05
690 0.000147435
691 0.000106057
692 0.000150326
693 0.000128514
694 0.000107456
695 0.000128212
696 0.000142941
697 0.000147155
698 0.000106299
699 0.000119709
700 0.000103824
701 0.000110479
702 9.15071e-05
703 0.000113811
704 8.88805e-05
705 0.000117912
706 0.0001622
707 0.000109054
708 0.00012201
709 0.000101523
710 0.000102868
711 8.50549e-05
712 0.000116801
713 0.000112852
714 7.68386e-05
715 0.000113269
716 8.18107e-05
717 0.000103041
718 9.93576e-05
719 0.000128728
720 0.000120313
721 0.000106868
722 0.000121684
723 7.68548e-05
724 0.000111282
725 8.79246e-05
726 0.000134352
727 0.000124636
728 8.89272e-05
729 5.17979e-05
730 0.000136365
731 0.000114111
732 0.000155899
733 8.93962e-05
734 6.08291e-05
735 0.000117516
736 0.000124881
737 0.000105938
738 9.55358e-05
739 9.56711e-05
740 0.000113269
741 0.000126111
742 0.000138792
743 0.000124466
744 0.000115656
745 0.000143067
746 0.000153857
747 0.00010044
748 0.000116801
749 0.000123899
750 0.000110614
751 0.0001182
752 0.000103554
753 0.00015102
754 9.61238e-05
755 0.000117396
756 0.000138842
757 9.40108e-05
758 0.000125396
759 0.000114137
760 0.000107456
761 0.000107772
762 9.68386e-05
763 0.000134868
764 0.000144023
765 0.000129007
766 0.000106994
767 0.000135671
768 0.000121007
769 9.84531e-05
770 0.000118725
771 8.9785e-05
772 0.000111798
773 0.000113396
774 0.000139899
775 0.000111782
776 0.000117443
777 0.000116222
778 0.000138726
779 8.77979e-05
780 0.000135925
781 0.000113295
782 0.000117269
783 0.000105054
784 0.000116313
785 9.9409e-05
786 0.000142399
787 0.000101794
788 0.000112365
789 0.000111798
790 0.000125836
791 0.000126627
792 6.8728e-05
793 0.000107681
794 9.68291e-05
795 0.000100513
796 8.49272e-05
797 0.000118525
798 0.000136212
799 0.000124365
800 8.03858e-05
801 0.000113396
802 0.000133912
803 0.000140855
804 9.95101e-05
805 6.20386e-05
806 0.000145549
807 0.000106301
808 0.000127798
809 0.000109984
810 0.000103772
811 0.000103093
812 9.1409e-05
813 0.000107383
814 8.33576e-05
815 0.000100403
816 0.000120297
817 0.000133757
818 0.000128313
819 0.000120627
820 9.65859e-05
821 0.000119798
822 0.000112339
823 0.00010351
824 0.000103997
825 9.46523e-05
826 0.000112111
827 8.83135e-05
828 7.43263e-05
829 0.000110725
830 7.6466e-05
831 9.2728e-05
832 0.000121785
833 0.000133684
834 8.43392e-05
835 0.000107671
836 8.04116e-05
837 0.000122551
838 9.37024e-05
839 7.97721e-05
840 0.000108339
841 0.000104855
842 7.58454e-05
843 7.3054e-05
844 5.80108e-05
845 0.000134966
846 0.000122525
847 9.34219e-05
848 7.60981e-05
849 0.000105269
850 8.15953e-05
851 8.55696e-05
852 0.000114826
853 0.000134111
854 0.000117811
855 0.000110111
856 0.000101396
857 9.28805e-05
858 9.32531e-05
859 0.000129912
860 7.74219e-05
861 0.000136313
862 0.000105269
863 0.000115067
864 8.99841e-05
865 0.000101269
866 8.69688e-05
867 0.000142893
868 9.94566e-05
869 8.65512e-05
870 0.000111041
871 0.000106112
872 8.38236e-05
873 0.000122715
874 9.97979e-05
875 0.000106326
876 0.000157396
877 0.000114399
878 8.65255e-05
879 0.000108313
880 9.92565e-05
881 7.5997e-05
882 7.75696e-05
883 9.89143e-05
884 0.000118137
885 8.95953e-05
886 7.55443e-05
887 9.63649e-05
888 9.18711e-05
889 9.81996e-05
890 8.5054e-05
891 9.09688e-05
892 8.83392e-05
893 0.000109244
894 9.81367e-05
895 9.61238e-05
896 9.61113e-05
897 0.000133042
898 8.77092e-05
899 8.94685e-05
900 6.84403e-05
901 9.92565e-05
902 9.0842e-05
903 8.88805e-05
904 0.000118969
905 9.41996e-05
906 0.000107997
907 0.000129785
908 8.88548e-05
909 8.11808e-05
910 9.36771e-05
911 0.00011875
912 0.000130326
913 9.28386e-05
914 0.000109614
915 9.83521e-05
916 9.29816e-05
917 7.34685e-05
918 7.72694e-05
919 0.000104098
920 0.000105785
921 9.6728e-05
922 5.76964e-05
923 0.000131456
924 0.000105497
925 9.65383e-05
926 7.73704e-05
927 0.000114058
928 8.9642e-05
929 0.000114326
930 0.000127601
931 8.36835e-05
932 0.000114741
933 0.00011894
934 8.96582e-05
935 8.0466e-05
936 9.4842e-05
937 9.28643e-05
938 8.05478e-05
939 9.18073e-05
940 8.83392e-05
941 7.92565e-05
942 7.79118e-05
943 9.79118e-05
944 0.000105912
945 8.11808e-05
946 8.34557e-05
947 0.000102994
948 5.71426e-05
949 0.000104466
950 7.79118e-05
951 0.000105541
952 0.000103671
953 7.33542e-05
954 9.04274e-05
955 8.27152e-05
956 9.68805e-05
957 9.8842e-05
958 9.67641e-05
959 9.83263e-05
960 0.000109422
961 0.000103282
962 0.00010787
963 6.13704e-05
964 7.98989e-05
965 0.00012108
966 7.95825e-05
967 8.1155e-05
968 7.40386e-05
969 9.29816e-05
970 6.2842e-05
971 0.000111971
972 9.97979e-05
973 0.000101367
974 6.9054e-05
975 9.72951e-05
976 0.000100737
977 8.33833e-05
978 0.000109102
979 0.000101143
980 9.83263e-05
981 8.59375e-05
982 9.8842e-05
983 0.000111925
984 7.7785e-05
985 8.54951e-05
986 0.000108212
987 0.000119899
988 8.99118e-05
989 0.000127168
990 0.000109658
991 7.81842e-05
992 6.90797e-05
993 7.72437e-05
994 7.23392e-05
995 9.45512e-05
996 8.80236e-05
997 9.15825e-05
998 0.000108665
999 0
