0 0
1 2.8e-06
2 6.16e-06
3 9e-06
4 9.55841e-06
5 1.116e-05
6 1.32392e-05
7 1.38776e-05
8 1.35168e-05
9 1.45968e-05
10 1.45976e-05
11 1.41148e-05
12 1.39932e-05
13 1.22352e-05
14 1.11144e-05
15 1.27948e-05
16 1.17156e-05
17 1.07152e-05
18 1.05152e-05
19 1.10344e-05
20 1.20364e-05
21 1.10372e-05
22 1.13909e-05
23 1.03912e-05
24 1.01572e-05
25 9.91483e-06
26 1.07944e-05
27 1.0792e-05
28 9.11523e-06
29 9.47045e-06
30 9.47522e-06
31 9.51483e-06
32 8.83284e-06
33 9.27284e-06
34 7.99563e-06
35 8.91443e-06
36 8.31284e-06
37 7.91324e-06
38 7.82886e-06
39 7.95244e-06
40 7.91443e-06
41 8.11244e-06
42 7.75363e-06
43 7.71523e-06
44 6.63323e-06
45 7.54926e-06
46 7.63483e-06
47 7.39046e-06
48 6.95085e-06
49 7.63204e-06
50 7.11483e-06
51 6.71363e-06
52 6.87085e-06
53 6.63602e-06
54 6.46966e-06
55 7.19205e-06
56 7.11324e-06
57 6.75244e-06
58 5.59126e-06
59 5.99245e-06
60 6.99284e-06
61 6.27284e-06
62 6.59602e-06
63 5.83165e-06
64 5.99244e-06
65 5.87085e-06
66 5.91404e-06
67 6.35166e-06
68 5.79284e-06
69 6.03364e-06
70 6.31008e-06
71 5.51602e-06
72 5.35364e-06
73 5.71284e-06
74 5.79245e-06
75 5.75165e-06
76 4.67562e-06
77 5.95364e-06
78 5.27563e-06
79 5.31324e-06
80 4.83364e-06
81 5.55124e-06
82 5.07085e-06
83 5.43204e-06
84 4.99363e-06
85 4.79324e-06
86 5.98927e-06
87 4.95085e-06
88 5.07603e-06
89 4.95244e-06
90 4.87523e-06
91 4.79602e-06
92 5.19007e-06
93 4.71365e-06
94 4.27761e-06
95 4.39403e-06
96 4.71284e-06
97 3.91245e-06
98 4.35403e-06
99 5.03324e-06
100 3.95522e-06
101 5.18966e-06
102 4.51363e-06
103 4.31444e-06
104 4.15443e-06
105 4.34967e-06
106 3.63523e-06
107 4.35364e-06
108 4.43205e-06
109 4.07444e-06
110 4.51522e-06
111 3.39443e-06
112 3.95363e-06
113 4.19444e-06
114 4.27523e-06
115 5.15245e-06
116 4.67404e-06
117 4.87364e-06
118 4.07522e-06
119 3.91204e-06
120 4.35443e-06
121 3.87245e-06
122 3.95085e-06
123 4.59125e-06
124 4.71325e-06
125 4.39443e-06
126 3.31165e-06
127 4.27403e-06
128 4.07284e-06
129 4.11166e-06
130 3.55405e-06
131 4.23285e-06
132 4.03165e-06
133 3.99403e-06
134 3.83602e-06
135 3.87205e-06
136 3.35483e-06
137 3.75443e-06
138 3.63523e-06
139 3.11443e-06
140 4.03523e-06
141 4.43443e-06
142 3.83523e-06
143 4.27165e-06
144 3.43324e-06
145 4.31483e-06
146 3.51324e-06
147 3.27365e-06
148 2.79602e-06
149 4.11164e-06
150 3.15364e-06
151 3.47245e-06
152 4.03244e-06
153 3.43285e-06
154 2.91523e-06
155 4.39165e-06
156 3.67403e-06
157 4.03363e-06
158 3.63284e-06
159 2.99404e-06
160 3.98927e-06
161 3.31206e-06
162 2.67602e-06
163 3.67284e-06
164 3.19206e-06
165 3.43166e-06
166 2.91602e-06
167 3.75047e-06
168 3.27403e-06
169 3.31364e-06
170 3.27284e-06
171 3.67403e-06
172 3.51483e-06
173 3.47364e-06
174 3.31563e-06
175 3.51245e-06
176 3.35324e-06
177 3.35483e-06
178 3.43166e-06
179 2.95562e-06
180 3.07404e-06
181 3.31245e-06
182 3.63523e-06
183 3.38966e-06
184 3.67563e-06
185 3.19285e-06
186 3.43523e-06
187 2.79205e-06
188 3.51009e-06
189 3.5469e-06
190 3.83206e-06
191 3.67165e-06
192 3.43563e-06
193 2.83523e-06
194 2.83126e-06
195 2.95285e-06
196 2.59483e-06
197 2.87324e-06
198 2.63484e-06
199 3.43403e-06
200 2.63524e-06
201 2.95483e-06
202 3.19247e-06
203 3.07483e-06
204 3.43563e-06
205 3.35443e-06
206 3.15166e-06
207 2.59364e-06
208 3.19126e-06
209 3.19284e-06
210 2.91166e-06
211 3.07483e-06
212 2.83484e-06
213 2.75523e-06
214 3.30492e-06
215 2.67325e-06
216 3.07603e-06
217 2.27721e-06
218 3.15404e-06
219 2.83007e-06
220 2.87051e-06
221 2.59602e-06
222 2.55682e-06
223 2.51642e-06
224 3.51204e-06
225 2.87563e-06
226 2.75484e-06
227 3.75165e-06
228 3.03522e-06
229 2.91483e-06
230 2.83404e-06
231 2.87324e-06
232 2.55602e-06
233 2.79207e-06
234 2.95364e-06
235 2.67642e-06
236 2.47523e-06
237 2.75483e-06
238 3.11205e-06
239 2.11523e-06
240 2.11126e-06
241 2.63443e-06
242 3.03522e-06
243 2.19682e-06
244 2.67403e-06
245 2.75403e-06
246 3.43126e-06
247 2.59284e-06
248 2.19324e-06
249 2.55562e-06
250 2.51603e-06
251 2.91403e-06
252 2.63444e-06
253 2.59523e-06
254 2.83284e-06
255 3.07286e-06
256 2.55841e-06
257 2.11284e-06
258 2.59523e-06
259 2.71643e-06
260 2.47443e-06
261 3.07046e-06
262 2.63443e-06
263 3.15047e-06
264 2.79126e-06
265 2.31325e-06
266 3.11364e-06
267 2.55443e-06
268 2.43324e-06
269 2.39443e-06
270 2.47563e-06
271 1.99523e-06
272 3.5085e-06
273 2.90807e-06
274 2.51483e-06
275 2.63364e-06
276 3.23048e-06
277 2.43364e-06
278 2.43404e-06
279 2.75285e-06
280 1.67761e-06
281 2.75721e-06
282 2.55365e-06
283 2.35523e-06
284 2.55602e-06
285 2.55722e-06
286 2.11762e-06
287 2.71444e-06
288 2.63444e-06
289 2.03602e-06
290 2.11642e-06
291 2.35563e-06
292 2.67443e-06
293 2.59404e-06
294 2.63364e-06
295 2.55325e-06
296 2.35206e-06
297 2.71364e-06
298 2.47245e-06
299 1.91246e-06
300 2.15523e-06
301 1.67563e-06
302 2.39324e-06
303 2.63205e-06
304 2.47483e-06
305 2.03642e-06
306 2.91168e-06
307 2.67443e-06
308 2.23642e-06
309 2.27443e-06
310 2.51167e-06
311 2.51563e-06
312 2.15483e-06
313 2.91403e-06
314 2.35087e-06
315 2.71244e-06
316 2.27642e-06
317 2.23443e-06
318 2.07563e-06
319 2.67048e-06
320 2.43365e-06
321 2.55126e-06
322 2.19444e-06
323 2.67245e-06
324 2.39404e-06
325 2.51564e-06
326 2.07563e-06
327 1.87563e-06
328 2.43284e-06
329 2.03404e-06
330 1.99682e-06
331 2.27602e-06
332 2.19444e-06
333 2.39443e-06
334 2.11324e-06
335 2.07444e-06
336 2.23364e-06
337 2.15722e-06
338 2.27523e-06
339 2.39642e-06
340 2.11642e-06
341 2.71285e-06
342 2.87284e-06
343 1.87602e-06
344 2.23284e-06
345 2.11404e-06
346 1.79484e-06
347 1.87444e-06
348 1.99682e-06
349 2.59404e-06
350 1.87523e-06
351 2.19642e-06
352 2.15288e-06
353 2.23366e-06
354 1.95443e-06
355 2.51443e-06
356 2.11325e-06
357 2.23524e-06
358 2.51325e-06
359 2.31366e-06
360 1.95285e-06
361 2.31284e-06
362 2.19682e-06
363 1.71365e-06
364 2.19244e-06
365 2.11364e-06
366 2.67364e-06
367 1.87642e-06
368 2.59364e-06
369 2.07523e-06
370 2.11364e-06
371 1.87523e-06
372 1.75404e-06
373 1.47682e-06
374 2.35366e-06
375 2.59086e-06
376 1.67563e-06
377 2.03523e-06
378 1.95483e-06
379 1.59484e-06
380 2.31404e-06
381 2.55007e-06
382 2.07364e-06
383 2.43364e-06
384 1.87245e-06
385 1.39484e-06
386 2.19404e-06
387 1.99643e-06
388 2.15285e-06
389 1.99523e-06
390 1.75603e-06
391 2.19642e-06
392 2.39364e-06
393 2.39483e-06
394 2.19405e-06
395 2.07563e-06
396 1.55483e-06
397 2.07483e-06
398 1.95208e-06
399 1.51446e-06
400 2.19205e-06
401 2.15365e-06
402 1.75642e-06
403 1.95642e-06
404 2.07286e-06
405 2.43403e-06
406 2.03365e-06
407 2.43247e-06
408 1.95642e-06
409 1.91166e-06
410 1.91366e-06
411 2.11563e-06
412 1.95484e-06
413 2.31286e-06
414 2.3509e-06
415 1.75403e-06
416 2.11602e-06
417 1.79405e-06
418 2.19444e-06
419 2.19206e-06
420 1.51523e-06
421 1.71444e-06
422 1.67602e-06
423 1.59602e-06
424 2.03325e-06
425 1.91404e-06
426 1.71325e-06
427 1.99444e-06
428 2.23405e-06
429 2.39048e-06
430 2.03326e-06
431 2.03483e-06
432 1.59364e-06
433 1.55603e-06
434 1.63405e-06
435 1.79563e-06
436 2.15444e-06
437 1.67365e-06
438 2.27444e-06
439 1.95364e-06
440 1.91404e-06
441 1.83445e-06
442 1.83404e-06
443 1.59403e-06
444 1.63484e-06
445 2.19403e-06
446 2.15523e-06
447 2.27563e-06
448 1.87522e-06
449 1.59208e-06
450 1.71642e-06
451 1.63722e-06
452 2.03364e-06
453 1.79444e-06
454 1.87325e-06
455 1.75563e-06
456 1.67403e-06
457 2.15524e-06
458 1.59602e-06
459 2.11485e-06
460 1.91366e-06
461 1.79445e-06
462 2.07483e-06
463 1.95364e-06
464 1.51444e-06
465 1.55523e-06
466 1.71325e-06
467 1.67323e-06
468 1.87484e-06
469 1.87246e-06
470 1.55563e-06
471 1.51603e-06
472 1.75364e-06
473 1.67444e-06
474 1.79404e-06
475 1.79365e-06
476 1.79683e-06
477 1.99483e-06
478 1.79484e-06
479 1.83328e-06
480 2.07205e-06
481 1.95404e-06
482 1.67563e-06
483 1.59682e-06
484 1.43563e-06
485 2.15364e-06
486 1.55444e-06
487 2.03444e-06
488 1.67523e-06
489 1.99444e-06
490 1.71405e-06
491 1.99285e-06
492 1.71721e-06
493 1.83286e-06
494 1.47563e-06
495 1.87285e-06
496 1.39643e-06
497 2.07562e-06
498 2.07443e-06
499 1.75406e-06
500 1.83167e-06
501 1.63642e-06
502 2.3081e-06
503 1.75524e-06
504 1.43404e-06
505 1.59444e-06
506 1.83642e-06
507 1.95245e-06
508 1.87324e-06
509 1.91443e-06
510 1.95444e-06
511 1.67563e-06
512 1.99523e-06
513 1.63247e-06
514 1.15446e-06
515 1.99602e-06
516 1.67723e-06
517 1.91406e-06
518 1.83364e-06
519 2.03007e-06
520 1.74929e-06
521 2.26928e-06
522 1.91443e-06
523 1.23524e-06
524 1.63364e-06
525 2.03522e-06
526 1.67563e-06
527 1.67008e-06
528 1.23761e-06
529 1.79286e-06
530 1.47603e-06
531 1.59563e-06
532 2.03642e-06
533 2.03325e-06
534 1.31682e-06
535 1.63167e-06
536 1.75721e-06
537 1.31642e-06
538 1.99404e-06
539 1.59523e-06
540 1.59245e-06
541 1.75364e-06
542 1.39444e-06
543 1.75165e-06
544 1.51602e-06
545 1.95366e-06
546 1.63761e-06
547 1.23761e-06
548 2.23444e-06
549 1.55364e-06
550 1.87405e-06
551 2.07365e-06
552 1.47602e-06
553 1.59563e-06
554 2.15088e-06
555 1.55643e-06
556 1.63404e-06
557 1.55682e-06
558 1.75444e-06
559 1.91366e-06
560 1.55483e-06
561 1.67365e-06
562 1.67366e-06
563 1.99603e-06
564 1.63365e-06
565 1.51602e-06
566 1.39563e-06
567 1.79562e-06
568 1.39523e-06
569 1.59327e-06
570 1.91206e-06
571 1.47602e-06
572 1.91167e-06
573 1.43602e-06
574 2.23245e-06
575 1.75523e-06
576 1.95523e-06
577 1.47484e-06
578 1.79404e-06
579 2.07444e-06
580 1.55762e-06
581 1.39602e-06
582 1.59444e-06
583 1.71324e-06
584 1.35564e-06
585 1.35364e-06
586 1.39327e-06
587 1.63523e-06
588 1.51404e-06
589 1.39523e-06
590 1.75325e-06
591 1.51721e-06
592 1.39563e-06
593 1.63444e-06
594 1.27565e-06
595 2.19325e-06
596 1.95048e-06
597 1.39563e-06
598 1.27563e-06
599 1.95286e-06
600 1.39563e-06
601 1.71563e-06
602 1.71287e-06
603 1.27563e-06
604 1.35563e-06
605 1.23683e-06
606 1.67602e-06
607 1.43404e-06
608 1.23603e-06
609 1.79523e-06
610 1.71602e-06
611 1.51604e-06
612 1.83365e-06
613 1.63602e-06
614 1.59523e-06
615 1.75087e-06
616 1.55444e-06
617 1.19682e-06
618 1.67762e-06
619 1.87564e-06
620 1.75563e-06
621 1.31209e-06
622 1.23405e-06
623 1.43364e-06
624 1.39603e-06
625 1.87169e-06
626 1.63602e-06
627 1.39286e-06
628 1.95443e-06
629 1.47483e-06
630 2.11127e-06
631 2.11485e-06
632 1.31286e-06
633 1.47643e-06
634 1.59483e-06
635 1.55127e-06
636 1.43325e-06
637 1.27523e-06
638 1.27564e-06
639 1.31524e-06
640 1.23325e-06
641 1.47365e-06
642 1.39325e-06
643 1.51643e-06
644 2.23285e-06
645 1.59445e-06
646 1.23367e-06
647 1.31485e-06
648 1.07642e-06
649 1.83007e-06
650 1.63642e-06
651 1.79247e-06
652 1.07682e-06
653 1.39444e-06
654 1.19366e-06
655 1.19444e-06
656 1.67207e-06
657 1.83483e-06
658 1.7113e-06
659 1.99206e-06
660 1.71484e-06
661 1.27801e-06
662 1.31643e-06
663 1.67245e-06
664 1.55602e-06
665 1.27443e-06
666 1.67324e-06
667 1.43523e-06
668 1.15444e-06
669 1.51287e-06
670 1.31444e-06
671 1.99244e-06
672 1.67365e-06
673 1.63325e-06
674 1.43563e-06
675 1.39603e-06
676 1.87166e-06
677 1.55445e-06
678 1.47642e-06
679 1.27406e-06
680 1.67167e-06
681 1.79126e-06
682 1.39245e-06
683 1.91287e-06
684 1.47364e-06
685 1.75166e-06
686 1.70968e-06
687 1.55364e-06
688 1.43563e-06
689 1.71245e-06
690 1.83483e-06
691 1.31247e-06
692 1.27483e-06
693 7.9801e-07
694 1.51483e-06
695 1.27562e-06
696 1.15761e-06
697 1.43682e-06
698 1.15483e-06
699 1.35444e-06
700 1.51286e-06
701 1.67364e-06
702 1.55524e-06
703 1.51325e-06
704 1.55246e-06
705 1.43366e-06
706 1.35444e-06
707 1.79444e-06
708 1.23483e-06
709 1.23485e-06
710 1.47443e-06
711 1.31721e-06
712 1.11682e-06
713 1.51405e-06
714 1.59284e-06
715 1.19721e-06
716 1.27444e-06
717 1.51126e-06
718 1.47563e-06
719 1.43404e-06
720 1.47366e-06
721 1.03563e-06
722 1.63563e-06
723 1.27405e-06
724 1.51444e-06
725 1.75484e-06
726 1.59128e-06
727 1.15683e-06
728 1.50888e-06
729 1.67405e-06
730 1.91443e-06
731 1.31801e-06
732 1.55325e-06
733 9.97214e-07
734 1.47642e-06
735 1.11682e-06
736 1.39444e-06
737 1.35602e-06
738 1.31325e-06
739 1.43483e-06
740 1.27602e-06
741 1.19604e-06
742 1.11682e-06
743 1.19604e-06
744 1.27366e-06
745 1.71485e-06
746 9.95634e-07
747 1.63484e-06
748 1.59167e-06
749 1.47485e-06
750 1.63366e-06
751 1.79285e-06
752 1.63326e-06
753 1.19523e-06
754 1.39603e-06
755 1.31525e-06
756 1.35563e-06
757 1.31523e-06
758 1.51405e-06
759 1.27563e-06
760 1.19602e-06
761 1.23484e-06
762 1.55563e-06
763 1.35643e-06
764 1.31643e-06
765 9.57214e-07
766 1.75245e-06
767 8.7682e-07
768 1.51486e-06
769 1.83523e-06
770 1.43762e-06
771 1.19364e-06
772 1.71602e-06
773 1.55484e-06
774 1.91049e-06
775 1.39049e-06
776 1.39288e-06
777 9.17214e-07
778 1.63323e-06
779 1.19683e-06
780 1.67484e-06
781 1.63523e-06
782 1.51364e-06
783 1.27563e-06
784 1.67284e-06
785 1.35325e-06
786 1.07642e-06
787 1.11484e-06
788 1.39603e-06
789 1.23483e-06
790 1.51446e-06
791 1.35088e-06
792 1.39762e-06
793 1.43563e-06
794 1.43247e-06
795 1.47246e-06
796 1.67364e-06
797 1.11524e-06
798 1.87206e-06
799 1.31284e-06
800 1.23604e-06
801 1.19325e-06
802 1.63048e-06
803 1.59127e-06
804 1.11206e-06
805 1.07683e-06
806 1.35443e-06
807 1.27603e-06
808 1.55523e-06
809 1.51523e-06
810 1.43721e-06
811 1.51483e-06
812 9.97616e-07
813 1.43444e-06
814 1.59365e-06
815 1.23642e-06
816 1.75285e-06
817 1.7905e-06
818 1.83167e-06
819 1.43206e-06
820 1.75245e-06
821 1.55205e-06
822 1.35483e-06
823 1.75325e-06
824 1.47405e-06
825 9.57218e-07
826 1.51523e-06
827 1.55246e-06
828 1.27247e-06
829 1.39327e-06
830 1.39364e-06
831 1.35327e-06
832 1.19325e-06
833 1.35405e-06
834 1.31207e-06
835 1.39563e-06
836 1.31444e-06
837 1.31404e-06
838 1.35445e-06
839 1.39642e-06
840 1.19484e-06
841 1.5897e-06
842 1.27448e-06
843 1.35602e-06
844 1.35245e-06
845 8.75638e-07
846 1.55406e-06
847 1.31524e-06
848 1.35364e-06
849 1.55445e-06
850 1.03642e-06
851 1.31602e-06
852 1.23523e-06
853 1.19523e-06
854 1.59088e-06
855 1.35603e-06
856 1.23602e-06
857 1.11603e-06
858 1.83087e-06
859 9.5524e-07
860 1.27602e-06
861 1.23524e-06
862 1.43761e-06
863 9.14065e-07
864 1.07642e-06
865 1.27206e-06
866 1.55523e-06
867 1.58889e-06
868 1.62931e-06
869 1.6297e-06
870 1.15801e-06
871 1.35484e-06
872 1.31643e-06
873 9.17616e-07
874 1.75444e-06
875 1.15565e-06
876 1.19603e-06
877 1.31642e-06
878 1.19524e-06
879 1.03643e-06
880 1.55245e-06
881 9.16426e-07
882 1.51405e-06
883 1.43801e-06
884 1.83403e-06
885 1.35444e-06
886 1.11485e-06
887 1.31563e-06
888 9.17222e-07
889 1.79523e-06
890 1.55443e-06
891 1.11563e-06
892 9.9405e-07
893 1.51444e-06
894 1.35602e-06
895 9.97612e-07
896 1.59245e-06
897 1.07722e-06
898 1.19366e-06
899 1.15485e-06
900 1.39405e-06
901 1.19682e-06
902 1.35248e-06
903 1.39484e-06
904 1.19642e-06
905 1.03485e-06
906 1.11247e-06
907 1.07563e-06
908 1.23484e-06
909 9.16036e-07
910 1.31642e-06
911 1.15524e-06
912 9.55236e-07
913 1.23564e-06
914 1.43206e-06
915 1.75085e-06
916 1.23682e-06
917 1.71245e-06
918 1.2313e-06
919 1.31246e-06
920 1.43444e-06
921 9.9682e-07
922 1.15483e-06
923 9.9684e-07
924 1.31406e-06
925 1.19564e-06
926 1.47683e-06
927 1.23287e-06
928 1.11289e-06
929 1.39643e-06
930 1.23444e-06
931 1.23603e-06
932 1.27682e-06
933 1.31246e-06
934 1.27284e-06
935 1.23523e-06
936 1.67404e-06
937 1.11642e-06
938 8.37612e-07
939 1.27483e-06
940 1.51286e-06
941 1.31446e-06
942 1.35085e-06
943 1.03523e-06
944 1.43126e-06
945 9.56824e-07
946 1.27286e-06
947 1.27445e-06
948 1.07602e-06
949 1.39167e-06
950 1.27483e-06
951 8.76434e-07
952 1.15445e-06
953 1.4305e-06
954 1.39524e-06
955 7.98412e-07
956 1.31444e-06
957 1.15484e-06
958 1.03721e-06
959 1.23364e-06
960 1.07643e-06
961 1.31643e-06
962 1.51007e-06
963 9.96036e-07
964 1.11444e-06
965 1.39286e-06
966 1.39485e-06
967 7.9563e-07
968 1.27206e-06
969 8.3643e-07
970 1.19603e-06
971 1.07445e-06
972 1.07603e-06
973 1.07484e-06
974 1.51169e-06
975 1.47563e-06
976 1.27406e-06
977 1.23564e-06
978 1.27682e-06
979 1.31444e-06
980 1.15801e-06
981 1.19286e-06
982 1.15446e-06
983 1.19287e-06
984 1.31246e-06
985 1.11405e-06
986 1.43286e-06
987 8.74448e-07
988 1.07523e-06
989 8.77616e-07
990 1.19722e-06
991 1.23326e-06
992 1.15841e-06
993 1.23484e-06
994 1.43485e-06
995 1.35326e-06
996 1.19365e-06
997 8.74838e-07
998 9.133e-07
999 0
