0 0
1 0
2 0
3 0
4 0
5 8e-07
6 0
7 1.6e-06
8 2e-06
9 4e-07
10 1.6e-06
11 8e-07
12 1.6e-06
13 4e-07
14 1.2e-06
15 2e-06
16 2e-06
17 4e-06
18 2e-06
19 4.4e-06
20 8e-07
21 3.2e-06
22 2.4e-06
23 4.4e-06
24 2e-06
25 1.6e-06
26 4e-06
27 3.6e-06
28 7.2e-06
29 3.2e-06
30 4.4e-06
31 3.96193e-06
32 5.12387e-06
33 6.8e-06
34 6.4e-06
35 7.56193e-06
36 9.2e-06
37 7.8858e-06
38 6.4e-06
39 7.2e-06
40 9.96193e-06
41 6.4e-06
42 9.2e-06
43 1e-05
44 7.96193e-06
45 1.03619e-05
46 8.8e-06
47 5.2e-06
48 1.24e-05
49 1.16e-05
50 7.12387e-06
51 1.15619e-05
52 9.2e-06
53 9.56193e-06
54 8.72387e-06
55 9.16193e-06
56 1.11619e-05
57 1.08e-05
58 1.11619e-05
59 1.24e-05
60 1.06858e-05
61 1.03239e-05
62 1.35239e-05
63 1.23619e-05
64 1.11619e-05
65 1.27619e-05
66 1.99619e-05
67 1.8e-05
68 1.50477e-05
69 8.6858e-06
70 1.79619e-05
71 1.97372e-05
72 1.90477e-05
73 1.59239e-05
74 1.78477e-05
75 1.6e-05
76 1.59619e-05
77 1.62858e-05
78 1.63239e-05
79 1.63239e-05
80 1.69752e-05
81 1.78858e-05
82 1.50858e-05
83 1.62514e-05
84 1.79239e-05
85 1.42097e-05
86 1.43619e-05
87 2.03239e-05
88 1.66858e-05
89 1.75619e-05
90 1.51239e-05
91 1.94858e-05
92 1.81752e-05
93 1.46477e-05
94 1.74097e-05
95 1.38097e-05
96 1.71239e-05
97 1.50858e-05
98 1.78477e-05
99 1.66477e-05
100 2.34858e-05
101 1.62477e-05
102 1.78858e-05
103 1.82858e-05
104 1.54858e-05
105 1.58477e-05
106 1.78477e-05
107 2.34514e-05
108 2.18477e-05
109 1.75619e-05
110 1.96647e-05
111 1.90858e-05
112 1.63619e-05
113 1.79619e-05
114 1.59239e-05
115 2.11619e-05
116 1.91239e-05
117 1.91619e-05
118 1.58858e-05
119 1.93335e-05
120 2.06858e-05
121 2.30477e-05
122 1.70477e-05
123 1.89335e-05
124 2.00991e-05
125 1.86894e-05
126 1.37408e-05
127 2.18097e-05
128 1.59541e-05
129 1.62477e-05
130 2.02477e-05
131 2.35849e-05
132 2.05752e-05
133 2.06477e-05
134 2.06858e-05
135 1.47619e-05
136 1.59239e-05
137 1.42477e-05
138 1.80574e-05
139 1.57335e-05
140 1.74858e-05
141 2.45752e-05
142 1.91239e-05
143 1.99239e-05
144 1.94858e-05
145 1.69372e-05
146 2.38858e-05
147 1.78858e-05
148 1.70133e-05
149 2.32299e-05
150 2.17335e-05
151 2.29335e-05
152 2.90133e-05
153 1.97063e-05
154 1.85441e-05
155 2.05716e-05
156 1.96955e-05
157 1.62477e-05
158 1.51619e-05
159 1.85752e-05
160 1.90477e-05
161 2.22097e-05
162 1.94477e-05
163 1.35239e-05
164 1.98097e-05
165 1.83849e-05
166 2.06477e-05
167 1.97335e-05
168 2.02097e-05
169 1.90858e-05
170 1.69335e-05
171 2.69716e-05
172 2.13752e-05
173 2.01752e-05
174 2.02097e-05
175 1.90097e-05
176 1.90858e-05
177 2.22097e-05
178 1.86097e-05
179 2.06477e-05
180 2.19239e-05
181 1.60574e-05
182 1.72955e-05
183 1.81372e-05
184 2.16716e-05
185 2.2461e-05
186 2.11124e-05
187 2.12955e-05
188 1.92955e-05
189 1.93716e-05
190 1.78477e-05
191 1.81752e-05
192 1.62477e-05
193 1.99619e-05
194 2.06133e-05
195 1.81716e-05
196 1.79239e-05
197 1.93716e-05
198 1.62858e-05
199 1.69789e-05
200 1.85716e-05
201 2.18477e-05
202 1.94477e-05
203 2.23885e-05
204 2.20647e-05
205 2.23468e-05
206 2.48193e-05
207 2.44193e-05
208 1.53027e-05
209 1.79541e-05
210 2.22133e-05
211 2.42097e-05
212 1.9223e-05
213 1.92955e-05
214 2.13372e-05
215 1.42477e-05
216 2.09372e-05
217 2.49027e-05
218 2.6423e-05
219 2.02051e-05
220 1.89372e-05
221 2.18707e-05
222 2.41716e-05
223 2.02477e-05
224 2.18477e-05
225 2.2023e-05
226 2.04679e-05
227 1.91239e-05
228 1.89372e-05
229 2.1261e-05
230 1.77752e-05
231 1.83849e-05
232 1.72647e-05
233 2.66097e-05
234 2.16647e-05
235 1.39239e-05
236 1.07239e-05
237 2.07239e-05
238 2.21752e-05
239 1.86514e-05
240 2.15991e-05
241 2.32991e-05
242 1.85335e-05
243 1.85752e-05
244 1.82097e-05
245 2.02133e-05
246 2.16955e-05
247 2.27918e-05
248 1.74133e-05
249 2.52991e-05
250 1.82477e-05
251 2.4106e-05
252 2.18133e-05
253 1.66097e-05
254 2.01372e-05
255 1.70477e-05
256 2.21335e-05
257 2.18097e-05
258 1.93027e-05
259 1.77335e-05
260 2.19813e-05
261 2.0461e-05
262 2.01752e-05
263 1.77027e-05
264 1.83239e-05
265 2.38858e-05
266 2.10097e-05
267 1.84955e-05
268 1.61716e-05
269 1.73027e-05
270 2.16053e-05
271 2.63849e-05
272 2.11849e-05
273 2.46477e-05
274 1.87619e-05
275 1.61716e-05
276 1.70477e-05
277 2.19885e-05
278 2.45335e-05
279 2.47239e-05
280 1.66477e-05
281 1.34477e-05
282 1.63193e-05
283 1.62477e-05
284 2.42477e-05
285 1.9661e-05
286 1.95468e-05
287 1.99849e-05
288 2.09716e-05
289 1.82477e-05
290 2.25408e-05
291 1.92955e-05
292 1.84955e-05
293 1.80991e-05
294 2.07849e-05
295 2.05027e-05
296 1.63239e-05
297 2.00647e-05
298 1.80991e-05
299 2.00955e-05
300 2.09716e-05
301 1.92955e-05
302 1.92955e-05
303 2.24955e-05
304 1.71468e-05
305 1.77335e-05
306 1.31157e-05
307 1.57789e-05
308 1.98858e-05
309 2.24679e-05
310 1.74097e-05
311 1.33752e-05
312 1.99849e-05
313 1.80647e-05
314 1.63468e-05
315 1.93362e-05
316 1.66477e-05
317 1.59885e-05
318 1.95954e-05
319 1.91052e-05
320 1.51849e-05
321 1.76647e-05
322 1.62097e-05
323 1.54097e-05
324 2.07088e-05
325 1.5223e-05
326 1.66477e-05
327 1.64647e-05
328 2.15468e-05
329 2.17441e-05
330 1.80955e-05
331 2.00991e-05
332 2.00955e-05
333 2.29982e-05
334 1.57752e-05
335 1.29716e-05
336 2.07849e-05
337 1.57027e-05
338 1.56266e-05
339 1.5223e-05
340 1.54133e-05
341 1.70097e-05
342 1.56302e-05
343 1.74477e-05
344 1.8061e-05
345 1.42894e-05
346 1.93752e-05
347 1.45752e-05
348 1.57372e-05
349 1.65372e-05
350 1.84647e-05
351 1.63468e-05
352 1.70477e-05
353 2.49716e-05
354 1.54858e-05
355 1.67849e-05
356 1.84955e-05
357 1.88991e-05
358 1.73716e-05
359 1.95849e-05
360 1.50477e-05
361 1.89408e-05
362 2.0823e-05
363 1.28991e-05
364 1.82097e-05
365 1.5261e-05
366 1.14894e-05
367 1.53372e-05
368 1.44335e-05
369 1.66858e-05
370 1.89335e-05
371 1.3261e-05
372 1.97752e-05
373 1.99991e-05
374 1.84193e-05
375 1.6823e-05
376 2.23505e-05
377 2.03885e-05
378 1.75193e-05
379 1.58477e-05
380 2.14776e-05
381 1.7261e-05
382 1.57752e-05
383 1.89335e-05
384 1.63541e-05
385 1.9661e-05
386 1.8906e-05
387 1.68647e-05
388 1.52716e-05
389 1.68991e-05
390 1.30477e-05
391 1.54858e-05
392 2.2423e-05
393 1.6823e-05
394 1.38477e-05
395 1.84716e-05
396 1.50097e-05
397 1.64647e-05
398 1.45716e-05
399 1.71885e-05
400 1.26097e-05
401 2.35193e-05
402 1.5661e-05
403 1.41716e-05
404 1.30858e-05
405 1.67088e-05
406 1.54858e-05
407 1.72991e-05
408 1.68574e-05
409 1.70743e-05
410 1.45372e-05
411 1.41752e-05
412 1.7661e-05
413 1.52266e-05
414 1.9478e-05
415 1.65716e-05
416 1.64647e-05
417 1.64574e-05
418 1.7261e-05
419 1.61752e-05
420 1.83918e-05
421 1.76299e-05
422 1.7661e-05
423 1.48991e-05
424 1.6861e-05
425 1.1792e-05
426 1.80299e-05
427 1.57335e-05
428 1.48302e-05
429 1.20991e-05
430 1.81372e-05
431 1.92679e-05
432 1.33335e-05
433 2.03468e-05
434 1.97027e-05
435 1.58849e-05
436 1.84193e-05
437 1.38477e-05
438 1.49716e-05
439 1.21716e-05
440 1.64955e-05
441 1.45716e-05
442 1.57372e-05
443 1.73335e-05
444 1.35505e-05
445 1.48955e-05
446 1.79229e-05
447 1.4823e-05
448 1.65335e-05
449 1.35505e-05
450 1.56955e-05
451 1.09372e-05
452 1.81752e-05
453 1.55124e-05
454 1.68991e-05
455 1.59124e-05
456 1.65027e-05
457 1.80647e-05
458 1.0823e-05
459 1.91239e-05
460 1.4106e-05
461 1.38477e-05
462 1.56266e-05
463 1.69716e-05
464 1.76266e-05
465 1.22858e-05
466 1.24679e-05
467 1.62133e-05
468 1.3223e-05
469 1.53752e-05
470 2.30326e-05
471 1.66858e-05
472 1.5516e-05
473 2.10812e-05
474 1.26707e-05
475 1.38097e-05
476 1.28266e-05
477 2.07505e-05
478 1.7623e-05
479 2.06849e-05
480 1.53372e-05
481 1.40991e-05
482 1.48338e-05
483 1.79849e-05
484 1.79574e-05
485 1.60574e-05
486 1.10363e-05
487 1.6761e-05
488 1.39918e-05
489 1.61372e-05
490 1.59619e-05
491 1.59088e-05
492 1.76647e-05
493 1.02858e-05
494 1.40955e-05
495 1.48991e-05
496 1.80574e-05
497 1.44955e-05
498 1.03275e-05
499 1.2461e-05
500 1.41096e-05
501 1.45716e-05
502 1.67849e-05
503 1.67954e-05
504 1.59239e-05
505 1.8278e-05
506 1.70743e-05
507 1.63124e-05
508 1.39468e-05
509 1.30911e-05
510 1.48991e-05
511 1.48574e-05
512 1.32991e-05
513 1.60647e-05
514 1.5306e-05
515 1.56574e-05
516 1.53335e-05
517 1.45716e-05
518 1.32991e-05
519 1.58222e-05
520 1.93372e-05
521 1.5116e-05
522 1.59468e-05
523 1.28299e-05
524 1.70363e-05
525 1.65372e-05
526 1.45372e-05
527 1.56991e-05
528 1.6461e-05
529 1.60991e-05
530 1.4423e-05
531 1.6823e-05
532 1.33027e-05
533 1.47292e-05
534 1.32991e-05
535 1.85372e-05
536 1.63954e-05
537 1.85335e-05
538 1.51124e-05
539 1.48679e-05
540 1.72266e-05
541 1.39813e-05
542 2.14743e-05
543 1.62812e-05
544 1.85149e-05
545 1.90707e-05
546 1.44574e-05
547 1.4461e-05
548 1.40991e-05
549 1.6106e-05
550 1.62097e-05
551 2.36913e-05
552 1.66097e-05
553 1.39052e-05
554 1.39885e-05
555 1.45027e-05
556 1.51849e-05
557 1.47124e-05
558 1.2678e-05
559 1.50097e-05
560 1.76955e-05
561 1.13752e-05
562 1.4023e-05
563 1.84955e-05
564 1.63229e-05
565 1.49444e-05
566 1.37752e-05
567 1.63124e-05
568 1.10477e-05
569 1.73716e-05
570 1.6823e-05
571 1.33752e-05
572 1.83954e-05
573 1.69372e-05
574 1.24574e-05
575 1.50477e-05
576 1.44647e-05
577 1.35574e-05
578 1.52574e-05
579 1.17335e-05
580 1.60991e-05
581 1.05716e-05
582 1.34097e-05
583 1.34812e-05
584 1.3223e-05
585 1.27468e-05
586 2.03574e-05
587 1.43124e-05
588 1.78849e-05
589 1.65716e-05
590 1.26097e-05
591 1.30514e-05
592 1.51885e-05
593 1.1623e-05
594 1.71468e-05
595 1.22133e-05
596 1.29752e-05
597 1.43849e-05
598 1.54776e-05
599 1.43124e-05
600 1.63849e-05
601 1.26133e-05
602 1.69752e-05
603 1.45752e-05
604 1.06514e-05
605 1.48193e-05
606 1.14501e-05
607 1.56955e-05
608 1.32991e-05
609 1.43849e-05
610 1.50363e-05
611 2.0461e-05
612 1.77372e-05
613 1.41716e-05
614 1.32647e-05
615 1.11922e-05
616 1.28335e-05
617 1.33789e-05
618 9.59905e-06
619 8.72749e-06
620 1.65752e-05
621 1.77752e-05
622 1.45716e-05
623 1.54133e-05
624 1.4061e-05
625 1.58097e-05
626 1.26849e-05
627 1.29372e-05
628 1.74514e-05
629 1.59088e-05
630 1.40397e-05
631 1.34514e-05
632 1.1661e-05
633 1.27088e-05
634 1.36647e-05
635 1.65716e-05
636 1.84266e-05
637 1.08647e-05
638 1.4529e-05
639 1.59124e-05
640 1.0461e-05
641 1.32193e-05
642 1.1478e-05
643 1.40991e-05
644 1.38399e-05
645 1.52193e-05
646 1.74875e-05
647 1.29018e-05
648 1.25638e-05
649 1.5223e-05
650 1.56266e-05
651 1.24955e-05
652 1.67124e-05
653 1.23991e-05
654 1.69335e-05
655 1.09716e-05
656 1.32574e-05
657 1.5561e-05
658 1.33329e-05
659 1.53716e-05
660 1.45752e-05
661 1.43468e-05
662 1.40574e-05
663 1.24785e-05
664 1.41716e-05
665 1.13408e-05
666 1.18849e-05
667 1.00647e-05
668 1.51672e-05
669 1.13372e-05
670 1.08647e-05
671 1.25408e-05
672 1.33335e-05
673 1.2861e-05
674 1.22133e-05
675 1.11541e-05
676 1.27849e-05
677 1.18133e-05
678 1.25752e-05
679 1.31124e-05
680 7.8858e-06
681 1.54468e-05
682 8.10272e-06
683 1.29752e-05
684 1.27991e-05
685 1.17716e-05
686 1.38858e-05
687 1.27918e-05
688 9.65741e-06
689 1.59849e-05
690 1.52991e-05
691 1.28299e-05
692 1.69716e-05
693 1.41716e-05
694 8.25136e-06
695 1.51505e-05
696 1.44335e-05
697 1.09408e-05
698 1.49752e-05
699 1.21372e-05
700 1.22858e-05
701 1.09716e-05
702 1.32647e-05
703 1.52266e-05
704 1.50363e-05
705 9.52387e-06
706 1.41467e-05
707 1.32647e-05
708 1.04991e-05
709 1.37716e-05
710 1.22743e-05
711 1.0861e-05
712 1.36647e-05
713 1.41821e-05
714 1.80574e-05
715 1.46097e-05
716 8.8991e-06
717 1.23991e-05
718 1.6423e-05
719 1.53362e-05
720 1.3516e-05
721 1.26054e-05
722 1.24991e-05
723 1.21752e-05
724 1.24647e-05
725 1.31849e-05
726 1.44955e-05
727 1.83813e-05
728 1.19918e-05
729 1.05477e-05
730 1.14133e-05
731 1.38097e-05
732 1.51849e-05
733 1.3078e-05
734 1.42435e-05
735 1.4423e-05
736 1.2423e-05
737 1.35849e-05
738 1.17716e-05
739 9.92387e-06
740 1.36991e-05
741 1.45752e-05
742 1.47229e-05
743 1.49372e-05
744 1.51672e-05
745 1.19922e-05
746 1.67885e-05
747 1.12647e-05
748 1.16266e-05
749 1.14133e-05
750 1.18133e-05
751 1.48913e-05
752 1.18573e-05
753 1.31328e-05
754 8.97161e-06
755 1.3623e-05
756 1.60647e-05
757 1.46363e-05
758 1.32574e-05
759 1.71124e-05
760 1.4423e-05
761 1.55922e-05
762 1.28991e-05
763 1.59636e-05
764 1.41408e-05
765 1.54477e-05
766 1.00647e-05
767 1.25716e-05
768 1.29335e-05
769 1.42514e-05
770 9.0133e-06
771 1.17372e-05
772 9.84774e-06
773 1.68528e-05
774 9.80967e-06
775 1.53027e-05
776 9.55736e-06
777 1.17789e-05
778 1.38743e-05
779 1.67468e-05
780 1.34849e-05
781 1.41716e-05
782 1.26858e-05
783 9.16099e-06
784 1.13441e-05
785 1.12955e-05
786 9.6991e-06
787 1.55954e-05
788 1.06858e-05
789 1.02097e-05
790 1.04302e-05
791 1.13408e-05
792 1.21776e-05
793 1.44266e-05
794 9.2991e-06
795 1.39124e-05
796 9.29548e-06
797 1.37372e-05
798 1.09408e-05
799 1.45027e-05
800 1.29096e-05
801 1.47885e-05
802 9.00967e-06
803 1.51292e-05
804 1.27124e-05
805 1.30363e-05
806 1.50743e-05
807 7.37523e-06
808 1.51541e-05
809 8.20967e-06
810 1.25132e-05
811 1.39885e-05
812 1.13716e-05
813 1.26812e-05
814 9.62659e-06
815 1.05408e-05
816 1.4823e-05
817 1.31885e-05
818 8.68848e-06
819 1.47255e-05
820 1.04302e-05
821 1.01752e-05
822 9.92387e-06
823 9.81859e-06
824 1.13372e-05
825 1.25752e-05
826 1.2061e-05
827 1.25027e-05
828 1.4571e-05
829 1.2823e-05
830 1.02514e-05
831 1.27849e-05
832 1.34051e-05
833 1.30707e-05
834 1.31239e-05
835 1.10133e-05
836 1.16955e-05
837 1.16335e-05
838 1.35537e-05
839 1.22954e-05
840 1.42743e-05
841 9.22987e-06
842 1.18133e-05
843 1.49441e-05
844 1.14816e-05
845 1.19334e-05
846 1.0461e-05
847 1.21716e-05
848 1.23922e-05
849 9.63349e-06
850 1.2423e-05
851 1.08647e-05
852 1.29027e-05
853 1.19541e-05
854 1.38018e-05
855 1.3078e-05
856 1.28193e-05
857 1.09752e-05
858 1.32637e-05
859 1.17716e-05
860 1.12371e-05
861 9.40967e-06
862 1.40302e-05
863 9.60233e-06
864 1.18097e-05
865 1.19468e-05
866 9.31949e-06
867 1.16991e-05
868 1.02477e-05
869 1.04991e-05
870 1.23088e-05
871 1.26097e-05
872 1.10477e-05
873 1.15196e-05
874 1.28991e-05
875 1.1223e-05
876 1.14097e-05
877 1.07646e-05
878 9.19543e-06
879 1.0461e-05
880 9.05136e-06
881 8.20967e-06
882 1.2461e-05
883 1.2823e-05
884 1.04991e-05
885 1.22133e-05
886 1.27885e-05
887 1.05372e-05
888 8.04444e-06
889 1.25716e-05
890 1.15922e-05
891 9.37161e-06
892 1.16991e-05
893 1.18849e-05
894 1.25674e-05
895 1.43954e-05
896 1.16991e-05
897 1.49335e-05
898 8.906e-06
899 1.22097e-05
900 1.59088e-05
901 9.33717e-06
902 1.27468e-05
903 1.23262e-05
904 1.07636e-05
905 9.73717e-06
906 1.24302e-05
907 1.2278e-05
908 1.18477e-05
909 1.23981e-05
910 4.76193e-06
911 1.17674e-05
912 1.06169e-05
913 1.07954e-05
914 1.15922e-05
915 1.20574e-05
916 1.15922e-05
917 1.36358e-05
918 1.15849e-05
919 1.04325e-05
920 1.02133e-05
921 8.17885e-06
922 8.17161e-06
923 8.46828e-06
924 1.00955e-05
925 1.15954e-05
926 9.77161e-06
927 1.54707e-05
928 1.27849e-05
929 1.15505e-05
930 1.39849e-05
931 9.66466e-06
932 1.1478e-05
933 1.17329e-05
934 1.19918e-05
935 1.04335e-05
936 1.16647e-05
937 9.88123e-06
938 1.14097e-05
939 1.09335e-05
940 1.13027e-05
941 1.0461e-05
942 1.20266e-05
943 1.16266e-05
944 1.1161e-05
945 1.19958e-05
946 1.36574e-05
947 8.57523e-06
948 1.35813e-05
949 1.15954e-05
950 1.04193e-05
951 8.32654e-06
952 9.98491e-06
953 9.34079e-06
954 1.1516e-05
955 1.1161e-05
956 7.77885e-06
957 1.16266e-05
958 1.47196e-05
959 1.21789e-05
960 1.13716e-05
961 7.84774e-06
962 1.16053e-05
963 9.18491e-06
964 9.1124e-06
965 7.40967e-06
966 1.12647e-05
967 1.28716e-05
968 1.47229e-05
969 9.30635e-06
970 8.10272e-06
971 1.0106e-05
972 1.02858e-05
973 1.42743e-05
974 8.42659e-06
975 9.23022e-06
976 1.0861e-05
977 9.74407e-06
978 1.04679e-05
979 1.18743e-05
980 1.21425e-05
981 1.31468e-05
982 8.4991e-06
983 1.2461e-05
984 1.10816e-05
985 1.15196e-05
986 7.92387e-06
987 1.16955e-05
988 1.07468e-05
989 1.38097e-05
990 9.85136e-06
991 1.19849e-05
992 9.44774e-06
993 9.37161e-06
994 1.18097e-05
995 1.12752e-05
996 1.27849e-05
997 1.19885e-05
998 1.20266e-05
999 0
