0 0
1 0
2 0
3 0
4 0
5 0
6 0
7 0
8 0
9 0
10 0
11 0
12 0
13 0
14 0
15 0
16 0
17 0
18 0
19 0
20 0
21 0
22 0
23 0
24 0
25 0
26 0
27 0
28 0
29 0
30 0
31 0
32 0
33 0
34 0
35 0
36 0
37 0
38 0
39 0
40 0
41 0
42 0
43 0
44 0
45 0
46 0
47 0
48 0
49 0
50 0
51 0
52 0
53 0
54 0
55 0
56 0
57 0
58 0
59 0
60 0
61 0
62 0
63 0
64 0
65 0
66 0
67 0
68 0
69 0
70 0
71 0
72 0
73 0
74 0
75 0
76 4e-06
77 0
78 4e-06
79 0
80 0
81 0
82 0
83 0
84 0
85 0
86 0
87 0
88 0
89 0
90 0
91 0
92 0
93 4e-06
94 0
95 0
96 0
97 0
98 0
99 0
100 0
101 0
102 0
103 0
104 0
105 0
106 0
107 0
108 0
109 0
110 0
111 0
112 0
113 0
114 0
115 0
116 0
117 0
118 0
119 0
120 0
121 0
122 0
123 0
124 0
125 0
126 0
127 0
128 4e-06
129 0
130 0
131 0
132 0
133 0
134 0
135 4e-06
136 0
137 0
138 0
139 0
140 0
141 4e-06
142 0
143 0
144 4e-06
145 0
146 4e-06
147 0
148 0
149 0
150 0
151 0
152 0
153 0
154 0
155 0
156 0
157 0
158 4e-06
159 0
160 0
161 0
162 4e-06
163 4e-06
164 0
165 0
166 0
167 0
168 0
169 1.47152e-06
170 0
171 0
172 0
173 0
174 0
175 0
176 0
177 0
178 4e-06
179 0
180 0
181 0
182 0
183 0
184 0
185 0
186 0
187 0
188 0
189 0
190 4e-06
191 4e-06
192 0
193 0
194 0
195 0
196 0
197 0
198 4e-06
199 0
200 0
201 0
202 0
203 0
204 4e-06
205 0
206 0
207 0
208 4e-06
209 0
210 4e-06
211 8e-06
212 0
213 0
214 0
215 4e-06
216 1.47152e-06
217 0
218 0
219 0
220 0
221 8e-06
222 0
223 0
224 0
225 4e-06
226 0
227 0
228 0
229 0
230 0
231 0
232 0
233 0
234 0
235 0
236 0
237 0
238 0
239 0
240 0
241 0
242 4e-06
243 0
244 4e-06
245 8e-06
246 0
247 0
248 0
249 0
250 0
251 0
252 0
253 0
254 0
255 0
256 0
257 0
258 0
259 0
260 0
261 0
262 0
263 4e-06
264 4e-06
265 0
266 0
267 0
268 0
269 0
270 0
271 0
272 0
273 0
274 0
275 0
276 0
277 8e-06
278 0
279 0
280 0
281 0
282 0
283 0
284 4e-06
285 0
286 1.47152e-06
287 4e-06
288 0
289 0
290 0
291 0
292 1.47152e-06
293 4e-06
294 4e-06
295 0
296 0
297 0
298 0
299 0
300 4e-06
301 0
302 4e-06
303 0
304 4e-06
305 0
306 0
307 0
308 0
309 4e-06
310 0
311 0
312 4e-06
313 0
314 0
315 0
316 0
317 0
318 8e-06
319 0
320 0
321 4e-06
322 0
323 0
324 4e-06
325 4e-06
326 4e-06
327 4e-06
328 0
329 4e-06
330 0
331 4e-06
332 0
333 4e-06
334 0
335 0
336 0
337 0
338 5.47152e-06
339 0
340 4e-06
341 0
342 0
343 0
344 0
345 0
346 0
347 4e-06
348 0
349 0
350 0
351 0
352 0
353 0
354 0
355 0
356 8e-06
357 8e-06
358 4e-06
359 0
360 0
361 4e-06
362 0
363 4e-06
364 4e-06
365 0
366 0
367 0
368 4e-06
369 0
370 0
371 0
372 0
373 0
374 0
375 0
376 0
377 4e-06
378 0
379 0
380 0
381 0
382 0
383 0
384 0
385 4e-06
386 0
387 4e-06
388 4e-06
389 8e-06
390 0
391 4e-06
392 0
393 4e-06
394 0
395 0
396 0
397 0
398 4e-06
399 4e-06
400 4e-06
401 0
402 0
403 1.47152e-06
404 1.47152e-06
405 1.47152e-06
406 4e-06
407 8e-06
408 0
409 4e-06
410 0
411 4e-06
412 4e-06
413 0
414 4e-06
415 0
416 4e-06
417 0
418 0
419 4e-06
420 0
421 0
422 0
423 1.47152e-06
424 0
425 4e-06
426 0
427 0
428 1.47152e-06
429 4e-06
430 4e-06
431 0
432 0
433 0
434 0
435 0
436 4e-06
437 0
438 0
439 0
440 0
441 0
442 1.47152e-06
443 0
444 0
445 0
446 4e-06
447 4e-06
448 8e-06
449 4e-06
450 1.2e-05
451 0
452 0
453 8e-06
454 0
455 1.6e-05
456 0
457 0
458 4e-06
459 4e-06
460 0
461 0
462 0
463 1.47152e-06
464 4e-06
465 4e-06
466 1.47152e-06
467 1.47152e-06
468 0
469 5.47152e-06
470 4e-06
471 4e-06
472 0
473 4e-06
474 0
475 4e-06
476 0
477 0
478 8e-06
479 0
480 0
481 4e-06
482 4e-06
483 4e-06
484 4e-06
485 0
486 0
487 4e-06
488 4e-06
489 4.54134e-06
490 0
491 0
492 0
493 8e-06
494 0
495 0
496 0
497 5.47152e-06
498 0
499 4e-06
500 0
501 0
502 0
503 4e-06
504 0
505 4e-06
506 0
507 4e-06
508 4e-06
509 4e-06
510 0
511 1.47152e-06
512 0
513 0
514 8e-06
515 4e-06
516 0
517 0
518 0
519 5.47152e-06
520 0
521 4e-06
522 4e-06
523 0
524 8e-06
525 4e-06
526 1.47152e-06
527 0
528 0
529 0
530 4e-06
531 4e-06
532 8e-06
533 4e-06
534 4e-06
535 4e-06
536 4e-06
537 0
538 0
539 0
540 0
541 0
542 8e-06
543 0
544 0
545 0
546 0
547 0
548 1.47152e-06
549 4e-06
550 0
551 4e-06
552 0
553 8e-06
554 0
555 4e-06
556 0
557 0
558 0
559 1.2e-05
560 8e-06
561 0
562 8e-06
563 4e-06
564 0
565 0
566 4e-06
567 8e-06
568 0
569 0
570 0
571 0
572 0
573 0
574 0
575 4e-06
576 0
577 4e-06
578 8e-06
579 4e-06
580 1.2e-05
581 0
582 5.47152e-06
583 0
584 8e-06
585 0
586 1.47152e-06
587 1.2e-05
588 0
589 1.6e-05
590 1.47152e-06
591 0
592 4e-06
593 4.54134e-06
594 0
595 4e-06
596 5.41341e-07
597 8e-06
598 0
599 0
600 0
601 4e-06
602 1.47152e-06
603 8e-06
604 4e-06
605 1.47152e-06
606 0
607 0
608 0
609 4e-06
610 0
611 4e-06
612 1.47152e-06
613 4e-06
614 4e-06
615 0
616 4e-06
617 0
618 1.47152e-06
619 8e-06
620 0
621 0
622 0
623 0
624 0
625 0
626 4e-06
627 8.54134e-06
628 1.47152e-06
629 4e-06
630 4e-06
631 4e-06
632 4e-06
633 0
634 1.34715e-05
635 1.47152e-06
636 0
637 0
638 2.14715e-05
639 0
640 4e-06
641 5.41341e-07
642 0
643 0
644 4e-06
645 1.47152e-06
646 0
647 0
648 4.54134e-06
649 0
650 0
651 0
652 5.47152e-06
653 4e-06
654 0
655 4e-06
656 0
657 4e-06
658 0
659 0
660 0
661 0
662 5.47152e-06
663 4e-06
664 0
665 4e-06
666 8e-06
667 5.41341e-07
668 4e-06
669 8e-06
670 4e-06
671 0
672 4e-06
673 1.2e-05
674 8e-06
675 0
676 0
677 1.2e-05
678 8e-06
679 1.47152e-06
680 0
681 1.47152e-06
682 0
683 4e-06
684 1.99148e-07
685 4e-06
686 4e-06
687 8e-06
688 8e-06
689 0
690 4e-06
691 4e-06
692 0
693 0
694 8e-06
695 0
696 4e-06
697 4e-06
698 5.41341e-07
699 4e-06
700 1.2e-05
701 8e-06
702 4e-06
703 4e-06
704 0
705 0
706 0
707 8e-06
708 0
709 4e-06
710 0
711 0
712 4e-06
713 0
714 0
715 8e-06
716 4e-06
717 0
718 0
719 0
720 8e-06
721 0
722 4e-06
723 4e-06
724 0
725 4e-06
726 8e-06
727 0
728 0
729 0
730 0
731 0
732 8e-06
733 4e-06
734 4e-06
735 0
736 0
737 1.47152e-06
738 4e-06
739 8e-06
740 8e-06
741 4e-06
742 5.47152e-06
743 0
744 9.47152e-06
745 8e-06
746 0
747 4e-06
748 8e-06
749 9.47152e-06
750 4e-06
751 1.47152e-06
752 4e-06
753 0
754 8e-06
755 0
756 0
757 0
758 9.47152e-06
759 1.2e-05
760 8e-06
761 8.54134e-06
762 1.47152e-06
763 1.6e-05
764 5.67067e-06
765 0
766 4.54134e-06
767 0
768 0
769 8e-06
770 0
771 8e-06
772 0
773 9.47152e-06
774 0
775 0
776 0
777 5.47152e-06
778 4e-06
779 0
780 4e-06
781 2.01286e-06
782 0
783 4e-06
784 5.47152e-06
785 0
786 4e-06
787 8e-06
788 4e-06
789 1.34715e-05
790 4e-06
791 0
792 8e-06
793 1.2e-05
794 9.47152e-06
795 0
796 4e-06
797 0
798 4e-06
799 8e-06
800 0
801 4e-06
802 8e-06
803 0
804 4e-06
805 4e-06
806 8e-06
807 1.47152e-06
808 4e-06
809 0
810 8e-06
811 4e-06
812 1.6e-05
813 4e-06
814 8e-06
815 9.47152e-06
816 1.2e-05
817 4e-06
818 0
819 8e-06
820 4e-06
821 1.47152e-06
822 0
823 2.94304e-06
824 8e-06
825 4e-06
826 8e-06
827 4e-06
828 4e-06
829 0
830 4e-06
831 4e-06
832 8e-06
833 1.47152e-06
834 0
835 0
836 0
837 0
838 0
839 8e-06
840 1.2e-05
841 8e-06
842 1.2e-05
843 0
844 0
845 4e-06
846 4e-06
847 0
848 8e-06
849 5.47152e-06
850 1.2e-05
851 1.47152e-06
852 1.2e-05
853 4e-06
854 4e-06
855 4e-06
856 4e-06
857 0
858 1.47152e-06
859 4e-06
860 8e-06
861 4e-06
862 8e-06
863 0
864 0
865 0
866 8e-06
867 1.2e-05
868 0
869 8e-06
870 0
871 4e-06
872 4e-06
873 0
874 4e-06
875 4e-06
876 4e-06
877 4e-06
878 0
879 4e-06
880 5.47152e-06
881 4e-06
882 1.2e-05
883 4e-06
884 1.34715e-05
885 8e-06
886 0
887 0
888 8e-06
889 4e-06
890 4e-06
891 8e-06
892 1.6e-05
893 0
894 8e-06
895 4e-06
896 0
897 0
898 5.47152e-06
899 1.2e-05
900 5.47152e-06
901 1.2e-05
902 0
903 0
904 8e-06
905 0
906 0
907 1.2e-05
908 5.47152e-06
909 1.47152e-06
910 0
911 4e-06
912 0
913 4.19915e-06
914 4.54134e-06
915 8e-06
916 1.2e-05
917 8e-06
918 1.6e-05
919 8e-06
920 0
921 8e-06
922 4e-06
923 4e-06
924 8e-06
925 8e-06
926 8e-06
927 1.2e-05
928 2e-05
929 4e-06
930 4e-06
931 8e-06
932 0
933 8e-06
934 1.6e-05
935 8e-06
936 8e-06
937 0
938 4e-06
939 0
940 8e-06
941 5.47152e-06
942 8e-06
943 8e-06
944 4e-06
945 4e-06
946 0
947 0
948 8e-06
949 1.6e-05
950 4e-06
951 8e-06
952 0
953 4e-06
954 8e-06
955 0
956 0
957 9.47152e-06
958 0
959 8e-06
960 6.01286e-06
961 4e-06
962 5.47152e-06
963 8.19915e-06
964 2e-05
965 4e-06
966 4e-06
967 8e-06
968 1.2e-05
969 4e-06
970 4e-06
971 4e-06
972 4e-06
973 4e-06
974 8e-06
975 4e-06
976 4e-06
977 0
978 8e-06
979 0
980 1.2e-05
981 4e-06
982 1.4943e-05
983 5.47152e-06
984 8e-06
985 4e-06
986 1.47152e-06
987 4e-06
988 8e-06
989 0
990 0
991 1.2e-05
992 1.74715e-05
993 4e-06
994 4e-06
995 0
996 8e-06
997 8e-06
998 1.2e-05
999 0
