0 0
1 0.0009272
2 0.000610934
3 0.000473067
4 0.000390763
5 0.000341163
6 0.000307792
7 0.000260572
8 0.000247182
9 0.000234309
10 0.000212561
11 0.00018301
12 0.000183894
13 0.000191262
14 0.000162995
15 0.000164447
16 0.000154317
17 0.000158062
18 0.000127925
19 0.000129928
20 0.00012981
21 0.000120972
22 0.000109147
23 0.000109662
24 0.000108408
25 0.000111224
26 0.000115848
27 8.57795e-05
28 0.000110503
29 9.74822e-05
30 0.000106496
31 9.14901e-05
32 8.96387e-05
33 8.73795e-05
34 9.1052e-05
35 9.34103e-05
36 9.18556e-05
37 9.20997e-05
38 9.62937e-05
39 8.20804e-05
40 7.91662e-05
41 8.02858e-05
42 8.87662e-05
43 8.17831e-05
44 8.52617e-05
45 7.40768e-05
46 7.51662e-05
47 7.61148e-05
48 8.72617e-05
49 7.11771e-05
50 7.53378e-05
51 7.21483e-05
52 7.66176e-05
53 7.00804e-05
54 6.59317e-05
55 7.06212e-05
56 5.48913e-05
57 5.92079e-05
58 7.05106e-05
59 6.13601e-05
60 6.44236e-05
61 5.80006e-05
62 5.98734e-05
63 6.00079e-05
64 5.65221e-05
65 5.81529e-05
66 6.05378e-05
67 5.8697e-05
68 6.56459e-05
69 6.14625e-05
70 5.83317e-05
71 4.97946e-05
72 5.84006e-05
73 5.44459e-05
74 5.50973e-05
75 5.60653e-05
76 5.25529e-05
77 5.6313e-05
78 5.29982e-05
79 5.39731e-05
80 5.26212e-05
81 5.18212e-05
82 4.98629e-05
83 4.89254e-05
84 6.69759e-05
85 4.75468e-05
86 4.81148e-05
87 5.0591e-05
88 4.69257e-05
89 4.74629e-05
90 4.87771e-05
91 4.61601e-05
92 3.83803e-05
93 4.95281e-05
94 4.14051e-05
95 4.34707e-05
96 4.83046e-05
97 5.02326e-05
98 5.01831e-05
99 4.75997e-05
100 4.75354e-05
101 4.86326e-05
102 4.94363e-05
103 4.44804e-05
104 4.35317e-05
105 4.4591e-05
106 4.45601e-05
107 4.16115e-05
108 4.49221e-05
109 4.19354e-05
110 4.91731e-05
111 4.23954e-05
112 5.15698e-05
113 4.19541e-05
114 4.26212e-05
115 5.3913e-05
116 4.06665e-05
117 4.83698e-05
118 3.79767e-05
119 4.02592e-05
120 4.16187e-05
121 3.24804e-05
122 4.29565e-05
123 4.1684e-05
124 4.34592e-05
125 3.98937e-05
126 4.39115e-05
127 4.45221e-05
128 4.23849e-05
129 4.139e-05
130 3.15734e-05
131 4.52762e-05
132 3.77588e-05
133 3.63088e-05
134 4.11849e-05
135 3.61946e-05
136 3.75354e-05
137 3.8652e-05
138 4.52079e-05
139 3.75505e-05
140 3.49638e-05
141 4.1539e-05
142 3.61565e-05
143 4.05946e-05
144 2.83088e-05
145 3.29946e-05
146 4.13638e-05
147 3.52532e-05
148 3.65759e-05
149 3.41565e-05
150 3.62432e-05
151 3.21329e-05
152 3.89628e-05
153 3.40459e-05
154 2.98018e-05
155 3.47354e-05
156 2.66806e-05
157 3.46707e-05
158 3.05221e-05
159 3.51157e-05
160 3.06671e-05
161 3.82707e-05
162 3.05185e-05
163 3.51698e-05
164 3.18661e-05
165 3.18326e-05
166 3.40115e-05
167 3.4484e-05
168 2.78629e-05
169 3.35281e-05
170 3.87354e-05
171 3.66707e-05
172 2.89601e-05
173 3.28043e-05
174 3.42661e-05
175 3.8739e-05
176 3.03554e-05
177 2.81982e-05
178 3.60496e-05
179 2.63124e-05
180 3.14707e-05
181 2.91124e-05
182 3.21221e-05
183 3.17982e-05
184 3.20079e-05
185 3.60423e-05
186 3.05185e-05
187 3.08151e-05
188 3.44876e-05
189 3.18665e-05
190 2.85707e-05
191 3.08079e-05
192 2.6929e-05
193 3.14743e-05
194 3.44256e-05
195 2.5184e-05
196 3.29185e-05
197 3.07731e-05
198 3.77864e-05
199 3.31006e-05
200 2.42054e-05
201 2.76804e-05
202 3.38248e-05
203 3.58353e-05
204 3.0167e-05
205 3.08876e-05
206 3.06353e-05
207 3.20184e-05
208 3.06812e-05
209 2.86707e-05
210 2.62326e-05
211 2.97221e-05
212 2.89565e-05
213 2.78015e-05
214 2.32336e-05
215 2.90629e-05
216 3.74176e-05
217 2.40266e-05
218 3.35698e-05
219 2.68459e-05
220 3.29185e-05
221 3.03317e-05
222 2.27462e-05
223 2.9539e-05
224 2.34734e-05
225 3.20876e-05
226 3.17148e-05
227 2.82556e-05
228 2.40876e-05
229 2.96115e-05
230 2.88148e-05
231 3.28459e-05
232 2.43849e-05
233 2.75626e-05
234 2.75541e-05
235 2.42051e-05
236 3.02468e-05
237 3.21221e-05
238 3.14743e-05
239 3.0884e-05
240 2.65529e-05
241 2.66212e-05
242 2.52876e-05
243 2.29982e-05
244 2.63423e-05
245 2.10707e-05
246 2.75767e-05
247 2.87459e-05
248 2.8022e-05
249 2.85601e-05
250 2.31432e-05
251 2.35813e-05
252 2.98363e-05
253 2.43771e-05
254 2.14054e-05
255 2.28423e-05
256 3.09257e-05
257 2.28909e-05
258 2.91885e-05
259 2.32148e-05
260 2.78212e-05
261 2.41257e-05
262 2.74326e-05
263 2.02435e-05
264 2.63354e-05
265 2.38707e-05
266 2.73946e-05
267 2.39124e-05
268 3.02071e-05
269 2.59432e-05
270 2.53221e-05
271 2.25257e-05
272 2.34363e-05
273 2.19426e-05
274 2.47803e-05
275 2.17257e-05
276 2.07354e-05
277 1.94399e-05
278 2.69982e-05
279 2.50701e-05
280 2.9345e-05
281 2.28945e-05
282 3.10468e-05
283 3.05946e-05
284 2.42317e-05
285 2.77018e-05
286 2.03849e-05
287 2.23157e-05
288 2.57221e-05
289 2.47885e-05
290 2.38326e-05
291 2.13221e-05
292 2.21716e-05
293 2.38317e-05
294 2.62326e-05
295 1.89946e-05
296 2.02399e-05
297 2.73638e-05
298 2.36876e-05
299 1.8629e-05
300 2.81185e-05
301 2.61982e-05
302 2.05566e-05
303 2.12532e-05
304 2.00079e-05
305 2.86326e-05
306 2.41326e-05
307 2.3473e-05
308 2.0567e-05
309 2.15698e-05
310 2.05601e-05
311 2.2129e-05
312 3.38176e-05
313 2.07531e-05
314 2.26326e-05
315 2.04909e-05
316 2.72423e-05
317 2.37946e-05
318 2.20459e-05
319 2.36115e-05
320 2.03734e-05
321 2.5029e-05
322 2.1284e-05
323 1.62087e-05
324 1.99813e-05
325 2.33221e-05
326 2.08637e-05
327 1.63468e-05
328 2.38389e-05
329 2.45221e-05
330 2.67698e-05
331 1.78399e-05
332 1.65707e-05
333 2.10051e-05
334 1.83922e-05
335 2.17185e-05
336 2.39171e-05
337 2.42743e-05
338 1.69388e-05
339 2.09293e-05
340 2.47505e-05
341 1.59505e-05
342 2.23734e-05
343 2.24459e-05
344 2.09601e-05
345 1.7284e-05
346 2.00532e-05
347 1.6716e-05
348 2.63317e-05
349 2.07317e-05
350 2.12909e-05
351 2.13565e-05
352 1.94629e-05
353 1.67124e-05
354 2.24532e-05
355 1.8023e-05
356 2.0635e-05
357 2.22707e-05
358 1.93664e-05
359 1.89946e-05
360 1.91505e-05
361 2.15459e-05
362 2.40532e-05
363 1.77707e-05
364 2.21148e-05
365 2.42326e-05
366 1.87124e-05
367 2.57592e-05
368 2.30937e-05
369 1.98326e-05
370 2.09946e-05
371 2.53431e-05
372 2.17329e-05
373 2.25946e-05
374 2.11046e-05
375 1.98363e-05
376 2.00513e-05
377 1.81335e-05
378 2.04945e-05
379 2.09601e-05
380 1.80266e-05
381 1.62468e-05
382 1.95082e-05
383 2.49178e-05
384 1.7961e-05
385 1.8023e-05
386 2.4107e-05
387 1.84673e-05
388 2.42665e-05
389 1.53707e-05
390 2.34018e-05
391 1.78363e-05
392 2.05982e-05
393 1.88913e-05
394 2.12945e-05
395 1.75432e-05
396 2.31468e-05
397 1.73329e-05
398 1.89565e-05
399 1.88876e-05
400 2.11885e-05
401 1.91505e-05
402 1.9329e-05
403 2.09221e-05
404 1.85018e-05
405 1.75229e-05
406 2.01362e-05
407 1.82363e-05
408 2.74458e-05
409 1.6316e-05
410 1.99351e-05
411 1.86671e-05
412 1.72565e-05
413 2.24319e-05
414 1.86743e-05
415 1.80565e-05
416 1.62156e-05
417 1.83088e-05
418 2.02091e-05
419 2.45148e-05
420 1.9478e-05
421 1.8484e-05
422 1.55468e-05
423 2.06432e-05
424 2.04532e-05
425 2.27495e-05
426 1.44224e-05
427 1.80945e-05
428 1.94363e-05
429 1.74816e-05
430 1.54399e-05
431 2.12394e-05
432 1.6861e-05
433 1.50432e-05
434 1.64732e-05
435 1.99088e-05
436 2.07807e-05
437 2.13895e-05
438 2.15423e-05
439 1.73008e-05
440 2.15813e-05
441 1.89257e-05
442 1.84876e-05
443 1.42707e-05
444 1.72683e-05
445 1.57329e-05
446 1.6461e-05
447 1.93257e-05
448 2.0529e-05
449 2.17221e-05
450 1.47193e-05
451 1.90363e-05
452 2.1645e-05
453 1.43876e-05
454 1.66816e-05
455 2.07849e-05
456 1.79157e-05
457 1.38363e-05
458 1.87046e-05
459 1.7223e-05
460 1.8929e-05
461 1.67531e-05
462 1.71541e-05
463 1.47849e-05
464 2.02087e-05
465 1.32679e-05
466 2.22051e-05
467 2.06389e-05
468 1.97008e-05
469 2.10248e-05
470 1.77982e-05
471 1.92732e-05
472 1.39229e-05
473 1.73973e-05
474 1.95849e-05
475 1.47354e-05
476 2.19468e-05
477 2.23803e-05
478 1.84151e-05
479 1.78501e-05
480 2.11803e-05
481 1.59088e-05
482 1.79813e-05
483 1.26707e-05
484 1.59328e-05
485 1.58743e-05
486 1.83771e-05
487 1.67052e-05
488 1.6167e-05
489 1.95885e-05
490 1.31505e-05
491 1.60193e-05
492 1.63813e-05
493 1.98698e-05
494 1.87564e-05
495 1.67849e-05
496 1.77215e-05
497 1.39124e-05
498 1.3223e-05
499 2.11468e-05
500 1.18858e-05
501 2.0423e-05
502 2.01257e-05
503 1.31088e-05
504 1.60913e-05
505 1.73982e-05
506 2.08115e-05
507 2.10326e-05
508 1.68325e-05
509 2.12151e-05
510 1.93398e-05
511 1.84459e-05
512 1.49359e-05
513 1.55115e-05
514 1.7306e-05
515 1.59193e-05
516 1.69707e-05
517 1.85674e-05
518 1.23432e-05
519 1.89946e-05
520 2.33973e-05
521 1.83849e-05
522 1.6191e-05
523 1.41027e-05
524 1.48266e-05
525 1.46399e-05
526 1.54869e-05
527 1.65257e-05
528 1.74504e-05
529 1.72193e-05
530 1.62399e-05
531 1.47918e-05
532 1.55813e-05
533 1.49638e-05
534 1.38743e-05
535 1.32955e-05
536 1.83196e-05
537 1.88679e-05
538 1.57565e-05
539 1.76982e-05
540 1.84913e-05
541 1.78363e-05
542 1.6484e-05
543 1.64193e-05
544 8.50635e-06
545 1.53293e-05
546 1.29149e-05
547 1.80532e-05
548 1.27577e-05
549 1.60325e-05
550 1.14885e-05
551 1.6278e-05
552 1.17221e-05
553 2.04256e-05
554 1.08302e-05
555 1.66051e-05
556 1.92896e-05
557 2.007e-05
558 1.53027e-05
559 1.73982e-05
560 1.81257e-05
561 1.50707e-05
562 1.57743e-05
563 1.26468e-05
564 1.66707e-05
565 1.36302e-05
566 2.03698e-05
567 1.25372e-05
568 1.70018e-05
569 1.97743e-05
570 1.48706e-05
571 1.42743e-05
572 1.72949e-05
573 1.57776e-05
574 2.06311e-05
575 1.6461e-05
576 1.97638e-05
577 1.4061e-05
578 1.44266e-05
579 1.83042e-05
580 1.4023e-05
581 1.45149e-05
582 1.54051e-05
583 1.59876e-05
584 1.88148e-05
585 1.66629e-05
586 1.60991e-05
587 1.69601e-05
588 1.39885e-05
589 1.31849e-05
590 1.8823e-05
591 1.39124e-05
592 1.80193e-05
593 1.38123e-05
594 1.30087e-05
595 1.29716e-05
596 1.54707e-05
597 1.43229e-05
598 1.47052e-05
599 1.2067e-05
600 1.66435e-05
601 1.52319e-05
602 1.38399e-05
603 2.04885e-05
604 1.70399e-05
605 1.84604e-05
606 1.93529e-05
607 1.8822e-05
608 1.33743e-05
609 1.81638e-05
610 1.9916e-05
611 2.08496e-05
612 1.38743e-05
613 1.32266e-05
614 1.60982e-05
615 1.53779e-05
616 1.42123e-05
617 1.79009e-05
618 1.57946e-05
619 1.16459e-05
620 1.83734e-05
621 1.90743e-05
622 1.89565e-05
623 1.6322e-05
624 1.99803e-05
625 1.77773e-05
626 1.39124e-05
627 1.48053e-05
628 1.4761e-05
629 1.62091e-05
630 1.3623e-05
631 1.79317e-05
632 1.6167e-05
633 1.33707e-05
634 1.43124e-05
635 1.21441e-05
636 1.55918e-05
637 1.23124e-05
638 1.39922e-05
639 1.35807e-05
640 1.23885e-05
641 1.6719e-05
642 1.13848e-05
643 2.2022e-05
644 1.88945e-05
645 1.64998e-05
646 1.2461e-05
647 9.62659e-06
648 1.87147e-05
649 1.42743e-05
650 1.58051e-05
651 1.61805e-05
652 1.15124e-05
653 1.36266e-05
654 1.5223e-05
655 1.46776e-05
656 1.67088e-05
657 1.45779e-05
658 1.15193e-05
659 1.43124e-05
660 1.35885e-05
661 1.4461e-05
662 1.40266e-05
663 1.48876e-05
664 1.06097e-05
665 1.5916e-05
666 1.31124e-05
667 1.2278e-05
668 1.75157e-05
669 1.15885e-05
670 2.00972e-05
671 1.04955e-05
672 1.58504e-05
673 1.79088e-05
674 1.57946e-05
675 1.37638e-05
676 1.64768e-05
677 1.86113e-05
678 1.39505e-05
679 1.54743e-05
680 1.15124e-05
681 1.41982e-05
682 1.31954e-05
683 1.00193e-05
684 1.30018e-05
685 1.41638e-05
686 1.36574e-05
687 1.22468e-05
688 1.79296e-05
689 1.74435e-05
690 1.02573e-05
691 1.25716e-05
692 1.42018e-05
693 1.52302e-05
694 1.67885e-05
695 9.64336e-06
696 1.78051e-05
697 1.0823e-05
698 1.30054e-05
699 1.58849e-05
700 1.78625e-05
701 1.48789e-05
702 1.53674e-05
703 1.37326e-05
704 1.39577e-05
705 1.3623e-05
706 1.39991e-05
707 1.70051e-05
708 1.95115e-05
709 1.75734e-05
710 1.01477e-05
711 1.43124e-05
712 1.14812e-05
713 1.6823e-05
714 1.4678e-05
715 1.57326e-05
716 1.11991e-05
717 1.27918e-05
718 1.00991e-05
719 1.48604e-05
720 1.55876e-05
721 1.40647e-05
722 1.38743e-05
723 1.11918e-05
724 9.40873e-06
725 1.44909e-05
726 1.69982e-05
727 1.40876e-05
728 1.40982e-05
729 1.66363e-05
730 1.18606e-05
731 1.48528e-05
732 1.37982e-05
733 1.7032e-05
734 1.83771e-05
735 1.37946e-05
736 1.09743e-05
737 1.3516e-05
738 1.30812e-05
739 1.80151e-05
740 1.44913e-05
741 1.31807e-05
742 1.50015e-05
743 1.1623e-05
744 1.2061e-05
745 1.51849e-05
746 1.40302e-05
747 1.52496e-05
748 1.25743e-05
749 1.78363e-05
750 1.44913e-05
751 1.18326e-05
752 1.48574e-05
753 1.51505e-05
754 1.00955e-05
755 1.68673e-05
756 1.77601e-05
757 1.58018e-05
758 1.04329e-05
759 1.26504e-05
760 1.85707e-05
761 1.37674e-05
762 8.71602e-06
763 1.68532e-05
764 1.39541e-05
765 1.44706e-05
766 9.34079e-06
767 1.52293e-05
768 1.15505e-05
769 1.43088e-05
770 1.34921e-05
771 1.66426e-05
772 1.20574e-05
773 1.68982e-05
774 1.81211e-05
775 1.66743e-05
776 9.62297e-06
777 1.17372e-05
778 8.96704e-06
779 1.3771e-05
780 1.08955e-05
781 1.19528e-05
782 1.75872e-05
783 9.18853e-06
784 1.20302e-05
785 1.5415e-05
786 1.22087e-05
787 1.24299e-05
788 1.31088e-05
789 1.11574e-05
790 1.15265e-05
791 1.62045e-05
792 1.23124e-05
793 1.51088e-05
794 1.57326e-05
795 1.38156e-05
796 1.48266e-05
797 1.5184e-05
798 1.51807e-05
799 1.14743e-05
800 1.58435e-05
801 1.23432e-05
802 1.7478e-05
803 1.4716e-05
804 1.41716e-05
805 1.24679e-05
806 1.79147e-05
807 1.27849e-05
808 1.45982e-05
809 1.42812e-05
810 1.44335e-05
811 1.4461e-05
812 1.74743e-05
813 1.08716e-05
814 1.23468e-05
815 1.25601e-05
816 1.45752e-05
817 1.53982e-05
818 1.23157e-05
819 1.4461e-05
820 1.0423e-05
821 1.11124e-05
822 1.34051e-05
823 1.37293e-05
824 9.53641e-06
825 1.22087e-05
826 1.34395e-05
827 1.3816e-05
828 2.12496e-05
829 1.52459e-05
830 1.31088e-05
831 1.50432e-05
832 1.19849e-05
833 1.66426e-05
834 9.69548e-06
835 1.2278e-05
836 1.22291e-05
837 1.14087e-05
838 1.57601e-05
839 1.25431e-05
840 1.04991e-05
841 7.90878e-06
842 1.34363e-05
843 1.18885e-05
844 1.57257e-05
845 1.17812e-05
846 9.73717e-06
847 1.51978e-05
848 1.29335e-05
849 1.57727e-05
850 8.2133e-06
851 1.0061e-05
852 1.07849e-05
853 1.19709e-05
854 1.50501e-05
855 8.90272e-06
856 1.18672e-05
857 1.58087e-05
858 8.53717e-06
859 1.6716e-05
860 1.27885e-05
861 1.32565e-05
862 1.47082e-05
863 1.18363e-05
864 1.65638e-05
865 1.13982e-05
866 1.53362e-05
867 1.0461e-05
868 1.00663e-05
869 1.09716e-05
870 1.13664e-05
871 1.1816e-05
872 1.20293e-05
873 1.73931e-05
874 1.29868e-05
875 1.13335e-05
876 1.28329e-05
877 1.32193e-05
878 1.53982e-05
879 9.82221e-06
880 1.36302e-05
881 1.58363e-05
882 1.05716e-05
883 1.55124e-05
884 1.41257e-05
885 1.07541e-05
886 1.18363e-05
887 1.14743e-05
888 1.26113e-05
889 1.47124e-05
890 1.06743e-05
891 1.47213e-05
892 1.61674e-05
893 1.11229e-05
894 8.43974e-06
895 7.4133e-06
896 1.39124e-05
897 1.28532e-05
898 1.11124e-05
899 1.0698e-05
900 1.0861e-05
901 1.38054e-05
902 7.54322e-06
903 1.34054e-05
904 1.09027e-05
905 9.99181e-06
906 8.49548e-06
907 9.04679e-06
908 1.02918e-05
909 1.00647e-05
910 1.29257e-05
911 1.19298e-05
912 1.31876e-05
913 1.11541e-05
914 9.63349e-06
915 1.20909e-05
916 1.36574e-05
917 1.32053e-05
918 1.75734e-05
919 1.08266e-05
920 1.20601e-05
921 1.01335e-05
922 1.58843e-05
923 1.26849e-05
924 1.21674e-05
925 1.3623e-05
926 9.9193e-06
927 1.19292e-05
928 1.25752e-05
929 9.47796e-06
930 1.39885e-05
931 1.15541e-05
932 1.52913e-05
933 1.2023e-05
934 1.39124e-05
935 1.41674e-05
936 1.03991e-05
937 1.25326e-05
938 1.7029e-05
939 1.25326e-05
940 1.14435e-05
941 7.82977e-06
942 1.17293e-05
943 8.35409e-06
944 1.74973e-05
945 1.49422e-05
946 1.12565e-05
947 1.21018e-05
948 1.1561e-05
949 1.2129e-05
950 1.15505e-05
951 1.1623e-05
952 1.1708e-05
953 1.32876e-05
954 9.58853e-06
955 1.19229e-05
956 1.36637e-05
957 1.30707e-05
958 1.21113e-05
959 9.55409e-06
960 1.35627e-05
961 1.68804e-05
962 9.55046e-06
963 1.09638e-05
964 1.08266e-05
965 1.34743e-05
966 9.95736e-06
967 1.35046e-05
968 1.38504e-05
969 1.24299e-05
970 1.00266e-05
971 1.27813e-05
972 1.11468e-05
973 1.24913e-05
974 1.00388e-05
975 1.35151e-05
976 9.77463e-06
977 1.27229e-05
978 1.69848e-05
979 9.85369e-06
980 1.10399e-05
981 1.20193e-05
982 1.41221e-05
983 1.26912e-05
984 1.44804e-05
985 1.22743e-05
986 1.03088e-05
987 1.45398e-05
988 1.29566e-05
989 1.48876e-05
990 1.33805e-05
991 1.04574e-05
992 1.0953e-05
993 1.26911e-05
994 1.17051e-05
995 1.18186e-05
996 1.25674e-05
997 1.07768e-05
998 1.22395e-05
999 0
