0 0
1 0
2 0
3 0
4 0
5 0
6 0
7 0
8 0
9 0
10 0
11 0
12 0
13 0
14 0
15 0
16 0
17 4e-07
18 0
19 0
20 4e-07
21 0
22 4e-07
23 8e-07
24 4e-07
25 4e-07
26 0
27 4e-07
28 0
29 0
30 0
31 0
32 4e-07
33 8e-07
34 0
35 0
36 4e-07
37 0
38 0
39 0
40 4e-07
41 0
42 0
43 0
44 0
45 0
46 0
47 0
48 0
49 0
50 0
51 0
52 0
53 8e-07
54 0
55 8e-07
56 4e-07
57 4e-07
58 4e-07
59 8e-07
60 0
61 4e-07
62 0
63 4e-07
64 0
65 0
66 4e-07
67 0
68 4e-07
69 8e-07
70 4e-07
71 4e-07
72 4e-07
73 8e-07
74 7.61935e-07
75 1.2e-06
76 0
77 4e-07
78 0
79 0
80 1.2e-06
81 4e-07
82 3.61935e-07
83 8e-07
84 8e-07
85 0
86 0
87 4e-07
88 8e-07
89 1.6e-06
90 8e-07
91 0
92 4e-07
93 2e-06
94 1.96193e-06
95 0
96 4e-07
97 4e-07
98 8e-07
99 8e-07
100 1.6e-06
101 1.2e-06
102 2.4e-06
103 1.6e-06
104 8e-07
105 1.6e-06
106 1.6e-06
107 8e-07
108 1.6e-06
109 1.2e-06
110 3.61935e-07
111 8e-07
112 8e-07
113 1.2e-06
114 4e-07
115 1.2e-06
116 0
117 0
118 2.4e-06
119 1.56193e-06
120 2.32387e-06
121 2e-06
122 1.16193e-06
123 1.16193e-06
124 4e-07
125 0
126 1.6e-06
127 2.4e-06
128 1.6e-06
129 4e-07
130 1.6e-06
131 2e-06
132 1.2e-06
133 4e-07
134 8e-07
135 2.36193e-06
136 2e-06
137 1.6e-06
138 8e-07
139 2.32387e-06
140 8e-07
141 2.8e-06
142 3.56193e-06
143 4e-07
144 1.92749e-06
145 1.2e-06
146 7.61935e-07
147 1.6e-06
148 1.6e-06
149 3.96193e-06
150 2.4e-06
151 2.4e-06
152 2e-06
153 2.36193e-06
154 0
155 2.36193e-06
156 2e-06
157 1.52387e-06
158 8e-07
159 2.8e-06
160 2.76193e-06
161 8e-07
162 2e-06
163 2e-06
164 2.4e-06
165 2e-06
166 2.76193e-06
167 2.36193e-06
168 2.8e-06
169 1.52387e-06
170 2.4e-06
171 1.96193e-06
172 1.2e-06
173 4e-07
174 3.56193e-06
175 2.8e-06
176 1.6e-06
177 2.76193e-06
178 2.4e-06
179 2.8e-06
180 1.2e-06
181 2.4e-06
182 2.72387e-06
183 1.6e-06
184 2e-06
185 1.6e-06
186 3.96193e-06
187 2.8e-06
188 1.6e-06
189 2e-06
190 2.76193e-06
191 2.36193e-06
192 2.32749e-06
193 2.72387e-06
194 2e-06
195 2.4e-06
196 2.4e-06
197 1.52387e-06
198 1.6e-06
199 2.4e-06
200 2.8e-06
201 1.96193e-06
202 2.76193e-06
203 2.4e-06
204 2.8e-06
205 1.16193e-06
206 2e-06
207 2.4e-06
208 4.36193e-06
209 1.96193e-06
210 1.96193e-06
211 2.76193e-06
212 2.4e-06
213 2.76193e-06
214 1.56193e-06
215 1.16193e-06
216 3.12749e-06
217 2.36193e-06
218 3.52387e-06
219 3.96193e-06
220 2.4e-06
221 2.8e-06
222 4.36193e-06
223 4.32749e-06
224 4.4e-06
225 3.2e-06
226 2.8e-06
227 3.56193e-06
228 3.96193e-06
229 3.2e-06
230 5.2e-06
231 3.6e-06
232 2.8e-06
233 3.92387e-06
234 2.4e-06
235 2.8e-06
236 1.52749e-06
237 3.48943e-06
238 1.6e-06
239 2.4e-06
240 3.2e-06
241 4.4e-06
242 4.76193e-06
243 2.76193e-06
244 3.96193e-06
245 1.2e-06
246 2.4e-06
247 2e-06
248 3.56193e-06
249 3.56193e-06
250 4.8e-06
251 2.76193e-06
252 3.16193e-06
253 2e-06
254 2e-06
255 2.72749e-06
256 3.12387e-06
257 2.32387e-06
258 5.16193e-06
259 4.72749e-06
260 4.4e-06
261 2e-06
262 3.16193e-06
263 4.8e-06
264 3.96193e-06
265 5.16193e-06
266 4.2858e-06
267 3.52749e-06
268 4.32387e-06
269 2e-06
270 1.6e-06
271 4.4e-06
272 3.96193e-06
273 4e-06
274 4.8e-06
275 1.6e-06
276 4e-06
277 2.8e-06
278 3.16193e-06
279 1.6e-06
280 2.8e-06
281 3.6e-06
282 3.96193e-06
283 6.36193e-06
284 3.96193e-06
285 6.6858e-06
286 2.36193e-06
287 2.72387e-06
288 6.2858e-06
289 4.32387e-06
290 5.6e-06
291 5.52387e-06
292 5.2e-06
293 5.16193e-06
294 4.72387e-06
295 7.81692e-06
296 5.52387e-06
297 2.76193e-06
298 3.4858e-06
299 5.16193e-06
300 7.12387e-06
301 5.92387e-06
302 6.8e-06
303 3.56193e-06
304 2.36193e-06
305 2.72387e-06
306 5.96193e-06
307 5.16193e-06
308 6.24774e-06
309 1.52749e-06
310 5.6e-06
311 2.2858e-06
312 3.4858e-06
313 6e-06
314 6.8e-06
315 5.8858e-06
316 2.4e-06
317 4.32387e-06
318 1.6e-06
319 4.72387e-06
320 7.96193e-06
321 6.36193e-06
322 5.12387e-06
323 4.2858e-06
324 3.6e-06
325 6.97523e-06
326 7.52387e-06
327 3.16193e-06
328 7.40967e-06
329 3.48943e-06
330 5.52749e-06
331 6.76193e-06
332 3.88943e-06
333 5.12387e-06
334 6.6858e-06
335 4.36193e-06
336 5.16193e-06
337 4.4e-06
338 7.08943e-06
339 5.05136e-06
340 5.08943e-06
341 4.36193e-06
342 2.4e-06
343 4.32387e-06
344 5.96193e-06
345 6.36193e-06
346 8e-06
347 5.96193e-06
348 5.16193e-06
349 3.16193e-06
350 4.8e-06
351 3.56193e-06
352 6.36193e-06
353 4e-06
354 6.2133e-06
355 6.4e-06
356 5.2e-06
357 6.4e-06
358 7.92387e-06
359 3.96193e-06
360 5.45136e-06
361 3.56193e-06
362 3.8858e-06
363 5.56193e-06
364 4.64774e-06
365 5.6e-06
366 6.8e-06
367 6.76193e-06
368 6.2858e-06
369 5.2e-06
370 4e-06
371 5.52387e-06
372 4.2858e-06
373 5.52387e-06
374 8.2858e-06
375 2.4e-06
376 6.4e-06
377 6.32387e-06
378 6.24774e-06
379 5.85136e-06
380 2.76193e-06
381 5.0858e-06
382 4.36193e-06
383 5.52387e-06
384 7.12387e-06
385 4.4e-06
386 6.8e-06
387 5.33717e-06
388 5.12387e-06
389 6e-06
390 5.56193e-06
391 5.0858e-06
392 5.6e-06
393 3.96193e-06
394 4.8e-06
395 7.8858e-06
396 6.72387e-06
397 3.6e-06
398 5.96193e-06
399 6e-06
400 4.32387e-06
401 8.6858e-06
402 9.4858e-06
403 5.96193e-06
404 4.6858e-06
405 5.80967e-06
406 6.8e-06
407 3.6e-06
408 7.08943e-06
409 5.56193e-06
410 6.76193e-06
411 7.0858e-06
412 9.92387e-06
413 6.28943e-06
414 5.48943e-06
415 9.05136e-06
416 4.72387e-06
417 5.4858e-06
418 5.8858e-06
419 8.32749e-06
420 8.60967e-06
421 6.65136e-06
422 5.8133e-06
423 7.12387e-06
424 7.0858e-06
425 5.2e-06
426 3.92387e-06
427 5.85136e-06
428 3.6e-06
429 6.2858e-06
430 7.12387e-06
431 7.56193e-06
432 5.56193e-06
433 6.76193e-06
434 7.45136e-06
435 5.12387e-06
436 5.56193e-06
437 5.08943e-06
438 3.96193e-06
439 3.88943e-06
440 7.8133e-06
441 5.6e-06
442 3.2e-06
443 5.85136e-06
444 5.2e-06
445 4.32387e-06
446 5.6e-06
447 5.96193e-06
448 6.6858e-06
449 6.2858e-06
450 5.96193e-06
451 4.32387e-06
452 5.6e-06
453 6.2858e-06
454 6.36193e-06
455 6.36193e-06
456 6.20967e-06
457 7.52387e-06
458 6.60967e-06
459 5.4858e-06
460 4.32387e-06
461 4.36193e-06
462 5.2e-06
463 5.12387e-06
464 7.52387e-06
465 9.16193e-06
466 7.04774e-06
467 7.48943e-06
468 5.12387e-06
469 5.12387e-06
470 3.6e-06
471 4.4e-06
472 5.6e-06
473 5.96193e-06
474 5.96193e-06
475 8.68943e-06
476 4.36193e-06
477 7.16193e-06
478 5.92387e-06
479 4.36193e-06
480 6.97523e-06
481 7.0133e-06
482 7.6e-06
483 6.76193e-06
484 7.8133e-06
485 8.32387e-06
486 7.52387e-06
487 3.96193e-06
488 7.8858e-06
489 9.16193e-06
490 7.4858e-06
491 9.4858e-06
492 5.16193e-06
493 6.36193e-06
494 4.24774e-06
495 7.16193e-06
496 5.92387e-06
497 4.2858e-06
498 7.92387e-06
499 4.65136e-06
500 9.16193e-06
501 7.16193e-06
502 7.05136e-06
503 9.8858e-06
504 5.92387e-06
505 1.16e-05
506 6.76193e-06
507 5.16193e-06
508 7.12387e-06
509 7.4858e-06
510 3.05136e-06
511 6.2858e-06
512 5.16193e-06
513 6.97523e-06
514 5.12387e-06
515 8.2133e-06
516 7.77523e-06
517 5.56193e-06
518 7.0133e-06
519 5.0858e-06
520 6e-06
521 8.54079e-06
522 8.97523e-06
523 9.04774e-06
524 5.56193e-06
525 8.36193e-06
526 9.92749e-06
527 8.93717e-06
528 6.32387e-06
529 7.2e-06
530 5.96193e-06
531 9.77523e-06
532 7.88943e-06
533 7.84774e-06
534 1.07619e-05
535 3.92749e-06
536 9.52387e-06
537 6.6858e-06
538 7.4202e-06
539 5.16193e-06
540 1.02477e-05
541 9.37523e-06
542 6.76193e-06
543 8.24774e-06
544 7.92387e-06
545 8.24774e-06
546 8.28943e-06
547 6.64774e-06
548 7.92387e-06
549 4.36193e-06
550 8.17885e-06
551 5.52387e-06
552 7.08943e-06
553 5.78575e-06
554 7.48943e-06
555 7.96193e-06
556 5.44774e-06
557 9.92387e-06
558 1.05752e-05
559 6.4e-06
560 9.44774e-06
561 7.12749e-06
562 8.2858e-06
563 3.85136e-06
564 6.53717e-06
565 5.09633e-06
566 4.72387e-06
567 7.2e-06
568 5.6e-06
569 8.13717e-06
570 4.76193e-06
571 3.92387e-06
572 7.12387e-06
573 6e-06
574 6.36193e-06
575 9.84774e-06
576 8.68943e-06
577 7.74769e-06
578 4.8e-06
579 7.2e-06
580 1.10477e-05
581 7.12387e-06
582 4.76193e-06
583 8.57161e-06
584 7.8202e-06
585 5.792e-06
586 6.65136e-06
587 7.77885e-06
588 5.52749e-06
589 5.4858e-06
590 7.80967e-06
591 7.0858e-06
592 6.6858e-06
593 5.2e-06
594 5.92387e-06
595 7.4858e-06
596 5.2e-06
597 7.52387e-06
598 5.56193e-06
599 6.2133e-06
600 6.76193e-06
601 5.85136e-06
602 5.16193e-06
603 5.92387e-06
604 8.68943e-06
605 7.52387e-06
606 7.2e-06
607 7.84774e-06
608 9.2991e-06
609 3.96193e-06
610 5.85136e-06
611 5.92387e-06
612 5.05136e-06
613 6.6858e-06
614 7.16193e-06
615 3.96193e-06
616 8.06104e-06
617 7.52387e-06
618 8.4991e-06
619 7.92387e-06
620 7.84774e-06
621 7.78575e-06
622 8.17523e-06
623 7.92387e-06
624 7.80967e-06
625 5.12387e-06
626 7.74079e-06
627 6.4e-06
628 7.96193e-06
629 5.0202e-06
630 6.24774e-06
631 7.52749e-06
632 8.73344e-06
633 1.01335e-05
634 4.36193e-06
635 7.04774e-06
636 5.08943e-06
637 9.45136e-06
638 9.8858e-06
639 6.25826e-06
640 6.64774e-06
641 5.56193e-06
642 6e-06
643 4.54079e-06
644 4.32387e-06
645 4.65136e-06
646 3.38575e-06
647 4.76193e-06
648 9.37161e-06
649 5.16193e-06
650 7.52387e-06
651 3.96193e-06
652 5.52387e-06
653 1.12683e-05
654 7.56193e-06
655 4.65826e-06
656 6.97885e-06
657 8.53354e-06
658 6.4e-06
659 3.48943e-06
660 3.8858e-06
661 6.86104e-06
662 7.34079e-06
663 7.0133e-06
664 7.2e-06
665 8.32749e-06
666 5.44774e-06
667 6.32387e-06
668 7.44774e-06
669 7.4858e-06
670 8.53354e-06
671 7.56193e-06
672 7.0133e-06
673 1.04991e-05
674 6.32387e-06
675 6.36193e-06
676 7.4858e-06
677 5.96193e-06
678 7.4858e-06
679 8.72387e-06
680 7.05136e-06
681 8.53717e-06
682 1.14097e-05
683 4.72387e-06
684 9.12387e-06
685 5.12387e-06
686 8.4991e-06
687 9.44774e-06
688 7.37523e-06
689 5.52387e-06
690 3.4133e-06
691 6.32387e-06
692 1.01752e-05
693 7.34407e-06
694 4e-06
695 8.2133e-06
696 7.92749e-06
697 6.2202e-06
698 7.8133e-06
699 4.20967e-06
700 9.37161e-06
701 8.36193e-06
702 7.12749e-06
703 8.25136e-06
704 7.74079e-06
705 9.04774e-06
706 6.32749e-06
707 1.03239e-05
708 6.6858e-06
709 7.0133e-06
710 5.2e-06
711 4.32387e-06
712 7.0858e-06
713 5.85498e-06
714 8.24774e-06
715 6.25136e-06
716 1.11088e-05
717 8.64774e-06
718 8.93354e-06
719 8.64774e-06
720 8.24774e-06
721 7.0133e-06
722 3.52749e-06
723 4.72387e-06
724 7.8858e-06
725 5.08943e-06
726 8.57523e-06
727 6.2858e-06
728 7.4858e-06
729 7.4858e-06
730 8.24774e-06
731 6.57885e-06
732 7.30635e-06
733 6.97523e-06
734 4.65136e-06
735 8.6133e-06
736 7.8858e-06
737 3.8858e-06
738 4e-06
739 5.04774e-06
740 1.08e-05
741 8.2133e-06
742 3.56193e-06
743 6.4e-06
744 7.56193e-06
745 1.14477e-05
746 1.18133e-05
747 6.72387e-06
748 7.84774e-06
749 5.05136e-06
750 9.52387e-06
751 8.64774e-06
752 9.04774e-06
753 9.37523e-06
754 3.8202e-06
755 9.37161e-06
756 5.52387e-06
757 8.54079e-06
758 9.04774e-06
759 7.52749e-06
760 5.84774e-06
761 5.16193e-06
762 1.20647e-05
763 8.64774e-06
764 9.31325e-06
765 9.16193e-06
766 6.97161e-06
767 5.92387e-06
768 9.41692e-06
769 7.05136e-06
770 8.2858e-06
771 6.53717e-06
772 7.40967e-06
773 6.32387e-06
774 5.84774e-06
775 1.22894e-05
776 4.14079e-06
777 5.85136e-06
778 8.32387e-06
779 5.12387e-06
780 9.33354e-06
781 7.16193e-06
782 8.8991e-06
783 8.36193e-06
784 8.64774e-06
785 5.08943e-06
786 7.77161e-06
787 7.80967e-06
788 9.0202e-06
789 7.8858e-06
790 6.24774e-06
791 6.72749e-06
792 6.2858e-06
793 9.4133e-06
794 7.80967e-06
795 4.6133e-06
796 7.92387e-06
797 7.52387e-06
798 8.72387e-06
799 5.96193e-06
800 7.26104e-06
801 7.30272e-06
802 6.2133e-06
803 6.72387e-06
804 9.4858e-06
805 7.12387e-06
806 6.76193e-06
807 6.28943e-06
808 8.14079e-06
809 6.72749e-06
810 4.69633e-06
811 7.2e-06
812 8.2133e-06
813 8.24774e-06
814 6.51325e-06
815 9.77161e-06
816 3.8202e-06
817 6.97885e-06
818 7.52387e-06
819 6.36193e-06
820 9.29548e-06
821 8.17161e-06
822 5.84774e-06
823 3.4858e-06
824 7.45136e-06
825 7.92749e-06
826 6.60967e-06
827 6.72387e-06
828 5.2e-06
829 8.2858e-06
830 7.30272e-06
831 4.72749e-06
832 6.76193e-06
833 6.17523e-06
834 7.92387e-06
835 1.08991e-05
836 7.44774e-06
837 9.0858e-06
838 6.72387e-06
839 8.94079e-06
840 5.84774e-06
841 1.09752e-05
842 1.07239e-05
843 5.78575e-06
844 8.8991e-06
845 9.37523e-06
846 7.08943e-06
847 9.73717e-06
848 5.16193e-06
849 7.04774e-06
850 6.76193e-06
851 7.52387e-06
852 7.96193e-06
853 5.4858e-06
854 7.0858e-06
855 7.8133e-06
856 6.2858e-06
857 7.74407e-06
858 1.09408e-05
859 7.48943e-06
860 7.0858e-06
861 6.54441e-06
862 7.92387e-06
863 8.50272e-06
864 1.09441e-05
865 6.20967e-06
866 8.13717e-06
867 5.80967e-06
868 9.33717e-06
869 9.12387e-06
870 7.78213e-06
871 8.68943e-06
872 5.92387e-06
873 8.32387e-06
874 5.8858e-06
875 9.77885e-06
876 4.2858e-06
877 6.18248e-06
878 7.70635e-06
879 8.6133e-06
880 1.05335e-05
881 6.36193e-06
882 5.08943e-06
883 7.56193e-06
884 6.8e-06
885 6.68943e-06
886 5.56193e-06
887 7.2e-06
888 1.02858e-05
889 3.8858e-06
890 7.34441e-06
891 7.45136e-06
892 8.72387e-06
893 9.37885e-06
894 1.03541e-05
895 6.32387e-06
896 8.57161e-06
897 5.12387e-06
898 7.52387e-06
899 9.53641e-06
900 1.14133e-05
901 9.04774e-06
902 9.33717e-06
903 7.44774e-06
904 9.63349e-06
905 5.40967e-06
906 8.2858e-06
907 7.85136e-06
908 4.94079e-06
909 9.2991e-06
910 8.07156e-06
911 6.25826e-06
912 8.57161e-06
913 7.4133e-06
914 1.10477e-05
915 6.46466e-06
916 8.47156e-06
917 9.45136e-06
918 7.12387e-06
919 7.37885e-06
920 7.0858e-06
921 8.14079e-06
922 8.61692e-06
923 8.24774e-06
924 4.32387e-06
925 6.54079e-06
926 8.54079e-06
927 4.32387e-06
928 5.8858e-06
929 4.97523e-06
930 7.0133e-06
931 7.66104e-06
932 5.92387e-06
933 5.80967e-06
934 9.8133e-06
935 8.45741e-06
936 5.56193e-06
937 5.52387e-06
938 8.97161e-06
939 4.36193e-06
940 6.65136e-06
941 7.16193e-06
942 5.45136e-06
943 7.84774e-06
944 6.97523e-06
945 6.69633e-06
946 9.38213e-06
947 7.26794e-06
948 7.0202e-06
949 7.52387e-06
950 4.72387e-06
951 6.24774e-06
952 9.52387e-06
953 6.57885e-06
954 7.33717e-06
955 6.2858e-06
956 8.76193e-06
957 8.10635e-06
958 8.21692e-06
959 8.28943e-06
960 6.53717e-06
961 6.2858e-06
962 8.29633e-06
963 6.97161e-06
964 8.06794e-06
965 9.04774e-06
966 7.48943e-06
967 7.04774e-06
968 6.42987e-06
969 7.80967e-06
970 7.12387e-06
971 7.74407e-06
972 4.36193e-06
973 4.20967e-06
974 9.0858e-06
975 6.53717e-06
976 4.6858e-06
977 7.4133e-06
978 6.65136e-06
979 7.48943e-06
980 9.04774e-06
981 8.6858e-06
982 1.01752e-05
983 6.32387e-06
984 6.41582e-06
985 8.93717e-06
986 8.18213e-06
987 7.44774e-06
988 6.63006e-06
989 6.82297e-06
990 1.09335e-05
991 5.84774e-06
992 7.30635e-06
993 1.0061e-05
994 5.0133e-06
995 7.44774e-06
996 6.6133e-06
997 1.14133e-05
998 8.97885e-06
999 0
