0 0
1 0.00028
2 0.000616
3 0.0009
4 0.000945886
5 0.001116
6 0.00131894
7 0.00137283
8 0.00133177
9 0.00143977
10 0.00144483
11 0.00138073
12 0.00136021
13 0.00119526
14 0.0010766
15 0.00124713
16 0.00114419
17 0.00104485
18 0.00102166
19 0.0010702
20 0.00118124
21 0.0010879
22 0.00108504
23 0.000984373
24 0.000998301
25 0.00095913
26 0.0010446
27 0.00103103
28 0.000883257
29 0.000888915
30 0.000917658
31 0.00091913
32 0.000840086
33 0.000885684
34 0.000775971
35 0.0008582
36 0.000788086
37 0.000750614
38 0.000716399
39 0.000749557
40 0.0007582
41 0.000763959
42 0.000735544
43 0.000743257
44 0.000621016
45 0.000689329
46 0.00073113
47 0.000684111
48 0.000639443
49 0.00071343
50 0.000682326
51 0.000631544
52 0.000633042
53 0.000640313
54 0.000587054
55 0.000672627
56 0.000670614
57 0.000629557
58 0.000510767
59 0.000555155
60 0.000654487
61 0.000585684
62 0.000636313
63 0.0005325
64 0.000553557
65 0.000533042
66 0.000557269
67 0.000589883
68 0.000534487
69 0.000565143
70 0.000577955
71 0.000526715
72 0.000498741
73 0.000526487
74 0.000535155
75 0.000527697
76 0.000440187
77 0.000558741
78 0.000501785
79 0.000490614
80 0.000446741
81 0.000500373
82 0.000451443
83 0.00049343
84 0.000459544
85 0.000438614
86 0.000538712
87 0.000437845
88 0.000485912
89 0.000447959
90 0.000459257
91 0.000454715
92 0.000466378
93 0.000438525
94 0.000412829
95 0.000403671
96 0.000429684
97 0.000348754
98 0.000399671
99 0.000464212
100 0.000365658
101 0.000455858
102 0.000411544
103 0.000399798
104 0.000380601
105 0.000378251
106 0.000336855
107 0.000398741
108 0.000398225
109 0.000375798
110 0.000421658
111 0.0003062
112 0.000355544
113 0.000389984
114 0.000399257
115 0.000471743
116 0.000433269
117 0.000449143
118 0.000377658
119 0.00034143
120 0.000400601
121 0.000345342
122 0.000339443
123 0.000405972
124 0.000435997
125 0.000404601
126 0.000282098
127 0.000390073
128 0.000364086
129 0.000365295
130 0.000323456
131 0.000383282
132 0.000354098
133 0.000362073
134 0.000360313
135 0.000340627
136 0.000304728
137 0.0003422
138 0.000335257
139 0.0002782
140 0.000375257
141 0.0004102
142 0.000355257
143 0.000379697
144 0.000304212
145 0.000402326
146 0.000310614
147 0.000293938
148 0.000256313
149 0.000358902
150 0.000278741
151 0.000304754
152 0.000357557
153 0.00030387
154 0.000264855
155 0.0003885
156 0.000331671
157 0.000363544
158 0.000320086
159 0.000265269
160 0.000336526
161 0.00029001
162 0.000242715
163 0.000325684
164 0.000275824
165 0.000297883
166 0.000268313
167 0.000322298
168 0.000291671
169 0.000296339
170 0.000282487
171 0.000331671
172 0.000320728
173 0.000309143
174 0.000305785
175 0.000307743
176 0.000296212
177 0.000304728
178 0.000297883
179 0.000268187
180 0.000273269
181 0.000288754
182 0.000336855
183 0.000279054
184 0.000341785
185 0.000280881
186 0.000316855
187 0.000234225
188 0.00030275
189 0.000284336
190 0.000340412
191 0.000318098
192 0.000317785
193 0.000255257
194 0.000233168
195 0.00025587
196 0.000230326
197 0.000248212
198 0.000235925
199 0.000307671
200 0.000237443
201 0.000266326
202 0.000279744
203 0.000276728
204 0.000317785
205 0.0003022
206 0.000269883
207 0.000224339
208 0.000270767
209 0.000277684
210 0.000245295
211 0.000276728
212 0.000254914
213 0.000248855
214 0.000251478
215 0.000229811
216 0.000285912
217 0.000210301
218 0.000282868
219 0.000226171
220 0.000245153
221 0.000236313
222 0.000235772
223 0.000230842
224 0.000303029
225 0.000261785
226 0.000248513
227 0.000327697
228 0.000273658
229 0.00025913
230 0.000249269
231 0.000246614
232 0.000232313
233 0.000239608
234 0.000258741
235 0.000246842
236 0.000220855
237 0.000246326
238 0.000266225
239 0.000184855
240 0.000162767
241 0.0002302
242 0.000273658
243 0.000199772
244 0.000230073
245 0.000238073
246 0.000293168
247 0.000214487
248 0.000180212
249 0.000228187
250 0.000229912
251 0.000255671
252 0.000231798
253 0.000231257
254 0.000241684
255 0.000269469
256 0.000245886
257 0.000168086
258 0.000232855
259 0.00025244
260 0.000212601
261 0.000250513
262 0.000228601
263 0.000264906
264 0.000229168
265 0.0001928
266 0.000276339
267 0.0002222
268 0.000202614
269 0.000204601
270 0.000221785
271 0.000171257
272 0.000290244
273 0.00022094
274 0.00021913
275 0.000228339
276 0.000273494
277 0.000206741
278 0.000209269
279 0.00023587
280 0.000152829
281 0.000258301
282 0.000220927
283 0.000207257
284 0.000230715
285 0.000239899
286 0.000198427
287 0.000240386
288 0.000233984
289 0.000180313
290 0.000190842
291 0.000209785
292 0.0002342
293 0.000226868
294 0.000226741
295 0.000217811
296 0.000193
297 0.000234741
298 0.000205342
299 0.00015094
300 0.000187257
301 0.000141785
302 0.000198614
303 0.000216627
304 0.000218326
305 0.000181244
306 0.000252276
307 0.000232601
308 0.000202842
309 0.0001942
310 0.000208286
311 0.000227383
312 0.000186326
313 0.000255671
314 0.000188023
315 0.000225557
316 0.000205244
317 0.0001902
318 0.000183383
319 0.000217494
320 0.000210525
321 0.000207355
322 0.000187798
323 0.000224754
324 0.000205269
325 0.00022957
326 0.000183383
327 0.000161785
328 0.000198487
329 0.000169269
330 0.000179772
331 0.000204313
332 0.000190994
333 0.0002062
334 0.000170614
335 0.000177984
336 0.000187329
337 0.000201497
338 0.000199257
339 0.000217244
340 0.000190842
341 0.000231282
342 0.000245684
343 0.000164313
344 0.000181684
345 0.000178868
346 0.000153523
347 0.000157984
348 0.00018137
349 0.000225269
350 0.000160855
351 0.000198842
352 0.000183068
353 0.000192712
354 0.0001622
355 0.0002182
356 0.000175409
357 0.000198453
358 0.000214399
359 0.000200124
360 0.000155282
361 0.000186487
362 0.00020137
363 0.000136927
364 0.000171959
365 0.000174741
366 0.000232339
367 0.000166842
368 0.000224339
369 0.000179257
370 0.000173143
371 0.000160855
372 0.000141269
373 0.00012937
374 0.00020333
375 0.00020563
376 0.000141785
377 0.000176855
378 0.00016313
379 0.000132513
380 0.000198868
381 0.000202378
382 0.000170741
383 0.000205143
384 0.000144754
385 0.000111925
386 0.000185269
387 0.00018044
388 0.000175282
389 0.000172855
390 0.00015551
391 0.000198842
392 0.000202741
393 0.00020713
394 0.000190652
395 0.000181785
396 0.000124728
397 0.000176728
398 0.000160991
399 0.000125769
400 0.000173215
401 0.000180927
402 0.000154842
403 0.000173244
404 0.000169469
405 0.000206073
406 0.000170525
407 0.000206725
408 0.000174842
409 0.000144285
410 0.000161722
411 0.000187971
412 0.000168513
413 0.000193469
414 0.00019421
415 0.000139671
416 0.000188313
417 0.000149054
418 0.000187798
419 0.000177422
420 0.000124855
421 0.000139798
422 0.000144313
423 0.000136313
424 0.000165811
425 0.000157269
426 0.000137007
427 0.000167798
428 0.000193054
429 0.000189494
430 0.000168801
431 0.000172728
432 0.000122741
433 0.000133912
434 0.000133054
435 0.000155383
436 0.000183798
437 0.000132927
438 0.000197984
439 0.000157143
440 0.000157269
441 0.000155582
442 0.000149857
443 0.000123671
444 0.000136513
445 0.000183671
446 0.000187257
447 0.000201785
448 0.000157658
449 0.000122011
450 0.000150842
451 0.000149497
452 0.000166741
453 0.000149396
454 0.000153007
455 0.000149785
456 0.000131671
457 0.000189443
458 0.000134715
459 0.000186111
460 0.000160124
461 0.000151582
462 0.000176728
463 0.000159329
464 0.000121396
465 0.000128855
466 0.000133811
467 0.000125016
468 0.000160513
469 0.00014795
470 0.000132982
471 0.000129912
472 0.000138741
473 0.000137984
474 0.000146868
475 0.000145938
476 0.000165155
477 0.000168728
478 0.000152513
479 0.000154184
480 0.000160627
481 0.000161269
482 0.000143383
483 0.000142969
484 0.000117785
485 0.000180339
486 0.000123798
487 0.000173396
488 0.000139257
489 0.000169396
490 0.000139456
491 0.000158272
492 0.000154301
493 0.000147067
494 0.000121785
495 0.000147282
496 0.00012044
497 0.000180187
498 0.0001742
499 0.000148839
500 0.000139481
501 0.000141244
502 0.00016952
503 0.000150453
504 0.000110868
505 0.000127798
506 0.000162842
507 0.000152754
508 0.000148212
509 0.0001582
510 0.000165396
511 0.000141785
512 0.000172855
513 0.000126725
514 8.99851e-05
515 0.000176313
516 0.000154085
517 0.000161858
518 0.000148339
519 0.000148779
520 0.000119507
521 0.000169909
522 0.000156601
523 9.90411e-05
524 0.000126741
525 0.000173658
526 0.000143971
527 0.000114966
528 0.000108829
529 0.000143067
530 0.000125912
531 0.000133785
532 0.000181244
533 0.000167409
534 0.00011337
535 0.00012108
536 0.000158301
537 0.000110842
538 0.000165269
539 0.000132855
540 0.000116754
541 0.000137143
542 0.000107798
543 0.000126098
544 0.000128313
545 0.000164124
546 0.000148829
547 0.000108829
548 0.000194994
549 0.000118741
550 0.000157054
551 0.000173938
552 0.000124313
553 0.000133785
554 0.000170209
555 0.000138039
556 0.000129269
557 0.00013737
558 0.000145396
559 0.000159113
560 0.000124728
561 0.000134525
562 0.000136928
563 0.0001785
564 0.000130525
565 0.000128313
566 0.000115383
567 0.000152187
568 0.000111257
569 0.000130978
570 0.000147824
571 0.000124313
572 0.000150678
573 0.000118715
574 0.000180754
575 0.000147257
576 0.000167257
577 0.000119925
578 0.000145857
579 0.000175798
580 0.000142427
581 0.000116313
582 0.000129984
583 0.000132212
584 0.00011357
585 0.000100339
586 0.000107782
587 0.000136855
588 0.000118868
589 0.000112855
590 0.000137811
591 0.000134301
592 0.000115971
593 0.000131798
594 0.000107972
595 0.000181811
596 0.000146299
597 0.000115971
598 0.000103383
599 0.000159655
600 0.000113785
601 0.000147971
602 0.000137253
603 0.000103383
604 0.000109785
605 0.000107557
606 0.000142715
607 0.000110868
608 0.0001025
609 0.000152855
610 0.000146715
611 0.000132098
612 0.000149938
613 0.000138715
614 0.000131257
615 0.000127012
616 0.000125396
617 0.00010137
618 0.000154427
619 0.00016557
620 0.000151383
621 9.77954e-05
622 9.3642e-05
623 0.000105143
624 0.00011951
625 0.000148366
626 0.000140313
627 0.000103067
628 0.0001622
629 0.000118326
630 0.000164953
631 0.000186699
632 9.66651e-05
633 0.00012844
634 0.000128728
635 0.000110551
636 0.000105811
637 0.000100855
638 0.00010557
639 0.000106453
640 8.90073e-05
641 0.000113938
642 0.000101811
643 0.000134627
644 0.000184881
645 0.000131582
646 9.35161e-05
647 0.000106111
648 8.6842e-05
649 0.000128779
650 0.000142842
651 0.000139744
652 8.93704e-05
653 0.000109396
654 8.81238e-05
655 8.77979e-05
656 0.000127608
657 0.00015113
658 0.000134925
659 0.000157422
660 0.000144513
661 0.000116956
662 0.00011244
663 0.000124754
664 0.000130715
665 9.41996e-05
666 0.000126614
667 0.000115257
668 8.69945e-05
669 0.000115871
670 9.97979e-05
671 0.000151959
672 0.000134525
673 0.000125811
674 0.000117785
675 0.000117912
676 0.000142893
677 0.000127582
678 0.000125244
679 9.92403e-05
680 0.000124492
681 0.000129168
682 9.73417e-05
683 0.000157253
684 0.000110741
685 0.000129883
686 0.000119046
687 0.000118741
688 0.000119383
689 0.000130352
690 0.000152728
691 9.47246e-05
692 9.83263e-05
693 6.73576e-05
694 0.000122326
695 0.000100187
696 0.000100829
697 0.000123772
698 8.4728e-05
699 0.000105984
700 0.000115655
701 0.000132339
702 0.000131041
703 0.000113811
704 0.000117549
705 0.000112124
706 0.000103798
707 0.000147798
708 9.2728e-05
709 0.000100297
710 0.0001142
711 0.000114301
712 9.33704e-05
713 0.00012026
714 0.000117684
715 0.000102301
716 9.57979e-05
717 0.000101168
718 0.000121785
719 0.000110868
720 0.000116928
721 8.09816e-05
722 0.000139971
723 9.7054e-05
724 0.000119798
725 0.000147925
726 0.00011615
727 0.000100567
728 9.13803e-05
729 0.000136466
730 0.000156601
731 0.000119358
732 0.000119997
733 8.23006e-05
734 0.000126842
735 9.33704e-05
736 0.000107798
737 0.000112313
738 9.5997e-05
739 0.000114326
740 0.000102715
741 0.000100902
742 9.33704e-05
743 0.000100098
744 9.77221e-05
745 0.000146111
746 7.69816e-05
747 0.000135925
748 0.000118678
749 0.000122111
750 0.00013133
751 0.000139282
752 0.000129595
753 9.28548e-05
754 0.00011951
755 0.000109444
756 0.000112982
757 0.000104855
758 0.000119456
759 0.000101785
760 9.63135e-05
761 9.59246e-05
762 0.000131383
763 0.000118627
764 0.00011244
765 7.83006e-05
766 0.000134352
767 6.93704e-05
768 0.000128514
769 0.000156855
770 0.000132026
771 8.27409e-05
772 0.000146715
773 0.000127925
774 0.000145279
775 9.32788e-05
776 0.000106353
777 7.43006e-05
778 0.000121016
779 0.000103557
780 0.000138914
781 0.000136855
782 0.000116339
783 0.000103383
784 0.000125684
785 9.9409e-05
786 8.52437e-05
787 8.45126e-05
788 0.000117912
789 9.43263e-05
790 0.000124387
791 9.06314e-05
792 0.000126427
793 0.000119383
794 0.000105126
795 0.00010694
796 0.000132339
797 8.54428e-05
798 0.000145422
799 8.96839e-05
800 0.000104098
801 8.3409e-05
802 0.000113494
803 0.000114551
804 7.00099e-05
805 9.25671e-05
806 0.0001022
807 0.00010751
808 0.000128855
809 0.000124855
810 0.000126301
811 0.000120728
812 8.64274e-05
813 0.000111798
814 0.000125938
815 0.000102842
816 0.000136881
817 0.000136475
818 0.000140069
819 9.98236e-05
820 0.000131155
821 0.000110225
822 0.000106326
823 0.000141007
824 0.000116466
825 7.98989e-05
826 0.000124855
827 0.00011494
828 8.93426e-05
829 0.000107782
830 0.000104339
831 0.00010538
832 8.3997e-05
833 0.000103456
834 9.26185e-05
835 0.000115383
836 0.000101396
837 9.88677e-05
838 0.000106788
839 0.000117244
840 9.19246e-05
841 0.000111418
842 0.000104467
843 0.000110715
844 9.33417e-05
845 6.65799e-05
846 0.00012724
847 0.000106453
848 0.000100339
849 0.00012817
850 8.2842e-05
851 0.000108313
852 9.52565e-05
853 9.28548e-05
854 0.000115219
855 0.000113912
856 9.87152e-05
857 9.04998e-05
858 0.000137033
859 7.10411e-05
860 0.000104313
861 9.90411e-05
862 0.000128829
863 6.50549e-05
864 8.52437e-05
865 8.44116e-05
866 0.000128855
867 0.000102577
868 0.000113694
869 0.00011281
870 0.000103358
871 0.000107925
872 0.000114627
873 7.84274e-05
874 0.000145396
875 9.73542e-05
876 9.95101e-05
877 0.000109244
878 9.44531e-05
879 8.66266e-05
880 0.000114352
881 7.24403e-05
882 0.000119456
883 0.000132956
884 0.000147671
885 0.000103798
886 8.61109e-05
887 0.000105785
888 7.74972e-05
889 0.000151257
890 0.0001222
891 8.89816e-05
892 6.9054e-05
893 0.000119798
894 0.000110715
895 8.48291e-05
896 0.000117342
897 9.34972e-05
898 8.89281e-05
899 9.01109e-05
900 0.000109054
901 0.00010137
902 9.95289e-05
903 0.000112513
904 9.8842e-05
905 7.86989e-05
906 7.31263e-05
907 8.39713e-05
908 9.59246e-05
909 7.20981e-05
910 0.000110842
911 9.04531e-05
912 7.04531e-05
913 0.00010157
914 9.98236e-05
915 0.000121042
916 0.000103772
917 0.000128754
918 8.3436e-05
919 9.094e-05
920 0.000111798
921 8.13704e-05
922 8.4728e-05
923 8.73413e-05
924 0.000104251
925 9.85799e-05
926 0.000133155
927 9.08514e-05
928 7.99516e-05
929 0.00012044
930 9.17979e-05
931 0.000101912
932 0.000110969
933 9.25383e-05
934 8.56839e-05
935 9.52565e-05
936 0.000134868
937 9.0842e-05
938 6.88291e-05
939 9.6728e-05
940 0.000115067
941 0.000104387
942 8.10415e-05
943 7.68548e-05
944 9.31683e-05
945 7.89688e-05
946 8.94685e-05
947 9.95825e-05
948 8.43135e-05
949 9.70797e-05
950 9.6728e-05
951 7.06266e-05
952 8.85928e-05
953 9.80831e-05
954 0.000116639
955 7.14844e-05
956 0.000101396
957 8.85126e-05
958 8.63006e-05
959 8.67409e-05
960 8.84403e-05
961 0.00011244
962 9.73675e-05
963 8.00981e-05
964 8.13962e-05
965 0.000101469
966 0.000114111
967 5.53833e-05
968 8.54219e-05
969 6.50283e-05
970 9.95101e-05
971 8.05928e-05
972 8.59118e-05
973 7.99246e-05
974 0.000115267
975 0.000124982
976 9.92403e-05
977 0.00010157
978 0.00010937
979 9.97979e-05
980 0.000104956
981 8.46651e-05
982 9.15834e-05
983 8.62634e-05
984 9.25383e-05
985 8.1054e-05
986 0.000108665
987 5.95825e-05
988 7.92565e-05
989 7.44274e-05
990 0.000103899
991 9.11936e-05
992 0.000105886
993 9.7523e-05
994 0.000118111
995 0.000102606
996 8.49272e-05
997 5.99246e-05
998 6.33932e-05
999 0
