0 0
1 3.6e-06
2 5.6e-06
3 5.2e-06
4 8.8e-06
5 1.04e-05
6 1.44e-05
7 2.07239e-05
8 2.32e-05
9 2.4e-05
10 2.67619e-05
11 3.43239e-05
12 2.72e-05
13 3.83239e-05
14 3.79619e-05
15 4.38514e-05
16 3.51239e-05
17 3.51239e-05
18 5.29716e-05
19 4.50097e-05
20 4.68955e-05
21 5.10477e-05
22 4.87239e-05
23 5.17716e-05
24 5.38097e-05
25 5.0461e-05
26 4.74858e-05
27 5.46097e-05
28 5.25027e-05
29 5.33716e-05
30 4.38097e-05
31 4.73335e-05
32 5.01716e-05
33 5.02477e-05
34 5.34858e-05
35 4.91619e-05
36 4.97335e-05
37 5.15813e-05
38 4.84991e-05
39 5.46097e-05
40 4.85335e-05
41 4.74477e-05
42 4.81335e-05
43 4.84574e-05
44 5.1223e-05
45 5.34477e-05
46 4.26858e-05
47 4.96299e-05
48 4.78477e-05
49 5.53716e-05
50 5.37946e-05
51 4.88955e-05
52 5.40574e-05
53 5.40955e-05
54 4.90671e-05
55 4.60647e-05
56 5.46707e-05
57 4.78097e-05
58 4.75849e-05
59 5.27052e-05
60 4.95052e-05
61 4.85565e-05
62 4.81716e-05
63 4.22477e-05
64 4.64991e-05
65 4.56193e-05
66 4.96955e-05
67 4.13716e-05
68 4.96574e-05
69 5.78326e-05
70 4.69716e-05
71 4.68804e-05
72 4.44193e-05
73 4.63813e-05
74 4.13335e-05
75 5.00193e-05
76 4.43468e-05
77 4.68955e-05
78 4.23088e-05
79 5.53638e-05
80 4.61707e-05
81 4.58326e-05
82 4.01335e-05
83 4.90326e-05
84 4.67088e-05
85 4.92193e-05
86 5.01372e-05
87 4.16193e-05
88 4.82326e-05
89 4.47813e-05
90 4.11468e-05
91 4.04955e-05
92 4.38707e-05
93 3.82812e-05
94 4.6823e-05
95 4.20991e-05
96 4.57634e-05
97 3.79052e-05
98 4.0061e-05
99 3.88193e-05
100 3.93601e-05
101 3.93148e-05
102 3.95574e-05
103 4.23813e-05
104 3.79088e-05
105 3.6991e-05
106 4.21982e-05
107 3.73185e-05
108 4.51468e-05
109 3.92647e-05
110 3.70054e-05
111 3.51052e-05
112 3.87088e-05
113 3.69335e-05
114 4.04982e-05
115 4.11813e-05
116 3.76574e-05
117 4.73601e-05
118 3.71052e-05
119 3.95052e-05
120 4.43088e-05
121 4.04574e-05
122 3.59537e-05
123 3.51505e-05
124 4.1623e-05
125 3.5029e-05
126 3.80532e-05
127 3.67157e-05
128 3.8423e-05
129 3.09752e-05
130 2.92955e-05
131 3.10097e-05
132 3.5261e-05
133 2.78671e-05
134 2.85946e-05
135 3.40266e-05
136 3.34363e-05
137 3.93982e-05
138 3.56193e-05
139 3.52266e-05
140 3.55468e-05
141 3.20574e-05
142 3.27052e-05
143 3.09946e-05
144 2.83124e-05
145 3.79088e-05
146 2.88266e-05
147 3.61674e-05
148 3.49529e-05
149 3.35885e-05
150 2.79541e-05
151 3.07813e-05
152 3.37982e-05
153 2.69716e-05
154 3.39124e-05
155 3.55328e-05
156 3.51813e-05
157 3.16266e-05
158 3.11505e-05
159 2.67124e-05
160 3.36459e-05
161 3.07052e-05
162 3.36574e-05
163 2.95088e-05
164 3.51468e-05
165 2.98743e-05
166 2.64955e-05
167 3.04955e-05
168 3.31432e-05
169 3.1916e-05
170 2.70707e-05
171 3.38812e-05
172 3.95849e-05
173 3.11468e-05
174 3.19849e-05
175 3.24955e-05
176 3.01716e-05
177 3.0991e-05
178 2.6678e-05
179 3.3829e-05
180 2.31885e-05
181 2.69601e-05
182 3.23574e-05
183 3.20193e-05
184 3.34363e-05
185 3.1623e-05
186 2.6861e-05
187 2.86015e-05
188 2.8023e-05
189 3.08459e-05
190 2.83885e-05
191 3.26743e-05
192 3.19771e-05
193 2.89776e-05
194 2.94707e-05
195 3.43432e-05
196 3.45326e-05
197 2.94097e-05
198 2.57674e-05
199 3.01565e-05
200 2.65372e-05
201 3.22776e-05
202 2.76193e-05
203 2.78326e-05
204 3.26707e-05
205 2.83885e-05
206 2.43813e-05
207 2.51813e-05
208 2.10858e-05
209 1.5916e-05
210 2.38219e-05
211 2.6567e-05
212 2.51124e-05
213 2.84955e-05
214 2.15918e-05
215 2.96187e-05
216 2.74743e-05
217 2.77752e-05
218 2.64565e-05
219 2.47505e-05
220 2.66363e-05
221 2.73408e-05
222 3.02087e-05
223 3.30776e-05
224 2.71432e-05
225 2.7516e-05
226 2.75052e-05
227 2.43505e-05
228 2.64266e-05
229 2.71432e-05
230 2.81335e-05
231 3.11468e-05
232 2.12955e-05
233 2.55052e-05
234 2.82363e-05
235 2.27849e-05
236 2.9329e-05
237 2.51468e-05
238 2.64955e-05
239 2.99849e-05
240 2.43885e-05
241 2.84909e-05
242 2.9623e-05
243 2.48955e-05
244 2.59885e-05
245 2.57372e-05
246 2.40574e-05
247 2.86326e-05
248 2.7029e-05
249 2.87088e-05
250 2.93221e-05
251 2.08647e-05
252 2.2061e-05
253 2.59432e-05
254 2.4484e-05
255 2.57982e-05
256 2.4423e-05
257 2.38054e-05
258 2.03849e-05
259 2.31849e-05
260 2.30477e-05
261 2.59088e-05
262 2.45185e-05
263 2.17335e-05
264 2.78363e-05
265 2.85601e-05
266 2.45982e-05
267 2.16647e-05
268 2.31672e-05
269 2.27468e-05
270 2.30133e-05
271 2.60256e-05
272 2.79124e-05
273 2.32574e-05
274 2.46671e-05
275 2.57707e-05
276 2.74671e-05
277 2.89733e-05
278 2.69982e-05
279 1.65408e-05
280 2.41326e-05
281 2.11124e-05
282 2.8967e-05
283 2.51813e-05
284 2.71432e-05
285 1.77441e-05
286 2.14911e-05
287 2.15124e-05
288 2.29335e-05
289 2.39909e-05
290 1.98477e-05
291 2.20266e-05
292 2.43505e-05
293 2.36532e-05
294 1.9078e-05
295 2.68574e-05
296 2.59885e-05
297 2.48528e-05
298 2.65779e-05
299 2.2278e-05
300 2.13812e-05
301 2.41716e-05
302 2.41408e-05
303 2.65601e-05
304 2.55229e-05
305 2.15885e-05
306 2.51938e-05
307 1.68193e-05
308 2.15813e-05
309 2.4823e-05
310 2.51432e-05
311 2.22399e-05
312 2.47088e-05
313 2.18743e-05
314 2.03762e-05
315 2.18087e-05
316 2.51505e-05
317 3.27124e-05
318 2.4023e-05
319 2.51505e-05
320 1.70097e-05
321 1.87813e-05
322 2.23124e-05
323 2.74363e-05
324 2.07541e-05
325 2.14363e-05
326 1.64955e-05
327 2.50015e-05
328 2.53946e-05
329 1.76876e-05
330 2.08991e-05
331 3.00079e-05
332 2.36991e-05
333 2.59124e-05
334 2.35849e-05
335 1.68955e-05
336 2.41326e-05
337 2.41982e-05
338 1.8861e-05
339 1.91052e-05
340 1.88193e-05
341 1.8823e-05
342 1.96991e-05
343 1.87052e-05
344 2.39432e-05
345 2.12193e-05
346 2.15849e-05
347 1.84574e-05
348 2.45185e-05
349 2.11813e-05
350 2.0316e-05
351 2.31505e-05
352 2.57638e-05
353 1.94537e-05
354 2.07537e-05
355 2.21769e-05
356 1.9261e-05
357 2.51537e-05
358 2.03537e-05
359 1.67505e-05
360 1.63954e-05
361 1.30885e-05
362 1.7223e-05
363 2.0823e-05
364 2.07468e-05
365 1.91468e-05
366 1.78018e-05
367 1.73752e-05
368 1.9623e-05
369 2.13293e-05
370 1.85335e-05
371 2.35124e-05
372 2.19239e-05
373 2.08663e-05
374 2.2716e-05
375 1.88647e-05
376 1.68955e-05
377 2.2153e-05
378 2.28982e-05
379 2.26018e-05
380 1.76574e-05
381 1.91468e-05
382 2.38743e-05
383 2.33335e-05
384 1.54707e-05
385 2.10812e-05
386 1.70087e-05
387 2.3261e-05
388 2.13257e-05
389 1.78468e-05
390 2.18707e-05
391 1.65372e-05
392 1.91849e-05
393 2.05638e-05
394 1.99885e-05
395 1.91849e-05
396 2.19849e-05
397 2.05565e-05
398 1.77372e-05
399 2.06911e-05
400 1.91954e-05
401 2.19426e-05
402 2.49638e-05
403 1.74432e-05
404 2.0716e-05
405 1.79849e-05
406 2.45257e-05
407 2.03849e-05
408 1.7815e-05
409 1.83193e-05
410 1.96991e-05
411 1.98743e-05
412 2.05716e-05
413 1.97395e-05
414 2.3791e-05
415 2.19505e-05
416 2.03849e-05
417 1.25752e-05
418 2.17982e-05
419 1.85408e-05
420 1.6823e-05
421 1.7706e-05
422 1.77841e-05
423 1.98816e-05
424 2.14432e-05
425 1.24266e-05
426 1.63505e-05
427 1.50812e-05
428 1.40991e-05
429 1.7161e-05
430 2.0629e-05
431 2.09293e-05
432 2.02395e-05
433 1.85752e-05
434 1.85372e-05
435 1.57752e-05
436 2.03505e-05
437 2.02435e-05
438 2.52663e-05
439 2.02395e-05
440 1.66097e-05
441 2.06671e-05
442 1.37335e-05
443 1.59505e-05
444 1.85707e-05
445 1.74707e-05
446 1.82018e-05
447 1.84955e-05
448 1.61752e-05
449 1.77335e-05
450 1.67124e-05
451 1.28991e-05
452 1.91432e-05
453 1.91885e-05
454 1.77789e-05
455 1.65335e-05
456 2.0167e-05
457 1.9429e-05
458 1.23196e-05
459 1.50707e-05
460 1.8423e-05
461 1.56574e-05
462 1.50051e-05
463 1.64266e-05
464 1.70018e-05
465 1.75574e-05
466 2.0023e-05
467 1.47541e-05
468 1.21027e-05
469 1.78097e-05
470 1.44335e-05
471 1.72266e-05
472 1.78399e-05
473 1.71885e-05
474 1.83468e-05
475 2.06743e-05
476 1.73132e-05
477 1.47574e-05
478 2.65293e-05
479 2.09362e-05
480 1.83088e-05
481 1.57946e-05
482 1.55813e-05
483 1.91541e-05
484 1.49789e-05
485 1.95088e-05
486 1.67954e-05
487 2.28184e-05
488 2.21565e-05
489 1.4461e-05
490 1.65776e-05
491 1.69335e-05
492 1.5261e-05
493 2.04949e-05
494 1.4316e-05
495 1.86399e-05
496 1.5223e-05
497 1.41838e-05
498 2.06399e-05
499 1.53638e-05
500 1.34885e-05
501 1.79813e-05
502 1.6278e-05
503 1.87088e-05
504 1.67157e-05
505 1.82656e-05
506 2.15088e-05
507 2.15495e-05
508 1.28266e-05
509 1.71849e-05
510 1.68256e-05
511 1.50743e-05
512 1.90363e-05
513 1.64647e-05
514 1.51193e-05
515 1.3623e-05
516 1.51885e-05
517 1.6423e-05
518 2.25008e-05
519 1.64568e-05
520 1.68683e-05
521 1.98707e-05
522 1.24991e-05
523 1.73335e-05
524 1.76945e-05
525 1.59885e-05
526 1.90018e-05
527 1.81372e-05
528 1.79537e-05
529 1.87124e-05
530 1.7623e-05
531 1.93982e-05
532 1.47991e-05
533 1.12679e-05
534 1.28335e-05
535 1.53752e-05
536 2.11468e-05
537 1.83505e-05
538 1.6023e-05
539 2.18363e-05
540 1.75468e-05
541 1.07229e-05
542 1.81329e-05
543 1.82326e-05
544 1.63922e-05
545 1.74776e-05
546 1.8061e-05
547 1.24991e-05
548 1.70054e-05
549 1.39088e-05
550 1.69752e-05
551 1.79574e-05
552 1.75088e-05
553 1.32574e-05
554 1.4216e-05
555 2.08804e-05
556 1.3661e-05
557 1.56574e-05
558 1.68496e-05
559 1.55088e-05
560 1.99495e-05
561 1.56949e-05
562 1.38363e-05
563 1.75885e-05
564 1.60266e-05
565 1.59505e-05
566 1.21372e-05
567 1.34885e-05
568 1.39813e-05
569 1.58225e-05
570 1.67468e-05
571 1.66123e-05
572 1.48266e-05
573 1.28706e-05
574 1.0461e-05
575 1.99558e-05
576 1.34504e-05
577 1.61601e-05
578 2.05565e-05
579 1.47505e-05
580 1.64955e-05
581 1.7623e-05
582 1.55813e-05
583 1.7223e-05
584 1.58743e-05
585 1.79468e-05
586 1.93326e-05
587 2.23124e-05
588 1.24955e-05
589 1.44955e-05
590 1.48991e-05
591 1.31124e-05
592 1.8823e-05
593 1.36904e-05
594 1.25752e-05
595 1.52043e-05
596 1.88955e-05
597 1.25716e-05
598 1.51505e-05
599 1.79124e-05
600 1.83528e-05
601 1.73752e-05
602 1.44945e-05
603 1.57982e-05
604 1.30477e-05
605 1.16683e-05
606 2.04193e-05
607 1.81638e-05
608 1.61638e-05
609 1.28574e-05
610 1.67672e-05
611 1.59505e-05
612 1.81716e-05
613 1.10504e-05
614 1.41257e-05
615 1.77601e-05
616 1.63088e-05
617 1.55885e-05
618 1.40769e-05
619 1.47292e-05
620 1.16302e-05
621 1.95849e-05
622 1.58018e-05
623 1.40647e-05
624 1.55292e-05
625 1.4823e-05
626 1.73743e-05
627 1.4823e-05
628 2.02849e-05
629 1.75954e-05
630 1.5116e-05
631 1.59229e-05
632 1.45743e-05
633 1.55505e-05
634 1.40991e-05
635 1.33752e-05
636 1.5478e-05
637 1.50087e-05
638 1.48193e-05
639 1.62127e-05
640 1.82399e-05
641 1.27813e-05
642 1.66018e-05
643 1.82501e-05
644 1.60266e-05
645 1.42885e-05
646 1.4461e-05
647 1.55849e-05
648 1.15541e-05
649 1.1661e-05
650 1.85638e-05
651 1.08574e-05
652 1.59541e-05
653 1.39885e-05
654 1.22018e-05
655 1.13335e-05
656 1.11849e-05
657 1.49372e-05
658 1.72769e-05
659 1.47813e-05
660 1.8567e-05
661 1.43397e-05
662 1.52991e-05
663 1.1478e-05
664 1.62432e-05
665 1.47088e-05
666 1.42983e-05
667 1.44955e-05
668 1.06468e-05
669 1.12955e-05
670 1.53716e-05
671 1.86671e-05
672 1.48574e-05
673 1.30097e-05
674 1.46326e-05
675 1.6739e-05
676 1.23052e-05
677 1.56647e-05
678 1.48574e-05
679 1.09159e-05
680 9.44774e-06
681 1.01716e-05
682 1.57982e-05
683 2.00151e-05
684 9.90515e-06
685 1.87922e-05
686 1.33372e-05
687 1.63574e-05
688 1.59468e-05
689 1.52532e-05
690 1.45601e-05
691 1.49335e-05
692 1.32266e-05
693 1.75849e-05
694 1.78097e-05
695 1.50196e-05
696 1.23118e-05
697 1.08955e-05
698 1.13752e-05
699 1.73601e-05
700 1.55849e-05
701 1.39298e-05
702 1.44955e-05
703 1.26326e-05
704 1.38018e-05
705 1.31432e-05
706 1.27954e-05
707 1.13027e-05
708 1.20647e-05
709 1.64991e-05
710 1.2023e-05
711 1.26707e-05
712 1.21789e-05
713 1.58087e-05
714 1.5078e-05
715 1.20991e-05
716 9.12387e-06
717 1.09779e-05
718 1.31885e-05
719 1.51991e-05
720 1.21752e-05
721 1.49707e-05
722 1.42435e-05
723 1.36679e-05
724 1.3623e-05
725 1.42885e-05
726 1.41398e-05
727 1.62399e-05
728 1.61335e-05
729 1.84945e-05
730 1.77096e-05
731 1.00335e-05
732 1.5815e-05
733 1.51124e-05
734 1.21752e-05
735 1.57388e-05
736 1.41638e-05
737 1.49743e-05
738 1.39541e-05
739 1.17638e-05
740 1.50881e-05
741 1.42468e-05
742 1.63568e-05
743 1.65027e-05
744 9.66466e-06
745 1.40302e-05
746 1.26091e-05
747 1.31918e-05
748 1.55771e-05
749 1.64679e-05
750 1.66743e-05
751 1.07682e-05
752 1.3661e-05
753 1.32991e-05
754 1.5623e-05
755 1.41335e-05
756 1.11991e-05
757 1.30432e-05
758 1.18133e-05
759 1.30816e-05
760 1.50091e-05
761 1.59849e-05
762 1.67948e-05
763 1.53565e-05
764 1.41461e-05
765 1.4823e-05
766 1.57221e-05
767 1.53716e-05
768 1.56299e-05
769 1.2278e-05
770 1.46326e-05
771 1.63505e-05
772 1.3478e-05
773 1.6685e-05
774 1.37096e-05
775 1.59468e-05
776 1.14468e-05
777 1.30051e-05
778 1.25461e-05
779 9.4133e-06
780 1.27849e-05
781 1.17335e-05
782 1.96601e-05
783 1.06477e-05
784 1.23193e-05
785 1.4678e-05
786 1.25716e-05
787 1.69221e-05
788 1.56778e-05
789 1.51432e-05
790 1.23124e-05
791 1.27229e-05
792 1.10097e-05
793 1.18858e-05
794 1.3478e-05
795 1.05372e-05
796 1.20266e-05
797 1.38921e-05
798 1.86123e-05
799 1.23636e-05
800 1.13372e-05
801 1.09159e-05
802 1.52982e-05
803 1.39432e-05
804 1.10186e-05
805 1.22097e-05
806 1.33724e-05
807 1.33329e-05
808 1.19849e-05
809 1.21743e-05
810 1.16647e-05
811 1.19849e-05
812 1.4461e-05
813 1.37638e-05
814 1.65982e-05
815 1.39885e-05
816 1.12266e-05
817 8.0778e-06
818 1.25027e-05
819 1.45752e-05
820 8.67796e-06
821 1.15196e-05
822 1.7261e-05
823 1.58399e-05
824 1.09335e-05
825 1.3478e-05
826 1.18169e-05
827 1.35885e-05
828 1.15885e-05
829 1.06018e-05
830 1.41293e-05
831 1.53362e-05
832 1.64289e-05
833 1.15885e-05
834 1.14015e-05
835 1.05372e-05
836 1.73335e-05
837 1.25408e-05
838 1.53743e-05
839 1.56115e-05
840 1.85812e-05
841 1.09812e-05
842 1.19954e-05
843 1.38477e-05
844 1.14885e-05
845 1.48371e-05
846 1.19193e-05
847 1.46399e-05
848 1.13752e-05
849 1.33707e-05
850 1.47813e-05
851 9.73354e-06
852 7.62987e-06
853 1.08193e-05
854 1.52991e-05
855 1.05716e-05
856 1.06849e-05
857 1.2361e-05
858 1.18097e-05
859 8.60967e-06
860 1.59193e-05
861 1.49326e-05
862 1.26018e-05
863 1.2906e-05
864 1.36266e-05
865 1.13769e-05
866 1.14097e-05
867 1.28637e-05
868 1.40574e-05
869 1.07991e-05
870 1.39193e-05
871 1.36574e-05
872 1.63184e-05
873 1.07468e-05
874 1.48565e-05
875 1.35468e-05
876 1.21335e-05
877 1.4461e-05
878 1.4423e-05
879 1.48302e-05
880 1.31541e-05
881 1.4278e-05
882 1.24086e-05
883 9.30272e-06
884 1.49752e-05
885 1.67426e-05
886 1.08193e-05
887 1.20302e-05
888 1.24982e-05
889 9.15046e-06
890 9.95771e-06
891 1.35922e-05
892 1.18849e-05
893 1.35505e-05
894 1.20647e-05
895 1.39885e-05
896 1.21946e-05
897 1.26477e-05
898 9.2991e-06
899 1.1661e-05
900 1.2423e-05
901 1.18249e-05
902 1.47124e-05
903 1.12679e-05
904 1.17716e-05
905 1.23124e-05
906 1.37027e-05
907 9.40967e-06
908 1.22816e-05
909 1.39505e-05
910 1.17752e-05
911 1.34707e-05
912 9.87248e-06
913 1.40647e-05
914 1.26743e-05
915 1.40289e-05
916 1.5116e-05
917 1.14097e-05
918 1.24014e-05
919 1.09159e-05
920 1.31813e-05
921 1.2023e-05
922 1.13335e-05
923 1.18097e-05
924 1.16574e-05
925 1.26471e-05
926 1.04574e-05
927 9.18853e-06
928 1.6423e-05
929 1.36716e-05
930 1.51088e-05
931 8.53354e-06
932 1.51574e-05
933 1.16421e-05
934 1.14123e-05
935 1.13027e-05
936 1.08991e-05
937 1.0823e-05
938 1.27813e-05
939 9.40967e-06
940 1.30192e-05
941 1.0906e-05
942 1.73221e-05
943 1.0761e-05
944 1.19229e-05
945 8.82297e-06
946 1.02432e-05
947 8.45741e-06
948 1.42471e-05
949 1.83426e-05
950 8.13354e-06
951 1.40256e-05
952 8.76099e-06
953 9.27156e-06
954 1.09716e-05
955 1.46156e-05
956 1.65691e-05
957 1.19574e-05
958 1.40574e-05
959 1.16955e-05
960 1.17096e-05
961 1.10947e-05
962 1.31922e-05
963 1.41874e-05
964 1.57395e-05
965 8.86466e-06
966 1.33601e-05
967 1.3016e-05
968 1.21812e-05
969 1.07954e-05
970 1.58796e-05
971 1.12158e-05
972 1.59124e-05
973 1.6823e-05
974 1.27541e-05
975 1.58399e-05
976 1.52601e-05
977 1.27124e-05
978 1.58636e-05
979 1.12335e-05
980 1.31505e-05
981 1.01716e-05
982 1.27885e-05
983 1.28683e-05
984 1.18477e-05
985 1.0423e-05
986 1.13257e-05
987 1.44266e-05
988 1.12696e-05
989 1.08949e-05
990 1.15885e-05
991 1.01335e-05
992 1.20876e-05
993 6.24774e-06
994 9.40967e-06
995 1.49982e-05
996 1.14468e-05
997 1.09655e-05
998 1.21408e-05
999 0
