0 0
1 0.004108
2 0.00728041
3 0.00489113
4 0.0041572
5 0.00345532
6 0.00305467
7 0.00260239
8 0.00242396
9 0.00209439
10 0.00218794
11 0.00189109
12 0.00171784
13 0.00163269
14 0.00154907
15 0.00156881
16 0.00149762
17 0.00147237
18 0.00147439
19 0.00126705
20 0.0012644
21 0.00113839
22 0.00110393
23 0.00119291
24 0.000973997
25 0.00102804
26 0.00102786
27 0.000978902
28 0.000897972
29 0.000998801
30 0.000891731
31 0.000875342
32 0.00104543
33 0.000866928
34 0.000851443
35 0.000784272
36 0.000721972
37 0.000795985
38 0.000849042
39 0.000799155
40 0.000854386
41 0.000781342
42 0.000766412
43 0.000665228
44 0.000804086
45 0.000699697
46 0.000723054
47 0.000744797
48 0.000637871
49 0.000697845
50 0.000623798
51 0.000664699
52 0.000678259
53 0.000611029
54 0.000555054
55 0.000565168
56 0.000583959
57 0.000609583
58 0.000694484
59 0.000610715
60 0.000521042
61 0.000583155
62 0.000698614
63 0.000593329
64 0.000592627
65 0.000646487
66 0.000565557
67 0.000565143
68 0.000598098
69 0.000467743
70 0.000543029
71 0.000519029
72 0.000562412
73 0.000595316
74 0.000522412
75 0.000400526
76 0.0004662
77 0.000550171
78 0.000471054
79 0.0005488
80 0.000461658
81 0.000506098
82 0.000493143
83 0.0004862
84 0.000413684
85 0.000483795
86 0.000443697
87 0.000469972
88 0.000399155
89 0.000531054
90 0.000484086
91 0.000465845
92 0.000420728
93 0.000414801
94 0.000405215
95 0.000372627
96 0.000393811
97 0.000369557
98 0.000452801
99 0.000512137
100 0.000476086
101 0.000445143
102 0.000475029
103 0.000485456
104 0.000482098
105 0.000417871
106 0.000361042
107 0.00041908
108 0.000490424
109 0.000398061
110 0.000393782
111 0.000435643
112 0.000415544
113 0.000369811
114 0.0003902
115 0.000357684
116 0.000337583
117 0.000349557
118 0.000354813
119 0.000367282
120 0.000380653
121 0.000363029
122 0.000375697
123 0.000307308
124 0.000339443
125 0.000279671
126 0.000380754
127 0.000354767
128 0.000244627
129 0.000336158
130 0.000355282
131 0.000332779
132 0.000340953
133 0.000333269
134 0.000355671
135 0.000341972
136 0.000305168
137 0.000357241
138 0.000386902
139 0.000306767
140 0.000319671
141 0.00036264
142 0.000320826
143 0.000336212
144 0.000369836
145 0.000348086
146 0.000357269
147 0.000304111
148 0.000355959
149 0.000357684
150 0.000309143
151 0.000292573
152 0.000345557
153 0.000242098
154 0.000307054
155 0.000288653
156 0.000333215
157 0.000360953
158 0.000302603
159 0.000336538
160 0.00029113
161 0.000335985
162 0.000311697
163 0.000321684
164 0.000285342
165 0.000321143
166 0.00032313
167 0.000326614
168 0.00031464
169 0.000324927
170 0.000267795
171 0.000268601
172 0.000294767
173 0.00029464
174 0.00029557
175 0.000269016
176 0.000282137
177 0.000345168
178 0.000266614
179 0.000356728
180 0.000306225
181 0.000248412
182 0.000296627
183 0.000289811
184 0.000267308
185 0.000217658
186 0.000249168
187 0.000252754
188 0.000267697
189 0.000299029
190 0.000297883
191 0.000332212
192 0.000253269
193 0.000302098
194 0.000267596
195 0.000263697
196 0.000236386
197 0.000294614
198 0.00022664
199 0.000229621
200 0.000266842
201 0.000275155
202 0.000224728
203 0.000297168
204 0.000261469
205 0.000240953
206 0.000277143
207 0.000265684
208 0.000204653
209 0.000275798
210 0.000253658
211 0.000294813
212 0.000248124
213 0.000272906
214 0.000225811
215 0.000278741
216 0.000244728
217 0.000248137
218 0.000220339
219 0.00028645
220 0.000223671
221 0.000213557
222 0.000278301
223 0.000255798
224 0.00022543
225 0.000272187
226 0.000253143
227 0.000248573
228 0.000235257
229 0.000248564
230 0.000226225
231 0.000312285
232 0.000249216
233 0.000225583
234 0.000234513
235 0.000250225
236 0.000225863
237 0.000281785
238 0.000272573
239 0.00027157
240 0.0002142
241 0.000209042
242 0.000219769
243 0.00029157
244 0.000193269
245 0.000228111
246 0.000224728
247 0.000270225
248 0.000257143
249 0.000209557
250 0.000248387
251 0.000226424
252 0.000256285
253 0.000253168
254 0.000224881
255 0.000199308
256 0.000219155
257 0.000262614
258 0.000230551
259 0.000252881
260 0.000268086
261 0.000231257
262 0.000209658
263 0.000220627
264 0.000227899
265 0.000168855
266 0.00021644
267 0.000229785
268 0.00023587
269 0.000261143
270 0.000269684
271 0.000210741
272 0.000231041
273 0.000204086
274 0.000219229
275 0.000258352
276 0.000174352
277 0.000222172
278 0.000160111
279 0.000220601
280 0.000238476
281 0.000242842
282 0.000187896
283 0.000177342
284 0.000165785
285 0.00019557
286 0.000178868
287 0.000213756
288 0.000202741
289 0.000238171
290 0.000160313
291 0.000175435
292 0.000232238
293 0.000235409
294 0.0002062
295 0.000193668
296 0.000243257
297 0.000232313
298 0.000183282
299 0.00021752
300 0.000223155
301 0.000164627
302 0.000192728
303 0.000174741
304 0.000200086
305 0.000198225
306 0.000221883
307 0.000219054
308 0.000157938
309 0.000162919
310 0.0001902
311 0.000236437
312 0.000197658
313 0.00022971
314 0.00015615
315 0.000244313
316 0.000208399
317 0.000218251
318 0.000173227
319 0.000161658
320 0.000218352
321 0.000239282
322 0.000221756
323 0.000197054
324 0.000212339
325 0.000203155
326 0.000183456
327 0.000160855
328 0.000195257
329 0.000210715
330 0.000205269
331 0.000199544
332 0.000210893
333 0.000199849
334 0.000193756
335 0.000134839
336 0.000186301
337 0.000150715
338 0.00015771
339 0.000187481
340 0.000171671
341 0.000157857
342 0.000201269
343 0.000208754
344 0.000220906
345 0.000183329
346 0.000117443
347 0.000215798
348 0.000167435
349 0.000197912
350 0.000150326
351 0.000160339
352 0.000204212
353 0.000205269
354 0.000168855
355 0.000233938
356 0.000173244
357 0.000186326
358 0.000177269
359 0.000188023
360 0.000137269
361 0.000187029
362 0.000171456
363 0.000137028
364 0.000190098
365 0.000201269
366 0.000157938
367 0.000189269
368 0.000178741
369 0.000168881
370 0.000186994
371 0.000195383
372 0.000171798
373 0.000146505
374 0.000162893
375 0.000196601
376 0.000234326
377 0.000201396
378 0.000149206
379 0.000196212
380 0.000158525
381 0.000183029
382 0.000238893
383 0.000194352
384 0.000165782
385 0.000169984
386 0.000140728
387 0.000178326
388 0.000163383
389 0.00019151
390 0.000189269
391 0.000187671
392 0.000210842
393 0.000161811
394 0.000136601
395 0.000181557
396 0.000149152
397 0.000193295
398 0.000154842
399 0.000179041
400 0.000186301
401 0.00012787
402 0.000226741
403 0.00017094
404 0.000145684
405 0.000158399
406 0.000192212
407 0.000181321
408 0.000185342
409 0.000169143
410 0.000131308
411 0.000154678
412 0.000168386
413 0.000226497
414 0.000171155
415 0.000150741
416 0.000149938
417 0.0001942
418 0.000213143
419 0.000168927
420 0.000138741
421 0.000160212
422 0.00016395
423 0.000139383
424 0.000171282
425 9.9997e-05
426 0.00013401
427 0.000154868
428 0.000153658
429 0.000168601
430 0.000138598
431 0.000153858
432 0.000207257
433 0.000155329
434 0.000160906
435 0.000139383
436 0.000147257
437 0.000174813
438 0.000184728
439 0.000165269
440 0.000188339
441 0.000168196
442 0.000144801
443 0.000175266
444 0.000190868
445 0.000158284
446 0.000150011
447 0.000159824
448 0.000166225
449 0.000143971
450 0.000180386
451 0.000167456
452 0.000144829
453 0.000140285
454 0.000124728
455 0.000154525
456 0.00016601
457 0.000162893
458 0.000160601
459 0.000182057
460 0.000187155
461 0.000150893
462 0.000131798
463 0.000159671
464 0.000153168
465 0.000187671
466 0.000123997
467 0.00016694
468 0.000153658
469 0.000136881
470 0.000142427
471 0.000161938
472 0.000133811
473 0.000130715
474 0.000145785
475 0.000160639
476 0.000118453
477 0.000175308
478 0.000145295
479 0.000125028
480 0.000161811
481 0.000162273
482 0.000126225
483 0.000144086
484 0.000112927
485 0.000124339
486 0.0001822
487 0.000139282
488 0.00021845
489 0.000131329
490 0.000120982
491 0.000146868
492 0.000157269
493 0.000123925
494 0.000180111
495 0.000183481
496 0.000144051
497 0.000110098
498 0.000170767
499 0.000168212
500 0.0001502
501 0.000136538
502 0.000147041
503 0.000183608
504 0.000127456
505 0.000132855
506 0.000131067
507 0.000119772
508 0.000144855
509 0.000166057
510 0.000115997
511 0.000128365
512 0.000142614
513 0.000132779
514 9.89238e-05
515 0.000161469
516 0.000129396
517 0.000106741
518 0.000180826
519 0.000171282
520 0.000141396
521 0.000143854
522 0.000117811
523 0.000153497
524 0.000150741
525 0.000142399
526 0.000173269
527 0.000151798
528 0.000162715
529 9.40643e-05
530 0.000140881
531 0.000116187
532 0.000120513
533 0.000129938
534 0.000112466
535 0.000121269
536 0.000123482
537 0.000113549
538 9.79118e-05
539 0.000144864
540 0.000125796
541 0.000129295
542 0.000136839
543 0.000120855
544 0.000162741
545 0.000132829
546 0.000113054
547 0.000155041
548 0.00011001
549 0.000160365
550 0.000115971
551 0.00015957
552 0.000107409
553 0.000152754
554 0.000169295
555 0.000145216
556 0.000100513
557 0.000139358
558 0.000125155
559 0.000148187
560 0.000132627
561 0.000133244
562 0.000126741
563 0.00012937
564 0.000141244
565 0.0001142
566 0.000169595
567 0.000139798
568 0.000112728
569 0.000120538
570 0.000149494
571 0.000166767
572 0.000126715
573 0.000133269
574 8.06137e-05
575 0.000104513
576 0.000128538
577 0.000164466
578 0.000109269
579 0.000157684
580 0.000134551
581 0.000117143
582 0.0001502
583 0.000143582
584 0.00016714
585 9.2728e-05
586 0.000106868
587 0.000113244
588 0.000156829
589 0.000114994
590 0.000102741
591 0.00014787
592 0.000145244
593 0.000152728
594 0.000124728
595 0.000117081
596 0.000105396
597 0.000126994
598 0.000128927
599 9.20227e-05
600 0.00011644
601 0.000127427
602 0.000155997
603 0.000139943
604 0.00015067
605 0.00013195
606 0.000115798
607 0.000156954
608 0.000144855
609 0.000121785
610 0.000110814
611 0.000122941
612 0.000115067
613 9.05267e-05
614 8.3409e-05
615 0.000115194
616 0.000115257
617 0.000104855
618 0.000121295
619 0.000119761
620 0.000145469
621 0.000142767
622 0.0001022
623 0.000104712
624 0.000110868
625 8.19851e-05
626 0.000140601
627 0.000113469
628 0.000110326
629 0.00010937
630 0.000137295
631 9.30797e-05
632 0.000157342
633 0.000117811
634 0.000150551
635 0.000101912
636 0.000128728
637 9.19246e-05
638 0.000143536
639 0.00012844
640 0.000102842
641 9.75418e-05
642 0.000116601
643 0.000114893
644 9.55358e-05
645 0.000123257
646 9.45255e-05
647 0.00015587
648 0.000127409
649 8.40703e-05
650 0.00014137
651 0.000157016
652 0.000117054
653 0.000131528
654 0.000126868
655 0.000124313
656 0.000123671
657 0.000112728
658 0.000125785
659 8.23263e-05
660 0.000104754
661 0.000128313
662 0.000123257
663 0.000145658
664 0.00013195
665 0.000155041
666 0.000164212
667 0.000129444
668 0.000126326
669 0.000119608
670 8.34814e-05
671 0.000109244
672 0.00011195
673 0.000132902
674 0.000134868
675 0.000126326
676 0.000134678
677 0.00011595
678 0.000115798
679 0.000137469
680 0.000111709
681 0.000101748
682 0.000104238
683 9.9409e-05
684 0.000139976
685 0.000139871
686 0.000100286
687 0.00011464
688 0.000103671
689 0.00012415
690 0.000107925
691 0.000132466
692 0.000102552
693 0.000109794
694 0.00014157
695 0.000151735
696 0.000143257
697 9.16805e-05
698 0.000131772
699 8.12437e-05
700 0.000130573
701 0.000137108
702 0.000143041
703 0.000123798
704 0.000146301
705 9.08934e-05
706 0.000111798
707 0.000105811
708 0.000146868
709 8.91426e-05
710 0.000105396
711 0.000150525
712 0.00014144
713 0.000103655
714 0.000135798
715 0.0001264
716 9.48677e-05
717 0.000124855
718 0.000110652
719 0.000103383
720 0.000122326
721 0.000104313
722 0.000130842
723 9.83263e-05
724 0.000125422
725 0.000153785
726 0.000133785
727 0.000149269
728 0.000121658
729 8.09559e-05
730 0.000132956
731 0.000121396
732 0.000113269
733 8.84116e-05
734 0.000103282
735 0.000123155
736 0.000139041
737 0.000103671
738 0.000111899
739 0.000115456
740 8.06651e-05
741 8.32822e-05
742 0.000159798
743 7.43006e-05
744 0.000118741
745 0.000146741
746 0.000114225
747 0.0001145
748 0.000105785
749 9.17979e-05
750 0.000113181
751 7.67127e-05
752 7.4842e-05
753 0.000140466
754 0.00010231
755 9.4842e-05
756 0.000101938
757 0.000102868
758 0.000133811
759 9.86998e-05
760 0.000127896
761 0.000130842
762 0.000110614
763 9.60981e-05
764 0.000113595
765 0.000145367
766 0.000105785
767 0.000121107
768 0.000111671
769 0.000133396
770 0.00012937
771 9.02719e-05
772 0.000107282
773 9.48677e-05
774 0.000103013
775 7.44998e-05
776 0.000113469
777 0.000132855
778 0.000113675
779 0.000164754
780 0.000100839
781 0.000112513
782 0.000110842
783 0.00011716
784 0.00011644
785 0.000155925
786 0.000103971
787 0.000115456
788 7.92565e-05
789 0.000147697
790 0.000128982
791 0.000104339
792 9.52565e-05
793 0.000133984
794 0.000108285
795 0.00014787
796 0.000155409
797 0.000124323
798 0.000129811
799 0.000105785
800 0.000116313
801 0.000118614
802 0.000103383
803 0.000118299
804 0.000133811
805 0.000111383
806 0.000106315
807 8.65979e-05
808 0.000100313
809 0.000102453
810 0.000118525
811 0.000102111
812 0.000142969
813 9.69272e-05
814 0.000101811
815 8.80981e-05
816 0.000136313
817 8.52065e-05
818 0.000103582
819 0.000118868
820 9.99246e-05
821 0.000126301
822 7.87255e-05
823 0.000138741
824 0.000118741
825 0.000109497
826 9.60514e-05
827 0.000153785
828 0.000122326
829 0.000103257
830 9.06523e-05
831 0.00011737
832 9.894e-05
833 0.000124212
834 0.000128412
835 0.000111383
836 0.000115329
837 9.33426e-05
838 0.000125621
839 9.73962e-05
840 9.84531e-05
841 0.00010444
842 0.000118914
843 0.000107257
844 0.000116045
845 0.000103671
846 0.00012137
847 9.47246e-05
848 0.000110399
849 0.00012957
850 9.84998e-05
851 0.000127798
852 0.000115257
853 0.000100855
854 0.000105469
855 9.47152e-05
856 9.36964e-05
857 7.0842e-05
858 0.000111798
859 9.28548e-05
860 0.000128728
861 0.000105143
862 0.000134479
863 9.36839e-05
864 0.000109143
865 0.00011337
866 0.000106679
867 8.67152e-05
868 0.000139925
869 7.25126e-05
870 0.000109883
871 0.000123798
872 0.000119997
873 0.000113443
874 8.9785e-05
875 0.000118741
876 9.8842e-05
877 8.07919e-05
878 0.000104953
879 0.000116222
880 0.000118652
881 0.000113469
882 0.000140737
883 8.39713e-05
884 0.000128466
885 0.000105206
886 0.000107899
887 8.92694e-05
888 9.73962e-05
889 9.18236e-05
890 6.95953e-05
891 0.000119798
892 0.000104881
893 0.000120665
894 0.000111456
895 9.79118e-05
896 9.83263e-05
897 0.000100881
898 9.78583e-05
899 9.53833e-05
900 6.18574e-05
901 8.50797e-05
902 0.000123798
903 9.8678e-05
904 0.000114057
905 8.33576e-05
906 0.000104197
907 7.60514e-05
908 0.000121269
909 8.23263e-05
910 9.75953e-05
911 6.61996e-05
912 0.000101985
913 8.3409e-05
914 0.000126326
915 0.00013495
916 7.57721e-05
917 8.08548e-05
918 0.000132855
919 9.44998e-05
920 0.000101912
921 0.000129253
922 0.000114868
923 7.64403e-05
924 9.54814e-05
925 8.68677e-05
926 8.53704e-05
927 0.000106914
928 8.88548e-05
929 9.60981e-05
930 7.76755e-05
931 0.000106326
932 9.80386e-05
933 9.58343e-05
934 0.000102225
935 0.000117343
936 0.000123743
937 8.88548e-05
938 0.000117553
939 7.24403e-05
940 0.000105396
941 9.32437e-05
942 0.000106994
943 6.1523e-05
944 8.89816e-05
945 7.89688e-05
946 7.74972e-05
947 9.26651e-05
948 9.93833e-05
949 0.000101279
950 8.21367e-05
951 0.000106851
952 0.000102652
953 8.5785e-05
954 9.42823e-05
955 0.000111383
956 7.39841e-05
957 9.72437e-05
958 0.000104829
959 0.000129696
960 0.000114868
961 7.81367e-05
962 8.03649e-05
963 0.000101367
964 7.91401e-05
965 7.91126e-05
966 5.8842e-05
967 0.0001105
968 7.64403e-05
969 0.000111798
970 7.73962e-05
971 9.03521e-05
972 7.94566e-05
973 8.38989e-05
974 9.61238e-05
975 6.48548e-05
976 0.000102599
977 7.29272e-05
978 8.78989e-05
979 9.0678e-05
980 0.000105055
981 0.000116492
982 8.63521e-05
983 0.000116728
984 0.000108829
985 7.4943e-05
986 8.08548e-05
987 9.23135e-05
988 6.98861e-05
989 7.04274e-05
990 0.000104466
991 7.21867e-05
992 0.000110326
993 0.000103257
994 8.79722e-05
995 0.000118573
996 0.000120728
997 6.88548e-05
998 0.000124339
999 0
