0 0
1 2.516e-05
2 3.608e-05
3 3.65564e-05
4 3.18344e-05
5 2.99132e-05
6 2.72316e-05
7 2.37116e-05
8 2.28712e-05
9 2.10348e-05
10 1.911e-05
11 1.80304e-05
12 1.77508e-05
13 1.65501e-05
14 1.70328e-05
15 1.4552e-05
16 1.40309e-05
17 1.46693e-05
18 1.42697e-05
19 1.16316e-05
20 1.15132e-05
21 1.26332e-05
22 1.21112e-05
23 1.15908e-05
24 1.25497e-05
25 1.13893e-05
26 1.09093e-05
27 9.63244e-06
28 9.67006e-06
29 1.07081e-05
30 9.03284e-06
31 1.01501e-05
32 9.83046e-06
33 9.03164e-06
34 1.02657e-05
35 9.34925e-06
36 9.35165e-06
37 8.43124e-06
38 7.70967e-06
39 8.11085e-06
40 7.71046e-06
41 7.71006e-06
42 8.95602e-06
43 7.75165e-06
44 8.87284e-06
45 7.50767e-06
46 7.79324e-06
47 6.27562e-06
48 6.03125e-06
49 7.71125e-06
50 6.91403e-06
51 6.87323e-06
52 7.35164e-06
53 6.83363e-06
54 7.39045e-06
55 6.39086e-06
56 7.26847e-06
57 7.42926e-06
58 5.82887e-06
59 5.87324e-06
60 6.43125e-06
61 5.99126e-06
62 6.59007e-06
63 6.9065e-06
64 5.91522e-06
65 5.99125e-06
66 5.39403e-06
67 6.67284e-06
68 5.59165e-06
69 5.11483e-06
70 6.95324e-06
71 5.43324e-06
72 5.74889e-06
73 5.71244e-06
74 5.79165e-06
75 6.03006e-06
76 5.35007e-06
77 5.31364e-06
78 5.90768e-06
79 5.91244e-06
80 5.39165e-06
81 5.43164e-06
82 5.43006e-06
83 5.39085e-06
84 5.66966e-06
85 4.99245e-06
86 5.31046e-06
87 5.22926e-06
88 4.91085e-06
89 5.42966e-06
90 4.51483e-06
91 4.83086e-06
92 5.23166e-06
93 5.27125e-06
94 4.55602e-06
95 4.74807e-06
96 4.63443e-06
97 4.51165e-06
98 4.95483e-06
99 5.07205e-06
100 4.11324e-06
101 4.91245e-06
102 4.87403e-06
103 4.35602e-06
104 4.31325e-06
105 4.83126e-06
106 4.71522e-06
107 4.19324e-06
108 3.95244e-06
109 4.79284e-06
110 4.27284e-06
111 5.10807e-06
112 4.23324e-06
113 3.83324e-06
114 3.55443e-06
115 4.07484e-06
116 4.51364e-06
117 3.43125e-06
118 4.63483e-06
119 4.59403e-06
120 4.03165e-06
121 4.39126e-06
122 4.87006e-06
123 4.31126e-06
124 4.03205e-06
125 4.38807e-06
126 3.87205e-06
127 4.39403e-06
128 3.78848e-06
129 3.71324e-06
130 4.31204e-06
131 4.63086e-06
132 3.75403e-06
133 3.11483e-06
134 3.71324e-06
135 4.15046e-06
136 4.27721e-06
137 4.15046e-06
138 4.51284e-06
139 3.55086e-06
140 3.51048e-06
141 3.95483e-06
142 3.35126e-06
143 3.47602e-06
144 4.51443e-06
145 3.67323e-06
146 3.83403e-06
147 3.59245e-06
148 3.55364e-06
149 3.51166e-06
150 3.11366e-06
151 4.23085e-06
152 3.39205e-06
153 4.63403e-06
154 3.31642e-06
155 3.43403e-06
156 3.71404e-06
157 3.59204e-06
158 3.59444e-06
159 3.51602e-06
160 3.91245e-06
161 3.27205e-06
162 3.39522e-06
163 3.47007e-06
164 3.23324e-06
165 3.47404e-06
166 3.87364e-06
167 3.35284e-06
168 3.71324e-06
169 3.11443e-06
170 3.47324e-06
171 2.59523e-06
172 4.15165e-06
173 2.83206e-06
174 3.59483e-06
175 3.23406e-06
176 3.31364e-06
177 3.22965e-06
178 3.91085e-06
179 3.23245e-06
180 3.11443e-06
181 3.19126e-06
182 3.23205e-06
183 3.31325e-06
184 3.15126e-06
185 2.95404e-06
186 3.07323e-06
187 3.11444e-06
188 3.19284e-06
189 3.15284e-06
190 3.27245e-06
191 2.99285e-06
192 3.15403e-06
193 3.43324e-06
194 3.03126e-06
195 3.19443e-06
196 3.27443e-06
197 3.35007e-06
198 3.23323e-06
199 3.39126e-06
200 2.51284e-06
201 3.39047e-06
202 2.71047e-06
203 3.03364e-06
204 3.23165e-06
205 2.75405e-06
206 2.67245e-06
207 3.39563e-06
208 2.39523e-06
209 2.43483e-06
210 2.79245e-06
211 3.03126e-06
212 3.07364e-06
213 2.95165e-06
214 2.95046e-06
215 3.23124e-06
216 2.99126e-06
217 2.99246e-06
218 2.59522e-06
219 2.99007e-06
220 3.34929e-06
221 3.02649e-06
222 3.11206e-06
223 2.87206e-06
224 2.75244e-06
225 2.19483e-06
226 2.86689e-06
227 2.82968e-06
228 2.79245e-06
229 2.63563e-06
230 2.79125e-06
231 3.18967e-06
232 3.02967e-06
233 2.51365e-06
234 2.91167e-06
235 3.19483e-06
236 2.47523e-06
237 2.51444e-06
238 2.55444e-06
239 2.15403e-06
240 3.83167e-06
241 3.39205e-06
242 2.75602e-06
243 2.95165e-06
244 2.15167e-06
245 2.95404e-06
246 2.75405e-06
247 2.55483e-06
248 2.71365e-06
249 2.99046e-06
250 2.75285e-06
251 2.27443e-06
252 2.75364e-06
253 2.99403e-06
254 2.47166e-06
255 2.39086e-06
256 2.75642e-06
257 3.07088e-06
258 3.67085e-06
259 2.51245e-06
260 2.15602e-06
261 2.75444e-06
262 2.51405e-06
263 2.67403e-06
264 2.99246e-06
265 2.51285e-06
266 2.95365e-06
267 3.03046e-06
268 2.58967e-06
269 2.19284e-06
270 2.51167e-06
271 2.87365e-06
272 2.35205e-06
273 2.55087e-06
274 2.75166e-06
275 2.15642e-06
276 3.02927e-06
277 2.71127e-06
278 2.87405e-06
279 2.39244e-06
280 2.23602e-06
281 2.67086e-06
282 2.91245e-06
283 2.63325e-06
284 2.39326e-06
285 2.79323e-06
286 2.75006e-06
287 2.23642e-06
288 2.59364e-06
289 2.27128e-06
290 2.59324e-06
291 2.95325e-06
292 2.67602e-06
293 1.99444e-06
294 2.03404e-06
295 2.51285e-06
296 2.27483e-06
297 2.71205e-06
298 2.22928e-06
299 2.27366e-06
300 2.19443e-06
301 2.67165e-06
302 2.99206e-06
303 2.27524e-06
304 2.31404e-06
305 2.47165e-06
306 2.15207e-06
307 2.63443e-06
308 2.27126e-06
309 2.59047e-06
310 2.51165e-06
311 2.15284e-06
312 2.23602e-06
313 2.27284e-06
314 2.19444e-06
315 2.51205e-06
316 2.43126e-06
317 2.19444e-06
318 1.99364e-06
319 2.51522e-06
320 2.19563e-06
321 2.23444e-06
322 2.31484e-06
323 2.59124e-06
324 2.39324e-06
325 2.67165e-06
326 1.95483e-06
327 2.19483e-06
328 2.51166e-06
329 2.03484e-06
330 2.11047e-06
331 2.63048e-06
332 2.87324e-06
333 2.39245e-06
334 2.51364e-06
335 2.43165e-06
336 2.71007e-06
337 2.19403e-06
338 2.47325e-06
339 2.15483e-06
340 2.27404e-06
341 2.15325e-06
342 1.87364e-06
343 2.39364e-06
344 2.11801e-06
345 2.07563e-06
346 2.03286e-06
347 2.43325e-06
348 2.39642e-06
349 2.27245e-06
350 2.35245e-06
351 1.87484e-06
352 2.35483e-06
353 2.19523e-06
354 2.39563e-06
355 2.47484e-06
356 1.99444e-06
357 2.6657e-06
358 2.27324e-06
359 2.55205e-06
360 2.23167e-06
361 2.47444e-06
362 1.95286e-06
363 1.79563e-06
364 1.75523e-06
365 1.71326e-06
366 2.47404e-06
367 2.15325e-06
368 2.27166e-06
369 2.67009e-06
370 2.03285e-06
371 2.26967e-06
372 1.99206e-06
373 2.11325e-06
374 2.67285e-06
375 2.27284e-06
376 2.03206e-06
377 2.19406e-06
378 2.23364e-06
379 2.11325e-06
380 2.03602e-06
381 2.11246e-06
382 2.07483e-06
383 2.23483e-06
384 1.91443e-06
385 1.99285e-06
386 2.67284e-06
387 2.15524e-06
388 2.27165e-06
389 2.19324e-06
390 1.83603e-06
391 1.67444e-06
392 2.23284e-06
393 2.31086e-06
394 2.35245e-06
395 2.23166e-06
396 1.71245e-06
397 2.07487e-06
398 2.27165e-06
399 1.91167e-06
400 1.99444e-06
401 1.83642e-06
402 2.39086e-06
403 2.35364e-06
404 1.75365e-06
405 1.95404e-06
406 2.07364e-06
407 2.27285e-06
408 2.27009e-06
409 1.83364e-06
410 2.19404e-06
411 2.03366e-06
412 2.15406e-06
413 1.95563e-06
414 1.67721e-06
415 2.03206e-06
416 2.03523e-06
417 1.91364e-06
418 2.23404e-06
419 1.95088e-06
420 1.87443e-06
421 2.23365e-06
422 2.23444e-06
423 2.15523e-06
424 2.07483e-06
425 1.51722e-06
426 2.55126e-06
427 2.51128e-06
428 1.47602e-06
429 1.95404e-06
430 1.87364e-06
431 2.31603e-06
432 2.23087e-06
433 2.3893e-06
434 2.03364e-06
435 1.91323e-06
436 1.63205e-06
437 2.27284e-06
438 1.99247e-06
439 2.15284e-06
440 1.87522e-06
441 2.27404e-06
442 2.31483e-06
443 1.59522e-06
444 1.91206e-06
445 1.99245e-06
446 2.11285e-06
447 2.27206e-06
448 2.46849e-06
449 1.19206e-06
450 1.51523e-06
451 2.23086e-06
452 1.99403e-06
453 1.87523e-06
454 1.87563e-06
455 2.35364e-06
456 2.03127e-06
457 1.70929e-06
458 1.91325e-06
459 1.79364e-06
460 1.51603e-06
461 1.67246e-06
462 2.11245e-06
463 2.55048e-06
464 2.11206e-06
465 1.99286e-06
466 1.95088e-06
467 1.99007e-06
468 1.75563e-06
469 2.23483e-06
470 1.55405e-06
471 2.07165e-06
472 1.51444e-06
473 1.79404e-06
474 2.23126e-06
475 1.67246e-06
476 1.75207e-06
477 1.55404e-06
478 1.59445e-06
479 1.83483e-06
480 1.83244e-06
481 2.06969e-06
482 1.47484e-06
483 2.07324e-06
484 2.27602e-06
485 1.83484e-06
486 1.47682e-06
487 1.43286e-06
488 1.83483e-06
489 1.59604e-06
490 1.71721e-06
491 1.83444e-06
492 1.31563e-06
493 2.31246e-06
494 1.79286e-06
495 2.07247e-06
496 1.71365e-06
497 1.47405e-06
498 1.79167e-06
499 1.39405e-06
500 1.23485e-06
501 2.19208e-06
502 1.87643e-06
503 1.31603e-06
504 1.99165e-06
505 2.07245e-06
506 2.11246e-06
507 1.83403e-06
508 1.75682e-06
509 1.83365e-06
510 2.07484e-06
511 2.35484e-06
512 1.59443e-06
513 1.55405e-06
514 1.55523e-06
515 1.91682e-06
516 1.59246e-06
517 1.67524e-06
518 1.67682e-06
519 1.31523e-06
520 1.67523e-06
521 1.83484e-06
522 1.83324e-06
523 1.63285e-06
524 1.71406e-06
525 1.95405e-06
526 1.67522e-06
527 1.87484e-06
528 1.55602e-06
529 1.67126e-06
530 1.59206e-06
531 1.87367e-06
532 1.59166e-06
533 1.47405e-06
534 1.51722e-06
535 1.59404e-06
536 1.71483e-06
537 1.95523e-06
538 1.79523e-06
539 1.71245e-06
540 1.59325e-06
541 1.55642e-06
542 1.87048e-06
543 1.71364e-06
544 1.67444e-06
545 1.51563e-06
546 1.95643e-06
547 1.51285e-06
548 1.71245e-06
549 1.27404e-06
550 2.03047e-06
551 2.03205e-06
552 1.51522e-06
553 1.79443e-06
554 2.03246e-06
555 1.35523e-06
556 1.87483e-06
557 1.27523e-06
558 1.99443e-06
559 1.8297e-06
560 1.95284e-06
561 1.67364e-06
562 1.95284e-06
563 1.75285e-06
564 1.78968e-06
565 1.87325e-06
566 1.87008e-06
567 1.67524e-06
568 1.71166e-06
569 1.19563e-06
570 1.79166e-06
571 1.91166e-06
572 1.99048e-06
573 1.67325e-06
574 1.35603e-06
575 1.63563e-06
576 1.59324e-06
577 1.83404e-06
578 1.27444e-06
579 1.07642e-06
580 1.03523e-06
581 2.19128e-06
582 1.27563e-06
583 1.75126e-06
584 1.19801e-06
585 1.87366e-06
586 1.15366e-06
587 1.63523e-06
588 1.47325e-06
589 2.03126e-06
590 1.91326e-06
591 2.23247e-06
592 1.75206e-06
593 1.71443e-06
594 1.79444e-06
595 1.43682e-06
596 1.47524e-06
597 2.07285e-06
598 1.87168e-06
599 1.75405e-06
600 1.95166e-06
601 1.63405e-06
602 1.35168e-06
603 2.11364e-06
604 1.75284e-06
605 2.19325e-06
606 1.55206e-06
607 1.51484e-06
608 1.75602e-06
609 1.67443e-06
610 1.87443e-06
611 1.51444e-06
612 1.59365e-06
613 1.43485e-06
614 1.31325e-06
615 2.02929e-06
616 1.39723e-06
617 9.97218e-07
618 1.87126e-06
619 1.63365e-06
620 1.79444e-06
621 1.75404e-06
622 1.11325e-06
623 1.35523e-06
624 1.63404e-06
625 1.95682e-06
626 1.71643e-06
627 1.39366e-06
628 1.79285e-06
629 1.67485e-06
630 1.15523e-06
631 1.87365e-06
632 1.63444e-06
633 1.79483e-06
634 1.55366e-06
635 1.55365e-06
636 9.97616e-07
637 1.31246e-06
638 1.63246e-06
639 1.31602e-06
640 1.59284e-06
641 1.39364e-06
642 1.47682e-06
643 1.87642e-06
644 1.39325e-06
645 1.55366e-06
646 1.87443e-06
647 2.15128e-06
648 1.23167e-06
649 1.87367e-06
650 1.67008e-06
651 1.35365e-06
652 1.51761e-06
653 1.55603e-06
654 1.83405e-06
655 1.43444e-06
656 1.15366e-06
657 1.47167e-06
658 1.67443e-06
659 1.71444e-06
660 1.31325e-06
661 1.63483e-06
662 1.67444e-06
663 1.19485e-06
664 1.59365e-06
665 2.11205e-06
666 1.39365e-06
667 1.31761e-06
668 1.47405e-06
669 1.43286e-06
670 1.83483e-06
671 1.51563e-06
672 1.91246e-06
673 1.11485e-06
674 1.47446e-06
675 1.35206e-06
676 1.3905e-06
677 1.47444e-06
678 1.55365e-06
679 1.71049e-06
680 1.23444e-06
681 1.39365e-06
682 1.11563e-06
683 1.55364e-06
684 1.55207e-06
685 1.75127e-06
686 1.67444e-06
687 1.51404e-06
688 1.63722e-06
689 1.55407e-06
690 1.87207e-06
691 1.23366e-06
692 1.79206e-06
693 1.27484e-06
694 1.87404e-06
695 1.47206e-06
696 1.59325e-06
697 1.55484e-06
698 1.39444e-06
699 1.63405e-06
700 1.2713e-06
701 1.83563e-06
702 1.27445e-06
703 1.31525e-06
704 1.91404e-06
705 1.59327e-06
706 1.27248e-06
707 1.23563e-06
708 1.79126e-06
709 1.75208e-06
710 1.79128e-06
711 1.23682e-06
712 1.51285e-06
713 2.51007e-06
714 1.31326e-06
715 1.23563e-06
716 1.47603e-06
717 1.59563e-06
718 1.43483e-06
719 1.63642e-06
720 1.27329e-06
721 1.51642e-06
722 1.43286e-06
723 2.11603e-06
724 1.71365e-06
725 1.31721e-06
726 9.57222e-07
727 1.47126e-06
728 1.63523e-06
729 1.47404e-06
730 1.75167e-06
731 1.15364e-06
732 1.31444e-06
733 1.19682e-06
734 1.67047e-06
735 2.07286e-06
736 1.55403e-06
737 1.39642e-06
738 1.83405e-06
739 1.15448e-06
740 1.07564e-06
741 1.47364e-06
742 1.03762e-06
743 1.47485e-06
744 1.47523e-06
745 8.34054e-07
746 1.67365e-06
747 1.55088e-06
748 1.31761e-06
749 1.71046e-06
750 1.23325e-06
751 1.67284e-06
752 1.43484e-06
753 1.47645e-06
754 1.19602e-06
755 1.75325e-06
756 1.27722e-06
757 1.35406e-06
758 1.19328e-06
759 1.23563e-06
760 1.03523e-06
761 1.39246e-06
762 1.27721e-06
763 2.39562e-06
764 1.39405e-06
765 1.79324e-06
766 1.79404e-06
767 1.43524e-06
768 1.39404e-06
769 1.23603e-06
770 1.55325e-06
771 1.55366e-06
772 1.43366e-06
773 1.27368e-06
774 1.35682e-06
775 1.15483e-06
776 1.51364e-06
777 1.43251e-06
778 1.47206e-06
779 1.19404e-06
780 1.59366e-06
781 1.51286e-06
782 1.71129e-06
783 1.15643e-06
784 1.35404e-06
785 1.43404e-06
786 1.19523e-06
787 9.53656e-07
788 1.15841e-06
789 1.39365e-06
790 1.23407e-06
791 1.75125e-06
792 1.23365e-06
793 1.43444e-06
794 1.07643e-06
795 9.17616e-07
796 1.31285e-06
797 1.15364e-06
798 1.19287e-06
799 1.87088e-06
800 1.07563e-06
801 1.31524e-06
802 1.70931e-06
803 1.23682e-06
804 1.47404e-06
805 1.11328e-06
806 1.75167e-06
807 1.51245e-06
808 1.39483e-06
809 1.67403e-06
810 1.63286e-06
811 1.67324e-06
812 1.03405e-06
813 1.43086e-06
814 1.59166e-06
815 1.39088e-06
816 1.11604e-06
817 9.54456e-07
818 1.11286e-06
819 1.67324e-06
820 9.96024e-07
821 1.39405e-06
822 1.99364e-06
823 1.27326e-06
824 1.74932e-06
825 1.39011e-06
826 9.54846e-07
827 1.39603e-06
828 1.31603e-06
829 1.43245e-06
830 1.35206e-06
831 1.31365e-06
832 1.63485e-06
833 1.11325e-06
834 1.58889e-06
835 1.07564e-06
836 1.59366e-06
837 1.43484e-06
838 1.79046e-06
839 1.03444e-06
840 1.11365e-06
841 1.27483e-06
842 1.51404e-06
843 1.59245e-06
844 1.39366e-06
845 1.47404e-06
846 9.95255e-07
847 9.89762e-07
848 1.51208e-06
849 1.3082e-06
850 1.31367e-06
851 1.43602e-06
852 1.19443e-06
853 1.79246e-06
854 1.43483e-06
855 1.71404e-06
856 1.43404e-06
857 1.31327e-06
858 9.56422e-07
859 1.71325e-06
860 1.51245e-06
861 1.31366e-06
862 1.75403e-06
863 1.31207e-06
864 1.54928e-06
865 1.11484e-06
866 1.23168e-06
867 1.27407e-06
868 1.07603e-06
869 1.35682e-06
870 1.15484e-06
871 1.23485e-06
872 1.19054e-06
873 7.16828e-07
874 1.51562e-06
875 8.7483e-07
876 8.3801e-07
877 1.71245e-06
878 1.15523e-06
879 1.27563e-06
880 1.03523e-06
881 9.97612e-07
882 1.11642e-06
883 9.56024e-07
884 8.76032e-07
885 1.15722e-06
886 1.39483e-06
887 1.43205e-06
888 1.55166e-06
889 1.35405e-06
890 7.95244e-07
891 1.31325e-06
892 1.07643e-06
893 1.51365e-06
894 1.07246e-06
895 9.56824e-07
896 1.39523e-06
897 1.39444e-06
898 1.63444e-06
899 1.23287e-06
900 1.43562e-06
901 1.15682e-06
902 1.67089e-06
903 9.95251e-07
904 1.5117e-06
905 1.15364e-06
906 1.39563e-06
907 1.03722e-06
908 1.27364e-06
909 9.95626e-07
910 1.11564e-06
911 9.15232e-07
912 1.79205e-06
913 1.51722e-06
914 1.63444e-06
915 1.23444e-06
916 1.23563e-06
917 1.19643e-06
918 1.15286e-06
919 1.59285e-06
920 1.35325e-06
921 1.27682e-06
922 1.74849e-06
923 1.15721e-06
924 1.59287e-06
925 1.03325e-06
926 1.55167e-06
927 1.35603e-06
928 1.47484e-06
929 1.19484e-06
930 1.19406e-06
931 1.51246e-06
932 1.15762e-06
933 1.11605e-06
934 1.43404e-06
935 1.43367e-06
936 1.11682e-06
937 1.35208e-06
938 1.31444e-06
939 1.27405e-06
940 9.15634e-07
941 1.03406e-06
942 1.27445e-06
943 1.27405e-06
944 1.15446e-06
945 1.23682e-06
946 1.30971e-06
947 1.27166e-06
948 1.39247e-06
949 1.11602e-06
950 1.35444e-06
951 1.15563e-06
952 1.39524e-06
953 9.17214e-07
954 1.47365e-06
955 1.31048e-06
956 1.23285e-06
957 1.55206e-06
958 1.31563e-06
959 1.51603e-06
960 1.11446e-06
961 1.15366e-06
962 1.35167e-06
963 1.35365e-06
964 1.47246e-06
965 1.11563e-06
966 7.97218e-07
967 9.56426e-07
968 9.94854e-07
969 9.5563e-07
970 1.19483e-06
971 1.31284e-06
972 1.39405e-06
973 1.15403e-06
974 1.19524e-06
975 1.15485e-06
976 1.35285e-06
977 9.15232e-07
978 1.27368e-06
979 1.19286e-06
980 1.03563e-06
981 1.63247e-06
982 9.94448e-07
983 6.7762e-07
984 1.39604e-06
985 1.11602e-06
986 1.07524e-06
987 1.35324e-06
988 1.15483e-06
989 1.07603e-06
990 1.31524e-06
991 1.55206e-06
992 8.74444e-07
993 1.63247e-06
994 1.31365e-06
995 1.11485e-06
996 9.53258e-07
997 1.07642e-06
998 8.36032e-07
999 0
