0 0
1 0.0013776
2 0.000652248
3 0.000511239
4 0.000417106
5 0.000369582
6 0.000322043
7 0.000274877
8 0.000235814
9 0.000224553
10 0.000181586
11 0.000195395
12 0.000187624
13 0.000176058
14 0.000164252
15 0.000155068
16 0.000148367
17 0.000155776
18 0.000136503
19 0.000126862
20 0.00013029
21 0.000124576
22 0.000122389
23 0.000126476
24 0.000114062
25 0.000114919
26 0.000112458
27 0.000106503
28 0.000109814
29 0.0001053
30 0.000102751
31 0.000101105
32 9.65227e-05
33 9.38901e-05
34 9.7345e-05
35 9.63698e-05
36 8.97795e-05
37 8.17185e-05
38 8.36617e-05
39 8.46139e-05
40 9.573e-05
41 7.82901e-05
42 8.64722e-05
43 7.77332e-05
44 8.89342e-05
45 8.43855e-05
46 6.76423e-05
47 7.48043e-05
48 6.37148e-05
49 6.26937e-05
50 7.08112e-05
51 6.58556e-05
52 7.16043e-05
53 6.90139e-05
54 7.12272e-05
55 7.12804e-05
56 7.07892e-05
57 6.27088e-05
58 6.2652e-05
59 6.70474e-05
60 6.2252e-05
61 6.70139e-05
62 7.25372e-05
63 5.63281e-05
64 5.56876e-05
65 6.04909e-05
66 5.87731e-05
67 6.58937e-05
68 6.01759e-05
69 5.31281e-05
70 6.19734e-05
71 5.42592e-05
72 6.10176e-05
73 5.18937e-05
74 4.55317e-05
75 6.10901e-05
76 5.693e-05
77 5.33707e-05
78 5.56006e-05
79 5.48804e-05
80 4.99009e-05
81 5.66556e-05
82 4.78707e-05
83 5.52115e-05
84 4.48423e-05
85 4.98629e-05
86 5.03734e-05
87 4.51731e-05
88 5.00804e-05
89 5.12112e-05
90 5.13257e-05
91 5.48794e-05
92 5.23698e-05
93 3.60459e-05
94 4.31426e-05
95 5.11462e-05
96 5.26363e-05
97 4.87317e-05
98 4.85864e-05
99 4.61867e-05
100 4.39468e-05
101 4.54707e-05
102 5.23281e-05
103 4.88483e-05
104 3.94432e-05
105 4.43281e-05
106 4.83626e-05
107 4.64459e-05
108 4.29221e-05
109 4.37139e-05
110 3.61221e-05
111 4.38973e-05
112 4.1829e-05
113 3.45221e-05
114 4.68762e-05
115 4.52006e-05
116 4.85185e-05
117 4.48079e-05
118 3.52804e-05
119 3.97185e-05
120 4.77904e-05
121 3.62389e-05
122 4.36423e-05
123 4.25414e-05
124 3.77864e-05
125 4.10864e-05
126 3.21529e-05
127 4.09178e-05
128 3.24876e-05
129 3.09946e-05
130 3.71046e-05
131 3.7429e-05
132 4.02592e-05
133 3.87042e-05
134 3.38432e-05
135 3.72528e-05
136 4.05185e-05
137 3.96876e-05
138 3.8484e-05
139 4.30592e-05
140 3.94665e-05
141 3.91317e-05
142 3.62671e-05
143 3.53221e-05
144 4.38326e-05
145 3.51078e-05
146 3.4084e-05
147 3.70743e-05
148 4.33556e-05
149 3.92804e-05
150 3.12601e-05
151 3.63317e-05
152 3.51184e-05
153 3.53946e-05
154 4.17565e-05
155 3.6591e-05
156 4.03698e-05
157 3.76794e-05
158 3.09148e-05
159 2.87052e-05
160 3.80459e-05
161 3.43734e-05
162 3.66937e-05
163 3.47082e-05
164 3.36423e-05
165 2.98707e-05
166 3.43767e-05
167 2.47468e-05
168 3.43009e-05
169 3.11354e-05
170 3.08151e-05
171 3.10743e-05
172 3.79245e-05
173 3.24115e-05
174 3.5345e-05
175 3.03088e-05
176 2.95317e-05
177 3.28565e-05
178 3.20913e-05
179 3.27088e-05
180 3.6945e-05
181 2.88532e-05
182 3.10015e-05
183 3.81654e-05
184 3.09257e-05
185 3.32115e-05
186 3.47459e-05
187 3.44876e-05
188 2.72387e-05
189 3.80079e-05
190 3.33565e-05
191 3.20184e-05
192 3.5584e-05
193 3.08492e-05
194 2.78326e-05
195 2.80913e-05
196 2.91734e-05
197 2.72459e-05
198 3.12417e-05
199 2.51088e-05
200 2.66363e-05
201 2.85982e-05
202 2.79088e-05
203 2.72909e-05
204 3.68496e-05
205 3.42665e-05
206 2.28876e-05
207 3.18504e-05
208 3.2235e-05
209 3.09257e-05
210 2.74091e-05
211 3.85982e-05
212 2.44955e-05
213 2.70973e-05
214 2.58812e-05
215 3.06707e-05
216 2.59734e-05
217 3.25904e-05
218 3.35662e-05
219 1.96647e-05
220 2.84423e-05
221 2.35574e-05
222 2.84151e-05
223 3.0084e-05
224 2.54395e-05
225 2.83734e-05
226 3.08193e-05
227 2.82005e-05
228 2.63317e-05
229 2.73257e-05
230 3.72079e-05
231 2.74776e-05
232 2.85529e-05
233 2.55046e-05
234 3.17946e-05
235 2.65982e-05
236 2.54592e-05
237 2.70326e-05
238 3.12115e-05
239 2.95009e-05
240 2.62018e-05
241 2.90435e-05
242 3.04459e-05
243 2.95698e-05
244 2.47505e-05
245 2.59836e-05
246 2.86018e-05
247 2.99151e-05
248 2.30018e-05
249 2.42432e-05
250 2.9897e-05
251 2.80909e-05
252 2.28876e-05
253 2.52689e-05
254 2.29638e-05
255 2.61335e-05
256 2.58743e-05
257 2.4484e-05
258 3.74245e-05
259 2.62363e-05
260 2.87813e-05
261 2.52873e-05
262 2.69592e-05
263 2.8991e-05
264 2.54326e-05
265 2.52876e-05
266 2.58973e-05
267 2.52804e-05
268 3.22248e-05
269 2.5684e-05
270 2.57221e-05
271 2.27328e-05
272 2.44079e-05
273 2.24568e-05
274 2.37565e-05
275 2.26707e-05
276 2.79468e-05
277 2.18399e-05
278 2.41638e-05
279 2.75803e-05
280 1.99505e-05
281 2.35813e-05
282 3.00794e-05
283 2.55426e-05
284 2.01946e-05
285 2.64115e-05
286 2.21257e-05
287 2.36949e-05
288 2.15088e-05
289 2.35876e-05
290 2.86395e-05
291 2.58051e-05
292 2.17743e-05
293 1.99088e-05
294 2.5684e-05
295 2.20496e-05
296 1.9223e-05
297 1.94776e-05
298 2.83505e-05
299 2.33601e-05
300 2.30803e-05
301 2.10363e-05
302 2.13221e-05
303 2.20565e-05
304 2.42973e-05
305 2.84798e-05
306 1.75468e-05
307 2.74212e-05
308 2.63245e-05
309 2.7284e-05
310 2.23495e-05
311 2.45257e-05
312 1.95088e-05
313 2.23426e-05
314 2.2422e-05
315 2.04496e-05
316 2.44266e-05
317 2.21565e-05
318 2.41601e-05
319 2.25221e-05
320 2.48043e-05
321 1.55124e-05
322 2.87771e-05
323 2.81904e-05
324 2.64115e-05
325 2.37628e-05
326 1.90389e-05
327 2.39124e-05
328 2.03771e-05
329 2.41812e-05
330 1.79813e-05
331 2.88079e-05
332 2.20352e-05
333 2.53257e-05
334 2.36148e-05
335 2.68115e-05
336 2.11193e-05
337 2.17946e-05
338 2.1204e-05
339 1.92647e-05
340 1.93326e-05
341 2.22698e-05
342 2.09257e-05
343 2.51558e-05
344 1.61027e-05
345 2.1984e-05
346 1.67088e-05
347 2.64184e-05
348 1.8571e-05
349 2.18363e-05
350 1.99052e-05
351 2.04266e-05
352 1.6484e-05
353 2.17014e-05
354 1.9367e-05
355 2.1029e-05
356 2.0484e-05
357 1.9815e-05
358 2.48151e-05
359 1.64184e-05
360 2.25211e-05
361 2.22018e-05
362 1.87459e-05
363 2.13982e-05
364 2.1623e-05
365 2.22284e-05
366 1.56193e-05
367 2.31147e-05
368 1.6823e-05
369 2.1753e-05
370 1.88982e-05
371 1.7223e-05
372 2.30468e-05
373 1.71229e-05
374 1.80266e-05
375 2.15046e-05
376 1.7661e-05
377 2.46317e-05
378 1.86054e-05
379 1.48955e-05
380 1.83124e-05
381 1.73257e-05
382 2.38707e-05
383 1.83124e-05
384 1.63193e-05
385 1.46743e-05
386 2.16913e-05
387 2.87771e-05
388 2.36187e-05
389 1.82973e-05
390 2.20876e-05
391 1.93014e-05
392 2.10743e-05
393 1.77674e-05
394 1.36991e-05
395 2.3029e-05
396 1.79124e-05
397 1.76978e-05
398 2.31468e-05
399 2.05674e-05
400 1.69565e-05
401 2.13946e-05
402 2.54326e-05
403 1.70707e-05
404 1.90018e-05
405 2.13257e-05
406 1.83391e-05
407 1.83499e-05
408 1.9223e-05
409 1.95885e-05
410 1.80955e-05
411 2.02707e-05
412 2.04079e-05
413 1.66399e-05
414 2.03468e-05
415 1.9223e-05
416 2.10248e-05
417 2.03813e-05
418 1.98707e-05
419 1.86326e-05
420 1.94395e-05
421 2.19803e-05
422 1.8884e-05
423 2.20043e-05
424 2.10018e-05
425 1.93565e-05
426 2.17008e-05
427 1.80532e-05
428 1.46743e-05
429 2.02734e-05
430 1.44909e-05
431 1.87537e-05
432 1.7961e-05
433 2.25674e-05
434 1.8822e-05
435 2.17565e-05
436 1.98326e-05
437 1.67196e-05
438 2.08876e-05
439 1.99432e-05
440 1.9222e-05
441 1.78812e-05
442 2.32372e-05
443 1.98018e-05
444 1.79088e-05
445 1.69707e-05
446 1.88224e-05
447 2.11078e-05
448 2.07803e-05
449 1.86045e-05
450 2.01982e-05
451 1.75885e-05
452 1.54363e-05
453 1.59849e-05
454 1.76825e-05
455 2.07426e-05
456 1.8484e-05
457 2.09601e-05
458 1.55124e-05
459 1.87885e-05
460 1.78087e-05
461 2.32663e-05
462 1.6316e-05
463 1.49362e-05
464 1.87468e-05
465 1.68574e-05
466 2.16913e-05
467 2.11771e-05
468 1.41674e-05
469 1.51537e-05
470 1.65435e-05
471 2.13559e-05
472 1.56955e-05
473 1.59088e-05
474 2.00459e-05
475 1.62363e-05
476 1.97461e-05
477 1.9767e-05
478 2.10557e-05
479 1.56769e-05
480 1.59432e-05
481 1.30504e-05
482 1.82592e-05
483 1.72434e-05
484 1.62816e-05
485 1.77601e-05
486 1.8861e-05
487 1.89087e-05
488 1.72043e-05
489 1.52193e-05
490 1.85982e-05
491 1.81372e-05
492 1.60955e-05
493 2.2129e-05
494 1.75505e-05
495 2.09372e-05
496 2.11042e-05
497 1.86707e-05
498 2.0484e-05
499 2.00335e-05
500 1.38399e-05
501 1.70326e-05
502 1.55734e-05
503 1.92926e-05
504 2.12184e-05
505 1.77779e-05
506 1.8826e-05
507 1.55255e-05
508 1.92256e-05
509 1.69257e-05
510 1.44673e-05
511 2.00945e-05
512 1.81326e-05
513 2.16601e-05
514 1.63157e-05
515 1.45335e-05
516 1.89293e-05
517 2.13601e-05
518 1.8884e-05
519 1.8629e-05
520 1.33716e-05
521 2.14018e-05
522 1.08716e-05
523 1.88313e-05
524 1.7516e-05
525 1.93601e-05
526 1.95849e-05
527 1.49293e-05
528 1.94097e-05
529 1.65664e-05
530 1.46363e-05
531 1.48335e-05
532 1.62363e-05
533 1.63885e-05
534 1.66432e-05
535 2.0612e-05
536 1.68913e-05
537 1.4967e-05
538 1.40266e-05
539 2.40628e-05
540 1.64256e-05
541 1.85973e-05
542 1.27088e-05
543 1.30849e-05
544 1.48496e-05
545 1.46707e-05
546 1.81388e-05
547 1.95157e-05
548 1.31453e-05
549 1.82432e-05
550 1.58743e-05
551 9.52917e-06
552 1.55088e-05
553 1.62326e-05
554 1.67872e-05
555 1.51885e-05
556 1.3516e-05
557 1.6461e-05
558 1.67922e-05
559 1.47468e-05
560 1.97638e-05
561 1.41982e-05
562 1.31918e-05
563 1.87426e-05
564 1.4906e-05
565 2.22796e-05
566 1.47124e-05
567 1.53674e-05
568 1.56319e-05
569 1.90054e-05
570 1.49326e-05
571 1.47495e-05
572 1.78219e-05
573 1.25335e-05
574 1.89946e-05
575 1.43468e-05
576 1.31468e-05
577 1.95876e-05
578 1.43505e-05
579 1.66363e-05
580 1.53707e-05
581 1.4316e-05
582 1.63462e-05
583 1.42671e-05
584 1.77293e-05
585 1.91052e-05
586 1.48955e-05
587 1.49716e-05
588 1.82326e-05
589 1.69293e-05
590 1.57946e-05
591 1.31849e-05
592 1.42435e-05
593 1.84151e-05
594 1.35088e-05
595 1.37362e-05
596 1.95627e-05
597 1.50812e-05
598 1.85221e-05
599 1.52335e-05
600 1.98707e-05
601 1.94395e-05
602 1.54671e-05
603 1.39876e-05
604 1.32637e-05
605 1.93221e-05
606 1.91468e-05
607 1.23468e-05
608 1.54567e-05
609 1.59803e-05
610 1.46399e-05
611 1.57425e-05
612 1.3029e-05
613 1.29372e-05
614 1.44991e-05
615 1.36568e-05
616 1.20299e-05
617 1.47945e-05
618 1.50326e-05
619 1.66326e-05
620 1.62054e-05
621 1.64647e-05
622 1.24299e-05
623 1.34363e-05
624 1.56637e-05
625 1.76293e-05
626 8.93717e-06
627 1.29716e-05
628 1.57425e-05
629 1.23193e-05
630 2.11078e-05
631 1.89601e-05
632 1.58743e-05
633 1.25359e-05
634 1.32266e-05
635 1.49779e-05
636 1.12949e-05
637 1.75151e-05
638 1.53687e-05
639 1.38363e-05
640 1.31849e-05
641 1.60319e-05
642 1.38504e-05
643 1.62363e-05
644 1.11885e-05
645 1.56913e-05
646 1.97353e-05
647 1.32532e-05
648 1.71813e-05
649 1.26816e-05
650 1.53293e-05
651 1.19885e-05
652 1.52876e-05
653 1.87771e-05
654 1.82432e-05
655 1.6467e-05
656 1.37674e-05
657 1.4953e-05
658 1.37674e-05
659 1.55124e-05
660 1.84949e-05
661 1.29326e-05
662 1.62743e-05
663 1.56568e-05
664 1.09841e-05
665 1.60496e-05
666 1.35052e-05
667 1.52184e-05
668 1.8594e-05
669 1.51541e-05
670 1.82468e-05
671 1.46707e-05
672 1.3516e-05
673 1.38537e-05
674 1.2461e-05
675 1.51468e-05
676 1.78501e-05
677 8.02987e-06
678 1.58018e-05
679 1.52371e-05
680 1.42707e-05
681 1.68945e-05
682 1.30432e-05
683 1.12955e-05
684 1.26743e-05
685 1.72338e-05
686 1.33779e-05
687 1.48683e-05
688 1.12982e-05
689 1.28982e-05
690 1.87462e-05
691 1.37359e-05
692 1.75124e-05
693 1.47328e-05
694 1.34432e-05
695 1.61601e-05
696 1.7308e-05
697 1.8484e-05
698 1.47177e-05
699 1.39265e-05
700 1.40532e-05
701 1.41329e-05
702 1.38009e-05
703 1.45638e-05
704 1.21293e-05
705 1.36266e-05
706 1.90707e-05
707 1.34468e-05
708 1.56601e-05
709 1.23196e-05
710 1.30399e-05
711 1.06603e-05
712 1.45769e-05
713 1.65211e-05
714 9.85731e-06
715 1.42363e-05
716 1.13638e-05
717 1.23574e-05
718 1.10097e-05
719 1.55088e-05
720 1.4023e-05
721 1.34399e-05
722 1.57221e-05
723 9.95046e-06
724 1.45257e-05
725 1.1116e-05
726 1.68913e-05
727 1.73316e-05
728 1.18051e-05
729 7.87433e-06
730 1.75807e-05
731 1.35229e-05
732 1.69372e-05
733 1.1478e-05
734 7.37161e-06
735 1.42219e-05
736 1.57293e-05
737 1.34054e-05
738 1.22091e-05
739 1.26326e-05
740 1.42363e-05
741 1.47229e-05
742 1.89559e-05
743 1.50435e-05
744 1.4153e-05
745 1.73362e-05
746 1.82395e-05
747 1.16647e-05
748 1.45769e-05
749 1.37372e-05
750 1.45565e-05
751 1.46707e-05
752 1.46767e-05
753 1.84604e-05
754 1.22123e-05
755 1.4278e-05
756 1.5661e-05
757 1.24736e-05
758 1.5078e-05
759 1.45018e-05
760 1.34432e-05
761 1.24955e-05
762 1.18573e-05
763 1.62399e-05
764 1.83495e-05
765 1.5771e-05
766 1.30816e-05
767 1.66326e-05
768 1.4971e-05
769 1.19541e-05
770 1.49051e-05
771 1.11849e-05
772 1.38743e-05
773 1.3878e-05
774 1.53372e-05
775 1.37812e-05
776 1.39537e-05
777 1.58458e-05
778 1.65185e-05
779 1.14743e-05
780 1.5916e-05
781 1.52151e-05
782 1.46363e-05
783 1.30468e-05
784 1.3623e-05
785 1.29674e-05
786 1.7367e-05
787 1.32706e-05
788 1.51807e-05
789 1.38743e-05
790 1.67426e-05
791 1.40716e-05
792 9.50878e-06
793 1.47184e-05
794 1.09716e-05
795 1.23193e-05
796 1.14051e-05
797 1.46087e-05
798 1.69601e-05
799 1.63807e-05
800 1.06776e-05
801 1.3878e-05
802 1.52266e-05
803 1.63505e-05
804 1.16302e-05
805 7.66828e-06
806 1.76985e-05
807 1.21335e-05
808 1.54743e-05
809 1.34812e-05
810 1.20955e-05
811 1.43151e-05
812 1.21674e-05
813 1.27885e-05
814 9.40967e-06
815 1.28746e-05
816 1.39298e-05
817 1.71902e-05
818 1.4823e-05
819 1.60459e-05
820 1.21874e-05
821 1.46743e-05
822 1.42018e-05
823 1.20302e-05
824 1.33707e-05
825 1.18504e-05
826 1.58973e-05
827 1.0823e-05
828 9.9124e-06
829 1.41051e-05
830 1.02435e-05
831 1.19088e-05
832 1.43849e-05
833 1.69221e-05
834 1.14018e-05
835 1.38326e-05
836 1.16565e-05
837 1.59876e-05
838 1.23828e-05
839 9.69548e-06
840 1.38018e-05
841 1.27505e-05
842 9.56361e-06
843 9.84679e-06
844 8.87358e-06
845 1.78734e-05
846 1.50087e-05
847 1.28568e-05
848 9.23349e-06
849 1.34363e-05
850 1.09743e-05
851 1.03954e-05
852 1.31679e-05
853 1.55229e-05
854 1.49638e-05
855 1.31229e-05
856 1.2678e-05
857 1.25293e-05
858 1.21431e-05
859 1.48266e-05
860 1.12568e-05
861 1.5623e-05
862 1.34363e-05
863 1.45362e-05
864 1.14812e-05
865 1.30363e-05
866 1.01027e-05
867 1.80187e-05
868 1.22567e-05
869 1.23876e-05
870 1.31574e-05
871 1.23364e-05
872 1.20532e-05
873 1.44193e-05
874 1.26743e-05
875 1.31124e-05
876 1.8278e-05
877 1.4567e-05
878 1.14087e-05
879 1.2823e-05
880 1.23468e-05
881 1.05707e-05
882 9.59543e-06
883 1.23157e-05
884 1.49018e-05
885 1.17743e-05
886 1.0991e-05
887 1.35807e-05
888 1.21425e-05
889 1.26707e-05
890 1.10468e-05
891 1.05027e-05
892 1.18018e-05
893 1.28574e-05
894 1.29018e-05
895 1.22123e-05
896 1.42973e-05
897 1.79317e-05
898 1.07265e-05
899 1.21326e-05
900 8.46466e-06
901 1.23468e-05
902 1.0861e-05
903 1.21293e-05
904 1.33027e-05
905 1.22707e-05
906 1.37707e-05
907 1.51849e-05
908 1.11505e-05
909 1.02885e-05
910 1.37146e-05
911 1.58839e-05
912 1.55124e-05
913 1.14573e-05
914 1.50554e-05
915 1.32913e-05
916 1.11922e-05
917 1.05326e-05
918 1.06363e-05
919 1.20335e-05
920 1.27849e-05
921 1.23088e-05
922 7.23712e-06
923 1.58432e-05
924 1.17408e-05
925 1.28982e-05
926 9.2991e-06
927 1.37629e-05
928 1.14501e-05
929 1.39124e-05
930 1.63659e-05
931 9.34769e-06
932 1.45982e-05
933 1.52945e-05
934 1.15432e-05
935 1.06435e-05
936 1.1261e-05
937 1.24362e-05
938 1.21839e-05
939 1.276e-05
940 1.18018e-05
941 1.03468e-05
942 9.62659e-06
943 1.16266e-05
944 1.24266e-05
945 1.02885e-05
946 1.10432e-05
947 1.26816e-05
948 8.99458e-06
949 1.30435e-05
950 9.62659e-06
951 1.43872e-05
952 1.34326e-05
953 8.80595e-06
954 1.01752e-05
955 1.04193e-05
956 1.29293e-05
957 1.1661e-05
958 1.37868e-05
959 1.23124e-05
960 1.44568e-05
961 1.37257e-05
962 1.4129e-05
963 7.6991e-06
964 9.33717e-06
965 1.56256e-05
966 1.02849e-05
967 9.30962e-06
968 8.86828e-06
969 1.11922e-05
970 8.06104e-06
971 1.31918e-05
972 1.26743e-05
973 1.46698e-05
974 9.44679e-06
975 1.36151e-05
976 1.35945e-05
977 1.03885e-05
978 1.27361e-05
979 1.33946e-05
980 1.23124e-05
981 1.14054e-05
982 1.1661e-05
983 1.3516e-05
984 9.98491e-06
985 1.23249e-05
986 1.41601e-05
987 1.33372e-05
988 1.08266e-05
989 1.43991e-05
990 1.35432e-05
991 1.0191e-05
992 1.04256e-05
993 9.65741e-06
994 1.02018e-05
995 1.31876e-05
996 1.2363e-05
997 1.14849e-05
998 1.37398e-05
999 0
