0 0
1 0
2 0
3 0
4 0
5 8e-08
6 0
7 1.6e-07
8 2e-07
9 4e-08
10 1.6e-07
11 8e-08
12 1.6e-07
13 4e-08
14 1.2e-07
15 2e-07
16 2e-07
17 4e-07
18 2e-07
19 4.4e-07
20 8e-08
21 3.2e-07
22 2.4e-07
23 4.4e-07
24 2e-07
25 1.6e-07
26 4e-07
27 3.6e-07
28 7.2e-07
29 3.2e-07
30 4.4e-07
31 3.99602e-07
32 5.19204e-07
33 6.8e-07
34 6.4e-07
35 7.59602e-07
36 9.2e-07
37 7.98806e-07
38 6.4e-07
39 7.2e-07
40 9.99602e-07
41 6.4e-07
42 9.2e-07
43 1e-06
44 7.99602e-07
45 1.0396e-06
46 8.8e-07
47 5.2e-07
48 1.24e-06
49 1.16e-06
50 7.19204e-07
51 1.1596e-06
52 9.2e-07
53 9.59602e-07
54 8.79204e-07
55 9.19602e-07
56 1.1196e-06
57 1.08e-06
58 1.1196e-06
59 1.24e-06
60 1.07881e-06
61 1.0392e-06
62 1.3592e-06
63 1.2396e-06
64 1.1196e-06
65 1.2796e-06
66 1.9996e-06
67 1.8e-06
68 1.51841e-06
69 8.78806e-07
70 1.7996e-06
71 1.99722e-06
72 1.91841e-06
73 1.5992e-06
74 1.79841e-06
75 1.6e-06
76 1.5996e-06
77 1.63881e-06
78 1.6392e-06
79 1.6392e-06
80 1.71762e-06
81 1.79881e-06
82 1.51881e-06
83 1.63841e-06
84 1.7992e-06
85 1.43801e-06
86 1.4396e-06
87 2.0392e-06
88 1.67881e-06
89 1.7596e-06
90 1.5192e-06
91 1.95881e-06
92 1.83762e-06
93 1.47841e-06
94 1.75801e-06
95 1.39801e-06
96 1.7192e-06
97 1.51881e-06
98 1.79841e-06
99 1.67841e-06
100 2.35881e-06
101 1.63841e-06
102 1.79881e-06
103 1.83881e-06
104 1.55881e-06
105 1.59841e-06
106 1.79841e-06
107 2.35841e-06
108 2.19841e-06
109 1.7596e-06
110 1.99643e-06
111 1.91881e-06
112 1.6396e-06
113 1.7996e-06
114 1.5992e-06
115 2.1196e-06
116 1.9192e-06
117 1.9196e-06
118 1.59881e-06
119 1.95721e-06
120 2.07881e-06
121 2.31841e-06
122 1.71841e-06
123 1.91721e-06
124 2.03682e-06
125 1.87881e-06
126 1.39722e-06
127 2.19801e-06
128 1.63524e-06
129 1.63841e-06
130 2.03841e-06
131 2.39563e-06
132 2.07762e-06
133 2.07841e-06
134 2.07881e-06
135 1.4796e-06
136 1.5992e-06
137 1.43841e-06
138 1.83642e-06
139 1.59721e-06
140 1.75881e-06
141 2.47762e-06
142 1.9192e-06
143 1.9992e-06
144 1.95881e-06
145 1.71722e-06
146 2.39881e-06
147 1.79881e-06
148 1.71801e-06
149 2.35603e-06
150 2.19721e-06
151 2.31721e-06
152 2.91801e-06
153 1.99683e-06
154 1.87723e-06
155 2.07761e-06
156 1.99682e-06
157 1.63841e-06
158 1.5196e-06
159 1.87762e-06
160 1.91841e-06
161 2.23801e-06
162 1.95841e-06
163 1.3592e-06
164 1.99801e-06
165 1.87563e-06
166 2.07841e-06
167 1.99721e-06
168 2.03801e-06
169 1.91881e-06
170 1.71721e-06
171 2.71761e-06
172 2.15762e-06
173 2.03762e-06
174 2.03801e-06
175 1.91801e-06
176 1.91881e-06
177 2.23801e-06
178 1.87801e-06
179 2.07841e-06
180 2.1992e-06
181 1.63642e-06
182 1.75682e-06
183 1.83722e-06
184 2.19643e-06
185 2.27642e-06
186 2.15483e-06
187 2.15682e-06
188 1.95682e-06
189 1.95761e-06
190 1.79841e-06
191 1.83762e-06
192 1.63841e-06
193 1.9996e-06
194 2.07801e-06
195 1.83761e-06
196 1.7992e-06
197 1.95761e-06
198 1.63881e-06
199 1.71762e-06
200 1.87761e-06
201 2.19841e-06
202 1.95841e-06
203 2.27563e-06
204 2.23643e-06
205 2.27523e-06
206 2.51602e-06
207 2.47602e-06
208 1.55682e-06
209 1.83524e-06
210 2.23801e-06
211 2.43801e-06
212 1.95602e-06
213 1.95682e-06
214 2.15722e-06
215 1.43841e-06
216 2.11722e-06
217 2.51682e-06
218 2.67602e-06
219 2.07365e-06
220 1.91722e-06
221 2.23443e-06
222 2.43761e-06
223 2.03841e-06
224 2.19841e-06
225 2.23602e-06
226 2.07643e-06
227 1.9192e-06
228 1.91722e-06
229 2.15642e-06
230 1.79762e-06
231 1.87563e-06
232 1.75643e-06
233 2.67801e-06
234 2.19643e-06
235 1.3992e-06
236 1.0792e-06
237 2.0792e-06
238 2.23762e-06
239 1.87841e-06
240 2.19564e-06
241 2.35682e-06
242 1.87721e-06
243 1.87762e-06
244 1.83801e-06
245 2.03801e-06
246 2.19682e-06
247 2.31563e-06
248 1.75801e-06
249 2.55682e-06
250 1.83841e-06
251 2.43683e-06
252 2.19801e-06
253 1.67801e-06
254 2.03722e-06
255 1.71841e-06
256 2.23721e-06
257 2.19801e-06
258 1.95682e-06
259 1.79721e-06
260 2.23562e-06
261 2.07642e-06
262 2.03762e-06
263 1.79682e-06
264 1.8392e-06
265 2.39881e-06
266 2.11801e-06
267 1.87682e-06
268 1.63761e-06
269 1.75682e-06
270 2.19565e-06
271 2.67563e-06
272 2.15563e-06
273 2.47841e-06
274 1.8796e-06
275 1.63761e-06
276 1.71841e-06
277 2.23563e-06
278 2.47721e-06
279 2.4792e-06
280 1.67841e-06
281 1.35841e-06
282 1.67484e-06
283 1.63841e-06
284 2.43841e-06
285 1.99642e-06
286 1.99523e-06
287 2.03563e-06
288 2.11761e-06
289 1.83841e-06
290 2.27722e-06
291 1.95682e-06
292 1.87682e-06
293 1.83682e-06
294 2.11563e-06
295 2.07682e-06
296 1.6392e-06
297 2.03643e-06
298 1.83682e-06
299 2.03682e-06
300 2.11761e-06
301 1.95682e-06
302 1.95682e-06
303 2.27682e-06
304 1.75523e-06
305 1.79721e-06
306 1.35484e-06
307 1.59762e-06
308 1.99881e-06
309 2.27643e-06
310 1.75801e-06
311 1.35762e-06
312 2.03563e-06
313 1.83643e-06
314 1.67523e-06
315 1.99286e-06
316 1.67841e-06
317 1.63563e-06
318 1.99564e-06
319 1.95483e-06
320 1.55563e-06
321 1.79643e-06
322 1.63801e-06
323 1.55801e-06
324 2.11483e-06
325 1.55602e-06
326 1.67841e-06
327 1.67643e-06
328 2.19523e-06
329 2.19723e-06
330 1.83682e-06
331 2.03682e-06
332 2.03682e-06
333 2.35364e-06
334 1.59762e-06
335 1.31761e-06
336 2.11563e-06
337 1.59682e-06
338 1.59603e-06
339 1.55602e-06
340 1.55801e-06
341 1.71801e-06
342 1.59603e-06
343 1.75841e-06
344 1.83642e-06
345 1.43881e-06
346 1.95762e-06
347 1.47762e-06
348 1.59722e-06
349 1.67722e-06
350 1.87643e-06
351 1.67523e-06
352 1.71841e-06
353 2.51761e-06
354 1.55881e-06
355 1.71563e-06
356 1.87682e-06
357 1.91682e-06
358 1.75761e-06
359 1.99563e-06
360 1.51841e-06
361 1.91722e-06
362 2.11602e-06
363 1.31682e-06
364 1.83801e-06
365 1.55642e-06
366 1.15881e-06
367 1.55722e-06
368 1.47604e-06
369 1.67881e-06
370 1.91721e-06
371 1.35642e-06
372 1.99762e-06
373 2.03564e-06
374 1.87602e-06
375 1.71602e-06
376 2.27523e-06
377 2.07563e-06
378 1.79484e-06
379 1.59841e-06
380 2.19444e-06
381 1.75642e-06
382 1.59762e-06
383 1.91721e-06
384 1.67524e-06
385 1.99642e-06
386 1.91683e-06
387 1.71643e-06
388 1.55643e-06
389 1.71682e-06
390 1.31841e-06
391 1.55881e-06
392 2.27602e-06
393 1.71602e-06
394 1.39841e-06
395 1.87643e-06
396 1.51801e-06
397 1.67643e-06
398 1.47761e-06
399 1.75563e-06
400 1.27801e-06
401 2.39484e-06
402 1.59642e-06
403 1.43761e-06
404 1.31881e-06
405 1.71483e-06
406 1.55881e-06
407 1.75682e-06
408 1.71642e-06
409 1.75444e-06
410 1.47722e-06
411 1.43762e-06
412 1.79642e-06
413 1.55603e-06
414 1.99444e-06
415 1.67761e-06
416 1.67643e-06
417 1.67642e-06
418 1.75642e-06
419 1.63762e-06
420 1.87563e-06
421 1.79603e-06
422 1.79642e-06
423 1.51682e-06
424 1.71642e-06
425 1.19764e-06
426 1.83603e-06
427 1.59721e-06
428 1.51603e-06
429 1.23682e-06
430 1.83722e-06
431 1.95643e-06
432 1.35721e-06
433 2.07523e-06
434 1.99682e-06
435 1.63445e-06
436 1.87602e-06
437 1.39841e-06
438 1.51761e-06
439 1.23761e-06
440 1.67682e-06
441 1.47761e-06
442 1.59722e-06
443 1.75721e-06
444 1.39523e-06
445 1.51682e-06
446 1.83485e-06
447 1.51602e-06
448 1.67721e-06
449 1.39523e-06
450 1.59682e-06
451 1.11722e-06
452 1.83762e-06
453 1.59483e-06
454 1.71682e-06
455 1.63483e-06
456 1.67682e-06
457 1.83643e-06
458 1.11602e-06
459 1.9192e-06
460 1.43683e-06
461 1.39841e-06
462 1.59603e-06
463 1.71761e-06
464 1.79603e-06
465 1.23881e-06
466 1.27643e-06
467 1.63801e-06
468 1.35602e-06
469 1.55762e-06
470 2.35403e-06
471 1.67881e-06
472 1.59484e-06
473 2.15444e-06
474 1.31443e-06
475 1.39801e-06
476 1.31603e-06
477 2.11523e-06
478 1.79602e-06
479 2.11445e-06
480 1.55722e-06
481 1.43682e-06
482 1.51604e-06
483 1.83563e-06
484 1.83524e-06
485 1.63642e-06
486 1.15404e-06
487 1.71524e-06
488 1.43563e-06
489 1.63722e-06
490 1.5996e-06
491 1.63483e-06
492 1.79643e-06
493 1.03881e-06
494 1.43682e-06
495 1.51682e-06
496 1.83642e-06
497 1.47682e-06
498 1.03921e-06
499 1.27642e-06
500 1.43683e-06
501 1.47761e-06
502 1.71563e-06
503 1.71564e-06
504 1.5992e-06
505 1.87444e-06
506 1.75444e-06
507 1.67483e-06
508 1.43523e-06
509 1.35446e-06
510 1.51682e-06
511 1.51642e-06
512 1.35682e-06
513 1.63643e-06
514 1.55683e-06
515 1.59642e-06
516 1.55721e-06
517 1.47761e-06
518 1.35682e-06
519 1.63367e-06
520 1.95722e-06
521 1.55484e-06
522 1.63523e-06
523 1.31603e-06
524 1.75404e-06
525 1.67722e-06
526 1.47722e-06
527 1.59682e-06
528 1.67642e-06
529 1.63682e-06
530 1.47602e-06
531 1.71602e-06
532 1.35682e-06
533 1.51485e-06
534 1.35682e-06
535 1.87722e-06
536 1.67564e-06
537 1.87721e-06
538 1.55483e-06
539 1.51643e-06
540 1.75603e-06
541 1.43562e-06
542 2.19444e-06
543 1.67444e-06
544 1.91248e-06
545 1.95443e-06
546 1.47642e-06
547 1.47642e-06
548 1.43682e-06
549 1.63683e-06
550 1.63801e-06
551 2.43245e-06
552 1.67801e-06
553 1.43483e-06
554 1.43563e-06
555 1.47682e-06
556 1.55563e-06
557 1.51483e-06
558 1.31444e-06
559 1.51801e-06
560 1.79682e-06
561 1.15762e-06
562 1.43602e-06
563 1.87682e-06
564 1.67485e-06
565 1.51723e-06
566 1.39762e-06
567 1.67483e-06
568 1.11841e-06
569 1.75761e-06
570 1.71602e-06
571 1.35762e-06
572 1.87564e-06
573 1.71722e-06
574 1.27642e-06
575 1.51841e-06
576 1.47643e-06
577 1.39524e-06
578 1.55642e-06
579 1.19721e-06
580 1.63682e-06
581 1.07761e-06
582 1.35801e-06
583 1.39444e-06
584 1.35602e-06
585 1.31523e-06
586 2.07524e-06
587 1.47483e-06
588 1.83445e-06
589 1.67761e-06
590 1.27801e-06
591 1.31841e-06
592 1.55563e-06
593 1.19602e-06
594 1.75523e-06
595 1.23801e-06
596 1.31762e-06
597 1.47563e-06
598 1.59444e-06
599 1.47483e-06
600 1.67563e-06
601 1.27801e-06
602 1.71762e-06
603 1.47762e-06
604 1.07841e-06
605 1.51602e-06
606 1.19405e-06
607 1.59682e-06
608 1.35682e-06
609 1.47563e-06
610 1.55404e-06
611 2.07642e-06
612 1.79722e-06
613 1.43761e-06
614 1.35643e-06
615 1.15563e-06
616 1.31604e-06
617 1.35762e-06
618 9.95642e-07
619 8.79208e-07
620 1.67762e-06
621 1.79762e-06
622 1.47761e-06
623 1.55801e-06
624 1.43642e-06
625 1.59801e-06
626 1.31445e-06
627 1.31722e-06
628 1.75841e-06
629 1.63483e-06
630 1.43604e-06
631 1.35841e-06
632 1.19642e-06
633 1.31483e-06
634 1.39643e-06
635 1.67761e-06
636 1.87603e-06
637 1.11643e-06
638 1.51285e-06
639 1.63483e-06
640 1.07642e-06
641 1.35602e-06
642 1.19444e-06
643 1.43682e-06
644 1.43404e-06
645 1.55602e-06
646 1.79445e-06
647 1.35247e-06
648 1.31325e-06
649 1.55602e-06
650 1.59603e-06
651 1.27682e-06
652 1.71483e-06
653 1.27564e-06
654 1.71721e-06
655 1.11761e-06
656 1.35642e-06
657 1.59524e-06
658 1.39286e-06
659 1.55761e-06
660 1.47762e-06
661 1.47523e-06
662 1.43642e-06
663 1.27644e-06
664 1.43761e-06
665 1.15722e-06
666 1.23445e-06
667 1.03643e-06
668 1.55525e-06
669 1.15722e-06
670 1.11643e-06
671 1.27722e-06
672 1.35721e-06
673 1.31642e-06
674 1.23801e-06
675 1.15524e-06
676 1.31563e-06
677 1.19801e-06
678 1.27762e-06
679 1.35483e-06
680 7.98806e-07
681 1.59405e-06
682 8.36824e-07
683 1.31762e-06
684 1.31564e-06
685 1.19761e-06
686 1.39881e-06
687 1.31563e-06
688 9.96418e-07
689 1.63563e-06
690 1.55682e-06
691 1.31603e-06
692 1.71761e-06
693 1.43761e-06
694 8.38412e-07
695 1.55523e-06
696 1.47604e-06
697 1.11722e-06
698 1.51762e-06
699 1.23722e-06
700 1.23881e-06
701 1.11761e-06
702 1.35643e-06
703 1.55603e-06
704 1.55404e-06
705 9.59204e-07
706 1.47287e-06
707 1.35643e-06
708 1.07682e-06
709 1.39761e-06
710 1.27444e-06
711 1.11642e-06
712 1.39643e-06
713 1.43762e-06
714 1.83642e-06
715 1.47801e-06
716 9.1682e-07
717 1.27564e-06
718 1.67602e-06
719 1.59286e-06
720 1.39484e-06
721 1.31365e-06
722 1.27682e-06
723 1.23762e-06
724 1.27643e-06
725 1.35563e-06
726 1.47682e-06
727 1.87562e-06
728 1.23563e-06
729 1.07723e-06
730 1.15801e-06
731 1.39801e-06
732 1.55563e-06
733 1.35444e-06
734 1.47405e-06
735 1.47602e-06
736 1.27602e-06
737 1.39563e-06
738 1.19761e-06
739 9.99204e-07
740 1.39682e-06
741 1.47762e-06
742 1.51485e-06
743 1.51722e-06
744 1.55525e-06
745 1.23563e-06
746 1.71563e-06
747 1.15643e-06
748 1.19603e-06
749 1.15801e-06
750 1.19801e-06
751 1.55245e-06
752 1.23406e-06
753 1.35486e-06
754 9.17612e-07
755 1.39602e-06
756 1.63643e-06
757 1.51404e-06
758 1.35642e-06
759 1.75483e-06
760 1.47602e-06
761 1.59563e-06
762 1.31682e-06
763 1.63525e-06
764 1.43722e-06
765 1.55841e-06
766 1.03643e-06
767 1.27761e-06
768 1.31721e-06
769 1.43841e-06
770 9.18014e-07
771 1.19722e-06
772 9.98408e-07
773 1.75206e-06
774 9.9801e-07
775 1.55682e-06
776 9.9524e-07
777 1.19762e-06
778 1.43444e-06
779 1.71523e-06
780 1.39445e-06
781 1.43761e-06
782 1.27881e-06
783 9.55244e-07
784 1.15723e-06
785 1.15682e-06
786 9.9682e-07
787 1.59564e-06
788 1.07881e-06
789 1.03801e-06
790 1.07603e-06
791 1.15722e-06
792 1.27326e-06
793 1.47603e-06
794 9.5682e-07
795 1.43483e-06
796 9.56816e-07
797 1.39722e-06
798 1.11722e-06
799 1.47682e-06
800 1.31683e-06
801 1.51563e-06
802 9.1801e-07
803 1.55485e-06
804 1.31483e-06
805 1.35404e-06
806 1.55444e-06
807 7.57616e-07
808 1.55524e-06
809 8.3801e-07
810 1.27684e-06
811 1.43563e-06
812 1.15761e-06
813 1.31444e-06
814 9.96028e-07
815 1.07722e-06
816 1.51602e-06
817 1.35563e-06
818 9.14452e-07
819 1.51485e-06
820 1.07603e-06
821 1.03762e-06
822 9.99204e-07
823 1.03366e-06
824 1.15722e-06
825 1.27762e-06
826 1.23642e-06
827 1.27682e-06
828 1.51325e-06
829 1.31602e-06
830 1.03841e-06
831 1.31563e-06
832 1.39365e-06
833 1.35443e-06
834 1.3192e-06
835 1.11801e-06
836 1.19682e-06
837 1.19604e-06
838 1.39524e-06
839 1.27446e-06
840 1.47444e-06
841 9.56032e-07
842 1.19801e-06
843 1.51723e-06
844 1.19444e-06
845 1.23486e-06
846 1.07642e-06
847 1.23761e-06
848 1.27563e-06
849 9.96036e-07
850 1.27602e-06
851 1.11643e-06
852 1.31682e-06
853 1.23524e-06
854 1.43364e-06
855 1.35444e-06
856 1.31602e-06
857 1.11762e-06
858 1.39207e-06
859 1.19761e-06
860 1.15604e-06
861 9.5801e-07
862 1.43603e-06
863 9.95646e-07
864 1.19801e-06
865 1.23523e-06
866 9.56844e-07
867 1.19682e-06
868 1.03841e-06
869 1.07682e-06
870 1.27483e-06
871 1.27801e-06
872 1.11841e-06
873 1.19484e-06
874 1.31682e-06
875 1.15602e-06
876 1.15801e-06
877 1.11525e-06
878 9.55638e-07
879 1.07642e-06
880 9.18412e-07
881 8.3801e-07
882 1.27642e-06
883 1.31602e-06
884 1.07682e-06
885 1.23801e-06
886 1.31563e-06
887 1.07722e-06
888 8.71693e-07
889 1.27761e-06
890 1.19563e-06
891 9.57612e-07
892 1.19682e-06
893 1.23445e-06
894 1.31325e-06
895 1.47564e-06
896 1.19682e-06
897 1.51721e-06
898 9.16828e-07
899 1.23801e-06
900 1.63483e-06
901 9.57218e-07
902 1.31523e-06
903 1.27485e-06
904 1.11525e-06
905 9.97218e-07
906 1.27603e-06
907 1.27444e-06
908 1.19841e-06
909 1.31128e-06
910 4.79602e-07
911 1.23325e-06
912 1.07802e-06
913 1.11564e-06
914 1.19563e-06
915 1.23642e-06
916 1.19563e-06
917 1.43168e-06
918 1.19563e-06
919 1.11168e-06
920 1.03801e-06
921 8.3762e-07
922 8.37612e-07
923 8.7643e-07
924 1.03682e-06
925 1.19564e-06
926 9.97612e-07
927 1.59443e-06
928 1.31563e-06
929 1.19523e-06
930 1.43563e-06
931 9.96426e-07
932 1.19444e-06
933 1.23286e-06
934 1.23563e-06
935 1.07604e-06
936 1.19643e-06
937 1.03444e-06
938 1.15801e-06
939 1.11721e-06
940 1.15682e-06
941 1.07642e-06
942 1.23603e-06
943 1.19603e-06
944 1.15524e-06
945 1.23564e-06
946 1.39642e-06
947 8.77616e-07
948 1.39562e-06
949 1.19564e-06
950 1.07602e-06
951 8.7485e-07
952 1.03563e-06
953 9.57222e-07
954 1.19484e-06
955 1.15524e-06
956 7.9762e-07
957 1.19603e-06
958 1.51484e-06
959 1.23762e-06
960 1.15761e-06
961 7.98408e-07
962 1.19565e-06
963 9.55626e-07
964 9.54834e-07
965 7.5801e-07
966 1.15643e-06
967 1.31643e-06
968 1.51485e-06
969 9.56828e-07
970 8.36824e-07
971 1.03683e-06
972 1.03881e-06
973 1.47444e-06
974 8.76028e-07
975 9.56032e-07
976 1.11642e-06
977 9.97226e-07
978 1.07643e-06
979 1.23444e-06
980 1.27287e-06
981 1.35523e-06
982 8.7682e-07
983 1.27642e-06
984 1.15444e-06
985 1.19484e-06
986 7.99204e-07
987 1.19682e-06
988 1.11523e-06
989 1.39801e-06
990 9.98412e-07
991 1.23563e-06
992 9.58408e-07
993 9.57612e-07
994 1.19801e-06
995 1.15644e-06
996 1.31563e-06
997 1.23563e-06
998 1.23603e-06
999 0
