0 0
1 0
2 0
3 0
4 0
5 0
6 0
7 0
8 0
9 0
10 0
11 0
12 0
13 0
14 0
15 0
16 0
17 4e-08
18 0
19 0
20 4e-08
21 0
22 4e-08
23 8e-08
24 4e-08
25 4e-08
26 0
27 4e-08
28 0
29 0
30 0
31 0
32 4e-08
33 8e-08
34 0
35 0
36 4e-08
37 0
38 0
39 0
40 4e-08
41 0
42 0
43 0
44 0
45 0
46 0
47 0
48 0
49 0
50 0
51 0
52 0
53 8e-08
54 0
55 8e-08
56 4e-08
57 4e-08
58 4e-08
59 8e-08
60 0
61 4e-08
62 0
63 4e-08
64 0
65 0
66 4e-08
67 0
68 4e-08
69 8e-08
70 4e-08
71 4e-08
72 4e-08
73 8e-08
74 7.9602e-08
75 1.2e-07
76 0
77 4e-08
78 0
79 0
80 1.2e-07
81 4e-08
82 3.9602e-08
83 8e-08
84 8e-08
85 0
86 0
87 4e-08
88 8e-08
89 1.6e-07
90 8e-08
91 0
92 4e-08
93 2e-07
94 1.99602e-07
95 0
96 4e-08
97 4e-08
98 8e-08
99 8e-08
100 1.6e-07
101 1.2e-07
102 2.4e-07
103 1.6e-07
104 8e-08
105 1.6e-07
106 1.6e-07
107 8e-08
108 1.6e-07
109 1.2e-07
110 3.9602e-08
111 8e-08
112 8e-08
113 1.2e-07
114 4e-08
115 1.2e-07
116 0
117 0
118 2.4e-07
119 1.59602e-07
120 2.39204e-07
121 2e-07
122 1.19602e-07
123 1.19602e-07
124 4e-08
125 0
126 1.6e-07
127 2.4e-07
128 1.6e-07
129 4e-08
130 1.6e-07
131 2e-07
132 1.2e-07
133 4e-08
134 8e-08
135 2.39602e-07
136 2e-07
137 1.6e-07
138 8e-08
139 2.39204e-07
140 8e-08
141 2.8e-07
142 3.59602e-07
143 4e-08
144 1.99208e-07
145 1.2e-07
146 7.9602e-08
147 1.6e-07
148 1.6e-07
149 3.99602e-07
150 2.4e-07
151 2.4e-07
152 2e-07
153 2.39602e-07
154 0
155 2.39602e-07
156 2e-07
157 1.59204e-07
158 8e-08
159 2.8e-07
160 2.79602e-07
161 8e-08
162 2e-07
163 2e-07
164 2.4e-07
165 2e-07
166 2.79602e-07
167 2.39602e-07
168 2.8e-07
169 1.59204e-07
170 2.4e-07
171 1.99602e-07
172 1.2e-07
173 4e-08
174 3.59602e-07
175 2.8e-07
176 1.6e-07
177 2.79602e-07
178 2.4e-07
179 2.8e-07
180 1.2e-07
181 2.4e-07
182 2.79204e-07
183 1.6e-07
184 2e-07
185 1.6e-07
186 3.99602e-07
187 2.8e-07
188 1.6e-07
189 2e-07
190 2.79602e-07
191 2.39602e-07
192 2.39208e-07
193 2.79204e-07
194 2e-07
195 2.4e-07
196 2.4e-07
197 1.59204e-07
198 1.6e-07
199 2.4e-07
200 2.8e-07
201 1.99602e-07
202 2.79602e-07
203 2.4e-07
204 2.8e-07
205 1.19602e-07
206 2e-07
207 2.4e-07
208 4.39602e-07
209 1.99602e-07
210 1.99602e-07
211 2.79602e-07
212 2.4e-07
213 2.79602e-07
214 1.59602e-07
215 1.19602e-07
216 3.19208e-07
217 2.39602e-07
218 3.59204e-07
219 3.99602e-07
220 2.4e-07
221 2.8e-07
222 4.39602e-07
223 4.39208e-07
224 4.4e-07
225 3.2e-07
226 2.8e-07
227 3.59602e-07
228 3.99602e-07
229 3.2e-07
230 5.2e-07
231 3.6e-07
232 2.8e-07
233 3.99204e-07
234 2.4e-07
235 2.8e-07
236 1.59208e-07
237 3.5881e-07
238 1.6e-07
239 2.4e-07
240 3.2e-07
241 4.4e-07
242 4.79602e-07
243 2.79602e-07
244 3.99602e-07
245 1.2e-07
246 2.4e-07
247 2e-07
248 3.59602e-07
249 3.59602e-07
250 4.8e-07
251 2.79602e-07
252 3.19602e-07
253 2e-07
254 2e-07
255 2.79208e-07
256 3.19204e-07
257 2.39204e-07
258 5.19602e-07
259 4.79208e-07
260 4.4e-07
261 2e-07
262 3.19602e-07
263 4.8e-07
264 3.99602e-07
265 5.19602e-07
266 4.38806e-07
267 3.59208e-07
268 4.39204e-07
269 2e-07
270 1.6e-07
271 4.4e-07
272 3.99602e-07
273 4e-07
274 4.8e-07
275 1.6e-07
276 4e-07
277 2.8e-07
278 3.19602e-07
279 1.6e-07
280 2.8e-07
281 3.6e-07
282 3.99602e-07
283 6.39602e-07
284 3.99602e-07
285 6.78806e-07
286 2.39602e-07
287 2.79204e-07
288 6.38806e-07
289 4.39204e-07
290 5.6e-07
291 5.59204e-07
292 5.2e-07
293 5.19602e-07
294 4.79204e-07
295 7.98018e-07
296 5.59204e-07
297 2.79602e-07
298 3.58806e-07
299 5.19602e-07
300 7.19204e-07
301 5.99204e-07
302 6.8e-07
303 3.59602e-07
304 2.39602e-07
305 2.79204e-07
306 5.99602e-07
307 5.19602e-07
308 6.38408e-07
309 1.59208e-07
310 5.6e-07
311 2.38806e-07
312 3.58806e-07
313 6e-07
314 6.8e-07
315 5.98806e-07
316 2.4e-07
317 4.39204e-07
318 1.6e-07
319 4.79204e-07
320 7.99602e-07
321 6.39602e-07
322 5.19204e-07
323 4.38806e-07
324 3.6e-07
325 7.17616e-07
326 7.59204e-07
327 3.19602e-07
328 7.5801e-07
329 3.5881e-07
330 5.59208e-07
331 6.79602e-07
332 3.9881e-07
333 5.19204e-07
334 6.78806e-07
335 4.39602e-07
336 5.19602e-07
337 4.4e-07
338 7.1881e-07
339 5.18412e-07
340 5.1881e-07
341 4.39602e-07
342 2.4e-07
343 4.39204e-07
344 5.99602e-07
345 6.39602e-07
346 8e-07
347 5.99602e-07
348 5.19602e-07
349 3.19602e-07
350 4.8e-07
351 3.59602e-07
352 6.39602e-07
353 4e-07
354 6.38014e-07
355 6.4e-07
356 5.2e-07
357 6.4e-07
358 7.99204e-07
359 3.99602e-07
360 5.58412e-07
361 3.59602e-07
362 3.98806e-07
363 5.59602e-07
364 4.78408e-07
365 5.6e-07
366 6.8e-07
367 6.79602e-07
368 6.38806e-07
369 5.2e-07
370 4e-07
371 5.59204e-07
372 4.38806e-07
373 5.59204e-07
374 8.38806e-07
375 2.4e-07
376 6.4e-07
377 6.39204e-07
378 6.38408e-07
379 5.98412e-07
380 2.79602e-07
381 5.18806e-07
382 4.39602e-07
383 5.59204e-07
384 7.19204e-07
385 4.4e-07
386 6.8e-07
387 5.57218e-07
388 5.19204e-07
389 6e-07
390 5.59602e-07
391 5.18806e-07
392 5.6e-07
393 3.99602e-07
394 4.8e-07
395 7.98806e-07
396 6.79204e-07
397 3.6e-07
398 5.99602e-07
399 6e-07
400 4.39204e-07
401 8.78806e-07
402 9.58806e-07
403 5.99602e-07
404 4.78806e-07
405 5.9801e-07
406 6.8e-07
407 3.6e-07
408 7.1881e-07
409 5.59602e-07
410 6.79602e-07
411 7.18806e-07
412 9.99204e-07
413 6.3881e-07
414 5.5881e-07
415 9.18412e-07
416 4.79204e-07
417 5.58806e-07
418 5.98806e-07
419 8.39208e-07
420 8.7801e-07
421 6.78412e-07
422 5.98014e-07
423 7.19204e-07
424 7.18806e-07
425 5.2e-07
426 3.99204e-07
427 5.98412e-07
428 3.6e-07
429 6.38806e-07
430 7.19204e-07
431 7.59602e-07
432 5.59602e-07
433 6.79602e-07
434 7.58412e-07
435 5.19204e-07
436 5.59602e-07
437 5.1881e-07
438 3.99602e-07
439 3.9881e-07
440 7.98014e-07
441 5.6e-07
442 3.2e-07
443 5.98412e-07
444 5.2e-07
445 4.39204e-07
446 5.6e-07
447 5.99602e-07
448 6.78806e-07
449 6.38806e-07
450 5.99602e-07
451 4.39204e-07
452 5.6e-07
453 6.38806e-07
454 6.39602e-07
455 6.39602e-07
456 6.3801e-07
457 7.59204e-07
458 6.7801e-07
459 5.58806e-07
460 4.39204e-07
461 4.39602e-07
462 5.2e-07
463 5.19204e-07
464 7.59204e-07
465 9.19602e-07
466 7.18408e-07
467 7.5881e-07
468 5.19204e-07
469 5.19204e-07
470 3.6e-07
471 4.4e-07
472 5.6e-07
473 5.99602e-07
474 5.99602e-07
475 8.7881e-07
476 4.39602e-07
477 7.19602e-07
478 5.99204e-07
479 4.39602e-07
480 7.17616e-07
481 7.18014e-07
482 7.6e-07
483 6.79602e-07
484 7.98014e-07
485 8.39204e-07
486 7.59204e-07
487 3.99602e-07
488 7.98806e-07
489 9.19602e-07
490 7.58806e-07
491 9.58806e-07
492 5.19602e-07
493 6.39602e-07
494 4.38408e-07
495 7.19602e-07
496 5.99204e-07
497 4.38806e-07
498 7.99204e-07
499 4.78412e-07
500 9.19602e-07
501 7.19602e-07
502 7.18412e-07
503 9.98806e-07
504 5.99204e-07
505 1.16e-06
506 6.79602e-07
507 5.19602e-07
508 7.19204e-07
509 7.58806e-07
510 3.18412e-07
511 6.38806e-07
512 5.19602e-07
513 7.17616e-07
514 5.19204e-07
515 8.38014e-07
516 7.97616e-07
517 5.59602e-07
518 7.18014e-07
519 5.18806e-07
520 6e-07
521 8.77222e-07
522 9.17616e-07
523 9.18408e-07
524 5.59602e-07
525 8.39602e-07
526 9.99208e-07
527 9.17218e-07
528 6.39204e-07
529 7.2e-07
530 5.99602e-07
531 9.97616e-07
532 7.9881e-07
533 7.98408e-07
534 1.0796e-06
535 3.99208e-07
536 9.59204e-07
537 6.78806e-07
538 7.58022e-07
539 5.19602e-07
540 1.03841e-06
541 9.57616e-07
542 6.79602e-07
543 8.38408e-07
544 7.99204e-07
545 8.38408e-07
546 8.3881e-07
547 6.78408e-07
548 7.99204e-07
549 4.39602e-07
550 8.3762e-07
551 5.59204e-07
552 7.1881e-07
553 5.97628e-07
554 7.5881e-07
555 7.99602e-07
556 5.58408e-07
557 9.99204e-07
558 1.07762e-06
559 6.4e-07
560 9.58408e-07
561 7.19208e-07
562 8.38806e-07
563 3.98412e-07
564 6.77218e-07
565 5.18818e-07
566 4.79204e-07
567 7.2e-07
568 5.6e-07
569 8.37218e-07
570 4.79602e-07
571 3.99204e-07
572 7.19204e-07
573 6e-07
574 6.39602e-07
575 9.98408e-07
576 8.7881e-07
577 7.9723e-07
578 4.8e-07
579 7.2e-07
580 1.11841e-06
581 7.19204e-07
582 4.79602e-07
583 8.77612e-07
584 7.98022e-07
585 5.97636e-07
586 6.78412e-07
587 7.9762e-07
588 5.59208e-07
589 5.58806e-07
590 7.9801e-07
591 7.18806e-07
592 6.78806e-07
593 5.2e-07
594 5.99204e-07
595 7.58806e-07
596 5.2e-07
597 7.59204e-07
598 5.59602e-07
599 6.38014e-07
600 6.79602e-07
601 5.98412e-07
602 5.19602e-07
603 5.99204e-07
604 8.7881e-07
605 7.59204e-07
606 7.2e-07
607 7.98408e-07
608 9.5682e-07
609 3.99602e-07
610 5.98412e-07
611 5.99204e-07
612 5.18412e-07
613 6.78806e-07
614 7.19602e-07
615 3.99602e-07
616 8.36422e-07
617 7.59204e-07
618 8.7682e-07
619 7.99204e-07
620 7.98408e-07
621 7.97628e-07
622 8.37616e-07
623 7.99204e-07
624 7.9801e-07
625 5.19204e-07
626 7.97222e-07
627 6.4e-07
628 7.99602e-07
629 5.18022e-07
630 6.38408e-07
631 7.59208e-07
632 9.14858e-07
633 1.03721e-06
634 4.39602e-07
635 7.18408e-07
636 5.1881e-07
637 9.58412e-07
638 9.98806e-07
639 6.3842e-07
640 6.78408e-07
641 5.59602e-07
642 6e-07
643 4.77222e-07
644 4.39204e-07
645 4.78412e-07
646 3.57628e-07
647 4.79602e-07
648 9.57612e-07
649 5.19602e-07
650 7.59204e-07
651 3.99602e-07
652 5.59204e-07
653 1.15643e-06
654 7.59602e-07
655 4.7842e-07
656 7.1762e-07
657 8.77214e-07
658 6.4e-07
659 3.5881e-07
660 3.98806e-07
661 7.16422e-07
662 7.57222e-07
663 7.18014e-07
664 7.2e-07
665 8.39208e-07
666 5.58408e-07
667 6.39204e-07
668 7.58408e-07
669 7.58806e-07
670 8.77214e-07
671 7.59602e-07
672 7.18014e-07
673 1.07682e-06
674 6.39204e-07
675 6.39602e-07
676 7.58806e-07
677 5.99602e-07
678 7.58806e-07
679 8.79204e-07
680 7.18412e-07
681 8.77218e-07
682 1.15801e-06
683 4.79204e-07
684 9.19204e-07
685 5.19204e-07
686 8.7682e-07
687 9.58408e-07
688 7.57616e-07
689 5.59204e-07
690 3.58014e-07
691 6.39204e-07
692 1.03762e-06
693 7.57226e-07
694 4e-07
695 8.38014e-07
696 7.99208e-07
697 6.38022e-07
698 7.98014e-07
699 4.3801e-07
700 9.57612e-07
701 8.39602e-07
702 7.19208e-07
703 8.38412e-07
704 7.97222e-07
705 9.18408e-07
706 6.39208e-07
707 1.0392e-06
708 6.78806e-07
709 7.18014e-07
710 5.2e-07
711 4.39204e-07
712 7.18806e-07
713 5.98416e-07
714 8.38408e-07
715 6.38412e-07
716 1.15483e-06
717 8.78408e-07
718 9.17214e-07
719 8.78408e-07
720 8.38408e-07
721 7.18014e-07
722 3.59208e-07
723 4.79204e-07
724 7.98806e-07
725 5.1881e-07
726 8.77616e-07
727 6.38806e-07
728 7.58806e-07
729 7.58806e-07
730 8.38408e-07
731 6.7762e-07
732 7.56828e-07
733 7.17616e-07
734 4.78412e-07
735 8.78014e-07
736 7.98806e-07
737 3.98806e-07
738 4e-07
739 5.18408e-07
740 1.08e-06
741 8.38014e-07
742 3.59602e-07
743 6.4e-07
744 7.59602e-07
745 1.15841e-06
746 1.19801e-06
747 6.79204e-07
748 7.98408e-07
749 5.18412e-07
750 9.59204e-07
751 8.78408e-07
752 9.18408e-07
753 9.57616e-07
754 3.98022e-07
755 9.57612e-07
756 5.59204e-07
757 8.77222e-07
758 9.18408e-07
759 7.59208e-07
760 5.98408e-07
761 5.19602e-07
762 1.23643e-06
763 8.78408e-07
764 9.56836e-07
765 9.19602e-07
766 7.17612e-07
767 5.99204e-07
768 9.58018e-07
769 7.18412e-07
770 8.38806e-07
771 6.77218e-07
772 7.5801e-07
773 6.39204e-07
774 5.98408e-07
775 1.23881e-06
776 4.37222e-07
777 5.98412e-07
778 8.39204e-07
779 5.19204e-07
780 9.57214e-07
781 7.19602e-07
782 9.1682e-07
783 8.39602e-07
784 8.78408e-07
785 5.1881e-07
786 7.97612e-07
787 7.9801e-07
788 9.18022e-07
789 7.98806e-07
790 6.38408e-07
791 6.79208e-07
792 6.38806e-07
793 9.58014e-07
794 7.9801e-07
795 4.78014e-07
796 7.99204e-07
797 7.59204e-07
798 8.79204e-07
799 5.99602e-07
800 7.56422e-07
801 7.56824e-07
802 6.38014e-07
803 6.79204e-07
804 9.58806e-07
805 7.19204e-07
806 6.79602e-07
807 6.3881e-07
808 8.37222e-07
809 6.79208e-07
810 4.78818e-07
811 7.2e-07
812 8.38014e-07
813 8.38408e-07
814 6.76836e-07
815 9.97612e-07
816 3.98022e-07
817 7.1762e-07
818 7.59204e-07
819 6.39602e-07
820 9.56816e-07
821 8.37612e-07
822 5.98408e-07
823 3.58806e-07
824 7.58412e-07
825 7.99208e-07
826 6.7801e-07
827 6.79204e-07
828 5.2e-07
829 8.38806e-07
830 7.56824e-07
831 4.79208e-07
832 6.79602e-07
833 6.37616e-07
834 7.99204e-07
835 1.11682e-06
836 7.58408e-07
837 9.18806e-07
838 6.79204e-07
839 9.17222e-07
840 5.98408e-07
841 1.11762e-06
842 1.0792e-06
843 5.97628e-07
844 9.1682e-07
845 9.57616e-07
846 7.1881e-07
847 9.97218e-07
848 5.19602e-07
849 7.18408e-07
850 6.79602e-07
851 7.59204e-07
852 7.99602e-07
853 5.58806e-07
854 7.18806e-07
855 7.98014e-07
856 6.38806e-07
857 7.97226e-07
858 1.11722e-06
859 7.5881e-07
860 7.18806e-07
861 6.77226e-07
862 7.99204e-07
863 8.76824e-07
864 1.11723e-06
865 6.3801e-07
866 8.37218e-07
867 5.9801e-07
868 9.57218e-07
869 9.19204e-07
870 7.97624e-07
871 8.7881e-07
872 5.99204e-07
873 8.39204e-07
874 5.98806e-07
875 9.9762e-07
876 4.38806e-07
877 6.37624e-07
878 7.96828e-07
879 8.78014e-07
880 1.07721e-06
881 6.39602e-07
882 5.1881e-07
883 7.59602e-07
884 6.8e-07
885 6.7881e-07
886 5.59602e-07
887 7.2e-07
888 1.03881e-06
889 3.98806e-07
890 7.57226e-07
891 7.58412e-07
892 8.79204e-07
893 9.5762e-07
894 1.07524e-06
895 6.39204e-07
896 8.77612e-07
897 5.19204e-07
898 7.59204e-07
899 9.94861e-07
900 1.15801e-06
901 9.18408e-07
902 9.57218e-07
903 7.58408e-07
904 9.96036e-07
905 5.5801e-07
906 8.38806e-07
907 7.98412e-07
908 5.17222e-07
909 9.5682e-07
910 8.36434e-07
911 6.3842e-07
912 8.77612e-07
913 7.58014e-07
914 1.11841e-06
915 6.76426e-07
916 8.76434e-07
917 9.58412e-07
918 7.19204e-07
919 7.5762e-07
920 7.18806e-07
921 8.37222e-07
922 8.78018e-07
923 8.38408e-07
924 4.39204e-07
925 6.77222e-07
926 8.77222e-07
927 4.39204e-07
928 5.98806e-07
929 5.17616e-07
930 7.18014e-07
931 7.96422e-07
932 5.99204e-07
933 5.9801e-07
934 9.98014e-07
935 8.76418e-07
936 5.59602e-07
937 5.59204e-07
938 9.17612e-07
939 4.39602e-07
940 6.78412e-07
941 7.19602e-07
942 5.58412e-07
943 7.98408e-07
944 7.17616e-07
945 6.78818e-07
946 9.57624e-07
947 7.5643e-07
948 7.18022e-07
949 7.59204e-07
950 4.79204e-07
951 6.38408e-07
952 9.59204e-07
953 6.7762e-07
954 7.57218e-07
955 6.38806e-07
956 8.79602e-07
957 8.36828e-07
958 8.38018e-07
959 8.3881e-07
960 6.77218e-07
961 6.38806e-07
962 8.38818e-07
963 7.17612e-07
964 8.3643e-07
965 9.18408e-07
966 7.5881e-07
967 7.18408e-07
968 6.76032e-07
969 7.9801e-07
970 7.19204e-07
971 7.97226e-07
972 4.39602e-07
973 4.3801e-07
974 9.18806e-07
975 6.77218e-07
976 4.78806e-07
977 7.58014e-07
978 6.78412e-07
979 7.5881e-07
980 9.18408e-07
981 8.78806e-07
982 1.03762e-06
983 6.39204e-07
984 6.75661e-07
985 9.17218e-07
986 8.37624e-07
987 7.58408e-07
988 6.78034e-07
989 7.16024e-07
990 1.11721e-06
991 5.98408e-07
992 7.56828e-07
993 1.03642e-06
994 5.18014e-07
995 7.58408e-07
996 6.78014e-07
997 1.15801e-06
998 9.1762e-07
999 0
