0 0
1 0.0004108
2 0.000728686
3 0.000491905
4 0.000421734
5 0.000350686
6 0.000311696
7 0.000265452
8 0.000246477
9 0.000214652
10 0.000227932
11 0.000195982
12 0.000176725
13 0.000169986
14 0.000160511
15 0.000163227
16 0.00015642
17 0.000151963
18 0.000152652
19 0.000131821
20 0.000132141
21 0.000119052
22 0.000116469
23 0.00012429
24 0.000102945
25 0.000110595
26 0.000108214
27 0.000102401
28 9.43662e-05
29 0.000105738
30 9.49722e-05
31 9.36653e-05
32 0.000108839
33 9.21795e-05
34 8.99281e-05
35 8.44997e-05
36 7.67662e-05
37 8.46556e-05
38 8.95317e-05
39 8.3684e-05
40 9.0652e-05
41 8.16909e-05
42 8.28309e-05
43 7.3513e-05
44 8.41185e-05
45 7.40115e-05
46 7.74212e-05
47 8.07341e-05
48 6.97034e-05
49 7.47245e-05
50 6.50743e-05
51 7.11006e-05
52 7.34103e-05
53 6.52423e-05
54 6.06212e-05
55 6.07734e-05
56 6.24768e-05
57 6.58592e-05
58 7.62855e-05
59 6.32193e-05
60 5.67317e-05
61 6.2084e-05
62 7.33565e-05
63 6.49759e-05
64 6.32459e-05
65 6.85148e-05
66 6.04804e-05
67 5.97946e-05
68 6.40079e-05
69 5.04873e-05
70 5.84423e-05
71 5.60423e-05
72 6.24309e-05
73 6.46864e-05
74 5.84309e-05
75 4.53831e-05
76 4.94707e-05
77 5.98625e-05
78 5.22212e-05
79 5.81634e-05
80 4.87432e-05
81 5.48079e-05
82 5.25946e-05
83 5.14707e-05
84 4.49221e-05
85 5.4045e-05
86 4.84115e-05
87 5.15662e-05
88 4.3684e-05
89 5.82212e-05
90 5.21185e-05
91 5.15245e-05
92 4.47088e-05
93 4.73378e-05
94 4.44492e-05
95 4.12459e-05
96 4.25638e-05
97 4.08804e-05
98 4.81769e-05
99 5.68762e-05
100 5.13185e-05
101 4.77946e-05
102 5.16423e-05
103 5.38176e-05
104 5.24079e-05
105 4.77034e-05
106 4.07317e-05
107 4.8e-05
108 5.31459e-05
109 4.52178e-05
110 4.45556e-05
111 4.82379e-05
112 4.4991e-05
113 4.01638e-05
114 4.18707e-05
115 3.93221e-05
116 3.86592e-05
117 3.88804e-05
118 3.92528e-05
119 4.01257e-05
120 4.30248e-05
121 4.04423e-05
122 4.16115e-05
123 3.51046e-05
124 3.87281e-05
125 3.10326e-05
126 4.16876e-05
127 3.95771e-05
128 2.84459e-05
129 3.79731e-05
130 3.89257e-05
131 3.78665e-05
132 3.7984e-05
133 3.62363e-05
134 3.86326e-05
135 3.87662e-05
136 3.47734e-05
137 4.06281e-05
138 4.32006e-05
139 3.47771e-05
140 3.50326e-05
141 4.07354e-05
142 3.63423e-05
143 3.69601e-05
144 4.11426e-05
145 3.85185e-05
146 3.86363e-05
147 3.50973e-05
148 3.96768e-05
149 3.93221e-05
150 3.41946e-05
151 3.42589e-05
152 3.84804e-05
153 2.84079e-05
154 3.58212e-05
155 3.38248e-05
156 3.72492e-05
157 3.9984e-05
158 3.59453e-05
159 3.68982e-05
160 3.19052e-05
161 3.86556e-05
162 3.52115e-05
163 3.57221e-05
164 3.20909e-05
165 3.53946e-05
166 3.51052e-05
167 3.61565e-05
168 3.59354e-05
169 3.54051e-05
170 3.2445e-05
171 2.98671e-05
172 3.35771e-05
173 3.39354e-05
174 3.39698e-05
175 3.05529e-05
176 3.13018e-05
177 3.87734e-05
178 3.01565e-05
179 3.83088e-05
180 3.44496e-05
181 2.84565e-05
182 3.36459e-05
183 3.21638e-05
184 3.11046e-05
185 2.43432e-05
186 2.91734e-05
187 2.88876e-05
188 3.08115e-05
189 3.40423e-05
190 3.36184e-05
191 3.65601e-05
192 2.82363e-05
193 3.44079e-05
194 3.21487e-05
195 3.04115e-05
196 2.62776e-05
197 3.29565e-05
198 2.71354e-05
199 2.67531e-05
200 2.8461e-05
201 3.1284e-05
202 2.51088e-05
203 3.39734e-05
204 2.93326e-05
205 2.7984e-05
206 3.09946e-05
207 3.01221e-05
208 2.54248e-05
209 3.02743e-05
210 2.79432e-05
211 3.32528e-05
212 2.74123e-05
213 3.15082e-05
214 2.57638e-05
215 3.09982e-05
216 2.71088e-05
217 3.04762e-05
218 2.50018e-05
219 3.37247e-05
220 2.54326e-05
221 2.52804e-05
222 2.93335e-05
223 2.82743e-05
224 2.68387e-05
225 2.95813e-05
226 2.85946e-05
227 2.98589e-05
228 2.59468e-05
229 2.9077e-05
230 2.64496e-05
231 3.52148e-05
232 2.84627e-05
233 2.74592e-05
234 2.82937e-05
235 2.88496e-05
236 2.69852e-05
237 3.03849e-05
238 3.18724e-05
239 3.15698e-05
240 2.42707e-05
241 2.55317e-05
242 2.66661e-05
243 3.35698e-05
244 2.22363e-05
245 2.74973e-05
246 2.51088e-05
247 3.08496e-05
248 2.89946e-05
249 2.48804e-05
250 2.70911e-05
251 2.67459e-05
252 2.96148e-05
253 2.95734e-05
254 2.57293e-05
255 2.43046e-05
256 2.5684e-05
257 2.97565e-05
258 2.67876e-05
259 2.85293e-05
260 3.05185e-05
261 2.55468e-05
262 2.35432e-05
263 2.60459e-05
264 2.41372e-05
265 1.91505e-05
266 2.32647e-05
267 2.51849e-05
268 2.6929e-05
269 2.93946e-05
270 3.05221e-05
271 2.41982e-05
272 2.51574e-05
273 2.41185e-05
274 2.59521e-05
275 2.92913e-05
276 2.08913e-05
277 2.6676e-05
278 2.06973e-05
279 2.50671e-05
280 2.99036e-05
281 2.6061e-05
282 2.31078e-05
283 2.12909e-05
284 1.87849e-05
285 2.39698e-05
286 2.06399e-05
287 2.55767e-05
288 2.33982e-05
289 2.86625e-05
290 1.8023e-05
291 2.15462e-05
292 2.7539e-05
293 2.65674e-05
294 2.34707e-05
295 2.28289e-05
296 2.67468e-05
297 2.5223e-05
298 2.17257e-05
299 2.68903e-05
300 2.6084e-05
301 2.04459e-05
302 2.19088e-05
303 2.05982e-05
304 2.37185e-05
305 2.36496e-05
306 2.60184e-05
307 2.70212e-05
308 1.86054e-05
309 2.09976e-05
310 2.18707e-05
311 2.82353e-05
312 2.23432e-05
313 2.75009e-05
314 1.91912e-05
315 2.6423e-05
316 2.65414e-05
317 2.66284e-05
318 1.91643e-05
319 1.87432e-05
320 2.52913e-05
321 2.73257e-05
322 2.63767e-05
323 2.22468e-05
324 2.42018e-05
325 2.4084e-05
326 2.10432e-05
327 1.83505e-05
328 2.19468e-05
329 2.32193e-05
330 2.34363e-05
331 2.3391e-05
332 2.48187e-05
333 2.4632e-05
334 2.35767e-05
335 1.82317e-05
336 2.01335e-05
337 1.72193e-05
338 2.03009e-05
339 2.2422e-05
340 2.02326e-05
341 1.86395e-05
342 2.30363e-05
343 2.44876e-05
344 2.63082e-05
345 2.14015e-05
346 1.39537e-05
347 2.42743e-05
348 2.07462e-05
349 2.16266e-05
350 1.75124e-05
351 1.90018e-05
352 2.37601e-05
353 2.34363e-05
354 1.91505e-05
355 2.62054e-05
356 1.92574e-05
357 2.11124e-05
358 2.06363e-05
359 2.27495e-05
360 1.66363e-05
361 2.28423e-05
362 1.98432e-05
363 1.52679e-05
364 2.32079e-05
365 2.30363e-05
366 1.86054e-05
367 2.18363e-05
368 2.09982e-05
369 2.01293e-05
370 2.10816e-05
371 2.15885e-05
372 1.98743e-05
373 1.87118e-05
374 2.00187e-05
375 2.26671e-05
376 2.59124e-05
377 2.2678e-05
378 1.80673e-05
379 2.29601e-05
380 1.86087e-05
381 2.24423e-05
382 2.76187e-05
383 2.28913e-05
384 2.17556e-05
385 1.94812e-05
386 1.67088e-05
387 2.03124e-05
388 1.83885e-05
389 2.08302e-05
390 2.18363e-05
391 2.18326e-05
392 2.2861e-05
393 1.93638e-05
394 1.66671e-05
395 2.20804e-05
396 1.90803e-05
397 2.32151e-05
398 1.7261e-05
399 1.99574e-05
400 2.01335e-05
401 1.6129e-05
402 2.57982e-05
403 2.04945e-05
404 1.81221e-05
405 1.8967e-05
406 2.25601e-05
407 2.2994e-05
408 2.20909e-05
409 2.01946e-05
410 1.75046e-05
411 1.88293e-05
412 1.94776e-05
413 2.74005e-05
414 2.0884e-05
415 1.81982e-05
416 1.78054e-05
417 2.22707e-05
418 2.45946e-05
419 1.98051e-05
420 1.69982e-05
421 1.93601e-05
422 1.96949e-05
423 1.59885e-05
424 2.05257e-05
425 1.29707e-05
426 1.68601e-05
427 1.82399e-05
428 1.79432e-05
429 1.98671e-05
430 1.72634e-05
431 1.7853e-05
432 2.31468e-05
433 1.86015e-05
434 2.03082e-05
435 1.59885e-05
436 1.71468e-05
437 2.12528e-05
438 2.11088e-05
439 1.94363e-05
440 2.18018e-05
441 2.0067e-05
442 1.73769e-05
443 2.08325e-05
444 2.18399e-05
445 1.72404e-05
446 1.80736e-05
447 1.96532e-05
448 2.04496e-05
449 1.63918e-05
450 2.06776e-05
451 1.94432e-05
452 1.57716e-05
453 1.80148e-05
454 1.51088e-05
455 1.82087e-05
456 2.00601e-05
457 2.00187e-05
458 1.90671e-05
459 2.09494e-05
460 2.2484e-05
461 1.88187e-05
462 1.58743e-05
463 1.90326e-05
464 1.95734e-05
465 2.18326e-05
466 1.53707e-05
467 2.00945e-05
468 1.79432e-05
469 1.69293e-05
470 1.53752e-05
471 1.90054e-05
472 1.65638e-05
473 1.52193e-05
474 1.67849e-05
475 1.7961e-05
476 1.39541e-05
477 2.19046e-05
478 1.84151e-05
479 1.40679e-05
480 1.93638e-05
481 1.93388e-05
482 1.64496e-05
483 1.81185e-05
484 1.42051e-05
485 1.54018e-05
486 2.10707e-05
487 1.73257e-05
488 2.69247e-05
489 1.62015e-05
490 1.39922e-05
491 1.74399e-05
492 1.86363e-05
493 1.4716e-05
494 2.26973e-05
495 2.2022e-05
496 1.63577e-05
497 1.52079e-05
498 2.11771e-05
499 2.01601e-05
500 1.78707e-05
501 1.68982e-05
502 1.67574e-05
503 2.16637e-05
504 1.54432e-05
505 1.55505e-05
506 1.61362e-05
507 1.36955e-05
508 1.67505e-05
509 1.97359e-05
510 1.45707e-05
511 1.67807e-05
512 1.77565e-05
513 1.78665e-05
514 1.32014e-05
515 1.93326e-05
516 1.5478e-05
517 1.37982e-05
518 2.23423e-05
519 2.05257e-05
520 1.6678e-05
521 1.76358e-05
522 1.49638e-05
523 1.65408e-05
524 1.81982e-05
525 1.7367e-05
526 2.02363e-05
527 1.78743e-05
528 1.84193e-05
529 1.18471e-05
530 1.73293e-05
531 1.39813e-05
532 1.43193e-05
533 1.58054e-05
534 1.38435e-05
535 1.50363e-05
536 1.56355e-05
537 1.44985e-05
538 1.16266e-05
539 1.76362e-05
540 1.49344e-05
541 1.68151e-05
542 1.58573e-05
543 1.43505e-05
544 1.93982e-05
545 1.45716e-05
546 1.38468e-05
547 1.75574e-05
548 1.44601e-05
549 1.99807e-05
550 1.35918e-05
551 2.03698e-05
552 1.37674e-05
553 1.88876e-05
554 2.08151e-05
555 1.80627e-05
556 1.23193e-05
557 1.50097e-05
558 1.37096e-05
559 1.71813e-05
560 1.72459e-05
561 1.52574e-05
562 1.57982e-05
563 1.44991e-05
564 1.60574e-05
565 1.42707e-05
566 1.97743e-05
567 1.66743e-05
568 1.39088e-05
569 1.52982e-05
570 1.91115e-05
571 2.07771e-05
572 1.48193e-05
573 1.62363e-05
574 8.98213e-06
575 1.27193e-05
576 1.60982e-05
577 1.90435e-05
578 1.38363e-05
579 1.93221e-05
580 1.71876e-05
581 1.49946e-05
582 1.78707e-05
583 1.66849e-05
584 2.00043e-05
585 1.19088e-05
586 1.34399e-05
587 1.32574e-05
588 1.69716e-05
589 1.38816e-05
590 1.33982e-05
591 1.8129e-05
592 1.64574e-05
593 1.79088e-05
594 1.51088e-05
595 1.48391e-05
596 1.3078e-05
597 1.50816e-05
598 1.58051e-05
599 1.31495e-05
600 1.32647e-05
601 1.7435e-05
602 1.85707e-05
603 1.79836e-05
604 1.9118e-05
605 1.64949e-05
606 1.42743e-05
607 1.91974e-05
608 1.67505e-05
609 1.43849e-05
610 1.44663e-05
611 1.5308e-05
612 1.45362e-05
613 1.10725e-05
614 1.13674e-05
615 1.41779e-05
616 1.39468e-05
617 1.27505e-05
618 1.60151e-05
619 1.58843e-05
620 1.77326e-05
621 1.83771e-05
622 1.30707e-05
623 1.30156e-05
624 1.38399e-05
625 1.02947e-05
626 1.70671e-05
627 1.45326e-05
628 1.35124e-05
629 1.24991e-05
630 1.76151e-05
631 1.28256e-05
632 1.92909e-05
633 1.49638e-05
634 1.87876e-05
635 1.20266e-05
636 1.55088e-05
637 1.1516e-05
638 1.70091e-05
639 1.44647e-05
640 1.2061e-05
641 1.32007e-05
642 1.46671e-05
643 1.52187e-05
644 1.22091e-05
645 1.47468e-05
646 1.22087e-05
647 1.8929e-05
648 1.57674e-05
649 1.16388e-05
650 1.56991e-05
651 1.93529e-05
652 1.42468e-05
653 1.64978e-05
654 1.54399e-05
655 1.4423e-05
656 1.54326e-05
657 1.39088e-05
658 1.47849e-05
659 1.07124e-05
660 1.40876e-05
661 1.4823e-05
662 1.47468e-05
663 1.71432e-05
664 1.64949e-05
665 1.75574e-05
666 1.97601e-05
667 1.47672e-05
668 1.51124e-05
669 1.52637e-05
670 1.2022e-05
671 1.28574e-05
672 1.44949e-05
673 1.48397e-05
674 1.62399e-05
675 1.51124e-05
676 1.68293e-05
677 1.48949e-05
678 1.42743e-05
679 1.69326e-05
680 1.31265e-05
681 1.35948e-05
682 1.4739e-05
683 1.29674e-05
684 1.82737e-05
685 1.69425e-05
686 1.36283e-05
687 1.59354e-05
688 1.34326e-05
689 1.59912e-05
690 1.3116e-05
691 1.58435e-05
692 1.36011e-05
693 1.40706e-05
694 1.59954e-05
695 1.81054e-05
696 1.67468e-05
697 1.31184e-05
698 1.48955e-05
699 1.00574e-05
700 1.5098e-05
701 1.52338e-05
702 1.63574e-05
703 1.50743e-05
704 1.61335e-05
705 1.28187e-05
706 1.38743e-05
707 1.37638e-05
708 1.74399e-05
709 1.21946e-05
710 1.3078e-05
711 1.78087e-05
712 1.93244e-05
713 1.33395e-05
714 1.62743e-05
715 1.53805e-05
716 1.22399e-05
717 1.47505e-05
718 1.34504e-05
719 1.23885e-05
720 1.47124e-05
721 1.2423e-05
722 1.4861e-05
723 1.23124e-05
724 1.60568e-05
725 1.75849e-05
726 1.55849e-05
727 1.78363e-05
728 1.47432e-05
729 9.0133e-06
730 1.42133e-05
731 1.4678e-05
732 1.42363e-05
733 1.24565e-05
734 1.37257e-05
735 1.6084e-05
736 1.59574e-05
737 1.34326e-05
738 1.25372e-05
739 1.42432e-05
740 1.09398e-05
741 1.17257e-05
742 1.86743e-05
743 8.93354e-06
744 1.49982e-05
745 1.77982e-05
746 1.52496e-05
747 1.32299e-05
748 1.27849e-05
749 1.18743e-05
750 1.34885e-05
751 9.82911e-06
752 9.26104e-06
753 1.66435e-05
754 1.26192e-05
755 1.1261e-05
756 1.30054e-05
757 1.30399e-05
758 1.65638e-05
759 1.15397e-05
760 1.71078e-05
761 1.4861e-05
762 1.45565e-05
763 1.12335e-05
764 1.41743e-05
765 1.90698e-05
766 1.27849e-05
767 1.58683e-05
768 1.42326e-05
769 1.5878e-05
770 1.44991e-05
771 1.25254e-05
772 1.41257e-05
773 1.22399e-05
774 1.39627e-05
775 9.22987e-06
776 1.45326e-05
777 1.55505e-05
778 1.41402e-05
779 2.00876e-05
780 1.22573e-05
781 1.35193e-05
782 1.2861e-05
783 1.51915e-05
784 1.32647e-05
785 1.7916e-05
786 1.23918e-05
787 1.42432e-05
788 1.03468e-05
789 1.88115e-05
790 1.47922e-05
791 1.34018e-05
792 1.19468e-05
793 1.58812e-05
794 1.48148e-05
795 1.8129e-05
796 1.85674e-05
797 1.53087e-05
798 1.61638e-05
799 1.27849e-05
800 1.3623e-05
801 1.53565e-05
802 1.23885e-05
803 1.59177e-05
804 1.65638e-05
805 1.31885e-05
806 1.53012e-05
807 1.20634e-05
808 1.2023e-05
809 1.23541e-05
810 1.46087e-05
811 1.23229e-05
812 1.57027e-05
813 1.26051e-05
814 1.33638e-05
815 1.04335e-05
816 1.5623e-05
817 1.16673e-05
818 1.26849e-05
819 1.46399e-05
820 1.2316e-05
821 1.41335e-05
822 1.05185e-05
823 1.69982e-05
824 1.49982e-05
825 1.21408e-05
826 1.15577e-05
827 1.75849e-05
828 1.47124e-05
829 1.27468e-05
830 1.14504e-05
831 1.32991e-05
832 1.32945e-05
833 1.57601e-05
834 1.64565e-05
835 1.31885e-05
836 1.46015e-05
837 1.25044e-05
838 1.63531e-05
839 1.2278e-05
840 1.19541e-05
841 1.20647e-05
842 1.43157e-05
843 1.31468e-05
844 1.38599e-05
845 1.34326e-05
846 1.36991e-05
847 1.25051e-05
848 1.4167e-05
849 1.47954e-05
850 1.16299e-05
851 1.54743e-05
852 1.39468e-05
853 1.23505e-05
854 1.37326e-05
855 1.16193e-05
856 1.08371e-05
857 8.86104e-06
858 1.38743e-05
859 1.15505e-05
860 1.55088e-05
861 1.37946e-05
862 1.65329e-05
863 1.29221e-05
864 1.41946e-05
865 1.28991e-05
866 1.3293e-05
867 1.08193e-05
868 1.6316e-05
869 9.5193e-06
870 1.48184e-05
871 1.50743e-05
872 1.49707e-05
873 1.35537e-05
874 1.11849e-05
875 1.49982e-05
876 1.1661e-05
877 1.05815e-05
878 1.4384e-05
879 1.58458e-05
880 1.42504e-05
881 1.45326e-05
882 1.75945e-05
883 1.03918e-05
884 1.54435e-05
885 1.36673e-05
886 1.21372e-05
887 1.18363e-05
888 1.2278e-05
889 1.28532e-05
890 9.77428e-06
891 1.46743e-05
892 1.37293e-05
893 1.49398e-05
894 1.38432e-05
895 1.16266e-05
896 1.23124e-05
897 1.33293e-05
898 1.2253e-05
899 1.15885e-05
900 9.03955e-06
901 1.20256e-05
902 1.50743e-05
903 1.32293e-05
904 1.45359e-05
905 9.40967e-06
906 1.32805e-05
907 9.55771e-06
908 1.50363e-05
909 1.07124e-05
910 1.25743e-05
911 9.47071e-06
912 1.22947e-05
913 1.13674e-05
914 1.51124e-05
915 1.77802e-05
916 9.29548e-06
917 1.03505e-05
918 1.55505e-05
919 1.12299e-05
920 1.20266e-05
921 1.57431e-05
922 1.42399e-05
923 9.26466e-06
924 1.3222e-05
925 1.14399e-05
926 1.00991e-05
927 1.31157e-05
928 1.11505e-05
929 1.12335e-05
930 1.05402e-05
931 1.31124e-05
932 1.12683e-05
933 1.34027e-05
934 1.40496e-05
935 1.49044e-05
936 1.60873e-05
937 1.11505e-05
938 1.35023e-05
939 8.86466e-06
940 1.3078e-05
941 1.12574e-05
942 1.30816e-05
943 8.31964e-06
944 1.07922e-05
945 9.30272e-06
946 8.94079e-06
947 1.21398e-05
948 1.19885e-05
949 1.3922e-05
950 1.13018e-05
951 1.33467e-05
952 1.26504e-05
953 1.07849e-05
954 1.34245e-05
955 1.31885e-05
956 9.88123e-06
957 1.16574e-05
958 1.17716e-05
959 1.44371e-05
960 1.42399e-05
961 1.09018e-05
962 1.19807e-05
963 1.46698e-05
964 1.12043e-05
965 1.24599e-05
966 7.66104e-06
967 1.28299e-05
968 9.26466e-06
969 1.38743e-05
970 1.0278e-05
971 1.24913e-05
972 1.02567e-05
973 9.73717e-06
974 1.22123e-05
975 8.75046e-06
976 1.32769e-05
977 1.02051e-05
978 1.01372e-05
979 1.24293e-05
980 1.26603e-05
981 1.52224e-05
982 1.20913e-05
983 1.43088e-05
984 1.21716e-05
985 7.92387e-06
986 1.03505e-05
987 1.1223e-05
988 7.84774e-06
989 8.17523e-06
990 1.30435e-05
991 9.58128e-06
992 1.35124e-05
993 1.27468e-05
994 1.04053e-05
995 1.3898e-05
996 1.47088e-05
997 9.15046e-06
998 1.54018e-05
999 0
