0 0
1 4.108e-05
2 7.28788e-05
3 4.92348e-05
4 4.22689e-05
5 3.51504e-05
6 3.12685e-05
7 2.66301e-05
8 2.47124e-05
9 2.15501e-05
10 2.29425e-05
11 1.97073e-05
12 1.77508e-05
13 1.71073e-05
14 1.61485e-05
15 1.64277e-05
16 1.57477e-05
17 1.52712e-05
18 1.53501e-05
19 1.32697e-05
20 1.33089e-05
21 1.19901e-05
22 1.17481e-05
23 1.25105e-05
24 1.03889e-05
25 1.11853e-05
26 1.09097e-05
27 1.03116e-05
28 9.51125e-06
29 1.06689e-05
30 9.58925e-06
31 9.46807e-06
32 1.0952e-05
33 9.30926e-06
34 9.07085e-06
35 8.54846e-06
36 7.75125e-06
37 8.55006e-06
38 9.03085e-06
39 8.43245e-06
40 9.15005e-06
41 8.23245e-06
42 8.38767e-06
43 7.46648e-06
44 8.47284e-06
45 7.47165e-06
46 7.82966e-06
47 8.1865e-06
48 7.06847e-06
49 7.55085e-06
50 6.55444e-06
51 7.19046e-06
52 7.42965e-06
53 6.59204e-06
54 6.14966e-06
55 6.15126e-06
56 6.31244e-06
57 6.67006e-06
58 7.74609e-06
59 6.35602e-06
60 5.75085e-06
61 6.27245e-06
62 7.39324e-06
63 6.58926e-06
64 6.39205e-06
65 6.91284e-06
66 6.11244e-06
67 6.03364e-06
68 6.47165e-06
69 5.11245e-06
70 5.91204e-06
71 5.67204e-06
72 6.34767e-06
73 6.55045e-06
74 5.94767e-06
75 4.62927e-06
76 4.99443e-06
77 6.07007e-06
78 5.30966e-06
79 5.87325e-06
80 4.91522e-06
81 5.55165e-06
82 5.31364e-06
83 5.19443e-06
84 4.55284e-06
85 5.50769e-06
86 4.91165e-06
87 5.23125e-06
88 4.43245e-06
89 5.90966e-06
90 5.27284e-06
91 5.23085e-06
92 4.51483e-06
93 4.82886e-06
94 4.51205e-06
95 4.19205e-06
96 4.31325e-06
97 4.15244e-06
98 4.87326e-06
99 5.78808e-06
100 5.19284e-06
101 4.83364e-06
102 5.23204e-06
103 5.46966e-06
104 5.31165e-06
105 4.86847e-06
106 4.15085e-06
107 4.90728e-06
108 5.39087e-06
109 4.6273e-06
110 4.54888e-06
111 4.90968e-06
112 4.55363e-06
113 4.07325e-06
114 4.23443e-06
115 3.99284e-06
116 3.95006e-06
117 3.95244e-06
118 3.99206e-06
119 4.07285e-06
120 4.38967e-06
121 4.11204e-06
122 4.23165e-06
123 3.59047e-06
124 3.95085e-06
125 3.15403e-06
126 4.23245e-06
127 4.03126e-06
128 2.91205e-06
129 3.87126e-06
130 3.95285e-06
131 3.87007e-06
132 3.87127e-06
133 3.67404e-06
134 3.91403e-06
135 3.95125e-06
136 3.55126e-06
137 4.14967e-06
138 4.39164e-06
139 3.55126e-06
140 3.55403e-06
141 4.15086e-06
142 3.71087e-06
143 3.75324e-06
144 4.19087e-06
145 3.91284e-06
146 3.91404e-06
147 3.59046e-06
148 4.03244e-06
149 3.99284e-06
150 3.47364e-06
151 3.51006e-06
152 3.91244e-06
153 2.91165e-06
154 3.66966e-06
155 3.46967e-06
156 3.79205e-06
157 4.07127e-06
158 3.70651e-06
159 3.75246e-06
160 3.23483e-06
161 3.95006e-06
162 3.59165e-06
163 3.63284e-06
164 3.27245e-06
165 3.59364e-06
166 3.55483e-06
167 3.67324e-06
168 3.67086e-06
169 3.59365e-06
170 3.34769e-06
171 3.03443e-06
172 3.43126e-06
173 3.47086e-06
174 3.47125e-06
175 3.11323e-06
176 3.19247e-06
177 3.95126e-06
178 3.07324e-06
179 3.87483e-06
180 3.51205e-06
181 2.91206e-06
182 3.43205e-06
183 3.27325e-06
184 3.19047e-06
185 2.47522e-06
186 2.99126e-06
187 2.95245e-06
188 3.15165e-06
189 3.47204e-06
190 3.43166e-06
191 3.71324e-06
192 2.87404e-06
193 3.51165e-06
194 3.30887e-06
195 3.11165e-06
196 2.67444e-06
197 3.35324e-06
198 2.79086e-06
199 2.75088e-06
200 2.87642e-06
201 3.19245e-06
202 2.55483e-06
203 3.47126e-06
204 2.99286e-06
205 2.87127e-06
206 3.15364e-06
207 3.07284e-06
208 2.62967e-06
209 3.07444e-06
210 2.83522e-06
211 3.39206e-06
212 2.79366e-06
213 3.23047e-06
214 2.63325e-06
215 3.15364e-06
216 2.75483e-06
217 3.14808e-06
218 2.55364e-06
219 3.46849e-06
220 2.59403e-06
221 2.59244e-06
222 2.95721e-06
223 2.87444e-06
224 2.75204e-06
225 2.99562e-06
226 2.91364e-06
227 3.07006e-06
228 2.63523e-06
229 2.99008e-06
230 2.71205e-06
231 3.59166e-06
232 2.91207e-06
233 2.83006e-06
234 2.91046e-06
235 2.95205e-06
236 2.78891e-06
237 3.07563e-06
238 3.27008e-06
239 3.23125e-06
240 2.47443e-06
241 2.63085e-06
242 2.75007e-06
243 3.43125e-06
244 2.27404e-06
245 2.83046e-06
246 2.55483e-06
247 3.15205e-06
248 2.95364e-06
249 2.55244e-06
250 2.75446e-06
251 2.75087e-06
252 3.03166e-06
253 3.03126e-06
254 2.63285e-06
255 2.51047e-06
256 2.63245e-06
257 3.03324e-06
258 2.75127e-06
259 2.91285e-06
260 3.11284e-06
261 2.59523e-06
262 2.39522e-06
263 2.67205e-06
264 2.43722e-06
265 1.95523e-06
266 2.35643e-06
267 2.55563e-06
268 2.75285e-06
269 2.99364e-06
270 3.11284e-06
271 2.47364e-06
272 2.55524e-06
273 2.47284e-06
274 2.67088e-06
275 2.99245e-06
276 2.15245e-06
277 2.75008e-06
278 2.15046e-06
279 2.55443e-06
280 3.10611e-06
281 2.63642e-06
282 2.39047e-06
283 2.19245e-06
284 1.91563e-06
285 2.47125e-06
286 2.11404e-06
287 2.63126e-06
288 2.39364e-06
289 2.95007e-06
290 1.83602e-06
291 2.23087e-06
292 2.83086e-06
293 2.71325e-06
294 2.39443e-06
295 2.35167e-06
296 2.71523e-06
297 2.55602e-06
298 2.23285e-06
299 2.7881e-06
300 2.67245e-06
301 2.11205e-06
302 2.23483e-06
303 2.11364e-06
304 2.43284e-06
305 2.43205e-06
306 2.67166e-06
307 2.78966e-06
308 1.91365e-06
309 2.18928e-06
310 2.23443e-06
311 2.90968e-06
312 2.27522e-06
313 2.83046e-06
314 1.99128e-06
315 2.67602e-06
316 2.74886e-06
317 2.74967e-06
318 1.95525e-06
319 1.91522e-06
320 2.59245e-06
321 2.79285e-06
322 2.71126e-06
323 2.27405e-06
324 2.47364e-06
325 2.47245e-06
326 2.15405e-06
327 1.87523e-06
328 2.23523e-06
329 2.35602e-06
330 2.39404e-06
331 2.39363e-06
332 2.55166e-06
333 2.54968e-06
334 2.43126e-06
335 1.90968e-06
336 2.03721e-06
337 1.75602e-06
338 2.11046e-06
339 2.31167e-06
340 2.07403e-06
341 1.91404e-06
342 2.35404e-06
343 2.51245e-06
344 2.71047e-06
345 2.19364e-06
346 1.43524e-06
347 2.47444e-06
348 2.15087e-06
349 2.19603e-06
350 1.79483e-06
351 1.95364e-06
352 2.43324e-06
353 2.39404e-06
354 1.95523e-06
355 2.67365e-06
356 1.95642e-06
357 2.15483e-06
358 2.11404e-06
359 2.35087e-06
360 1.71404e-06
361 2.35204e-06
362 2.03405e-06
363 1.55643e-06
364 2.39165e-06
365 2.35404e-06
366 1.91365e-06
367 2.23404e-06
368 2.15364e-06
369 2.07285e-06
370 2.15444e-06
371 2.19563e-06
372 2.03444e-06
373 1.95048e-06
374 2.07166e-06
375 2.31443e-06
376 2.63483e-06
377 2.31444e-06
378 1.87207e-06
379 2.35324e-06
380 1.91365e-06
381 2.31204e-06
382 2.83166e-06
383 2.35245e-06
384 2.26888e-06
385 1.99444e-06
386 1.71483e-06
387 2.07483e-06
388 1.87563e-06
389 2.11603e-06
390 2.23404e-06
391 2.23403e-06
392 2.31642e-06
393 1.99325e-06
394 1.71443e-06
395 2.27244e-06
396 1.99009e-06
397 2.39166e-06
398 1.75642e-06
399 2.03524e-06
400 2.03721e-06
401 1.67285e-06
402 2.63364e-06
403 2.11246e-06
404 1.87284e-06
405 1.95325e-06
406 2.31324e-06
407 2.38928e-06
408 2.27245e-06
409 2.07364e-06
410 1.83047e-06
411 1.95167e-06
412 1.99444e-06
413 2.82929e-06
414 2.15245e-06
415 1.87364e-06
416 1.83365e-06
417 2.27443e-06
418 2.51364e-06
419 2.03365e-06
420 1.75364e-06
421 1.99324e-06
422 2.03246e-06
423 1.63563e-06
424 2.11285e-06
425 1.35325e-06
426 1.75206e-06
427 1.87404e-06
428 1.83522e-06
429 2.03443e-06
430 1.79207e-06
431 1.83406e-06
432 2.35523e-06
433 1.91364e-06
434 2.11047e-06
435 1.63563e-06
436 1.75523e-06
437 2.19206e-06
438 2.15483e-06
439 1.99404e-06
440 2.23364e-06
441 2.07207e-06
442 1.79326e-06
443 2.15168e-06
444 2.23404e-06
445 1.75604e-06
446 1.87208e-06
447 2.03206e-06
448 2.11205e-06
449 1.67563e-06
450 2.11444e-06
451 1.99405e-06
452 1.59761e-06
453 1.87166e-06
454 1.55483e-06
455 1.87365e-06
456 2.07206e-06
457 2.07166e-06
458 1.95443e-06
459 2.15288e-06
460 2.31245e-06
461 1.95166e-06
462 1.63444e-06
463 1.95403e-06
464 2.03126e-06
465 2.23403e-06
466 1.59325e-06
467 2.07246e-06
468 1.83522e-06
469 1.75285e-06
470 1.55762e-06
471 1.95365e-06
472 1.71325e-06
473 1.55602e-06
474 1.71563e-06
475 1.83524e-06
476 1.43524e-06
477 2.27047e-06
478 1.91166e-06
479 1.43643e-06
480 1.99325e-06
481 1.99286e-06
482 1.71205e-06
483 1.87284e-06
484 1.47365e-06
485 1.59364e-06
486 2.15443e-06
487 1.79285e-06
488 2.78849e-06
489 1.67364e-06
490 1.43563e-06
491 1.79404e-06
492 1.91404e-06
493 1.51484e-06
494 2.35046e-06
495 2.27167e-06
496 1.67524e-06
497 1.59165e-06
498 2.19126e-06
499 2.07324e-06
500 1.83443e-06
501 1.75246e-06
502 1.71524e-06
503 2.23207e-06
504 1.59405e-06
505 1.59523e-06
506 1.67286e-06
507 1.39682e-06
508 1.71523e-06
509 2.03286e-06
510 1.51325e-06
511 1.75126e-06
512 1.83324e-06
513 1.87007e-06
514 1.39129e-06
515 1.99286e-06
516 1.59444e-06
517 1.43364e-06
518 2.31087e-06
519 2.11285e-06
520 1.71444e-06
521 1.83168e-06
522 1.55325e-06
523 1.67722e-06
524 1.87364e-06
525 1.79325e-06
526 2.07404e-06
527 1.83444e-06
528 1.87602e-06
529 1.23405e-06
530 1.79285e-06
531 1.43562e-06
532 1.47484e-06
533 1.63365e-06
534 1.43405e-06
535 1.55404e-06
536 1.63168e-06
537 1.51246e-06
538 1.19603e-06
539 1.83168e-06
540 1.5525e-06
541 1.75166e-06
542 1.63406e-06
543 1.47523e-06
544 1.99364e-06
545 1.47761e-06
546 1.43405e-06
547 1.79524e-06
548 1.51206e-06
549 2.07126e-06
550 1.39563e-06
551 2.11125e-06
552 1.43325e-06
553 1.95245e-06
554 2.15166e-06
555 1.87207e-06
556 1.27484e-06
557 1.51801e-06
558 1.39683e-06
559 1.75562e-06
560 1.79205e-06
561 1.55642e-06
562 1.63364e-06
563 1.47682e-06
564 1.63642e-06
565 1.47443e-06
566 2.03326e-06
567 1.71444e-06
568 1.43483e-06
569 1.59246e-06
570 1.99048e-06
571 2.15126e-06
572 1.51602e-06
573 1.67404e-06
574 9.17624e-07
575 1.31484e-06
576 1.67246e-06
577 1.95405e-06
578 1.43404e-06
579 1.99284e-06
580 1.79127e-06
581 1.55364e-06
582 1.83443e-06
583 1.71445e-06
584 2.07129e-06
585 1.23483e-06
586 1.39404e-06
587 1.35642e-06
588 1.71761e-06
589 1.43444e-06
590 1.39364e-06
591 1.87285e-06
592 1.67642e-06
593 1.83483e-06
594 1.55483e-06
595 1.55169e-06
596 1.35444e-06
597 1.55444e-06
598 1.63365e-06
599 1.39087e-06
600 1.35643e-06
601 1.82968e-06
602 1.91325e-06
603 1.87127e-06
604 1.99048e-06
605 1.71246e-06
606 1.47444e-06
607 1.99128e-06
608 1.71523e-06
609 1.47563e-06
610 1.51207e-06
611 1.59247e-06
612 1.51286e-06
613 1.15408e-06
614 1.19325e-06
615 1.47326e-06
616 1.43523e-06
617 1.31523e-06
618 1.67166e-06
619 1.67009e-06
620 1.83286e-06
621 1.91126e-06
622 1.35443e-06
623 1.35366e-06
624 1.43404e-06
625 1.07446e-06
626 1.75443e-06
627 1.51286e-06
628 1.39483e-06
629 1.27682e-06
630 1.83166e-06
631 1.35167e-06
632 1.99245e-06
633 1.55325e-06
634 1.95127e-06
635 1.23603e-06
636 1.59483e-06
637 1.19484e-06
638 1.75365e-06
639 1.47643e-06
640 1.23642e-06
641 1.39129e-06
642 1.51443e-06
643 1.59166e-06
644 1.27365e-06
645 1.51523e-06
646 1.27365e-06
647 1.95285e-06
648 1.63325e-06
649 1.23169e-06
650 1.59682e-06
651 1.99323e-06
652 1.47405e-06
653 1.71246e-06
654 1.59404e-06
655 1.47602e-06
656 1.59403e-06
657 1.43483e-06
658 1.51563e-06
659 1.11483e-06
660 1.47245e-06
661 1.51602e-06
662 1.51523e-06
663 1.75522e-06
664 1.71246e-06
665 1.79524e-06
666 2.03324e-06
667 1.51525e-06
668 1.55483e-06
669 1.59207e-06
670 1.27167e-06
671 1.31642e-06
672 1.51246e-06
673 1.51604e-06
674 1.67404e-06
675 1.55483e-06
676 1.75167e-06
677 1.55246e-06
678 1.47444e-06
679 1.75286e-06
680 1.35485e-06
681 1.43128e-06
682 1.55086e-06
683 1.35325e-06
684 1.91008e-06
685 1.75287e-06
686 1.43167e-06
687 1.67086e-06
688 1.39403e-06
689 1.67128e-06
690 1.35484e-06
691 1.63405e-06
692 1.43129e-06
693 1.47208e-06
694 1.63564e-06
695 1.87247e-06
696 1.71523e-06
697 1.39048e-06
698 1.51682e-06
699 1.03642e-06
700 1.55446e-06
701 1.55604e-06
702 1.67524e-06
703 1.55444e-06
704 1.63721e-06
705 1.35166e-06
706 1.43444e-06
707 1.43325e-06
708 1.79404e-06
709 1.27364e-06
710 1.35444e-06
711 1.83365e-06
712 2.02849e-06
713 1.39286e-06
714 1.67444e-06
715 1.59327e-06
716 1.27404e-06
717 1.51523e-06
718 1.39405e-06
719 1.27563e-06
720 1.51483e-06
721 1.27602e-06
722 1.51642e-06
723 1.27483e-06
724 1.67206e-06
725 1.79563e-06
726 1.59563e-06
727 1.83404e-06
728 1.51522e-06
729 9.18014e-07
730 1.43801e-06
731 1.51444e-06
732 1.47404e-06
733 1.31206e-06
734 1.43285e-06
735 1.67245e-06
736 1.63524e-06
737 1.39403e-06
738 1.27722e-06
739 1.47405e-06
740 1.15286e-06
741 1.23285e-06
742 1.91444e-06
743 9.17214e-07
744 1.55364e-06
745 1.83364e-06
746 1.59205e-06
747 1.35603e-06
748 1.31563e-06
749 1.23444e-06
750 1.39445e-06
751 1.03368e-06
752 9.56422e-07
753 1.71405e-06
754 1.31366e-06
755 1.15642e-06
756 1.35365e-06
757 1.35404e-06
758 1.71325e-06
759 1.19487e-06
760 1.79047e-06
761 1.51642e-06
762 1.51324e-06
763 1.15604e-06
764 1.47326e-06
765 1.99007e-06
766 1.31563e-06
767 1.66972e-06
768 1.47403e-06
769 1.63444e-06
770 1.47682e-06
771 1.31285e-06
772 1.47285e-06
773 1.27404e-06
774 1.47089e-06
775 9.56032e-07
776 1.51286e-06
777 1.59523e-06
778 1.47286e-06
779 2.07245e-06
780 1.27406e-06
781 1.39484e-06
782 1.31642e-06
783 1.59128e-06
784 1.35643e-06
785 1.83484e-06
786 1.27563e-06
787 1.47405e-06
788 1.07523e-06
789 1.95165e-06
790 1.51563e-06
791 1.39364e-06
792 1.23523e-06
793 1.63444e-06
794 1.55166e-06
795 1.87285e-06
796 1.91325e-06
797 1.59247e-06
798 1.67325e-06
799 1.31563e-06
800 1.39602e-06
801 1.59324e-06
802 1.27563e-06
803 1.67048e-06
804 1.71325e-06
805 1.35563e-06
806 1.62811e-06
807 1.27207e-06
808 1.23602e-06
809 1.27524e-06
810 1.51365e-06
811 1.27485e-06
812 1.59682e-06
813 1.31365e-06
814 1.39325e-06
815 1.07604e-06
816 1.59602e-06
817 1.23207e-06
818 1.31445e-06
819 1.51404e-06
820 1.27484e-06
821 1.43721e-06
822 1.11249e-06
823 1.75364e-06
824 1.55364e-06
825 1.23722e-06
826 1.19524e-06
827 1.79563e-06
828 1.51483e-06
829 1.31523e-06
830 1.19405e-06
831 1.35682e-06
832 1.39246e-06
833 1.63324e-06
834 1.71206e-06
835 1.35563e-06
836 1.51364e-06
837 1.31247e-06
838 1.71088e-06
839 1.27444e-06
840 1.23524e-06
841 1.23643e-06
842 1.47484e-06
843 1.35523e-06
844 1.43407e-06
845 1.39403e-06
846 1.39682e-06
847 1.31247e-06
848 1.47325e-06
849 1.51564e-06
850 1.19603e-06
851 1.59444e-06
852 1.43523e-06
853 1.27523e-06
854 1.43286e-06
855 1.19602e-06
856 1.11604e-06
857 9.16422e-07
858 1.43444e-06
859 1.19523e-06
860 1.59483e-06
861 1.43364e-06
862 1.71286e-06
863 1.35284e-06
864 1.47364e-06
865 1.31682e-06
866 1.3921e-06
867 1.11602e-06
868 1.67484e-06
869 9.94842e-07
870 1.55166e-06
871 1.55444e-06
872 1.55325e-06
873 1.39524e-06
874 1.15563e-06
875 1.55364e-06
876 1.19642e-06
877 1.11327e-06
878 1.51127e-06
879 1.66969e-06
880 1.47405e-06
881 1.51286e-06
882 1.83128e-06
883 1.07563e-06
884 1.59405e-06
885 1.43207e-06
886 1.23722e-06
887 1.23404e-06
888 1.27444e-06
889 1.35206e-06
890 1.03326e-06
891 1.51444e-06
892 1.43285e-06
893 1.55286e-06
894 1.43405e-06
895 1.19603e-06
896 1.27483e-06
897 1.39285e-06
898 1.27406e-06
899 1.19563e-06
900 9.54042e-07
901 1.27167e-06
902 1.55444e-06
903 1.39167e-06
904 1.51286e-06
905 9.5801e-07
906 1.39209e-06
907 9.9524e-07
908 1.55404e-06
909 1.11483e-06
910 1.31326e-06
911 9.94432e-07
912 1.27446e-06
913 1.19325e-06
914 1.55483e-06
915 1.86891e-06
916 9.56816e-07
917 1.07523e-06
918 1.59523e-06
919 1.15603e-06
920 1.23603e-06
921 1.63287e-06
922 1.47404e-06
923 9.56426e-07
924 1.39167e-06
925 1.19404e-06
926 1.03682e-06
927 1.35484e-06
928 1.15523e-06
929 1.15604e-06
930 1.11286e-06
931 1.35483e-06
932 1.15643e-06
933 1.42893e-06
934 1.47205e-06
935 1.55247e-06
936 1.67245e-06
937 1.15523e-06
938 1.39447e-06
939 9.16426e-07
940 1.35444e-06
941 1.15642e-06
942 1.35444e-06
943 8.74842e-07
944 1.11563e-06
945 9.56824e-07
946 9.17222e-07
947 1.27286e-06
948 1.23563e-06
949 1.47049e-06
950 1.19247e-06
951 1.39287e-06
952 1.31405e-06
953 1.11563e-06
954 1.42931e-06
955 1.35563e-06
956 1.03444e-06
957 1.19642e-06
958 1.19761e-06
959 1.47604e-06
960 1.47404e-06
961 1.15247e-06
962 1.27126e-06
963 1.55007e-06
964 1.19129e-06
965 1.34735e-06
966 7.96422e-07
967 1.31603e-06
968 9.56426e-07
969 1.43444e-06
970 1.07444e-06
971 1.31245e-06
972 1.07406e-06
973 9.97218e-07
974 1.27366e-06
975 9.15232e-07
976 1.39208e-06
977 1.07365e-06
978 1.03722e-06
979 1.31167e-06
980 1.31407e-06
981 1.59167e-06
982 1.27245e-06
983 1.47483e-06
984 1.23761e-06
985 7.99204e-07
986 1.07523e-06
987 1.15602e-06
988 7.98408e-07
989 8.37616e-07
990 1.35405e-06
991 9.95622e-07
992 1.39483e-06
993 1.31523e-06
994 1.07565e-06
995 1.43446e-06
996 1.51483e-06
997 9.55232e-07
998 1.59364e-06
999 0
