0 -8.32577150006708 -8.3585412290076 -8.29531844469425
0.993251773010283 -8.37743124904108 -8.41042616535807 -8.34553663745931
2.00012773496011 -8.37751386114902 -8.41103299558785 -8.34560402120133
3.00022217882684 -8.34266861892451 -8.37554607058539 -8.3106994826513
4.00003388275086 -8.37309717645618 -8.40571443045033 -8.3411747911754
4.99997871390773 -8.47557631289999 -8.51089307886776 -8.44299522331227
6.00000299062804 -8.85414954520326 -8.893298546218 -8.81638794789288
6.9999971198819 -9.71329207656618 -9.76661150949595 -9.66646476497209
8.00000067527204 -11.3343693217899 -11.4392940349161 -11.2394158490131
8.99999951529857 -13.3848391480884 -13.6898475399686 -13.1517921880951
9.99997885272489 -15.4350493125778 -16.2729370692905 -14.9712139686188
10.9999976331124 -17.4675027886263 -20.2602868226376 -16.8097140007758
12.0000012815651 -25.1572428239284 -26.9410840823815 -24.5518672342355
