0 1
1962 1963
3806 3807
4018 4019
5441 5442
5448 5449
5534 5535
5599 5600
5710 5711
7666 7667
7694 7695
7712 7713
9390 9391
9574 9575
10409 10410
10450 10451
13335 13336
16584 16585
16663 16664
20400 20401
22134 22135
22202 22203
22238 22239
24412 24413
25916 25917
26013 26014
26145 26146
33984 33985
34267 34268
35195 35196
35296 35297
40221 40222
66639 66640
67281 67282
68562 68563
452401 452402
464763 464764
468093 468094
468163 468164
470208 470209
470257 470258
472352 472353
476162 476163
476398 476399
476401 476402
499469 499470
503296 503297
503349 503350
507153 507154
507622 507623
507632 507633
507818 507819
508790 508791
508929 508930
527321 527322
527413 527414
527614 527615
530637 530638
530806 530809
