0 1
1863 1864
2435 2436
2466 2467
2498 2499
11858 11859
11952 11953
11976 11977
12214 12215
13946 13947
13953 13954
15483 15484
15721 15722
15724 15725
15754 15755
15797 15798
19944 19945
20719 20720
20877 20878
21096 21097
23075 23076
44750 44752
52690 52691
52701 52702
52790 52791
53558 53559
53719 53720
54075 54076
54077 54078
178057 178058
178081 178082
178555 178556
255316 255317
255319 255320
255483 255484
299464 299465
299470 299471
299473 299474
300732 300733
300736 300737
301125 301126
301298 301299
301302 301303
301703 301704
301905 301906
301951 301953
302223 302224
302417 302418
303188 303189
305923 305924
306446 306447
306461 306462
309320 309321
309924 309926
309968 309969
335153 335154
335158 335159
336356 336357
336379 336380
338058 338059
338848 338849
406084 406085
406819 406820
407053 407054
407218 407219
408521 408522
409525 409526
409530 409531
409534 409535
409540 409541
415230 415231
425810 425811
425865 425866
425868 425869
425935 425936
426383 426384
426389 426390
427752 427753
427849 427850
427856 427857
428626 428627
428659 428660
429036 429037
429066 429067
429219 429220
444420 444421
444447 444448
444689 444690
445484 445485
446541 446542
446988 446989
447066 447068
455633 455634
459683 459684
459724 459725
459751 459752
460055 460056
466434 466435
466438 466439
466463 466464
466728 466729
474000 474002
516726 516727
516743 516744
576929 576930
576969 576970
577045 577046
577120 577121
577385 577386
577391 577392
577393 577394
577397 577398
577400 577401
577409 577410
577413 577414
579423 579424
580168 580169
580237 580238
581131 581132
586328 586329
586333 586334
587032 587033
587199 587201
