0 1
7 8
17 18
9397 9398
9508 9509
9517 9518
9722 9723
10270 10271
10688 10689
10730 10731
12182 12183
13231 13232
15121 15122
15523 15524
15811 15812
16016 16017
16226 16227
17024 17025
17581 17582
17647 17648
31573 31574
31927 31928
32237 32238
34178 34179
35533 35534
35930 35931
36297 36298
36311 36312
39918 39919
40964 40965
41245 41246
41595 41596
42655 42656
42748 42749
47833 47834
49128 49129
50991 50992
51004 51005
319266 319267
319652 319653
319665 319666
320382 320383
323110 323111
323139 323140
323240 323241
323334 323335
323366 323367
323391 323392
323813 323814
326705 326706
326707 326708
