0 1
61 62
484 485
519 520
1543 1544
244632 244633
244741 244742
245244 245245
245273 245274
245348 245349
247124 247125
247976 247977
257400 257401
257426 257427
257442 257443
347735 347736
347762 347763
347771 347772
359174 359175
360413 360414
360466 360467
361030 361031
361076 361077
361097 361098
361271 361272
361301 361302
367416 367417
367449 367450
367618 367619
367762 367763
448084 448085
478422 478423
479721 479722
479723 479724
482378 482379
482452 482453
482463 482464
748107 748108
748116 748117
748120 748122
751322 751323
756493 756494
769611 769612
769630 769631
775607 775608
775664 775665
777432 777433
777669 777670
777675 777676
777683 777684
777918 777919
799540 799542
800499 800500
801504 801505
801858 801859
808180 808181
808289 808290
808300 808301
