0 1
479 480
7452 7453
8584 8585
8876 8877
9164 9165
10967 10968
25280 25281
25352 25353
25356 25357
28565 28566
28885 28886
28898 28899
29010 29011
29099 29100
29180 29181
29205 29206
29285 29286
29297 29298
29299 29300
165742 165743
167706 167707
167854 167855
173537 173538
173688 173689
175923 175924
176071 176072
178642 178643
179192 179193
179198 179199
179209 179210
179217 179218
179221 179222
179846 179847
179902 179903
180438 180439
180460 180461
183643 183644
183653 183654
184008 184009
223395 223396
223398 223399
223417 223418
224731 224732
224768 224769
224841 224842
224901 224902
224972 224973
230247 230248
230298 230299
490016 490017
491193 491194
739031 739032
739111 739112
740698 740699
741958 741959
743624 743626
743671 743673
743871 743872
757138 757139
757248 757249
757292 757293
757468 757469
757478 757479
757498 757499
757510 757511
757622 757623
760025 760026
760105 760106
771334 771335
771370 771371
775820 775821
