0 1
116 117
918 919
1053 1054
1517 1518
56120 56122
56140 56141
56246 56247
56397 56398
56402 56403
56517 56518
56664 56665
58638 58639
58882 58883
58894 58895
59708 59709
107484 107485
121480 121481
121517 121518
121541 121542
121688 121689
126210 126211
126341 126342
130186 130187
192616 192617
192651 192652
192881 192882
192889 192890
192999 193000
193010 193011
193357 193358
193367 193368
193491 193492
196528 196529
198144 198145
198195 198196
198203 198204
199350 199351
199608 199609
200049 200050
200238 200239
200301 200302
200360 200361
200489 200490
200810 200811
209428 209429
260943 260944
260951 260952
261118 261119
261651 261652
261689 261690
261830 261831
273363 273364
273649 273650
283655 283656
284374 284375
284402 284403
284459 284460
284982 284983
285375 285376
285451 285452
286214 286215
288429 288430
288880 288881
289208 289209
289299 289300
289304 289305
291935 291936
291955 291956
298339 298340
298341 298342
298482 298483
298931 298932
298972 298973
298990 298992
299001 299002
523313 523314
523851 523852
541820 541821
542897 542898
543785 543786
543971 543972
543982 543983
544332 544333
544469 544470
544473 544474
545515 545516
545528 545529
545724 545725
545770 545771
630972 630973
631633 631634
