0 1
110 111
137 138
152 153
321 322
399 400
413 414
958 959
12896 12897
13601 13602
13726 13727
14595 14596
15457 15458
15725 15726
15970 15971
498948 498949
689557 689558
689576 689577
689625 689626
689661 689662
689830 689831
689928 689929
690041 690042
690171 690172
702411 702412
702415 702416
702442 702443
706455 706456
735862 735863
736470 736471
736648 736649
736775 736776
736784 736785
736799 736800
736851 736852
736876 736877
738181 738182
739134 739135
747143 747144
749348 749349
755663 755664
756009 756010
757736 757737
757747 757748
758633 758634
758642 758643
758799 758800
758804 758805
759567 759568
759648 759649
759652 759653
759722 759723
760062 760063
761112 761113
783672 783674
783768 783769
783796 783797
784036 784037
790330 790331
791403 791404
792524 792526
792527 792528
793380 793381
924384 924385
977179 977180
977303 977304
977352 977353
977425 977426
977471 977472
