0 1
1063 1064
1309 1310
45971 45972
70611 70612
71418 71419
71556 71557
72069 72070
72075 72076
74000 74001
76100 76101
113679 113680
114706 114707
114905 114906
114944 114945
114967 114968
114999 115000
115054 115055
115056 115057
115296 115297
115366 115367
116044 116045
116142 116143
116616 116617
116636 116637
118360 118361
119544 119545
119574 119575
119587 119588
121297 121298
122080 122082
123764 123765
123849 123851
124371 124372
124929 124930
124959 124960
124967 124968
125209 125210
131010 131011
150274 150275
150635 150636
150637 150638
151218 151219
151640 151641
151694 151695
151706 151707
163561 163562
163995 163996
166567 166568
166961 166962
167074 167075
167720 167721
167890 167891
187336 187337
191476 191477
191645 191646
192299 192300
192310 192311
192870 192872
224587 224588
224621 224622
238061 238062
238145 238146
238281 238282
239148 239149
239283 239284
240088 240089
241977 241978
242486 242487
242620 242621
242651 242652
242850 242851
242870 242872
242875 242876
243157 243158
245809 245810
245819 245821
245872 245873
403073 403074
404092 404093
405081 405082
406073 406074
406242 406243
440868 440871
441066 441067
447554 447555
447605 447606
447853 447854
448007 448008
448837 448838
449638 449639
449640 449641
459751 459752
460491 460492
460507 460508
461250 461251
461263 461264
476212 476213
476215 476216
511435 511436
511484 511485
512168 512169
515510 515511
515973 515974
516795 516796
519228 519229
560196 560197
560294 560295
560481 560482
560571 560572
560694 560695
561474 561475
564186 564187
564993 564995
565194 565195
566288 566289
567117 567118
599449 599450
600392 600393
610171 610172
624663 624664
626454 626455
648026 648027
648198 648199
648228 648229
648247 648248
648364 648365
