0 1
380 381
6597 6598
6952 6953
6973 6974
7032 7033
7427 7429
7450 7451
7452 7453
7522 7523
7696 7697
9306 9307
10749 10750
10781 10782
11056 11057
20759 20760
20853 20855
25616 25617
275836 275837
276372 276373
276693 276694
276929 276930
277917 277918
277983 277984
278217 278218
278357 278358
278620 278621
278700 278701
278785 278786
473800 473802
473811 473812
473815 473816
475664 475665
476754 476755
477014 477015
483574 483575
484030 484031
484109 484110
484304 484305
484399 484400
486836 486837
489415 489416
489418 489419
489530 489531
489587 489588
493546 493547
496429 496430
496453 496454
496481 496482
496496 496497
502197 502198
502299 502300
502326 502327
502598 502599
502650 502651
502654 502656
502766 502767
503279 503280
512982 512983
515618 515619
518152 518153
546710 546711
