0 1
13 14
1526 1527
1652 1653
62004 62005
62010 62011
63642 63643
63754 63755
63767 63768
67847 67848
69715 69716
83479 83481
83496 83497
83577 83578
83610 83611
83825 83826
83887 83888
83905 83906
84118 84119
97101 97102
105846 105847
106101 106102
106103 106104
106122 106123
119760 119761
119802 119803
120348 120349
123856 123857
124085 124086
127407 127410
129777 129778
478958 478959
479111 479112
479114 479115
479493 479494
479729 479730
480575 480576
481016 481017
481037 481038
502935 502936
515925 515926
524903 524904
525818 525819
545147 545148
545234 545235
557090 557091
560922 560923
561942 561943
561950 561951
566782 566783
566787 566788
567728 567729
569061 569062
569084 569085
569251 569252
569431 569432
569459 569460
608768 608769
608843 608844
610388 610389
611395 611396
612397 612398
617475 617476
621818 621819
621845 621846
621961 621962
622004 622005
624731 624732
624783 624784
624948 624949
625388 625389
625593 625594
626132 626133
628720 628721
631005 631006
631111 631112
631134 631135
631158 631159
631545 631546
631554 631555
631686 631687
633363 633364
633485 633486
635957 635958
635979 635980
636054 636055
638643 638644
638931 638932
639248 639249
639463 639464
639507 639508
639578 639579
641423 641424
641467 641468
641489 641490
641546 641547
644153 644154
644471 644472
645236 645237
645267 645268
649490 649491
651812 651813
651837 651838
654294 654295
654297 654298
657391 657392
657402 657403
657466 657467
657599 657600
659118 659119
661100 661101
662513 662514
662517 662518
663329 663330
663484 663485
942506 942507
942768 942769
948535 948536
948684 948685
948747 948748
950950 950951
950967 950968
953854 953855
953936 953937
954455 954456
954490 954491
