0 1
91 92
104 105
136 137
3115 3116
17657 17658
41575 41576
44562 44563
104058 104059
104079 104080
104093 104094
104522 104523
104776 104777
104891 104892
108244 108245
109899 109900
111596 111597
136075 136076
139889 139890
142937 142938
144190 144191
159074 159075
159103 159104
159106 159107
159206 159207
159223 159224
176834 176837
179812 179813
181097 181098
181211 181212
181931 181932
181936 181937
182081 182082
182922 182923
183550 183551
183777 183778
184853 184854
218122 218123
218286 218287
218869 218870
218916 218917
218955 218956
219347 219348
219352 219353
219401 219402
219702 219703
222428 222429
222495 222496
222499 222500
222591 222592
225602 225603
225641 225642
230486 230487
230854 230855
231679 231680
231687 231688
231700 231701
231773 231774
231775 231776
231783 231784
231785 231786
250951 250952
252399 252400
254428 254429
