0 1
16 17
2092 2093
56387 56388
154378 154379
154391 154392
154575 154576
157876 157877
163729 163730
163854 163855
222204 222205
229825 229826
246040 246041
246045 246046
246527 246528
246710 246711
629117 629118
629475 629476
629603 629604
629829 629830
639146 639147
639676 639677
639798 639799
640192 640193
640438 640439
640461 640462
640478 640479
641480 641481
644376 644377
644405 644406
644699 644700
647509 647510
648170 648171
666614 666615
670037 670038
670050 670051
670055 670056
670156 670157
670588 670589
671507 671508
805008 805009
805010 805011
807285 807286
807547 807548
809541 809542
810228 810229
811194 811195
811290 811292
813585 813586
813591 813592
813596 813597
813681 813682
813693 813694
813924 813925
817398 817399
817558 817559
817654 817655
818031 818032
818080 818081
818677 818678
820900 820901
