0 1
41 42
1855 1856
2042 2043
37101 37102
37480 37481
39769 39770
46090 46091
46118 46119
108715 108716
108732 108733
108734 108735
108939 108940
110150 110151
121655 121656
157308 157309
158913 158914
158936 158937
160935 160936
199537 199538
199810 199811
199985 199986
474458 474459
474971 474972
475021 475022
475330 475331
475601 475602
475727 475728
475951 475952
476036 476038
476065 476066
493072 493073
493208 493209
499082 499083
499095 499096
499206 499207
500176 500177
500194 500195
500207 500208
500257 500258
502085 502086
507892 507893
519240 519241
520174 520175
535183 535184
552377 552378
552501 552502
725006 725007
725202 725203
725361 725362
725434 725435
727147 727148
727152 727153
731722 731723
731822 731823
731925 731926
732226 732227
732311 732312
732417 732418
733230 733231
733232 733233
733235 733236
735488 735489
735523 735524
736356 736357
737350 737351
737364 737365
737414 737415
737696 737697
737698 737700
737705 737706
737979 737980
738345 738346
738924 738925
738942 738943
739296 739297
739416 739417
740828 740829
742529 742530
742599 742600
742782 742783
743183 743184
786513 786514
789892 789893
790334 790335
790423 790424
790578 790579
790948 790949
791943 791944
793090 793091
793129 793130
793223 793224
801498 801499
801515 801516
801659 801660
801942 801943
825339 825340
826199 826200
827044 827045
827048 827049
835765 835766
849120 849121
851295 851296
851308 851309
943267 943268
949154 949155
949156 949157
966235 966236
966290 966291
966713 966714
966719 966720
975874 975875
999819 999820
