0 1
3 4
6150 6151
22300 22301
22321 22322
22635 22636
23165 23166
23182 23183
25481 25482
27447 27448
27458 27459
29417 29418
197055 197056
197066 197067
197503 197504
197505 197506
197542 197543
209073 209074
209623 209624
258734 258735
258999 259000
259847 259848
259850 259851
261227 261228
261353 261354
264060 264061
264656 264657
469971 469972
470038 470039
490406 490407
490542 490543
491117 491118
491125 491126
500725 500726
500858 500859
518258 518259
518411 518412
518583 518584
519481 519482
519497 519498
520133 520134
520212 520213
520598 520599
523707 523708
524509 524510
524657 524658
525277 525278
529021 529022
529023 529024
530203 530204
530820 530821
533839 533840
535817 535819
535847 535848
536313 536314
545456 545457
557139 557140
557506 557508
565100 565101
565139 565140
565357 565358
565360 565361
567446 567447
567761 567762
589963 589964
590354 590355
590458 590459
591683 591684
591718 591719
592081 592082
596353 596354
596379 596380
596476 596477
596526 596527
596538 596539
597011 597012
600493 600494
600512 600513
600553 600554
602185 602186
602220 602221
605541 605542
606146 606147
606923 606924
606925 606926
616410 616411
616412 616413
616775 616776
616825 616826
618513 618514
618535 618536
618639 618640
620978 620979
621365 621366
