0 1
633 634
673 674
766 767
781 782
785 786
910 911
31773 31774
85102 85103
85130 85131
94033 94034
113791 113792
130293 130294
130313 130314
130366 130367
133498 133499
133544 133545
138079 138080
138124 138125
145967 145968
146118 146119
146838 146839
147057 147058
243173 243174
248054 248055
248525 248526
248537 248538
248877 248878
248886 248887
256622 256623
256741 256742
256780 256781
257144 257145
257214 257215
257300 257301
282078 282079
282135 282136
283893 283894
284491 284492
285713 285714
285727 285728
288252 288253
288271 288272
288728 288729
288742 288743
288858 288859
288894 288895
288995 288996
308002 308003
309022 309023
309026 309027
312993 312994
313771 313772
313777 313778
313780 313781
313949 313950
362065 362066
362464 362465
362484 362485
365248 365249
365994 365995
365997 365998
366636 366637
366948 366949
367081 367082
372175 372176
372689 372690
394156 394157
394176 394177
394234 394235
394341 394342
511361 511362
513660 513661
513662 513663
513668 513669
515883 515884
517486 517487
517933 517934
518550 518551
519620 519621
522568 522569
522602 522603
525220 525221
526795 526796
526802 526803
531561 531562
532181 532182
534073 534074
539871 539872
539873 539874
539915 539916
540033 540034
540043 540044
540066 540067
540269 540270
540694 540695
589584 589585
595419 595420
595506 595507
599112 599113
599201 599202
599839 599840
599860 599861
600119 600120
600138 600139
600535 600536
600560 600561
600617 600618
607931 607932
608210 608211
608249 608250
608381 608382
608616 608617
608684 608685
611958 611959
613193 613194
613479 613480
613581 613582
615712 615713
615788 615789
