0 1
177 178
366 367
391957 391958
392020 392021
392038 392039
392044 392045
392349 392350
392374 392375
392783 392784
392786 392787
541268 541269
543510 543511
543536 543537
543572 543573
543840 543841
544431 544432
544881 544882
544890 544891
544905 544906
549593 549594
549600 549601
550004 550005
550112 550113
550246 550247
550580 550581
550698 550699
572365 572366
572434 572435
601794 601795
602325 602326
602339 602340
602964 602965
625014 625015
625031 625032
629402 629403
629657 629658
630992 630993
631000 631001
631074 631075
690650 690651
690654 690655
696954 696955
702092 702093
702400 702401
702424 702425
702840 702842
703206 703207
703884 703885
704941 704942
707014 707015
707169 707170
708804 708805
708810 708811
708909 708910
708927 708928
709721 709722
710392 710393
710506 710507
710538 710539
737509 737510
738883 738884
