0 1
626 627
632 633
2200 2201
2602 2603
2633 2634
3268 3269
3698 3699
3897 3898
3901 3902
3947 3948
4095 4096
7096 7097
9074 9075
9082 9083
35854 35855
35917 35918
37092 37093
37341 37342
37484 37485
37860 37861
37901 37902
38331 38332
38834 38835
38947 38948
38957 38958
39076 39077
39130 39131
39146 39147
217019 217020
217669 217670
225589 225590
225592 225593
243720 243721
244422 244423
244424 244425
244721 244722
245183 245184
245220 245221
245517 245518
245682 245683
245709 245710
245878 245879
245884 245885
245886 245887
245906 245907
246216 246217
246242 246243
246295 246296
246385 246386
249360 249361
250769 250770
251682 251683
252025 252026
252200 252201
252361 252362
252655 252656
254345 254346
254785 254786
260362 260363
580859 580860
582897 582898
584661 584662
584669 584670
608525 608526
608529 608530
610961 610962
610964 610965
611932 611933
611937 611938
611993 611994
612215 612216
623315 623316
630169 630170
631510 631511
631554 631555
631679 631680
632685 632686
632721 632722
632772 632773
632866 632867
638987 638988
639068 639069
639147 639148
639941 639942
640208 640209
640702 640703
640835 640836
641106 641107
642266 642267
642379 642380
642477 642478
642479 642480
642482 642483
642634 642635
642684 642685
642838 642839
642847 642849
642883 642884
643183 643184
761085 761086
761418 761419
761565 761566
763902 763903
763936 763937
764039 764040
785618 785620
785639 785640
785665 785666
790472 790473
790491 790492
790509 790510
790570 790571
903297 903298
903355 903356
903998 903999
904901 904902
906030 906031
906078 906079
906307 906308
906332 906333
907536 907537
921243 921244
921290 921291
921341 921342
921398 921399
921415 921416
922529 922531
922563 922564
922569 922570
922706 922707
930255 930256
930336 930337
