0 1
389 390
7057 7058
7080 7081
9537 9538
9619 9620
12698 12699
12781 12782
13710 13711
14611 14612
15131 15132
15482 15484
15596 15597
43398 43399
43488 43489
356586 356587
356633 356634
366053 366054
366436 366437
369036 369037
369498 369499
369508 369509
369543 369544
370904 370905
371414 371415
372052 372053
373137 373138
374065 374066
379648 379649
384584 384585
384697 384698
387809 387810
387813 387814
387827 387828
387831 387832
394690 394691
395012 395013
395071 395072
395084 395085
395197 395198
395400 395401
395432 395433
396730 396731
396758 396759
397007 397008
397024 397025
431318 431321
431404 431405
432041 432042
434752 434753
435568 435569
435587 435589
435800 435801
439570 439571
439634 439635
440124 440125
440177 440178
440785 440786
443749 443750
445828 445829
445832 445833
445962 445963
446271 446272
446285 446286
446697 446698
454038 454039
457417 457418
457420 457421
457426 457427
457877 457878
458067 458068
458076 458077
458326 458327
463364 463365
463400 463401
463411 463412
463423 463424
463871 463872
464105 464106
464762 464763
467400 467401
467630 467632
467709 467710
467807 467808
468424 468425
472578 472579
472901 472902
486924 486925
487974 487975
505343 505344
505434 505435
505636 505637
505691 505692
552291 552292
552377 552378
552383 552384
554807 554808
554817 554819
554827 554828
554852 554853
566221 566222
566896 566897
567049 567050
567090 567091
567093 567094
567712 567713
567722 567723
567725 567726
567738 567739
568408 568409
