0 2
5618 5619
5665 5666
5709 5710
7348 7349
644958 644959
645216 645217
648007 648008
665030 665031
665375 665376
665499 665500
665570 665571
676992 676993
678122 678123
678228 678229
678263 678264
678445 678446
680540 680541
681225 681226
681303 681304
681843 681844
681859 681860
681881 681882
681897 681898
714028 714029
722322 722323
722497 722498
722571 722572
722616 722617
722888 722889
723105 723106
723629 723630
723656 723657
723699 723700
777435 777436
777469 777470
777541 777542
814322 814323
814983 814984
815608 815609
869408 869409
871762 871763
914216 914217
946875 946876
946879 946880
959859 959860
960140 960141
960523 960524
960900 960901
961085 961086
961656 961657
962166 962167
962475 962476
962515 962516
962577 962578
962595 962596
964907 964908
965573 965574
965638 965639
965651 965652
967912 967913
968016 968017
968258 968259
968318 968319
968334 968335
968337 968338
968427 968428
969699 969700
970604 970605
971142 971143
971356 971357
977033 977034
977183 977184
987910 987911
