0 1
42 43
107 108
243 245
901 902
7105 7106
7134 7135
7185 7186
7315 7316
10220 10221
10553 10554
10577 10578
10692 10693
11942 11943
12242 12243
12431 12432
13084 13085
13087 13088
13095 13096
13146 13147
13377 13378
15464 15465
21082 21083
22855 22856
22895 22896
22953 22954
23003 23004
28336 28337
28373 28374
28457 28458
38058 38059
38070 38071
39370 39371
39391 39392
42374 42376
42417 42418
42677 42678
43828 43829
43877 43878
43923 43924
44145 44146
44182 44183
75862 75863
76385 76386
78139 78140
78293 78294
81223 81224
83533 83534
83573 83574
84017 84018
84185 84186
84187 84188
85979 85980
85983 85984
88363 88364
88365 88366
88457 88458
