0 1
9 10
80 81
107 108
260 261
278 279
386 387
3148 3149
834005 834006
838699 838700
839080 839081
839090 839091
839153 839154
839255 839256
839353 839354
873008 873009
873034 873035
873561 873562
873789 873790
879217 879218
879268 879269
879286 879287
881996 881997
883643 883644
886081 886082
886167 886168
886345 886346
886359 886360
886394 886395
886416 886417
886435 886436
886441 886442
887953 887954
888796 888797
912785 912786
913090 913091
913113 913114
913545 913546
913575 913576
914353 914354
914392 914393
914919 914920
914929 914930
915118 915119
915372 915373
942064 942065
942211 942212
942653 942654
942813 942814
946453 946454
946775 946776
949534 949535
949538 949539
949601 949602
951966 951967
952843 952844
953626 953627
956247 956248
956868 956869
