0 1
266 267
289 290
1675 1676
1679 1680
1887 1888
1985 1986
2012 2013
4931 4932
5336 5337
10961 10962
11128 11129
11138 11139
11875 11876
12203 12204
13403 13404
96351 96352
96375 96376
96569 96570
96625 96626
96661 96662
99663 99664
99666 99667
101101 101102
101109 101110
101518 101519
102222 102223
102622 102623
102783 102784
103301 103302
103309 103310
108288 108289
108314 108315
108320 108321
108421 108422
109488 109489
109884 109885
131261 131262
131380 131381
131598 131599
131607 131608
131735 131736
132918 132919
135217 135218
135249 135250
139450 139451
140971 140972
141131 141132
141222 141223
141957 141958
141962 141963
142594 142595
142878 142880
143333 143334
143354 143355
215066 215067
215077 215078
249669 249670
249674 249675
300093 300094
307008 307009
307062 307063
307147 307148
307238 307239
318690 318691
319063 319064
319068 319069
320098 320099
320131 320132
320143 320144
320182 320184
320982 320983
320993 320994
320997 320998
321596 321597
321618 321619
322248 322249
323852 323853
323949 323950
384447 384448
393221 393222
393244 393245
393926 393927
395413 395414
405238 405239
405302 405303
405351 405352
405375 405376
405493 405494
405549 405550
405585 405586
405639 405640
406122 406123
410389 410390
410435 410436
411942 411943
412008 412009
412043 412044
412050 412051
413569 413570
414053 414054
424552 424553
426274 426275
426317 426318
426360 426361
869902 869903
870177 870178
870757 870758
871195 871196
