0 1
6 7
1538 1539
13700 13701
14131 14132
16286 16287
16288 16289
16294 16295
16811 16812
17480 17481
17561 17562
18043 18044
18087 18088
18094 18095
18457 18458
18668 18669
18833 18834
18856 18857
19666 19667
19722 19723
20764 20765
20770 20771
21538 21539
32418 32419
34488 34489
36194 36195
36232 36233
450073 450074
451464 451465
452605 452606
454279 454280
454814 454815
459941 459942
459944 459945
510485 510486
510516 510517
510920 510921
511034 511035
511684 511685
511811 511812
513323 513324
513349 513350
514170 514171
514417 514418
514456 514457
514460 514461
514474 514475
515626 515627
517851 517852
542779 542780
542788 542789
543610 543611
550691 550692
550991 550992
551007 551008
575323 575324
575871 575872
580525 580526
583432 583433
583450 583451
583728 583729
651850 651851
953532 953533
954922 954923
955664 955665
986852 986853
987264 987265
987267 987268
987330 987331
987338 987339
987488 987489
987549 987550
988127 988128
988131 988132
