0 1
272 273
1733 1734
7961 7962
8059 8060
8170 8171
44536 44537
45721 45723
48068 48069
48392 48393
48401 48402
48419 48420
55314 55315
55899 55900
56641 56642
56644 56645
56733 56734
56745 56746
56846 56847
56849 56850
56855 56856
57074 57075
57099 57100
57679 57680
57689 57690
58694 58695
62857 62858
63154 63155
63240 63241
63311 63312
63375 63376
63388 63389
64218 64219
78233 78234
78298 78299
78351 78352
78376 78377
79669 79670
79738 79739
79786 79787
93983 93984
95540 95541
99301 99302
102181 102182
112955 112956
113092 113093
113383 113384
113409 113410
113863 113864
114023 114024
114486 114487
114501 114502
114513 114514
117208 117209
117226 117227
117267 117268
117448 117449
117619 117620
117886 117887
118132 118133
118222 118223
118328 118329
128421 128423
128976 128977
129037 129038
129077 129078
129256 129258
129262 129263
129413 129414
133410 133411
138634 138635
138642 138643
138759 138760
139302 139303
139586 139587
139702 139703
139713 139714
139870 139871
144154 144155
144443 144444
145359 145360
145397 145398
145688 145689
145724 145725
146102 146103
146432 146433
149749 149750
149755 149756
149952 149953
151158 151159
151255 151256
151454 151455
154054 154055
154094 154095
154199 154200
159685 159686
159700 159701
160396 160397
160427 160428
161170 161172
161512 161513
161609 161610
166359 166360
166412 166413
167794 167795
167872 167873
167912 167913
168932 168933
169409 169410
180119 180120
180155 180156
180160 180161
183231 183232
183269 183270
183307 183308
183717 183718
184667 184668
189846 189847
189850 189851
190060 190061
190065 190066
190155 190156
192916 192917
192959 192960
193762 193763
