0 1
108 109
860 861
899 900
1927 1928
1934 1935
2666 2667
3691 3692
5540 5541
6678 6679
6685 6686
12092 12093
12118 12119
12224 12225
13116 13117
13676 13677
13834 13835
13923 13924
13928 13929
14969 14970
15691 15692
15981 15982
18730 18731
21452 21453
25440 25441
25501 25502
25956 25957
27694 27695
27714 27715
27727 27728
73275 73276
73704 73705
75175 75176
75528 75530
75563 75564
122145 122146
122153 122154
122157 122158
135634 135635
135840 135841
135941 135942
136555 136556
144264 144265
144440 144441
144647 144648
145466 145467
147894 147895
147980 147981
148893 148894
158632 158633
160300 160301
160332 160333
160511 160512
160933 160935
161374 161375
161405 161406
161492 161493
161558 161559
176581 176582
176630 176631
177060 177061
177144 177145
177193 177194
177206 177208
177209 177210
177220 177221
183280 183281
183350 183351
184969 184970
185160 185161
185367 185368
185426 185427
185488 185490
185497 185498
185514 185515
193051 193052
193370 193371
197100 197101
197261 197262
202834 202835
203337 203338
209610 209611
209751 209752
210499 210500
211058 211059
211077 211078
235634 235635
307344 307345
