0 1
1513 1514
2059 2060
2633 2634
3559 3560
3575 3576
3727 3728
4579 4580
10339 10340
36460 36461
36965 36966
37656 37657
39138 39139
39328 39329
39532 39533
40013 40014
44694 44695
44698 44699
44727 44728
45678 45679
45689 45690
45906 45907
83950 83951
84124 84125
84189 84190
84230 84231
84505 84506
104968 104969
105827 105828
109084 109085
109088 109090
111348 111349
116787 116789
116987 116988
174713 174714
178858 178859
178874 178875
179060 179061
196331 196332
196753 196754
420534 420535
420626 420627
421386 421387
421391 421392
421462 421463
434678 434679
434681 434682
441835 441836
445918 445919
446959 446960
463131 463132
464327 464328
464993 464994
465316 465317
467770 467771
469502 469504
469526 469527
469703 469704
469742 469743
472122 472123
472550 472551
472567 472568
472732 472733
472780 472781
472788 472789
472869 472870
472965 472966
482726 482727
498433 498434
498724 498725
502573 502574
508902 508903
520715 520716
532502 532503
532778 532779
533450 533451
533586 533587
534140 534141
536563 536564
536820 536822
537482 537483
537496 537497
537502 537503
537540 537541
537549 537550
538972 538973
539108 539109
541210 541211
541259 541260
541764 541765
541778 541779
743774 743775
745491 745492
745520 745521
745537 745538
745591 745592
748898 748899
757254 757255
757289 757290
757399 757400
757611 757612
760108 760109
769422 769423
770123 770124
770206 770207
770208 770209
771334 771335
771396 771397
773497 773498
773677 773678
773709 773710
799237 799238
800158 800159
801307 801308
801680 801681
803218 803219
803237 803238
926057 926058
926243 926244
926246 926247
