0 1
920 921
1016 1017
1853 1854
18516 18517
21545 21546
21550 21552
21560 21561
22215 22216
22218 22219
46519 46520
48108 48109
297084 297085
297693 297694
299819 299820
299832 299833
305730 305731
305738 305739
305844 305845
305862 305863
681917 681919
681929 681930
682731 682732
683364 683365
683391 683392
683453 683454
687697 687698
693688 693689
693705 693706
693867 693868
711977 711978
714819 714820
714838 714840
832817 832818
832824 832825
832833 832834
834672 834673
836726 836727
845752 845753
845896 845897
885033 885034
885038 885039
895788 895789
899658 899659
899798 899799
901212 901213
901266 901267
995798 995799
996401 996402
996527 996528
996642 996643
996880 996881
996884 996885
