0 1
1136 1137
1138 1139
1141 1142
2054 2055
2240 2241
5863 5864
5895 5896
5924 5925
5935 5936
6516 6517
6806 6808
6820 6821
9486 9487
9814 9815
29638 29639
29961 29962
30306 30307
30318 30319
33693 33694
33718 33719
92091 92092
92420 92421
92585 92586
92701 92702
93207 93208
93900 93901
96272 96273
99180 99181
100786 100787
101382 101383
102047 102048
102136 102137
117747 117748
117823 117824
117825 117826
117835 117836
118550 118551
118580 118581
133184 133185
133358 133359
133470 133471
133512 133513
133628 133629
133631 133632
133986 133987
136413 136414
293712 293713
293717 293719
294181 294182
294748 294749
294752 294753
