0 1
20 21
27 28
121 122
138 139
146 147
182 183
302 303
419 420
459 460
5386 5387
5412 5413
5414 5415
5492 5493
6099 6100
7530 7531
7539 7540
7552 7553
7618 7619
7626 7627
7638 7639
25408 25409
25410 25411
25589 25590
25670 25671
25922 25923
25934 25935
26155 26156
26313 26314
27721 27722
64230 64231
68687 68688
69397 69398
69404 69405
71322 71323
71496 71497
71501 71502
71521 71522
73190 73191
75134 75135
75308 75309
75383 75384
78439 78440
78517 78518
78683 78684
108738 108739
108893 108894
108896 108897
108929 108930
129641 129642
129700 129701
129756 129757
130466 130467
130779 130780
130955 130957
131414 131415
131793 131794
131801 131802
155276 155277
155355 155356
161879 161880
162200 162201
163469 163470
163820 163821
291241 291242
946597 946598
947512 947513
948120 948121
948136 948137
948138 948139
948140 948141
948790 948791
948911 948912
958996 958997
960088 960089
960389 960390
960469 960470
960654 960655
961401 961402
962949 962950
963027 963028
963123 963124
963719 963720
963757 963758
964086 964087
964112 964114
964170 964171
