0 1
20 21
112 113
11152 11153
12487 12488
268862 268863
269155 269156
269192 269193
269438 269439
269494 269495
269504 269505
269841 269842
270320 270321
270391 270392
275088 275089
275125 275126
275663 275664
275844 275845
296698 296699
297085 297086
297212 297213
302474 302475
302514 302515
302823 302824
302857 302858
302903 302904
302965 302966
447985 447986
448412 448413
448437 448438
448439 448440
449974 449975
450062 450063
450497 450498
450731 450732
450794 450795
451403 451404
451419 451420
451500 451501
456453 456454
457383 457384
457400 457401
526628 526629
529178 529179
529202 529203
529444 529445
529534 529536
529541 529542
529546 529547
530743 530744
530782 530783
530949 530950
530993 530994
535914 535915
540877 540878
547388 547389
547492 547493
547671 547672
580665 580666
580831 580832
581419 581420
581425 581426
581520 581521
582026 582027
