0 1
284 285
588 589
672 673
1111 1112
1380 1381
4738 4739
4747 4748
4843 4844
5503 5504
5702 5703
22441 22442
33187 33188
34514 34515
34818 34819
35234 35235
35241 35242
37750 37751
37791 37792
39936 39937
48519 48520
48684 48685
52880 52881
52891 52892
53349 53350
53503 53504
54484 54485
54613 54614
54921 54922
55064 55066
55385 55386
62463 62464
93185 93186
93292 93293
93346 93347
93381 93382
93421 93422
93531 93532
93848 93849
94146 94147
94603 94604
95784 95785
95787 95788
99150 99151
99813 99814
99855 99856
100049 100050
109077 109078
109990 109991
113374 113375
117485 117486
407250 407251
409882 409883
409951 409952
908984 908985
909282 909283
911873 911874
912678 912679
912784 912785
912826 912827
922385 922386
930505 930506
932794 932795
938779 938780
938800 938801
942639 942640
