0 1
30 31
1602 1603
1606 1607
6701 6702
7253 7254
10829 10830
10857 10858
10863 10864
13846 13847
15207 15208
15209 15210
15235 15236
18091 18092
18952 18953
18960 18961
19783 19784
51152 51153
51741 51742
52508 52509
53312 53313
53820 53821
54204 54205
54290 54291
54309 54310
57225 57226
57241 57242
65090 65091
65531 65532
65780 65781
65938 65939
66392 66393
81116 81117
81144 81145
81633 81635
82085 82086
82586 82587
82706 82707
83148 83149
83182 83183
83292 83293
83736 83737
83794 83795
84591 84592
85392 85393
561035 561036
838007 838008
838705 838706
838970 838971
839015 839016
839099 839100
998079 998080
998397 998398
998800 998801
998948 998949
