0 1
20854 20855
32186 32187
32556 32557
32608 32609
32643 32644
33392 33393
33402 33403
34123 34124
37913 37914
37916 37917
37971 37972
38486 38487
38509 38510
40716 40717
42096 42097
42103 42104
42108 42109
42148 42149
42451 42452
77205 77206
78773 78774
79169 79170
79227 79228
81355 81357
92002 92003
99439 99440
102064 102065
102129 102130
102521 102522
102648 102649
103402 103403
103443 103444
103454 103455
103463 103464
111605 111606
111628 111629
112440 112441
112504 112505
117311 117312
117484 117485
133257 133258
133303 133304
133628 133629
133630 133631
136220 136221
137172 137173
149093 149094
149142 149143
154847 154848
154850 154851
154966 154967
155040 155042
