0 1
15 16
794 795
988 989
2014 2015
2153 2154
32414 32415
32445 32446
32500 32501
32790 32792
33132 33133
36393 36394
36615 36616
36622 36623
36657 36658
36758 36759
88414 88415
88983 88984
89021 89022
89239 89240
89337 89338
89401 89402
89432 89433
89544 89546
89799 89800
90591 90592
90956 90957
90995 90996
91003 91004
92044 92045
97033 97034
98208 98209
98939 98940
98952 98953
102851 102852
120730 120731
120736 120737
120884 120885
120901 120902
144945 144946
144999 145000
145024 145025
734058 734059
736275 736276
736393 736394
736407 736408
736609 736610
738123 738124
738199 738200
738718 738719
738720 738721
740863 740864
740919 740920
753810 753811
753943 753944
754072 754073
754105 754106
754433 754434
754485 754486
754599 754600
789738 789739
789741 789742
835395 835396
835504 835505
835562 835563
835702 835703
837238 837239
837947 837948
843551 843552
844143 844144
844148 844149
844157 844158
844555 844556
