0 1
288 289
397 398
1296 1297
1335 1336
1965 1966
1990 1991
2053 2054
3109 3111
23862 23863
23870 23871
25150 25151
29116 29117
29241 29242
30047 30048
32167 32168
32328 32329
32567 32568
32583 32584
32636 32637
32639 32640
32643 32644
33098 33099
34389 34390
35327 35328
35712 35713
64351 64352
64353 64354
64616 64617
65204 65205
65257 65258
65924 65925
66286 66287
66477 66478
120235 120236
705579 705580
706046 706047
708012 708013
708016 708017
708249 708250
708530 708531
708532 708533
709068 709069
713723 713724
713726 713727
722427 722428
