0 1
35653 35654
36547 36548
52440 52441
52477 52478
364716 364717
364781 364782
364823 364824
364846 364847
364876 364877
364906 364907
365051 365052
365054 365055
365056 365057
365697 365698
366224 366225
366250 366251
367714 367715
376246 376247
376252 376253
376942 376943
376963 376964
377139 377140
381276 381277
384088 384089
384166 384167
384381 384382
384465 384466
384529 384530
384531 384532
386171 386172
386414 386415
387462 387463
428847 428848
429016 429017
429023 429024
429030 429031
628959 628960
628968 628969
632000 632001
632084 632085
632150 632151
632733 632734
635280 635281
636374 636375
646895 646896
647028 647029
647053 647054
647212 647213
774493 774494
774667 774668
981358 981359
981371 981372
981542 981543
