0 1
15 16
1603 1604
25697 25698
25876 25877
25883 25884
77398 77399
78131 78132
80814 80815
80832 80833
81520 81521
81541 81542
81952 81953
81982 81983
82020 82021
83472 83473
83543 83544
85641 85642
89111 89112
89409 89410
89900 89901
91453 91455
91457 91458
91589 91590
91607 91608
91645 91646
91666 91667
92072 92073
92710 92711
92714 92715
92953 92954
93131 93132
93394 93395
93723 93724
96680 96681
96686 96687
96910 96911
97014 97015
97022 97023
97245 97246
97421 97422
97433 97434
107624 107625
107641 107642
108061 108062
108126 108127
113190 113191
279147 279148
279968 279969
281189 281190
281904 281905
282228 282229
282242 282243
289224 289225
290055 290056
293659 293660
301314 301315
301571 301572
301797 301798
301975 301977
305517 305518
319025 319026
358628 358629
358692 358693
358705 358706
359556 359557
359780 359781
359817 359818
359823 359824
359895 359896
360370 360371
370984 370985
373296 373297
373417 373418
375277 375278
383859 383860
384150 384151
384161 384163
384187 384188
384235 384236
385112 385114
402008 402009
