0 1
13532 13533
13564 13565
13674 13675
14113 14114
14893 14894
14901 14902
15018 15019
15299 15300
15391 15392
15437 15438
16246 16247
18043 18044
18073 18074
18120 18121
18214 18215
18235 18236
18377 18378
18607 18608
23950 23951
24146 24147
24422 24423
26473 26474
26538 26539
27254 27255
27323 27324
27640 27641
28138 28139
31721 31722
31723 31725
32538 32539
32702 32703
32853 32854
32931 32932
33803 33804
33986 33987
34751 34752
34772 34773
34833 34834
34858 34859
35423 35424
93209 93210
94096 94097
98505 98506
98580 98581
98858 98859
105348 105349
105854 105855
105894 105895
106636 106637
106704 106705
106727 106728
107175 107176
109926 109927
123365 123366
123744 123745
123914 123915
124558 124559
125216 125217
125284 125285
127616 127617
128145 128146
130650 130651
132477 132478
132571 132572
133198 133199
133232 133233
180105 180106
180247 180248
202511 202512
202513 202514
203707 203708
203712 203713
207824 207826
307255 307256
307336 307337
307476 307477
307659 307660
307704 307705
307795 307796
789276 789277
789672 789673
790221 790222
791849 791850
793060 793061
793071 793072
796032 796035
802050 802051
817525 817526
817576 817577
817590 817591
826181 826182
826266 826267
842756 842758
842892 842893
842949 842950
842959 842960
843109 843110
843181 843182
843186 843187
843378 843379
848663 848664
848665 848666
848748 848749
848850 848851
849059 849060
850630 850631
852609 852610
867281 867282
867407 867408
869439 869440
869882 869883
869885 869886
870054 870056
870090 870091
870733 870734
872243 872244
872248 872249
879969 879970
