0 1
188 189
44463 44464
44474 44475
44769 44770
44771 44772
47467 47468
47495 47496
47537 47538
53085 53086
58287 58288
58392 58393
58544 58545
77701 77702
77987 77988
77992 77993
78030 78031
103902 103903
104142 104143
107774 107775
115896 115897
115927 115928
115948 115949
115956 115957
116017 116018
118061 118062
121891 121892
121940 121941
122460 122461
122498 122499
123048 123049
126267 126270
126364 126365
128198 128199
129154 129155
129175 129176
129186 129187
130295 130296
130312 130313
137680 137681
156229 156230
156599 156600
156617 156618
156797 156798
157147 157148
157172 157173
157185 157186
157417 157418
165673 165674
165796 165797
165802 165803
165913 165914
166702 166703
166708 166709
166710 166711
166782 166783
168257 168258
173173 173174
173175 173176
173314 173315
173319 173320
173330 173331
173371 173372
189048 189049
203324 203325
203513 203514
203733 203734
208631 208632
208769 208770
223275 223276
223316 223317
223350 223351
223701 223702
223710 223711
223783 223784
