0 1
325 326
329 330
4046 4047
4099 4100
4103 4104
4135 4136
4386 4387
4437 4438
4442 4443
116022 116023
116340 116341
122374 122375
123209 123210
125996 125997
127151 127152
127588 127589
127606 127607
129540 129541
129834 129835
129857 129858
131470 131471
131892 131893
131902 131903
132418 132419
133652 133653
142481 142482
143445 143446
192038 192039
343582 343583
343590 343591
343621 343622
343634 343635
343671 343672
343784 343785
391118 391119
391122 391123
409614 409615
412128 412129
412139 412140
433777 433778
433783 433784
433790 433791
434388 434389
434717 434718
438051 438052
438576 438577
438671 438672
440583 440584
443531 443532
443550 443551
671459 671460
671531 671532
672135 672136
679631 679632
681302 681303
681345 681346
702353 702354
703346 703347
703759 703760
703816 703817
711716 711717
711742 711743
730918 730919
730931 730932
733233 733234
733450 733451
739335 739336
739354 739355
739386 739387
741262 741263
741397 741398
750480 750481
750550 750551
751701 751702
751858 751859
751866 751867
752021 752022
752330 752331
752415 752416
752528 752529
752830 752831
794471 794472
794853 794854
795046 795047
837956 837958
837960 837961
837966 837967
837992 837993
841641 841642
842346 842347
844439 844440
861764 861765
861932 861933
899916 899917
900529 900530
900806 900807
900809 900810
900995 900996
901063 901064
901067 901068
902266 902267
902704 902705
902739 902740
902824 902825
971574 971575
974004 974005
987634 987635
987716 987717
987853 987854
988969 988970
996274 996275
