0 1
74 76
928 929
937 938
8819 8820
52368 52369
53174 53175
53834 53835
53855 53856
53896 53897
91162 91163
91250 91251
93456 93457
95156 95157
95187 95188
95197 95198
95251 95252
128797 128798
138470 138471
138689 138690
140064 140065
145641 145642
145678 145679
146244 146245
146345 146346
148642 148643
148651 148652
148653 148654
149113 149114
149127 149128
150294 150295
151964 151965
669039 669040
669505 669506
671334 671335
671746 671747
671906 671907
743258 743259
743840 743841
744129 744130
777317 777318
778004 778005
778012 778013
778016 778017
778909 778910
815551 815552
815573 815574
817754 817755
817804 817805
818404 818405
818431 818432
818514 818515
819385 819386
819933 819934
830124 830125
830232 830233
834311 834312
834429 834430
834531 834532
836963 836964
837827 837828
841911 841912
843938 843939
850871 850872
852665 852666
852724 852725
852934 852935
853029 853030
853080 853081
854379 854380
888986 888987
889971 889972
894114 894115
902882 902883
903832 903833
935965 935966
936461 936462
936681 936682
938488 938489
938494 938495
938500 938501
938508 938509
939298 939299
940551 940552
940633 940634
