0 1
23 24
345 346
1168 1169
1910 1911
8991 8992
10290 10291
10856 10857
10879 10880
13756 13758
13923 13924
22186 22187
22382 22383
22498 22499
22544 22545
22810 22811
23420 23421
23463 23464
26580 26581
26616 26617
26663 26665
26873 26874
26950 26952
27332 27333
27378 27379
28329 28330
28550 28551
29955 29956
30065 30066
45719 45720
47130 47131
47165 47166
47194 47195
47978 47979
48823 48824
48829 48831
48905 48906
49007 49008
52866 52867
78280 78281
78499 78500
78540 78541
78543 78544
79685 79686
79860 79861
79869 79870
79980 79981
84598 84599
87270 87271
87850 87851
88698 88699
88759 88760
89205 89206
117848 117849
117997 117998
507040 507041
507458 507459
507767 507768
507825 507826
509678 509679
509753 509754
509801 509802
511260 511261
511290 511292
511344 511345
512145 512146
512147 512148
514382 514383
514513 514514
516963 516964
517001 517002
517024 517025
517038 517039
517053 517054
521839 521841
522212 522213
522217 522218
596182 596183
597655 597656
600248 600249
600255 600256
600257 600258
618621 618622
618791 618792
618948 618949
716014 716015
716094 716095
716370 716371
719798 719799
719827 719828
720518 720519
721191 721192
721436 721437
721900 721901
721956 721957
727249 727250
727800 727801
727851 727852
727859 727860
730552 730553
734952 734953
737049 737050
737056 737058
738056 738057
769562 769563
769602 769603
