0 1
6016 6017
6843 6844
7489 7490
7546 7547
7553 7554
9860 9861
10315 10316
78119 78121
78129 78130
78179 78180
78586 78587
79726 79727
80892 80893
80986 80987
82041 82042
82435 82436
82438 82439
82724 82725
82954 82956
83672 83673
83679 83680
84366 84367
297500 297501
299013 299014
299629 299631
300290 300291
301888 301889
301923 301924
302018 302019
302182 302183
302198 302199
302249 302250
302252 302253
302257 302258
302342 302343
302409 302410
302439 302440
302450 302451
302452 302453
303272 303273
303375 303376
303469 303470
868856 868857
869952 869953
873551 873552
873561 873562
