0 1
229 230
241 242
1275 1276
17438 17439
17803 17804
17847 17848
18255 18256
18537 18538
19448 19449
19505 19506
19546 19547
19635 19636
20444 20445
21644 21645
21965 21966
21990 21991
26892 26893
42722 42723
43579 43580
61197 61198
64066 64067
64109 64110
64403 64404
64408 64409
64417 64418
64850 64851
65014 65015
65038 65039
66436 66437
66496 66497
66499 66500
66671 66672
66674 66675
66896 66897
67190 67191
71480 71481
487012 487013
495541 495542
495800 495801
498830 498831
498843 498844
498916 498917
499209 499210
499212 499213
499494 499495
499506 499507
499535 499536
501010 501011
501191 501192
501207 501208
501215 501216
502085 502086
