0 1
24 25
647 648
719 720
737 738
771 772
843 844
9369 9370
9815 9816
9822 9823
12721 12722
13582 13583
13597 13598
14842 14843
14853 14854
15098 15099
19337 19338
19339 19340
19505 19506
19508 19509
20256 20257
20391 20392
21909 21910
22255 22256
22525 22526
22777 22778
22994 22995
24211 24212
24885 24886
24934 24935
24961 24962
25019 25020
25085 25086
26790 26791
26833 26834
26843 26844
27314 27315
27334 27335
29596 29598
29628 29629
29796 29797
29975 29976
30087 30088
150997 150998
157982 157983
159140 159141
160348 160349
161638 161639
163650 163651
165127 165128
172172 172173
172195 172196
172290 172291
172471 172472
172475 172476
172560 172561
174091 174092
174196 174198
174255 174257
178148 178149
178639 178640
187402 187403
187406 187407
194750 194751
200808 200809
200839 200840
242332 242333
242343 242344
242484 242485
245630 245631
245640 245641
248554 248555
248756 248757
248770 248771
269436 269437
278850 278851
279902 279903
279946 279947
280045 280046
280728 280729
281642 281643
284420 284421
284444 284445
284446 284447
284454 284455
284722 284723
284908 284909
284957 284958
284978 284979
291383 291384
291388 291389
291416 291417
291746 291748
292316 292317
295438 295439
295457 295458
295493 295494
295603 295604
295605 295606
295613 295614
295694 295695
295715 295716
306375 306376
