0 1
1619 1620
2024 2025
2089 2090
6415 6416
6441 6442
6448 6449
10616 10617
10864 10865
11532 11533
12859 12860
13210 13211
17164 17165
17329 17330
17791 17792
17800 17801
17804 17805
18863 18865
18891 18892
19289 19290
525703 525704
525705 525706
525912 525913
527184 527185
527965 527966
527967 527968
528032 528033
528441 528442
528717 528718
645348 645349
648832 648833
648876 648877
648880 648881
648886 648887
702116 702117
728011 728012
730481 730482
730735 730736
731819 731820
776123 776125
776293 776294
776458 776459
776683 776684
776731 776732
777868 777869
777915 777916
777931 777932
777985 777986
778254 778255
778273 778274
785092 785093
785844 785845
787099 787100
792907 792908
793006 793007
798294 798295
800899 800900
801081 801082
803497 803498
827315 827316
890058 890059
890545 890546
891247 891248
892528 892529
892538 892539
892543 892544
893478 893479
894075 894076
894085 894086
903994 903995
904037 904038
909680 909681
