0 1
11 12
168 169
21341 21342
21825 21826
21848 21849
21883 21884
22503 22504
23167 23168
23225 23226
23549 23550
31772 31773
32569 32570
32585 32586
32870 32871
33333 33334
34271 34272
34277 34278
34807 34808
34810 34811
35041 35042
35090 35091
35092 35093
35097 35098
572672 572673
609565 609566
611242 611243
611413 611414
611431 611432
611710 611711
616629 616630
616923 616924
617154 617155
617164 617165
648141 648142
649400 649401
649418 649419
682393 682394
684271 684272
695304 695305
695321 695322
695703 695704
695914 695915
695962 695963
696140 696141
696279 696280
696894 696895
716577 716578
716631 716632
717619 717620
718587 718588
719715 719716
719806 719807
719815 719816
719959 719960
719962 719963
720628 720629
720797 720798
720828 720829
720833 720834
721146 721147
721831 721832
722212 722213
723963 723964
726100 726102
727792 727793
731634 731635
731809 731810
751750 751751
751826 751827
752440 752441
752502 752503
753030 753031
753254 753255
753319 753320
757554 757556
757652 757653
758641 758642
815069 815070
