0 1
23 24
336 337
767 768
4152 4153
15532 15533
16022 16023
16026 16027
18321 18322
18343 18344
18503 18504
18789 18790
18834 18835
18840 18841
19012 19013
19506 19507
19866 19867
36178 36179
497870 497871
498135 498137
498664 498665
746001 746002
749536 749537
749539 749540
749621 749622
749696 749697
749706 749707
749896 749897
749912 749913
752669 752670
753198 753199
754299 754300
757115 757116
757118 757119
766647 766648
766651 766652
770604 770605
770611 770612
770725 770726
772187 772188
772994 772995
772996 772997
774597 774598
774631 774632
774656 774657
775055 775056
775195 775196
775236 775237
775408 775409
775414 775415
775975 775976
776066 776067
776405 776406
776407 776408
778810 778811
778910 778911
778917 778918
778928 778929
779238 779239
779314 779315
788898 788899
808824 808825
809686 809687
809816 809817
811717 811718
811765 811766
811773 811774
811812 811813
817460 817461
818879 818880
818944 818945
