0 1
38 39
2532 2533
246142 246143
247217 247218
251799 251800
251803 251804
251840 251841
251869 251870
251928 251929
251934 251935
253987 253988
254945 254946
254960 254961
255218 255219
255220 255221
292531 292532
294612 294613
295152 295153
295216 295217
296294 296295
296299 296300
296346 296347
297509 297510
339568 339569
342262 342263
355257 355258
355261 355263
355367 355369
355745 355746
355839 355840
358066 358067
358074 358075
358335 358336
370437 370438
370467 370468
371277 371278
371283 371284
371307 371308
371320 371321
371326 371327
371355 371356
371508 371509
371621 371622
371718 371719
372933 372934
372946 372947
372995 372996
378241 378242
378402 378403
