0 1
997 998
1195 1196
10264 10265
10281 10282
24231 24232
31877 31878
32079 32080
33461 33462
235558 235559
235569 235570
236705 236706
236733 236734
239278 239279
243564 243565
243925 243926
243957 243958
257120 257121
257557 257558
258675 258676
258874 258876
258894 258895
259340 259341
259349 259350
259396 259397
303294 303295
303337 303338
303352 303353
303379 303380
303840 303841
303850 303851
324852 324853
326741 326742
326784 326785
640438 640439
642453 642454
642456 642457
642471 642472
643484 643485
644965 644966
645417 645419
645457 645458
646584 646586
650471 650472
766329 766330
766335 766336
766627 766628
766688 766689
766710 766711
766712 766713
766939 766940
767773 767774
767781 767782
767828 767829
771435 771436
771583 771584
771922 771923
779928 779930
779949 779950
779988 779989
780134 780135
781017 781018
781737 781738
781739 781740
781754 781755
