0 1
32 33
1625 1626
1634 1635
316746 316747
316858 316859
316874 316875
319056 319057
319170 319171
319253 319254
323506 323507
323953 323954
324793 324794
324871 324872
324876 324877
363442 363443
363606 363607
388306 388307
399485 399486
433506 433507
433606 433607
433720 433721
438549 438550
441826 441827
460101 460102
460171 460172
462183 462184
462338 462339
470320 470321
470322 470323
470505 470506
473654 473655
474880 474881
474893 474894
474928 474929
474931 474932
474940 474941
608282 608283
609152 609153
609180 609181
609229 609230
609283 609284
609392 609393
609468 609469
616275 616276
616277 616278
618910 618911
619655 619656
619818 619819
621190 621191
625446 625447
625609 625610
625683 625684
625939 625940
629495 629496
629529 629530
631845 631846
631954 631955
633409 633410
634827 634828
715841 715842
715857 715858
715912 715913
716709 716710
716824 716825
719489 719490
724046 724048
731255 731256
731267 731268
731820 731821
731824 731825
732095 732096
736116 736117
736124 736125
738028 738029
738032 738033
738046 738047
738070 738071
738113 738114
738137 738138
738435 738436
738768 738769
739476 739477
815289 815290
816192 816193
816717 816718
817216 817217
817643 817644
818131 818132
819708 819709
819743 819744
819970 819971
820075 820076
820582 820583
840997 840998
841162 841163
841192 841193
