0 1
10 11
1052 1053
3235 3236
3330 3331
4424 4425
5922 5923
642336 642337
642559 642560
642674 642675
642777 642778
642929 642930
643600 643601
643620 643621
710707 710708
711083 711084
731863 731864
735799 735800
747861 747862
747883 747884
747904 747905
785660 785661
786150 786151
786264 786265
787141 787142
787214 787215
793697 793698
794812 794813
794945 794946
794968 794969
803940 803941
804102 804103
815595 815596
815683 815684
833138 833139
833508 833509
833561 833562
833567 833568
835564 835565
835574 835575
835632 835633
835980 835981
836136 836137
836140 836141
836161 836162
836163 836164
904774 904775
904830 904831
976577 976578
977969 977970
979756 979757
983401 983402
983424 983425
984501 984502
