0 1
57 58
114429 114430
115169 115170
115193 115194
115266 115267
115276 115277
116306 116307
116651 116652
117010 117011
143654 143655
143656 143657
143695 143696
143697 143698
143709 143710
143715 143716
144008 144009
144147 144148
192853 192854
193386 193387
193459 193460
193478 193479
193481 193482
193598 193599
193813 193814
193831 193832
193898 193899
194332 194333
194500 194501
194772 194773
194880 194881
195047 195048
199151 199152
199166 199167
199566 199567
241042 241043
241053 241054
261935 261936
262414 262415
368912 368913
369050 369051
369693 369694
369938 369939
369966 369967
370029 370030
372249 372250
372788 372789
389326 389327
393769 393770
395829 395830
395863 395864
396358 396359
396373 396374
406830 406831
407956 407957
410016 410017
410481 410482
410908 410909
410954 410955
411008 411009
549582 549583
549977 549978
553618 553619
558293 558294
656499 656500
656743 656744
656746 656747
657928 657929
657948 657949
