0 1
37800 37801
37807 37809
38058 38059
38082 38083
38483 38484
38690 38691
40906 40908
40926 40927
42678 42679
42683 42684
42822 42823
43198 43199
43205 43206
43251 43252
43256 43257
43269 43270
43598 43599
43606 43607
43650 43651
43652 43653
45763 45764
46477 46478
47339 47340
47901 47902
49744 49745
49747 49748
69498 69499
71003 71004
71174 71175
71535 71536
82748 82750
86869 86870
86951 86952
86965 86966
86967 86968
134645 134646
134664 134665
135033 135034
135079 135080
135103 135104
135222 135223
135228 135229
135257 135258
140141 140142
140325 140326
144994 144995
