0 1
6 7
12 13
1840 1841
2109 2110
2125 2126
3186 3187
4459 4460
4802 4803
4807 4808
4953 4954
8475 8476
8637 8638
8640 8641
9477 9478
9838 9839
10318 10319
11210 11211
12022 12023
14100 14101
14282 14283
14485 14486
14515 14516
271370 271371
280509 280510
280513 280514
280529 280530
280948 280949
281037 281038
281186 281187
283439 283440
284710 284711
322802 322803
323173 323174
323224 323225
323248 323249
323636 323637
323645 323646
329839 329840
329974 329975
379161 379162
383622 383623
383665 383666
384709 384710
384925 384926
385232 385233
385635 385636
389131 389132
389147 389148
405607 405608
406904 406905
410841 410842
418044 418045
418921 418922
419627 419628
439014 439015
439021 439022
439124 439125
440924 440925
442223 442224
442483 442484
442501 442502
442829 442830
442860 442861
443090 443091
443188 443189
444321 444322
444789 444790
445405 445406
445439 445440
453643 453644
453881 453882
454476 454477
455138 455139
