0 -1.96492784449112 -2.12717831892858 -1.80267737005367
0.993251773010283 -2.02292511164518 -2.18846023729915 -1.8573899859912
2.00012773496011 -2.16100740877194 -2.33433935332489 -1.98767893616998
3.00022217882684 -2.43942136930693 -2.62909633115247 -2.24974755410179
4.00003388275086 -3.02880313586488 -3.25679780236617 -2.80081053661116
4.99997871390773 -4.2689837044767 -4.60877936037838 -3.9291866195953
6.00000299062804 -6.66662250830837 -7.57448616717267 -5.75876592107974
6.9999971198819 -9.7308443469185 -14.0796489162622 -5.3820431433259
8.00000067527204 -12.2391435078411 -30.4080893149462 5.92980229926407
8.99999951529857 -17.6070430850578 -50.8858871079291 15.6718009378135
