1.2 0.1 0.1 1096.63 5.6765059175285e-05 5.6765059175285e-05 5.6765059175285e-05
1.2 0.1 0.1 148.413 0.000250868183576777 0.000250868183576777 0.000250868183576777
1.2 0.1 0.1 162755 2.16146178826397e-09 2.16146178826397e-09 2.16146178826397e-09
1.2 0.1 0.1 1 0.000428663601985763 0.000428663601985763 0.000428663601985763
1.2 0.1 0.1 20.0855 0.000411958067512864 0.000411958067512864 0.000411958067512864
1.2 0.1 0.1 22026.5 1.8137250359984e-07 1.8137250359984e-07 1.8137250359984e-07
1.2 0.1 0.1 2.71828 0.000428369170970384 0.000428369170970384 0.000428369170970384
1.2 0.1 0.1 2980.96 1.28406074636509e-05 1.28406074636509e-05 1.28406074636509e-05
1.2 0.1 0.1 403.429 0.000143552155803759 0.000143552155803759 0.000143552155803759
1.2 0.1 0.1 442413 2.38919000500575e-10 2.38919000500575e-10 2.38919000500575e-10
1.2 0.1 0.1 54.5982 0.000352107877383647 0.000352107877383647 0.000352107877383647
1.2 0.1 0.1 59874.1 1.96588980086995e-08 1.96588980086995e-08 1.96588980086995e-08
1.2 0.1 0.1 7.38906 0.000426225718585135 0.000426225718585135 0.000426225718585135
1.2 0.1 0.1 8103.08 1.6829832352381e-06 1.6829832352381e-06 1.6829832352381e-06
1.85 0.1 0.1 1096.63 6.36260082473504e-05 6.36260082473504e-05 6.36260082473504e-05
1.85 0.1 0.1 148.413 0.000329197013279779 0.000329197013279779 0.000329197013279779
1.85 0.1 0.1 162755 1.24564363331459e-11 1.24564363331459e-11 1.24564363331459e-11
1.85 0.1 0.1 1 0.000392509613176548 0.000392509613176548 0.000392509613176548
1.85 0.1 0.1 20.0855 0.000390911307999751 0.000390911307999751 0.000390911307999751
1.85 0.1 0.1 22026.5 3.80446584729917e-09 3.80446584729917e-09 3.80446584729917e-09
1.85 0.1 0.1 2.71828 0.00039248406275059 0.00039248406275059 0.00039248406275059
1.85 0.1 0.1 2980.96 3.99133956354542e-06 3.99133956354542e-06 3.99133956354542e-06
1.85 0.1 0.1 403.429 0.000205595263576721 0.000205595263576721 0.000205595263576721
1.85 0.1 0.1 442413 7.2021361279523e-13 7.2021361279523e-13 7.2021361279523e-13
1.85 0.1 0.1 54.5982 0.000381188068478945 0.000381188068478945 0.000381188068478945
1.85 0.1 0.1 59874.1 2.15966505204303e-10 2.15966505204303e-10 2.15966505204303e-10
1.85 0.1 0.1 7.38906 0.000392295430363243 0.000392295430363243 0.000392295430363243
1.85 0.1 0.1 8103.08 7.67189761107701e-08 7.67189761107701e-08 7.67189761107701e-08
