0 0
1 0
2 0
3 4e-06
4 0
5 8e-06
6 4e-06
7 2.8e-05
8 0
9 2e-05
10 1.2e-05
11 1.2e-05
12 1.6e-05
13 2.8e-05
14 2.4e-05
15 2.4e-05
16 3.2e-05
17 5.6e-05
18 5.2e-05
19 4e-05
20 6.4e-05
21 5.2e-05
22 4.4e-05
23 8.4e-05
24 5.6e-05
25 4.54715e-05
26 7.2e-05
27 6.14715e-05
28 6e-05
29 4.4e-05
30 8e-05
31 0.0001
32 7.2e-05
33 0.000105472
34 5.6e-05
35 7.2e-05
36 7.34715e-05
37 3.2e-05
38 5.6e-05
39 7.6e-05
40 7.6e-05
41 7.2e-05
42 5.2e-05
43 7.74715e-05
44 8.8e-05
45 5.6e-05
46 9.2e-05
47 8.4e-05
48 8e-05
49 7.2e-05
50 8e-05
51 6.54715e-05
52 8.8e-05
53 8.8e-05
54 6.14715e-05
55 4.6943e-05
56 6.8e-05
57 6.14715e-05
58 6.4e-05
59 6.8e-05
60 0.000109472
61 6.14715e-05
62 6.8e-05
63 6e-05
64 8e-05
65 8.8e-05
66 7.74715e-05
67 8.4e-05
68 5.2e-05
69 6e-05
70 7.34715e-05
71 5.74715e-05
72 8.54715e-05
73 9.2e-05
74 6e-05
75 8.14715e-05
76 6e-05
77 6.8e-05
78 6.8e-05
79 7.6e-05
80 6.4e-05
81 8.94715e-05
82 6e-05
83 6.54715e-05
84 7.34715e-05
85 6e-05
86 5.2e-05
87 5.0943e-05
88 7.6e-05
89 6.8e-05
90 7.2e-05
91 8e-05
92 6.4e-05
93 0.0001
94 9.6e-05
95 5.2e-05
96 7.6e-05
97 8.14715e-05
98 7.2e-05
99 7.74715e-05
100 6.4e-05
101 8e-05
102 5.6e-05
103 8.54715e-05
104 3.0943e-05
105 8.8e-05
106 6e-05
107 8e-05
108 8.14715e-05
109 6.8e-05
110 7.6e-05
111 9.6e-05
112 5.2e-05
113 6.54715e-05
114 5.2e-05
115 7.4943e-05
116 4.94715e-05
117 5.2e-05
118 4.4e-05
119 8e-05
120 6.4e-05
121 8e-05
122 4.54715e-05
123 6.54715e-05
124 6.4e-05
125 5.6e-05
126 4.8e-05
127 5.6e-05
128 8.54715e-05
129 5.6e-05
130 6.4e-05
131 6e-05
132 8.94715e-05
133 7.2e-05
134 6.8e-05
135 7.34715e-05
136 6e-05
137 6.4e-05
138 4.8e-05
139 7.2e-05
140 8.54715e-05
141 7.2e-05
142 6.8e-05
143 5.74715e-05
144 6.14715e-05
145 6.85413e-05
146 7.74715e-05
147 4e-05
148 5.2e-05
149 6e-05
150 4.4e-05
151 6e-05
152 9.34715e-05
153 6.8e-05
154 7.6e-05
155 9.2e-05
156 7.34715e-05
157 7.6e-05
158 6.94715e-05
159 8.4e-05
160 4.8e-05
161 6.4e-05
162 6.4e-05
163 6e-05
164 5.6e-05
165 7.34715e-05
166 5.34715e-05
167 5.2e-05
168 4.8e-05
169 5.6e-05
170 3.74715e-05
171 4.8e-05
172 7.6e-05
173 4.54715e-05
174 6.2943e-05
175 6.54715e-05
176 5.74715e-05
177 4.14715e-05
178 7.2e-05
179 6.8e-05
180 6.14715e-05
181 3.6e-05
182 6e-05
183 4e-05
184 7.2e-05
185 5.6e-05
186 7.34715e-05
187 3.6e-05
188 4.8e-05
189 6.4e-05
190 5.6e-05
191 7.6e-05
192 3.6e-05
193 2.94715e-05
194 4.4e-05
195 5.2e-05
196 5.4943e-05
197 6.54715e-05
198 2.8e-05
199 3.6e-05
200 3.6e-05
201 4.14715e-05
202 4.8e-05
203 5.24146e-05
204 4.94715e-05
205 5.74715e-05
206 4.54715e-05
207 6e-05
208 5.6e-05
209 3.2e-05
210 5.6e-05
211 4.54715e-05
212 5.8943e-05
213 5.2e-05
214 4.14715e-05
215 6.94715e-05
216 7.6e-05
217 4.8e-05
218 4.8e-05
219 3.6e-05
220 4.54715e-05
221 3.74715e-05
222 3.6e-05
223 5.6e-05
224 6.4e-05
225 5.74715e-05
226 4.94715e-05
227 5.0943e-05
228 6.4e-05
229 7.6e-05
230 5.74715e-05
231 4e-05
232 4.54715e-05
233 6.54715e-05
234 3.2e-05
235 3.34715e-05
236 4.54715e-05
237 4.8e-05
238 4.8e-05
239 3.74715e-05
240 6e-05
241 7.6e-05
242 6e-05
243 6.54715e-05
244 6.54715e-05
245 2.8e-05
246 3.6e-05
247 7.6e-05
248 4e-05
249 5.6e-05
250 9.6e-05
251 4.2943e-05
252 4.4e-05
253 6e-05
254 5.74715e-05
255 4.4e-05
256 6e-05
257 7.6e-05
258 5.74715e-05
259 4.14715e-05
260 4.8e-05
261 4.8e-05
262 4e-05
263 7.2e-05
264 7.2e-05
265 2.8e-05
266 3.6e-05
267 5.6e-05
268 5.2e-05
269 7.2e-05
270 3.6e-05
271 6.6943e-05
272 6.14715e-05
273 4.2943e-05
274 5.6e-05
275 4.8e-05
276 4.4e-05
277 4.4e-05
278 4.94715e-05
279 6e-05
280 6.94715e-05
281 4.4e-05
282 3.2e-05
283 5.34715e-05
284 4.4e-05
285 3.2e-05
286 4.4e-05
287 2.4e-05
288 5.6e-05
289 6e-05
290 4.94715e-05
291 5.6e-05
292 6e-05
293 5.2e-05
294 2.8e-05
295 5.6e-05
296 6e-05
297 5.2e-05
298 4.8e-05
299 3.74715e-05
300 4.14715e-05
301 2.4e-05
302 4e-05
303 8e-05
304 4.8e-05
305 4.4e-05
306 3.6e-05
307 2.94715e-05
308 1.34715e-05
309 3.6e-05
310 8e-05
311 3.2e-05
312 3.2e-05
313 6.4e-05
314 3.6e-05
315 2.8e-05
316 6e-05
317 3.34715e-05
318 4e-05
319 5.6e-05
320 4.94715e-05
321 5.34715e-05
322 2.8e-05
323 8.8e-05
324 4.94715e-05
325 4.4e-05
326 5.74715e-05
327 4e-05
328 8.4e-05
329 3.6e-05
330 2.4e-05
331 6.8e-05
332 5.2e-05
333 4.8e-05
334 7.2e-05
335 1.2e-05
336 6.14715e-05
337 5.6e-05
338 3.74715e-05
339 4.4e-05
340 5.2e-05
341 4.4e-05
342 2.94715e-05
343 6e-05
344 5.74715e-05
345 6.14715e-05
346 3.6e-05
347 5.6e-05
348 4.94715e-05
349 6.4e-05
350 2.85413e-05
351 3.74715e-05
352 4.4e-05
353 6e-05
354 6.8e-05
355 6.8e-05
356 5.6e-05
357 4.8e-05
358 3.6e-05
359 5.6e-05
360 3.6e-05
361 4e-05
362 6.14715e-05
363 4.4e-05
364 4.8e-05
365 6.14715e-05
366 7.2e-05
367 5.6e-05
368 3.8943e-05
369 4e-05
370 5.2e-05
371 2.4e-05
372 4.4e-05
373 2.8e-05
374 3.6e-05
375 1.2e-05
376 4.54715e-05
377 4e-05
378 3.2e-05
379 7.74715e-05
380 4e-05
381 4.4e-05
382 4.8e-05
383 2.54715e-05
384 2.4e-05
385 4.4e-05
386 5.8943e-05
387 4.8e-05
388 4e-05
389 4.14715e-05
390 2.4e-05
391 4.4e-05
392 4e-05
393 2.54715e-05
394 5.2e-05
395 4.4e-05
396 4e-05
397 4.8e-05
398 2.54715e-05
399 2.8e-05
400 4.4e-05
401 5.34715e-05
402 6.8e-05
403 3.6e-05
404 3.2e-05
405 4.8e-05
406 2.94715e-05
407 7.34715e-05
408 4.4e-05
409 1.2e-05
410 2.94715e-05
411 4.4e-05
412 3.6e-05
413 4.8e-05
414 2.8e-05
415 2.4e-05
416 1.6e-05
417 1.34715e-05
418 3.34715e-05
419 6.8e-05
420 4.54715e-05
421 6.04146e-05
422 2.8e-05
423 6.54715e-05
424 4.8e-05
425 4.14715e-05
426 3.8943e-05
427 3.34715e-05
428 6.14715e-05
429 4e-05
430 4.14715e-05
431 3.6e-05
432 2.8e-05
433 3.34715e-05
434 4.8e-05
435 4.4e-05
436 5.34715e-05
437 3.34715e-05
438 4.54715e-05
439 2.8e-05
440 2.94715e-05
441 3.6e-05
442 4.4e-05
443 6e-05
444 4.4e-05
445 2.4e-05
446 3.74715e-05
447 4.14715e-05
448 4.14715e-05
449 5.6e-05
450 4e-05
451 3.74715e-05
452 4.54715e-05
453 3.65413e-05
454 2e-05
455 2.54715e-05
456 6.94715e-05
457 2.8e-05
458 2.4e-05
459 2.8e-05
460 4.4e-05
461 2.14715e-05
462 5.74715e-05
463 4.54715e-05
464 2e-05
465 5.2e-05
466 3.4943e-05
467 4.04146e-05
468 3.74715e-05
469 2.8e-05
470 4.8e-05
471 4.4e-05
472 2e-05
473 3.2e-05
474 3.74715e-05
475 4.4e-05
476 2e-05
477 3.6e-05
478 4e-05
479 5.34715e-05
480 2.4e-05
481 6.4e-05
482 5.6e-05
483 4.8e-05
484 4.54715e-05
485 4.8e-05
486 4.4e-05
487 2.4e-05
488 2.54715e-05
489 2.94715e-05
490 3.6e-05
491 5.6e-05
492 6.8e-05
493 3.74715e-05
494 3.2e-05
495 2.4e-05
496 4e-05
497 2.85413e-05
498 2.8e-05
499 4.14715e-05
500 2.4e-05
501 2e-05
502 2.4e-05
503 2.94715e-05
504 4e-05
505 4.8e-05
506 4e-05
507 3.6e-05
508 4.6943e-05
509 4.54715e-05
510 3.74715e-05
511 3.4943e-05
512 2.8e-05
513 3.6e-05
514 2e-05
515 6.4e-05
516 4e-05
517 3.34715e-05
518 4.4e-05
519 3.74715e-05
520 8e-06
521 2.4e-05
522 4e-05
523 3.8943e-05
524 3.34715e-05
525 3.6e-05
526 3.2e-05
527 4.4e-05
528 2.4e-05
529 1.74715e-05
530 3.6e-05
531 3.2e-05
532 3.80129e-05
533 2.14715e-05
534 3.6e-05
535 3.0943e-05
536 2.14715e-05
537 1.64146e-05
538 3.74715e-05
539 5.6e-05
540 3.4943e-05
541 3.6e-05
542 1.6e-05
543 1.8943e-05
544 4.2943e-05
545 2.8e-05
546 4e-05
547 3.74715e-05
548 1.6e-05
549 3.34715e-05
550 3.74715e-05
551 2.4e-05
552 2.8e-05
553 2.8e-05
554 3.6e-05
555 1.6e-05
556 4e-05
557 4.54715e-05
558 4e-05
559 4e-05
560 5.34715e-05
561 3.34715e-05
562 4.4e-05
563 8e-06
564 3.6e-05
565 2.54715e-05
566 4.4e-05
567 3.6e-05
568 2.8e-05
569 4.54715e-05
570 5.6e-05
571 4e-05
572 4.4e-05
573 4e-05
574 2.8e-05
575 3.34715e-05
576 2.2943e-05
577 3.2e-05
578 2.94715e-05
579 6.8e-05
580 1.6e-05
581 2.4e-05
582 2.54715e-05
583 2.8e-05
584 2e-05
585 4.14715e-05
586 4.04146e-05
587 5.2e-05
588 3.2e-05
589 1.6e-05
590 3.74715e-05
591 2.54715e-05
592 3.74715e-05
593 1.6e-05
594 3.6e-05
595 4e-05
596 2.94715e-05
597 3.6e-05
598 3.6e-05
599 2.14715e-05
600 4.2943e-05
601 5.6e-05
602 3.74715e-05
603 1.6e-05
604 4e-05
605 2.4e-05
606 3.0943e-05
607 3.34715e-05
608 3.74715e-05
609 2e-05
610 2.94715e-05
611 4.6943e-05
612 5.6e-05
613 2.4e-05
614 4.54715e-05
615 2e-05
616 3.6e-05
617 4.6943e-05
618 3.2e-05
619 1.6e-05
620 4.14715e-05
621 3.6e-05
622 1.6e-05
623 3.34715e-05
624 2.94715e-05
625 2.94715e-05
626 1.6e-05
627 2.54715e-05
628 3.6e-05
629 2.4e-05
630 2.4e-05
631 2.54715e-05
632 4e-05
633 2.8e-05
634 3.6e-05
635 2.4e-05
636 6.14715e-05
637 2e-05
638 2.54715e-05
639 4.4e-05
640 2.8e-05
641 3.34715e-05
642 2.94715e-05
643 1.2e-05
644 2.94715e-05
645 2.4e-05
646 3.2e-05
647 1.4943e-05
648 3.34715e-05
649 3.2e-05
650 3.34715e-05
651 2.8e-05
652 2.8e-05
653 2.4e-05
654 3.34715e-05
655 5.6e-05
656 4.8e-05
657 1.6e-05
658 2e-05
659 3.6e-05
660 2e-05
661 3.34715e-05
662 3.2e-05
663 5.2e-05
664 6.54715e-05
665 5.2e-05
666 2e-05
667 2e-05
668 3.6e-05
669 3.2e-05
670 1.2e-05
671 2.14715e-05
672 3.6e-05
673 5.74715e-05
674 5.0943e-05
675 2.8e-05
676 1.2e-05
677 2.6943e-05
678 2.2943e-05
679 2.4e-05
680 3.74715e-05
681 3.6e-05
682 4.2943e-05
683 2.8e-05
684 4.14715e-05
685 3.2e-05
686 3.6e-05
687 1.6e-05
688 3.2e-05
689 6.14715e-05
690 4.14715e-05
691 2.14715e-05
692 8e-06
693 1.6e-05
694 2.94715e-05
695 3.6e-05
696 4e-05
697 4e-05
698 4.14715e-05
699 2.94715e-05
700 2e-05
701 4e-05
702 2.4e-05
703 2.54715e-05
704 5.6e-05
705 3.34715e-05
706 3.34715e-05
707 4.4e-05
708 3.2e-05
709 2.6943e-05
710 2.8e-05
711 4.44146e-05
712 3.74715e-05
713 5.0943e-05
714 2e-05
715 4.14715e-05
716 3.2e-05
717 2.14715e-05
718 2.14715e-05
719 3.6e-05
720 3.4943e-05
721 2.54715e-05
722 4e-05
723 8e-06
724 1.74715e-05
725 2.8e-05
726 3.6e-05
727 4e-05
728 4.8e-05
729 2.58861e-05
730 4e-05
731 3.8943e-05
732 4.8e-05
733 2e-05
734 2.4e-05
735 3.2e-05
736 2.94715e-05
737 4.8e-05
738 4.8e-05
739 4.94715e-05
740 3.2e-05
741 2.8e-05
742 3.2e-05
743 2.14715e-05
744 1.2e-05
745 1.6e-05
746 1.2e-05
747 2.4e-05
748 2.94715e-05
749 2.14715e-05
750 1.8943e-05
751 2e-05
752 3.4943e-05
753 1.74715e-05
754 2e-05
755 5.2e-05
756 4e-05
757 2.8e-05
758 2.54715e-05
759 1.34715e-05
760 1.6e-05
761 2.4e-05
762 2.4e-05
763 2e-05
764 2.4e-05
765 2e-05
766 3.6e-05
767 2.4e-05
768 2e-05
769 3.2e-05
770 2e-05
771 4.94715e-05
772 2.54715e-05
773 1.6e-05
774 3.2e-05
775 1.74715e-05
776 3.34715e-05
777 4.54715e-05
778 3.4943e-05
779 2.8e-05
780 1.74715e-05
781 1.2e-05
782 2.8e-05
783 1.2e-05
784 3.6e-05
785 1.6e-05
786 3.2e-05
787 3.2e-05
788 2.54715e-05
789 1.74715e-05
790 2.6943e-05
791 3.2e-05
792 2.54715e-05
793 2e-05
794 3.25413e-05
795 3.6e-05
796 2.8e-05
797 2.8e-05
798 2.54715e-05
799 1.6e-05
800 2e-05
801 3.6e-05
802 2.4e-05
803 2.14715e-05
804 4.4e-05
805 2.6943e-05
806 2.14715e-05
807 2e-05
808 2.4e-05
809 2.4e-05
810 2e-05
811 3.2e-05
812 1.0943e-05
813 3.2e-05
814 2.8e-05
815 2.4e-05
816 3.25413e-05
817 3.2e-05
818 3.74715e-05
819 4e-05
820 2.8e-05
821 3.65413e-05
822 2.8e-05
823 4.6943e-05
824 2e-05
825 2.85413e-05
826 2.8e-05
827 1.6e-05
828 4.54715e-05
829 2.94715e-05
830 5.2e-05
831 2.2943e-05
832 3.2e-05
833 2.14715e-05
834 2e-05
835 4.05413e-05
836 2.8e-05
837 4e-05
838 4.6943e-05
839 4e-05
840 3.40129e-05
841 8e-06
842 2.4e-05
843 2.4e-05
844 2.8e-05
845 3.6e-05
846 1.6e-05
847 3.34715e-05
848 4.6943e-05
849 3.0943e-05
850 2.8e-05
851 2.4e-05
852 2.14715e-05
853 1.6e-05
854 1.74715e-05
855 4e-05
856 3.74715e-05
857 2e-05
858 2.4e-05
859 3.74715e-05
860 2.4e-05
861 2.4e-05
862 2e-05
863 3.74715e-05
864 3.2e-05
865 2.4e-05
866 2.14715e-05
867 3.74715e-05
868 2e-05
869 2.4e-05
870 2.94715e-05
871 4.14715e-05
872 2.14715e-05
873 1.74715e-05
874 2.4e-05
875 2.54715e-05
876 2.14715e-05
877 3.6e-05
878 2.6943e-05
879 2.54715e-05
880 2.4e-05
881 1.74715e-05
882 3.2e-05
883 2.8e-05
884 1.34715e-05
885 2.54715e-05
886 3.6e-05
887 3.0943e-05
888 2.8e-05
889 1.74715e-05
890 2.8e-05
891 2.4e-05
892 2.8e-05
893 2e-05
894 2.4e-05
895 1.2e-05
896 2e-05
897 2.8e-05
898 3.0943e-05
899 2.4e-05
900 2.14715e-05
901 1.8943e-05
902 3.2e-05
903 2.8e-05
904 2e-05
905 3.2e-05
906 8e-06
907 2e-05
908 2.54715e-05
909 2.54715e-05
910 4.4e-05
911 4.94715e-05
912 4.94715e-05
913 1.6e-05
914 4.14715e-05
915 2.8e-05
916 8e-06
917 1.2e-05
918 1.2e-05
919 2.54715e-05
920 4e-05
921 2.8e-05
922 3.6e-05
923 3.74715e-05
924 4.94715e-05
925 2.8e-05
926 2.94715e-05
927 2.94715e-05
928 2e-05
929 2e-05
930 2.14715e-05
931 3.74715e-05
932 1.34715e-05
933 2.54715e-05
934 4e-05
935 2.54715e-05
936 3.2e-05
937 2.4e-05
938 2.54715e-05
939 2.94715e-05
940 2.14715e-05
941 2.8e-05
942 1.2e-05
943 2.8e-05
944 1.74715e-05
945 3.6e-05
946 3.2e-05
947 4.14715e-05
948 2.54715e-05
949 2.4e-05
950 2e-05
951 1.2e-05
952 8e-06
953 2e-05
954 3.34715e-05
955 2.4e-05
956 4.14715e-05
957 1.6e-05
958 1.2e-05
959 2e-05
960 1.2e-05
961 1.6e-05
962 4.94715e-05
963 2e-05
964 3.2e-05
965 2e-05
966 2.8e-05
967 3.2e-05
968 2.4e-05
969 3.34715e-05
970 2.54715e-05
971 3.2e-05
972 1.74715e-05
973 2.8e-05
974 2.94715e-05
975 2.8e-05
976 2.94715e-05
977 4.8e-05
978 3.74715e-05
979 2.54715e-05
980 1.2e-05
981 3.74715e-05
982 2.4e-05
983 2.2943e-05
984 3.2e-05
985 1.2e-05
986 3.34715e-05
987 2.4e-05
988 1.6e-05
989 3.2e-05
990 2.14715e-05
991 2.54715e-05
992 2.54715e-05
993 2.94715e-05
994 1.34715e-05
995 3.34715e-05
996 3.74715e-05
997 1.74715e-05
998 2.14715e-05
999 0
