0 0
1 5.08e-06
2 5.6396e-06
3 5.48e-06
4 5.24e-06
5 4.04e-06
6 3.8e-06
7 3.6796e-06
8 3.68e-06
9 3.8e-06
10 2.3992e-06
11 3e-06
12 2e-06
13 3.44e-06
14 2.52e-06
15 2.04e-06
16 2.43881e-06
17 2.88e-06
18 2.1996e-06
19 2e-06
20 1.92e-06
21 2.1996e-06
22 1.9192e-06
23 2e-06
24 1.9192e-06
25 2.0796e-06
26 2.08e-06
27 1.28e-06
28 1.6792e-06
29 1.84e-06
30 1.6396e-06
31 1.96e-06
32 1.68e-06
33 1.36e-06
34 1.7592e-06
35 1.72e-06
36 1.84e-06
37 1.1596e-06
38 1.36e-06
39 1.28e-06
40 1.7196e-06
41 1.0796e-06
42 1.28e-06
43 1.96e-06
44 1.3196e-06
45 1.36e-06
46 1.0796e-06
47 1.3196e-06
48 1.3996e-06
49 8.79602e-07
50 1.1596e-06
51 1.2396e-06
52 1.52e-06
53 1.1196e-06
54 1.5996e-06
55 1.24e-06
56 8.79602e-07
57 1.16e-06
58 1.5992e-06
59 1.28e-06
60 1.28e-06
61 9.6e-07
62 1.7592e-06
63 6.8e-07
64 1.44e-06
65 1.31881e-06
66 1.1196e-06
67 1.16e-06
68 1.16e-06
69 9.99602e-07
70 9.6e-07
71 1.2396e-06
72 1.28e-06
73 1.32e-06
74 1.4e-06
75 1.2796e-06
76 1.1992e-06
77 9.6e-07
78 1.1996e-06
79 1.2796e-06
80 8e-07
81 1.0396e-06
82 8.39602e-07
83 9.99602e-07
84 1.2e-06
85 1.08e-06
86 1.2396e-06
87 1e-06
88 8e-07
89 1.2e-06
90 1.3596e-06
91 1.1196e-06
92 8.39204e-07
93 8.4e-07
94 8.39602e-07
95 8.39602e-07
96 8.4e-07
97 1.12e-06
98 1.0396e-06
99 7.19602e-07
100 9.6e-07
101 1.0396e-06
102 1.11881e-06
103 8.8e-07
104 1.0796e-06
105 8.4e-07
106 7.59602e-07
107 7.99602e-07
108 9.19602e-07
109 7.99602e-07
110 9.2e-07
111 5.6e-07
112 5.99602e-07
113 8.39602e-07
114 1.08e-06
115 1.1596e-06
116 9.2e-07
117 9.59602e-07
118 9.6e-07
119 9.99602e-07
120 9.19602e-07
121 1.04e-06
122 1.07881e-06
123 7.99602e-07
124 9.19204e-07
125 9.6e-07
126 6.8e-07
127 7.6e-07
128 7.6e-07
129 7.19204e-07
130 8.4e-07
131 9.59602e-07
132 8.4e-07
133 4.78806e-07
134 8e-07
135 7.6e-07
136 9.19204e-07
137 1.0396e-06
138 7.59602e-07
139 5.19602e-07
140 7.6e-07
141 1.0396e-06
142 4.4e-07
143 8.39602e-07
144 7.2e-07
145 8.79602e-07
146 5.19602e-07
147 1.0796e-06
148 8.8e-07
149 7.59602e-07
150 1.07881e-06
151 9.99204e-07
152 8.8e-07
153 7.19602e-07
154 9.19204e-07
155 7.99602e-07
156 6.8e-07
157 1.0396e-06
158 6.8e-07
159 1.1192e-06
160 7.99204e-07
161 1.0796e-06
162 7.6e-07
163 6.8e-07
164 6e-07
165 8.8e-07
166 1.08e-06
167 7.6e-07
168 7.98806e-07
169 4.8e-07
170 7.59602e-07
171 6.8e-07
172 5.6e-07
173 9.99602e-07
174 4.8e-07
175 8.8e-07
176 5.19602e-07
177 8e-07
178 6.8e-07
179 8.39602e-07
180 5.6e-07
181 6e-07
182 4.8e-07
183 2.8e-07
184 6.4e-07
185 1e-06
186 5.99602e-07
187 5.99602e-07
188 5.99204e-07
189 7.99602e-07
190 7.6e-07
191 7.99602e-07
192 8.4e-07
193 9.6e-07
194 4.79602e-07
195 1e-06
196 4.8e-07
197 7.6e-07
198 4e-07
199 6.4e-07
200 5.6e-07
201 6e-07
202 5.99602e-07
203 5.6e-07
204 5.2e-07
205 7.2e-07
206 4.4e-07
207 4.4e-07
208 4e-07
209 4.39602e-07
210 6e-07
211 6.79602e-07
212 5.19602e-07
213 7.2e-07
214 5.59602e-07
215 4.39602e-07
216 6e-07
217 6.4e-07
218 5.99602e-07
219 7.19602e-07
220 7.58806e-07
221 3.19602e-07
222 5.19602e-07
223 9.19602e-07
224 5.6e-07
225 6.79602e-07
226 7.2e-07
227 5.99602e-07
228 6.39602e-07
229 5.2e-07
230 5.2e-07
231 4.39602e-07
232 5.59204e-07
233 4.79602e-07
234 7.6e-07
235 4.39602e-07
236 4.8e-07
237 5.99602e-07
238 8e-07
239 6.79204e-07
240 6.39602e-07
241 5.2e-07
242 6.8e-07
243 4.8e-07
244 4.4e-07
245 5.19602e-07
246 5.6e-07
247 8.79602e-07
248 2.4e-07
249 3.19602e-07
250 3.59602e-07
251 3.2e-07
252 5.99602e-07
253 6e-07
254 4.4e-07
255 7.19204e-07
256 6e-07
257 6e-07
258 3.2e-07
259 5.58806e-07
260 3.6e-07
261 5.98412e-07
262 4.8e-07
263 6.4e-07
264 4.4e-07
265 4.8e-07
266 7.99204e-07
267 7.19602e-07
268 4.39602e-07
269 3.99602e-07
270 6.79602e-07
271 4.8e-07
272 6.8e-07
273 6.39204e-07
274 4.8e-07
275 6.4e-07
276 5.2e-07
277 2.8e-07
278 6.39204e-07
279 6.79602e-07
280 6.78806e-07
281 6e-07
282 5.59602e-07
283 3.99602e-07
284 5.19602e-07
285 5.2e-07
286 1.07841e-06
287 3.59602e-07
288 6.39602e-07
289 5.6e-07
290 4e-07
291 7.19204e-07
292 7.2e-07
293 3.19602e-07
294 4e-07
295 2.79602e-07
296 7.99602e-07
297 7.59602e-07
298 5.99602e-07
299 3.99602e-07
300 5.6e-07
301 5.19602e-07
302 5.6e-07
303 5.6e-07
304 5.19602e-07
305 4.8e-07
306 3.6e-07
307 5.58806e-07
308 5.2e-07
309 2.4e-07
310 3.99602e-07
311 6.39602e-07
312 6.39602e-07
313 6.4e-07
314 5.99602e-07
315 4.8e-07
316 4e-07
317 5.19602e-07
318 2.8e-07
319 6.38806e-07
320 3.6e-07
321 6.4e-07
322 3.6e-07
323 3.6e-07
324 4.4e-07
325 2.8e-07
326 7.58806e-07
327 4e-07
328 4.79602e-07
329 4.79204e-07
330 4e-07
331 4.79602e-07
332 4.4e-07
333 8e-07
334 7.59204e-07
335 2.79602e-07
336 7.19602e-07
337 5.2e-07
338 4.79602e-07
339 3.6e-07
340 4e-07
341 6.8e-07
342 7.98806e-07
343 4.79602e-07
344 4.8e-07
345 3.59602e-07
346 8e-07
347 5.2e-07
348 4.79204e-07
349 6.4e-07
350 5.2e-07
351 3.2e-07
352 5.19602e-07
353 7.18806e-07
354 5.6e-07
355 5.59602e-07
356 8.79602e-07
357 3.99602e-07
358 4e-07
359 5.6e-07
360 5.59204e-07
361 5.18806e-07
362 6.39204e-07
363 4.79204e-07
364 6.4e-07
365 4.39208e-07
366 3.99602e-07
367 4.4e-07
368 6.39602e-07
369 3.99602e-07
370 2.8e-07
371 4.4e-07
372 6.4e-07
373 4.4e-07
374 4.8e-07
375 5.59602e-07
376 2.79602e-07
377 2.8e-07
378 5.2e-07
379 5.99602e-07
380 6.4e-07
381 4.4e-07
382 4.8e-07
383 6.4e-07
384 3.2e-07
385 8e-07
386 4e-07
387 4.79602e-07
388 5.6e-07
389 5.59204e-07
390 6e-07
391 5.58806e-07
392 6.79204e-07
393 4.79602e-07
394 6.4e-07
395 3.6e-07
396 5.6e-07
397 5.2e-07
398 5.2e-07
399 5.2e-07
400 5.99602e-07
401 3.2e-07
402 3.6e-07
403 7.59602e-07
404 5.6e-07
405 3.6e-07
406 4.79204e-07
407 4.4e-07
408 4.79602e-07
409 5.2e-07
410 3.6e-07
411 4.4e-07
412 4.8e-07
413 3.19602e-07
414 6e-07
415 5.59602e-07
416 4e-07
417 6.8e-07
418 4.79602e-07
419 3.19602e-07
420 4.4e-07
421 1.6e-07
422 3.6e-07
423 3.6e-07
424 5.2e-07
425 4.79602e-07
426 5.2e-07
427 2.8e-07
428 4.39602e-07
429 3.2e-07
430 2e-07
431 2.4e-07
432 4e-07
433 5.2e-07
434 3.19602e-07
435 2.39602e-07
436 5.2e-07
437 3.6e-07
438 4.39204e-07
439 2e-07
440 1.59602e-07
441 5.19602e-07
442 3.58806e-07
443 5.99602e-07
444 2.79602e-07
445 3.6e-07
446 5.2e-07
447 4e-07
448 3.6e-07
449 3.19602e-07
450 5.19602e-07
451 5.98806e-07
452 5.6e-07
453 4.79602e-07
454 3.6e-07
455 4.8e-07
456 4.79208e-07
457 5.19204e-07
458 3.59602e-07
459 2.8e-07
460 4e-08
461 1.2e-07
462 2.8e-07
463 7.58806e-07
464 6e-07
465 3.19602e-07
466 4.79602e-07
467 4.8e-07
468 6e-07
469 5.59602e-07
470 4.79602e-07
471 3.6e-07
472 3.6e-07
473 3.6e-07
474 4.8e-07
475 3.19602e-07
476 4.4e-07
477 7.2e-07
478 2.4e-07
479 3.2e-07
480 3.99602e-07
481 2.79204e-07
482 2.4e-07
483 5.59602e-07
484 3.98806e-07
485 2.4e-07
486 5.59602e-07
487 4.4e-07
488 4e-07
489 5.2e-07
490 3.19208e-07
491 4.39602e-07
492 3.99602e-07
493 3.19602e-07
494 3.59602e-07
495 4.8e-07
496 2e-07
497 3.99602e-07
498 5.59602e-07
499 4.4e-07
500 5.19602e-07
501 3.99602e-07
502 5.19602e-07
503 3.59204e-07
504 5.59204e-07
505 2.4e-07
506 6.79602e-07
507 3.6e-07
508 1.99602e-07
509 7.19204e-07
510 2.8e-07
511 3.99602e-07
512 5.2e-07
513 4e-07
514 6e-07
515 3.19602e-07
516 4e-07
517 2.79602e-07
518 5.2e-07
519 2.4e-07
520 5.59602e-07
521 3.6e-07
522 4.4e-07
523 4.4e-07
524 2.8e-07
525 3.99602e-07
526 4.79602e-07
527 2.8e-07
528 2.8e-07
529 2.39602e-07
530 3.6e-07
531 2e-07
532 6.79602e-07
533 3.59602e-07
534 3.59204e-07
535 6.79602e-07
536 3.98806e-07
537 3.6e-07
538 3.59204e-07
539 5.2e-07
540 2e-07
541 3.59602e-07
542 3.6e-07
543 2.79602e-07
544 2.8e-07
545 3.2e-07
546 1.99602e-07
547 4e-07
548 4.79602e-07
549 4.4e-07
550 8e-08
551 4.4e-07
552 3.2e-07
553 4.39602e-07
554 3.59602e-07
555 2.8e-07
556 3.6e-07
557 4.79602e-07
558 2.39208e-07
559 2.4e-07
560 5.2e-07
561 2.4e-07
562 2.8e-07
563 4e-07
564 2.4e-07
565 4.79204e-07
566 4e-07
567 4.39602e-07
568 2.39208e-07
569 8e-08
570 3.59602e-07
571 2.79602e-07
572 3.2e-07
573 4e-07
574 3.2e-07
575 2.8e-07
576 3.6e-07
577 2.4e-07
578 2.8e-07
579 4.4e-07
580 3.99204e-07
581 3.59602e-07
582 2.8e-07
583 2.4e-07
584 5.98408e-07
585 3.2e-07
586 4.8e-07
587 3.2e-07
588 5.2e-07
589 3.6e-07
590 5.99204e-07
591 2.79602e-07
592 2.4e-07
593 3.2e-07
594 4.78806e-07
595 3.2e-07
596 2.79602e-07
597 4e-07
598 4e-07
599 4.8e-07
600 3.99602e-07
601 5.59204e-07
602 3.59602e-07
603 5.19602e-07
604 5.19602e-07
605 1.6e-07
606 4e-07
607 3.99602e-07
608 4.79602e-07
609 3.2e-07
610 5.18806e-07
611 2e-07
612 3.6e-07
613 3.19602e-07
614 5.2e-07
615 3.99602e-07
616 3.6e-07
617 2.79602e-07
618 3.6e-07
619 3.99602e-07
620 2e-07
621 3.6e-07
622 3.2e-07
623 1.6e-07
624 3.59602e-07
625 4.4e-07
626 5.2e-07
627 2.4e-07
628 2e-07
629 5.2e-07
630 2.79602e-07
631 2.8e-07
632 3.19602e-07
633 4.4e-07
634 2.79204e-07
635 3.99602e-07
636 2.79204e-07
637 5.19602e-07
638 2.79602e-07
639 4e-07
640 4.79602e-07
641 4.8e-07
642 3.6e-07
643 1.2e-07
644 2.4e-07
645 2.79602e-07
646 4.78806e-07
647 2.8e-07
648 2.39602e-07
649 3.59602e-07
650 7.99204e-07
651 4.79602e-07
652 1.19602e-07
653 3.1881e-07
654 4.4e-07
655 4e-07
656 4.8e-07
657 4e-07
658 3.99602e-07
659 4.39204e-07
660 4.39602e-07
661 2.4e-07
662 3.2e-07
663 1.6e-07
664 2.79204e-07
665 4.39602e-07
666 4.39204e-07
667 2.4e-07
668 2.39602e-07
669 2e-07
670 1.2e-07
671 4.8e-07
672 2.8e-07
673 4.4e-07
674 2.8e-07
675 4.79602e-07
676 2.8e-07
677 3.2e-07
678 3.19602e-07
679 2e-07
680 1.99602e-07
681 4e-07
682 2.8e-07
683 2.4e-07
684 4.79602e-07
685 4.79204e-07
686 3.59204e-07
687 1.99602e-07
688 3.19602e-07
689 5.2e-07
690 3.2e-07
691 2.79602e-07
692 3.99602e-07
693 4.4e-07
694 2.8e-07
695 2.79204e-07
696 2.8e-07
697 4.79602e-07
698 3.2e-07
699 4.39204e-07
700 2.79204e-07
701 1.6e-07
702 2.4e-07
703 1.6e-07
704 3.59602e-07
705 4e-07
706 2.4e-07
707 2.39602e-07
708 4e-07
709 3.2e-07
710 1.2e-07
711 2e-07
712 3.2e-07
713 2e-07
714 2.79602e-07
715 4.3881e-07
716 4.79204e-07
717 4e-07
718 3.99204e-07
719 3.19602e-07
720 3.59204e-07
721 2.4e-07
722 3.19602e-07
723 1.6e-07
724 1.2e-07
725 2.8e-07
726 4e-07
727 1.6e-07
728 3.2e-07
729 4.39602e-07
730 5.2e-07
731 1.59602e-07
732 2.4e-07
733 3.99204e-07
734 2.4e-07
735 1.2e-07
736 2e-07
737 4e-07
738 2.8e-07
739 3.59602e-07
740 3.2e-07
741 4.79602e-07
742 1.99208e-07
743 1.99602e-07
744 4.79204e-07
745 3.2e-07
746 4e-07
747 1.6e-07
748 4e-07
749 3.2e-07
750 3.6e-07
751 4.39204e-07
752 2.4e-07
753 1.19602e-07
754 3.2e-07
755 2e-07
756 4.4e-07
757 2.79204e-07
758 2.8e-07
759 3.99602e-07
760 2e-07
761 3.19602e-07
762 2.8e-07
763 1.2e-07
764 2.8e-07
765 4.79204e-07
766 1.6e-07
767 3.98806e-07
768 2.39602e-07
769 2.8e-07
770 2.79602e-07
771 3.19602e-07
772 1.6e-07
773 2.39602e-07
774 4.8e-07
775 3.99602e-07
776 2.79602e-07
777 2.8e-07
778 4.39602e-07
779 2.79602e-07
780 1.6e-07
781 2.4e-07
782 2.8e-07
783 4.39204e-07
784 3.19602e-07
785 4.4e-07
786 1.6e-07
787 3.59204e-07
788 2.4e-07
789 4.39204e-07
790 3.19602e-07
791 8e-08
792 5.18806e-07
793 4.39602e-07
794 1.6e-07
795 3.6e-07
796 3.6e-07
797 4e-07
798 1.2e-07
799 4.39602e-07
800 2.39602e-07
801 2.8e-07
802 4.39204e-07
803 2.39602e-07
804 4.39602e-07
805 3.2e-07
806 2.8e-07
807 3.19602e-07
808 3.6e-07
809 3.6e-07
810 4.39602e-07
811 3.2e-07
812 2e-07
813 2.79602e-07
814 3.2e-07
815 4e-08
816 2.79602e-07
817 3.5881e-07
818 4e-07
819 1.99602e-07
820 1.2e-07
821 3.19602e-07
822 2e-07
823 2.79602e-07
824 3.2e-07
825 1.6e-07
826 3.59204e-07
827 3.59208e-07
828 1.2e-07
829 2e-07
830 3.19602e-07
831 2.4e-07
832 2.8e-07
833 3.59208e-07
834 2e-07
835 3.59602e-07
836 1.6e-07
837 2.4e-07
838 3.59602e-07
839 2.39602e-07
840 3.59204e-07
841 4.39204e-07
842 3.59602e-07
843 3.19602e-07
844 2.8e-07
845 2.79602e-07
846 2e-07
847 2.79204e-07
848 3.59602e-07
849 2.8e-07
850 2e-07
851 2e-07
852 3.19204e-07
853 2.8e-07
854 3.99602e-07
855 2.79602e-07
856 3.2e-07
857 4e-07
858 2e-07
859 3.2e-07
860 8e-08
861 2.79204e-07
862 3.2e-07
863 1.6e-07
864 3.19602e-07
865 1.2e-07
866 3.2e-07
867 4.8e-07
868 3.59602e-07
869 2.4e-07
870 2e-07
871 3.19204e-07
872 2.4e-07
873 1.6e-07
874 2e-07
875 2.4e-07
876 4.79204e-07
877 2.4e-07
878 3.6e-07
879 2.4e-07
880 2e-07
881 2.8e-07
882 1.99602e-07
883 2.79602e-07
884 3.2e-07
885 3.18806e-07
886 2.4e-07
887 1.19602e-07
888 4.39204e-07
889 2.4e-07
890 4.8e-07
891 5.59602e-07
892 3.2e-07
893 3.2e-07
894 2.79602e-07
895 5.59602e-07
896 3.99602e-07
897 2.39602e-07
898 1.59602e-07
899 4.78806e-07
900 3.5881e-07
901 3.59602e-07
902 3.6e-07
903 2.39602e-07
904 1.6e-07
905 3.6e-07
906 3.2e-07
907 2.8e-07
908 1.6e-07
909 2.4e-07
910 8e-08
911 4e-07
912 3.59204e-07
913 4.79602e-07
914 4e-07
915 2.79208e-07
916 2.4e-07
917 4e-07
918 1.6e-07
919 3.19602e-07
920 3.6e-07
921 2.8e-07
922 1.2e-07
923 3.6e-07
924 1.59602e-07
925 3.6e-07
926 1.6e-07
927 2e-07
928 2.79204e-07
929 4.4e-07
930 4e-07
931 3.6e-07
932 2.4e-07
933 2.4e-07
934 2.4e-07
935 3.6e-07
936 3.99204e-07
937 2.4e-07
938 3.2e-07
939 2.4e-07
940 3.59204e-07
941 3.59204e-07
942 2e-07
943 1.6e-07
944 3.99602e-07
945 1.6e-07
946 2e-07
947 1.2e-07
948 4.4e-07
949 1.59204e-07
950 2.39602e-07
951 1.6e-07
952 1.6e-07
953 1.59602e-07
954 3.2e-07
955 2e-07
956 3.2e-07
957 3.5881e-07
958 2.4e-07
959 2.79602e-07
960 2.4e-07
961 1.99602e-07
962 2.79602e-07
963 4e-07
964 1.6e-07
965 4e-07
966 1.2e-07
967 4e-08
968 2.8e-07
969 3.2e-07
970 2e-07
971 1.2e-07
972 3.6e-07
973 3.19602e-07
974 3.99602e-07
975 1.59602e-07
976 5.59204e-07
977 1.59208e-07
978 1.6e-07
979 2e-07
980 2.8e-07
981 2.79602e-07
982 4e-07
983 4.39602e-07
984 3.2e-07
985 4.78408e-07
986 2.8e-07
987 2.79602e-07
988 3.2e-07
989 1.19602e-07
990 2.8e-07
991 2.38806e-07
992 1.59602e-07
993 1.2e-07
994 2.4e-07
995 1.19602e-07
996 3.2e-07
997 2e-07
998 4.79204e-07
999 0
