0 0
1 0
2 0
3 0
4 0
5 0
6 0
7 0
8 0
9 0
10 0
11 0
12 0
13 0
14 0
15 0
16 0
17 0
18 0
19 0
20 0
21 0
22 0
23 0
24 4e-06
25 0
26 0
27 8e-06
28 4e-06
29 0
30 4e-06
31 0
32 0
33 0
34 0
35 0
36 1.2e-05
37 8e-06
38 0
39 0
40 0
41 0
42 0
43 1.2e-05
44 0
45 0
46 0
47 0
48 4e-06
49 4e-06
50 4e-06
51 4e-06
52 0
53 0
54 4e-06
55 4e-06
56 8e-06
57 1.2e-05
58 1.2e-05
59 0
60 0
61 1.6e-05
62 1.2e-05
63 8e-06
64 8e-06
65 0
66 8e-06
67 4e-06
68 4e-06
69 0
70 1.2e-05
71 1.6e-05
72 0
73 1.2e-05
74 4e-06
75 4e-06
76 1.2e-05
77 8e-06
78 4e-06
79 1.6e-05
80 8e-06
81 1.6e-05
82 1.2e-05
83 1.2e-05
84 8e-06
85 1.6e-05
86 8e-06
87 1.6e-05
88 4e-06
89 1.2e-05
90 0
91 8e-06
92 4e-06
93 1.6e-05
94 2e-05
95 1.2e-05
96 2e-05
97 1.2e-05
98 1.2e-05
99 4e-05
100 1.6e-05
101 8e-06
102 4e-06
103 2e-05
104 2.8e-05
105 4e-06
106 2.8e-05
107 2.4e-05
108 2.8e-05
109 1.6e-05
110 1.2e-05
111 1.6e-05
112 1.2e-05
113 1.2e-05
114 1.6e-05
115 4e-06
116 1.2e-05
117 2e-05
118 8e-06
119 2.4e-05
120 1.2e-05
121 2e-05
122 2.14715e-05
123 2e-05
124 2.8e-05
125 4e-05
126 8e-06
127 5.47152e-06
128 1.2e-05
129 1.6e-05
130 1.6e-05
131 1.2e-05
132 2.8e-05
133 1.2e-05
134 2e-05
135 2.14715e-05
136 8e-06
137 2.8e-05
138 3.2e-05
139 1.74715e-05
140 2e-05
141 1.34715e-05
142 3.2e-05
143 2e-05
144 1.74715e-05
145 2.4e-05
146 2.4e-05
147 2.4e-05
148 1.6e-05
149 1.6e-05
150 1.6e-05
151 2.14715e-05
152 1.6e-05
153 3.2e-05
154 4.4e-05
155 2.8e-05
156 1.2e-05
157 3.34715e-05
158 1.34715e-05
159 1.2e-05
160 3.6e-05
161 2.4e-05
162 3.74715e-05
163 1.6e-05
164 2.4e-05
165 3.2e-05
166 2.8e-05
167 2.8e-05
168 3.6e-05
169 2.8e-05
170 3.6e-05
171 2.8e-05
172 2e-05
173 3.2e-05
174 2.4e-05
175 1.6e-05
176 2.8e-05
177 3.34715e-05
178 3.2e-05
179 2e-05
180 2.8e-05
181 2e-05
182 2e-05
183 2e-05
184 2.4e-05
185 2.14715e-05
186 1.6e-05
187 4e-05
188 3.6e-05
189 3.6e-05
190 5.6e-05
191 3.2e-05
192 4e-05
193 1.6e-05
194 1.2e-05
195 2e-05
196 2e-05
197 2e-05
198 3.2e-05
199 1.6e-05
200 1.6e-05
201 1.6e-05
202 2.4e-05
203 5.6e-05
204 3.6e-05
205 1.34715e-05
206 1.6e-05
207 2.8e-05
208 1.6e-05
209 1.74715e-05
210 3.2e-05
211 1.2e-05
212 2e-05
213 1.6e-05
214 3.2e-05
215 8e-06
216 1.2e-05
217 4e-06
218 3.2e-05
219 2e-05
220 1.6e-05
221 2e-05
222 1.6e-05
223 2.4e-05
224 4.14715e-05
225 2.8e-05
226 3.2e-05
227 2.8e-05
228 3.2e-05
229 4.54715e-05
230 4.8e-05
231 2e-05
232 3.34715e-05
233 2.8e-05
234 2.8e-05
235 1.6e-05
236 1.34715e-05
237 2.8e-05
238 3.34715e-05
239 2.8e-05
240 2.14715e-05
241 2.14715e-05
242 8e-06
243 3.2e-05
244 2.8e-05
245 4.4e-05
246 2e-05
247 2.4e-05
248 1.6e-05
249 3.6e-05
250 2e-05
251 3.2e-05
252 3.2e-05
253 2e-05
254 2e-05
255 3.74715e-05
256 2.8e-05
257 2e-05
258 3.2e-05
259 3.6e-05
260 2.2943e-05
261 1.2e-05
262 6e-05
263 2.4e-05
264 3.2e-05
265 3.6e-05
266 1.6e-05
267 4.8e-05
268 4e-05
269 2e-05
270 2.4e-05
271 2.14715e-05
272 3.2e-05
273 2.14715e-05
274 2.8e-05
275 1.6e-05
276 3.2e-05
277 1.2e-05
278 1.6e-05
279 1.6e-05
280 4e-05
281 1.2e-05
282 3.2e-05
283 2.8e-05
284 2e-05
285 2.8e-05
286 2e-05
287 3.2e-05
288 4.4e-05
289 2.2943e-05
290 2.4e-05
291 2.8e-05
292 2.8e-05
293 3.2e-05
294 1.6e-05
295 2.8e-05
296 3.6e-05
297 3.2e-05
298 2.4e-05
299 1.2e-05
300 3.2e-05
301 2.4e-05
302 2.4e-05
303 2.8e-05
304 2.54715e-05
305 6e-05
306 2.4e-05
307 3.2e-05
308 2.8e-05
309 8e-06
310 1.6e-05
311 2.4e-05
312 1.34715e-05
313 2.54715e-05
314 4.54715e-05
315 4.8e-05
316 4.8e-05
317 2.8e-05
318 4e-05
319 4.8e-05
320 2.4e-05
321 3.2e-05
322 2e-05
323 2e-05
324 3.6e-05
325 4.54715e-05
326 4e-05
327 1.6e-05
328 3.2e-05
329 4e-05
330 4e-05
331 3.34715e-05
332 3.74715e-05
333 2.8e-05
334 4e-05
335 4.8e-05
336 2.4e-05
337 1.6e-05
338 1.2e-05
339 2.4e-05
340 8e-06
341 2.4e-05
342 3.34715e-05
343 1.2e-05
344 3.2e-05
345 4e-05
346 2e-05
347 2.8e-05
348 3.74715e-05
349 2.8e-05
350 1.2e-05
351 2.4e-05
352 3.74715e-05
353 4e-05
354 2e-05
355 6e-05
356 4e-05
357 4.4e-05
358 2.14715e-05
359 2.8e-05
360 2.4e-05
361 4.4e-05
362 4e-05
363 3.2e-05
364 3.2e-05
365 1.2e-05
366 4e-05
367 3.6e-05
368 2.4e-05
369 3.2e-05
370 1.2e-05
371 3.2e-05
372 3.6e-05
373 3.2e-05
374 2.54715e-05
375 3.2e-05
376 2e-05
377 2.4e-05
378 4e-05
379 2.8e-05
380 2.4e-05
381 1.74715e-05
382 4.4e-05
383 1.6e-05
384 3.2e-05
385 2.8e-05
386 2.4e-05
387 2.4e-05
388 3.6e-05
389 2e-05
390 2.54715e-05
391 3.6e-05
392 1.6e-05
393 3.2e-05
394 3.6e-05
395 2.8e-05
396 1.6e-05
397 2.8e-05
398 1.2e-05
399 4.54715e-05
400 3.2e-05
401 3.74715e-05
402 3.2e-05
403 2.54715e-05
404 2.8e-05
405 2e-05
406 2e-05
407 3.2e-05
408 3.2e-05
409 2.4e-05
410 2.4e-05
411 4.54715e-05
412 1.6e-05
413 3.34715e-05
414 2.8e-05
415 2.4e-05
416 2.94715e-05
417 2.54715e-05
418 3.34715e-05
419 3.2e-05
420 4e-05
421 3.2e-05
422 1.6e-05
423 2.4e-05
424 2.4e-05
425 3.6e-05
426 2.8e-05
427 2.94715e-05
428 2.4e-05
429 2.4e-05
430 3.6e-05
431 4e-05
432 2e-05
433 2.54715e-05
434 2.4e-05
435 1.6e-05
436 1.74715e-05
437 3.6e-05
438 2.4e-05
439 1.2e-05
440 8e-06
441 2e-05
442 3.64146e-05
443 3.34715e-05
444 8e-06
445 1.6e-05
446 3.6e-05
447 3.6e-05
448 3.74715e-05
449 4e-05
450 2e-05
451 3.2e-05
452 2.8e-05
453 2.14715e-05
454 2.8e-05
455 2.54715e-05
456 2.14715e-05
457 2.2943e-05
458 3.2e-05
459 2.4e-05
460 4e-05
461 3.74715e-05
462 2.8e-05
463 3.34715e-05
464 2e-05
465 2.4e-05
466 4.54715e-05
467 1.6e-05
468 2.8e-05
469 2.8e-05
470 2.4e-05
471 0
472 3.34715e-05
473 4e-05
474 1.2e-05
475 4.4e-05
476 1.2e-05
477 1.2e-05
478 3.2e-05
479 1.2e-05
480 4e-05
481 2.4e-05
482 2e-05
483 4.4e-05
484 2e-05
485 5.2e-05
486 5.74715e-05
487 2e-05
488 2.4e-05
489 8e-06
490 1.6e-05
491 3.6e-05
492 1.2e-05
493 1.6e-05
494 1.6e-05
495 3.2e-05
496 3.6e-05
497 2.54715e-05
498 2e-05
499 4.8e-05
500 3.2e-05
501 2.4e-05
502 3.6e-05
503 2.8e-05
504 2.4e-05
505 2.8e-05
506 3.2e-05
507 2.54715e-05
508 1.2e-05
509 2e-05
510 3.2e-05
511 2e-05
512 2.8e-05
513 1.25413e-05
514 4.2943e-05
515 1.6e-05
516 2.14715e-05
517 4e-05
518 2.4e-05
519 2e-05
520 2.8e-05
521 2.94715e-05
522 1.74715e-05
523 3.74715e-05
524 3.74715e-05
525 2e-05
526 2.14715e-05
527 3.2e-05
528 4e-05
529 2.4e-05
530 1.2e-05
531 2.4e-05
532 2.4e-05
533 3.34715e-05
534 1.6e-05
535 2.6943e-05
536 3.2e-05
537 1.65413e-05
538 1.2e-05
539 2.4e-05
540 4.8e-05
541 2.14715e-05
542 2e-05
543 1.6e-05
544 1.6e-05
545 2.14715e-05
546 2e-05
547 3.6e-05
548 2.8e-05
549 2.4e-05
550 3.6e-05
551 2.4e-05
552 1.2e-05
553 2.54715e-05
554 1.2e-05
555 2.54715e-05
556 5.0943e-05
557 1.6e-05
558 1.2e-05
559 2.4e-05
560 3.6e-05
561 8e-06
562 2.4e-05
563 3.2e-05
564 1.6e-05
565 4e-05
566 1.6e-05
567 1.6e-05
568 2.4e-05
569 2.8e-05
570 4.8e-05
571 2.4e-05
572 1.74715e-05
573 3.34715e-05
574 3.6e-05
575 3.6e-05
576 1.2e-05
577 3.2e-05
578 1.34715e-05
579 1.2e-05
580 2.8e-05
581 2e-05
582 1.2e-05
583 2.4e-05
584 1.6e-05
585 1.2e-05
586 2.4e-05
587 1.6e-05
588 2.54715e-05
589 2e-05
590 8e-06
591 1.6e-05
592 2.4e-05
593 3.6e-05
594 2.4e-05
595 3.6e-05
596 8e-06
597 3.2e-05
598 1.6e-05
599 2.8e-05
600 3.6e-05
601 1.6e-05
602 2e-05
603 2.8e-05
604 3.74715e-05
605 2.54715e-05
606 8e-06
607 3.34715e-05
608 2.54715e-05
609 2.4e-05
610 2.4e-05
611 4.14715e-05
612 4e-05
613 2e-05
614 4e-05
615 4e-05
616 2.8e-05
617 2e-05
618 8e-06
619 2.4e-05
620 1.34715e-05
621 3.74715e-05
622 5.47152e-06
623 2.8e-05
624 8e-06
625 1.2e-05
626 2.14715e-05
627 2.4e-05
628 2.4e-05
629 2.54715e-05
630 2.14715e-05
631 4.8e-05
632 1.2e-05
633 3.4943e-05
634 2.4e-05
635 2.4e-05
636 2.8e-05
637 1.6e-05
638 1.2e-05
639 2e-05
640 2e-05
641 3.6e-05
642 2e-05
643 1.6e-05
644 2.4e-05
645 2.54715e-05
646 2.54715e-05
647 1.0943e-05
648 2.94715e-05
649 2.4e-05
650 1.6e-05
651 3.2e-05
652 2.8e-05
653 1.2e-05
654 3.6e-05
655 1.6e-05
656 2.8e-05
657 2.8e-05
658 1.2e-05
659 3.6e-05
660 4e-06
661 2.4e-05
662 2.8e-05
663 2.8e-05
664 2.4e-05
665 2e-05
666 3.2e-05
667 1.2e-05
668 4.4e-05
669 1.74715e-05
670 3.2e-05
671 2.8e-05
672 1.2e-05
673 3.6e-05
674 2.8e-05
675 2e-05
676 2.4e-05
677 3.74715e-05
678 9.47152e-06
679 3.2e-05
680 3.6e-05
681 2e-05
682 9.47152e-06
683 3.6e-05
684 2.6943e-05
685 1.2e-05
686 2.4e-05
687 3.74715e-05
688 2e-05
689 2.8e-05
690 2.94715e-05
691 2.94715e-05
692 2.4e-05
693 1.6e-05
694 9.47152e-06
695 2.4e-05
696 2.4e-05
697 2.94715e-05
698 2.94715e-05
699 4.14715e-05
700 1.2e-05
701 2.4e-05
702 2e-05
703 1.74715e-05
704 1.6e-05
705 2e-05
706 3.2e-05
707 2.4e-05
708 2.4e-05
709 2.4e-05
710 2.54715e-05
711 3.6e-05
712 3.6e-05
713 4.4e-05
714 3.2e-05
715 8e-06
716 2.8e-05
717 3.4943e-05
718 2.4e-05
719 1.2e-05
720 2.54715e-05
721 1.6e-05
722 2.94715e-05
723 1.74715e-05
724 2.94715e-05
725 2.4e-05
726 3.25413e-05
727 2.8e-05
728 2e-05
729 1.6e-05
730 4e-05
731 2.8e-05
732 1.2e-05
733 1.2e-05
734 1.2e-05
735 3.6e-05
736 1.6e-05
737 3.2e-05
738 2.14715e-05
739 3.2e-05
740 2.8e-05
741 2.54715e-05
742 2.4e-05
743 1.6e-05
744 2.8e-05
745 3.0943e-05
746 4e-06
747 3.2e-05
748 3.6e-05
749 2.4e-05
750 3.0943e-05
751 8e-06
752 3.2e-05
753 1.6e-05
754 1.2e-05
755 2.8e-05
756 3.6e-05
757 4e-05
758 2e-05
759 3.6e-05
760 2.4e-05
761 2.8e-05
762 2e-05
763 2.4e-05
764 3.2e-05
765 1.6e-05
766 2.4e-05
767 2.14715e-05
768 2e-05
769 8e-06
770 2.14715e-05
771 3.6e-05
772 1.2e-05
773 4e-06
774 1.6e-05
775 3.2e-05
776 2e-05
777 4e-05
778 2.4e-05
779 4e-05
780 1.34715e-05
781 2e-05
782 3.6e-05
783 8e-06
784 3.6e-05
785 2.14715e-05
786 1.2e-05
787 1.6e-05
788 1.74715e-05
789 1.6e-05
790 2.4e-05
791 1.2e-05
792 2.8e-05
793 4e-05
794 2.4e-05
795 2.14715e-05
796 2.8e-05
797 1.6e-05
798 2e-05
799 4e-05
800 3.25413e-05
801 2.4e-05
802 2.14715e-05
803 8e-06
804 3.6e-05
805 3.6e-05
806 2e-05
807 3.2e-05
808 3.34715e-05
809 3.34715e-05
810 3.2e-05
811 2.85413e-05
812 4e-05
813 2e-05
814 3.2e-05
815 3.2e-05
816 2.14715e-05
817 1.6e-05
818 2e-05
819 2.54715e-05
820 1.6e-05
821 1.6e-05
822 1.6e-05
823 2e-05
824 2.94715e-05
825 1.2e-05
826 8e-06
827 2.94715e-05
828 4e-05
829 8e-06
830 3.6e-05
831 2.4e-05
832 1.6e-05
833 4.4e-05
834 2.8e-05
835 3.6e-05
836 2.8e-05
837 3.74715e-05
838 1.2e-05
839 2.54715e-05
840 2.4e-05
841 2.94715e-05
842 8e-06
843 2.94715e-05
844 1.6e-05
845 2e-05
846 2.8e-05
847 1.74715e-05
848 2e-05
849 2e-05
850 2.8e-05
851 2.8e-05
852 2.54715e-05
853 4e-05
854 2e-05
855 3.74715e-05
856 2e-05
857 4e-05
858 2.8e-05
859 2e-05
860 1.74715e-05
861 9.47152e-06
862 1.6e-05
863 2.4e-05
864 3.6e-05
865 1.2e-05
866 2.94715e-05
867 2.8e-05
868 2.4e-05
869 2.8e-05
870 1.2e-05
871 2.4e-05
872 3.6e-05
873 1.2e-05
874 1.74715e-05
875 1.6e-05
876 2e-05
877 1.6e-05
878 2.4e-05
879 8e-06
880 2e-05
881 4e-06
882 8e-06
883 3.2e-05
884 3.2e-05
885 8e-06
886 2.8e-05
887 3.2e-05
888 2.14715e-05
889 3.2e-05
890 0
891 1.2e-05
892 1.6e-05
893 2.94715e-05
894 2.05413e-05
895 2.2943e-05
896 2e-05
897 2e-05
898 2e-05
899 2.14715e-05
900 2.4e-05
901 1.6e-05
902 1.6e-05
903 1.34715e-05
904 2.4e-05
905 2.8e-05
906 1.2e-05
907 2.8e-05
908 2e-05
909 2.54715e-05
910 2e-05
911 2.4e-05
912 1.2e-05
913 4e-06
914 5.2e-05
915 2.8e-05
916 2.14715e-05
917 2.8e-05
918 2.94715e-05
919 4.4e-05
920 8e-06
921 2.14715e-05
922 8e-06
923 2.8e-05
924 1.34715e-05
925 2e-05
926 3.2e-05
927 2e-05
928 1.6e-05
929 1.2e-05
930 3.74715e-05
931 2.14715e-05
932 2.8e-05
933 2e-05
934 2.4e-05
935 2.2943e-05
936 2e-05
937 2.8e-05
938 2.14715e-05
939 2.85413e-05
940 2e-05
941 2e-05
942 1.2e-05
943 1.4943e-05
944 1.6e-05
945 1.6e-05
946 3.34715e-05
947 3.2e-05
948 2.8e-05
949 2.8e-05
950 1.6e-05
951 8e-06
952 2.4e-05
953 2.8e-05
954 1.2e-05
955 4e-06
956 3.34715e-05
957 2e-05
958 2.8e-05
959 4.54715e-05
960 1.2e-05
961 1.2e-05
962 2.4e-05
963 2e-05
964 1.6e-05
965 2.14715e-05
966 2e-05
967 1.34715e-05
968 2.54715e-05
969 1.6e-05
970 1.74715e-05
971 2.8e-05
972 2.4e-05
973 4e-06
974 9.47152e-06
975 3.2e-05
976 2e-05
977 2e-05
978 1.6e-05
979 3.6e-05
980 2e-05
981 2.8e-05
982 2e-05
983 1.74715e-05
984 1.2e-05
985 2e-05
986 2.94715e-05
987 2.14715e-05
988 3.74715e-05
989 1.74715e-05
990 2.8e-05
991 2.6943e-05
992 1.2e-05
993 4.4e-05
994 3.2e-05
995 5.0943e-05
996 8e-06
997 1.6e-05
998 1.6e-05
999 0
