0 0
1 0
2 0
3 4e-08
4 0
5 8e-08
6 4e-08
7 2.8e-07
8 0
9 2e-07
10 1.2e-07
11 1.2e-07
12 1.6e-07
13 2.8e-07
14 2.4e-07
15 2.4e-07
16 3.2e-07
17 5.6e-07
18 5.2e-07
19 4e-07
20 6.4e-07
21 5.2e-07
22 4.4e-07
23 8.4e-07
24 5.6e-07
25 4.79602e-07
26 7.2e-07
27 6.39602e-07
28 6e-07
29 4.4e-07
30 8e-07
31 1e-06
32 7.2e-07
33 1.0796e-06
34 5.6e-07
35 7.2e-07
36 7.59602e-07
37 3.2e-07
38 5.6e-07
39 7.6e-07
40 7.6e-07
41 7.2e-07
42 5.2e-07
43 7.99602e-07
44 8.8e-07
45 5.6e-07
46 9.2e-07
47 8.4e-07
48 8e-07
49 7.2e-07
50 8e-07
51 6.79602e-07
52 8.8e-07
53 8.8e-07
54 6.39602e-07
55 5.19204e-07
56 6.8e-07
57 6.39602e-07
58 6.4e-07
59 6.8e-07
60 1.1196e-06
61 6.39602e-07
62 6.8e-07
63 6e-07
64 8e-07
65 8.8e-07
66 7.99602e-07
67 8.4e-07
68 5.2e-07
69 6e-07
70 7.59602e-07
71 5.99602e-07
72 8.79602e-07
73 9.2e-07
74 6e-07
75 8.39602e-07
76 6e-07
77 6.8e-07
78 6.8e-07
79 7.6e-07
80 6.4e-07
81 9.19602e-07
82 6e-07
83 6.79602e-07
84 7.59602e-07
85 6e-07
86 5.2e-07
87 5.59204e-07
88 7.6e-07
89 6.8e-07
90 7.2e-07
91 8e-07
92 6.4e-07
93 1e-06
94 9.6e-07
95 5.2e-07
96 7.6e-07
97 8.39602e-07
98 7.2e-07
99 7.99602e-07
100 6.4e-07
101 8e-07
102 5.6e-07
103 8.79602e-07
104 3.59204e-07
105 8.8e-07
106 6e-07
107 8e-07
108 8.39602e-07
109 6.8e-07
110 7.6e-07
111 9.6e-07
112 5.2e-07
113 6.79602e-07
114 5.2e-07
115 7.99204e-07
116 5.19602e-07
117 5.2e-07
118 4.4e-07
119 8e-07
120 6.4e-07
121 8e-07
122 4.79602e-07
123 6.79602e-07
124 6.4e-07
125 5.6e-07
126 4.8e-07
127 5.6e-07
128 8.79602e-07
129 5.6e-07
130 6.4e-07
131 6e-07
132 9.19602e-07
133 7.2e-07
134 6.8e-07
135 7.59602e-07
136 6e-07
137 6.4e-07
138 4.8e-07
139 7.2e-07
140 8.79602e-07
141 7.2e-07
142 6.8e-07
143 5.99602e-07
144 6.39602e-07
145 7.19208e-07
146 7.99602e-07
147 4e-07
148 5.2e-07
149 6e-07
150 4.4e-07
151 6e-07
152 9.59602e-07
153 6.8e-07
154 7.6e-07
155 9.2e-07
156 7.59602e-07
157 7.6e-07
158 7.19602e-07
159 8.4e-07
160 4.8e-07
161 6.4e-07
162 6.4e-07
163 6e-07
164 5.6e-07
165 7.59602e-07
166 5.59602e-07
167 5.2e-07
168 4.8e-07
169 5.6e-07
170 3.99602e-07
171 4.8e-07
172 7.6e-07
173 4.79602e-07
174 6.79204e-07
175 6.79602e-07
176 5.99602e-07
177 4.39602e-07
178 7.2e-07
179 6.8e-07
180 6.39602e-07
181 3.6e-07
182 6e-07
183 4e-07
184 7.2e-07
185 5.6e-07
186 7.59602e-07
187 3.6e-07
188 4.8e-07
189 6.4e-07
190 5.6e-07
191 7.6e-07
192 3.6e-07
193 3.19602e-07
194 4.4e-07
195 5.2e-07
196 5.99204e-07
197 6.79602e-07
198 2.8e-07
199 3.6e-07
200 3.6e-07
201 4.39602e-07
202 4.8e-07
203 5.98806e-07
204 5.19602e-07
205 5.99602e-07
206 4.79602e-07
207 6e-07
208 5.6e-07
209 3.2e-07
210 5.6e-07
211 4.79602e-07
212 6.39204e-07
213 5.2e-07
214 4.39602e-07
215 7.19602e-07
216 7.6e-07
217 4.8e-07
218 4.8e-07
219 3.6e-07
220 4.79602e-07
221 3.99602e-07
222 3.6e-07
223 5.6e-07
224 6.4e-07
225 5.99602e-07
226 5.19602e-07
227 5.59204e-07
228 6.4e-07
229 7.6e-07
230 5.99602e-07
231 4e-07
232 4.79602e-07
233 6.79602e-07
234 3.2e-07
235 3.59602e-07
236 4.79602e-07
237 4.8e-07
238 4.8e-07
239 3.99602e-07
240 6e-07
241 7.6e-07
242 6e-07
243 6.79602e-07
244 6.79602e-07
245 2.8e-07
246 3.6e-07
247 7.6e-07
248 4e-07
249 5.6e-07
250 9.6e-07
251 4.79204e-07
252 4.4e-07
253 6e-07
254 5.99602e-07
255 4.4e-07
256 6e-07
257 7.6e-07
258 5.99602e-07
259 4.39602e-07
260 4.8e-07
261 4.8e-07
262 4e-07
263 7.2e-07
264 7.2e-07
265 2.8e-07
266 3.6e-07
267 5.6e-07
268 5.2e-07
269 7.2e-07
270 3.6e-07
271 7.19204e-07
272 6.39602e-07
273 4.79204e-07
274 5.6e-07
275 4.8e-07
276 4.4e-07
277 4.4e-07
278 5.19602e-07
279 6e-07
280 7.19602e-07
281 4.4e-07
282 3.2e-07
283 5.59602e-07
284 4.4e-07
285 3.2e-07
286 4.4e-07
287 2.4e-07
288 5.6e-07
289 6e-07
290 5.19602e-07
291 5.6e-07
292 6e-07
293 5.2e-07
294 2.8e-07
295 5.6e-07
296 6e-07
297 5.2e-07
298 4.8e-07
299 3.99602e-07
300 4.39602e-07
301 2.4e-07
302 4e-07
303 8e-07
304 4.8e-07
305 4.4e-07
306 3.6e-07
307 3.19602e-07
308 1.59602e-07
309 3.6e-07
310 8e-07
311 3.2e-07
312 3.2e-07
313 6.4e-07
314 3.6e-07
315 2.8e-07
316 6e-07
317 3.59602e-07
318 4e-07
319 5.6e-07
320 5.19602e-07
321 5.59602e-07
322 2.8e-07
323 8.8e-07
324 5.19602e-07
325 4.4e-07
326 5.99602e-07
327 4e-07
328 8.4e-07
329 3.6e-07
330 2.4e-07
331 6.8e-07
332 5.2e-07
333 4.8e-07
334 7.2e-07
335 1.2e-07
336 6.39602e-07
337 5.6e-07
338 3.99602e-07
339 4.4e-07
340 5.2e-07
341 4.4e-07
342 3.19602e-07
343 6e-07
344 5.99602e-07
345 6.39602e-07
346 3.6e-07
347 5.6e-07
348 5.19602e-07
349 6.4e-07
350 3.19208e-07
351 3.99602e-07
352 4.4e-07
353 6e-07
354 6.8e-07
355 6.8e-07
356 5.6e-07
357 4.8e-07
358 3.6e-07
359 5.6e-07
360 3.6e-07
361 4e-07
362 6.39602e-07
363 4.4e-07
364 4.8e-07
365 6.39602e-07
366 7.2e-07
367 5.6e-07
368 4.39204e-07
369 4e-07
370 5.2e-07
371 2.4e-07
372 4.4e-07
373 2.8e-07
374 3.6e-07
375 1.2e-07
376 4.79602e-07
377 4e-07
378 3.2e-07
379 7.99602e-07
380 4e-07
381 4.4e-07
382 4.8e-07
383 2.79602e-07
384 2.4e-07
385 4.4e-07
386 6.39204e-07
387 4.8e-07
388 4e-07
389 4.39602e-07
390 2.4e-07
391 4.4e-07
392 4e-07
393 2.79602e-07
394 5.2e-07
395 4.4e-07
396 4e-07
397 4.8e-07
398 2.79602e-07
399 2.8e-07
400 4.4e-07
401 5.59602e-07
402 6.8e-07
403 3.6e-07
404 3.2e-07
405 4.8e-07
406 3.19602e-07
407 7.59602e-07
408 4.4e-07
409 1.2e-07
410 3.19602e-07
411 4.4e-07
412 3.6e-07
413 4.8e-07
414 2.8e-07
415 2.4e-07
416 1.6e-07
417 1.59602e-07
418 3.59602e-07
419 6.8e-07
420 4.79602e-07
421 6.78806e-07
422 2.8e-07
423 6.79602e-07
424 4.8e-07
425 4.39602e-07
426 4.39204e-07
427 3.59602e-07
428 6.39602e-07
429 4e-07
430 4.39602e-07
431 3.6e-07
432 2.8e-07
433 3.59602e-07
434 4.8e-07
435 4.4e-07
436 5.59602e-07
437 3.59602e-07
438 4.79602e-07
439 2.8e-07
440 3.19602e-07
441 3.6e-07
442 4.4e-07
443 6e-07
444 4.4e-07
445 2.4e-07
446 3.99602e-07
447 4.39602e-07
448 4.39602e-07
449 5.6e-07
450 4e-07
451 3.99602e-07
452 4.79602e-07
453 3.99208e-07
454 2e-07
455 2.79602e-07
456 7.19602e-07
457 2.8e-07
458 2.4e-07
459 2.8e-07
460 4.4e-07
461 2.39602e-07
462 5.99602e-07
463 4.79602e-07
464 2e-07
465 5.2e-07
466 3.99204e-07
467 4.78806e-07
468 3.99602e-07
469 2.8e-07
470 4.8e-07
471 4.4e-07
472 2e-07
473 3.2e-07
474 3.99602e-07
475 4.4e-07
476 2e-07
477 3.6e-07
478 4e-07
479 5.59602e-07
480 2.4e-07
481 6.4e-07
482 5.6e-07
483 4.8e-07
484 4.79602e-07
485 4.8e-07
486 4.4e-07
487 2.4e-07
488 2.79602e-07
489 3.19602e-07
490 3.6e-07
491 5.6e-07
492 6.8e-07
493 3.99602e-07
494 3.2e-07
495 2.4e-07
496 4e-07
497 3.19208e-07
498 2.8e-07
499 4.39602e-07
500 2.4e-07
501 2e-07
502 2.4e-07
503 3.19602e-07
504 4e-07
505 4.8e-07
506 4e-07
507 3.6e-07
508 5.19204e-07
509 4.79602e-07
510 3.99602e-07
511 3.99204e-07
512 2.8e-07
513 3.6e-07
514 2e-07
515 6.4e-07
516 4e-07
517 3.59602e-07
518 4.4e-07
519 3.99602e-07
520 8e-08
521 2.4e-07
522 4e-07
523 4.39204e-07
524 3.59602e-07
525 3.6e-07
526 3.2e-07
527 4.4e-07
528 2.4e-07
529 1.99602e-07
530 3.6e-07
531 3.2e-07
532 4.3881e-07
533 2.39602e-07
534 3.6e-07
535 3.59204e-07
536 2.39602e-07
537 2.38806e-07
538 3.99602e-07
539 5.6e-07
540 3.99204e-07
541 3.6e-07
542 1.6e-07
543 2.39204e-07
544 4.79204e-07
545 2.8e-07
546 4e-07
547 3.99602e-07
548 1.6e-07
549 3.59602e-07
550 3.99602e-07
551 2.4e-07
552 2.8e-07
553 2.8e-07
554 3.6e-07
555 1.6e-07
556 4e-07
557 4.79602e-07
558 4e-07
559 4e-07
560 5.59602e-07
561 3.59602e-07
562 4.4e-07
563 8e-08
564 3.6e-07
565 2.79602e-07
566 4.4e-07
567 3.6e-07
568 2.8e-07
569 4.79602e-07
570 5.6e-07
571 4e-07
572 4.4e-07
573 4e-07
574 2.8e-07
575 3.59602e-07
576 2.79204e-07
577 3.2e-07
578 3.19602e-07
579 6.8e-07
580 1.6e-07
581 2.4e-07
582 2.79602e-07
583 2.8e-07
584 2e-07
585 4.39602e-07
586 4.78806e-07
587 5.2e-07
588 3.2e-07
589 1.6e-07
590 3.99602e-07
591 2.79602e-07
592 3.99602e-07
593 1.6e-07
594 3.6e-07
595 4e-07
596 3.19602e-07
597 3.6e-07
598 3.6e-07
599 2.39602e-07
600 4.79204e-07
601 5.6e-07
602 3.99602e-07
603 1.6e-07
604 4e-07
605 2.4e-07
606 3.59204e-07
607 3.59602e-07
608 3.99602e-07
609 2e-07
610 3.19602e-07
611 5.19204e-07
612 5.6e-07
613 2.4e-07
614 4.79602e-07
615 2e-07
616 3.6e-07
617 5.19204e-07
618 3.2e-07
619 1.6e-07
620 4.39602e-07
621 3.6e-07
622 1.6e-07
623 3.59602e-07
624 3.19602e-07
625 3.19602e-07
626 1.6e-07
627 2.79602e-07
628 3.6e-07
629 2.4e-07
630 2.4e-07
631 2.79602e-07
632 4e-07
633 2.8e-07
634 3.6e-07
635 2.4e-07
636 6.39602e-07
637 2e-07
638 2.79602e-07
639 4.4e-07
640 2.8e-07
641 3.59602e-07
642 3.19602e-07
643 1.2e-07
644 3.19602e-07
645 2.4e-07
646 3.2e-07
647 1.99204e-07
648 3.59602e-07
649 3.2e-07
650 3.59602e-07
651 2.8e-07
652 2.8e-07
653 2.4e-07
654 3.59602e-07
655 5.6e-07
656 4.8e-07
657 1.6e-07
658 2e-07
659 3.6e-07
660 2e-07
661 3.59602e-07
662 3.2e-07
663 5.2e-07
664 6.79602e-07
665 5.2e-07
666 2e-07
667 2e-07
668 3.6e-07
669 3.2e-07
670 1.2e-07
671 2.39602e-07
672 3.6e-07
673 5.99602e-07
674 5.59204e-07
675 2.8e-07
676 1.2e-07
677 3.19204e-07
678 2.79204e-07
679 2.4e-07
680 3.99602e-07
681 3.6e-07
682 4.79204e-07
683 2.8e-07
684 4.39602e-07
685 3.2e-07
686 3.6e-07
687 1.6e-07
688 3.2e-07
689 6.39602e-07
690 4.39602e-07
691 2.39602e-07
692 8e-08
693 1.6e-07
694 3.19602e-07
695 3.6e-07
696 4e-07
697 4e-07
698 4.39602e-07
699 3.19602e-07
700 2e-07
701 4e-07
702 2.4e-07
703 2.79602e-07
704 5.6e-07
705 3.59602e-07
706 3.59602e-07
707 4.4e-07
708 3.2e-07
709 3.19204e-07
710 2.8e-07
711 5.18806e-07
712 3.99602e-07
713 5.59204e-07
714 2e-07
715 4.39602e-07
716 3.2e-07
717 2.39602e-07
718 2.39602e-07
719 3.6e-07
720 3.99204e-07
721 2.79602e-07
722 4e-07
723 8e-08
724 1.99602e-07
725 2.8e-07
726 3.6e-07
727 4e-07
728 4.8e-07
729 3.58408e-07
730 4e-07
731 4.39204e-07
732 4.8e-07
733 2e-07
734 2.4e-07
735 3.2e-07
736 3.19602e-07
737 4.8e-07
738 4.8e-07
739 5.19602e-07
740 3.2e-07
741 2.8e-07
742 3.2e-07
743 2.39602e-07
744 1.2e-07
745 1.6e-07
746 1.2e-07
747 2.4e-07
748 3.19602e-07
749 2.39602e-07
750 2.39204e-07
751 2e-07
752 3.99204e-07
753 1.99602e-07
754 2e-07
755 5.2e-07
756 4e-07
757 2.8e-07
758 2.79602e-07
759 1.59602e-07
760 1.6e-07
761 2.4e-07
762 2.4e-07
763 2e-07
764 2.4e-07
765 2e-07
766 3.6e-07
767 2.4e-07
768 2e-07
769 3.2e-07
770 2e-07
771 5.19602e-07
772 2.79602e-07
773 1.6e-07
774 3.2e-07
775 1.99602e-07
776 3.59602e-07
777 4.79602e-07
778 3.99204e-07
779 2.8e-07
780 1.99602e-07
781 1.2e-07
782 2.8e-07
783 1.2e-07
784 3.6e-07
785 1.6e-07
786 3.2e-07
787 3.2e-07
788 2.79602e-07
789 1.99602e-07
790 3.19204e-07
791 3.2e-07
792 2.79602e-07
793 2e-07
794 3.59208e-07
795 3.6e-07
796 2.8e-07
797 2.8e-07
798 2.79602e-07
799 1.6e-07
800 2e-07
801 3.6e-07
802 2.4e-07
803 2.39602e-07
804 4.4e-07
805 3.19204e-07
806 2.39602e-07
807 2e-07
808 2.4e-07
809 2.4e-07
810 2e-07
811 3.2e-07
812 1.59204e-07
813 3.2e-07
814 2.8e-07
815 2.4e-07
816 3.59208e-07
817 3.2e-07
818 3.99602e-07
819 4e-07
820 2.8e-07
821 3.99208e-07
822 2.8e-07
823 5.19204e-07
824 2e-07
825 3.19208e-07
826 2.8e-07
827 1.6e-07
828 4.79602e-07
829 3.19602e-07
830 5.2e-07
831 2.79204e-07
832 3.2e-07
833 2.39602e-07
834 2e-07
835 4.39208e-07
836 2.8e-07
837 4e-07
838 5.19204e-07
839 4e-07
840 3.9881e-07
841 8e-08
842 2.4e-07
843 2.4e-07
844 2.8e-07
845 3.6e-07
846 1.6e-07
847 3.59602e-07
848 5.19204e-07
849 3.59204e-07
850 2.8e-07
851 2.4e-07
852 2.39602e-07
853 1.6e-07
854 1.99602e-07
855 4e-07
856 3.99602e-07
857 2e-07
858 2.4e-07
859 3.99602e-07
860 2.4e-07
861 2.4e-07
862 2e-07
863 3.99602e-07
864 3.2e-07
865 2.4e-07
866 2.39602e-07
867 3.99602e-07
868 2e-07
869 2.4e-07
870 3.19602e-07
871 4.39602e-07
872 2.39602e-07
873 1.99602e-07
874 2.4e-07
875 2.79602e-07
876 2.39602e-07
877 3.6e-07
878 3.19204e-07
879 2.79602e-07
880 2.4e-07
881 1.99602e-07
882 3.2e-07
883 2.8e-07
884 1.59602e-07
885 2.79602e-07
886 3.6e-07
887 3.59204e-07
888 2.8e-07
889 1.99602e-07
890 2.8e-07
891 2.4e-07
892 2.8e-07
893 2e-07
894 2.4e-07
895 1.2e-07
896 2e-07
897 2.8e-07
898 3.59204e-07
899 2.4e-07
900 2.39602e-07
901 2.39204e-07
902 3.2e-07
903 2.8e-07
904 2e-07
905 3.2e-07
906 8e-08
907 2e-07
908 2.79602e-07
909 2.79602e-07
910 4.4e-07
911 5.19602e-07
912 5.19602e-07
913 1.6e-07
914 4.39602e-07
915 2.8e-07
916 8e-08
917 1.2e-07
918 1.2e-07
919 2.79602e-07
920 4e-07
921 2.8e-07
922 3.6e-07
923 3.99602e-07
924 5.19602e-07
925 2.8e-07
926 3.19602e-07
927 3.19602e-07
928 2e-07
929 2e-07
930 2.39602e-07
931 3.99602e-07
932 1.59602e-07
933 2.79602e-07
934 4e-07
935 2.79602e-07
936 3.2e-07
937 2.4e-07
938 2.79602e-07
939 3.19602e-07
940 2.39602e-07
941 2.8e-07
942 1.2e-07
943 2.8e-07
944 1.99602e-07
945 3.6e-07
946 3.2e-07
947 4.39602e-07
948 2.79602e-07
949 2.4e-07
950 2e-07
951 1.2e-07
952 8e-08
953 2e-07
954 3.59602e-07
955 2.4e-07
956 4.39602e-07
957 1.6e-07
958 1.2e-07
959 2e-07
960 1.2e-07
961 1.6e-07
962 5.19602e-07
963 2e-07
964 3.2e-07
965 2e-07
966 2.8e-07
967 3.2e-07
968 2.4e-07
969 3.59602e-07
970 2.79602e-07
971 3.2e-07
972 1.99602e-07
973 2.8e-07
974 3.19602e-07
975 2.8e-07
976 3.19602e-07
977 4.8e-07
978 3.99602e-07
979 2.79602e-07
980 1.2e-07
981 3.99602e-07
982 2.4e-07
983 2.79204e-07
984 3.2e-07
985 1.2e-07
986 3.59602e-07
987 2.4e-07
988 1.6e-07
989 3.2e-07
990 2.39602e-07
991 2.79602e-07
992 2.79602e-07
993 3.19602e-07
994 1.59602e-07
995 3.59602e-07
996 3.99602e-07
997 1.99602e-07
998 2.39602e-07
999 0
