0 0
1 0
2 0
3 0
4 0
5 0
6 0
7 0
8 0
9 0
10 0
11 0
12 0
13 0
14 0
15 0
16 0
17 4e-06
18 0
19 0
20 0
21 0
22 0
23 0
24 0
25 0
26 0
27 0
28 0
29 4e-06
30 0
31 0
32 0
33 0
34 0
35 0
36 0
37 0
38 0
39 0
40 0
41 0
42 0
43 0
44 0
45 0
46 0
47 0
48 0
49 0
50 0
51 0
52 0
53 0
54 0
55 0
56 0
57 0
58 0
59 0
60 0
61 0
62 4e-06
63 0
64 0
65 0
66 0
67 0
68 0
69 0
70 0
71 0
72 0
73 0
74 0
75 0
76 0
77 0
78 0
79 0
80 0
81 0
82 0
83 0
84 0
85 0
86 0
87 0
88 0
89 0
90 0
91 0
92 4e-06
93 0
94 0
95 0
96 0
97 0
98 4e-06
99 0
100 0
101 0
102 0
103 0
104 0
105 0
106 0
107 0
108 0
109 0
110 0
111 0
112 0
113 0
114 0
115 0
116 0
117 0
118 0
119 0
120 0
121 0
122 0
123 0
124 0
125 0
126 0
127 0
128 4e-06
129 0
130 0
131 0
132 0
133 0
134 0
135 0
136 0
137 0
138 0
139 0
140 0
141 0
142 4e-06
143 4e-06
144 1.47152e-06
145 0
146 0
147 0
148 0
149 0
150 0
151 0
152 0
153 0
154 0
155 0
156 4e-06
157 0
158 0
159 0
160 4e-06
161 4e-06
162 4e-06
163 0
164 0
165 0
166 0
167 0
168 4e-06
169 0
170 0
171 4e-06
172 4e-06
173 0
174 0
175 4e-06
176 0
177 0
178 0
179 0
180 0
181 4e-06
182 0
183 0
184 0
185 0
186 0
187 0
188 0
189 0
190 0
191 0
192 0
193 0
194 0
195 4e-06
196 0
197 0
198 0
199 0
200 0
201 0
202 4e-06
203 0
204 4e-06
205 0
206 0
207 0
208 0
209 4e-06
210 0
211 0
212 4e-06
213 0
214 0
215 0
216 0
217 4e-06
218 0
219 0
220 0
221 0
222 0
223 0
224 0
225 0
226 0
227 0
228 0
229 4e-06
230 0
231 0
232 0
233 0
234 4e-06
235 0
236 4e-06
237 0
238 0
239 4e-06
240 0
241 0
242 0
243 0
244 0
245 0
246 0
247 4e-06
248 0
249 4e-06
250 4e-06
251 0
252 4e-06
253 0
254 0
255 0
256 0
257 4e-06
258 0
259 0
260 0
261 4e-06
262 0
263 4e-06
264 4e-06
265 0
266 0
267 4e-06
268 0
269 0
270 0
271 4e-06
272 4e-06
273 0
274 0
275 0
276 0
277 0
278 4e-06
279 0
280 0
281 0
282 0
283 4e-06
284 0
285 0
286 0
287 0
288 0
289 0
290 0
291 4e-06
292 0
293 0
294 0
295 0
296 4e-06
297 0
298 0
299 8e-06
300 0
301 4e-06
302 0
303 4e-06
304 4e-06
305 0
306 0
307 0
308 0
309 0
310 0
311 4e-06
312 0
313 0
314 0
315 0
316 0
317 0
318 0
319 0
320 0
321 0
322 0
323 4e-06
324 0
325 0
326 0
327 0
328 0
329 0
330 4e-06
331 8e-06
332 0
333 8e-06
334 4e-06
335 0
336 1.2e-05
337 0
338 0
339 0
340 0
341 8e-06
342 8e-06
343 4e-06
344 0
345 0
346 0
347 4e-06
348 0
349 4e-06
350 0
351 4e-06
352 4e-06
353 0
354 8e-06
355 0
356 0
357 0
358 0
359 0
360 0
361 0
362 0
363 0
364 0
365 0
366 0
367 0
368 0
369 0
370 4e-06
371 0
372 0
373 0
374 0
375 0
376 0
377 8e-06
378 0
379 0
380 0
381 4e-06
382 0
383 4e-06
384 4e-06
385 8e-06
386 0
387 4e-06
388 8e-06
389 0
390 0
391 0
392 8e-06
393 4e-06
394 0
395 0
396 4e-06
397 0
398 4e-06
399 4e-06
400 8e-06
401 4e-06
402 0
403 0
404 8e-06
405 0
406 8e-06
407 4e-06
408 0
409 0
410 0
411 0
412 4e-06
413 4e-06
414 4e-06
415 4e-06
416 8e-06
417 4e-06
418 4e-06
419 4e-06
420 4e-06
421 4e-06
422 0
423 4e-06
424 4e-06
425 0
426 4e-06
427 4e-06
428 0
429 0
430 8e-06
431 8e-06
432 4e-06
433 0
434 0
435 0
436 4e-06
437 8e-06
438 0
439 4e-06
440 4e-06
441 4e-06
442 1.2e-05
443 1.47152e-06
444 0
445 0
446 0
447 0
448 4e-06
449 0
450 0
451 0
452 0
453 8e-06
454 8e-06
455 4e-06
456 0
457 4e-06
458 0
459 0
460 4e-06
461 8e-06
462 0
463 8e-06
464 8e-06
465 0
466 0
467 4e-06
468 0
469 8e-06
470 0
471 8e-06
472 0
473 4e-06
474 4e-06
475 0
476 4e-06
477 8e-06
478 1.2e-05
479 4e-06
480 0
481 8e-06
482 1.2e-05
483 0
484 1.47152e-06
485 0
486 4e-06
487 4e-06
488 4e-06
489 8e-06
490 0
491 0
492 0
493 4e-06
494 4e-06
495 0
496 4e-06
497 4e-06
498 8e-06
499 4e-06
500 0
501 8e-06
502 4e-06
503 4e-06
504 4e-06
505 0
506 0
507 0
508 4e-06
509 0
510 8e-06
511 4e-06
512 0
513 4e-06
514 4e-06
515 8e-06
516 8e-06
517 8e-06
518 1.2e-05
519 8e-06
520 1.2e-05
521 0
522 4e-06
523 9.47152e-06
524 8e-06
525 1.47152e-06
526 4e-06
527 4e-06
528 8e-06
529 4e-06
530 0
531 1.6e-05
532 4.54134e-06
533 0
534 0
535 4e-06
536 0
537 8e-06
538 8e-06
539 8e-06
540 4e-06
541 4e-06
542 4e-06
543 4e-06
544 0
545 8e-06
546 4e-06
547 0
548 1.2e-05
549 4e-06
550 4e-06
551 0
552 0
553 1.2e-05
554 0
555 8e-06
556 8e-06
557 4e-06
558 0
559 8e-06
560 4e-06
561 1.2e-05
562 4e-06
563 0
564 0
565 0
566 4e-06
567 4e-06
568 0
569 4e-06
570 4e-06
571 0
572 4e-06
573 4e-06
574 1.2e-05
575 4e-06
576 4e-06
577 0
578 0
579 4e-06
580 1.6e-05
581 0
582 8e-06
583 4e-06
584 4e-06
585 8e-06
586 0
587 4e-06
588 0
589 8e-06
590 0
591 8e-06
592 8e-06
593 8e-06
594 8e-06
595 4e-06
596 4e-06
597 1.2e-05
598 4e-06
599 0
600 0
601 8e-06
602 4e-06
603 1.2e-05
604 1.6e-05
605 1.2e-05
606 4e-06
607 8e-06
608 4e-06
609 4e-06
610 8e-06
611 4e-06
612 0
613 1.6e-05
614 8e-06
615 8e-06
616 8e-06
617 4e-06
618 4e-06
619 0
620 1.2e-05
621 4e-06
622 8e-06
623 0
624 4e-06
625 8e-06
626 4e-06
627 4e-06
628 8e-06
629 1.2e-05
630 1.6e-05
631 4e-06
632 0
633 5.47152e-06
634 4e-06
635 4e-06
636 1.2e-05
637 4e-06
638 4e-06
639 1.47152e-06
640 1.2e-05
641 1.2e-05
642 8e-06
643 8e-06
644 4e-06
645 4e-06
646 0
647 1.47152e-06
648 0
649 8e-06
650 8e-06
651 4e-06
652 1.6e-05
653 1.2e-05
654 4e-06
655 0
656 4e-06
657 4e-06
658 0
659 8e-06
660 8e-06
661 4e-06
662 4e-06
663 4e-06
664 4e-06
665 4e-06
666 0
667 1.2e-05
668 0
669 4e-06
670 5.47152e-06
671 4e-06
672 0
673 1.2e-05
674 0
675 2e-05
676 1.2e-05
677 5.41341e-07
678 0
679 4e-06
680 0
681 4e-06
682 4e-06
683 8e-06
684 4e-06
685 4e-06
686 1.6e-05
687 0
688 4e-06
689 8e-06
690 8e-06
691 4e-06
692 8e-06
693 1.2e-05
694 8e-06
695 1.2e-05
696 9.47152e-06
697 0
698 0
699 1.6e-05
700 8e-06
701 0
702 4e-06
703 0
704 8e-06
705 4e-06
706 8e-06
707 4e-06
708 8e-06
709 4e-06
710 1.2e-05
711 8e-06
712 1.74715e-05
713 0
714 0
715 8e-06
716 9.47152e-06
717 1.6e-05
718 0
719 1.6e-05
720 0
721 4e-06
722 1.47152e-06
723 8e-06
724 1.2e-05
725 0
726 4e-06
727 0
728 0
729 0
730 8e-06
731 4e-06
732 0
733 8e-06
734 0
735 1.2e-05
736 8e-06
737 8e-06
738 4e-06
739 8e-06
740 0
741 4e-06
742 4e-06
743 8e-06
744 4e-06
745 0
746 1.2e-05
747 0
748 0
749 1.2e-05
750 8e-06
751 1.2e-05
752 4e-06
753 0
754 0
755 4e-06
756 1.2e-05
757 4e-06
758 1.2e-05
759 8e-06
760 4e-06
761 4e-06
762 1.2e-05
763 4e-06
764 1.2e-05
765 4e-06
766 1.47152e-06
767 4e-06
768 4e-06
769 8e-06
770 8e-06
771 0
772 0
773 4e-06
774 0
775 1.2e-05
776 1.2e-05
777 1.2e-05
778 1.2e-05
779 1.2e-05
780 1.2e-05
781 0
782 0
783 0
784 4e-06
785 8e-06
786 4e-06
787 4e-06
788 1.2e-05
789 4e-06
790 4e-06
791 4e-06
792 8e-06
793 4e-06
794 0
795 0
796 4e-06
797 8e-06
798 1.6e-05
799 8e-06
800 4e-06
801 0
802 8e-06
803 8e-06
804 8e-06
805 0
806 0
807 8e-06
808 0
809 4e-06
810 4e-06
811 8e-06
812 0
813 0
814 4e-06
815 3.6e-05
816 8e-06
817 0
818 2e-05
819 0
820 0
821 8e-06
822 9.47152e-06
823 2e-05
824 2e-05
825 8e-06
826 0
827 8e-06
828 1.6e-05
829 0
830 8e-06
831 4e-06
832 4e-06
833 8e-06
834 4e-06
835 1.2e-05
836 1.6e-05
837 4e-06
838 8e-06
839 0
840 4e-06
841 4e-06
842 0
843 0
844 0
845 1.2e-05
846 8e-06
847 4e-06
848 1.6e-05
849 4e-06
850 8e-06
851 1.6e-05
852 8e-06
853 1.6e-05
854 8e-06
855 2e-05
856 1.2e-05
857 1.6e-05
858 4e-06
859 0
860 0
861 1.2e-05
862 8e-06
863 2.4e-05
864 4e-06
865 1.47152e-06
866 2e-05
867 4e-06
868 8e-06
869 8e-06
870 0
871 8e-06
872 9.47152e-06
873 1.2e-05
874 4e-06
875 2e-05
876 0
877 4e-06
878 8e-06
879 8e-06
880 1.2e-05
881 0
882 0
883 1.2e-05
884 1.2e-05
885 2e-05
886 1.2e-05
887 5.47152e-06
888 8e-06
889 1.2e-05
890 8e-06
891 1.2e-05
892 8e-06
893 8e-06
894 8e-06
895 8e-06
896 8e-06
897 8e-06
898 1.6e-05
899 1.2e-05
900 8e-06
901 4e-06
902 8e-06
903 8e-06
904 1.2e-05
905 4e-06
906 8e-06
907 1.2e-05
908 4e-06
909 8e-06
910 0
911 4e-06
912 8e-06
913 1.2e-05
914 8e-06
915 8e-06
916 1.2e-05
917 2e-05
918 4e-06
919 8e-06
920 1.6e-05
921 8e-06
922 8e-06
923 4e-06
924 1.2e-05
925 8e-06
926 0
927 1.2e-05
928 8e-06
929 4e-06
930 8e-06
931 4e-06
932 1.6e-05
933 2e-05
934 1.6e-05
935 0
936 4e-06
937 8e-06
938 9.47152e-06
939 1.6e-05
940 1.6e-05
941 4e-06
942 1.2e-05
943 4e-06
944 1.2e-05
945 4e-06
946 1.6e-05
947 8e-06
948 0
949 8e-06
950 8e-06
951 4e-06
952 1.2e-05
953 0
954 1.2e-05
955 1.2e-05
956 4e-06
957 4e-06
958 8e-06
959 1.2e-05
960 8e-06
961 0
962 4e-06
963 8e-06
964 1.2e-05
965 8e-06
966 2e-05
967 1.2e-05
968 5.47152e-06
969 1.6e-05
970 2.4e-05
971 4e-06
972 1.2e-05
973 8e-06
974 4e-06
975 8e-06
976 8e-06
977 1.2e-05
978 4e-06
979 2e-05
980 4e-06
981 0
982 8e-06
983 8e-06
984 4e-06
985 1.34715e-05
986 8e-06
987 8e-06
988 8e-06
989 0
990 8e-06
991 1.6e-05
992 1.2e-05
993 8e-06
994 0
995 4e-06
996 0
997 8e-06
998 1.6e-05
999 0
