0 0
1 0
2 0
3 0
4 0
5 0
6 0
7 0
8 0
9 0
10 0
11 0
12 0
13 0
14 0
15 0
16 0
17 4e-08
18 0
19 0
20 0
21 0
22 0
23 0
24 0
25 0
26 0
27 0
28 0
29 4e-08
30 0
31 0
32 0
33 0
34 0
35 0
36 0
37 0
38 0
39 0
40 0
41 0
42 0
43 0
44 0
45 0
46 0
47 0
48 0
49 0
50 0
51 0
52 0
53 0
54 0
55 0
56 0
57 0
58 0
59 0
60 0
61 0
62 4e-08
63 0
64 0
65 0
66 0
67 0
68 0
69 0
70 0
71 0
72 0
73 0
74 0
75 0
76 0
77 0
78 0
79 0
80 0
81 0
82 0
83 0
84 0
85 0
86 0
87 0
88 0
89 0
90 0
91 0
92 4e-08
93 0
94 0
95 0
96 0
97 0
98 4e-08
99 0
100 0
101 0
102 0
103 0
104 0
105 0
106 0
107 0
108 0
109 0
110 0
111 0
112 0
113 0
114 0
115 0
116 0
117 0
118 0
119 0
120 0
121 0
122 0
123 0
124 0
125 0
126 0
127 0
128 4e-08
129 0
130 0
131 0
132 0
133 0
134 0
135 0
136 0
137 0
138 0
139 0
140 0
141 0
142 4e-08
143 4e-08
144 3.9602e-08
145 0
146 0
147 0
148 0
149 0
150 0
151 0
152 0
153 0
154 0
155 0
156 4e-08
157 0
158 0
159 0
160 4e-08
161 4e-08
162 4e-08
163 0
164 0
165 0
166 0
167 0
168 4e-08
169 0
170 0
171 4e-08
172 4e-08
173 0
174 0
175 4e-08
176 0
177 0
178 0
179 0
180 0
181 4e-08
182 0
183 0
184 0
185 0
186 0
187 0
188 0
189 0
190 0
191 0
192 0
193 0
194 0
195 4e-08
196 0
197 0
198 0
199 0
200 0
201 0
202 4e-08
203 0
204 4e-08
205 0
206 0
207 0
208 0
209 4e-08
210 0
211 0
212 4e-08
213 0
214 0
215 0
216 0
217 4e-08
218 0
219 0
220 0
221 0
222 0
223 0
224 0
225 0
226 0
227 0
228 0
229 4e-08
230 0
231 0
232 0
233 0
234 4e-08
235 0
236 4e-08
237 0
238 0
239 4e-08
240 0
241 0
242 0
243 0
244 0
245 0
246 0
247 4e-08
248 0
249 4e-08
250 4e-08
251 0
252 4e-08
253 0
254 0
255 0
256 0
257 4e-08
258 0
259 0
260 0
261 4e-08
262 0
263 4e-08
264 4e-08
265 0
266 0
267 4e-08
268 0
269 0
270 0
271 4e-08
272 4e-08
273 0
274 0
275 0
276 0
277 0
278 4e-08
279 0
280 0
281 0
282 0
283 4e-08
284 0
285 0
286 0
287 0
288 0
289 0
290 0
291 4e-08
292 0
293 0
294 0
295 0
296 4e-08
297 0
298 0
299 8e-08
300 0
301 4e-08
302 0
303 4e-08
304 4e-08
305 0
306 0
307 0
308 0
309 0
310 0
311 4e-08
312 0
313 0
314 0
315 0
316 0
317 0
318 0
319 0
320 0
321 0
322 0
323 4e-08
324 0
325 0
326 0
327 0
328 0
329 0
330 4e-08
331 8e-08
332 0
333 8e-08
334 4e-08
335 0
336 1.2e-07
337 0
338 0
339 0
340 0
341 8e-08
342 8e-08
343 4e-08
344 0
345 0
346 0
347 4e-08
348 0
349 4e-08
350 0
351 4e-08
352 4e-08
353 0
354 8e-08
355 0
356 0
357 0
358 0
359 0
360 0
361 0
362 0
363 0
364 0
365 0
366 0
367 0
368 0
369 0
370 4e-08
371 0
372 0
373 0
374 0
375 0
376 0
377 8e-08
378 0
379 0
380 0
381 4e-08
382 0
383 4e-08
384 4e-08
385 8e-08
386 0
387 4e-08
388 8e-08
389 0
390 0
391 0
392 8e-08
393 4e-08
394 0
395 0
396 4e-08
397 0
398 4e-08
399 4e-08
400 8e-08
401 4e-08
402 0
403 0
404 8e-08
405 0
406 8e-08
407 4e-08
408 0
409 0
410 0
411 0
412 4e-08
413 4e-08
414 4e-08
415 4e-08
416 8e-08
417 4e-08
418 4e-08
419 4e-08
420 4e-08
421 4e-08
422 0
423 4e-08
424 4e-08
425 0
426 4e-08
427 4e-08
428 0
429 0
430 8e-08
431 8e-08
432 4e-08
433 0
434 0
435 0
436 4e-08
437 8e-08
438 0
439 4e-08
440 4e-08
441 4e-08
442 1.2e-07
443 3.9602e-08
444 0
445 0
446 0
447 0
448 4e-08
449 0
450 0
451 0
452 0
453 8e-08
454 8e-08
455 4e-08
456 0
457 4e-08
458 0
459 0
460 4e-08
461 8e-08
462 0
463 8e-08
464 8e-08
465 0
466 0
467 4e-08
468 0
469 8e-08
470 0
471 8e-08
472 0
473 4e-08
474 4e-08
475 0
476 4e-08
477 8e-08
478 1.2e-07
479 4e-08
480 0
481 8e-08
482 1.2e-07
483 0
484 3.9602e-08
485 0
486 4e-08
487 4e-08
488 4e-08
489 8e-08
490 0
491 0
492 0
493 4e-08
494 4e-08
495 0
496 4e-08
497 4e-08
498 8e-08
499 4e-08
500 0
501 8e-08
502 4e-08
503 4e-08
504 4e-08
505 0
506 0
507 0
508 4e-08
509 0
510 8e-08
511 4e-08
512 0
513 4e-08
514 4e-08
515 8e-08
516 8e-08
517 8e-08
518 1.2e-07
519 8e-08
520 1.2e-07
521 0
522 4e-08
523 1.19602e-07
524 8e-08
525 3.9602e-08
526 4e-08
527 4e-08
528 8e-08
529 4e-08
530 0
531 1.6e-07
532 7.92079e-08
533 0
534 0
535 4e-08
536 0
537 8e-08
538 8e-08
539 8e-08
540 4e-08
541 4e-08
542 4e-08
543 4e-08
544 0
545 8e-08
546 4e-08
547 0
548 1.2e-07
549 4e-08
550 4e-08
551 0
552 0
553 1.2e-07
554 0
555 8e-08
556 8e-08
557 4e-08
558 0
559 8e-08
560 4e-08
561 1.2e-07
562 4e-08
563 0
564 0
565 0
566 4e-08
567 4e-08
568 0
569 4e-08
570 4e-08
571 0
572 4e-08
573 4e-08
574 1.2e-07
575 4e-08
576 4e-08
577 0
578 0
579 4e-08
580 1.6e-07
581 0
582 8e-08
583 4e-08
584 4e-08
585 8e-08
586 0
587 4e-08
588 0
589 8e-08
590 0
591 8e-08
592 8e-08
593 8e-08
594 8e-08
595 4e-08
596 4e-08
597 1.2e-07
598 4e-08
599 0
600 0
601 8e-08
602 4e-08
603 1.2e-07
604 1.6e-07
605 1.2e-07
606 4e-08
607 8e-08
608 4e-08
609 4e-08
610 8e-08
611 4e-08
612 0
613 1.6e-07
614 8e-08
615 8e-08
616 8e-08
617 4e-08
618 4e-08
619 0
620 1.2e-07
621 4e-08
622 8e-08
623 0
624 4e-08
625 8e-08
626 4e-08
627 4e-08
628 8e-08
629 1.2e-07
630 1.6e-07
631 4e-08
632 0
633 7.9602e-08
634 4e-08
635 4e-08
636 1.2e-07
637 4e-08
638 4e-08
639 3.9602e-08
640 1.2e-07
641 1.2e-07
642 8e-08
643 8e-08
644 4e-08
645 4e-08
646 0
647 3.9602e-08
648 0
649 8e-08
650 8e-08
651 4e-08
652 1.6e-07
653 1.2e-07
654 4e-08
655 0
656 4e-08
657 4e-08
658 0
659 8e-08
660 8e-08
661 4e-08
662 4e-08
663 4e-08
664 4e-08
665 4e-08
666 0
667 1.2e-07
668 0
669 4e-08
670 7.9602e-08
671 4e-08
672 0
673 1.2e-07
674 0
675 2e-07
676 1.2e-07
677 3.92079e-08
678 0
679 4e-08
680 0
681 4e-08
682 4e-08
683 8e-08
684 4e-08
685 4e-08
686 1.6e-07
687 0
688 4e-08
689 8e-08
690 8e-08
691 4e-08
692 8e-08
693 1.2e-07
694 8e-08
695 1.2e-07
696 1.19602e-07
697 0
698 0
699 1.6e-07
700 8e-08
701 0
702 4e-08
703 0
704 8e-08
705 4e-08
706 8e-08
707 4e-08
708 8e-08
709 4e-08
710 1.2e-07
711 8e-08
712 1.99602e-07
713 0
714 0
715 8e-08
716 1.19602e-07
717 1.6e-07
718 0
719 1.6e-07
720 0
721 4e-08
722 3.9602e-08
723 8e-08
724 1.2e-07
725 0
726 4e-08
727 0
728 0
729 0
730 8e-08
731 4e-08
732 0
733 8e-08
734 0
735 1.2e-07
736 8e-08
737 8e-08
738 4e-08
739 8e-08
740 0
741 4e-08
742 4e-08
743 8e-08
744 4e-08
745 0
746 1.2e-07
747 0
748 0
749 1.2e-07
750 8e-08
751 1.2e-07
752 4e-08
753 0
754 0
755 4e-08
756 1.2e-07
757 4e-08
758 1.2e-07
759 8e-08
760 4e-08
761 4e-08
762 1.2e-07
763 4e-08
764 1.2e-07
765 4e-08
766 3.9602e-08
767 4e-08
768 4e-08
769 8e-08
770 8e-08
771 0
772 0
773 4e-08
774 0
775 1.2e-07
776 1.2e-07
777 1.2e-07
778 1.2e-07
779 1.2e-07
780 1.2e-07
781 0
782 0
783 0
784 4e-08
785 8e-08
786 4e-08
787 4e-08
788 1.2e-07
789 4e-08
790 4e-08
791 4e-08
792 8e-08
793 4e-08
794 0
795 0
796 4e-08
797 8e-08
798 1.6e-07
799 8e-08
800 4e-08
801 0
802 8e-08
803 8e-08
804 8e-08
805 0
806 0
807 8e-08
808 0
809 4e-08
810 4e-08
811 8e-08
812 0
813 0
814 4e-08
815 3.6e-07
816 8e-08
817 0
818 2e-07
819 0
820 0
821 8e-08
822 1.19602e-07
823 2e-07
824 2e-07
825 8e-08
826 0
827 8e-08
828 1.6e-07
829 0
830 8e-08
831 4e-08
832 4e-08
833 8e-08
834 4e-08
835 1.2e-07
836 1.6e-07
837 4e-08
838 8e-08
839 0
840 4e-08
841 4e-08
842 0
843 0
844 0
845 1.2e-07
846 8e-08
847 4e-08
848 1.6e-07
849 4e-08
850 8e-08
851 1.6e-07
852 8e-08
853 1.6e-07
854 8e-08
855 2e-07
856 1.2e-07
857 1.6e-07
858 4e-08
859 0
860 0
861 1.2e-07
862 8e-08
863 2.4e-07
864 4e-08
865 3.9602e-08
866 2e-07
867 4e-08
868 8e-08
869 8e-08
870 0
871 8e-08
872 1.19602e-07
873 1.2e-07
874 4e-08
875 2e-07
876 0
877 4e-08
878 8e-08
879 8e-08
880 1.2e-07
881 0
882 0
883 1.2e-07
884 1.2e-07
885 2e-07
886 1.2e-07
887 7.9602e-08
888 8e-08
889 1.2e-07
890 8e-08
891 1.2e-07
892 8e-08
893 8e-08
894 8e-08
895 8e-08
896 8e-08
897 8e-08
898 1.6e-07
899 1.2e-07
900 8e-08
901 4e-08
902 8e-08
903 8e-08
904 1.2e-07
905 4e-08
906 8e-08
907 1.2e-07
908 4e-08
909 8e-08
910 0
911 4e-08
912 8e-08
913 1.2e-07
914 8e-08
915 8e-08
916 1.2e-07
917 2e-07
918 4e-08
919 8e-08
920 1.6e-07
921 8e-08
922 8e-08
923 4e-08
924 1.2e-07
925 8e-08
926 0
927 1.2e-07
928 8e-08
929 4e-08
930 8e-08
931 4e-08
932 1.6e-07
933 2e-07
934 1.6e-07
935 0
936 4e-08
937 8e-08
938 1.19602e-07
939 1.6e-07
940 1.6e-07
941 4e-08
942 1.2e-07
943 4e-08
944 1.2e-07
945 4e-08
946 1.6e-07
947 8e-08
948 0
949 8e-08
950 8e-08
951 4e-08
952 1.2e-07
953 0
954 1.2e-07
955 1.2e-07
956 4e-08
957 4e-08
958 8e-08
959 1.2e-07
960 8e-08
961 0
962 4e-08
963 8e-08
964 1.2e-07
965 8e-08
966 2e-07
967 1.2e-07
968 7.9602e-08
969 1.6e-07
970 2.4e-07
971 4e-08
972 1.2e-07
973 8e-08
974 4e-08
975 8e-08
976 8e-08
977 1.2e-07
978 4e-08
979 2e-07
980 4e-08
981 0
982 8e-08
983 8e-08
984 4e-08
985 1.59602e-07
986 8e-08
987 8e-08
988 8e-08
989 0
990 8e-08
991 1.6e-07
992 1.2e-07
993 8e-08
994 0
995 4e-08
996 0
997 8e-08
998 1.6e-07
999 0
