0 0
1 0
2 0
3 0
4 0
5 0
6 0
7 0
8 0
9 0
10 0
11 0
12 0
13 0
14 0
15 0
16 0
17 4e-07
18 0
19 0
20 0
21 0
22 0
23 0
24 0
25 0
26 0
27 0
28 0
29 4e-07
30 0
31 0
32 0
33 0
34 0
35 0
36 0
37 0
38 0
39 0
40 0
41 0
42 0
43 0
44 0
45 0
46 0
47 0
48 0
49 0
50 0
51 0
52 0
53 0
54 0
55 0
56 0
57 0
58 0
59 0
60 0
61 0
62 4e-07
63 0
64 0
65 0
66 0
67 0
68 0
69 0
70 0
71 0
72 0
73 0
74 0
75 0
76 0
77 0
78 0
79 0
80 0
81 0
82 0
83 0
84 0
85 0
86 0
87 0
88 0
89 0
90 0
91 0
92 4e-07
93 0
94 0
95 0
96 0
97 0
98 4e-07
99 0
100 0
101 0
102 0
103 0
104 0
105 0
106 0
107 0
108 0
109 0
110 0
111 0
112 0
113 0
114 0
115 0
116 0
117 0
118 0
119 0
120 0
121 0
122 0
123 0
124 0
125 0
126 0
127 0
128 4e-07
129 0
130 0
131 0
132 0
133 0
134 0
135 0
136 0
137 0
138 0
139 0
140 0
141 0
142 4e-07
143 4e-07
144 3.61935e-07
145 0
146 0
147 0
148 0
149 0
150 0
151 0
152 0
153 0
154 0
155 0
156 4e-07
157 0
158 0
159 0
160 4e-07
161 4e-07
162 4e-07
163 0
164 0
165 0
166 0
167 0
168 4e-07
169 0
170 0
171 4e-07
172 4e-07
173 0
174 0
175 4e-07
176 0
177 0
178 0
179 0
180 0
181 4e-07
182 0
183 0
184 0
185 0
186 0
187 0
188 0
189 0
190 0
191 0
192 0
193 0
194 0
195 4e-07
196 0
197 0
198 0
199 0
200 0
201 0
202 4e-07
203 0
204 4e-07
205 0
206 0
207 0
208 0
209 4e-07
210 0
211 0
212 4e-07
213 0
214 0
215 0
216 0
217 4e-07
218 0
219 0
220 0
221 0
222 0
223 0
224 0
225 0
226 0
227 0
228 0
229 4e-07
230 0
231 0
232 0
233 0
234 4e-07
235 0
236 4e-07
237 0
238 0
239 4e-07
240 0
241 0
242 0
243 0
244 0
245 0
246 0
247 4e-07
248 0
249 4e-07
250 4e-07
251 0
252 4e-07
253 0
254 0
255 0
256 0
257 4e-07
258 0
259 0
260 0
261 4e-07
262 0
263 4e-07
264 4e-07
265 0
266 0
267 4e-07
268 0
269 0
270 0
271 4e-07
272 4e-07
273 0
274 0
275 0
276 0
277 0
278 4e-07
279 0
280 0
281 0
282 0
283 4e-07
284 0
285 0
286 0
287 0
288 0
289 0
290 0
291 4e-07
292 0
293 0
294 0
295 0
296 4e-07
297 0
298 0
299 8e-07
300 0
301 4e-07
302 0
303 4e-07
304 4e-07
305 0
306 0
307 0
308 0
309 0
310 0
311 4e-07
312 0
313 0
314 0
315 0
316 0
317 0
318 0
319 0
320 0
321 0
322 0
323 4e-07
324 0
325 0
326 0
327 0
328 0
329 0
330 4e-07
331 8e-07
332 0
333 8e-07
334 4e-07
335 0
336 1.2e-06
337 0
338 0
339 0
340 0
341 8e-07
342 8e-07
343 4e-07
344 0
345 0
346 0
347 4e-07
348 0
349 4e-07
350 0
351 4e-07
352 4e-07
353 0
354 8e-07
355 0
356 0
357 0
358 0
359 0
360 0
361 0
362 0
363 0
364 0
365 0
366 0
367 0
368 0
369 0
370 4e-07
371 0
372 0
373 0
374 0
375 0
376 0
377 8e-07
378 0
379 0
380 0
381 4e-07
382 0
383 4e-07
384 4e-07
385 8e-07
386 0
387 4e-07
388 8e-07
389 0
390 0
391 0
392 8e-07
393 4e-07
394 0
395 0
396 4e-07
397 0
398 4e-07
399 4e-07
400 8e-07
401 4e-07
402 0
403 0
404 8e-07
405 0
406 8e-07
407 4e-07
408 0
409 0
410 0
411 0
412 4e-07
413 4e-07
414 4e-07
415 4e-07
416 8e-07
417 4e-07
418 4e-07
419 4e-07
420 4e-07
421 4e-07
422 0
423 4e-07
424 4e-07
425 0
426 4e-07
427 4e-07
428 0
429 0
430 8e-07
431 8e-07
432 4e-07
433 0
434 0
435 0
436 4e-07
437 8e-07
438 0
439 4e-07
440 4e-07
441 4e-07
442 1.2e-06
443 3.61935e-07
444 0
445 0
446 0
447 0
448 4e-07
449 0
450 0
451 0
452 0
453 8e-07
454 8e-07
455 4e-07
456 0
457 4e-07
458 0
459 0
460 4e-07
461 8e-07
462 0
463 8e-07
464 8e-07
465 0
466 0
467 4e-07
468 0
469 8e-07
470 0
471 8e-07
472 0
473 4e-07
474 4e-07
475 0
476 4e-07
477 8e-07
478 1.2e-06
479 4e-07
480 0
481 8e-07
482 1.2e-06
483 0
484 3.61935e-07
485 0
486 4e-07
487 4e-07
488 4e-07
489 8e-07
490 0
491 0
492 0
493 4e-07
494 4e-07
495 0
496 4e-07
497 4e-07
498 8e-07
499 4e-07
500 0
501 8e-07
502 4e-07
503 4e-07
504 4e-07
505 0
506 0
507 0
508 4e-07
509 0
510 8e-07
511 4e-07
512 0
513 4e-07
514 4e-07
515 8e-07
516 8e-07
517 8e-07
518 1.2e-06
519 8e-07
520 1.2e-06
521 0
522 4e-07
523 1.16193e-06
524 8e-07
525 3.61935e-07
526 4e-07
527 4e-07
528 8e-07
529 4e-07
530 0
531 1.6e-06
532 7.27492e-07
533 0
534 0
535 4e-07
536 0
537 8e-07
538 8e-07
539 8e-07
540 4e-07
541 4e-07
542 4e-07
543 4e-07
544 0
545 8e-07
546 4e-07
547 0
548 1.2e-06
549 4e-07
550 4e-07
551 0
552 0
553 1.2e-06
554 0
555 8e-07
556 8e-07
557 4e-07
558 0
559 8e-07
560 4e-07
561 1.2e-06
562 4e-07
563 0
564 0
565 0
566 4e-07
567 4e-07
568 0
569 4e-07
570 4e-07
571 0
572 4e-07
573 4e-07
574 1.2e-06
575 4e-07
576 4e-07
577 0
578 0
579 4e-07
580 1.6e-06
581 0
582 8e-07
583 4e-07
584 4e-07
585 8e-07
586 0
587 4e-07
588 0
589 8e-07
590 0
591 8e-07
592 8e-07
593 8e-07
594 8e-07
595 4e-07
596 4e-07
597 1.2e-06
598 4e-07
599 0
600 0
601 8e-07
602 4e-07
603 1.2e-06
604 1.6e-06
605 1.2e-06
606 4e-07
607 8e-07
608 4e-07
609 4e-07
610 8e-07
611 4e-07
612 0
613 1.6e-06
614 8e-07
615 8e-07
616 8e-07
617 4e-07
618 4e-07
619 0
620 1.2e-06
621 4e-07
622 8e-07
623 0
624 4e-07
625 8e-07
626 4e-07
627 4e-07
628 8e-07
629 1.2e-06
630 1.6e-06
631 4e-07
632 0
633 7.61935e-07
634 4e-07
635 4e-07
636 1.2e-06
637 4e-07
638 4e-07
639 3.61935e-07
640 1.2e-06
641 1.2e-06
642 8e-07
643 8e-07
644 4e-07
645 4e-07
646 0
647 3.61935e-07
648 0
649 8e-07
650 8e-07
651 4e-07
652 1.6e-06
653 1.2e-06
654 4e-07
655 0
656 4e-07
657 4e-07
658 0
659 8e-07
660 8e-07
661 4e-07
662 4e-07
663 4e-07
664 4e-07
665 4e-07
666 0
667 1.2e-06
668 0
669 4e-07
670 7.61935e-07
671 4e-07
672 0
673 1.2e-06
674 0
675 2e-06
676 1.2e-06
677 3.27492e-07
678 0
679 4e-07
680 0
681 4e-07
682 4e-07
683 8e-07
684 4e-07
685 4e-07
686 1.6e-06
687 0
688 4e-07
689 8e-07
690 8e-07
691 4e-07
692 8e-07
693 1.2e-06
694 8e-07
695 1.2e-06
696 1.16193e-06
697 0
698 0
699 1.6e-06
700 8e-07
701 0
702 4e-07
703 0
704 8e-07
705 4e-07
706 8e-07
707 4e-07
708 8e-07
709 4e-07
710 1.2e-06
711 8e-07
712 1.96193e-06
713 0
714 0
715 8e-07
716 1.16193e-06
717 1.6e-06
718 0
719 1.6e-06
720 0
721 4e-07
722 3.61935e-07
723 8e-07
724 1.2e-06
725 0
726 4e-07
727 0
728 0
729 0
730 8e-07
731 4e-07
732 0
733 8e-07
734 0
735 1.2e-06
736 8e-07
737 8e-07
738 4e-07
739 8e-07
740 0
741 4e-07
742 4e-07
743 8e-07
744 4e-07
745 0
746 1.2e-06
747 0
748 0
749 1.2e-06
750 8e-07
751 1.2e-06
752 4e-07
753 0
754 0
755 4e-07
756 1.2e-06
757 4e-07
758 1.2e-06
759 8e-07
760 4e-07
761 4e-07
762 1.2e-06
763 4e-07
764 1.2e-06
765 4e-07
766 3.61935e-07
767 4e-07
768 4e-07
769 8e-07
770 8e-07
771 0
772 0
773 4e-07
774 0
775 1.2e-06
776 1.2e-06
777 1.2e-06
778 1.2e-06
779 1.2e-06
780 1.2e-06
781 0
782 0
783 0
784 4e-07
785 8e-07
786 4e-07
787 4e-07
788 1.2e-06
789 4e-07
790 4e-07
791 4e-07
792 8e-07
793 4e-07
794 0
795 0
796 4e-07
797 8e-07
798 1.6e-06
799 8e-07
800 4e-07
801 0
802 8e-07
803 8e-07
804 8e-07
805 0
806 0
807 8e-07
808 0
809 4e-07
810 4e-07
811 8e-07
812 0
813 0
814 4e-07
815 3.6e-06
816 8e-07
817 0
818 2e-06
819 0
820 0
821 8e-07
822 1.16193e-06
823 2e-06
824 2e-06
825 8e-07
826 0
827 8e-07
828 1.6e-06
829 0
830 8e-07
831 4e-07
832 4e-07
833 8e-07
834 4e-07
835 1.2e-06
836 1.6e-06
837 4e-07
838 8e-07
839 0
840 4e-07
841 4e-07
842 0
843 0
844 0
845 1.2e-06
846 8e-07
847 4e-07
848 1.6e-06
849 4e-07
850 8e-07
851 1.6e-06
852 8e-07
853 1.6e-06
854 8e-07
855 2e-06
856 1.2e-06
857 1.6e-06
858 4e-07
859 0
860 0
861 1.2e-06
862 8e-07
863 2.4e-06
864 4e-07
865 3.61935e-07
866 2e-06
867 4e-07
868 8e-07
869 8e-07
870 0
871 8e-07
872 1.16193e-06
873 1.2e-06
874 4e-07
875 2e-06
876 0
877 4e-07
878 8e-07
879 8e-07
880 1.2e-06
881 0
882 0
883 1.2e-06
884 1.2e-06
885 2e-06
886 1.2e-06
887 7.61935e-07
888 8e-07
889 1.2e-06
890 8e-07
891 1.2e-06
892 8e-07
893 8e-07
894 8e-07
895 8e-07
896 8e-07
897 8e-07
898 1.6e-06
899 1.2e-06
900 8e-07
901 4e-07
902 8e-07
903 8e-07
904 1.2e-06
905 4e-07
906 8e-07
907 1.2e-06
908 4e-07
909 8e-07
910 0
911 4e-07
912 8e-07
913 1.2e-06
914 8e-07
915 8e-07
916 1.2e-06
917 2e-06
918 4e-07
919 8e-07
920 1.6e-06
921 8e-07
922 8e-07
923 4e-07
924 1.2e-06
925 8e-07
926 0
927 1.2e-06
928 8e-07
929 4e-07
930 8e-07
931 4e-07
932 1.6e-06
933 2e-06
934 1.6e-06
935 0
936 4e-07
937 8e-07
938 1.16193e-06
939 1.6e-06
940 1.6e-06
941 4e-07
942 1.2e-06
943 4e-07
944 1.2e-06
945 4e-07
946 1.6e-06
947 8e-07
948 0
949 8e-07
950 8e-07
951 4e-07
952 1.2e-06
953 0
954 1.2e-06
955 1.2e-06
956 4e-07
957 4e-07
958 8e-07
959 1.2e-06
960 8e-07
961 0
962 4e-07
963 8e-07
964 1.2e-06
965 8e-07
966 2e-06
967 1.2e-06
968 7.61935e-07
969 1.6e-06
970 2.4e-06
971 4e-07
972 1.2e-06
973 8e-07
974 4e-07
975 8e-07
976 8e-07
977 1.2e-06
978 4e-07
979 2e-06
980 4e-07
981 0
982 8e-07
983 8e-07
984 4e-07
985 1.56193e-06
986 8e-07
987 8e-07
988 8e-07
989 0
990 8e-07
991 1.6e-06
992 1.2e-06
993 8e-07
994 0
995 4e-07
996 0
997 8e-07
998 1.6e-06
999 0
