0 0
1 0.000114
2 8.95619e-05
3 5.84e-05
4 5.23619e-05
5 4.68e-05
6 3.95239e-05
7 3.76e-05
8 4.11619e-05
9 3.28e-05
10 3.24e-05
11 2.83619e-05
12 3.07619e-05
13 3.08e-05
14 2.79619e-05
15 2.47619e-05
16 2.56e-05
17 2.2e-05
18 2.55619e-05
19 2.36e-05
20 2.16e-05
21 2.27239e-05
22 2.27619e-05
23 1.67239e-05
24 1.44e-05
25 2.39619e-05
26 1.56e-05
27 2e-05
28 2.12e-05
29 1.74858e-05
30 1.56e-05
31 1.92e-05
32 1.99619e-05
33 1.52e-05
34 1.88e-05
35 2.24e-05
36 1.52e-05
37 1.39619e-05
38 2.08e-05
39 1.4e-05
40 1.90858e-05
41 1.44e-05
42 1.72e-05
43 1.47619e-05
44 1.59619e-05
45 1.59619e-05
46 1.51619e-05
47 1.59239e-05
48 1.32e-05
49 1.31619e-05
50 1.30858e-05
51 1.24e-05
52 1.39619e-05
53 1.44e-05
54 8.76193e-06
55 9.2e-06
56 1.23239e-05
57 7.12387e-06
58 1.03619e-05
59 1.15619e-05
60 1.39619e-05
61 1.31619e-05
62 1.16e-05
63 1.39239e-05
64 9.16193e-06
65 1e-05
66 1.12e-05
67 8.4e-06
68 1.30858e-05
69 1.23619e-05
70 1.15619e-05
71 9.2e-06
72 1.15619e-05
73 1.15619e-05
74 9.6e-06
75 1.23239e-05
76 1.07619e-05
77 1.03239e-05
78 9.96193e-06
79 1.19619e-05
80 1.32e-05
81 9.4858e-06
82 1.11619e-05
83 1.44e-05
84 5.6e-06
85 6.8e-06
86 4e-06
87 1e-05
88 9.56193e-06
89 1.08e-05
90 8e-06
91 9.6e-06
92 7.2e-06
93 7.6e-06
94 1.15619e-05
95 9.16193e-06
96 1.03619e-05
97 9.6e-06
98 1.19239e-05
99 1.11619e-05
100 1.03239e-05
101 7.2e-06
102 6.8e-06
103 1.28e-05
104 7.92387e-06
105 7.6e-06
106 1.04e-05
107 1.12e-05
108 7.96193e-06
109 6.8e-06
110 8e-06
111 8.36193e-06
112 9.56193e-06
113 1.04e-05
114 7.96193e-06
115 9.96193e-06
116 9.16193e-06
117 1.03239e-05
118 1.15619e-05
119 9.96193e-06
120 9.16193e-06
121 5.6e-06
122 7.2e-06
123 9.56193e-06
124 9.16193e-06
125 8.4e-06
126 7.4858e-06
127 9.96193e-06
128 7.2e-06
129 7.2e-06
130 8.8e-06
131 1.36e-05
132 1.12e-05
133 7.2e-06
134 6.4e-06
135 6.36193e-06
136 9.2e-06
137 9.2e-06
138 1.04e-05
139 5.96193e-06
140 9.92387e-06
141 5.6e-06
142 7.2e-06
143 6.8e-06
144 6.72387e-06
145 7.16193e-06
146 6.4e-06
147 8.8e-06
148 8e-06
149 6.32387e-06
150 7.16193e-06
151 9.2e-06
152 8.76193e-06
153 7.16193e-06
154 9.16193e-06
155 8e-06
156 6.8e-06
157 5.6e-06
158 8.8e-06
159 1.03619e-05
160 6.4e-06
161 7.05136e-06
162 6.4e-06
163 8.2858e-06
164 9.6e-06
165 6.4e-06
166 7.16193e-06
167 1.03619e-05
168 8.36193e-06
169 6.8e-06
170 9.92749e-06
171 6.76193e-06
172 4e-06
173 3.96193e-06
174 9.96193e-06
175 8.76193e-06
176 8e-06
177 8.4e-06
178 5.2e-06
179 6.8e-06
180 5.48943e-06
181 5.52387e-06
182 6.8e-06
183 5.96193e-06
184 7.56193e-06
185 4.8e-06
186 6.4e-06
187 5.16193e-06
188 7.96193e-06
189 5.6e-06
190 9.2e-06
191 6.8e-06
192 7.6e-06
193 3.16193e-06
194 6.32387e-06
195 7.2e-06
196 7.2e-06
197 5.96193e-06
198 5.56193e-06
199 6.32387e-06
200 8.8e-06
201 7.56193e-06
202 8.8e-06
203 6e-06
204 6.36193e-06
205 6.4e-06
206 8.4e-06
207 6.76193e-06
208 5.2e-06
209 7.52387e-06
210 3.2e-06
211 2.8e-06
212 4.76193e-06
213 5.96193e-06
214 3.2e-06
215 4.8e-06
216 8.36193e-06
217 8.32387e-06
218 6.76193e-06
219 3.12387e-06
220 8.4e-06
221 4.4e-06
222 7.6e-06
223 6.32387e-06
224 4.76193e-06
225 5.6e-06
226 6.4e-06
227 3.6e-06
228 7.12387e-06
229 4.76193e-06
230 8.8e-06
231 5.2e-06
232 8.36193e-06
233 5.96193e-06
234 5.16193e-06
235 4e-06
236 3.16193e-06
237 3.96193e-06
238 7.96193e-06
239 3.2e-06
240 7.56193e-06
241 6.4e-06
242 7.96193e-06
243 6e-06
244 4.32387e-06
245 4.4e-06
246 2.8e-06
247 4.4e-06
248 5.2e-06
249 5.2e-06
250 8e-06
251 7.56193e-06
252 5.6e-06
253 4.36193e-06
254 4.72387e-06
255 8.76193e-06
256 7.48943e-06
257 3.2e-06
258 6.36193e-06
259 5.2e-06
260 4.4e-06
261 4.8e-06
262 5.56193e-06
263 5.2e-06
264 5.6e-06
265 5.16193e-06
266 3.6e-06
267 5.16193e-06
268 4.36193e-06
269 4.8e-06
270 5.96193e-06
271 5.6e-06
272 6.36193e-06
273 2.4e-06
274 4.4e-06
275 4.8e-06
276 7.6e-06
277 5.56193e-06
278 4.8e-06
279 3.6e-06
280 5.6e-06
281 7.16193e-06
282 4e-06
283 6.36193e-06
284 6.6858e-06
285 2.4e-06
286 6.8e-06
287 6.72387e-06
288 4.4e-06
289 3.92387e-06
290 7.6e-06
291 6.72387e-06
292 3.56193e-06
293 3.2e-06
294 3.96193e-06
295 5.6e-06
296 3.56193e-06
297 4.76193e-06
298 3.52387e-06
299 4.36193e-06
300 5.92387e-06
301 4.36193e-06
302 1.96193e-06
303 6.72387e-06
304 3.16193e-06
305 5.2e-06
306 3.56193e-06
307 4.4e-06
308 6.8e-06
309 4e-06
310 4.4e-06
311 5.16193e-06
312 3.6e-06
313 4.8e-06
314 5.6e-06
315 4.4e-06
316 4e-06
317 8.76193e-06
318 2.4e-06
319 5.92387e-06
320 6e-06
321 5.6e-06
322 8.36193e-06
323 5.6e-06
324 6.36193e-06
325 6.8e-06
326 3.2e-06
327 5.96193e-06
328 4.2858e-06
329 6.76193e-06
330 6.36193e-06
331 3.96193e-06
332 4.4e-06
333 4.76193e-06
334 3.16193e-06
335 5.92387e-06
336 4.72387e-06
337 3.96193e-06
338 6.4e-06
339 7.52387e-06
340 3.2e-06
341 5.92387e-06
342 3.56193e-06
343 4.32387e-06
344 7.16193e-06
345 4e-06
346 5.16193e-06
347 6.4e-06
348 2.8e-06
349 4.36193e-06
350 6.76193e-06
351 4.76193e-06
352 4e-06
353 4.8e-06
354 8.4e-06
355 4.76193e-06
356 4e-06
357 4.28943e-06
358 4.76193e-06
359 4.36193e-06
360 4.4e-06
361 3.56193e-06
362 6.32387e-06
363 7.16193e-06
364 2.8e-06
365 4.36193e-06
366 4e-06
367 6.76193e-06
368 4.4e-06
369 4e-06
370 2.4e-06
371 7.6e-06
372 5.16193e-06
373 5.16193e-06
374 5.2e-06
375 4.76193e-06
376 6.36193e-06
377 6e-06
378 5.6e-06
379 3.56193e-06
380 4.4e-06
381 4e-06
382 3.96193e-06
383 5.2e-06
384 4.36193e-06
385 4.8e-06
386 2.8e-06
387 4.76193e-06
388 3.96193e-06
389 5.2e-06
390 2.4e-06
391 7.4858e-06
392 3.56193e-06
393 4.76193e-06
394 3.96193e-06
395 3.6e-06
396 4.4e-06
397 4.4e-06
398 4.4e-06
399 5.56193e-06
400 4.4e-06
401 5.16193e-06
402 2.8e-06
403 5.16193e-06
404 6e-06
405 3.2e-06
406 4.4e-06
407 5.16193e-06
408 2.8e-06
409 4.32387e-06
410 3.0858e-06
411 4.36193e-06
412 4.8e-06
413 3.2e-06
414 3.6e-06
415 6.65136e-06
416 2.36193e-06
417 6.76193e-06
418 5.2e-06
419 4.6858e-06
420 3.52387e-06
421 4.72387e-06
422 4e-06
423 5.16193e-06
424 4e-06
425 5.12387e-06
426 3.6e-06
427 2.4e-06
428 4e-06
429 6.4e-06
430 3.6e-06
431 3.96193e-06
432 2.76193e-06
433 3.6e-06
434 3.16193e-06
435 4e-06
436 4.36193e-06
437 2.32387e-06
438 2.36193e-06
439 4.8e-06
440 6.68943e-06
441 2e-06
442 3.96193e-06
443 4.4e-06
444 2.36193e-06
445 4e-06
446 3.52387e-06
447 3.96193e-06
448 3.2e-06
449 2e-06
450 6.4e-06
451 2e-06
452 4.4e-06
453 2.36193e-06
454 5.96193e-06
455 5.16193e-06
456 2.4e-06
457 3.96193e-06
458 4e-06
459 4.76193e-06
460 5.6e-06
461 3.56193e-06
462 2.76193e-06
463 1.2e-06
464 5.96193e-06
465 4.4e-06
466 3.12749e-06
467 3.6e-06
468 5.12387e-06
469 3.2e-06
470 6.8e-06
471 3.6e-06
472 3.52387e-06
473 5.2e-06
474 4e-06
475 3.88943e-06
476 5.12387e-06
477 4e-06
478 5.92387e-06
479 3.6e-06
480 3.2e-06
481 3.56193e-06
482 2.8e-06
483 3.56193e-06
484 4.76193e-06
485 5.96193e-06
486 3.56193e-06
487 5.16193e-06
488 3.52749e-06
489 3.2e-06
490 5.12387e-06
491 3.2e-06
492 5.16193e-06
493 2.4e-06
494 2.8e-06
495 4.76193e-06
496 2.8e-06
497 5.56193e-06
498 4.8e-06
499 4e-06
500 2.8e-06
501 4.4e-06
502 5.56193e-06
503 3.0858e-06
504 7.12387e-06
505 4.8e-06
506 2.8e-06
507 4.4e-06
508 2e-06
509 3.2e-06
510 5.52387e-06
511 3.16193e-06
512 2.76193e-06
513 2.4e-06
514 3.6e-06
515 3.96193e-06
516 3.6e-06
517 3.2e-06
518 3.16193e-06
519 3.52749e-06
520 4e-06
521 4.36193e-06
522 4e-06
523 2.4e-06
524 5.16193e-06
525 4.36193e-06
526 3.56193e-06
527 4e-06
528 5.16193e-06
529 4e-06
530 4e-06
531 4.8e-06
532 3.92387e-06
533 3.16193e-06
534 3.2e-06
535 3.6e-06
536 4.36193e-06
537 3.16193e-06
538 3.96193e-06
539 5.16193e-06
540 4.76193e-06
541 4.4e-06
542 5.96193e-06
543 2.8e-06
544 1.6e-06
545 1.6e-06
546 2.8e-06
547 3.2e-06
548 4.36193e-06
549 5.2e-06
550 3.6e-06
551 4.4e-06
552 6e-06
553 4.4e-06
554 2.76193e-06
555 4.8e-06
556 3.2e-06
557 5.12387e-06
558 5.92387e-06
559 3.56193e-06
560 4.72387e-06
561 3.2e-06
562 1.6e-06
563 2.8e-06
564 4e-06
565 1.6e-06
566 3.16193e-06
567 4.8e-06
568 3.6e-06
569 4.8e-06
570 3.52749e-06
571 4e-06
572 3.6e-06
573 4.76193e-06
574 3.2e-06
575 2.8e-06
576 3.2e-06
577 4e-06
578 3.2e-06
579 4.72387e-06
580 2.72749e-06
581 3.56193e-06
582 3.6e-06
583 2.36193e-06
584 4.8e-06
585 5.2e-06
586 3.16193e-06
587 1.6e-06
588 4.4e-06
589 4.8e-06
590 3.2e-06
591 3.2e-06
592 3.2e-06
593 4.4e-06
594 5.0858e-06
595 3.6e-06
596 3.52387e-06
597 2.36193e-06
598 2.8e-06
599 4e-06
600 2.4e-06
601 1.56193e-06
602 2.8e-06
603 2e-06
604 3.16193e-06
605 4e-06
606 2.8e-06
607 2.4e-06
608 2e-06
609 2e-06
610 3.2e-06
611 5.2e-06
612 1.6e-06
613 4.4e-06
614 2.76193e-06
615 3.16193e-06
616 2e-06
617 1.96193e-06
618 2e-06
619 3.6e-06
620 5.96193e-06
621 2.36193e-06
622 4.4e-06
623 7.61935e-07
624 3.96193e-06
625 1.6e-06
626 4.4e-06
627 5.16193e-06
628 3.2e-06
629 3.16193e-06
630 4e-06
631 3.16193e-06
632 1.6e-06
633 2.72387e-06
634 2.8e-06
635 3.4858e-06
636 5.2e-06
637 4.8e-06
638 3.96193e-06
639 2.8e-06
640 1.12387e-06
641 4.72387e-06
642 2.8e-06
643 4.36193e-06
644 3.16193e-06
645 5.4858e-06
646 4.6858e-06
647 3.12387e-06
648 5.16193e-06
649 3.96193e-06
650 1.96193e-06
651 2.36193e-06
652 6.36193e-06
653 4e-06
654 3.2e-06
655 4.76193e-06
656 2.36193e-06
657 3.2e-06
658 1.92749e-06
659 3.92387e-06
660 4.8e-06
661 4.32387e-06
662 3.12749e-06
663 2.36193e-06
664 3.2e-06
665 4.36193e-06
666 4.8e-06
667 2.72387e-06
668 4.53354e-06
669 3.6e-06
670 2.4e-06
671 3.2e-06
672 2.4e-06
673 2.76193e-06
674 2.36193e-06
675 2.8e-06
676 3.56193e-06
677 3.2e-06
678 5.16193e-06
679 2.8e-06
680 1.6e-06
681 1.16193e-06
682 4.4e-06
683 1.96193e-06
684 1.6e-06
685 5.56193e-06
686 3.2e-06
687 3.4858e-06
688 2.4e-06
689 3.16193e-06
690 3.96193e-06
691 2.8e-06
692 3.6e-06
693 3.2e-06
694 4.32749e-06
695 5.16193e-06
696 3.16193e-06
697 5.16193e-06
698 4e-06
699 3.2e-06
700 3.12749e-06
701 2.72387e-06
702 3.2e-06
703 1.96193e-06
704 1.2e-06
705 3.2e-06
706 3.16193e-06
707 3.6e-06
708 3.6e-06
709 3.96193e-06
710 8e-07
711 3.56193e-06
712 3.16193e-06
713 5.2e-06
714 2e-06
715 2.76193e-06
716 4.36193e-06
717 6.4e-06
718 2.4e-06
719 4e-06
720 2.72749e-06
721 4.4e-06
722 4e-07
723 1.52749e-06
724 4.4e-06
725 4.72387e-06
726 4e-06
727 1.56193e-06
728 2.8e-06
729 3.56193e-06
730 3.6e-06
731 4.36193e-06
732 4.8e-06
733 2.4e-06
734 8e-07
735 2.8e-06
736 2.8e-06
737 4.32387e-06
738 2.8e-06
739 3.92387e-06
740 4e-06
741 2e-06
742 3.2e-06
743 3.2e-06
744 3.92387e-06
745 5.56193e-06
746 1.56193e-06
747 1.6e-06
748 3.2e-06
749 4.4e-06
750 3.2e-06
751 3.8202e-06
752 2.4e-06
753 2e-06
754 3.6e-06
755 4e-06
756 2e-06
757 3.96193e-06
758 2e-06
759 3.56193e-06
760 2.36193e-06
761 2e-06
762 4e-06
763 2e-06
764 3.2e-06
765 2e-06
766 2.76193e-06
767 2.72387e-06
768 2.4e-06
769 4e-06
770 4e-06
771 4.72387e-06
772 1.6e-06
773 4.4e-06
774 3.56193e-06
775 5.16193e-06
776 4.32387e-06
777 2.76193e-06
778 3.2e-06
779 1.2e-06
780 4.76193e-06
781 2.36193e-06
782 2e-06
783 1.96193e-06
784 3.96193e-06
785 5.56193e-06
786 2.8e-06
787 3.2e-06
788 2.8e-06
789 2.32387e-06
790 5.0858e-06
791 2e-06
792 4.8e-06
793 3.96193e-06
794 2e-06
795 1.56193e-06
796 4.32749e-06
797 2.76193e-06
798 6.32387e-06
799 2.8e-06
800 3.2e-06
801 3.6e-06
802 2.8e-06
803 2.36193e-06
804 2e-06
805 2.8e-06
806 3.56193e-06
807 2.76193e-06
808 5.16193e-06
809 2.8e-06
810 4e-06
811 3.2e-06
812 3.2e-06
813 2e-06
814 3.6e-06
815 2.72749e-06
816 3.6e-06
817 3.56193e-06
818 5.16193e-06
819 2.8e-06
820 3.6e-06
821 1.96193e-06
822 2.4e-06
823 3.56193e-06
824 3.6e-06
825 2.8e-06
826 4e-06
827 3.12387e-06
828 2.8e-06
829 2.36193e-06
830 1.56193e-06
831 3.56193e-06
832 2.36193e-06
833 4.36193e-06
834 2e-06
835 2.76193e-06
836 5.56193e-06
837 3.2e-06
838 2.76193e-06
839 3.16193e-06
840 1.56193e-06
841 2.4e-06
842 1.12387e-06
843 2e-06
844 4e-06
845 3.56193e-06
846 3.16193e-06
847 3.2e-06
848 4e-06
849 4.4e-06
850 1.2e-06
851 2.76193e-06
852 2e-06
853 3.2e-06
854 2.4e-06
855 4.4e-06
856 2.4e-06
857 1.96193e-06
858 3.56193e-06
859 3.2e-06
860 2.6858e-06
861 2.4e-06
862 3.2e-06
863 4.8e-06
864 5.2e-06
865 2e-06
866 2e-06
867 4e-06
868 3.6e-06
869 2.8e-06
870 1.96193e-06
871 1.6e-06
872 3.52387e-06
873 4.36193e-06
874 2.72387e-06
875 3.2e-06
876 2.4e-06
877 3.96193e-06
878 3.2e-06
879 2.4e-06
880 3.2e-06
881 1.96193e-06
882 1.96193e-06
883 3.6e-06
884 2e-06
885 1.2e-06
886 3.56193e-06
887 3.2e-06
888 1.2e-06
889 2.4e-06
890 1.6e-06
891 2.36193e-06
892 1.92387e-06
893 3.56193e-06
894 3.6e-06
895 4.76193e-06
896 2.36193e-06
897 4.4e-06
898 4.76193e-06
899 1.6e-06
900 3.2e-06
901 3.16193e-06
902 2.36193e-06
903 2.76193e-06
904 2.76193e-06
905 4.72387e-06
906 2.72387e-06
907 2e-06
908 2.76193e-06
909 3.6e-06
910 4.8e-06
911 2.4e-06
912 1.92387e-06
913 2e-06
914 1.6e-06
915 4.8e-06
916 3.6e-06
917 3.56193e-06
918 3.6e-06
919 4e-06
920 2.8e-06
921 1.2e-06
922 3.52387e-06
923 2.4e-06
924 2e-06
925 3.56193e-06
926 2.4e-06
927 4.76193e-06
928 3.6e-06
929 2.4e-06
930 2.36193e-06
931 1.96193e-06
932 1.6e-06
933 2.4e-06
934 3.16193e-06
935 1.16193e-06
936 3.52387e-06
937 3.56193e-06
938 4.8e-06
939 7.61935e-07
940 3.12387e-06
941 1.96193e-06
942 2.4e-06
943 3.48943e-06
944 3.16193e-06
945 2.76193e-06
946 3.2e-06
947 3.16193e-06
948 4.36193e-06
949 4.36193e-06
950 1.56193e-06
951 1.56193e-06
952 3.2e-06
953 8e-07
954 2e-06
955 2.76193e-06
956 1.6e-06
957 4e-06
958 2.8e-06
959 8e-07
960 1.92387e-06
961 3.96193e-06
962 2e-06
963 3.52387e-06
964 5.16193e-06
965 3.96193e-06
966 2.36193e-06
967 1.2e-06
968 4.8e-06
969 3.2e-06
970 2e-06
971 2.76193e-06
972 2e-06
973 2e-06
974 3.2e-06
975 3.12387e-06
976 3.6e-06
977 3.6e-06
978 1.96193e-06
979 3.6e-06
980 4.36193e-06
981 3.2e-06
982 3.6e-06
983 2.8e-06
984 2.8e-06
985 4e-06
986 4e-06
987 3.12387e-06
988 3.2e-06
989 2.4e-06
990 5.16193e-06
991 4e-07
992 2.8e-06
993 4.4e-06
994 2.8e-06
995 4e-06
996 1.96193e-06
997 4.36193e-06
998 4.72387e-06
999 0
