0 0
1 1.008e-05
2 7.44e-06
3 6.24e-06
4 5.36e-06
5 4.3996e-06
6 4.0396e-06
7 3.36e-06
8 3.72e-06
9 3.64e-06
10 3.6396e-06
11 3.2396e-06
12 3.08e-06
13 3.2e-06
14 2.16e-06
15 2.6e-06
16 2.2e-06
17 2.7192e-06
18 2.4396e-06
19 2.1596e-06
20 2.1596e-06
21 2.48e-06
22 2.12e-06
23 1.64e-06
24 2.5592e-06
25 1.72e-06
26 1.92e-06
27 2.44e-06
28 1.64e-06
29 2.1596e-06
30 2.4796e-06
31 1.2796e-06
32 1.3596e-06
33 1.6e-06
34 1.4e-06
35 1.8e-06
36 1.24e-06
37 1.6e-06
38 1.6e-06
39 1.28e-06
40 1.68e-06
41 1.3996e-06
42 1.4392e-06
43 1.7196e-06
44 1.48e-06
45 1.72e-06
46 1.36e-06
47 1.6796e-06
48 7.2e-07
49 1.16e-06
50 1.8e-06
51 1.43881e-06
52 7.99602e-07
53 1.12e-06
54 1.5996e-06
55 1.24e-06
56 1.2396e-06
57 1.6e-06
58 1.2392e-06
59 1.0792e-06
60 1.16e-06
61 1.43881e-06
62 9.59602e-07
63 1.28e-06
64 1.04e-06
65 1.08e-06
66 1.2792e-06
67 1.2e-06
68 1.3992e-06
69 1.2396e-06
70 1.44e-06
71 1.4792e-06
72 1.1996e-06
73 9.6e-07
74 1.32e-06
75 7.99602e-07
76 1.1192e-06
77 1.3196e-06
78 7.59602e-07
79 9.19204e-07
80 9.6e-07
81 1.04e-06
82 1.19881e-06
83 1.12e-06
84 1e-06
85 1.12e-06
86 1.64e-06
87 1.1196e-06
88 8.8e-07
89 1e-06
90 8.79602e-07
91 9.19602e-07
92 8.4e-07
93 1.3196e-06
94 8.79204e-07
95 1.08e-06
96 8e-07
97 6e-07
98 1.1596e-06
99 1.0396e-06
100 1.1996e-06
101 5.2e-07
102 6.39602e-07
103 7.6e-07
104 8e-07
105 9.99602e-07
106 7.59602e-07
107 7.99602e-07
108 6.4e-07
109 8e-07
110 8.79602e-07
111 9.2e-07
112 1.12e-06
113 6e-07
114 7.99602e-07
115 9.6e-07
116 7.99602e-07
117 7.59204e-07
118 1e-06
119 1.08e-06
120 7.59602e-07
121 8.79602e-07
122 8.39204e-07
123 9.19602e-07
124 8.79602e-07
125 8.4e-07
126 8.79602e-07
127 8.39208e-07
128 4.4e-07
129 5.99602e-07
130 6.78806e-07
131 8.79602e-07
132 7.2e-07
133 1.1592e-06
134 8.79602e-07
135 9.2e-07
136 6.79602e-07
137 8e-07
138 1.04e-06
139 7.99602e-07
140 7.2e-07
141 7.59602e-07
142 9.6e-07
143 1.08e-06
144 5.99602e-07
145 7.19602e-07
146 7.2e-07
147 9.99602e-07
148 7.2e-07
149 7.2e-07
150 4.4e-07
151 6e-07
152 4e-07
153 7.6e-07
154 4.8e-07
155 6.79602e-07
156 8.4e-07
157 9.99204e-07
158 7.2e-07
159 7.59602e-07
160 9.58806e-07
161 8.4e-07
162 4.8e-07
163 7.19602e-07
164 7.19204e-07
165 9.19602e-07
166 7.99602e-07
167 1.08e-06
168 8.39602e-07
169 5.99602e-07
170 7.99602e-07
171 8e-07
172 5.2e-07
173 1.0392e-06
174 5.6e-07
175 9.19602e-07
176 6e-07
177 2.4e-07
178 6e-07
179 4.8e-07
180 8.4e-07
181 6.4e-07
182 5.59204e-07
183 7.2e-07
184 5.59602e-07
185 6e-07
186 6.79204e-07
187 8.4e-07
188 6.8e-07
189 3.6e-07
190 4.39204e-07
191 7.2e-07
192 5.99208e-07
193 6.4e-07
194 5.2e-07
195 5.2e-07
196 5.2e-07
197 5.2e-07
198 7.59602e-07
199 5.2e-07
200 6.39602e-07
201 9.19204e-07
202 4e-07
203 6.39602e-07
204 6.79602e-07
205 6e-07
206 4.39602e-07
207 8.79204e-07
208 6.39602e-07
209 7.99204e-07
210 5.59602e-07
211 5.99602e-07
212 5.2e-07
213 8.39602e-07
214 3.6e-07
215 6e-07
216 4.4e-07
217 5.59602e-07
218 8.39602e-07
219 5.59602e-07
220 5.6e-07
221 3.2e-07
222 9.99602e-07
223 4.39204e-07
224 7.6e-07
225 6.79602e-07
226 4e-07
227 4.4e-07
228 6e-07
229 3.99602e-07
230 5.99602e-07
231 2.8e-07
232 6.79602e-07
233 1.59602e-07
234 5.6e-07
235 8.4e-07
236 7.2e-07
237 6e-07
238 5.6e-07
239 6.79204e-07
240 4e-07
241 7.2e-07
242 6.39602e-07
243 7.6e-07
244 6.8e-07
245 5.59602e-07
246 6.39602e-07
247 6.39204e-07
248 9.6e-07
249 6.79204e-07
250 6.4e-07
251 5.59602e-07
252 6.8e-07
253 7.59602e-07
254 4.4e-07
255 4e-07
256 3.2e-07
257 7.58806e-07
258 5.99602e-07
259 7.19602e-07
260 8.79602e-07
261 6.8e-07
262 6.4e-07
263 4.8e-07
264 7.58806e-07
265 6.8e-07
266 7.19204e-07
267 7.2e-07
268 3.6e-07
269 4.79602e-07
270 6.4e-07
271 2.79602e-07
272 6.39602e-07
273 5.2e-07
274 6.79602e-07
275 4.8e-07
276 5.59204e-07
277 5.59204e-07
278 5.99204e-07
279 6.79602e-07
280 4.8e-07
281 5.19602e-07
282 5.2e-07
283 3.6e-07
284 5.6e-07
285 3.59602e-07
286 4.4e-07
287 3.2e-07
288 6.8e-07
289 3.6e-07
290 3.99204e-07
291 6e-07
292 3.6e-07
293 5.99602e-07
294 4.39602e-07
295 5.19602e-07
296 5.58806e-07
297 4.4e-07
298 8.79204e-07
299 6.79204e-07
300 4.4e-07
301 6.7881e-07
302 5.6e-07
303 6.4e-07
304 6.39204e-07
305 3.2e-07
306 7.59602e-07
307 7.19204e-07
308 4.4e-07
309 3.59602e-07
310 6.8e-07
311 6.8e-07
312 3.98806e-07
313 3.6e-07
314 5.2e-07
315 9.2e-07
316 5.18806e-07
317 4e-07
318 5.2e-07
319 3.6e-07
320 5.59602e-07
321 5.59602e-07
322 8.39602e-07
323 4.39602e-07
324 5.6e-07
325 7.19602e-07
326 6.79602e-07
327 6.8e-07
328 7.59204e-07
329 3.2e-07
330 7.6e-07
331 5.2e-07
332 3.59602e-07
333 4.4e-07
334 6.39602e-07
335 6.79602e-07
336 5.19204e-07
337 2e-07
338 4.39602e-07
339 4.79602e-07
340 4.4e-07
341 4.4e-07
342 4.8e-07
343 3.2e-07
344 6.8e-07
345 4.4e-07
346 3.6e-07
347 6.39602e-07
348 4.79602e-07
349 4.39602e-07
350 5.99204e-07
351 3.59602e-07
352 3.2e-07
353 6.79602e-07
354 5.2e-07
355 4e-07
356 2.39602e-07
357 5.6e-07
358 6.79204e-07
359 4.4e-07
360 6.39204e-07
361 2.4e-07
362 5.6e-07
363 2.79602e-07
364 5.59602e-07
365 4.39602e-07
366 3.2e-07
367 2.8e-07
368 3.6e-07
369 2e-07
370 4.79602e-07
371 7.19204e-07
372 6.39602e-07
373 3.59204e-07
374 3.2e-07
375 4e-07
376 4.8e-07
377 4.4e-07
378 4.4e-07
379 4.39602e-07
380 6.39602e-07
381 5.19602e-07
382 8.4e-07
383 3.6e-07
384 6.79204e-07
385 6.79602e-07
386 6.39602e-07
387 6.8e-07
388 5.19204e-07
389 5.19602e-07
390 4.79204e-07
391 5.19602e-07
392 3.6e-07
393 5.6e-07
394 4.78408e-07
395 5.59602e-07
396 4.4e-07
397 4.8e-07
398 5.9881e-07
399 3.19602e-07
400 4.39204e-07
401 2e-07
402 4e-07
403 3.59602e-07
404 3.2e-07
405 6.39602e-07
406 3.2e-07
407 4e-07
408 4.38806e-07
409 2.4e-07
410 4.39602e-07
411 9.99602e-07
412 2.8e-07
413 2.79602e-07
414 7.6e-07
415 2.8e-07
416 5.6e-07
417 4.79602e-07
418 8e-08
419 3.2e-07
420 2.79602e-07
421 4e-07
422 3.19204e-07
423 2.79602e-07
424 4e-07
425 2.79602e-07
426 1.99602e-07
427 4.39602e-07
428 3.6e-07
429 4.4e-07
430 2e-07
431 5.2e-07
432 6.4e-07
433 5.19204e-07
434 4e-07
435 2e-07
436 2.8e-07
437 6.39602e-07
438 4.79602e-07
439 5.2e-07
440 2.8e-07
441 1.99602e-07
442 4.39204e-07
443 6.78408e-07
444 5.59204e-07
445 2.4e-07
446 3.6e-07
447 3.6e-07
448 3.6e-07
449 6.8e-07
450 4e-07
451 2.79602e-07
452 2e-07
453 2.4e-07
454 3.19602e-07
455 5.59602e-07
456 4.8e-07
457 2.8e-07
458 3.6e-07
459 4.79602e-07
460 5.19204e-07
461 3.59602e-07
462 3.59602e-07
463 3.2e-07
464 4.4e-07
465 1.2e-07
466 4e-07
467 2.8e-07
468 3.2e-07
469 5.59602e-07
470 2.4e-07
471 4.8e-07
472 2.79602e-07
473 3.6e-07
474 5.99204e-07
475 3.59602e-07
476 1.6e-07
477 3.99602e-07
478 3.59602e-07
479 4e-07
480 2.4e-07
481 5.6e-07
482 4.39602e-07
483 4.79204e-07
484 5.6e-07
485 4.4e-07
486 2.38806e-07
487 3.99204e-07
488 3.2e-07
489 3.2e-07
490 4.4e-07
491 4e-07
492 3.2e-07
493 6e-07
494 7.19602e-07
495 3.6e-07
496 4.79602e-07
497 3.6e-07
498 3.59204e-07
499 4.39602e-07
500 2.4e-07
501 5.59602e-07
502 3.19602e-07
503 4.79602e-07
504 4e-07
505 3.2e-07
506 2.8e-07
507 3.6e-07
508 6.4e-07
509 3.99602e-07
510 2.4e-07
511 4.79204e-07
512 2.79602e-07
513 2.7881e-07
514 4.4e-07
515 4.8e-07
516 4e-07
517 5.59204e-07
518 4.8e-07
519 2.8e-07
520 3.2e-07
521 5.2e-07
522 4.8e-07
523 3.6e-07
524 5.99204e-07
525 2.39602e-07
526 3.2e-07
527 4e-07
528 4.39602e-07
529 3.99602e-07
530 3.6e-07
531 1.2e-07
532 3.19602e-07
533 3.6e-07
534 5.2e-07
535 4.4e-07
536 4.79602e-07
537 3.6e-07
538 4.8e-07
539 3.2e-07
540 3.99602e-07
541 3.19602e-07
542 3.6e-07
543 5.6e-07
544 2e-07
545 1.99602e-07
546 3.6e-07
547 6.8e-07
548 3.99204e-07
549 4.79204e-07
550 1.6e-07
551 5.19602e-07
552 5.6e-07
553 3.59602e-07
554 3.59204e-07
555 3.2e-07
556 3.59602e-07
557 3.6e-07
558 3.6e-07
559 4e-07
560 4.79204e-07
561 3.59208e-07
562 3.6e-07
563 3.19602e-07
564 3.6e-07
565 3.6e-07
566 3.59602e-07
567 2.79602e-07
568 6.39602e-07
569 4.79602e-07
570 4e-08
571 2.79204e-07
572 2e-07
573 2e-07
574 4.4e-07
575 3.19602e-07
576 3.19602e-07
577 3.99602e-07
578 3.2e-07
579 5.19602e-07
580 1.99602e-07
581 5.19602e-07
582 2e-07
583 3.99602e-07
584 3.6e-07
585 2e-07
586 2.39602e-07
587 1.6e-07
588 8e-08
589 5.6e-07
590 6.79602e-07
591 5.59602e-07
592 3.6e-07
593 3.6e-07
594 1.99208e-07
595 4e-07
596 3.19204e-07
597 4e-07
598 1.2e-07
599 2.39602e-07
600 2.4e-07
601 3.99602e-07
602 3.59602e-07
603 4.39602e-07
604 2.4e-07
605 3.6e-07
606 2.8e-07
607 3.19204e-07
608 3.59602e-07
609 4.4e-07
610 2.79204e-07
611 4.79602e-07
612 4.8e-07
613 2.8e-07
614 1.99602e-07
615 1.2e-07
616 3.59602e-07
617 5.59204e-07
618 3.59602e-07
619 4e-07
620 6e-07
621 4.8e-07
622 4.79602e-07
623 2e-07
624 3.99602e-07
625 2.4e-07
626 3.99602e-07
627 5.99204e-07
628 3.19602e-07
629 3.6e-07
630 2e-07
631 3.19602e-07
632 3.2e-07
633 3.6e-07
634 2e-07
635 5.19208e-07
636 3.59602e-07
637 3.99204e-07
638 3.59602e-07
639 1.99602e-07
640 2.8e-07
641 3.59208e-07
642 2e-07
643 4.39204e-07
644 4.4e-07
645 3.6e-07
646 2.79602e-07
647 3.59602e-07
648 3.6e-07
649 2.4e-07
650 2.4e-07
651 1.6e-07
652 3.59204e-07
653 1.6e-07
654 3.6e-07
655 4e-07
656 4e-07
657 1.6e-07
658 2.8e-07
659 4.8e-07
660 5.99602e-07
661 4.39602e-07
662 2.4e-07
663 3.6e-07
664 3.59602e-07
665 2.79208e-07
666 3.19602e-07
667 3.2e-07
668 5.2e-07
669 3.6e-07
670 2.8e-07
671 3.6e-07
672 2.8e-07
673 2e-07
674 4.8e-07
675 2.39602e-07
676 2.79602e-07
677 3.59602e-07
678 3.2e-07
679 1.99602e-07
680 3.99602e-07
681 3.6e-07
682 1.6e-07
683 2.79602e-07
684 2.8e-07
685 1.6e-07
686 2.39602e-07
687 1.6e-07
688 3.6e-07
689 5.19602e-07
690 4.39602e-07
691 3.6e-07
692 2.79602e-07
693 5.2e-07
694 3.2e-07
695 3.59602e-07
696 2.4e-07
697 2.4e-07
698 2e-07
699 4.8e-07
700 3.2e-07
701 1.19602e-07
702 2.79602e-07
703 1.99602e-07
704 1.2e-07
705 2.39602e-07
706 3.6e-07
707 2.4e-07
708 5.19602e-07
709 3.2e-07
710 1.6e-07
711 1.59208e-07
712 8e-08
713 4.79204e-07
714 1.59602e-07
715 3.59204e-07
716 2.79602e-07
717 4e-07
718 2e-07
719 4.39204e-07
720 3.19602e-07
721 1.6e-07
722 1.6e-07
723 8e-08
724 2.39602e-07
725 1.99602e-07
726 4.4e-07
727 2.4e-07
728 2e-07
729 2.8e-07
730 2.8e-07
731 2e-07
732 2.8e-07
733 3.6e-07
734 2e-07
735 4e-07
736 3.2e-07
737 4.8e-07
738 3.99602e-07
739 2.4e-07
740 4.8e-07
741 2.8e-07
742 4e-07
743 1.59204e-07
744 1.6e-07
745 4e-07
746 3.59602e-07
747 4.39602e-07
748 2.8e-07
749 3.99602e-07
750 2.79208e-07
751 5.58806e-07
752 3.59602e-07
753 5.19602e-07
754 2.39602e-07
755 3.99602e-07
756 2.4e-07
757 2.38818e-07
758 3.6e-07
759 4.79602e-07
760 3.2e-07
761 4.39602e-07
762 3.19204e-07
763 2.8e-07
764 2.79204e-07
765 3.59602e-07
766 3.19204e-07
767 2.79602e-07
768 8e-08
769 3.59602e-07
770 3.59204e-07
771 2.8e-07
772 3.99602e-07
773 4.4e-07
774 3.59602e-07
775 3.19204e-07
776 3.59204e-07
777 1.99602e-07
778 3.6e-07
779 4e-07
780 4e-07
781 3.6e-07
782 2.39204e-07
783 2.79602e-07
784 2.39602e-07
785 3.19602e-07
786 3.99602e-07
787 3.19204e-07
788 2.79602e-07
789 3.9881e-07
790 2.39602e-07
791 2.39602e-07
792 5.19204e-07
793 1.2e-07
794 2.79204e-07
795 3.19602e-07
796 4e-07
797 3.6e-07
798 2.8e-07
799 3.58412e-07
800 2.39602e-07
801 3.59602e-07
802 2.8e-07
803 4e-07
804 1.99602e-07
805 2.4e-07
806 3.99204e-07
807 3.99602e-07
808 2.8e-07
809 1.2e-07
810 1.6e-07
811 2.8e-07
812 3.19204e-07
813 2.79602e-07
814 2.4e-07
815 2e-07
816 2.79602e-07
817 3.99602e-07
818 3.19602e-07
819 3.59602e-07
820 2e-07
821 2e-07
822 8e-08
823 3.18412e-07
824 2.4e-07
825 2.8e-07
826 2.79602e-07
827 3.99602e-07
828 4.39204e-07
829 1.6e-07
830 2.4e-07
831 1.99208e-07
832 4.78806e-07
833 3.59602e-07
834 1.6e-07
835 2e-07
836 3.59602e-07
837 1.99602e-07
838 3.2e-07
839 3.19602e-07
840 3.6e-07
841 2.4e-07
842 3.19602e-07
843 2e-07
844 5.19602e-07
845 6.39602e-07
846 2.4e-07
847 3.19602e-07
848 3.19602e-07
849 2.39602e-07
850 4.79602e-07
851 1.59602e-07
852 3.6e-07
853 4.4e-07
854 1.6e-07
855 2.79602e-07
856 2e-07
857 1.2e-07
858 1.59602e-07
859 3.98408e-07
860 2.8e-07
861 5.58412e-07
862 2.8e-07
863 3.2e-07
864 1.2e-07
865 2.8e-07
866 2.8e-07
867 4e-07
868 3.6e-07
869 1.6e-07
870 3.2e-07
871 3.9881e-07
872 2.4e-07
873 4.79602e-07
874 3.99204e-07
875 2.8e-07
876 2e-07
877 3.19204e-07
878 2.39602e-07
879 1.6e-07
880 4.8e-07
881 3.19204e-07
882 2.39602e-07
883 3.59204e-07
884 2e-07
885 3.6e-07
886 2e-07
887 2.4e-07
888 2.39602e-07
889 3.59602e-07
890 3.2e-07
891 3.6e-07
892 2.4e-07
893 2e-07
894 3.99602e-07
895 2e-07
896 8e-08
897 5.19208e-07
898 1.2e-07
899 2.8e-07
900 3.59602e-07
901 2e-07
902 3.19602e-07
903 3.99204e-07
904 1.19208e-07
905 2e-07
906 8e-08
907 1.6e-07
908 1.59204e-07
909 3.2e-07
910 1.2e-07
911 3.2e-07
912 1.99204e-07
913 1.6e-07
914 4e-08
915 2.4e-07
916 3.99602e-07
917 1.6e-07
918 1.99602e-07
919 2.4e-07
920 1.99602e-07
921 1.59602e-07
922 3.99602e-07
923 2.8e-07
924 3.2e-07
925 2.8e-07
926 2.39602e-07
927 3.59204e-07
928 3.2e-07
929 1.2e-07
930 1.6e-07
931 1.6e-07
932 3.19602e-07
933 3.99602e-07
934 4.39602e-07
935 2.8e-07
936 2.79602e-07
937 4.4e-07
938 4.79204e-07
939 2e-07
940 1.99208e-07
941 2e-07
942 1.2e-07
943 1.6e-07
944 5.19204e-07
945 1.2e-07
946 3.6e-07
947 3.99204e-07
948 2.4e-07
949 2.8e-07
950 2e-07
951 0
952 3.6e-07
953 4.39602e-07
954 1.2e-07
955 3.6e-07
956 3.2e-07
957 2.39602e-07
958 1.2e-07
959 3.2e-07
960 8e-08
961 4e-07
962 4.79602e-07
963 2e-07
964 1.2e-07
965 3.19602e-07
966 2.79204e-07
967 3.2e-07
968 2.79204e-07
969 2.4e-07
970 3.59602e-07
971 3.19602e-07
972 1.2e-07
973 2.8e-07
974 2.39602e-07
975 1.99602e-07
976 2.79602e-07
977 2.39602e-07
978 2.8e-07
979 3.59602e-07
980 1.59602e-07
981 4e-07
982 2.39602e-07
983 4.39204e-07
984 1.6e-07
985 2.8e-07
986 3.99602e-07
987 3.99602e-07
988 3.2e-07
989 1.2e-07
990 1.6e-07
991 4e-07
992 2.79602e-07
993 4.79208e-07
994 2.8e-07
995 4.8e-07
996 3.2e-07
997 8e-08
998 3.59602e-07
999 0
