0 0
1 1.14e-05
2 8.9596e-06
3 5.84e-06
4 5.2396e-06
5 4.68e-06
6 3.9592e-06
7 3.76e-06
8 4.1196e-06
9 3.28e-06
10 3.24e-06
11 2.8396e-06
12 3.0796e-06
13 3.08e-06
14 2.7996e-06
15 2.4796e-06
16 2.56e-06
17 2.2e-06
18 2.5596e-06
19 2.36e-06
20 2.16e-06
21 2.2792e-06
22 2.2796e-06
23 1.6792e-06
24 1.44e-06
25 2.3996e-06
26 1.56e-06
27 2e-06
28 2.12e-06
29 1.75881e-06
30 1.56e-06
31 1.92e-06
32 1.9996e-06
33 1.52e-06
34 1.88e-06
35 2.24e-06
36 1.52e-06
37 1.3996e-06
38 2.08e-06
39 1.4e-06
40 1.91881e-06
41 1.44e-06
42 1.72e-06
43 1.4796e-06
44 1.5996e-06
45 1.5996e-06
46 1.5196e-06
47 1.5992e-06
48 1.32e-06
49 1.3196e-06
50 1.31881e-06
51 1.24e-06
52 1.3996e-06
53 1.44e-06
54 8.79602e-07
55 9.2e-07
56 1.2392e-06
57 7.19204e-07
58 1.0396e-06
59 1.1596e-06
60 1.3996e-06
61 1.3196e-06
62 1.16e-06
63 1.3992e-06
64 9.19602e-07
65 1e-06
66 1.12e-06
67 8.4e-07
68 1.31881e-06
69 1.2396e-06
70 1.1596e-06
71 9.2e-07
72 1.1596e-06
73 1.1596e-06
74 9.6e-07
75 1.2392e-06
76 1.0796e-06
77 1.0392e-06
78 9.99602e-07
79 1.1996e-06
80 1.32e-06
81 9.58806e-07
82 1.1196e-06
83 1.44e-06
84 5.6e-07
85 6.8e-07
86 4e-07
87 1e-06
88 9.59602e-07
89 1.08e-06
90 8e-07
91 9.6e-07
92 7.2e-07
93 7.6e-07
94 1.1596e-06
95 9.19602e-07
96 1.0396e-06
97 9.6e-07
98 1.1992e-06
99 1.1196e-06
100 1.0392e-06
101 7.2e-07
102 6.8e-07
103 1.28e-06
104 7.99204e-07
105 7.6e-07
106 1.04e-06
107 1.12e-06
108 7.99602e-07
109 6.8e-07
110 8e-07
111 8.39602e-07
112 9.59602e-07
113 1.04e-06
114 7.99602e-07
115 9.99602e-07
116 9.19602e-07
117 1.0392e-06
118 1.1596e-06
119 9.99602e-07
120 9.19602e-07
121 5.6e-07
122 7.2e-07
123 9.59602e-07
124 9.19602e-07
125 8.4e-07
126 7.58806e-07
127 9.99602e-07
128 7.2e-07
129 7.2e-07
130 8.8e-07
131 1.36e-06
132 1.12e-06
133 7.2e-07
134 6.4e-07
135 6.39602e-07
136 9.2e-07
137 9.2e-07
138 1.04e-06
139 5.99602e-07
140 9.99204e-07
141 5.6e-07
142 7.2e-07
143 6.8e-07
144 6.79204e-07
145 7.19602e-07
146 6.4e-07
147 8.8e-07
148 8e-07
149 6.39204e-07
150 7.19602e-07
151 9.2e-07
152 8.79602e-07
153 7.19602e-07
154 9.19602e-07
155 8e-07
156 6.8e-07
157 5.6e-07
158 8.8e-07
159 1.0396e-06
160 6.4e-07
161 7.18412e-07
162 6.4e-07
163 8.38806e-07
164 9.6e-07
165 6.4e-07
166 7.19602e-07
167 1.0396e-06
168 8.39602e-07
169 6.8e-07
170 9.99208e-07
171 6.79602e-07
172 4e-07
173 3.99602e-07
174 9.99602e-07
175 8.79602e-07
176 8e-07
177 8.4e-07
178 5.2e-07
179 6.8e-07
180 5.5881e-07
181 5.59204e-07
182 6.8e-07
183 5.99602e-07
184 7.59602e-07
185 4.8e-07
186 6.4e-07
187 5.19602e-07
188 7.99602e-07
189 5.6e-07
190 9.2e-07
191 6.8e-07
192 7.6e-07
193 3.19602e-07
194 6.39204e-07
195 7.2e-07
196 7.2e-07
197 5.99602e-07
198 5.59602e-07
199 6.39204e-07
200 8.8e-07
201 7.59602e-07
202 8.8e-07
203 6e-07
204 6.39602e-07
205 6.4e-07
206 8.4e-07
207 6.79602e-07
208 5.2e-07
209 7.59204e-07
210 3.2e-07
211 2.8e-07
212 4.79602e-07
213 5.99602e-07
214 3.2e-07
215 4.8e-07
216 8.39602e-07
217 8.39204e-07
218 6.79602e-07
219 3.19204e-07
220 8.4e-07
221 4.4e-07
222 7.6e-07
223 6.39204e-07
224 4.79602e-07
225 5.6e-07
226 6.4e-07
227 3.6e-07
228 7.19204e-07
229 4.79602e-07
230 8.8e-07
231 5.2e-07
232 8.39602e-07
233 5.99602e-07
234 5.19602e-07
235 4e-07
236 3.19602e-07
237 3.99602e-07
238 7.99602e-07
239 3.2e-07
240 7.59602e-07
241 6.4e-07
242 7.99602e-07
243 6e-07
244 4.39204e-07
245 4.4e-07
246 2.8e-07
247 4.4e-07
248 5.2e-07
249 5.2e-07
250 8e-07
251 7.59602e-07
252 5.6e-07
253 4.39602e-07
254 4.79204e-07
255 8.79602e-07
256 7.5881e-07
257 3.2e-07
258 6.39602e-07
259 5.2e-07
260 4.4e-07
261 4.8e-07
262 5.59602e-07
263 5.2e-07
264 5.6e-07
265 5.19602e-07
266 3.6e-07
267 5.19602e-07
268 4.39602e-07
269 4.8e-07
270 5.99602e-07
271 5.6e-07
272 6.39602e-07
273 2.4e-07
274 4.4e-07
275 4.8e-07
276 7.6e-07
277 5.59602e-07
278 4.8e-07
279 3.6e-07
280 5.6e-07
281 7.19602e-07
282 4e-07
283 6.39602e-07
284 6.78806e-07
285 2.4e-07
286 6.8e-07
287 6.79204e-07
288 4.4e-07
289 3.99204e-07
290 7.6e-07
291 6.79204e-07
292 3.59602e-07
293 3.2e-07
294 3.99602e-07
295 5.6e-07
296 3.59602e-07
297 4.79602e-07
298 3.59204e-07
299 4.39602e-07
300 5.99204e-07
301 4.39602e-07
302 1.99602e-07
303 6.79204e-07
304 3.19602e-07
305 5.2e-07
306 3.59602e-07
307 4.4e-07
308 6.8e-07
309 4e-07
310 4.4e-07
311 5.19602e-07
312 3.6e-07
313 4.8e-07
314 5.6e-07
315 4.4e-07
316 4e-07
317 8.79602e-07
318 2.4e-07
319 5.99204e-07
320 6e-07
321 5.6e-07
322 8.39602e-07
323 5.6e-07
324 6.39602e-07
325 6.8e-07
326 3.2e-07
327 5.99602e-07
328 4.38806e-07
329 6.79602e-07
330 6.39602e-07
331 3.99602e-07
332 4.4e-07
333 4.79602e-07
334 3.19602e-07
335 5.99204e-07
336 4.79204e-07
337 3.99602e-07
338 6.4e-07
339 7.59204e-07
340 3.2e-07
341 5.99204e-07
342 3.59602e-07
343 4.39204e-07
344 7.19602e-07
345 4e-07
346 5.19602e-07
347 6.4e-07
348 2.8e-07
349 4.39602e-07
350 6.79602e-07
351 4.79602e-07
352 4e-07
353 4.8e-07
354 8.4e-07
355 4.79602e-07
356 4e-07
357 4.3881e-07
358 4.79602e-07
359 4.39602e-07
360 4.4e-07
361 3.59602e-07
362 6.39204e-07
363 7.19602e-07
364 2.8e-07
365 4.39602e-07
366 4e-07
367 6.79602e-07
368 4.4e-07
369 4e-07
370 2.4e-07
371 7.6e-07
372 5.19602e-07
373 5.19602e-07
374 5.2e-07
375 4.79602e-07
376 6.39602e-07
377 6e-07
378 5.6e-07
379 3.59602e-07
380 4.4e-07
381 4e-07
382 3.99602e-07
383 5.2e-07
384 4.39602e-07
385 4.8e-07
386 2.8e-07
387 4.79602e-07
388 3.99602e-07
389 5.2e-07
390 2.4e-07
391 7.58806e-07
392 3.59602e-07
393 4.79602e-07
394 3.99602e-07
395 3.6e-07
396 4.4e-07
397 4.4e-07
398 4.4e-07
399 5.59602e-07
400 4.4e-07
401 5.19602e-07
402 2.8e-07
403 5.19602e-07
404 6e-07
405 3.2e-07
406 4.4e-07
407 5.19602e-07
408 2.8e-07
409 4.39204e-07
410 3.18806e-07
411 4.39602e-07
412 4.8e-07
413 3.2e-07
414 3.6e-07
415 6.78412e-07
416 2.39602e-07
417 6.79602e-07
418 5.2e-07
419 4.78806e-07
420 3.59204e-07
421 4.79204e-07
422 4e-07
423 5.19602e-07
424 4e-07
425 5.19204e-07
426 3.6e-07
427 2.4e-07
428 4e-07
429 6.4e-07
430 3.6e-07
431 3.99602e-07
432 2.79602e-07
433 3.6e-07
434 3.19602e-07
435 4e-07
436 4.39602e-07
437 2.39204e-07
438 2.39602e-07
439 4.8e-07
440 6.7881e-07
441 2e-07
442 3.99602e-07
443 4.4e-07
444 2.39602e-07
445 4e-07
446 3.59204e-07
447 3.99602e-07
448 3.2e-07
449 2e-07
450 6.4e-07
451 2e-07
452 4.4e-07
453 2.39602e-07
454 5.99602e-07
455 5.19602e-07
456 2.4e-07
457 3.99602e-07
458 4e-07
459 4.79602e-07
460 5.6e-07
461 3.59602e-07
462 2.79602e-07
463 1.2e-07
464 5.99602e-07
465 4.4e-07
466 3.19208e-07
467 3.6e-07
468 5.19204e-07
469 3.2e-07
470 6.8e-07
471 3.6e-07
472 3.59204e-07
473 5.2e-07
474 4e-07
475 3.9881e-07
476 5.19204e-07
477 4e-07
478 5.99204e-07
479 3.6e-07
480 3.2e-07
481 3.59602e-07
482 2.8e-07
483 3.59602e-07
484 4.79602e-07
485 5.99602e-07
486 3.59602e-07
487 5.19602e-07
488 3.59208e-07
489 3.2e-07
490 5.19204e-07
491 3.2e-07
492 5.19602e-07
493 2.4e-07
494 2.8e-07
495 4.79602e-07
496 2.8e-07
497 5.59602e-07
498 4.8e-07
499 4e-07
500 2.8e-07
501 4.4e-07
502 5.59602e-07
503 3.18806e-07
504 7.19204e-07
505 4.8e-07
506 2.8e-07
507 4.4e-07
508 2e-07
509 3.2e-07
510 5.59204e-07
511 3.19602e-07
512 2.79602e-07
513 2.4e-07
514 3.6e-07
515 3.99602e-07
516 3.6e-07
517 3.2e-07
518 3.19602e-07
519 3.59208e-07
520 4e-07
521 4.39602e-07
522 4e-07
523 2.4e-07
524 5.19602e-07
525 4.39602e-07
526 3.59602e-07
527 4e-07
528 5.19602e-07
529 4e-07
530 4e-07
531 4.8e-07
532 3.99204e-07
533 3.19602e-07
534 3.2e-07
535 3.6e-07
536 4.39602e-07
537 3.19602e-07
538 3.99602e-07
539 5.19602e-07
540 4.79602e-07
541 4.4e-07
542 5.99602e-07
543 2.8e-07
544 1.6e-07
545 1.6e-07
546 2.8e-07
547 3.2e-07
548 4.39602e-07
549 5.2e-07
550 3.6e-07
551 4.4e-07
552 6e-07
553 4.4e-07
554 2.79602e-07
555 4.8e-07
556 3.2e-07
557 5.19204e-07
558 5.99204e-07
559 3.59602e-07
560 4.79204e-07
561 3.2e-07
562 1.6e-07
563 2.8e-07
564 4e-07
565 1.6e-07
566 3.19602e-07
567 4.8e-07
568 3.6e-07
569 4.8e-07
570 3.59208e-07
571 4e-07
572 3.6e-07
573 4.79602e-07
574 3.2e-07
575 2.8e-07
576 3.2e-07
577 4e-07
578 3.2e-07
579 4.79204e-07
580 2.79208e-07
581 3.59602e-07
582 3.6e-07
583 2.39602e-07
584 4.8e-07
585 5.2e-07
586 3.19602e-07
587 1.6e-07
588 4.4e-07
589 4.8e-07
590 3.2e-07
591 3.2e-07
592 3.2e-07
593 4.4e-07
594 5.18806e-07
595 3.6e-07
596 3.59204e-07
597 2.39602e-07
598 2.8e-07
599 4e-07
600 2.4e-07
601 1.59602e-07
602 2.8e-07
603 2e-07
604 3.19602e-07
605 4e-07
606 2.8e-07
607 2.4e-07
608 2e-07
609 2e-07
610 3.2e-07
611 5.2e-07
612 1.6e-07
613 4.4e-07
614 2.79602e-07
615 3.19602e-07
616 2e-07
617 1.99602e-07
618 2e-07
619 3.6e-07
620 5.99602e-07
621 2.39602e-07
622 4.4e-07
623 7.9602e-08
624 3.99602e-07
625 1.6e-07
626 4.4e-07
627 5.19602e-07
628 3.2e-07
629 3.19602e-07
630 4e-07
631 3.19602e-07
632 1.6e-07
633 2.79204e-07
634 2.8e-07
635 3.58806e-07
636 5.2e-07
637 4.8e-07
638 3.99602e-07
639 2.8e-07
640 1.19204e-07
641 4.79204e-07
642 2.8e-07
643 4.39602e-07
644 3.19602e-07
645 5.58806e-07
646 4.78806e-07
647 3.19204e-07
648 5.19602e-07
649 3.99602e-07
650 1.99602e-07
651 2.39602e-07
652 6.39602e-07
653 4e-07
654 3.2e-07
655 4.79602e-07
656 2.39602e-07
657 3.2e-07
658 1.99208e-07
659 3.99204e-07
660 4.8e-07
661 4.39204e-07
662 3.19208e-07
663 2.39602e-07
664 3.2e-07
665 4.39602e-07
666 4.8e-07
667 2.79204e-07
668 4.77214e-07
669 3.6e-07
670 2.4e-07
671 3.2e-07
672 2.4e-07
673 2.79602e-07
674 2.39602e-07
675 2.8e-07
676 3.59602e-07
677 3.2e-07
678 5.19602e-07
679 2.8e-07
680 1.6e-07
681 1.19602e-07
682 4.4e-07
683 1.99602e-07
684 1.6e-07
685 5.59602e-07
686 3.2e-07
687 3.58806e-07
688 2.4e-07
689 3.19602e-07
690 3.99602e-07
691 2.8e-07
692 3.6e-07
693 3.2e-07
694 4.39208e-07
695 5.19602e-07
696 3.19602e-07
697 5.19602e-07
698 4e-07
699 3.2e-07
700 3.19208e-07
701 2.79204e-07
702 3.2e-07
703 1.99602e-07
704 1.2e-07
705 3.2e-07
706 3.19602e-07
707 3.6e-07
708 3.6e-07
709 3.99602e-07
710 8e-08
711 3.59602e-07
712 3.19602e-07
713 5.2e-07
714 2e-07
715 2.79602e-07
716 4.39602e-07
717 6.4e-07
718 2.4e-07
719 4e-07
720 2.79208e-07
721 4.4e-07
722 4e-08
723 1.59208e-07
724 4.4e-07
725 4.79204e-07
726 4e-07
727 1.59602e-07
728 2.8e-07
729 3.59602e-07
730 3.6e-07
731 4.39602e-07
732 4.8e-07
733 2.4e-07
734 8e-08
735 2.8e-07
736 2.8e-07
737 4.39204e-07
738 2.8e-07
739 3.99204e-07
740 4e-07
741 2e-07
742 3.2e-07
743 3.2e-07
744 3.99204e-07
745 5.59602e-07
746 1.59602e-07
747 1.6e-07
748 3.2e-07
749 4.4e-07
750 3.2e-07
751 3.98022e-07
752 2.4e-07
753 2e-07
754 3.6e-07
755 4e-07
756 2e-07
757 3.99602e-07
758 2e-07
759 3.59602e-07
760 2.39602e-07
761 2e-07
762 4e-07
763 2e-07
764 3.2e-07
765 2e-07
766 2.79602e-07
767 2.79204e-07
768 2.4e-07
769 4e-07
770 4e-07
771 4.79204e-07
772 1.6e-07
773 4.4e-07
774 3.59602e-07
775 5.19602e-07
776 4.39204e-07
777 2.79602e-07
778 3.2e-07
779 1.2e-07
780 4.79602e-07
781 2.39602e-07
782 2e-07
783 1.99602e-07
784 3.99602e-07
785 5.59602e-07
786 2.8e-07
787 3.2e-07
788 2.8e-07
789 2.39204e-07
790 5.18806e-07
791 2e-07
792 4.8e-07
793 3.99602e-07
794 2e-07
795 1.59602e-07
796 4.39208e-07
797 2.79602e-07
798 6.39204e-07
799 2.8e-07
800 3.2e-07
801 3.6e-07
802 2.8e-07
803 2.39602e-07
804 2e-07
805 2.8e-07
806 3.59602e-07
807 2.79602e-07
808 5.19602e-07
809 2.8e-07
810 4e-07
811 3.2e-07
812 3.2e-07
813 2e-07
814 3.6e-07
815 2.79208e-07
816 3.6e-07
817 3.59602e-07
818 5.19602e-07
819 2.8e-07
820 3.6e-07
821 1.99602e-07
822 2.4e-07
823 3.59602e-07
824 3.6e-07
825 2.8e-07
826 4e-07
827 3.19204e-07
828 2.8e-07
829 2.39602e-07
830 1.59602e-07
831 3.59602e-07
832 2.39602e-07
833 4.39602e-07
834 2e-07
835 2.79602e-07
836 5.59602e-07
837 3.2e-07
838 2.79602e-07
839 3.19602e-07
840 1.59602e-07
841 2.4e-07
842 1.19204e-07
843 2e-07
844 4e-07
845 3.59602e-07
846 3.19602e-07
847 3.2e-07
848 4e-07
849 4.4e-07
850 1.2e-07
851 2.79602e-07
852 2e-07
853 3.2e-07
854 2.4e-07
855 4.4e-07
856 2.4e-07
857 1.99602e-07
858 3.59602e-07
859 3.2e-07
860 2.78806e-07
861 2.4e-07
862 3.2e-07
863 4.8e-07
864 5.2e-07
865 2e-07
866 2e-07
867 4e-07
868 3.6e-07
869 2.8e-07
870 1.99602e-07
871 1.6e-07
872 3.59204e-07
873 4.39602e-07
874 2.79204e-07
875 3.2e-07
876 2.4e-07
877 3.99602e-07
878 3.2e-07
879 2.4e-07
880 3.2e-07
881 1.99602e-07
882 1.99602e-07
883 3.6e-07
884 2e-07
885 1.2e-07
886 3.59602e-07
887 3.2e-07
888 1.2e-07
889 2.4e-07
890 1.6e-07
891 2.39602e-07
892 1.99204e-07
893 3.59602e-07
894 3.6e-07
895 4.79602e-07
896 2.39602e-07
897 4.4e-07
898 4.79602e-07
899 1.6e-07
900 3.2e-07
901 3.19602e-07
902 2.39602e-07
903 2.79602e-07
904 2.79602e-07
905 4.79204e-07
906 2.79204e-07
907 2e-07
908 2.79602e-07
909 3.6e-07
910 4.8e-07
911 2.4e-07
912 1.99204e-07
913 2e-07
914 1.6e-07
915 4.8e-07
916 3.6e-07
917 3.59602e-07
918 3.6e-07
919 4e-07
920 2.8e-07
921 1.2e-07
922 3.59204e-07
923 2.4e-07
924 2e-07
925 3.59602e-07
926 2.4e-07
927 4.79602e-07
928 3.6e-07
929 2.4e-07
930 2.39602e-07
931 1.99602e-07
932 1.6e-07
933 2.4e-07
934 3.19602e-07
935 1.19602e-07
936 3.59204e-07
937 3.59602e-07
938 4.8e-07
939 7.9602e-08
940 3.19204e-07
941 1.99602e-07
942 2.4e-07
943 3.5881e-07
944 3.19602e-07
945 2.79602e-07
946 3.2e-07
947 3.19602e-07
948 4.39602e-07
949 4.39602e-07
950 1.59602e-07
951 1.59602e-07
952 3.2e-07
953 8e-08
954 2e-07
955 2.79602e-07
956 1.6e-07
957 4e-07
958 2.8e-07
959 8e-08
960 1.99204e-07
961 3.99602e-07
962 2e-07
963 3.59204e-07
964 5.19602e-07
965 3.99602e-07
966 2.39602e-07
967 1.2e-07
968 4.8e-07
969 3.2e-07
970 2e-07
971 2.79602e-07
972 2e-07
973 2e-07
974 3.2e-07
975 3.19204e-07
976 3.6e-07
977 3.6e-07
978 1.99602e-07
979 3.6e-07
980 4.39602e-07
981 3.2e-07
982 3.6e-07
983 2.8e-07
984 2.8e-07
985 4e-07
986 4e-07
987 3.19204e-07
988 3.2e-07
989 2.4e-07
990 5.19602e-07
991 4e-08
992 2.8e-07
993 4.4e-07
994 2.8e-07
995 4e-07
996 1.99602e-07
997 4.39602e-07
998 4.79204e-07
999 0
