0 0
1 0.001176
2 0.000753472
3 0.000712
4 0.0005
5 0.000452
6 0.000416
7 0.000416
8 0.000376
9 0.000352
10 0.000328
11 0.000366943
12 0.000336
13 0.000348
14 0.000230943
15 0.000298943
16 0.000256
17 0.000192
18 0.000208
19 0.000185472
20 0.000213472
21 0.000236
22 0.000216
23 0.000156
24 0.000161472
25 0.000164
26 0.000204
27 0.000261472
28 0.000241472
29 0.000148
30 0.000177472
31 0.000164
32 0.00018
33 0.000141472
34 0.000148
35 0.00018
36 0.000161472
37 0.000168
38 0.000156
39 0.000165472
40 0.000188415
41 0.000138943
42 8.94715e-05
43 0.000125472
44 0.000125472
45 0.000116
46 0.000141472
47 0.000122943
48 0.000136
49 0.000148
50 0.000148
51 9.74715e-05
52 0.000116
53 0.000124
54 0.000124
55 9.34715e-05
56 0.000118943
57 0.000161472
58 0.000132
59 0.000128
60 0.000128
61 0.00014
62 0.000148
63 0.000113472
64 0.000125472
65 0.000153472
66 9.6e-05
67 0.000141472
68 0.000117472
69 0.000132
70 0.000113472
71 0.000105472
72 4.4e-05
73 8.6943e-05
74 0.000116
75 8.54715e-05
76 0.000145472
77 0.000145472
78 8.8e-05
79 0.000136
80 0.000117472
81 0.000121472
82 0.00012
83 6.94715e-05
84 7.2e-05
85 0.000128
86 9.34715e-05
87 0.000122943
88 0.000106943
89 0.00012
90 7.24146e-05
91 8e-05
92 9.6e-05
93 0.000105472
94 0.000101472
95 0.0001
96 0.000105472
97 5.6e-05
98 8.4e-05
99 0.000112
100 0.000101472
101 8.84146e-05
102 7.6e-05
103 8.8e-05
104 7.8943e-05
105 8.94715e-05
106 0.000108
107 8.6943e-05
108 9.6e-05
109 4.4e-05
110 8e-05
111 6.54715e-05
112 9.6e-05
113 8.94715e-05
114 8.8e-05
115 0.000106943
116 4.94715e-05
117 5.34715e-05
118 5.2e-05
119 7.2e-05
120 8.14715e-05
121 8.4e-05
122 9.6e-05
123 9.2e-05
124 9.2e-05
125 6.4e-05
126 7.34715e-05
127 6.8e-05
128 9.24146e-05
129 5.8943e-05
130 9.74715e-05
131 5.34715e-05
132 8.8e-05
133 8.4e-05
134 6.4e-05
135 7.4943e-05
136 5.6e-05
137 8e-05
138 5.6e-05
139 0.0001
140 6.4e-05
141 7.74715e-05
142 8.4e-05
143 6e-05
144 6.94715e-05
145 0.000108
146 5.4943e-05
147 6e-05
148 6.4e-05
149 6.14715e-05
150 8.8e-05
151 0.000125472
152 7.2e-05
153 6.54715e-05
154 6.2943e-05
155 6.14715e-05
156 6.2943e-05
157 8.14715e-05
158 7.4943e-05
159 7.6e-05
160 5.6e-05
161 6.8e-05
162 6.4e-05
163 6.54715e-05
164 8.2943e-05
165 5.0943e-05
166 8.54715e-05
167 9.74715e-05
168 8.54715e-05
169 9.74715e-05
170 7.2e-05
171 4.94715e-05
172 5.34715e-05
173 6.54715e-05
174 5.34715e-05
175 7.2e-05
176 6.2943e-05
177 8.14715e-05
178 6.4e-05
179 6.8e-05
180 4.54715e-05
181 5.34715e-05
182 5.34715e-05
183 8e-05
184 5.34715e-05
185 8e-05
186 6.8e-05
187 6.94715e-05
188 5.6e-05
189 5.6e-05
190 5.74715e-05
191 6e-05
192 8e-05
193 9.2e-05
194 4.4e-05
195 4e-05
196 7.2e-05
197 7.2e-05
198 4.4e-05
199 4.4e-05
200 8.14715e-05
201 6.4e-05
202 6.4e-05
203 7.6e-05
204 4.54715e-05
205 3.74715e-05
206 7.6e-05
207 4e-05
208 5.4943e-05
209 7.2e-05
210 5.34715e-05
211 6.14715e-05
212 4.54715e-05
213 8.14715e-05
214 7.74715e-05
215 5.2e-05
216 3.2e-05
217 3.74715e-05
218 4.4e-05
219 4.4e-05
220 4.94715e-05
221 7.6e-05
222 6.14715e-05
223 5.2e-05
224 8.4e-05
225 4.4e-05
226 8.8e-05
227 3.6e-05
228 6.2943e-05
229 4.54715e-05
230 2.8e-05
231 6.8e-05
232 6e-05
233 6.8e-05
234 8.4e-05
235 6.4e-05
236 6.14715e-05
237 5.6e-05
238 4.4e-05
239 5.64146e-05
240 4.4e-05
241 5.2e-05
242 5.6e-05
243 6.54715e-05
244 7.6e-05
245 2.4e-05
246 4.8e-05
247 6e-05
248 4.8e-05
249 3.2e-05
250 7.0943e-05
251 6e-05
252 6.6943e-05
253 5.34715e-05
254 2.4e-05
255 5.74715e-05
256 6.8e-05
257 3.74715e-05
258 8.14715e-05
259 5.2e-05
260 6.14715e-05
261 8e-05
262 6e-05
263 5.34715e-05
264 3.4943e-05
265 4.94715e-05
266 3.74715e-05
267 5.34715e-05
268 2.94715e-05
269 8.4e-05
270 5.24146e-05
271 3.8943e-05
272 6.54715e-05
273 3.6e-05
274 5.34715e-05
275 7.34715e-05
276 3.34715e-05
277 4e-05
278 3.4943e-05
279 5.0943e-05
280 5.0943e-05
281 5.2e-05
282 3.74715e-05
283 5.65413e-05
284 6.8e-05
285 8.8e-05
286 6e-05
287 5.6e-05
288 3.8943e-05
289 5.6e-05
290 6e-05
291 4.4e-05
292 3.0943e-05
293 6e-05
294 5.34715e-05
295 2.8e-05
296 6.6943e-05
297 3.74715e-05
298 6e-05
299 3.6e-05
300 8e-05
301 3.74715e-05
302 5.6e-05
303 1.2e-05
304 6.94715e-05
305 3.8943e-05
306 6e-05
307 4.14715e-05
308 5.2e-05
309 5.2e-05
310 6e-05
311 4.4e-05
312 4e-05
313 5.2e-05
314 6.94715e-05
315 5.2e-05
316 4e-05
317 5.74715e-05
318 5.34715e-05
319 3.4943e-05
320 4.8e-05
321 4.8e-05
322 4.54715e-05
323 4.4e-05
324 5.74715e-05
325 4.4e-05
326 5.34715e-05
327 4.4e-05
328 5.2e-05
329 4.54715e-05
330 7.78861e-05
331 3.2e-05
332 2.4e-05
333 2.8e-05
334 4.4e-05
335 5.6e-05
336 5.8943e-05
337 4.8e-05
338 3.34715e-05
339 4.2943e-05
340 3.74715e-05
341 3.2e-05
342 6e-05
343 2.8e-05
344 6.54715e-05
345 3.2e-05
346 2.8e-05
347 5.34715e-05
348 5.6e-05
349 3.2e-05
350 6.14715e-05
351 6.4e-05
352 5.74715e-05
353 4.4e-05
354 4.14715e-05
355 5.6e-05
356 4.54715e-05
357 3.6e-05
358 4.8e-05
359 3.8943e-05
360 2e-05
361 9.0943e-05
362 3.34715e-05
363 6.54715e-05
364 4.4e-05
365 4.6943e-05
366 3.34715e-05
367 4.8e-05
368 5.2e-05
369 4.4e-05
370 6.8e-05
371 3.6e-05
372 4.54715e-05
373 5.2e-05
374 5.6e-05
375 4.14715e-05
376 3.6e-05
377 3.2e-05
378 5.6e-05
379 6.94715e-05
380 4e-05
381 3.74715e-05
382 1.74715e-05
383 4.8e-05
384 3.2e-05
385 5.74715e-05
386 4.4e-05
387 2.14715e-05
388 5.6e-05
389 3.6e-05
390 6e-05
391 3.74715e-05
392 2.4e-05
393 5.2e-05
394 2.2943e-05
395 6e-05
396 4.4e-05
397 4.4e-05
398 4.54715e-05
399 4.94715e-05
400 1.74715e-05
401 4.8e-05
402 5.34715e-05
403 5.74715e-05
404 4.14715e-05
405 6.4e-05
406 3.8943e-05
407 5.74715e-05
408 4.94715e-05
409 4.4e-05
410 2.4e-05
411 4.60129e-05
412 7.4943e-05
413 6.8e-05
414 6.6943e-05
415 3.2e-05
416 4e-05
417 3.74715e-05
418 5.34715e-05
419 4.4e-05
420 3.2e-05
421 5.74715e-05
422 2.14715e-05
423 3.74715e-05
424 4.54715e-05
425 4e-05
426 3.34715e-05
427 2.4e-05
428 4.54715e-05
429 3.74715e-05
430 7.2e-05
431 4.14715e-05
432 3.6e-05
433 4e-05
434 1.6e-05
435 2.94715e-05
436 6e-05
437 4.8e-05
438 4.4e-05
439 3.6e-05
440 4.8e-05
441 6e-05
442 4.14715e-05
443 3.34715e-05
444 3.74715e-05
445 6.14715e-05
446 2.94715e-05
447 4.8e-05
448 3.6e-05
449 3.74715e-05
450 3.74715e-05
451 2.4e-05
452 2.8e-05
453 4.14715e-05
454 4e-05
455 4.14715e-05
456 2.4e-05
457 2.54715e-05
458 6.14715e-05
459 2e-05
460 4.14715e-05
461 3.8943e-05
462 1.6e-05
463 3.74715e-05
464 3.34715e-05
465 4.94715e-05
466 6.4e-05
467 3.0943e-05
468 5.2e-05
469 3.6e-05
470 4.14715e-05
471 5.6e-05
472 4.94715e-05
473 2.14715e-05
474 5.2e-05
475 2.4e-05
476 4.8e-05
477 2.94715e-05
478 4.94715e-05
479 4.14715e-05
480 2.14715e-05
481 4.54715e-05
482 2.94715e-05
483 5.6e-05
484 5.74715e-05
485 4.14715e-05
486 3.2e-05
487 2.8e-05
488 6e-05
489 2.54715e-05
490 3.2e-05
491 4.14715e-05
492 9.47152e-06
493 4.8e-05
494 2.54715e-05
495 2.4e-05
496 5.34715e-05
497 3.8943e-05
498 2e-05
499 4.94715e-05
500 2e-05
501 3.2e-05
502 3.6e-05
503 5.74715e-05
504 3.74715e-05
505 3.6e-05
506 3.24146e-05
507 4.8e-05
508 4.54715e-05
509 3.34715e-05
510 4.4e-05
511 4e-05
512 2.4e-05
513 4.14715e-05
514 4.94715e-05
515 3.6e-05
516 3.74715e-05
517 2.8e-05
518 2.4e-05
519 3.2e-05
520 4.4e-05
521 3.4943e-05
522 2.8e-05
523 4.54715e-05
524 4e-05
525 2.8e-05
526 5.34715e-05
527 4e-05
528 2.54715e-05
529 4.85413e-05
530 4.8e-05
531 4.4e-05
532 6.8e-05
533 3.2e-05
534 2.4e-05
535 2.94715e-05
536 4.94715e-05
537 4.14715e-05
538 3.25413e-05
539 1.6e-05
540 2.8e-05
541 4e-05
542 3.6e-05
543 3.00129e-05
544 3.2e-05
545 2.14715e-05
546 2.4e-05
547 4.14715e-05
548 4.4e-05
549 8.14715e-05
550 4.8e-05
551 2.94715e-05
552 2.8e-05
553 2.94715e-05
554 3.34715e-05
555 4.2943e-05
556 3.2e-05
557 3.8943e-05
558 4.8e-05
559 4.14715e-05
560 1.74715e-05
561 1.6e-05
562 3.24146e-05
563 4e-05
564 5.6e-05
565 4.54715e-05
566 4.94715e-05
567 4.4e-05
568 3.6e-05
569 3.6e-05
570 2.94715e-05
571 3.74715e-05
572 3.8943e-05
573 3.2e-05
574 2.4e-05
575 1.2e-05
576 2.8e-05
577 3.6e-05
578 2e-05
579 2.4e-05
580 2.8e-05
581 4.8e-05
582 5.24146e-05
583 7.34715e-05
584 4e-05
585 1.8943e-05
586 5.6e-05
587 5.2e-05
588 4.2943e-05
589 2e-05
590 3.74715e-05
591 2.8e-05
592 3.74715e-05
593 4e-05
594 2.14715e-05
595 3.6e-05
596 1.74715e-05
597 2.4e-05
598 3.6e-05
599 5.8943e-05
600 1.2e-05
601 2e-05
602 4e-05
603 2.4e-05
604 4.14715e-05
605 2e-05
606 3.34715e-05
607 3.2e-05
608 2.54715e-05
609 5.2e-05
610 4.4e-05
611 5.34715e-05
612 2.4e-05
613 2.14715e-05
614 3.34715e-05
615 2.4e-05
616 2.45413e-05
617 2.54715e-05
618 1.74715e-05
619 4.4e-05
620 4.05413e-05
621 5.2e-05
622 2.4e-05
623 2.54715e-05
624 3.6e-05
625 3.2e-05
626 3.2e-05
627 3.34715e-05
628 6.14715e-05
629 4.4e-05
630 2.6943e-05
631 4.8e-05
632 3.74715e-05
633 3.2e-05
634 2.54715e-05
635 2.4e-05
636 2.14715e-05
637 3.6e-05
638 5.74715e-05
639 4e-05
640 4.14715e-05
641 3.64146e-05
642 2.8e-05
643 2.4e-05
644 4.14715e-05
645 3.6e-05
646 4.4e-05
647 4.8e-05
648 2.4e-05
649 3.6e-05
650 2.8e-05
651 2.94715e-05
652 2.94715e-05
653 3.8943e-05
654 2.54715e-05
655 4.8e-05
656 5.34715e-05
657 2e-05
658 1.6e-05
659 4.8e-05
660 3.2e-05
661 4.14715e-05
662 1.4943e-05
663 2.4e-05
664 4.94715e-05
665 2.05413e-05
666 1.2e-05
667 2.94715e-05
668 2.54715e-05
669 2.8e-05
670 5.2e-05
671 4e-05
672 4e-05
673 3.2e-05
674 4.8e-05
675 2.94715e-05
676 2.8e-05
677 2e-05
678 2.14715e-05
679 4.6943e-05
680 2.94715e-05
681 4.8e-05
682 4.4e-05
683 2.85413e-05
684 1.2e-05
685 2.4e-05
686 5.74715e-05
687 4.8e-05
688 3.34715e-05
689 1.8943e-05
690 2.54715e-05
691 1.74715e-05
692 3.6e-05
693 3.74715e-05
694 1.4943e-05
695 3.2e-05
696 2.8e-05
697 3.34715e-05
698 3.6e-05
699 2.4e-05
700 2.4e-05
701 3.2e-05
702 5.2e-05
703 2.4e-05
704 3.6e-05
705 2.94715e-05
706 4.54715e-05
707 2.94715e-05
708 4.94715e-05
709 3.34715e-05
710 3.6e-05
711 4.8e-05
712 4e-05
713 2.54715e-05
714 2.4e-05
715 2.94715e-05
716 5.34715e-05
717 2e-05
718 2.54715e-05
719 2.14715e-05
720 2.54715e-05
721 3.6e-05
722 4.54715e-05
723 2.8e-05
724 2.8e-05
725 1.74715e-05
726 1.6e-05
727 2.6943e-05
728 2.94715e-05
729 2.54715e-05
730 2.8e-05
731 4e-05
732 1.74715e-05
733 4e-05
734 4.54715e-05
735 4.8e-05
736 3.34715e-05
737 3.2e-05
738 4.8e-05
739 3.6e-05
740 2.54715e-05
741 1.74715e-05
742 3.6e-05
743 4e-05
744 1.34715e-05
745 2.54715e-05
746 2.4e-05
747 4e-05
748 2.6943e-05
749 2.4e-05
750 1.2e-05
751 3.8943e-05
752 3.34715e-05
753 2.8e-05
754 2.8e-05
755 1.80129e-05
756 2e-05
757 3.4943e-05
758 2.4e-05
759 3.0943e-05
760 2.8e-05
761 3.2e-05
762 5.2e-05
763 2.8e-05
764 1.74715e-05
765 4.54715e-05
766 4.94715e-05
767 2.85413e-05
768 4.4e-05
769 3.34715e-05
770 2.8e-05
771 4.54715e-05
772 3.2e-05
773 4.4e-05
774 1.34715e-05
775 3.34715e-05
776 1.74715e-05
777 3.6e-05
778 4.54715e-05
779 6.54715e-05
780 3.34715e-05
781 2.8e-05
782 2.54715e-05
783 4.14715e-05
784 1.6e-05
785 2.14715e-05
786 3.2e-05
787 2e-05
788 1.2e-05
789 1.0943e-05
790 2e-05
791 2.4e-05
792 2.4e-05
793 4.14715e-05
794 2.4e-05
795 2.4e-05
796 2e-05
797 4.8e-05
798 2.8e-05
799 3.2e-05
800 8e-06
801 3.6e-05
802 4e-05
803 2.4e-05
804 1.4943e-05
805 4e-05
806 3.2e-05
807 3.6e-05
808 1.6e-05
809 1.34715e-05
810 2e-05
811 2.94715e-05
812 2.94715e-05
813 2.4e-05
814 2e-05
815 3.6e-05
816 3.0943e-05
817 2.60129e-05
818 2.14715e-05
819 2.14715e-05
820 1.74715e-05
821 2e-05
822 4.4e-05
823 1.2e-05
824 3.0943e-05
825 4.8e-05
826 1.74715e-05
827 2.44146e-05
828 2e-05
829 2.8e-05
830 2.14715e-05
831 4.14715e-05
832 1.74715e-05
833 3.2e-05
834 3.2e-05
835 1.6e-05
836 1.6e-05
837 3.4943e-05
838 2.14715e-05
839 3.6e-05
840 3.74715e-05
841 3.6e-05
842 2.8e-05
843 4.4e-05
844 2.94715e-05
845 2.89559e-05
846 2.14715e-05
847 3.25413e-05
848 4e-05
849 3.6e-05
850 2.94715e-05
851 3.74715e-05
852 2.8e-05
853 1.74715e-05
854 2.4e-05
855 2.8e-05
856 3.2e-05
857 2.8e-05
858 2e-05
859 2e-05
860 3.34715e-05
861 2.8e-05
862 3.6e-05
863 4.4e-05
864 3.2e-05
865 4.54715e-05
866 3.2e-05
867 2.14715e-05
868 1.34715e-05
869 1.6e-05
870 2.14715e-05
871 2.8e-05
872 2.14715e-05
873 2.4e-05
874 2.94715e-05
875 2.4e-05
876 2.4e-05
877 3.6e-05
878 3.2e-05
879 4e-05
880 2.8e-05
881 2.4e-05
882 2.8e-05
883 2.14715e-05
884 3.6e-05
885 4e-05
886 2e-05
887 2.6943e-05
888 2e-05
889 2.58861e-05
890 2e-05
891 3.2e-05
892 2.6943e-05
893 2e-05
894 1.6e-05
895 2.8e-05
896 3.34715e-05
897 7.64146e-05
898 2.14715e-05
899 2.4e-05
900 2.94715e-05
901 1.2e-05
902 2e-05
903 2e-05
904 5.4943e-05
905 1.2e-05
906 4.94715e-05
907 3.34715e-05
908 3.6e-05
909 4.14715e-05
910 2.54715e-05
911 2.4e-05
912 2.2943e-05
913 1.61991e-05
914 2.8e-05
915 2.4e-05
916 3.2e-05
917 4.14715e-05
918 2.14715e-05
919 3.74715e-05
920 2e-05
921 2.14715e-05
922 2.54715e-05
923 4e-06
924 3.6e-05
925 3.0943e-05
926 2.94715e-05
927 3.74715e-05
928 3.0943e-05
929 3.4943e-05
930 2e-05
931 4e-05
932 2.8e-05
933 3.74715e-05
934 2e-05
935 4.20129e-05
936 3.74715e-05
937 1.6e-05
938 2.54715e-05
939 5.34715e-05
940 2.94304e-06
941 3.34715e-05
942 2.94715e-05
943 2.4e-05
944 3.6e-05
945 2.84146e-05
946 1.6e-05
947 2.4e-05
948 5.34715e-05
949 2.8e-05
950 2.54715e-05
951 3.0943e-05
952 2.54715e-05
953 2e-05
954 2.94715e-05
955 3.74715e-05
956 3.2e-05
957 1.6e-05
958 2.2943e-05
959 2e-05
960 3.2e-05
961 2e-05
962 3.2e-05
963 1.6e-05
964 4.54715e-05
965 1.6e-05
966 2.6943e-05
967 2.14715e-05
968 4e-05
969 2.8e-05
970 4.2943e-05
971 2e-05
972 1.6e-05
973 2.14715e-05
974 3.4943e-05
975 2.8e-05
976 1.74715e-05
977 2.4e-05
978 2.4e-05
979 4e-05
980 2.4e-05
981 4.94715e-05
982 1.6e-05
983 2.54715e-05
984 1.74715e-05
985 1.6e-05
986 4.14715e-05
987 1.74715e-05
988 3.6e-05
989 3.0943e-05
990 1.2e-05
991 3.6e-05
992 4.05413e-05
993 2.4e-05
994 3.2e-05
995 2e-05
996 2.54715e-05
997 4e-06
998 2.4e-05
999 0
