0.76 1 1 0 0 0 0
0.76 1 2.71828 0 0.0295426 0.0252848 0.0337349
0.76 1 7.38906 0 0.047075 0.0417855 0.0523645
0.76 1 20.0855 0 0.0598684 0.0539468 0.06577
0.76 1 54.5982 0 0.0665077 0.060268 0.0727475
0.76 1 148.413 0 0.0707656 0.0642077 0.0773234
0.76 1 403.429 0 0.0733796 0.0667403 0.0800148
0.76 1 1096.63 0 0.0744768 0.067919 0.080965
0.76 1 2980.96 0 0.075741 0.0691017 0.0824458
0.76 1 8103.08 0 0.0763732 0.0697339 0.0828373
0.76 1 22026.5 0 0.0789016 0.0721928 0.085839
0.76 1 59874.1 0 0.0789016 0.0721194 0.085545
0.76 1 162755 0 0.0795338 0.0726045 0.0861731
0.76 1 442413 0 0.0795338 0.0724908 0.0861075
