0 0
1 0
2 0
3 0
4 0
5 0
6 0
7 4e-08
8 0
9 0
10 4e-08
11 0
12 0
13 0
14 0
15 4e-08
16 0
17 0
18 0
19 0
20 0
21 0
22 0
23 0
24 0
25 0
26 0
27 0
28 4e-08
29 4e-08
30 4e-08
31 0
32 4e-08
33 0
34 8e-08
35 0
36 0
37 0
38 4e-08
39 0
40 0
41 4e-08
42 4e-08
43 4e-08
44 4e-08
45 4e-08
46 4e-08
47 0
48 4e-08
49 0
50 8e-08
51 8e-08
52 4e-08
53 8e-08
54 4e-08
55 4e-08
56 4e-08
57 4e-08
58 0
59 4e-08
60 0
61 8e-08
62 8e-08
63 1.2e-07
64 0
65 4e-08
66 0
67 0
68 0
69 0
70 4e-08
71 0
72 4e-08
73 4e-08
74 4e-08
75 4e-08
76 8e-08
77 4e-08
78 0
79 1.2e-07
80 0
81 0
82 8e-08
83 0
84 1.2e-07
85 0
86 1.2e-07
87 0
88 1.2e-07
89 8e-08
90 4e-08
91 8e-08
92 0
93 1.2e-07
94 8e-08
95 4e-08
96 4e-08
97 1.6e-07
98 0
99 8e-08
100 0
101 4e-08
102 8e-08
103 4e-08
104 8e-08
105 4e-08
106 1.2e-07
107 4e-08
108 8e-08
109 2e-07
110 8e-08
111 4e-08
112 0
113 4e-08
114 1.2e-07
115 4e-08
116 1.2e-07
117 4e-08
118 1.6e-07
119 1.2e-07
120 0
121 8e-08
122 4e-08
123 7.9602e-08
124 1.2e-07
125 1.2e-07
126 4e-08
127 1.99602e-07
128 8e-08
129 4e-08
130 1.6e-07
131 0
132 1.2e-07
133 1.2e-07
134 0
135 4e-08
136 1.2e-07
137 4e-08
138 1.2e-07
139 4e-08
140 4e-08
141 4e-08
142 4e-08
143 2.4e-07
144 4e-08
145 7.9602e-08
146 1.2e-07
147 4e-08
148 1.2e-07
149 4e-08
150 1.6e-07
151 1.2e-07
152 2.4e-07
153 4e-08
154 4e-08
155 2.4e-07
156 8e-08
157 1.6e-07
158 1.19602e-07
159 4e-08
160 8e-08
161 0
162 4e-08
163 4e-08
164 1.6e-07
165 4e-08
166 8e-08
167 1.6e-07
168 1.2e-07
169 4e-08
170 8e-08
171 8e-08
172 8e-08
173 4e-08
174 8e-08
175 1.2e-07
176 8e-08
177 8e-08
178 0
179 1.2e-07
180 1.2e-07
181 0
182 1.2e-07
183 1.2e-07
184 4e-08
185 8e-08
186 1.2e-07
187 1.2e-07
188 8e-08
189 1.6e-07
190 1.2e-07
191 4e-08
192 1.2e-07
193 8e-08
194 1.2e-07
195 8e-08
196 8e-08
197 1.2e-07
198 1.2e-07
199 1.6e-07
200 8e-08
201 8e-08
202 8e-08
203 0
204 4e-08
205 4e-08
206 4e-08
207 1.2e-07
208 0
209 1.2e-07
210 1.6e-07
211 8e-08
212 4e-08
213 2.4e-07
214 1.2e-07
215 1.2e-07
216 8e-08
217 8e-08
218 1.6e-07
219 8e-08
220 0
221 8e-08
222 1.6e-07
223 4e-08
224 4e-08
225 8e-08
226 1.6e-07
227 8e-08
228 4e-08
229 4e-08
230 4e-08
231 0
232 8e-08
233 8e-08
234 0
235 1.2e-07
236 2e-07
237 1.6e-07
238 1.6e-07
239 2.8e-07
240 0
241 8e-08
242 8e-08
243 1.6e-07
244 1.2e-07
245 0
246 0
247 2e-07
248 1.2e-07
249 8e-08
250 1.2e-07
251 1.6e-07
252 8e-08
253 1.6e-07
254 0
255 0
256 1.2e-07
257 8e-08
258 1.2e-07
259 1.2e-07
260 4e-08
261 4e-08
262 1.2e-07
263 1.6e-07
264 4e-08
265 4e-08
266 8e-08
267 1.6e-07
268 4e-08
269 4e-08
270 1.2e-07
271 1.6e-07
272 1.6e-07
273 8e-08
274 1.2e-07
275 4e-08
276 8e-08
277 4e-08
278 8e-08
279 1.6e-07
280 8e-08
281 2e-07
282 8e-08
283 0
284 1.6e-07
285 1.6e-07
286 0
287 8e-08
288 4e-08
289 0
290 4e-08
291 1.2e-07
292 8e-08
293 8e-08
294 8e-08
295 0
296 8e-08
297 1.2e-07
298 4e-08
299 8e-08
300 8e-08
301 1.6e-07
302 0
303 1.19602e-07
304 7.9602e-08
305 8e-08
306 4e-08
307 1.6e-07
308 0
309 1.6e-07
310 4e-08
311 0
312 4e-08
313 4e-08
314 1.6e-07
315 1.2e-07
316 1.6e-07
317 2e-07
318 8e-08
319 4e-08
320 1.6e-07
321 2e-07
322 8e-08
323 8e-08
324 1.2e-07
325 4e-08
326 8e-08
327 4e-08
328 1.2e-07
329 8e-08
330 8e-08
331 2e-07
332 1.2e-07
333 4e-08
334 8e-08
335 2.39602e-07
336 2e-07
337 1.2e-07
338 0
339 4e-08
340 0
341 1.2e-07
342 8e-08
343 1.6e-07
344 1.6e-07
345 1.6e-07
346 8e-08
347 0
348 1.6e-07
349 1.2e-07
350 8e-08
351 1.6e-07
352 0
353 4e-08
354 8e-08
355 4e-08
356 8e-08
357 1.2e-07
358 1.6e-07
359 4e-08
360 4e-08
361 4e-08
362 8e-08
363 4e-08
364 0
365 0
366 8e-08
367 1.6e-07
368 2.4e-07
369 1.6e-07
370 8e-08
371 8e-08
372 0
373 1.2e-07
374 8e-08
375 4e-08
376 4e-08
377 0
378 1.2e-07
379 8e-08
380 0
381 1.6e-07
382 8e-08
383 0
384 4e-08
385 8e-08
386 4e-08
387 0
388 4e-08
389 0
390 0
391 4e-08
392 2e-07
393 1.6e-07
394 0
395 8e-08
396 0
397 4e-08
398 4e-08
399 8e-08
400 0
401 0
402 4e-08
403 8e-08
404 8e-08
405 1.2e-07
406 8e-08
407 0
408 4e-08
409 1.6e-07
410 4e-08
411 4e-08
412 1.2e-07
413 4e-08
414 2e-07
415 4e-08
416 0
417 1.2e-07
418 4e-08
419 0
420 7.9602e-08
421 8e-08
422 4e-08
423 4e-08
424 1.2e-07
425 4e-08
426 4e-08
427 4e-08
428 1.6e-07
429 8e-08
430 8e-08
431 1.6e-07
432 4e-08
433 1.6e-07
434 7.9602e-08
435 4e-08
436 8e-08
437 0
438 8e-08
439 4e-08
440 8e-08
441 8e-08
442 8e-08
443 4e-08
444 8e-08
445 1.2e-07
446 1.2e-07
447 2e-07
448 4e-08
449 1.2e-07
450 4e-08
451 1.6e-07
452 0
453 1.2e-07
454 1.2e-07
455 8e-08
456 4e-08
457 4e-08
458 8e-08
459 1.2e-07
460 4e-08
461 1.2e-07
462 2e-07
463 1.2e-07
464 4e-08
465 4e-08
466 4e-08
467 4e-08
468 8e-08
469 8e-08
470 8e-08
471 0
472 4e-08
473 1.2e-07
474 0
475 8e-08
476 1.2e-07
477 8e-08
478 4e-08
479 8e-08
480 3.9602e-08
481 8e-08
482 4e-08
483 1.2e-07
484 4e-08
485 1.6e-07
486 0
487 8e-08
488 4e-08
489 1.6e-07
490 8e-08
491 8e-08
492 4e-08
493 0
494 4e-08
495 1.6e-07
496 1.6e-07
497 4e-08
498 1.2e-07
499 0
500 2e-07
501 4e-08
502 1.6e-07
503 1.6e-07
504 4e-08
505 0
506 4e-08
507 0
508 0
509 4e-08
510 0
511 4e-08
512 4e-08
513 4e-08
514 0
515 8e-08
516 4e-08
517 0
518 8e-08
519 0
520 0
521 1.6e-07
522 0
523 1.2e-07
524 0
525 8e-08
526 2.8e-07
527 1.6e-07
528 8e-08
529 8e-08
530 1.6e-07
531 1.2e-07
532 8e-08
533 8e-08
534 4e-08
535 8e-08
536 0
537 4e-08
538 8e-08
539 4e-08
540 8e-08
541 4e-08
542 1.6e-07
543 4e-08
544 4e-08
545 4e-08
546 0
547 4e-08
548 8e-08
549 1.6e-07
550 8e-08
551 4e-08
552 4e-08
553 1.2e-07
554 4e-08
555 1.2e-07
556 4e-08
557 4e-08
558 8e-08
559 8e-08
560 4e-08
561 0
562 1.19602e-07
563 8e-08
564 0
565 1.2e-07
566 0
567 8e-08
568 2.4e-07
569 1.2e-07
570 8e-08
571 8e-08
572 0
573 4e-08
574 8e-08
575 8e-08
576 0
577 0
578 1.6e-07
579 0
580 8e-08
581 0
582 8e-08
583 4e-08
584 8e-08
585 8e-08
586 0
587 4e-08
588 1.2e-07
589 1.2e-07
590 4e-08
591 8e-08
592 8e-08
593 8e-08
594 8e-08
595 0
596 8e-08
597 1.2e-07
598 0
599 8e-08
600 0
601 4e-08
602 4e-08
603 4e-08
604 8e-08
605 8e-08
606 2e-07
607 4e-08
608 1.2e-07
609 8e-08
610 2e-07
611 1.6e-07
612 8e-08
613 1.2e-07
614 8e-08
615 4e-08
616 1.6e-07
617 0
618 4e-08
619 8e-08
620 1.2e-07
621 4e-08
622 4e-08
623 1.6e-07
624 8e-08
625 3.9602e-08
626 4e-08
627 1.2e-07
628 4e-08
629 0
630 4e-08
631 0
632 0
633 8e-08
634 8e-08
635 0
636 8e-08
637 0
638 1.2e-07
639 0
640 0
641 0
642 4e-08
643 8e-08
644 4e-08
645 4e-08
646 4e-08
647 7.9602e-08
648 4e-08
649 1.2e-07
650 4e-08
651 4e-08
652 0
653 0
654 0
655 1.6e-07
656 0
657 4e-08
658 4e-08
659 8e-08
660 3.9602e-08
661 4e-08
662 1.6e-07
663 4e-08
664 2e-07
665 4e-08
666 4e-08
667 4e-08
668 1.2e-07
669 4e-08
670 4e-08
671 4e-08
672 0
673 0
674 0
675 4e-08
676 8e-08
677 1.2e-07
678 8e-08
679 4e-08
680 4e-08
681 1.6e-07
682 4e-08
683 0
684 0
685 4e-08
686 0
687 1.6e-07
688 0
689 0
690 4e-08
691 4e-08
692 8e-08
693 0
694 4e-08
695 0
696 8e-08
697 4e-08
698 4e-08
699 0
700 8e-08
701 4e-08
702 4e-08
703 0
704 1.2e-07
705 1.6e-07
706 4e-08
707 8e-08
708 8e-08
709 8e-08
710 1.2e-07
711 1.2e-07
712 8e-08
713 1.2e-07
714 4e-08
715 4e-08
716 8e-08
717 0
718 0
719 0
720 1.6e-07
721 4e-08
722 8e-08
723 0
724 0
725 0
726 8e-08
727 4e-08
728 0
729 0
730 8e-08
731 1.6e-07
732 8e-08
733 0
734 4e-08
735 8e-08
736 1.6e-07
737 1.2e-07
738 4e-08
739 8e-08
740 4e-08
741 4e-08
742 8e-08
743 4e-08
744 8e-08
745 0
746 1.2e-07
747 4e-08
748 0
749 1.2e-07
750 4e-08
751 8e-08
752 8e-08
753 4e-08
754 0
755 0
756 4e-08
757 1.2e-07
758 4e-08
759 0
760 1.2e-07
761 8e-08
762 4e-08
763 3.9602e-08
764 0
765 4e-08
766 1.2e-07
767 4e-08
768 4e-08
769 0
770 8e-08
771 4e-08
772 4e-08
773 8e-08
774 8e-08
775 8e-08
776 0
777 1.2e-07
778 4e-08
779 0
780 8e-08
781 4e-08
782 4e-08
783 8e-08
784 0
785 1.6e-07
786 8e-08
787 4e-08
788 4e-08
789 8e-08
790 4e-08
791 0
792 0
793 8e-08
794 0
795 4e-08
796 8e-08
797 1.6e-07
798 4e-08
799 0
800 4e-08
801 8e-08
802 4e-08
803 1.2e-07
804 3.9602e-08
805 8e-08
806 8e-08
807 8e-08
808 7.9602e-08
809 1.2e-07
810 0
811 8e-08
812 1.2e-07
813 0
814 4e-08
815 0
816 0
817 8e-08
818 4e-08
819 7.9602e-08
820 4e-08
821 4e-08
822 8e-08
823 8e-08
824 1.2e-07
825 4e-08
826 4e-08
827 4e-08
828 8e-08
829 0
830 1.2e-07
831 1.2e-07
832 0
833 4e-08
834 4e-08
835 1.2e-07
836 4e-08
837 0
838 4e-08
839 8e-08
840 0
841 8e-08
842 1.2e-07
843 4e-08
844 0
845 1.2e-07
846 4e-08
847 1.59602e-07
848 8e-08
849 1.2e-07
850 1.6e-07
851 8e-08
852 1.2e-07
853 4e-08
854 4e-08
855 1.59602e-07
856 0
857 8e-08
858 0
859 4e-08
860 4e-08
861 0
862 0
863 4e-08
864 4e-08
865 8e-08
866 0
867 4e-08
868 0
869 4e-08
870 4e-08
871 8e-08
872 0
873 4e-08
874 8e-08
875 8e-08
876 4e-08
877 0
878 0
879 8e-08
880 0
881 0
882 0
883 4e-08
884 0
885 8e-08
886 4e-08
887 1.19602e-07
888 4e-08
889 4e-08
890 0
891 3.9602e-08
892 4e-08
893 4e-08
894 0
895 4e-08
896 0
897 0
898 4e-08
899 8e-08
900 4e-08
901 8e-08
902 0
903 0
904 4e-08
905 1.6e-07
906 8e-08
907 8e-08
908 4e-08
909 4e-08
910 4e-08
911 0
912 4e-08
913 1.2e-07
914 4e-08
915 1.2e-07
916 4e-08
917 4e-08
918 8e-08
919 4e-08
920 1.2e-07
921 8e-08
922 8e-08
923 4e-08
924 0
925 4e-08
926 4e-08
927 7.9602e-08
928 0
929 0
930 4e-08
931 8e-08
932 0
933 0
934 0
935 8e-08
936 1.2e-07
937 8e-08
938 4e-08
939 0
940 0
941 4e-08
942 8e-08
943 3.9602e-08
944 0
945 0
946 3.9602e-08
947 4e-08
948 4e-08
949 1.2e-07
950 8e-08
951 4e-08
952 1.2e-07
953 3.9602e-08
954 4e-08
955 0
956 0
957 0
958 1.2e-07
959 0
960 4e-08
961 4e-08
962 0
963 0
964 8e-08
965 0
966 0
967 4e-08
968 8e-08
969 4e-08
970 4e-08
971 8e-08
972 4e-08
973 0
974 0
975 0
976 8e-08
977 0
978 1.2e-07
979 0
980 1.2e-07
981 4e-08
982 1.2e-07
983 8e-08
984 1.19602e-07
985 4e-08
986 1.2e-07
987 0
988 8e-08
989 8e-08
990 8e-08
991 0
992 4e-08
993 0
994 8e-08
995 4e-08
996 8e-08
997 4e-08
998 0
999 0
