0 0
1 0.00106
2 0.000692
3 0.000428
4 0.00036
5 0.000269472
6 0.000357472
7 0.00022
8 0.000246943
9 0.000228
10 0.000184
11 0.000157472
12 0.000164
13 0.000161472
14 0.000152
15 0.000157472
16 0.000105472
17 0.000132
18 0.000116
19 0.000145472
20 0.00012
21 0.000112
22 0.000132
23 6e-05
24 8.4e-05
25 9.6e-05
26 7.2e-05
27 8e-05
28 6.4e-05
29 6.94715e-05
30 0.000108
31 0.0001
32 5.6e-05
33 9.4943e-05
34 6.4e-05
35 6e-05
36 7.2e-05
37 5.34715e-05
38 5.6e-05
39 6e-05
40 4.54715e-05
41 9.2e-05
42 4.4e-05
43 6.4e-05
44 5.6e-05
45 3.2e-05
46 5.6e-05
47 7.0943e-05
48 4.44146e-05
49 5.2e-05
50 5.6e-05
51 8.4e-05
52 2.8e-05
53 4.8e-05
54 2.4e-05
55 2.8e-05
56 3.2e-05
57 4e-05
58 5.6e-05
59 2.4e-05
60 5.2e-05
61 4e-05
62 4e-05
63 4.4e-05
64 3.6e-05
65 4.8e-05
66 5.2e-05
67 4.54715e-05
68 3.6e-05
69 4.8e-05
70 3.2e-05
71 5.2e-05
72 3.2e-05
73 3.6e-05
74 4e-05
75 6e-05
76 2.4e-05
77 4.4e-05
78 2.8e-05
79 4e-05
80 6e-05
81 2.94715e-05
82 2.8e-05
83 1.6e-05
84 4.4e-05
85 3.6e-05
86 1.2e-05
87 2.8e-05
88 2.4e-05
89 1.6e-05
90 4.14715e-05
91 2.4e-05
92 3.6e-05
93 2.54715e-05
94 3.6e-05
95 1.6e-05
96 4.4e-05
97 3.6e-05
98 2.8e-05
99 2.8e-05
100 1.6e-05
101 3.6e-05
102 2e-05
103 1.6e-05
104 2.85413e-05
105 1.2e-05
106 2e-05
107 2e-05
108 1.6e-05
109 3.6e-05
110 3.2e-05
111 4.54715e-05
112 3.2e-05
113 2.8e-05
114 8e-06
115 2.8e-05
116 2e-05
117 4e-05
118 5.34715e-05
119 3.6e-05
120 3.34715e-05
121 1.6e-05
122 1.6e-05
123 3.6e-05
124 2.54715e-05
125 2.8e-05
126 2.8e-05
127 3.6e-05
128 8e-06
129 2e-05
130 2.8e-05
131 2.4e-05
132 2.4e-05
133 2.4e-05
134 8e-06
135 2.8e-05
136 3.2e-05
137 2e-05
138 2.8e-05
139 4.8e-05
140 2.8e-05
141 1.6e-05
142 3.2e-05
143 1.6e-05
144 2e-05
145 8e-06
146 2e-05
147 1.6e-05
148 4e-06
149 1.6e-05
150 2e-05
151 2.4e-05
152 4e-05
153 2.14715e-05
154 2.4e-05
155 2.8e-05
156 1.2e-05
157 2e-05
158 1.6e-05
159 4.4e-05
160 2.4e-05
161 3.2e-05
162 3.2e-05
163 2e-05
164 1.6e-05
165 5.47152e-06
166 2.8e-05
167 2e-05
168 2.4e-05
169 8e-06
170 3.6e-05
171 2e-05
172 1.6e-05
173 2.8e-05
174 8e-06
175 8e-06
176 2.8e-05
177 8e-06
178 2.4e-05
179 1.2e-05
180 8e-06
181 2.8e-05
182 3.2e-05
183 8e-06
184 1.6e-05
185 2e-05
186 8e-06
187 1.6e-05
188 2.14715e-05
189 1.2e-05
190 5.47152e-06
191 1.6e-05
192 2e-05
193 1.6e-05
194 8e-06
195 2.4e-05
196 1.6e-05
197 1.2e-05
198 2.4e-05
199 4e-06
200 2.8e-05
201 2e-05
202 1.2e-05
203 5.47152e-06
204 2.4e-05
205 1.2e-05
206 1.6e-05
207 1.6e-05
208 1.6e-05
209 2e-05
210 4e-06
211 1.6e-05
212 1.34715e-05
213 2.4e-05
214 1.2e-05
215 1.6e-05
216 1.6e-05
217 8e-06
218 2e-05
219 8e-06
220 2.8e-05
221 0
222 2e-05
223 1.6e-05
224 8e-06
225 2e-05
226 8e-06
227 1.2e-05
228 4e-06
229 5.47152e-06
230 1.6e-05
231 0
232 2e-05
233 8e-06
234 8e-06
235 4e-06
236 1.2e-05
237 1.2e-05
238 9.47152e-06
239 8e-06
240 4.4e-05
241 2e-05
242 1.2e-05
243 8e-06
244 1.2e-05
245 8e-06
246 2e-05
247 1.74715e-05
248 4e-06
249 4e-06
250 1.6e-05
251 1.34715e-05
252 2e-05
253 2e-05
254 5.47152e-06
255 1.74715e-05
256 8e-06
257 1.6e-05
258 1.6e-05
259 0
260 1.6e-05
261 2e-05
262 1.2e-05
263 1.2e-05
264 8e-06
265 2.4e-05
266 0
267 8e-06
268 1.6e-05
269 1.34715e-05
270 2.4e-05
271 1.6e-05
272 4e-06
273 1.2e-05
274 8e-06
275 2.4e-05
276 1.2e-05
277 1.6e-05
278 2.54715e-05
279 1.6e-05
280 1.6e-05
281 1.2e-05
282 1.6e-05
283 2.4e-05
284 1.2e-05
285 1.6e-05
286 8e-06
287 1.2e-05
288 1.74715e-05
289 4e-06
290 8e-06
291 8e-06
292 8e-06
293 4.41455e-06
294 1.2e-05
295 1.6e-05
296 8e-06
297 1.6e-05
298 8e-06
299 5.47152e-06
300 8e-06
301 1.6e-05
302 8e-06
303 1.2e-05
304 0
305 0
306 2e-05
307 1.2e-05
308 4e-06
309 0
310 0
311 1.2e-05
312 1.2e-05
313 1.2e-05
314 2.8e-05
315 8e-06
316 2.14715e-05
317 8e-06
318 4e-06
319 1.2e-05
320 4e-06
321 0
322 4e-06
323 1.2e-05
324 1.2e-05
325 8e-06
326 1.74715e-05
327 4e-06
328 1.2e-05
329 1.6e-05
330 2e-05
331 2e-05
332 0
333 8e-06
334 1.2e-05
335 9.47152e-06
336 4e-06
337 2.8e-05
338 8e-06
339 8e-06
340 4e-06
341 8e-06
342 8e-06
343 1.2e-05
344 8e-06
345 8e-06
346 1.2e-05
347 1.6e-05
348 1.74715e-05
349 1.2e-05
350 1.2e-05
351 2e-05
352 5.47152e-06
353 4e-06
354 4e-06
355 0
356 1.6e-05
357 0
358 1.2e-05
359 8e-06
360 4e-06
361 2e-05
362 8e-06
363 0
364 1.2e-05
365 1.2e-05
366 1.6e-05
367 1.6e-05
368 8e-06
369 4e-06
370 0
371 1.6e-05
372 1.2e-05
373 0
374 1.2e-05
375 4e-06
376 4e-06
377 1.2e-05
378 2e-05
379 0
380 4e-06
381 1.6e-05
382 9.47152e-06
383 1.2e-05
384 1.2e-05
385 1.6e-05
386 4e-06
387 1.6e-05
388 8e-06
389 1.6e-05
390 4e-06
391 1.2e-05
392 8e-06
393 2e-05
394 1.6e-05
395 8e-06
396 4e-06
397 1.2e-05
398 1.2e-05
399 8e-06
400 8e-06
401 1.2e-05
402 1.6e-05
403 1.6e-05
404 1.2e-05
405 8e-06
406 1.74715e-05
407 1.74715e-05
408 8e-06
409 8e-06
410 8e-06
411 1.34715e-05
412 1.2e-05
413 0
414 8e-06
415 1.2e-05
416 0
417 8e-06
418 1.6e-05
419 1.2e-05
420 1.2e-05
421 1.2e-05
422 4e-06
423 8e-06
424 2e-05
425 1.6e-05
426 1.2e-05
427 1.6e-05
428 4e-06
429 4e-06
430 1.6e-05
431 8e-06
432 1.2e-05
433 1.2e-05
434 8e-06
435 4e-06
436 8e-06
437 1.6e-05
438 8e-06
439 4e-06
440 1.2e-05
441 1.6e-05
442 4e-06
443 1.6e-05
444 2.4e-05
445 8e-06
446 1.6e-05
447 0
448 8e-06
449 0
450 5.47152e-06
451 2.8e-05
452 8e-06
453 2e-05
454 1.2e-05
455 4e-06
456 1.2e-05
457 8e-06
458 1.2e-05
459 8e-06
460 4e-06
461 4e-06
462 8e-06
463 2e-05
464 9.47152e-06
465 2e-05
466 0
467 1.2e-05
468 4e-06
469 0
470 8e-06
471 1.2e-05
472 1.6e-05
473 2e-05
474 8e-06
475 0
476 8e-06
477 1.6e-05
478 5.47152e-06
479 4e-06
480 1.6e-05
481 1.2e-05
482 1.2e-05
483 4e-06
484 8e-06
485 1.34715e-05
486 8e-06
487 8e-06
488 0
489 4e-06
490 0
491 8e-06
492 0
493 4e-06
494 8e-06
495 1.2e-05
496 4e-06
497 4e-06
498 8e-06
499 9.47152e-06
500 1.6e-05
501 4e-06
502 8e-06
503 2.4e-05
504 1.6e-05
505 4e-06
506 1.2e-05
507 0
508 4e-06
509 1.2e-05
510 0
511 4e-06
512 1.2e-05
513 4e-06
514 8e-06
515 1.2e-05
516 0
517 1.2e-05
518 0
519 2e-05
520 4e-06
521 8e-06
522 8e-06
523 8e-06
524 4e-06
525 4e-06
526 2e-05
527 0
528 8e-06
529 8e-06
530 8e-06
531 8e-06
532 0
533 2e-05
534 1.6e-05
535 8e-06
536 0
537 8e-06
538 4e-06
539 0
540 0
541 4e-06
542 8e-06
543 1.34715e-05
544 8e-06
545 1.47152e-06
546 1.2e-05
547 4e-06
548 8e-06
549 1.2e-05
550 1.2e-05
551 8e-06
552 1.2e-05
553 8e-06
554 8e-06
555 8e-06
556 8e-06
557 8e-06
558 1.2e-05
559 4e-06
560 5.47152e-06
561 4e-06
562 4e-06
563 4e-06
564 5.47152e-06
565 0
566 0
567 2e-05
568 0
569 4e-06
570 8e-06
571 1.2e-05
572 0
573 0
574 8e-06
575 1.6e-05
576 8e-06
577 1.2e-05
578 4e-06
579 9.47152e-06
580 1.2e-05
581 8e-06
582 8e-06
583 1.2e-05
584 8e-06
585 0
586 4e-06
587 8e-06
588 4e-06
589 8e-06
590 8e-06
591 4e-06
592 8e-06
593 1.2e-05
594 8e-06
595 8e-06
596 4e-06
597 0
598 1.2e-05
599 1.2e-05
600 4e-06
601 4e-06
602 0
603 4e-06
604 9.47152e-06
605 2e-05
606 8e-06
607 1.2e-05
608 0
609 4e-06
610 4e-06
611 4e-06
612 8e-06
613 1.2e-05
614 5.47152e-06
615 4e-06
616 1.2e-05
617 4e-06
618 8e-06
619 5.47152e-06
620 4e-06
621 8e-06
622 1.2e-05
623 0
624 9.47152e-06
625 4e-06
626 8e-06
627 4e-06
628 4e-06
629 4e-06
630 1.2e-05
631 8e-06
632 1.47152e-06
633 0
634 5.47152e-06
635 1.2e-05
636 1.2e-05
637 1.47152e-06
638 1.2e-05
639 8e-06
640 1.2e-05
641 9.47152e-06
642 8e-06
643 8e-06
644 4e-06
645 1.2e-05
646 4e-06
647 8e-06
648 0
649 4e-06
650 8e-06
651 4e-06
652 8e-06
653 0
654 4e-06
655 1.2e-05
656 8e-06
657 0
658 1.2e-05
659 1.6e-05
660 9.47152e-06
661 0
662 1.2e-05
663 4e-06
664 8e-06
665 8e-06
666 1.2e-05
667 0
668 8e-06
669 0
670 1.2e-05
671 8e-06
672 8e-06
673 0
674 4.54134e-06
675 4e-06
676 8e-06
677 8e-06
678 0
679 1.47152e-06
680 1.2e-05
681 1.2e-05
682 8e-06
683 4e-06
684 0
685 1.2e-05
686 2e-05
687 0
688 4e-06
689 0
690 8e-06
691 8e-06
692 1.2e-05
693 4e-06
694 4e-06
695 0
696 1.2e-05
697 0
698 4e-06
699 8e-06
700 4e-06
701 8e-06
702 4e-06
703 4e-06
704 8e-06
705 8e-06
706 4e-06
707 0
708 4e-06
709 4e-06
710 4e-06
711 4e-06
712 4e-06
713 0
714 1.2e-05
715 4e-06
716 8e-06
717 1.2e-05
718 0
719 8e-06
720 4e-06
721 8e-06
722 4e-06
723 4e-06
724 4e-06
725 8e-06
726 1.47152e-06
727 4e-06
728 4e-06
729 0
730 0
731 1.6e-05
732 8e-06
733 4e-06
734 8e-06
735 8e-06
736 9.47152e-06
737 4e-06
738 1.2e-05
739 4e-06
740 8e-06
741 0
742 8e-06
743 8e-06
744 8e-06
745 0
746 1.6e-05
747 8e-06
748 0
749 4e-06
750 4e-06
751 1.6e-05
752 4e-06
753 4e-06
754 4e-06
755 4e-06
756 8e-06
757 0
758 4e-06
759 4e-06
760 0
761 4e-06
762 4e-06
763 0
764 1.2e-05
765 4e-06
766 4e-06
767 4e-06
768 0
769 1.6e-05
770 4e-06
771 0
772 5.47152e-06
773 4e-06
774 8e-06
775 0
776 4e-06
777 8e-06
778 1.6e-05
779 0
780 4e-06
781 4e-06
782 4e-06
783 4e-06
784 4e-06
785 0
786 4e-06
787 4e-06
788 4e-06
789 4e-06
790 1.6e-05
791 0
792 1.2e-05
793 8e-06
794 1.2e-05
795 0
796 8e-06
797 4e-06
798 0
799 1.2e-05
800 4e-06
801 4e-06
802 4e-06
803 8e-06
804 1.47152e-06
805 8e-06
806 1.2e-05
807 8e-06
808 8e-06
809 0
810 4e-06
811 4e-06
812 4e-06
813 8e-06
814 1.2e-05
815 1.6e-05
816 1.2e-05
817 0
818 8e-06
819 9.47152e-06
820 1.6e-05
821 4e-06
822 1.2e-05
823 8e-06
824 1.6e-05
825 0
826 0
827 0
828 8e-06
829 4e-06
830 4e-06
831 4e-06
832 1.2e-05
833 4e-06
834 8e-06
835 4e-06
836 0
837 4e-06
838 8e-06
839 4e-06
840 5.47152e-06
841 0
842 8e-06
843 1.47152e-06
844 0
845 4e-06
846 4e-06
847 4e-06
848 8e-06
849 1.6e-05
850 0
851 1.2e-05
852 0
853 0
854 4e-06
855 4e-06
856 8e-06
857 1.47152e-06
858 0
859 1.6e-05
860 8e-06
861 8e-06
862 1.2e-05
863 8e-06
864 4e-06
865 4e-06
866 8e-06
867 4e-06
868 8e-06
869 4e-06
870 1.2e-05
871 8e-06
872 1.2e-05
873 4e-06
874 4e-06
875 8e-06
876 1.6e-05
877 0
878 1.2e-05
879 4e-06
880 0
881 0
882 4e-06
883 1.6e-05
884 8e-06
885 4e-06
886 0
887 1.2e-05
888 4e-06
889 4e-06
890 8e-06
891 4e-06
892 8e-06
893 8e-06
894 4e-06
895 4e-06
896 4e-06
897 4e-06
898 4e-06
899 0
900 2e-05
901 4e-06
902 8e-06
903 8e-06
904 8e-06
905 0
906 1.2e-05
907 8e-06
908 1.2e-05
909 0
910 4e-06
911 1.2e-05
912 0
913 0
914 4e-06
915 4e-06
916 8e-06
917 4e-06
918 0
919 0
920 0
921 0
922 0
923 8e-06
924 4e-06
925 4e-06
926 4e-06
927 0
928 0
929 0
930 8e-06
931 4e-06
932 0
933 4e-06
934 4e-06
935 0
936 8e-06
937 4e-06
938 0
939 8e-06
940 4e-06
941 1.6e-05
942 8e-06
943 1.6e-05
944 4e-06
945 8e-06
946 0
947 0
948 4e-06
949 1.2e-05
950 8e-06
951 0
952 0
953 4e-06
954 4e-06
955 4e-06
956 4e-06
957 4e-06
958 0
959 0
960 4e-06
961 5.47152e-06
962 1.2e-05
963 4e-06
964 8e-06
965 8e-06
966 1.2e-05
967 4e-06
968 1.2e-05
969 0
970 4e-06
971 4e-06
972 0
973 0
974 4e-06
975 0
976 0
977 8e-06
978 8e-06
979 0
980 8e-06
981 0
982 4e-06
983 0
984 8e-06
985 0
986 0
987 0
988 0
989 0
990 0
991 0
992 9.47152e-06
993 4e-06
994 4e-06
995 8e-06
996 4e-06
997 0
998 8e-06
999 0
