0 0
1 0.000106
2 6.92e-05
3 4.28e-05
4 3.6e-05
5 2.71619e-05
6 3.59619e-05
7 2.2e-05
8 2.51239e-05
9 2.28e-05
10 1.84e-05
11 1.59619e-05
12 1.64e-05
13 1.63619e-05
14 1.52e-05
15 1.59619e-05
16 1.07619e-05
17 1.32e-05
18 1.16e-05
19 1.47619e-05
20 1.2e-05
21 1.12e-05
22 1.32e-05
23 6e-06
24 8.4e-06
25 9.6e-06
26 7.2e-06
27 8e-06
28 6.4e-06
29 7.16193e-06
30 1.08e-05
31 1e-05
32 5.6e-06
33 9.92387e-06
34 6.4e-06
35 6e-06
36 7.2e-06
37 5.56193e-06
38 5.6e-06
39 6e-06
40 4.76193e-06
41 9.2e-06
42 4.4e-06
43 6.4e-06
44 5.6e-06
45 3.2e-06
46 5.6e-06
47 7.52387e-06
48 5.0858e-06
49 5.2e-06
50 5.6e-06
51 8.4e-06
52 2.8e-06
53 4.8e-06
54 2.4e-06
55 2.8e-06
56 3.2e-06
57 4e-06
58 5.6e-06
59 2.4e-06
60 5.2e-06
61 4e-06
62 4e-06
63 4.4e-06
64 3.6e-06
65 4.8e-06
66 5.2e-06
67 4.76193e-06
68 3.6e-06
69 4.8e-06
70 3.2e-06
71 5.2e-06
72 3.2e-06
73 3.6e-06
74 4e-06
75 6e-06
76 2.4e-06
77 4.4e-06
78 2.8e-06
79 4e-06
80 6e-06
81 3.16193e-06
82 2.8e-06
83 1.6e-06
84 4.4e-06
85 3.6e-06
86 1.2e-06
87 2.8e-06
88 2.4e-06
89 1.6e-06
90 4.36193e-06
91 2.4e-06
92 3.6e-06
93 2.76193e-06
94 3.6e-06
95 1.6e-06
96 4.4e-06
97 3.6e-06
98 2.8e-06
99 2.8e-06
100 1.6e-06
101 3.6e-06
102 2e-06
103 1.6e-06
104 3.12749e-06
105 1.2e-06
106 2e-06
107 2e-06
108 1.6e-06
109 3.6e-06
110 3.2e-06
111 4.76193e-06
112 3.2e-06
113 2.8e-06
114 8e-07
115 2.8e-06
116 2e-06
117 4e-06
118 5.56193e-06
119 3.6e-06
120 3.56193e-06
121 1.6e-06
122 1.6e-06
123 3.6e-06
124 2.76193e-06
125 2.8e-06
126 2.8e-06
127 3.6e-06
128 8e-07
129 2e-06
130 2.8e-06
131 2.4e-06
132 2.4e-06
133 2.4e-06
134 8e-07
135 2.8e-06
136 3.2e-06
137 2e-06
138 2.8e-06
139 4.8e-06
140 2.8e-06
141 1.6e-06
142 3.2e-06
143 1.6e-06
144 2e-06
145 8e-07
146 2e-06
147 1.6e-06
148 4e-07
149 1.6e-06
150 2e-06
151 2.4e-06
152 4e-06
153 2.36193e-06
154 2.4e-06
155 2.8e-06
156 1.2e-06
157 2e-06
158 1.6e-06
159 4.4e-06
160 2.4e-06
161 3.2e-06
162 3.2e-06
163 2e-06
164 1.6e-06
165 7.61935e-07
166 2.8e-06
167 2e-06
168 2.4e-06
169 8e-07
170 3.6e-06
171 2e-06
172 1.6e-06
173 2.8e-06
174 8e-07
175 8e-07
176 2.8e-06
177 8e-07
178 2.4e-06
179 1.2e-06
180 8e-07
181 2.8e-06
182 3.2e-06
183 8e-07
184 1.6e-06
185 2e-06
186 8e-07
187 1.6e-06
188 2.36193e-06
189 1.2e-06
190 7.61935e-07
191 1.6e-06
192 2e-06
193 1.6e-06
194 8e-07
195 2.4e-06
196 1.6e-06
197 1.2e-06
198 2.4e-06
199 4e-07
200 2.8e-06
201 2e-06
202 1.2e-06
203 7.61935e-07
204 2.4e-06
205 1.2e-06
206 1.6e-06
207 1.6e-06
208 1.6e-06
209 2e-06
210 4e-07
211 1.6e-06
212 1.56193e-06
213 2.4e-06
214 1.2e-06
215 1.6e-06
216 1.6e-06
217 8e-07
218 2e-06
219 8e-07
220 2.8e-06
221 0
222 2e-06
223 1.6e-06
224 8e-07
225 2e-06
226 8e-07
227 1.2e-06
228 4e-07
229 7.61935e-07
230 1.6e-06
231 0
232 2e-06
233 8e-07
234 8e-07
235 4e-07
236 1.2e-06
237 1.2e-06
238 1.16193e-06
239 8e-07
240 4.4e-06
241 2e-06
242 1.2e-06
243 8e-07
244 1.2e-06
245 8e-07
246 2e-06
247 1.96193e-06
248 4e-07
249 4e-07
250 1.6e-06
251 1.56193e-06
252 2e-06
253 2e-06
254 7.61935e-07
255 1.96193e-06
256 8e-07
257 1.6e-06
258 1.6e-06
259 0
260 1.6e-06
261 2e-06
262 1.2e-06
263 1.2e-06
264 8e-07
265 2.4e-06
266 0
267 8e-07
268 1.6e-06
269 1.56193e-06
270 2.4e-06
271 1.6e-06
272 4e-07
273 1.2e-06
274 8e-07
275 2.4e-06
276 1.2e-06
277 1.6e-06
278 2.76193e-06
279 1.6e-06
280 1.6e-06
281 1.2e-06
282 1.6e-06
283 2.4e-06
284 1.2e-06
285 1.6e-06
286 8e-07
287 1.2e-06
288 1.96193e-06
289 4e-07
290 8e-07
291 8e-07
292 8e-07
293 1.0858e-06
294 1.2e-06
295 1.6e-06
296 8e-07
297 1.6e-06
298 8e-07
299 7.61935e-07
300 8e-07
301 1.6e-06
302 8e-07
303 1.2e-06
304 0
305 0
306 2e-06
307 1.2e-06
308 4e-07
309 0
310 0
311 1.2e-06
312 1.2e-06
313 1.2e-06
314 2.8e-06
315 8e-07
316 2.36193e-06
317 8e-07
318 4e-07
319 1.2e-06
320 4e-07
321 0
322 4e-07
323 1.2e-06
324 1.2e-06
325 8e-07
326 1.96193e-06
327 4e-07
328 1.2e-06
329 1.6e-06
330 2e-06
331 2e-06
332 0
333 8e-07
334 1.2e-06
335 1.16193e-06
336 4e-07
337 2.8e-06
338 8e-07
339 8e-07
340 4e-07
341 8e-07
342 8e-07
343 1.2e-06
344 8e-07
345 8e-07
346 1.2e-06
347 1.6e-06
348 1.96193e-06
349 1.2e-06
350 1.2e-06
351 2e-06
352 7.61935e-07
353 4e-07
354 4e-07
355 0
356 1.6e-06
357 0
358 1.2e-06
359 8e-07
360 4e-07
361 2e-06
362 8e-07
363 0
364 1.2e-06
365 1.2e-06
366 1.6e-06
367 1.6e-06
368 8e-07
369 4e-07
370 0
371 1.6e-06
372 1.2e-06
373 0
374 1.2e-06
375 4e-07
376 4e-07
377 1.2e-06
378 2e-06
379 0
380 4e-07
381 1.6e-06
382 1.16193e-06
383 1.2e-06
384 1.2e-06
385 1.6e-06
386 4e-07
387 1.6e-06
388 8e-07
389 1.6e-06
390 4e-07
391 1.2e-06
392 8e-07
393 2e-06
394 1.6e-06
395 8e-07
396 4e-07
397 1.2e-06
398 1.2e-06
399 8e-07
400 8e-07
401 1.2e-06
402 1.6e-06
403 1.6e-06
404 1.2e-06
405 8e-07
406 1.96193e-06
407 1.96193e-06
408 8e-07
409 8e-07
410 8e-07
411 1.56193e-06
412 1.2e-06
413 0
414 8e-07
415 1.2e-06
416 0
417 8e-07
418 1.6e-06
419 1.2e-06
420 1.2e-06
421 1.2e-06
422 4e-07
423 8e-07
424 2e-06
425 1.6e-06
426 1.2e-06
427 1.6e-06
428 4e-07
429 4e-07
430 1.6e-06
431 8e-07
432 1.2e-06
433 1.2e-06
434 8e-07
435 4e-07
436 8e-07
437 1.6e-06
438 8e-07
439 4e-07
440 1.2e-06
441 1.6e-06
442 4e-07
443 1.6e-06
444 2.4e-06
445 8e-07
446 1.6e-06
447 0
448 8e-07
449 0
450 7.61935e-07
451 2.8e-06
452 8e-07
453 2e-06
454 1.2e-06
455 4e-07
456 1.2e-06
457 8e-07
458 1.2e-06
459 8e-07
460 4e-07
461 4e-07
462 8e-07
463 2e-06
464 1.16193e-06
465 2e-06
466 0
467 1.2e-06
468 4e-07
469 0
470 8e-07
471 1.2e-06
472 1.6e-06
473 2e-06
474 8e-07
475 0
476 8e-07
477 1.6e-06
478 7.61935e-07
479 4e-07
480 1.6e-06
481 1.2e-06
482 1.2e-06
483 4e-07
484 8e-07
485 1.56193e-06
486 8e-07
487 8e-07
488 0
489 4e-07
490 0
491 8e-07
492 0
493 4e-07
494 8e-07
495 1.2e-06
496 4e-07
497 4e-07
498 8e-07
499 1.16193e-06
500 1.6e-06
501 4e-07
502 8e-07
503 2.4e-06
504 1.6e-06
505 4e-07
506 1.2e-06
507 0
508 4e-07
509 1.2e-06
510 0
511 4e-07
512 1.2e-06
513 4e-07
514 8e-07
515 1.2e-06
516 0
517 1.2e-06
518 0
519 2e-06
520 4e-07
521 8e-07
522 8e-07
523 8e-07
524 4e-07
525 4e-07
526 2e-06
527 0
528 8e-07
529 8e-07
530 8e-07
531 8e-07
532 0
533 2e-06
534 1.6e-06
535 8e-07
536 0
537 8e-07
538 4e-07
539 0
540 0
541 4e-07
542 8e-07
543 1.56193e-06
544 8e-07
545 3.61935e-07
546 1.2e-06
547 4e-07
548 8e-07
549 1.2e-06
550 1.2e-06
551 8e-07
552 1.2e-06
553 8e-07
554 8e-07
555 8e-07
556 8e-07
557 8e-07
558 1.2e-06
559 4e-07
560 7.61935e-07
561 4e-07
562 4e-07
563 4e-07
564 7.61935e-07
565 0
566 0
567 2e-06
568 0
569 4e-07
570 8e-07
571 1.2e-06
572 0
573 0
574 8e-07
575 1.6e-06
576 8e-07
577 1.2e-06
578 4e-07
579 1.16193e-06
580 1.2e-06
581 8e-07
582 8e-07
583 1.2e-06
584 8e-07
585 0
586 4e-07
587 8e-07
588 4e-07
589 8e-07
590 8e-07
591 4e-07
592 8e-07
593 1.2e-06
594 8e-07
595 8e-07
596 4e-07
597 0
598 1.2e-06
599 1.2e-06
600 4e-07
601 4e-07
602 0
603 4e-07
604 1.16193e-06
605 2e-06
606 8e-07
607 1.2e-06
608 0
609 4e-07
610 4e-07
611 4e-07
612 8e-07
613 1.2e-06
614 7.61935e-07
615 4e-07
616 1.2e-06
617 4e-07
618 8e-07
619 7.61935e-07
620 4e-07
621 8e-07
622 1.2e-06
623 0
624 1.16193e-06
625 4e-07
626 8e-07
627 4e-07
628 4e-07
629 4e-07
630 1.2e-06
631 8e-07
632 3.61935e-07
633 0
634 7.61935e-07
635 1.2e-06
636 1.2e-06
637 3.61935e-07
638 1.2e-06
639 8e-07
640 1.2e-06
641 1.16193e-06
642 8e-07
643 8e-07
644 4e-07
645 1.2e-06
646 4e-07
647 8e-07
648 0
649 4e-07
650 8e-07
651 4e-07
652 8e-07
653 0
654 4e-07
655 1.2e-06
656 8e-07
657 0
658 1.2e-06
659 1.6e-06
660 1.16193e-06
661 0
662 1.2e-06
663 4e-07
664 8e-07
665 8e-07
666 1.2e-06
667 0
668 8e-07
669 0
670 1.2e-06
671 8e-07
672 8e-07
673 0
674 7.27492e-07
675 4e-07
676 8e-07
677 8e-07
678 0
679 3.61935e-07
680 1.2e-06
681 1.2e-06
682 8e-07
683 4e-07
684 0
685 1.2e-06
686 2e-06
687 0
688 4e-07
689 0
690 8e-07
691 8e-07
692 1.2e-06
693 4e-07
694 4e-07
695 0
696 1.2e-06
697 0
698 4e-07
699 8e-07
700 4e-07
701 8e-07
702 4e-07
703 4e-07
704 8e-07
705 8e-07
706 4e-07
707 0
708 4e-07
709 4e-07
710 4e-07
711 4e-07
712 4e-07
713 0
714 1.2e-06
715 4e-07
716 8e-07
717 1.2e-06
718 0
719 8e-07
720 4e-07
721 8e-07
722 4e-07
723 4e-07
724 4e-07
725 8e-07
726 3.61935e-07
727 4e-07
728 4e-07
729 0
730 0
731 1.6e-06
732 8e-07
733 4e-07
734 8e-07
735 8e-07
736 1.16193e-06
737 4e-07
738 1.2e-06
739 4e-07
740 8e-07
741 0
742 8e-07
743 8e-07
744 8e-07
745 0
746 1.6e-06
747 8e-07
748 0
749 4e-07
750 4e-07
751 1.6e-06
752 4e-07
753 4e-07
754 4e-07
755 4e-07
756 8e-07
757 0
758 4e-07
759 4e-07
760 0
761 4e-07
762 4e-07
763 0
764 1.2e-06
765 4e-07
766 4e-07
767 4e-07
768 0
769 1.6e-06
770 4e-07
771 0
772 7.61935e-07
773 4e-07
774 8e-07
775 0
776 4e-07
777 8e-07
778 1.6e-06
779 0
780 4e-07
781 4e-07
782 4e-07
783 4e-07
784 4e-07
785 0
786 4e-07
787 4e-07
788 4e-07
789 4e-07
790 1.6e-06
791 0
792 1.2e-06
793 8e-07
794 1.2e-06
795 0
796 8e-07
797 4e-07
798 0
799 1.2e-06
800 4e-07
801 4e-07
802 4e-07
803 8e-07
804 3.61935e-07
805 8e-07
806 1.2e-06
807 8e-07
808 8e-07
809 0
810 4e-07
811 4e-07
812 4e-07
813 8e-07
814 1.2e-06
815 1.6e-06
816 1.2e-06
817 0
818 8e-07
819 1.16193e-06
820 1.6e-06
821 4e-07
822 1.2e-06
823 8e-07
824 1.6e-06
825 0
826 0
827 0
828 8e-07
829 4e-07
830 4e-07
831 4e-07
832 1.2e-06
833 4e-07
834 8e-07
835 4e-07
836 0
837 4e-07
838 8e-07
839 4e-07
840 7.61935e-07
841 0
842 8e-07
843 3.61935e-07
844 0
845 4e-07
846 4e-07
847 4e-07
848 8e-07
849 1.6e-06
850 0
851 1.2e-06
852 0
853 0
854 4e-07
855 4e-07
856 8e-07
857 3.61935e-07
858 0
859 1.6e-06
860 8e-07
861 8e-07
862 1.2e-06
863 8e-07
864 4e-07
865 4e-07
866 8e-07
867 4e-07
868 8e-07
869 4e-07
870 1.2e-06
871 8e-07
872 1.2e-06
873 4e-07
874 4e-07
875 8e-07
876 1.6e-06
877 0
878 1.2e-06
879 4e-07
880 0
881 0
882 4e-07
883 1.6e-06
884 8e-07
885 4e-07
886 0
887 1.2e-06
888 4e-07
889 4e-07
890 8e-07
891 4e-07
892 8e-07
893 8e-07
894 4e-07
895 4e-07
896 4e-07
897 4e-07
898 4e-07
899 0
900 2e-06
901 4e-07
902 8e-07
903 8e-07
904 8e-07
905 0
906 1.2e-06
907 8e-07
908 1.2e-06
909 0
910 4e-07
911 1.2e-06
912 0
913 0
914 4e-07
915 4e-07
916 8e-07
917 4e-07
918 0
919 0
920 0
921 0
922 0
923 8e-07
924 4e-07
925 4e-07
926 4e-07
927 0
928 0
929 0
930 8e-07
931 4e-07
932 0
933 4e-07
934 4e-07
935 0
936 8e-07
937 4e-07
938 0
939 8e-07
940 4e-07
941 1.6e-06
942 8e-07
943 1.6e-06
944 4e-07
945 8e-07
946 0
947 0
948 4e-07
949 1.2e-06
950 8e-07
951 0
952 0
953 4e-07
954 4e-07
955 4e-07
956 4e-07
957 4e-07
958 0
959 0
960 4e-07
961 7.61935e-07
962 1.2e-06
963 4e-07
964 8e-07
965 8e-07
966 1.2e-06
967 4e-07
968 1.2e-06
969 0
970 4e-07
971 4e-07
972 0
973 0
974 4e-07
975 0
976 0
977 8e-07
978 8e-07
979 0
980 8e-07
981 0
982 4e-07
983 0
984 8e-07
985 0
986 0
987 0
988 0
989 0
990 0
991 0
992 1.16193e-06
993 4e-07
994 4e-07
995 8e-07
996 4e-07
997 0
998 8e-07
999 0
