0 0
1 0
2 0
3 0
4 0
5 0
6 0
7 4e-06
8 0
9 0
10 4e-06
11 0
12 0
13 0
14 0
15 4e-06
16 0
17 0
18 0
19 0
20 0
21 0
22 0
23 0
24 0
25 0
26 0
27 0
28 4e-06
29 4e-06
30 4e-06
31 0
32 4e-06
33 0
34 8e-06
35 0
36 0
37 0
38 4e-06
39 0
40 0
41 4e-06
42 4e-06
43 4e-06
44 4e-06
45 4e-06
46 4e-06
47 0
48 4e-06
49 0
50 8e-06
51 8e-06
52 4e-06
53 8e-06
54 4e-06
55 4e-06
56 4e-06
57 4e-06
58 0
59 4e-06
60 0
61 8e-06
62 8e-06
63 1.2e-05
64 0
65 4e-06
66 0
67 0
68 0
69 0
70 4e-06
71 0
72 4e-06
73 4e-06
74 4e-06
75 4e-06
76 8e-06
77 4e-06
78 0
79 1.2e-05
80 0
81 0
82 8e-06
83 0
84 1.2e-05
85 0
86 1.2e-05
87 0
88 1.2e-05
89 8e-06
90 4e-06
91 8e-06
92 0
93 1.2e-05
94 8e-06
95 4e-06
96 4e-06
97 1.6e-05
98 0
99 8e-06
100 0
101 4e-06
102 8e-06
103 4e-06
104 8e-06
105 4e-06
106 1.2e-05
107 4e-06
108 8e-06
109 2e-05
110 8e-06
111 4e-06
112 0
113 4e-06
114 1.2e-05
115 4e-06
116 1.2e-05
117 4e-06
118 1.6e-05
119 1.2e-05
120 0
121 8e-06
122 4e-06
123 5.47152e-06
124 1.2e-05
125 1.2e-05
126 4e-06
127 1.74715e-05
128 8e-06
129 4e-06
130 1.6e-05
131 0
132 1.2e-05
133 1.2e-05
134 0
135 4e-06
136 1.2e-05
137 4e-06
138 1.2e-05
139 4e-06
140 4e-06
141 4e-06
142 4e-06
143 2.4e-05
144 4e-06
145 5.47152e-06
146 1.2e-05
147 4e-06
148 1.2e-05
149 4e-06
150 1.6e-05
151 1.2e-05
152 2.4e-05
153 4e-06
154 4e-06
155 2.4e-05
156 8e-06
157 1.6e-05
158 9.47152e-06
159 4e-06
160 8e-06
161 0
162 4e-06
163 4e-06
164 1.6e-05
165 4e-06
166 8e-06
167 1.6e-05
168 1.2e-05
169 4e-06
170 8e-06
171 8e-06
172 8e-06
173 4e-06
174 8e-06
175 1.2e-05
176 8e-06
177 8e-06
178 0
179 1.2e-05
180 1.2e-05
181 0
182 1.2e-05
183 1.2e-05
184 4e-06
185 8e-06
186 1.2e-05
187 1.2e-05
188 8e-06
189 1.6e-05
190 1.2e-05
191 4e-06
192 1.2e-05
193 8e-06
194 1.2e-05
195 8e-06
196 8e-06
197 1.2e-05
198 1.2e-05
199 1.6e-05
200 8e-06
201 8e-06
202 8e-06
203 0
204 4e-06
205 4e-06
206 4e-06
207 1.2e-05
208 0
209 1.2e-05
210 1.6e-05
211 8e-06
212 4e-06
213 2.4e-05
214 1.2e-05
215 1.2e-05
216 8e-06
217 8e-06
218 1.6e-05
219 8e-06
220 0
221 8e-06
222 1.6e-05
223 4e-06
224 4e-06
225 8e-06
226 1.6e-05
227 8e-06
228 4e-06
229 4e-06
230 4e-06
231 0
232 8e-06
233 8e-06
234 0
235 1.2e-05
236 2e-05
237 1.6e-05
238 1.6e-05
239 2.8e-05
240 0
241 8e-06
242 8e-06
243 1.6e-05
244 1.2e-05
245 0
246 0
247 2e-05
248 1.2e-05
249 8e-06
250 1.2e-05
251 1.6e-05
252 8e-06
253 1.6e-05
254 0
255 0
256 1.2e-05
257 8e-06
258 1.2e-05
259 1.2e-05
260 4e-06
261 4e-06
262 1.2e-05
263 1.6e-05
264 4e-06
265 4e-06
266 8e-06
267 1.6e-05
268 4e-06
269 4e-06
270 1.2e-05
271 1.6e-05
272 1.6e-05
273 8e-06
274 1.2e-05
275 4e-06
276 8e-06
277 4e-06
278 8e-06
279 1.6e-05
280 8e-06
281 2e-05
282 8e-06
283 0
284 1.6e-05
285 1.6e-05
286 0
287 8e-06
288 4e-06
289 0
290 4e-06
291 1.2e-05
292 8e-06
293 8e-06
294 8e-06
295 0
296 8e-06
297 1.2e-05
298 4e-06
299 8e-06
300 8e-06
301 1.6e-05
302 0
303 9.47152e-06
304 5.47152e-06
305 8e-06
306 4e-06
307 1.6e-05
308 0
309 1.6e-05
310 4e-06
311 0
312 4e-06
313 4e-06
314 1.6e-05
315 1.2e-05
316 1.6e-05
317 2e-05
318 8e-06
319 4e-06
320 1.6e-05
321 2e-05
322 8e-06
323 8e-06
324 1.2e-05
325 4e-06
326 8e-06
327 4e-06
328 1.2e-05
329 8e-06
330 8e-06
331 2e-05
332 1.2e-05
333 4e-06
334 8e-06
335 2.14715e-05
336 2e-05
337 1.2e-05
338 0
339 4e-06
340 0
341 1.2e-05
342 8e-06
343 1.6e-05
344 1.6e-05
345 1.6e-05
346 8e-06
347 0
348 1.6e-05
349 1.2e-05
350 8e-06
351 1.6e-05
352 0
353 4e-06
354 8e-06
355 4e-06
356 8e-06
357 1.2e-05
358 1.6e-05
359 4e-06
360 4e-06
361 4e-06
362 8e-06
363 4e-06
364 0
365 0
366 8e-06
367 1.6e-05
368 2.4e-05
369 1.6e-05
370 8e-06
371 8e-06
372 0
373 1.2e-05
374 8e-06
375 4e-06
376 4e-06
377 0
378 1.2e-05
379 8e-06
380 0
381 1.6e-05
382 8e-06
383 0
384 4e-06
385 8e-06
386 4e-06
387 0
388 4e-06
389 0
390 0
391 4e-06
392 2e-05
393 1.6e-05
394 0
395 8e-06
396 0
397 4e-06
398 4e-06
399 8e-06
400 0
401 0
402 4e-06
403 8e-06
404 8e-06
405 1.2e-05
406 8e-06
407 0
408 4e-06
409 1.6e-05
410 4e-06
411 4e-06
412 1.2e-05
413 4e-06
414 2e-05
415 4e-06
416 0
417 1.2e-05
418 4e-06
419 0
420 5.47152e-06
421 8e-06
422 4e-06
423 4e-06
424 1.2e-05
425 4e-06
426 4e-06
427 4e-06
428 1.6e-05
429 8e-06
430 8e-06
431 1.6e-05
432 4e-06
433 1.6e-05
434 5.47152e-06
435 4e-06
436 8e-06
437 0
438 8e-06
439 4e-06
440 8e-06
441 8e-06
442 8e-06
443 4e-06
444 8e-06
445 1.2e-05
446 1.2e-05
447 2e-05
448 4e-06
449 1.2e-05
450 4e-06
451 1.6e-05
452 0
453 1.2e-05
454 1.2e-05
455 8e-06
456 4e-06
457 4e-06
458 8e-06
459 1.2e-05
460 4e-06
461 1.2e-05
462 2e-05
463 1.2e-05
464 4e-06
465 4e-06
466 4e-06
467 4e-06
468 8e-06
469 8e-06
470 8e-06
471 0
472 4e-06
473 1.2e-05
474 0
475 8e-06
476 1.2e-05
477 8e-06
478 4e-06
479 8e-06
480 1.47152e-06
481 8e-06
482 4e-06
483 1.2e-05
484 4e-06
485 1.6e-05
486 0
487 8e-06
488 4e-06
489 1.6e-05
490 8e-06
491 8e-06
492 4e-06
493 0
494 4e-06
495 1.6e-05
496 1.6e-05
497 4e-06
498 1.2e-05
499 0
500 2e-05
501 4e-06
502 1.6e-05
503 1.6e-05
504 4e-06
505 0
506 4e-06
507 0
508 0
509 4e-06
510 0
511 4e-06
512 4e-06
513 4e-06
514 0
515 8e-06
516 4e-06
517 0
518 8e-06
519 0
520 0
521 1.6e-05
522 0
523 1.2e-05
524 0
525 8e-06
526 2.8e-05
527 1.6e-05
528 8e-06
529 8e-06
530 1.6e-05
531 1.2e-05
532 8e-06
533 8e-06
534 4e-06
535 8e-06
536 0
537 4e-06
538 8e-06
539 4e-06
540 8e-06
541 4e-06
542 1.6e-05
543 4e-06
544 4e-06
545 4e-06
546 0
547 4e-06
548 8e-06
549 1.6e-05
550 8e-06
551 4e-06
552 4e-06
553 1.2e-05
554 4e-06
555 1.2e-05
556 4e-06
557 4e-06
558 8e-06
559 8e-06
560 4e-06
561 0
562 9.47152e-06
563 8e-06
564 0
565 1.2e-05
566 0
567 8e-06
568 2.4e-05
569 1.2e-05
570 8e-06
571 8e-06
572 0
573 4e-06
574 8e-06
575 8e-06
576 0
577 0
578 1.6e-05
579 0
580 8e-06
581 0
582 8e-06
583 4e-06
584 8e-06
585 8e-06
586 0
587 4e-06
588 1.2e-05
589 1.2e-05
590 4e-06
591 8e-06
592 8e-06
593 8e-06
594 8e-06
595 0
596 8e-06
597 1.2e-05
598 0
599 8e-06
600 0
601 4e-06
602 4e-06
603 4e-06
604 8e-06
605 8e-06
606 2e-05
607 4e-06
608 1.2e-05
609 8e-06
610 2e-05
611 1.6e-05
612 8e-06
613 1.2e-05
614 8e-06
615 4e-06
616 1.6e-05
617 0
618 4e-06
619 8e-06
620 1.2e-05
621 4e-06
622 4e-06
623 1.6e-05
624 8e-06
625 1.47152e-06
626 4e-06
627 1.2e-05
628 4e-06
629 0
630 4e-06
631 0
632 0
633 8e-06
634 8e-06
635 0
636 8e-06
637 0
638 1.2e-05
639 0
640 0
641 0
642 4e-06
643 8e-06
644 4e-06
645 4e-06
646 4e-06
647 5.47152e-06
648 4e-06
649 1.2e-05
650 4e-06
651 4e-06
652 0
653 0
654 0
655 1.6e-05
656 0
657 4e-06
658 4e-06
659 8e-06
660 1.47152e-06
661 4e-06
662 1.6e-05
663 4e-06
664 2e-05
665 4e-06
666 4e-06
667 4e-06
668 1.2e-05
669 4e-06
670 4e-06
671 4e-06
672 0
673 0
674 0
675 4e-06
676 8e-06
677 1.2e-05
678 8e-06
679 4e-06
680 4e-06
681 1.6e-05
682 4e-06
683 0
684 0
685 4e-06
686 0
687 1.6e-05
688 0
689 0
690 4e-06
691 4e-06
692 8e-06
693 0
694 4e-06
695 0
696 8e-06
697 4e-06
698 4e-06
699 0
700 8e-06
701 4e-06
702 4e-06
703 0
704 1.2e-05
705 1.6e-05
706 4e-06
707 8e-06
708 8e-06
709 8e-06
710 1.2e-05
711 1.2e-05
712 8e-06
713 1.2e-05
714 4e-06
715 4e-06
716 8e-06
717 0
718 0
719 0
720 1.6e-05
721 4e-06
722 8e-06
723 0
724 0
725 0
726 8e-06
727 4e-06
728 0
729 0
730 8e-06
731 1.6e-05
732 8e-06
733 0
734 4e-06
735 8e-06
736 1.6e-05
737 1.2e-05
738 4e-06
739 8e-06
740 4e-06
741 4e-06
742 8e-06
743 4e-06
744 8e-06
745 0
746 1.2e-05
747 4e-06
748 0
749 1.2e-05
750 4e-06
751 8e-06
752 8e-06
753 4e-06
754 0
755 0
756 4e-06
757 1.2e-05
758 4e-06
759 0
760 1.2e-05
761 8e-06
762 4e-06
763 1.47152e-06
764 0
765 4e-06
766 1.2e-05
767 4e-06
768 4e-06
769 0
770 8e-06
771 4e-06
772 4e-06
773 8e-06
774 8e-06
775 8e-06
776 0
777 1.2e-05
778 4e-06
779 0
780 8e-06
781 4e-06
782 4e-06
783 8e-06
784 0
785 1.6e-05
786 8e-06
787 4e-06
788 4e-06
789 8e-06
790 4e-06
791 0
792 0
793 8e-06
794 0
795 4e-06
796 8e-06
797 1.6e-05
798 4e-06
799 0
800 4e-06
801 8e-06
802 4e-06
803 1.2e-05
804 1.47152e-06
805 8e-06
806 8e-06
807 8e-06
808 5.47152e-06
809 1.2e-05
810 0
811 8e-06
812 1.2e-05
813 0
814 4e-06
815 0
816 0
817 8e-06
818 4e-06
819 5.47152e-06
820 4e-06
821 4e-06
822 8e-06
823 8e-06
824 1.2e-05
825 4e-06
826 4e-06
827 4e-06
828 8e-06
829 0
830 1.2e-05
831 1.2e-05
832 0
833 4e-06
834 4e-06
835 1.2e-05
836 4e-06
837 0
838 4e-06
839 8e-06
840 0
841 8e-06
842 1.2e-05
843 4e-06
844 0
845 1.2e-05
846 4e-06
847 1.34715e-05
848 8e-06
849 1.2e-05
850 1.6e-05
851 8e-06
852 1.2e-05
853 4e-06
854 4e-06
855 1.34715e-05
856 0
857 8e-06
858 0
859 4e-06
860 4e-06
861 0
862 0
863 4e-06
864 4e-06
865 8e-06
866 0
867 4e-06
868 0
869 4e-06
870 4e-06
871 8e-06
872 0
873 4e-06
874 8e-06
875 8e-06
876 4e-06
877 0
878 0
879 8e-06
880 0
881 0
882 0
883 4e-06
884 0
885 8e-06
886 4e-06
887 9.47152e-06
888 4e-06
889 4e-06
890 0
891 1.47152e-06
892 4e-06
893 4e-06
894 0
895 4e-06
896 0
897 0
898 4e-06
899 8e-06
900 4e-06
901 8e-06
902 0
903 0
904 4e-06
905 1.6e-05
906 8e-06
907 8e-06
908 4e-06
909 4e-06
910 4e-06
911 0
912 4e-06
913 1.2e-05
914 4e-06
915 1.2e-05
916 4e-06
917 4e-06
918 8e-06
919 4e-06
920 1.2e-05
921 8e-06
922 8e-06
923 4e-06
924 0
925 4e-06
926 4e-06
927 5.47152e-06
928 0
929 0
930 4e-06
931 8e-06
932 0
933 0
934 0
935 8e-06
936 1.2e-05
937 8e-06
938 4e-06
939 0
940 0
941 4e-06
942 8e-06
943 1.47152e-06
944 0
945 0
946 1.47152e-06
947 4e-06
948 4e-06
949 1.2e-05
950 8e-06
951 4e-06
952 1.2e-05
953 1.47152e-06
954 4e-06
955 0
956 0
957 0
958 1.2e-05
959 0
960 4e-06
961 4e-06
962 0
963 0
964 8e-06
965 0
966 0
967 4e-06
968 8e-06
969 4e-06
970 4e-06
971 8e-06
972 4e-06
973 0
974 0
975 0
976 8e-06
977 0
978 1.2e-05
979 0
980 1.2e-05
981 4e-06
982 1.2e-05
983 8e-06
984 9.47152e-06
985 4e-06
986 1.2e-05
987 0
988 8e-06
989 8e-06
990 8e-06
991 0
992 4e-06
993 0
994 8e-06
995 4e-06
996 8e-06
997 4e-06
998 0
999 0
