0 0
1 0.001088
2 0.000788
3 0.000469472
4 0.000344
5 0.000376
6 0.000268
7 0.000289472
8 0.000212
9 0.000224
10 0.000165472
11 0.000185472
12 0.000172
13 0.000112
14 0.000112
15 0.000141472
16 0.00012
17 8.4e-05
18 0.000117472
19 0.000136
20 0.000112
21 0.000108
22 7.6e-05
23 0.000116
24 8.54715e-05
25 7.2e-05
26 8.94715e-05
27 0.0001
28 8e-05
29 8.8e-05
30 8.8e-05
31 3.6e-05
32 4.8e-05
33 6.8e-05
34 7.2e-05
35 4.8e-05
36 6.8e-05
37 4.8e-05
38 0.000104
39 6e-05
40 7.4943e-05
41 6.94715e-05
42 4.94715e-05
43 4.84146e-05
44 8.54715e-05
45 4e-05
46 4e-05
47 6.4e-05
48 3.6e-05
49 4e-05
50 5.2e-05
51 3.6e-05
52 3.2e-05
53 5.74715e-05
54 4.4e-05
55 3.6e-05
56 4.4e-05
57 4e-05
58 3.2e-05
59 4e-05
60 5.2e-05
61 3.6e-05
62 3.6e-05
63 2.8e-05
64 5.2e-05
65 3.6e-05
66 4e-05
67 5.2e-05
68 6e-05
69 4.4e-05
70 3.2e-05
71 4e-05
72 2.8e-05
73 2e-05
74 6.14715e-05
75 4.4e-05
76 2.8e-05
77 2.54715e-05
78 6.14715e-05
79 3.2e-05
80 3.2e-05
81 2e-05
82 2.8e-05
83 2.8e-05
84 2.4e-05
85 3.2e-05
86 3.6e-05
87 3.6e-05
88 4e-05
89 4.4e-05
90 2e-05
91 2e-05
92 3.2e-05
93 2.54715e-05
94 2.4e-05
95 1.6e-05
96 2e-05
97 2.8e-05
98 4.8e-05
99 2.4e-05
100 2.8e-05
101 2e-05
102 2.4e-05
103 3.2e-05
104 3.2e-05
105 2.4e-05
106 4.8e-05
107 2.4e-05
108 3.6e-05
109 3.6e-05
110 1.2e-05
111 4e-06
112 2.4e-05
113 4e-06
114 2.4e-05
115 3.6e-05
116 1.6e-05
117 3.2e-05
118 8e-06
119 2e-05
120 3.2e-05
121 3.2e-05
122 4.8e-05
123 2.4e-05
124 4.4e-05
125 4e-05
126 1.6e-05
127 2.54715e-05
128 1.6e-05
129 2.14715e-05
130 2e-05
131 2.4e-05
132 2.4e-05
133 2.8e-05
134 2e-05
135 1.2e-05
136 2.54715e-05
137 1.6e-05
138 1.2e-05
139 2e-05
140 2e-05
141 3.2e-05
142 2e-05
143 1.6e-05
144 1.2e-05
145 2.54715e-05
146 3.2e-05
147 2e-05
148 4e-06
149 1.6e-05
150 2e-05
151 4e-05
152 1.2e-05
153 3.2e-05
154 2.4e-05
155 3.2e-05
156 8e-06
157 1.2e-05
158 2.8e-05
159 1.2e-05
160 2.4e-05
161 1.6e-05
162 2.8e-05
163 2e-05
164 1.74715e-05
165 2.4e-05
166 3.2e-05
167 4e-06
168 4e-05
169 1.34715e-05
170 1.2e-05
171 2e-05
172 2.4e-05
173 4e-06
174 1.2e-05
175 2e-05
176 1.34715e-05
177 1.2e-05
178 1.6e-05
179 1.2e-05
180 2.8e-05
181 1.6e-05
182 2e-05
183 1.6e-05
184 2.8e-05
185 4e-05
186 1.6e-05
187 3.6e-05
188 2.8e-05
189 5.47152e-06
190 1.2e-05
191 5.2e-05
192 2.14715e-05
193 4e-06
194 4e-06
195 1.6e-05
196 2.4e-05
197 1.34715e-05
198 2.4e-05
199 1.6e-05
200 4e-06
201 4e-06
202 0
203 2e-05
204 1.2e-05
205 4e-06
206 2e-05
207 4e-06
208 2e-05
209 2.14715e-05
210 1.6e-05
211 0
212 2e-05
213 8e-06
214 8e-06
215 1.2e-05
216 9.47152e-06
217 3.2e-05
218 1.6e-05
219 8e-06
220 2e-05
221 1.6e-05
222 8e-06
223 1.47152e-06
224 1.2e-05
225 2e-05
226 1.6e-05
227 1.2e-05
228 2.4e-05
229 8e-06
230 1.6e-05
231 2.4e-05
232 2e-05
233 2.54715e-05
234 4e-06
235 4e-06
236 1.6e-05
237 2e-05
238 3.2e-05
239 1.6e-05
240 2e-05
241 2.14715e-05
242 4e-06
243 0
244 1.6e-05
245 1.6e-05
246 4e-06
247 1.74715e-05
248 1.2e-05
249 2e-05
250 1.6e-05
251 2e-05
252 1.2e-05
253 1.6e-05
254 1.6e-05
255 8e-06
256 8e-06
257 2e-05
258 1.6e-05
259 9.47152e-06
260 4e-06
261 1.6e-05
262 1.2e-05
263 1.6e-05
264 4e-06
265 8e-06
266 1.2e-05
267 8e-06
268 1.2e-05
269 8e-06
270 2.4e-05
271 8e-06
272 2e-05
273 1.2e-05
274 2.4e-05
275 1.2e-05
276 1.6e-05
277 2e-05
278 8e-06
279 8e-06
280 2e-05
281 1.6e-05
282 8e-06
283 2.4e-05
284 1.34715e-05
285 2e-05
286 2e-05
287 4e-06
288 2e-05
289 2e-05
290 4e-06
291 2.4e-05
292 8e-06
293 3.6e-05
294 1.2e-05
295 2e-05
296 8e-06
297 4e-06
298 8e-06
299 8e-06
300 9.47152e-06
301 8e-06
302 4e-06
303 1.6e-05
304 1.2e-05
305 1.6e-05
306 1.6e-05
307 8e-06
308 1.2e-05
309 1.2e-05
310 2.14715e-05
311 2e-05
312 1.2e-05
313 1.6e-05
314 4e-06
315 1.2e-05
316 1.2e-05
317 8e-06
318 8e-06
319 1.6e-05
320 1.2e-05
321 2e-05
322 8e-06
323 1.2e-05
324 1.6e-05
325 2e-05
326 4e-06
327 2e-05
328 1.6e-05
329 8e-06
330 2e-05
331 0
332 8e-06
333 1.2e-05
334 0
335 1.6e-05
336 8e-06
337 1.6e-05
338 8e-06
339 2e-05
340 4e-06
341 8e-06
342 4e-06
343 2.54715e-05
344 1.6e-05
345 4e-06
346 8e-06
347 8e-06
348 8e-06
349 1.2e-05
350 4e-06
351 4e-06
352 8e-06
353 8e-06
354 1.6e-05
355 4e-06
356 8e-06
357 4e-06
358 4e-06
359 1.2e-05
360 1.2e-05
361 2e-05
362 1.47152e-06
363 2e-05
364 1.6e-05
365 1.2e-05
366 1.47152e-06
367 1.2e-05
368 1.2e-05
369 4e-06
370 4e-06
371 1.6e-05
372 4e-06
373 8e-06
374 4e-06
375 3.6e-05
376 1.2e-05
377 4e-06
378 1.2e-05
379 8e-06
380 1.2e-05
381 2e-05
382 8e-06
383 8e-06
384 0
385 8e-06
386 1.2e-05
387 8e-06
388 4e-06
389 8e-06
390 8e-06
391 8e-06
392 4e-06
393 1.2e-05
394 4e-06
395 8e-06
396 2e-05
397 1.2e-05
398 1.2e-05
399 9.47152e-06
400 1.2e-05
401 2e-05
402 0
403 8e-06
404 0
405 9.47152e-06
406 8e-06
407 1.2e-05
408 1.2e-05
409 8e-06
410 1.2e-05
411 1.2e-05
412 8e-06
413 4e-06
414 4e-06
415 5.47152e-06
416 1.2e-05
417 5.47152e-06
418 1.2e-05
419 8e-06
420 0
421 1.2e-05
422 1.2e-05
423 1.34715e-05
424 0
425 1.2e-05
426 1.2e-05
427 1.2e-05
428 8e-06
429 4e-06
430 4e-06
431 1.2e-05
432 0
433 0
434 0
435 4e-06
436 4e-06
437 8e-06
438 8e-06
439 0
440 8e-06
441 1.6e-05
442 8e-06
443 8e-06
444 8e-06
445 4e-06
446 1.6e-05
447 4e-06
448 4e-06
449 8e-06
450 4e-06
451 8e-06
452 4e-06
453 1.34715e-05
454 8e-06
455 1.2e-05
456 4e-06
457 8e-06
458 4e-06
459 1.2e-05
460 0
461 4e-06
462 1.2e-05
463 9.47152e-06
464 8e-06
465 4e-06
466 1.2e-05
467 8e-06
468 8e-06
469 8e-06
470 2e-05
471 8e-06
472 1.2e-05
473 0
474 4e-06
475 4e-06
476 8e-06
477 8e-06
478 0
479 8e-06
480 0
481 8e-06
482 8e-06
483 8e-06
484 1.6e-05
485 1.2e-05
486 8e-06
487 8e-06
488 1.2e-05
489 1.6e-05
490 8e-06
491 4e-06
492 1.2e-05
493 8e-06
494 9.47152e-06
495 9.47152e-06
496 8e-06
497 8e-06
498 1.2e-05
499 0
500 2.14715e-05
501 4e-06
502 1.6e-05
503 1.2e-05
504 4e-06
505 0
506 4e-06
507 4e-06
508 1.2e-05
509 8e-06
510 9.47152e-06
511 0
512 1.2e-05
513 1.2e-05
514 4e-06
515 4e-06
516 8e-06
517 8e-06
518 4e-06
519 4e-06
520 8e-06
521 4e-06
522 4e-06
523 4e-06
524 8e-06
525 1.6e-05
526 1.6e-05
527 0
528 4e-06
529 0
530 8e-06
531 2.4e-05
532 1.2e-05
533 8e-06
534 1.47152e-06
535 2e-05
536 1.6e-05
537 8e-06
538 0
539 1.6e-05
540 6.94304e-06
541 1.2e-05
542 1.2e-05
543 1.34715e-05
544 2e-05
545 1.74715e-05
546 1.2e-05
547 0
548 4e-06
549 1.2e-05
550 8e-06
551 8e-06
552 0
553 8e-06
554 1.2e-05
555 8e-06
556 1.2e-05
557 4e-06
558 4e-06
559 0
560 8e-06
561 1.6e-05
562 0
563 8e-06
564 1.2e-05
565 4e-06
566 4e-06
567 8e-06
568 4e-06
569 4e-06
570 4e-06
571 0
572 5.47152e-06
573 1.2e-05
574 1.6e-05
575 4e-06
576 1.2e-05
577 9.47152e-06
578 0
579 8e-06
580 4e-06
581 8e-06
582 0
583 8e-06
584 1.34715e-05
585 8e-06
586 4e-06
587 0
588 1.2e-05
589 4e-06
590 8e-06
591 2.4e-05
592 8e-06
593 1.6e-05
594 8e-06
595 4e-06
596 1.47152e-06
597 4e-06
598 1.2e-05
599 4e-06
600 1.6e-05
601 4e-06
602 8e-06
603 8e-06
604 4e-06
605 2e-05
606 4e-06
607 0
608 4e-06
609 1.2e-05
610 8e-06
611 4e-06
612 4e-06
613 4e-06
614 8e-06
615 4e-06
616 4e-06
617 8e-06
618 0
619 4e-06
620 2e-05
621 0
622 4e-06
623 4e-06
624 4e-06
625 1.6e-05
626 1.6e-05
627 8e-06
628 1.2e-05
629 8e-06
630 1.2e-05
631 8e-06
632 4e-06
633 8e-06
634 4e-06
635 4e-06
636 0
637 1.6e-05
638 8e-06
639 8e-06
640 1.2e-05
641 4e-06
642 8e-06
643 0
644 1.2e-05
645 8e-06
646 0
647 8e-06
648 1.2e-05
649 0
650 8e-06
651 1.2e-05
652 8e-06
653 0
654 0
655 4e-06
656 8e-06
657 8e-06
658 1.2e-05
659 8e-06
660 1.2e-05
661 8e-06
662 0
663 0
664 4e-06
665 1.2e-05
666 4e-06
667 0
668 0
669 1.6e-05
670 0
671 8e-06
672 4e-06
673 0
674 8e-06
675 8e-06
676 8e-06
677 1.2e-05
678 1.47152e-06
679 4e-06
680 4e-06
681 1.6e-05
682 1.2e-05
683 4e-06
684 0
685 4e-06
686 8e-06
687 1.2e-05
688 1.2e-05
689 0
690 8e-06
691 2.14715e-05
692 1.74715e-05
693 1.47152e-06
694 0
695 1.2e-05
696 4e-06
697 2e-05
698 0
699 8e-06
700 2e-05
701 1.6e-05
702 8e-06
703 8e-06
704 1.2e-05
705 4e-06
706 4e-06
707 0
708 4e-06
709 1.6e-05
710 9.47152e-06
711 0
712 4e-06
713 4e-06
714 4e-06
715 1.2e-05
716 0
717 4e-06
718 4e-06
719 1.2e-05
720 8e-06
721 8e-06
722 4e-06
723 4e-06
724 1.2e-05
725 4e-06
726 8e-06
727 4e-06
728 0
729 0
730 0
731 1.6e-05
732 4e-06
733 4e-06
734 8e-06
735 2e-05
736 8e-06
737 0
738 1.2e-05
739 4e-06
740 0
741 8e-06
742 8e-06
743 4e-06
744 0
745 4e-06
746 0
747 8e-06
748 1.2e-05
749 0
750 0
751 4e-06
752 0
753 4e-06
754 4e-06
755 8e-06
756 4e-06
757 4e-06
758 0
759 4e-06
760 4e-06
761 0
762 4e-06
763 4e-06
764 0
765 0
766 0
767 0
768 4e-06
769 0
770 2.14715e-05
771 4e-06
772 8e-06
773 4e-06
774 0
775 4e-06
776 1.6e-05
777 4e-06
778 4e-06
779 4e-06
780 4e-06
781 0
782 0
783 4e-06
784 4e-06
785 0
786 4e-06
787 1.2e-05
788 5.47152e-06
789 4e-06
790 4e-06
791 4e-06
792 8e-06
793 8e-06
794 4e-06
795 4e-06
796 4e-06
797 1.6e-05
798 0
799 8e-06
800 8e-06
801 4e-06
802 1.6e-05
803 4e-06
804 0
805 8e-06
806 0
807 0
808 8e-06
809 4e-06
810 4e-06
811 0
812 4e-06
813 1.47152e-06
814 1.2e-05
815 4e-06
816 0
817 1.2e-05
818 4e-06
819 1.2e-05
820 0
821 1.47152e-06
822 4e-06
823 4e-06
824 0
825 1.2e-05
826 8e-06
827 4e-06
828 8e-06
829 0
830 4e-06
831 8e-06
832 4e-06
833 8e-06
834 4e-06
835 4e-06
836 4e-06
837 2e-05
838 4e-06
839 8e-06
840 0
841 1.47152e-06
842 4e-06
843 4e-06
844 4e-06
845 8e-06
846 1.2e-05
847 4e-06
848 1.47152e-06
849 8e-06
850 8e-06
851 0
852 4e-06
853 4e-06
854 0
855 0
856 8e-06
857 8e-06
858 1.2e-05
859 4e-06
860 0
861 1.6e-05
862 1.2e-05
863 4e-06
864 1.47152e-06
865 4e-06
866 0
867 8e-06
868 1.2e-05
869 4e-06
870 4e-06
871 1.2e-05
872 4e-06
873 4e-06
874 8e-06
875 8e-06
876 9.47152e-06
877 0
878 0
879 0
880 4e-06
881 0
882 4e-06
883 1.2e-05
884 4e-06
885 0
886 8e-06
887 8e-06
888 4e-06
889 1.2e-05
890 8e-06
891 8e-06
892 8e-06
893 4e-06
894 1.2e-05
895 0
896 0
897 4e-06
898 4e-06
899 4e-06
900 0
901 0
902 1.2e-05
903 4e-06
904 0
905 0
906 0
907 1.2e-05
908 4e-06
909 1.2e-05
910 8e-06
911 4e-06
912 1.2e-05
913 4e-06
914 0
915 8e-06
916 1.2e-05
917 0
918 0
919 8e-06
920 4e-06
921 0
922 8e-06
923 4e-06
924 1.2e-05
925 0
926 0
927 0
928 8e-06
929 4e-06
930 8e-06
931 0
932 1.2e-05
933 4e-06
934 4e-06
935 1.2e-05
936 4e-06
937 1.2e-05
938 4e-06
939 4e-06
940 4e-06
941 4e-06
942 1.2e-05
943 4e-06
944 8e-06
945 8e-06
946 4e-06
947 0
948 1.6e-05
949 8e-06
950 1.2e-05
951 0
952 4e-06
953 8e-06
954 8e-06
955 4e-06
956 4e-06
957 0
958 0
959 4e-06
960 4e-06
961 8e-06
962 1.2e-05
963 4e-06
964 0
965 4e-06
966 8e-06
967 8e-06
968 1.47152e-06
969 4e-06
970 4e-06
971 8e-06
972 0
973 0
974 1.2e-05
975 4e-06
976 4e-06
977 4e-06
978 4e-06
979 4e-06
980 4e-06
981 8e-06
982 0
983 4e-06
984 4e-06
985 4e-06
986 0
987 4e-06
988 1.2e-05
989 0
990 1.2e-05
991 8e-06
992 4e-06
993 0
994 0
995 1.2e-05
996 8e-06
997 4e-06
998 4e-06
999 0
