0 0
1 1.172e-05
2 6.16e-06
3 5.32e-06
4 4.6792e-06
5 3.12e-06
6 2.68e-06
7 2.72e-06
8 2.1596e-06
9 2.52e-06
10 1.88e-06
11 1.84e-06
12 1.6396e-06
13 1.6e-06
14 1.2e-06
15 1.2e-06
16 1.2e-06
17 1.24e-06
18 1.3196e-06
19 1.2e-06
20 1.04e-06
21 1.12e-06
22 7.2e-07
23 1.16e-06
24 1.32e-06
25 8e-07
26 6e-07
27 5.6e-07
28 7.2e-07
29 8.8e-07
30 5.99602e-07
31 1.04e-06
32 3.59204e-07
33 7.2e-07
34 6.8e-07
35 5.2e-07
36 7.99602e-07
37 8.79204e-07
38 5.2e-07
39 4e-07
40 4e-07
41 4.8e-07
42 7.2e-07
43 6.4e-07
44 6e-07
45 6.4e-07
46 3.6e-07
47 6.38806e-07
48 3.6e-07
49 3.2e-07
50 6.8e-07
51 3.6e-07
52 4.79602e-07
53 3.2e-07
54 4.8e-07
55 3.6e-07
56 2.4e-07
57 3.6e-07
58 2.8e-07
59 4e-07
60 5.99602e-07
61 3.6e-07
62 4e-07
63 2.4e-07
64 4.8e-07
65 4.39602e-07
66 4.4e-07
67 3.2e-07
68 3.2e-07
69 6.4e-07
70 2.8e-07
71 3.6e-07
72 2.4e-07
73 3.19602e-07
74 3.99602e-07
75 3.2e-07
76 4.79204e-07
77 3.6e-07
78 4.4e-07
79 2e-07
80 5.2e-07
81 2e-07
82 4e-07
83 3.2e-07
84 3.6e-07
85 4.8e-07
86 3.2e-07
87 5.6e-07
88 4e-07
89 4.4e-07
90 2e-07
91 8e-08
92 3.6e-07
93 2.4e-07
94 4.4e-07
95 3.6e-07
96 3.19602e-07
97 4.39602e-07
98 3.99602e-07
99 4.39602e-07
100 4.8e-07
101 3.2e-07
102 3.6e-07
103 2.8e-07
104 2.4e-07
105 3.2e-07
106 1.2e-07
107 4e-07
108 4e-07
109 2.4e-07
110 2e-07
111 4e-07
112 3.6e-07
113 2.4e-07
114 2.8e-07
115 2.79602e-07
116 3.2e-07
117 3.6e-07
118 4.39602e-07
119 1.2e-07
120 2e-07
121 3.59602e-07
122 2.4e-07
123 2.4e-07
124 1.6e-07
125 2.8e-07
126 3.99602e-07
127 3.2e-07
128 1.99602e-07
129 4e-07
130 5.2e-07
131 1.2e-07
132 3.6e-07
133 5.6e-07
134 2.4e-07
135 8e-08
136 4e-08
137 2.8e-07
138 8e-08
139 4e-07
140 2.79602e-07
141 1.6e-07
142 3.2e-07
143 4.8e-07
144 2e-07
145 1.6e-07
146 1.6e-07
147 8e-08
148 3.2e-07
149 8e-08
150 2e-07
151 3.2e-07
152 1.6e-07
153 1.6e-07
154 1.2e-07
155 0
156 2e-07
157 3.6e-07
158 2.4e-07
159 2e-07
160 2e-07
161 3.2e-07
162 1.6e-07
163 2.4e-07
164 1.6e-07
165 2e-07
166 1.99602e-07
167 1.2e-07
168 3.6e-07
169 3.2e-07
170 2e-07
171 2.4e-07
172 2.4e-07
173 1.6e-07
174 2e-07
175 1.6e-07
176 3.19602e-07
177 2e-07
178 2e-07
179 1.2e-07
180 3.2e-07
181 2.8e-07
182 3.2e-07
183 2.4e-07
184 2e-07
185 3.2e-07
186 2.4e-07
187 2.4e-07
188 2e-07
189 2.8e-07
190 4e-08
191 2.4e-07
192 2e-07
193 1.2e-07
194 1.6e-07
195 8e-08
196 1.2e-07
197 2.8e-07
198 8e-08
199 8e-08
200 1.2e-07
201 1.59602e-07
202 2e-07
203 2e-07
204 2.39602e-07
205 1.6e-07
206 1.6e-07
207 3.2e-07
208 1.59602e-07
209 1.2e-07
210 0
211 8e-08
212 2e-07
213 1.2e-07
214 2e-07
215 1.2e-07
216 1.2e-07
217 1.2e-07
218 4e-08
219 3.6e-07
220 4e-08
221 2e-07
222 2e-07
223 2e-07
224 1.6e-07
225 8e-08
226 3.2e-07
227 4e-08
228 1.6e-07
229 8e-08
230 2.8e-07
231 2.4e-07
232 8e-08
233 1.2e-07
234 1.2e-07
235 8e-08
236 1.6e-07
237 8e-08
238 1.2e-07
239 2e-07
240 1.6e-07
241 1.19602e-07
242 2.4e-07
243 2e-07
244 1.6e-07
245 8e-08
246 8e-08
247 1.2e-07
248 2.8e-07
249 1.6e-07
250 2.4e-07
251 1.2e-07
252 1.2e-07
253 2.4e-07
254 1.2e-07
255 2.4e-07
256 1.6e-07
257 2.8e-07
258 1.2e-07
259 1.6e-07
260 4e-08
261 1.2e-07
262 2.4e-07
263 1.2e-07
264 8e-08
265 1.2e-07
266 8e-08
267 4e-08
268 2e-07
269 8e-08
270 8e-08
271 8e-08
272 2.4e-07
273 1.19602e-07
274 8e-08
275 1.2e-07
276 8e-08
277 1.19602e-07
278 2e-07
279 1.6e-07
280 1.19602e-07
281 1.2e-07
282 8e-08
283 2e-07
284 1.6e-07
285 2.8e-07
286 1.6e-07
287 1.19602e-07
288 2.8e-07
289 1.99204e-07
290 4e-08
291 1.6e-07
292 2.4e-07
293 4e-08
294 4e-08
295 1.2e-07
296 7.9602e-08
297 1.6e-07
298 1.2e-07
299 4e-08
300 1.2e-07
301 0
302 1.6e-07
303 4e-08
304 8e-08
305 0
306 8e-08
307 0
308 1.6e-07
309 0
310 8e-08
311 1.6e-07
312 1.2e-07
313 8e-08
314 8e-08
315 1.2e-07
316 8e-08
317 1.2e-07
318 8e-08
319 2.8e-07
320 2e-07
321 8e-08
322 1.6e-07
323 1.2e-07
324 1.2e-07
325 8e-08
326 8e-08
327 2.39602e-07
328 8e-08
329 4e-08
330 8e-08
331 8e-08
332 1.2e-07
333 8e-08
334 1.59602e-07
335 1.2e-07
336 4e-08
337 1.2e-07
338 1.2e-07
339 1.2e-07
340 1.2e-07
341 1.6e-07
342 2e-07
343 8e-08
344 8e-08
345 1.6e-07
346 1.6e-07
347 0
348 4e-08
349 4e-08
350 8e-08
351 1.2e-07
352 1.2e-07
353 8e-08
354 4e-08
355 8e-08
356 0
357 1.2e-07
358 0
359 4e-08
360 4e-08
361 4e-08
362 1.6e-07
363 1.2e-07
364 8e-08
365 1.2e-07
366 8e-08
367 8e-08
368 4e-08
369 8e-08
370 1.2e-07
371 2e-07
372 8e-08
373 8e-08
374 4e-08
375 1.2e-07
376 8e-08
377 1.6e-07
378 2e-07
379 1.2e-07
380 1.6e-07
381 2.8e-07
382 1.2e-07
383 8e-08
384 1.2e-07
385 4e-08
386 4e-08
387 2e-07
388 8e-08
389 4e-08
390 0
391 1.6e-07
392 2.8e-07
393 1.6e-07
394 0
395 8e-08
396 1.99602e-07
397 1.2e-07
398 1.6e-07
399 1.6e-07
400 1.6e-07
401 8e-08
402 8e-08
403 8e-08
404 8e-08
405 4e-08
406 8e-08
407 1.2e-07
408 1.6e-07
409 2.79602e-07
410 2.4e-07
411 1.2e-07
412 1.99602e-07
413 1.6e-07
414 0
415 8e-08
416 4e-08
417 1.2e-07
418 1.2e-07
419 0
420 8e-08
421 2e-07
422 0
423 0
424 2e-07
425 8e-08
426 0
427 0
428 4e-08
429 1.6e-07
430 8e-08
431 4e-08
432 1.2e-07
433 8e-08
434 1.6e-07
435 8e-08
436 0
437 8e-08
438 4e-08
439 4e-08
440 1.6e-07
441 7.9602e-08
442 8e-08
443 1.2e-07
444 4e-08
445 0
446 1.2e-07
447 1.2e-07
448 1.19602e-07
449 1.2e-07
450 8e-08
451 4e-08
452 8e-08
453 8e-08
454 1.2e-07
455 4e-08
456 8e-08
457 4e-08
458 4e-08
459 8e-08
460 8e-08
461 1.2e-07
462 7.9602e-08
463 4e-08
464 8e-08
465 4e-08
466 8e-08
467 8e-08
468 1.2e-07
469 4e-08
470 8e-08
471 1.2e-07
472 8e-08
473 1.6e-07
474 4e-08
475 1.6e-07
476 0
477 8e-08
478 8e-08
479 8e-08
480 8e-08
481 8e-08
482 1.2e-07
483 7.9602e-08
484 1.2e-07
485 4e-08
486 4e-08
487 4e-08
488 0
489 8e-08
490 4e-08
491 2e-07
492 1.6e-07
493 4e-08
494 1.6e-07
495 8e-08
496 1.2e-07
497 4e-08
498 4e-08
499 4e-08
500 4e-08
501 0
502 1.2e-07
503 0
504 4e-08
505 4e-08
506 1.2e-07
507 0
508 1.2e-07
509 1.6e-07
510 8e-08
511 7.9602e-08
512 8e-08
513 8e-08
514 0
515 1.6e-07
516 1.2e-07
517 1.2e-07
518 8e-08
519 2e-07
520 1.59602e-07
521 2e-07
522 4e-08
523 0
524 1.6e-07
525 8e-08
526 7.9602e-08
527 1.2e-07
528 1.2e-07
529 8e-08
530 8e-08
531 0
532 7.9602e-08
533 8e-08
534 8e-08
535 8e-08
536 0
537 0
538 1.6e-07
539 8e-08
540 4e-08
541 1.6e-07
542 8e-08
543 4e-08
544 4e-08
545 2e-07
546 0
547 8e-08
548 4e-08
549 4e-08
550 1.6e-07
551 0
552 1.2e-07
553 1.2e-07
554 1.6e-07
555 4e-08
556 4e-08
557 7.9602e-08
558 1.6e-07
559 7.9602e-08
560 1.2e-07
561 0
562 4e-08
563 1.2e-07
564 3.9602e-08
565 4e-08
566 1.2e-07
567 1.2e-07
568 1.2e-07
569 1.2e-07
570 1.2e-07
571 1.2e-07
572 4e-08
573 4e-08
574 4e-08
575 0
576 4e-08
577 4e-08
578 8e-08
579 0
580 4e-08
581 8e-08
582 8e-08
583 0
584 0
585 1.2e-07
586 4e-08
587 8e-08
588 0
589 0
590 8e-08
591 1.2e-07
592 1.99602e-07
593 4e-08
594 1.2e-07
595 8e-08
596 1.2e-07
597 4e-08
598 0
599 4e-08
600 8e-08
601 4e-08
602 1.6e-07
603 4e-08
604 1.2e-07
605 8e-08
606 2.4e-07
607 4e-08
608 8e-08
609 8e-08
610 4e-08
611 1.6e-07
612 0
613 4e-08
614 4e-08
615 0
616 4e-08
617 2.4e-07
618 8e-08
619 0
620 8e-08
621 1.59602e-07
622 4e-08
623 8e-08
624 0
625 1.2e-07
626 8e-08
627 4e-08
628 4e-08
629 1.6e-07
630 1.6e-07
631 0
632 3.2e-07
633 1.2e-07
634 1.2e-07
635 8e-08
636 2e-07
637 4e-08
638 4e-08
639 4e-08
640 0
641 8e-08
642 1.6e-07
643 8e-08
644 8e-08
645 4e-08
646 8e-08
647 8e-08
648 1.2e-07
649 1.6e-07
650 4e-08
651 8e-08
652 4e-08
653 1.6e-07
654 1.2e-07
655 4e-08
656 4e-08
657 8e-08
658 0
659 7.9204e-08
660 4e-08
661 0
662 4e-08
663 0
664 4e-08
665 1.2e-07
666 1.2e-07
667 1.6e-07
668 4e-08
669 1.2e-07
670 8e-08
671 1.6e-07
672 1.59602e-07
673 1.2e-07
674 4e-08
675 8e-08
676 0
677 1.6e-07
678 8e-08
679 0
680 0
681 4e-08
682 4e-08
683 4e-08
684 8e-08
685 1.19602e-07
686 1.6e-07
687 1.2e-07
688 8e-08
689 1.6e-07
690 8e-08
691 8e-08
692 0
693 4e-08
694 1.19204e-07
695 4e-08
696 4e-08
697 4e-08
698 1.2e-07
699 0
700 8e-08
701 1.6e-07
702 4e-08
703 1.6e-07
704 4e-08
705 8e-08
706 4e-08
707 8e-08
708 1.2e-07
709 8e-08
710 8e-08
711 8e-08
712 7.9602e-08
713 1.2e-07
714 4e-08
715 4e-08
716 1.2e-07
717 0
718 4e-08
719 8e-08
720 4e-08
721 4e-08
722 4e-08
723 4e-08
724 0
725 4e-08
726 4e-08
727 8e-08
728 0
729 0
730 4e-08
731 0
732 2e-07
733 8e-08
734 1.6e-07
735 1.19602e-07
736 4e-08
737 4e-08
738 8e-08
739 0
740 0
741 0
742 0
743 4e-08
744 4e-08
745 0
746 1.2e-07
747 4e-08
748 8e-08
749 4e-08
750 7.9602e-08
751 1.6e-07
752 1.99204e-07
753 4e-08
754 0
755 1.6e-07
756 8e-08
757 4e-08
758 8e-08
759 4e-08
760 4e-08
761 0
762 0
763 8e-08
764 1.2e-07
765 1.2e-07
766 4e-08
767 1.2e-07
768 4e-08
769 8e-08
770 4e-08
771 4e-08
772 1.6e-07
773 0
774 4e-08
775 4e-08
776 8e-08
777 8e-08
778 0
779 4e-08
780 0
781 1.59602e-07
782 4e-08
783 1.2e-07
784 1.2e-07
785 4e-08
786 0
787 1.2e-07
788 8e-08
789 4e-08
790 0
791 4e-08
792 8e-08
793 4e-08
794 0
795 8e-08
796 4e-08
797 8e-08
798 1.99602e-07
799 0
800 8e-08
801 1.2e-07
802 0
803 8e-08
804 0
805 4e-08
806 1.2e-07
807 4e-08
808 1.2e-07
809 4e-08
810 0
811 8e-08
812 4e-08
813 4e-08
814 8e-08
815 0
816 8e-08
817 1.2e-07
818 0
819 4e-08
820 4e-08
821 8e-08
822 0
823 0
824 0
825 4e-08
826 4e-08
827 8e-08
828 0
829 0
830 8e-08
831 1.2e-07
832 4e-08
833 8e-08
834 4e-08
835 8e-08
836 4e-08
837 4e-08
838 4e-08
839 4e-08
840 4e-08
841 4e-08
842 4e-08
843 0
844 4e-08
845 4e-08
846 1.2e-07
847 0
848 1.2e-07
849 4e-08
850 1.2e-07
851 8e-08
852 8e-08
853 1.2e-07
854 0
855 4e-08
856 4e-08
857 8e-08
858 1.6e-07
859 2e-07
860 1.6e-07
861 0
862 0
863 1.19602e-07
864 4e-08
865 1.2e-07
866 4e-08
867 8e-08
868 8e-08
869 3.92079e-08
870 0
871 8e-08
872 8e-08
873 4e-08
874 8e-08
875 4e-08
876 4e-08
877 4e-08
878 4e-08
879 1.6e-07
880 1.2e-07
881 1.2e-07
882 8e-08
883 1.6e-07
884 0
885 0
886 0
887 8e-08
888 8e-08
889 0
890 0
891 4e-08
892 0
893 0
894 4e-08
895 0
896 4e-08
897 0
898 4e-08
899 4e-08
900 8e-08
901 4e-08
902 1.2e-07
903 4e-08
904 0
905 8e-08
906 0
907 1.2e-07
908 0
909 8e-08
910 0
911 0
912 0
913 4e-08
914 8e-08
915 1.2e-07
916 0
917 8e-08
918 0
919 8e-08
920 0
921 4e-08
922 4e-08
923 8e-08
924 0
925 1.2e-07
926 8e-08
927 0
928 1.2e-07
929 8e-08
930 0
931 4e-08
932 1.2e-07
933 1.2e-07
934 8e-08
935 8e-08
936 4e-08
937 3.9602e-08
938 1.2e-07
939 4e-08
940 1.6e-07
941 4e-08
942 4e-08
943 0
944 8e-08
945 4e-08
946 8e-08
947 0
948 0
949 1.2e-07
950 8e-08
951 4e-08
952 0
953 8e-08
954 4e-08
955 4e-08
956 8e-08
957 0
958 0
959 0
960 1.2e-07
961 3.9602e-08
962 0
963 4e-08
964 0
965 0
966 1.2e-07
967 4e-08
968 4e-08
969 4e-08
970 8e-08
971 0
972 4e-08
973 0
974 4e-08
975 4e-08
976 0
977 8e-08
978 8e-08
979 1.2e-07
980 1.2e-07
981 0
982 0
983 4e-08
984 4e-08
985 8e-08
986 1.2e-07
987 4e-08
988 1.6e-07
989 4e-08
990 8e-08
991 4e-08
992 1.2e-07
993 1.2e-07
994 1.2e-07
995 4e-08
996 0
997 0
998 4e-08
999 0
