0 0
1 0.0001272
2 7.12e-05
3 5.2e-05
4 4.68e-05
5 3.24e-05
6 2.59619e-05
7 2.84e-05
8 1.84e-05
9 1.68e-05
10 1.8e-05
11 1.88e-05
12 1.79619e-05
13 1.48e-05
14 1.32e-05
15 1.2e-05
16 1.4e-05
17 1.08e-05
18 1.08e-05
19 1e-05
20 1e-05
21 1.24e-05
22 1.08e-05
23 9.6e-06
24 9.2e-06
25 1.16e-05
26 5.56193e-06
27 8e-06
28 7.2e-06
29 6.8e-06
30 1.16e-05
31 6.4e-06
32 8.4e-06
33 6.8e-06
34 8.4e-06
35 9.6e-06
36 6.36193e-06
37 7.6e-06
38 5.2e-06
39 7.96193e-06
40 8e-06
41 8e-06
42 3.2e-06
43 5.2e-06
44 6.4e-06
45 5.16193e-06
46 6e-06
47 6.8e-06
48 4.8e-06
49 6e-06
50 4.4e-06
51 2.8e-06
52 6.4e-06
53 6.8e-06
54 4.4e-06
55 6.8e-06
56 2e-06
57 3.6e-06
58 4.8e-06
59 2.4e-06
60 5.2e-06
61 5.12387e-06
62 1.96193e-06
63 3.2e-06
64 3.2e-06
65 3.96193e-06
66 5.6e-06
67 3.16193e-06
68 2.4e-06
69 3.2e-06
70 5.96193e-06
71 2.32749e-06
72 2e-06
73 1.96193e-06
74 4.8e-06
75 3.2e-06
76 5.2e-06
77 1.96193e-06
78 4.4e-06
79 5.2e-06
80 2e-06
81 4.8e-06
82 3.2e-06
83 2.4e-06
84 6.4e-06
85 4.72749e-06
86 3.6e-06
87 3.6e-06
88 4e-06
89 3.2e-06
90 3.2e-06
91 2.4e-06
92 1.6e-06
93 3.2e-06
94 4.4e-06
95 4e-06
96 3.2e-06
97 3.6e-06
98 4e-06
99 2.4e-06
100 3.2e-06
101 3.6e-06
102 2e-06
103 3.2e-06
104 7.6e-06
105 3.2e-06
106 4e-06
107 4e-06
108 4.8e-06
109 2.4e-06
110 2e-06
111 2.8e-06
112 1.56193e-06
113 1.6e-06
114 3.2e-06
115 4e-07
116 1.6e-06
117 1.6e-06
118 2.4e-06
119 1.2e-06
120 2.8e-06
121 3.16193e-06
122 2e-06
123 3.2e-06
124 2.36193e-06
125 2e-06
126 3.6e-06
127 1.2e-06
128 4e-06
129 3.12749e-06
130 4e-06
131 2.4e-06
132 4e-06
133 3.16193e-06
134 3.2e-06
135 2e-06
136 2.8e-06
137 1.6e-06
138 1.2e-06
139 2.4e-06
140 8e-07
141 3.6e-06
142 1.96193e-06
143 1.96193e-06
144 1.2e-06
145 1.2e-06
146 2.8e-06
147 2.8e-06
148 1.6e-06
149 3.2e-06
150 2.8e-06
151 1.6e-06
152 2.8e-06
153 2e-06
154 1.6e-06
155 2e-06
156 2.8e-06
157 1.2e-06
158 1.6e-06
159 1.6e-06
160 2.4e-06
161 1.6e-06
162 2.4e-06
163 1.6e-06
164 8e-07
165 3.6e-06
166 1.6e-06
167 1.2e-06
168 2e-06
169 4.4e-06
170 2.8e-06
171 1.2e-06
172 1.2e-06
173 2e-06
174 1.2e-06
175 2e-06
176 2e-06
177 2e-06
178 1.2e-06
179 2e-06
180 4e-07
181 2e-06
182 8e-07
183 1.2e-06
184 1.2e-06
185 2.8e-06
186 1.96193e-06
187 2.76193e-06
188 3.56193e-06
189 1.6e-06
190 1.6e-06
191 2.8e-06
192 8e-07
193 1.2e-06
194 1.16193e-06
195 3.2e-06
196 1.2e-06
197 2.4e-06
198 2.4e-06
199 4e-07
200 3.16193e-06
201 4e-07
202 1.56193e-06
203 1.2e-06
204 1.6e-06
205 1.96193e-06
206 2.76193e-06
207 1.6e-06
208 1.2e-06
209 8e-07
210 7.61935e-07
211 1.2e-06
212 8e-07
213 8e-07
214 1.6e-06
215 8e-07
216 1.2e-06
217 2e-06
218 4e-07
219 1.6e-06
220 4e-07
221 1.6e-06
222 8e-07
223 2e-06
224 1.6e-06
225 1.6e-06
226 8e-07
227 8e-07
228 1.6e-06
229 1.2e-06
230 2e-06
231 8e-07
232 2e-06
233 1.6e-06
234 1.6e-06
235 1.6e-06
236 2.4e-06
237 2.8e-06
238 1.6e-06
239 1.2e-06
240 1.6e-06
241 1.6e-06
242 8e-07
243 1.2e-06
244 1.2e-06
245 1.2e-06
246 1.2e-06
247 1.2e-06
248 1.6e-06
249 1.2e-06
250 3.6e-06
251 7.61935e-07
252 8e-07
253 2.4e-06
254 1.6e-06
255 1.6e-06
256 1.96193e-06
257 1.6e-06
258 2.4e-06
259 1.6e-06
260 8e-07
261 2e-06
262 4e-07
263 2.8e-06
264 2.8e-06
265 8e-07
266 1.2e-06
267 1.2e-06
268 2e-06
269 1.6e-06
270 1.2e-06
271 8e-07
272 1.6e-06
273 4e-07
274 2.4e-06
275 2.4e-06
276 1.2e-06
277 4e-07
278 1.6e-06
279 8e-07
280 1.2e-06
281 1.2e-06
282 2.36193e-06
283 1.56193e-06
284 2e-06
285 2.4e-06
286 1.2e-06
287 1.2e-06
288 4e-07
289 1.6e-06
290 4e-07
291 4e-07
292 4e-07
293 8e-07
294 1.2e-06
295 8e-07
296 0
297 2.8e-06
298 1.2e-06
299 0
300 4e-07
301 1.6e-06
302 2e-06
303 1.6e-06
304 1.56193e-06
305 1.6e-06
306 8e-07
307 2.4e-06
308 4e-07
309 4e-07
310 1.6e-06
311 1.96193e-06
312 4e-07
313 1.2e-06
314 1.6e-06
315 1.2e-06
316 2e-06
317 8e-07
318 2e-06
319 8e-07
320 2e-06
321 4e-07
322 4e-07
323 2e-06
324 2.72749e-06
325 4e-07
326 8e-07
327 1.2e-06
328 1.16193e-06
329 8e-07
330 8e-07
331 8e-07
332 8e-07
333 2e-06
334 1.2e-06
335 4e-07
336 1.2e-06
337 8e-07
338 4e-07
339 4e-07
340 2.4e-06
341 1.2e-06
342 8e-07
343 2e-06
344 1.6e-06
345 8e-07
346 0
347 8e-07
348 1.2e-06
349 4e-07
350 8e-07
351 8e-07
352 0
353 0
354 0
355 8e-07
356 4e-07
357 8e-07
358 8e-07
359 1.2e-06
360 8e-07
361 1.16193e-06
362 8e-07
363 1.2e-06
364 2e-06
365 4e-07
366 1.6e-06
367 8e-07
368 0
369 1.6e-06
370 1.2e-06
371 4e-07
372 4e-07
373 4e-07
374 1.6e-06
375 8e-07
376 8e-07
377 0
378 1.2e-06
379 1.6e-06
380 0
381 4e-07
382 3.12387e-06
383 8e-07
384 4e-07
385 8e-07
386 1.2e-06
387 8e-07
388 1.2e-06
389 4e-07
390 1.96193e-06
391 2e-06
392 8e-07
393 1.2e-06
394 1.6e-06
395 4e-07
396 4e-07
397 4e-07
398 1.2e-06
399 1.6e-06
400 1.56193e-06
401 4e-07
402 2.8e-06
403 4e-07
404 8e-07
405 4e-07
406 8e-07
407 4e-07
408 8e-07
409 8e-07
410 1.6e-06
411 4e-07
412 8e-07
413 8e-07
414 1.56193e-06
415 1.2e-06
416 2.4e-06
417 0
418 1.6e-06
419 4e-07
420 0
421 1.2e-06
422 8e-07
423 4e-07
424 2e-06
425 1.2e-06
426 2e-06
427 1.2e-06
428 8e-07
429 1.6e-06
430 8e-07
431 4e-07
432 8e-07
433 8e-07
434 1.6e-06
435 4e-07
436 0
437 4e-07
438 1.2e-06
439 8e-07
440 8e-07
441 0
442 2e-06
443 0
444 8e-07
445 1.2e-06
446 1.6e-06
447 2e-06
448 0
449 1.2e-06
450 4e-07
451 4e-07
452 4e-07
453 1.6e-06
454 2e-06
455 8e-07
456 7.61935e-07
457 1.16193e-06
458 3.2e-06
459 1.2e-06
460 4e-07
461 4e-07
462 8e-07
463 1.2e-06
464 1.6e-06
465 8e-07
466 4e-07
467 4e-07
468 7.61935e-07
469 1.6e-06
470 8e-07
471 4e-07
472 8e-07
473 8e-07
474 8e-07
475 1.2e-06
476 8e-07
477 4e-07
478 8e-07
479 4e-07
480 4e-07
481 0
482 0
483 1.56193e-06
484 8e-07
485 1.6e-06
486 8e-07
487 8e-07
488 0
489 1.2e-06
490 8e-07
491 4e-07
492 8e-07
493 0
494 4e-07
495 4e-07
496 2e-06
497 4e-07
498 1.2e-06
499 1.2e-06
500 1.6e-06
501 8e-07
502 2e-06
503 1.2e-06
504 4e-07
505 4e-07
506 1.6e-06
507 7.61935e-07
508 8e-07
509 4e-07
510 0
511 8e-07
512 4e-07
513 4e-07
514 0
515 1.2e-06
516 0
517 4e-07
518 4e-07
519 8e-07
520 0
521 0
522 2e-06
523 4e-07
524 1.2e-06
525 4e-07
526 3.61935e-07
527 4e-07
528 8e-07
529 1.2e-06
530 0
531 1.2e-06
532 0
533 2e-06
534 1.6e-06
535 8e-07
536 4e-07
537 8e-07
538 8e-07
539 1.2e-06
540 0
541 1.2e-06
542 2e-06
543 8e-07
544 1.6e-06
545 1.2e-06
546 4e-07
547 4e-07
548 4e-07
549 0
550 4e-07
551 4e-07
552 8e-07
553 8e-07
554 0
555 8e-07
556 1.16193e-06
557 1.56193e-06
558 2e-06
559 1.6e-06
560 1.2e-06
561 8e-07
562 0
563 4e-07
564 8e-07
565 0
566 4e-07
567 3.61935e-07
568 1.6e-06
569 1.2e-06
570 1.96193e-06
571 1.6e-06
572 8e-07
573 8e-07
574 4e-07
575 4e-07
576 4e-07
577 0
578 4e-07
579 4e-07
580 4e-07
581 8e-07
582 4e-07
583 4e-07
584 0
585 4e-07
586 0
587 1.16193e-06
588 4e-07
589 1.6e-06
590 0
591 4e-07
592 0
593 1.2e-06
594 4e-07
595 1.6e-06
596 7.61935e-07
597 7.61935e-07
598 4e-07
599 8e-07
600 4e-07
601 1.2e-06
602 0
603 8e-07
604 4e-07
605 1.2e-06
606 1.2e-06
607 4e-07
608 1.2e-06
609 1.6e-06
610 4e-07
611 1.2e-06
612 1.6e-06
613 2e-06
614 1.6e-06
615 3.61935e-07
616 1.2e-06
617 8e-07
618 1.2e-06
619 4e-07
620 0
621 1.2e-06
622 4e-07
623 4e-07
624 0
625 2.8e-06
626 8e-07
627 4e-07
628 8e-07
629 4e-07
630 1.6e-06
631 1.56193e-06
632 4e-07
633 4e-07
634 4e-07
635 4e-07
636 0
637 4e-07
638 4e-07
639 8e-07
640 4e-07
641 4e-07
642 8e-07
643 8e-07
644 8e-07
645 1.6e-06
646 4e-07
647 3.61935e-07
648 1.2e-06
649 7.61935e-07
650 4e-07
651 0
652 4e-07
653 8e-07
654 8e-07
655 8e-07
656 0
657 7.61935e-07
658 4e-07
659 8e-07
660 4e-07
661 8e-07
662 2e-06
663 4e-07
664 0
665 4e-07
666 8e-07
667 0
668 0
669 4e-07
670 8e-07
671 1.56193e-06
672 1.2e-06
673 1.2e-06
674 2e-06
675 0
676 0
677 4e-07
678 0
679 8e-07
680 0
681 4e-07
682 4e-07
683 4e-07
684 1.2e-06
685 2.4e-06
686 4e-07
687 8e-07
688 1.2e-06
689 0
690 1.2e-06
691 0
692 0
693 4e-07
694 1.2e-06
695 0
696 8e-07
697 1.6e-06
698 8e-07
699 1.2e-06
700 4e-07
701 8e-07
702 0
703 1.2e-06
704 4e-07
705 0
706 4e-07
707 4e-07
708 4e-07
709 4e-07
710 8e-07
711 0
712 0
713 0
714 4e-07
715 4e-07
716 8e-07
717 8e-07
718 0
719 4e-07
720 8e-07
721 1.6e-06
722 0
723 0
724 4e-07
725 4e-07
726 1.2e-06
727 4e-07
728 1.2e-06
729 1.2e-06
730 4e-07
731 0
732 0
733 8e-07
734 0
735 0
736 8e-07
737 8e-07
738 4e-07
739 4e-07
740 4e-07
741 4e-07
742 1.2e-06
743 4e-07
744 1.2e-06
745 8e-07
746 8e-07
747 1.2e-06
748 4e-07
749 0
750 8e-07
751 4e-07
752 4e-07
753 4e-07
754 4e-07
755 4e-07
756 0
757 1.2e-06
758 4e-07
759 1.2e-06
760 1.16193e-06
761 4e-07
762 8e-07
763 8e-07
764 0
765 4e-07
766 4e-07
767 1.2e-06
768 8e-07
769 0
770 4e-07
771 4e-07
772 8e-07
773 8e-07
774 4e-07
775 1.6e-06
776 4e-07
777 4e-07
778 1.6e-06
779 0
780 1.56193e-06
781 8e-07
782 4e-07
783 7.61935e-07
784 1.2e-06
785 1.2e-06
786 1.6e-06
787 4e-07
788 8e-07
789 4e-07
790 4e-07
791 4e-07
792 1.2e-06
793 4e-07
794 8e-07
795 4e-07
796 4e-07
797 4e-07
798 1.56193e-06
799 0
800 4e-07
801 0
802 0
803 8e-07
804 8e-07
805 0
806 4e-07
807 1.2e-06
808 1.2e-06
809 8e-07
810 0
811 1.2e-06
812 4e-07
813 4e-07
814 4e-07
815 0
816 8e-07
817 8e-07
818 4e-07
819 4e-07
820 8e-07
821 1.8858e-06
822 0
823 0
824 4e-07
825 4e-07
826 4e-07
827 8e-07
828 0
829 8e-07
830 8e-07
831 1.6e-06
832 4e-07
833 1.2e-06
834 0
835 4e-07
836 1.6e-06
837 4e-07
838 8e-07
839 4e-07
840 3.61935e-07
841 4e-07
842 1.56193e-06
843 1.6e-06
844 4e-07
845 0
846 3.61935e-07
847 0
848 4e-07
849 1.2e-06
850 3.61935e-07
851 0
852 1.2e-06
853 4e-07
854 4e-07
855 0
856 0
857 0
858 0
859 4e-07
860 1.6e-06
861 0
862 0
863 4e-07
864 4e-07
865 0
866 1.2e-06
867 3.61935e-07
868 0
869 0
870 0
871 4e-07
872 8e-07
873 1.2e-06
874 8e-07
875 7.61935e-07
876 4e-07
877 4e-07
878 4e-07
879 0
880 0
881 8e-07
882 8e-07
883 0
884 0
885 4e-07
886 8e-07
887 0
888 8e-07
889 0
890 1.16193e-06
891 0
892 4e-07
893 4e-07
894 4e-07
895 8e-07
896 4e-07
897 0
898 4e-07
899 0
900 8e-07
901 8e-07
902 8e-07
903 0
904 8e-07
905 0
906 8e-07
907 8e-07
908 0
909 1.2e-06
910 4e-07
911 4e-07
912 4e-07
913 1.2e-06
914 0
915 1.2e-06
916 4e-07
917 4e-07
918 0
919 8e-07
920 1.2e-06
921 1.2e-06
922 8e-07
923 1.2e-06
924 4e-07
925 8e-07
926 7.61935e-07
927 8e-07
928 0
929 0
930 4e-07
931 0
932 8e-07
933 4e-07
934 4e-07
935 0
936 0
937 8e-07
938 1.2e-06
939 0
940 0
941 1.2e-06
942 8e-07
943 0
944 4e-07
945 0
946 8e-07
947 0
948 1.2e-06
949 8e-07
950 0
951 8e-07
952 4e-07
953 0
954 1.2e-06
955 8e-07
956 0
957 4e-07
958 0
959 4e-07
960 8e-07
961 4e-07
962 0
963 8e-07
964 8e-07
965 4e-07
966 4e-07
967 4e-07
968 4e-07
969 8e-07
970 4e-07
971 8e-07
972 4e-07
973 1.2e-06
974 8e-07
975 7.61935e-07
976 4e-07
977 0
978 4e-07
979 0
980 0
981 0
982 0
983 7.61935e-07
984 8e-07
985 8e-07
986 7.61935e-07
987 4e-07
988 8e-07
989 4e-07
990 0
991 8e-07
992 4e-07
993 0
994 8e-07
995 1.2e-06
996 4e-07
997 8e-07
998 0
999 0
