0 0
1 0.001096
2 0.00074
3 0.000481472
4 0.000408
5 0.000333472
6 0.000312
7 0.000281472
8 0.000196
9 0.000196
10 0.000185472
11 0.000196
12 0.000128
13 0.000153472
14 0.000156
15 0.000161472
16 0.000172
17 7.34715e-05
18 0.000113472
19 0.000104
20 0.000172
21 7.34715e-05
22 0.000104
23 0.0001
24 0.0001
25 7.74715e-05
26 0.000104541
27 0.000108
28 0.000104
29 9.2e-05
30 0.000117472
31 8.8e-05
32 3.6e-05
33 7.2e-05
34 6e-05
35 7.34715e-05
36 3.6e-05
37 6.4e-05
38 5.74715e-05
39 9.6e-05
40 8.8e-05
41 8.4e-05
42 4.14715e-05
43 6.54715e-05
44 5.34715e-05
45 3.2e-05
46 4e-05
47 6.8e-05
48 3.2e-05
49 5.2e-05
50 4.4e-05
51 5.6e-05
52 7.6e-05
53 3.2e-05
54 5.34715e-05
55 2.4e-05
56 4.4e-05
57 2.8e-05
58 4e-05
59 1.34715e-05
60 7.6e-05
61 4.94715e-05
62 7.2e-05
63 5.6e-05
64 5.34715e-05
65 3.74715e-05
66 5.2e-05
67 5.80129e-05
68 2.8e-05
69 4.4e-05
70 4.14715e-05
71 3.74715e-05
72 3.2e-05
73 4.8e-05
74 2e-05
75 6e-05
76 3.6e-05
77 3.2e-05
78 4.8e-05
79 2.4e-05
80 4.4e-05
81 2.4e-05
82 2e-05
83 2e-05
84 4e-05
85 2.8e-05
86 1.6e-05
87 6e-05
88 2.94715e-05
89 3.6e-05
90 1.2e-05
91 4e-05
92 4e-05
93 2.4e-05
94 2e-05
95 2e-05
96 3.6e-05
97 4e-05
98 1.2e-05
99 4e-05
100 3.2e-05
101 4e-05
102 3.6e-05
103 2.8e-05
104 4e-05
105 2e-05
106 2.4e-05
107 3.2e-05
108 3.6e-05
109 2.4e-05
110 3.2e-05
111 2.4e-05
112 2.8e-05
113 2.8e-05
114 1.6e-05
115 4.8e-05
116 2e-05
117 4e-05
118 2.8e-05
119 1.2e-05
120 2.94715e-05
121 2e-05
122 2e-05
123 3.6e-05
124 4e-05
125 2e-05
126 1.6e-05
127 3.2e-05
128 2e-05
129 1.74715e-05
130 2.4e-05
131 8e-06
132 4e-05
133 4.4e-05
134 2.8e-05
135 2e-05
136 8e-06
137 2e-05
138 4.4e-05
139 2.4e-05
140 2.14715e-05
141 3.2e-05
142 2e-05
143 8e-06
144 2.4e-05
145 1.6e-05
146 1.6e-05
147 3.6e-05
148 1.2e-05
149 1.6e-05
150 1.2e-05
151 3.2e-05
152 3.2e-05
153 1.2e-05
154 1.6e-05
155 2e-05
156 1.2e-05
157 1.2e-05
158 1.34715e-05
159 2.14715e-05
160 4e-06
161 8e-06
162 1.6e-05
163 2.14715e-05
164 1.6e-05
165 2.4e-05
166 1.2e-05
167 8e-06
168 2.94715e-05
169 3.74715e-05
170 3.2e-05
171 4e-05
172 1.6e-05
173 1.2e-05
174 2.4e-05
175 8e-06
176 2e-05
177 2.54715e-05
178 1.2e-05
179 1.6e-05
180 2e-05
181 2.8e-05
182 1.6e-05
183 1.2e-05
184 2.4e-05
185 2e-05
186 3.6e-05
187 8e-06
188 2e-05
189 1.2e-05
190 1.2e-05
191 2e-05
192 1.2e-05
193 1.2e-05
194 3.6e-05
195 2e-05
196 1.6e-05
197 2.14715e-05
198 1.6e-05
199 2e-05
200 1.2e-05
201 2e-05
202 2e-05
203 2.8e-05
204 2e-05
205 2e-05
206 2.4e-05
207 1.2e-05
208 3.2e-05
209 1.2e-05
210 9.47152e-06
211 2e-05
212 8e-06
213 4e-06
214 4e-06
215 2e-05
216 8e-06
217 1.2e-05
218 1.2e-05
219 2.4e-05
220 8e-06
221 1.2e-05
222 1.6e-05
223 1.6e-05
224 2e-05
225 8e-06
226 1.6e-05
227 2.14715e-05
228 2.4e-05
229 1.2e-05
230 1.6e-05
231 1.6e-05
232 1.6e-05
233 2e-05
234 2e-05
235 1.6e-05
236 1.2e-05
237 8e-06
238 4e-06
239 5.47152e-06
240 9.47152e-06
241 1.2e-05
242 1.2e-05
243 2.4e-05
244 1.6e-05
245 2e-05
246 1.2e-05
247 2e-05
248 2e-05
249 2.54715e-05
250 1.6e-05
251 1.6e-05
252 1.2e-05
253 8e-06
254 3.2e-05
255 4e-06
256 8e-06
257 1.2e-05
258 1.34715e-05
259 1.2e-05
260 2.4e-05
261 1.6e-05
262 1.34715e-05
263 4e-06
264 1.6e-05
265 2e-05
266 3.2e-05
267 8e-06
268 1.6e-05
269 1.6e-05
270 2e-05
271 1.6e-05
272 2e-05
273 1.2e-05
274 1.2e-05
275 1.6e-05
276 1.2e-05
277 8e-06
278 4e-06
279 2e-05
280 2e-05
281 0
282 2e-05
283 1.2e-05
284 2e-05
285 1.6e-05
286 0
287 1.2e-05
288 1.6e-05
289 1.6e-05
290 8e-06
291 1.34715e-05
292 1.2e-05
293 4e-05
294 1.6e-05
295 1.2e-05
296 2.4e-05
297 8e-06
298 8e-06
299 8e-06
300 4e-06
301 1.6e-05
302 8e-06
303 1.6e-05
304 8e-06
305 1.2e-05
306 8e-06
307 1.2e-05
308 0
309 9.47152e-06
310 5.47152e-06
311 1.2e-05
312 4e-06
313 1.2e-05
314 8e-06
315 1.2e-05
316 4e-06
317 1.2e-05
318 1.6e-05
319 8e-06
320 2e-05
321 1.6e-05
322 0
323 8e-06
324 3.6e-05
325 1.2e-05
326 8e-06
327 8e-06
328 1.6e-05
329 6.94304e-06
330 2e-05
331 2e-05
332 4e-06
333 2.4e-05
334 0
335 1.2e-05
336 2e-05
337 8e-06
338 4e-06
339 8e-06
340 1.2e-05
341 4e-06
342 8e-06
343 8e-06
344 0
345 8e-06
346 1.2e-05
347 8e-06
348 1.2e-05
349 1.6e-05
350 1.6e-05
351 4e-06
352 8e-06
353 8e-06
354 1.2e-05
355 8e-06
356 1.2e-05
357 1.6e-05
358 8e-06
359 1.6e-05
360 8e-06
361 4e-06
362 4e-06
363 1.2e-05
364 1.6e-05
365 8e-06
366 4e-06
367 1.34715e-05
368 1.2e-05
369 4e-06
370 2.4e-05
371 4e-06
372 2e-05
373 1.8943e-05
374 8e-06
375 1.2e-05
376 2.8e-05
377 8e-06
378 8e-06
379 0
380 8e-06
381 1.2e-05
382 8e-06
383 1.2e-05
384 1.2e-05
385 1.6e-05
386 1.2e-05
387 8e-06
388 8e-06
389 2e-05
390 8e-06
391 4e-06
392 1.6e-05
393 1.6e-05
394 1.47152e-06
395 4e-06
396 0
397 8e-06
398 1.2e-05
399 8e-06
400 5.47152e-06
401 8e-06
402 8e-06
403 1.2e-05
404 1.2e-05
405 8e-06
406 1.2e-05
407 4e-06
408 1.2e-05
409 8e-06
410 4e-06
411 1.6e-05
412 1.2e-05
413 2e-05
414 1.6e-05
415 8e-06
416 8e-06
417 8e-06
418 2.4e-05
419 8e-06
420 8e-06
421 1.2e-05
422 4e-06
423 8e-06
424 1.34715e-05
425 1.2e-05
426 1.2e-05
427 1.6e-05
428 8e-06
429 8e-06
430 1.2e-05
431 4e-06
432 8e-06
433 1.2e-05
434 4e-06
435 1.2e-05
436 4e-06
437 8e-06
438 8e-06
439 0
440 1.2e-05
441 1.6e-05
442 1.6e-05
443 1.6e-05
444 1.6e-05
445 8e-06
446 8e-06
447 1.2e-05
448 0
449 4e-06
450 0
451 4e-06
452 8e-06
453 1.6e-05
454 8e-06
455 5.47152e-06
456 1.6e-05
457 0
458 8e-06
459 8e-06
460 4e-06
461 8e-06
462 1.47152e-06
463 4e-06
464 1.6e-05
465 1.2e-05
466 8e-06
467 1.2e-05
468 8e-06
469 1.6e-05
470 0
471 8e-06
472 0
473 2e-05
474 8e-06
475 2.4e-05
476 1.2e-05
477 4e-06
478 0
479 8e-06
480 0
481 0
482 2e-05
483 8e-06
484 4e-06
485 1.6e-05
486 4e-06
487 2e-05
488 4e-06
489 4e-06
490 4e-06
491 1.6e-05
492 1.2e-05
493 8e-06
494 1.2e-05
495 1.6e-05
496 8e-06
497 4e-06
498 8e-06
499 1.2e-05
500 1.2e-05
501 9.47152e-06
502 8e-06
503 8e-06
504 2e-05
505 4e-06
506 5.47152e-06
507 1.2e-05
508 8e-06
509 1.47152e-06
510 4e-06
511 4e-06
512 1.2e-05
513 8e-06
514 1.2e-05
515 0
516 4e-06
517 0
518 0
519 8e-06
520 1.2e-05
521 4e-06
522 4e-06
523 4e-06
524 9.47152e-06
525 8e-06
526 1.74715e-05
527 4e-06
528 8e-06
529 8e-06
530 1.2e-05
531 8e-06
532 1.6e-05
533 4e-06
534 4e-06
535 4e-06
536 0
537 0
538 0
539 4e-06
540 1.47152e-06
541 1.2e-05
542 0
543 0
544 4e-06
545 8e-06
546 8e-06
547 8e-06
548 8e-06
549 8e-06
550 4e-06
551 8e-06
552 8e-06
553 8e-06
554 4e-06
555 0
556 8e-06
557 4e-06
558 8e-06
559 0
560 4e-06
561 4e-06
562 1.2e-05
563 1.6e-05
564 4e-06
565 8e-06
566 1.2e-05
567 0
568 1.2e-05
569 4e-06
570 4e-06
571 1.2e-05
572 1.6e-05
573 4e-06
574 1.2e-05
575 4e-06
576 5.47152e-06
577 1.2e-05
578 4e-06
579 4e-06
580 4e-06
581 0
582 0
583 0
584 8e-06
585 2e-05
586 1.2e-05
587 4e-06
588 4e-06
589 1.2e-05
590 8e-06
591 5.47152e-06
592 1.6e-05
593 1.34715e-05
594 8e-06
595 4e-06
596 1.2e-05
597 1.2e-05
598 8e-06
599 8e-06
600 5.47152e-06
601 8e-06
602 8e-06
603 1.2e-05
604 1.6e-05
605 4e-06
606 1.6e-05
607 4e-06
608 8e-06
609 0
610 5.47152e-06
611 8e-06
612 4e-06
613 0
614 8e-06
615 0
616 8e-06
617 0
618 0
619 8e-06
620 1.2e-05
621 0
622 0
623 2.4e-05
624 1.6e-05
625 8e-06
626 4e-06
627 8e-06
628 5.47152e-06
629 8e-06
630 1.2e-05
631 1.2e-05
632 4e-06
633 4e-06
634 1.2e-05
635 4e-06
636 1.6e-05
637 4e-06
638 0
639 4e-06
640 1.6e-05
641 4e-06
642 4e-06
643 0
644 4e-06
645 0
646 4e-06
647 4e-06
648 0
649 8e-06
650 8e-06
651 8e-06
652 8e-06
653 4e-06
654 0
655 4e-06
656 4e-06
657 4e-06
658 4e-06
659 4e-06
660 4e-06
661 8e-06
662 0
663 4e-06
664 0
665 1.2e-05
666 8e-06
667 0
668 4e-06
669 4e-06
670 8e-06
671 0
672 4e-06
673 0
674 0
675 8e-06
676 1.2e-05
677 4e-06
678 8e-06
679 4e-06
680 4e-06
681 1.2e-05
682 4e-06
683 1.6e-05
684 8e-06
685 1.2e-05
686 1.2e-05
687 0
688 4e-06
689 1.2e-05
690 4e-06
691 1.2e-05
692 4e-06
693 9.47152e-06
694 8e-06
695 8e-06
696 0
697 4e-06
698 4e-06
699 0
700 8e-06
701 5.47152e-06
702 0
703 8e-06
704 1.2e-05
705 1.6e-05
706 8e-06
707 1.2e-05
708 1.6e-05
709 8e-06
710 0
711 4e-06
712 8e-06
713 1.47152e-06
714 4e-06
715 0
716 0
717 8e-06
718 1.2e-05
719 8e-06
720 8e-06
721 0
722 0
723 4e-06
724 0
725 8e-06
726 8e-06
727 0
728 0
729 4e-06
730 4e-06
731 4e-06
732 4e-06
733 8e-06
734 1.2e-05
735 1.6e-05
736 4e-06
737 1.2e-05
738 4e-06
739 0
740 1.2e-05
741 0
742 8e-06
743 0
744 0
745 8e-06
746 0
747 1.2e-05
748 4e-06
749 2.4e-05
750 0
751 4e-06
752 0
753 4e-06
754 1.34715e-05
755 0
756 4e-06
757 4e-06
758 1.2e-05
759 1.2e-05
760 8e-06
761 0
762 4e-06
763 4e-06
764 4e-06
765 1.2e-05
766 0
767 1.2e-05
768 8e-06
769 4e-06
770 0
771 8e-06
772 4e-06
773 4e-06
774 8e-06
775 4e-06
776 8e-06
777 1.2e-05
778 0
779 4e-06
780 4e-06
781 0
782 0
783 1.2e-05
784 9.47152e-06
785 8e-06
786 8e-06
787 4e-06
788 0
789 4e-06
790 1.2e-05
791 0
792 0
793 4e-06
794 8e-06
795 4e-06
796 5.47152e-06
797 5.47152e-06
798 4e-06
799 0
800 1.6e-05
801 8e-06
802 1.2e-05
803 4e-06
804 8e-06
805 0
806 1.6e-05
807 1.6e-05
808 0
809 4e-06
810 0
811 1.2e-05
812 8e-06
813 4e-06
814 0
815 9.47152e-06
816 8e-06
817 0
818 8e-06
819 0
820 0
821 4e-06
822 4e-06
823 8e-06
824 1.2e-05
825 8e-06
826 1.2e-05
827 0
828 1.6e-05
829 8e-06
830 0
831 0
832 1.6e-05
833 1.2e-05
834 4e-06
835 0
836 0
837 4e-06
838 0
839 4e-06
840 4e-06
841 4e-06
842 1.47152e-06
843 4e-06
844 8e-06
845 0
846 0
847 8e-06
848 4e-06
849 8e-06
850 2e-05
851 0
852 4e-06
853 8e-06
854 8e-06
855 4e-06
856 0
857 4e-06
858 2e-05
859 4e-06
860 8e-06
861 1.2e-05
862 0
863 4e-06
864 0
865 8e-06
866 0
867 0
868 4e-06
869 0
870 0
871 4e-06
872 8e-06
873 4e-06
874 4e-06
875 4e-06
876 4e-06
877 0
878 5.47152e-06
879 8e-06
880 0
881 0
882 4e-06
883 8e-06
884 0
885 0
886 4e-06
887 1.6e-05
888 4e-06
889 4e-06
890 4e-06
891 1.2e-05
892 4e-06
893 4e-06
894 4e-06
895 4e-06
896 0
897 5.47152e-06
898 4e-06
899 0
900 4e-06
901 4e-06
902 4e-06
903 8e-06
904 1.2e-05
905 4e-06
906 8e-06
907 4e-06
908 1.2e-05
909 4e-06
910 8e-06
911 8e-06
912 0
913 0
914 8e-06
915 1.47152e-06
916 0
917 8e-06
918 8e-06
919 4e-06
920 4e-06
921 4e-06
922 4e-06
923 4e-06
924 0
925 4e-06
926 8e-06
927 8e-06
928 0
929 8e-06
930 0
931 8e-06
932 4e-06
933 4e-06
934 1.2e-05
935 0
936 4e-06
937 8e-06
938 0
939 4e-06
940 0
941 0
942 4e-06
943 4e-06
944 4e-06
945 1.2e-05
946 4e-06
947 0
948 8e-06
949 0
950 0
951 0
952 0
953 1.2e-05
954 4e-06
955 8e-06
956 8e-06
957 0
958 0
959 4e-06
960 4e-06
961 4e-06
962 8e-06
963 8e-06
964 0
965 4e-06
966 8e-06
967 0
968 4e-06
969 4e-06
970 4e-06
971 0
972 1.2e-05
973 8e-06
974 8e-06
975 4e-06
976 8e-06
977 0
978 4e-06
979 8e-06
980 8e-06
981 0
982 4e-06
983 4e-06
984 4e-06
985 4e-06
986 1.25413e-05
987 4e-06
988 0
989 4e-06
990 4e-06
991 1.2e-05
992 2e-05
993 0
994 0
995 4e-06
996 8e-06
997 0
998 1.2e-05
999 0
