0 0
1 0.001272
2 0.000712
3 0.00052
4 0.000468
5 0.000324
6 0.000257472
7 0.000284
8 0.000184
9 0.000168
10 0.00018
11 0.000188
12 0.000177472
13 0.000148
14 0.000132
15 0.00012
16 0.00014
17 0.000108
18 0.000108
19 0.0001
20 0.0001
21 0.000124
22 0.000108
23 9.6e-05
24 9.2e-05
25 0.000116
26 5.34715e-05
27 8e-05
28 7.2e-05
29 6.8e-05
30 0.000116
31 6.4e-05
32 8.4e-05
33 6.8e-05
34 8.4e-05
35 9.6e-05
36 6.14715e-05
37 7.6e-05
38 5.2e-05
39 7.74715e-05
40 8e-05
41 8e-05
42 3.2e-05
43 5.2e-05
44 6.4e-05
45 4.94715e-05
46 6e-05
47 6.8e-05
48 4.8e-05
49 6e-05
50 4.4e-05
51 2.8e-05
52 6.4e-05
53 6.8e-05
54 4.4e-05
55 6.8e-05
56 2e-05
57 3.6e-05
58 4.8e-05
59 2.4e-05
60 5.2e-05
61 4.6943e-05
62 1.74715e-05
63 3.2e-05
64 3.2e-05
65 3.74715e-05
66 5.6e-05
67 2.94715e-05
68 2.4e-05
69 3.2e-05
70 5.74715e-05
71 2.05413e-05
72 2e-05
73 1.74715e-05
74 4.8e-05
75 3.2e-05
76 5.2e-05
77 1.74715e-05
78 4.4e-05
79 5.2e-05
80 2e-05
81 4.8e-05
82 3.2e-05
83 2.4e-05
84 6.4e-05
85 4.45413e-05
86 3.6e-05
87 3.6e-05
88 4e-05
89 3.2e-05
90 3.2e-05
91 2.4e-05
92 1.6e-05
93 3.2e-05
94 4.4e-05
95 4e-05
96 3.2e-05
97 3.6e-05
98 4e-05
99 2.4e-05
100 3.2e-05
101 3.6e-05
102 2e-05
103 3.2e-05
104 7.6e-05
105 3.2e-05
106 4e-05
107 4e-05
108 4.8e-05
109 2.4e-05
110 2e-05
111 2.8e-05
112 1.34715e-05
113 1.6e-05
114 3.2e-05
115 4e-06
116 1.6e-05
117 1.6e-05
118 2.4e-05
119 1.2e-05
120 2.8e-05
121 2.94715e-05
122 2e-05
123 3.2e-05
124 2.14715e-05
125 2e-05
126 3.6e-05
127 1.2e-05
128 4e-05
129 2.85413e-05
130 4e-05
131 2.4e-05
132 4e-05
133 2.94715e-05
134 3.2e-05
135 2e-05
136 2.8e-05
137 1.6e-05
138 1.2e-05
139 2.4e-05
140 8e-06
141 3.6e-05
142 1.74715e-05
143 1.74715e-05
144 1.2e-05
145 1.2e-05
146 2.8e-05
147 2.8e-05
148 1.6e-05
149 3.2e-05
150 2.8e-05
151 1.6e-05
152 2.8e-05
153 2e-05
154 1.6e-05
155 2e-05
156 2.8e-05
157 1.2e-05
158 1.6e-05
159 1.6e-05
160 2.4e-05
161 1.6e-05
162 2.4e-05
163 1.6e-05
164 8e-06
165 3.6e-05
166 1.6e-05
167 1.2e-05
168 2e-05
169 4.4e-05
170 2.8e-05
171 1.2e-05
172 1.2e-05
173 2e-05
174 1.2e-05
175 2e-05
176 2e-05
177 2e-05
178 1.2e-05
179 2e-05
180 4e-06
181 2e-05
182 8e-06
183 1.2e-05
184 1.2e-05
185 2.8e-05
186 1.74715e-05
187 2.54715e-05
188 3.34715e-05
189 1.6e-05
190 1.6e-05
191 2.8e-05
192 8e-06
193 1.2e-05
194 9.47152e-06
195 3.2e-05
196 1.2e-05
197 2.4e-05
198 2.4e-05
199 4e-06
200 2.94715e-05
201 4e-06
202 1.34715e-05
203 1.2e-05
204 1.6e-05
205 1.74715e-05
206 2.54715e-05
207 1.6e-05
208 1.2e-05
209 8e-06
210 5.47152e-06
211 1.2e-05
212 8e-06
213 8e-06
214 1.6e-05
215 8e-06
216 1.2e-05
217 2e-05
218 4e-06
219 1.6e-05
220 4e-06
221 1.6e-05
222 8e-06
223 2e-05
224 1.6e-05
225 1.6e-05
226 8e-06
227 8e-06
228 1.6e-05
229 1.2e-05
230 2e-05
231 8e-06
232 2e-05
233 1.6e-05
234 1.6e-05
235 1.6e-05
236 2.4e-05
237 2.8e-05
238 1.6e-05
239 1.2e-05
240 1.6e-05
241 1.6e-05
242 8e-06
243 1.2e-05
244 1.2e-05
245 1.2e-05
246 1.2e-05
247 1.2e-05
248 1.6e-05
249 1.2e-05
250 3.6e-05
251 5.47152e-06
252 8e-06
253 2.4e-05
254 1.6e-05
255 1.6e-05
256 1.74715e-05
257 1.6e-05
258 2.4e-05
259 1.6e-05
260 8e-06
261 2e-05
262 4e-06
263 2.8e-05
264 2.8e-05
265 8e-06
266 1.2e-05
267 1.2e-05
268 2e-05
269 1.6e-05
270 1.2e-05
271 8e-06
272 1.6e-05
273 4e-06
274 2.4e-05
275 2.4e-05
276 1.2e-05
277 4e-06
278 1.6e-05
279 8e-06
280 1.2e-05
281 1.2e-05
282 2.14715e-05
283 1.34715e-05
284 2e-05
285 2.4e-05
286 1.2e-05
287 1.2e-05
288 4e-06
289 1.6e-05
290 4e-06
291 4e-06
292 4e-06
293 8e-06
294 1.2e-05
295 8e-06
296 0
297 2.8e-05
298 1.2e-05
299 0
300 4e-06
301 1.6e-05
302 2e-05
303 1.6e-05
304 1.34715e-05
305 1.6e-05
306 8e-06
307 2.4e-05
308 4e-06
309 4e-06
310 1.6e-05
311 1.74715e-05
312 4e-06
313 1.2e-05
314 1.6e-05
315 1.2e-05
316 2e-05
317 8e-06
318 2e-05
319 8e-06
320 2e-05
321 4e-06
322 4e-06
323 2e-05
324 2.45413e-05
325 4e-06
326 8e-06
327 1.2e-05
328 9.47152e-06
329 8e-06
330 8e-06
331 8e-06
332 8e-06
333 2e-05
334 1.2e-05
335 4e-06
336 1.2e-05
337 8e-06
338 4e-06
339 4e-06
340 2.4e-05
341 1.2e-05
342 8e-06
343 2e-05
344 1.6e-05
345 8e-06
346 0
347 8e-06
348 1.2e-05
349 4e-06
350 8e-06
351 8e-06
352 0
353 0
354 0
355 8e-06
356 4e-06
357 8e-06
358 8e-06
359 1.2e-05
360 8e-06
361 9.47152e-06
362 8e-06
363 1.2e-05
364 2e-05
365 4e-06
366 1.6e-05
367 8e-06
368 0
369 1.6e-05
370 1.2e-05
371 4e-06
372 4e-06
373 4e-06
374 1.6e-05
375 8e-06
376 8e-06
377 0
378 1.2e-05
379 1.6e-05
380 0
381 4e-06
382 2.6943e-05
383 8e-06
384 4e-06
385 8e-06
386 1.2e-05
387 8e-06
388 1.2e-05
389 4e-06
390 1.74715e-05
391 2e-05
392 8e-06
393 1.2e-05
394 1.6e-05
395 4e-06
396 4e-06
397 4e-06
398 1.2e-05
399 1.6e-05
400 1.34715e-05
401 4e-06
402 2.8e-05
403 4e-06
404 8e-06
405 4e-06
406 8e-06
407 4e-06
408 8e-06
409 8e-06
410 1.6e-05
411 4e-06
412 8e-06
413 8e-06
414 1.34715e-05
415 1.2e-05
416 2.4e-05
417 0
418 1.6e-05
419 4e-06
420 0
421 1.2e-05
422 8e-06
423 4e-06
424 2e-05
425 1.2e-05
426 2e-05
427 1.2e-05
428 8e-06
429 1.6e-05
430 8e-06
431 4e-06
432 8e-06
433 8e-06
434 1.6e-05
435 4e-06
436 0
437 4e-06
438 1.2e-05
439 8e-06
440 8e-06
441 0
442 2e-05
443 0
444 8e-06
445 1.2e-05
446 1.6e-05
447 2e-05
448 0
449 1.2e-05
450 4e-06
451 4e-06
452 4e-06
453 1.6e-05
454 2e-05
455 8e-06
456 5.47152e-06
457 9.47152e-06
458 3.2e-05
459 1.2e-05
460 4e-06
461 4e-06
462 8e-06
463 1.2e-05
464 1.6e-05
465 8e-06
466 4e-06
467 4e-06
468 5.47152e-06
469 1.6e-05
470 8e-06
471 4e-06
472 8e-06
473 8e-06
474 8e-06
475 1.2e-05
476 8e-06
477 4e-06
478 8e-06
479 4e-06
480 4e-06
481 0
482 0
483 1.34715e-05
484 8e-06
485 1.6e-05
486 8e-06
487 8e-06
488 0
489 1.2e-05
490 8e-06
491 4e-06
492 8e-06
493 0
494 4e-06
495 4e-06
496 2e-05
497 4e-06
498 1.2e-05
499 1.2e-05
500 1.6e-05
501 8e-06
502 2e-05
503 1.2e-05
504 4e-06
505 4e-06
506 1.6e-05
507 5.47152e-06
508 8e-06
509 4e-06
510 0
511 8e-06
512 4e-06
513 4e-06
514 0
515 1.2e-05
516 0
517 4e-06
518 4e-06
519 8e-06
520 0
521 0
522 2e-05
523 4e-06
524 1.2e-05
525 4e-06
526 1.47152e-06
527 4e-06
528 8e-06
529 1.2e-05
530 0
531 1.2e-05
532 0
533 2e-05
534 1.6e-05
535 8e-06
536 4e-06
537 8e-06
538 8e-06
539 1.2e-05
540 0
541 1.2e-05
542 2e-05
543 8e-06
544 1.6e-05
545 1.2e-05
546 4e-06
547 4e-06
548 4e-06
549 0
550 4e-06
551 4e-06
552 8e-06
553 8e-06
554 0
555 8e-06
556 9.47152e-06
557 1.34715e-05
558 2e-05
559 1.6e-05
560 1.2e-05
561 8e-06
562 0
563 4e-06
564 8e-06
565 0
566 4e-06
567 1.47152e-06
568 1.6e-05
569 1.2e-05
570 1.74715e-05
571 1.6e-05
572 8e-06
573 8e-06
574 4e-06
575 4e-06
576 4e-06
577 0
578 4e-06
579 4e-06
580 4e-06
581 8e-06
582 4e-06
583 4e-06
584 0
585 4e-06
586 0
587 9.47152e-06
588 4e-06
589 1.6e-05
590 0
591 4e-06
592 0
593 1.2e-05
594 4e-06
595 1.6e-05
596 5.47152e-06
597 5.47152e-06
598 4e-06
599 8e-06
600 4e-06
601 1.2e-05
602 0
603 8e-06
604 4e-06
605 1.2e-05
606 1.2e-05
607 4e-06
608 1.2e-05
609 1.6e-05
610 4e-06
611 1.2e-05
612 1.6e-05
613 2e-05
614 1.6e-05
615 1.47152e-06
616 1.2e-05
617 8e-06
618 1.2e-05
619 4e-06
620 0
621 1.2e-05
622 4e-06
623 4e-06
624 0
625 2.8e-05
626 8e-06
627 4e-06
628 8e-06
629 4e-06
630 1.6e-05
631 1.34715e-05
632 4e-06
633 4e-06
634 4e-06
635 4e-06
636 0
637 4e-06
638 4e-06
639 8e-06
640 4e-06
641 4e-06
642 8e-06
643 8e-06
644 8e-06
645 1.6e-05
646 4e-06
647 1.47152e-06
648 1.2e-05
649 5.47152e-06
650 4e-06
651 0
652 4e-06
653 8e-06
654 8e-06
655 8e-06
656 0
657 5.47152e-06
658 4e-06
659 8e-06
660 4e-06
661 8e-06
662 2e-05
663 4e-06
664 0
665 4e-06
666 8e-06
667 0
668 0
669 4e-06
670 8e-06
671 1.34715e-05
672 1.2e-05
673 1.2e-05
674 2e-05
675 0
676 0
677 4e-06
678 0
679 8e-06
680 0
681 4e-06
682 4e-06
683 4e-06
684 1.2e-05
685 2.4e-05
686 4e-06
687 8e-06
688 1.2e-05
689 0
690 1.2e-05
691 0
692 0
693 4e-06
694 1.2e-05
695 0
696 8e-06
697 1.6e-05
698 8e-06
699 1.2e-05
700 4e-06
701 8e-06
702 0
703 1.2e-05
704 4e-06
705 0
706 4e-06
707 4e-06
708 4e-06
709 4e-06
710 8e-06
711 0
712 0
713 0
714 4e-06
715 4e-06
716 8e-06
717 8e-06
718 0
719 4e-06
720 8e-06
721 1.6e-05
722 0
723 0
724 4e-06
725 4e-06
726 1.2e-05
727 4e-06
728 1.2e-05
729 1.2e-05
730 4e-06
731 0
732 0
733 8e-06
734 0
735 0
736 8e-06
737 8e-06
738 4e-06
739 4e-06
740 4e-06
741 4e-06
742 1.2e-05
743 4e-06
744 1.2e-05
745 8e-06
746 8e-06
747 1.2e-05
748 4e-06
749 0
750 8e-06
751 4e-06
752 4e-06
753 4e-06
754 4e-06
755 4e-06
756 0
757 1.2e-05
758 4e-06
759 1.2e-05
760 9.47152e-06
761 4e-06
762 8e-06
763 8e-06
764 0
765 4e-06
766 4e-06
767 1.2e-05
768 8e-06
769 0
770 4e-06
771 4e-06
772 8e-06
773 8e-06
774 4e-06
775 1.6e-05
776 4e-06
777 4e-06
778 1.6e-05
779 0
780 1.34715e-05
781 8e-06
782 4e-06
783 5.47152e-06
784 1.2e-05
785 1.2e-05
786 1.6e-05
787 4e-06
788 8e-06
789 4e-06
790 4e-06
791 4e-06
792 1.2e-05
793 4e-06
794 8e-06
795 4e-06
796 4e-06
797 4e-06
798 1.34715e-05
799 0
800 4e-06
801 0
802 0
803 8e-06
804 8e-06
805 0
806 4e-06
807 1.2e-05
808 1.2e-05
809 8e-06
810 0
811 1.2e-05
812 4e-06
813 4e-06
814 4e-06
815 0
816 8e-06
817 8e-06
818 4e-06
819 4e-06
820 8e-06
821 1.24146e-05
822 0
823 0
824 4e-06
825 4e-06
826 4e-06
827 8e-06
828 0
829 8e-06
830 8e-06
831 1.6e-05
832 4e-06
833 1.2e-05
834 0
835 4e-06
836 1.6e-05
837 4e-06
838 8e-06
839 4e-06
840 1.47152e-06
841 4e-06
842 1.34715e-05
843 1.6e-05
844 4e-06
845 0
846 1.47152e-06
847 0
848 4e-06
849 1.2e-05
850 1.47152e-06
851 0
852 1.2e-05
853 4e-06
854 4e-06
855 0
856 0
857 0
858 0
859 4e-06
860 1.6e-05
861 0
862 0
863 4e-06
864 4e-06
865 0
866 1.2e-05
867 1.47152e-06
868 0
869 0
870 0
871 4e-06
872 8e-06
873 1.2e-05
874 8e-06
875 5.47152e-06
876 4e-06
877 4e-06
878 4e-06
879 0
880 0
881 8e-06
882 8e-06
883 0
884 0
885 4e-06
886 8e-06
887 0
888 8e-06
889 0
890 9.47152e-06
891 0
892 4e-06
893 4e-06
894 4e-06
895 8e-06
896 4e-06
897 0
898 4e-06
899 0
900 8e-06
901 8e-06
902 8e-06
903 0
904 8e-06
905 0
906 8e-06
907 8e-06
908 0
909 1.2e-05
910 4e-06
911 4e-06
912 4e-06
913 1.2e-05
914 0
915 1.2e-05
916 4e-06
917 4e-06
918 0
919 8e-06
920 1.2e-05
921 1.2e-05
922 8e-06
923 1.2e-05
924 4e-06
925 8e-06
926 5.47152e-06
927 8e-06
928 0
929 0
930 4e-06
931 0
932 8e-06
933 4e-06
934 4e-06
935 0
936 0
937 8e-06
938 1.2e-05
939 0
940 0
941 1.2e-05
942 8e-06
943 0
944 4e-06
945 0
946 8e-06
947 0
948 1.2e-05
949 8e-06
950 0
951 8e-06
952 4e-06
953 0
954 1.2e-05
955 8e-06
956 0
957 4e-06
958 0
959 4e-06
960 8e-06
961 4e-06
962 0
963 8e-06
964 8e-06
965 4e-06
966 4e-06
967 4e-06
968 4e-06
969 8e-06
970 4e-06
971 8e-06
972 4e-06
973 1.2e-05
974 8e-06
975 5.47152e-06
976 4e-06
977 0
978 4e-06
979 0
980 0
981 0
982 0
983 5.47152e-06
984 8e-06
985 8e-06
986 5.47152e-06
987 4e-06
988 8e-06
989 4e-06
990 0
991 8e-06
992 4e-06
993 0
994 8e-06
995 1.2e-05
996 4e-06
997 8e-06
998 0
999 0
