0 0
1 3.56e-05
2 4.27619e-05
3 4.15619e-05
4 2.92e-05
5 3.24e-05
6 2.8e-05
7 2.52e-05
8 2.52e-05
9 2.08e-05
10 2.12e-05
11 1.76e-05
12 1.43619e-05
13 1.43619e-05
14 1.27619e-05
15 1.04e-05
16 1.36e-05
17 1.12e-05
18 1.11619e-05
19 9.6e-06
20 1.04e-05
21 9.6e-06
22 8.76193e-06
23 6.76193e-06
24 8.8e-06
25 6.4e-06
26 9.6e-06
27 8.4e-06
28 9.6e-06
29 1e-05
30 7.2e-06
31 6.4e-06
32 7.2e-06
33 7.2e-06
34 8.8e-06
35 4.8e-06
36 5.6e-06
37 5.6e-06
38 5.2e-06
39 5.6e-06
40 1.2e-06
41 6.76193e-06
42 4.4e-06
43 5.2e-06
44 4.8e-06
45 5.6e-06
46 5.6e-06
47 4.8e-06
48 4.8e-06
49 6e-06
50 7.2e-06
51 4.76193e-06
52 5.96193e-06
53 2.4e-06
54 4.8e-06
55 3.2e-06
56 5.6e-06
57 4.4e-06
58 6e-06
59 5.16193e-06
60 6e-06
61 2.8e-06
62 4.8e-06
63 1.6e-06
64 4.8e-06
65 4e-06
66 3.6e-06
67 3.6e-06
68 3.6e-06
69 8.4e-06
70 5.2e-06
71 2e-06
72 4.8e-06
73 3.6e-06
74 5.2e-06
75 4e-06
76 5.2e-06
77 3.6e-06
78 2.8e-06
79 4e-06
80 3.6e-06
81 2.4e-06
82 2e-06
83 4e-06
84 5.2e-06
85 1.2e-06
86 4e-06
87 5.2e-06
88 3.6e-06
89 2.8e-06
90 2e-06
91 1.6e-06
92 2.8e-06
93 1.2e-06
94 2.8e-06
95 1.6e-06
96 1.2e-06
97 4e-06
98 1.6e-06
99 3.2e-06
100 1.6e-06
101 3.6e-06
102 4.8e-06
103 4e-06
104 2.4e-06
105 1.2e-06
106 2e-06
107 1.2e-06
108 3.2e-06
109 2.4e-06
110 2e-06
111 2.8e-06
112 5.56193e-06
113 2.4e-06
114 2.4e-06
115 2.8e-06
116 1.6e-06
117 8e-07
118 4e-06
119 3.2e-06
120 2.4e-06
121 1.96193e-06
122 2.8e-06
123 2.4e-06
124 2e-06
125 2e-06
126 1.6e-06
127 1.6e-06
128 2.4e-06
129 4.8e-06
130 2.8e-06
131 1.6e-06
132 2e-06
133 1.2e-06
134 3.2e-06
135 1.2e-06
136 2.8e-06
137 2.36193e-06
138 1.6e-06
139 2e-06
140 2.8e-06
141 2e-06
142 2.8e-06
143 3.16193e-06
144 2.4e-06
145 3.16193e-06
146 1.2e-06
147 2.8e-06
148 1.6e-06
149 1.6e-06
150 1.6e-06
151 1.2e-06
152 8e-07
153 4e-07
154 2e-06
155 2e-06
156 1.6e-06
157 1.2e-06
158 2.8e-06
159 2.8e-06
160 1.2e-06
161 2.4e-06
162 2e-06
163 2.8e-06
164 8e-07
165 1.6e-06
166 1.2e-06
167 1.56193e-06
168 1.2e-06
169 0
170 2.4e-06
171 2.4e-06
172 1.96193e-06
173 1.2e-06
174 3.6e-06
175 8e-07
176 1.2e-06
177 3.2e-06
178 2e-06
179 8e-07
180 2e-06
181 2e-06
182 2e-06
183 2.4e-06
184 3.2e-06
185 8e-07
186 2e-06
187 4e-07
188 1.6e-06
189 1.2e-06
190 2e-06
191 2e-06
192 8e-07
193 1.6e-06
194 1.2e-06
195 3.6e-06
196 1.6e-06
197 1.2e-06
198 8e-07
199 1.6e-06
200 1.2e-06
201 1.6e-06
202 1.2e-06
203 2e-06
204 1.6e-06
205 2e-06
206 2e-06
207 2.36193e-06
208 4e-07
209 1.96193e-06
210 3.2e-06
211 1.6e-06
212 8e-07
213 2e-06
214 1.6e-06
215 1.6e-06
216 1.6e-06
217 1.2e-06
218 8e-07
219 1.6e-06
220 8e-07
221 8e-07
222 3.2e-06
223 2.4e-06
224 1.6e-06
225 1.6e-06
226 1.2e-06
227 8e-07
228 1.2e-06
229 8e-07
230 8e-07
231 2.8e-06
232 1.2e-06
233 2e-06
234 1.6e-06
235 1.2e-06
236 1.2e-06
237 4e-07
238 4e-07
239 2e-06
240 2.8e-06
241 2.8e-06
242 2e-06
243 2e-06
244 2e-06
245 8e-07
246 8e-07
247 4e-07
248 1.2e-06
249 1.96193e-06
250 2.4e-06
251 8e-07
252 1.6e-06
253 4e-07
254 8e-07
255 8e-07
256 1.16193e-06
257 4e-07
258 4e-07
259 2.4e-06
260 8e-07
261 1.2e-06
262 2e-06
263 8e-07
264 1.6e-06
265 1.6e-06
266 1.2e-06
267 1.6e-06
268 8e-07
269 8e-07
270 2e-06
271 1.6e-06
272 1.96193e-06
273 0
274 1.6e-06
275 8e-07
276 8e-07
277 1.2e-06
278 1.6e-06
279 4e-07
280 8e-07
281 1.6e-06
282 1.2e-06
283 4e-07
284 4e-07
285 8e-07
286 4e-07
287 8e-07
288 1.6e-06
289 2e-06
290 1.2e-06
291 1.6e-06
292 1.96193e-06
293 4e-07
294 3.16193e-06
295 2.4e-06
296 1.2e-06
297 2.76193e-06
298 1.2e-06
299 2.4e-06
300 4e-07
301 1.6e-06
302 8e-07
303 1.6e-06
304 1.6e-06
305 4e-07
306 8e-07
307 1.6e-06
308 1.2e-06
309 7.61935e-07
310 4e-07
311 1.2e-06
312 1.6e-06
313 1.2e-06
314 4e-07
315 8e-07
316 1.6e-06
317 2.4e-06
318 8e-07
319 1.2e-06
320 4e-07
321 1.2e-06
322 8e-07
323 8e-07
324 4e-07
325 8e-07
326 1.2e-06
327 1.2e-06
328 1.2e-06
329 1.2e-06
330 8e-07
331 7.61935e-07
332 8e-07
333 8e-07
334 1.6e-06
335 1.6e-06
336 1.2e-06
337 8e-07
338 2.4e-06
339 8e-07
340 1.16193e-06
341 1.6e-06
342 1.2e-06
343 4e-07
344 0
345 0
346 1.2e-06
347 1.2e-06
348 2e-06
349 4e-07
350 4e-07
351 8e-07
352 4e-07
353 1.2e-06
354 2e-06
355 8e-07
356 4e-07
357 8e-07
358 4e-07
359 1.2e-06
360 1.2e-06
361 4e-07
362 2.4e-06
363 1.2e-06
364 7.61935e-07
365 1.16193e-06
366 2.4e-06
367 1.2e-06
368 4e-07
369 4e-07
370 4e-07
371 0
372 8e-07
373 0
374 8e-07
375 0
376 2e-06
377 1.6e-06
378 0
379 1.2e-06
380 1.6e-06
381 8e-07
382 2.8e-06
383 1.96193e-06
384 2.4e-06
385 4e-07
386 2e-06
387 0
388 1.2e-06
389 4e-07
390 1.6e-06
391 1.6e-06
392 1.2e-06
393 1.2e-06
394 8e-07
395 0
396 4e-07
397 1.2e-06
398 8e-07
399 4e-07
400 4e-07
401 4e-07
402 4e-07
403 1.2e-06
404 3.61935e-07
405 1.2e-06
406 8e-07
407 4e-07
408 1.2e-06
409 8e-07
410 8e-07
411 0
412 1.2e-06
413 1.2e-06
414 0
415 8e-07
416 8e-07
417 1.6e-06
418 4e-07
419 4e-07
420 1.2e-06
421 8e-07
422 2.8e-06
423 8e-07
424 0
425 8e-07
426 8e-07
427 4e-07
428 4e-07
429 4e-07
430 1.6e-06
431 1.2e-06
432 1.2e-06
433 8e-07
434 8e-07
435 1.2e-06
436 4e-07
437 8e-07
438 1.2e-06
439 1.6e-06
440 4e-07
441 1.56193e-06
442 1.2e-06
443 0
444 8e-07
445 0
446 1.2e-06
447 0
448 1.2e-06
449 1.2e-06
450 8e-07
451 1.2e-06
452 2e-06
453 8e-07
454 1.2e-06
455 0
456 2.36193e-06
457 2e-06
458 8e-07
459 0
460 2.4e-06
461 4e-07
462 1.2e-06
463 1.6e-06
464 8e-07
465 4e-07
466 1.2e-06
467 4e-07
468 1.2e-06
469 8e-07
470 4e-07
471 1.6e-06
472 1.6e-06
473 8e-07
474 8e-07
475 1.2e-06
476 1.6e-06
477 1.6e-06
478 8e-07
479 0
480 0
481 4e-07
482 1.2e-06
483 2.4e-06
484 8e-07
485 1.6e-06
486 4e-07
487 1.16193e-06
488 4e-07
489 4e-07
490 1.2e-06
491 8e-07
492 1.6e-06
493 1.6e-06
494 1.6e-06
495 1.2e-06
496 4e-07
497 0
498 1.2e-06
499 1.2e-06
500 4e-07
501 4e-07
502 1.6e-06
503 0
504 4e-07
505 8e-07
506 1.16193e-06
507 4e-07
508 2e-06
509 8e-07
510 1.96193e-06
511 7.61935e-07
512 4e-07
513 0
514 0
515 1.6e-06
516 4e-07
517 8e-07
518 1.6e-06
519 0
520 4e-07
521 8e-07
522 8e-07
523 1.2e-06
524 0
525 8e-07
526 4e-07
527 8e-07
528 8e-07
529 1.2e-06
530 8e-07
531 1.2e-06
532 1.6e-06
533 4e-07
534 8e-07
535 8e-07
536 1.16193e-06
537 1.2e-06
538 7.61935e-07
539 4e-07
540 1.2e-06
541 1.56193e-06
542 8e-07
543 4e-07
544 1.2e-06
545 4e-07
546 8e-07
547 1.6e-06
548 4e-07
549 8e-07
550 8e-07
551 1.2e-06
552 1.6e-06
553 4e-07
554 1.6e-06
555 1.6e-06
556 4e-07
557 1.2e-06
558 1.2e-06
559 1.2e-06
560 1.2e-06
561 8e-07
562 8e-07
563 4e-07
564 4e-07
565 8e-07
566 1.2e-06
567 7.61935e-07
568 1.6e-06
569 1.2e-06
570 2e-06
571 0
572 4e-07
573 4e-07
574 1.2e-06
575 2e-06
576 8e-07
577 4e-07
578 4e-07
579 1.2e-06
580 4e-07
581 1.16193e-06
582 0
583 1.6e-06
584 8e-07
585 0
586 0
587 8e-07
588 4e-07
589 1.2e-06
590 4e-07
591 7.61935e-07
592 4e-07
593 0
594 7.61935e-07
595 0
596 4e-07
597 1.2e-06
598 1.96193e-06
599 4e-07
600 1.2e-06
601 8e-07
602 0
603 1.2e-06
604 1.2e-06
605 8e-07
606 1.6e-06
607 8e-07
608 4e-07
609 4e-07
610 4e-07
611 8e-07
612 1.6e-06
613 8e-07
614 4e-07
615 8e-07
616 8e-07
617 8e-07
618 0
619 0
620 1.2e-06
621 8e-07
622 8e-07
623 1.2e-06
624 1.6e-06
625 0
626 4e-07
627 4e-07
628 8e-07
629 8e-07
630 8e-07
631 1.2e-06
632 4e-07
633 0
634 8e-07
635 1.6e-06
636 0
637 1.6e-06
638 8e-07
639 1.96193e-06
640 8e-07
641 1.2e-06
642 4e-07
643 8e-07
644 8e-07
645 0
646 8e-07
647 4e-07
648 4e-07
649 0
650 4e-07
651 1.2e-06
652 8e-07
653 4e-07
654 8e-07
655 0
656 1.2e-06
657 0
658 4e-07
659 8e-07
660 8e-07
661 4e-07
662 4e-07
663 2.4e-06
664 1.6e-06
665 4e-07
666 4e-07
667 1.2e-06
668 0
669 8e-07
670 8e-07
671 4e-07
672 4e-07
673 0
674 0
675 4e-07
676 4e-07
677 1.2e-06
678 8e-07
679 4e-07
680 0
681 0
682 4e-07
683 4e-07
684 0
685 0
686 4e-07
687 4e-07
688 8e-07
689 4e-07
690 0
691 8e-07
692 8e-07
693 1.2e-06
694 0
695 4e-07
696 1.2e-06
697 4e-07
698 1.2e-06
699 4e-07
700 8e-07
701 8e-07
702 4e-07
703 8e-07
704 0
705 4e-07
706 8e-07
707 8e-07
708 0
709 4e-07
710 8e-07
711 1.2e-06
712 4e-07
713 4e-07
714 1.2e-06
715 8e-07
716 1.2e-06
717 1.2e-06
718 1.2e-06
719 1.2e-06
720 4e-07
721 4e-07
722 0
723 1.6e-06
724 4e-07
725 1.6e-06
726 1.2e-06
727 4e-07
728 1.2e-06
729 4e-07
730 8e-07
731 8e-07
732 4e-07
733 8e-07
734 7.61935e-07
735 4e-07
736 1.6e-06
737 0
738 0
739 0
740 0
741 4e-07
742 4e-07
743 4e-07
744 0
745 0
746 8e-07
747 8e-07
748 0
749 8e-07
750 4e-07
751 4e-07
752 4e-07
753 0
754 4e-07
755 8e-07
756 1.16193e-06
757 4e-07
758 4e-07
759 1.2e-06
760 0
761 0
762 4e-07
763 8e-07
764 0
765 8e-07
766 1.96193e-06
767 4e-07
768 8e-07
769 8e-07
770 8e-07
771 0
772 4e-07
773 0
774 4e-07
775 8e-07
776 0
777 4e-07
778 1.16193e-06
779 4e-07
780 0
781 8e-07
782 0
783 0
784 4e-07
785 0
786 8e-07
787 0
788 1.2e-06
789 0
790 8e-07
791 4e-07
792 3.61935e-07
793 1.2e-06
794 0
795 1.2e-06
796 8e-07
797 8e-07
798 0
799 4e-07
800 4e-07
801 1.2e-06
802 0
803 8e-07
804 1.6e-06
805 4e-07
806 4e-07
807 4e-07
808 4e-07
809 1.2e-06
810 1.2e-06
811 4e-07
812 8e-07
813 4e-07
814 0
815 0
816 1.2e-06
817 4e-07
818 0
819 0
820 0
821 4e-07
822 0
823 4e-07
824 0
825 8e-07
826 0
827 8e-07
828 4e-07
829 1.2e-06
830 8e-07
831 8e-07
832 7.61935e-07
833 4e-07
834 8e-07
835 1.2e-06
836 1.6e-06
837 8e-07
838 7.61935e-07
839 0
840 4e-07
841 0
842 4e-07
843 0
844 0
845 1.6e-06
846 8e-07
847 0
848 4e-07
849 0
850 4e-07
851 4e-07
852 0
853 8e-07
854 7.61935e-07
855 1.2e-06
856 4e-07
857 1.2e-06
858 8e-07
859 8e-07
860 1.16193e-06
861 0
862 4e-07
863 4e-07
864 1.2e-06
865 1.2e-06
866 0
867 1.2e-06
868 4e-07
869 0
870 4e-07
871 7.61935e-07
872 8e-07
873 0
874 8e-07
875 4e-07
876 4e-07
877 1.2e-06
878 0
879 4e-07
880 4e-07
881 0
882 4e-07
883 8e-07
884 4e-07
885 8e-07
886 4e-07
887 4e-07
888 0
889 4e-07
890 8e-07
891 4e-07
892 4e-07
893 8e-07
894 4e-07
895 4e-07
896 1.56193e-06
897 4e-07
898 1.2e-06
899 0
900 4e-07
901 8e-07
902 4e-07
903 0
904 8e-07
905 8e-07
906 0
907 4e-07
908 0
909 4e-07
910 0
911 4e-07
912 4e-07
913 0
914 0
915 4e-07
916 1.6e-06
917 8e-07
918 4e-07
919 4e-07
920 0
921 4e-07
922 4e-07
923 4e-07
924 1.2e-06
925 1.6e-06
926 8e-07
927 0
928 0
929 1.2e-06
930 0
931 1.2e-06
932 4e-07
933 1.2e-06
934 0
935 4e-07
936 8e-07
937 0
938 4e-07
939 3.61935e-07
940 1.2e-06
941 0
942 4e-07
943 0
944 4e-07
945 4e-07
946 0
947 4e-07
948 4e-07
949 0
950 4e-07
951 0
952 1.6e-06
953 4e-07
954 0
955 0
956 4e-07
957 1.2e-06
958 0
959 8e-07
960 7.61935e-07
961 0
962 0
963 1.2e-06
964 0
965 8e-07
966 0
967 0
968 4e-07
969 1.2e-06
970 4e-07
971 4e-07
972 8e-07
973 0
974 4e-07
975 4e-07
976 1.2e-06
977 4e-07
978 8e-07
979 0
980 3.61935e-07
981 8e-07
982 0
983 4e-07
984 4e-07
985 4e-07
986 0
987 0
988 8e-07
989 0
990 8e-07
991 4e-07
992 8e-07
993 4e-07
994 4e-07
995 2e-06
996 1.2e-06
997 4e-07
998 4e-07
999 0
