0 0
1 0
2 0
3 0
4 0
5 0
6 0
7 0
8 0
9 0
10 0
11 0
12 0
13 0
14 0
15 0
16 0
17 0
18 0
19 0
20 0
21 0
22 0
23 0
24 0
25 0
26 0
27 0
28 0
29 0
30 0
31 0
32 0
33 0
34 0
35 0
36 0
37 0
38 0
39 0
40 0
41 0
42 0
43 0
44 0
45 0
46 0
47 0
48 0
49 0
50 0
51 0
52 8e-09
53 0
54 0
55 0
56 8e-09
57 0
58 0
59 0
60 0
61 0
62 0
63 0
64 0
65 0
66 0
67 0
68 0
69 0
70 0
71 0
72 0
73 0
74 0
75 0
76 0
77 0
78 0
79 0
80 0
81 0
82 0
83 0
84 0
85 0
86 0
87 0
88 0
89 0
90 0
91 0
92 0
93 0
94 0
95 0
96 8e-09
97 0
98 0
99 0
100 0
101 0
102 0
103 0
104 0
105 0
106 0
107 0
108 0
109 0
110 0
111 0
112 0
113 0
114 0
115 8e-09
116 0
117 0
118 0
119 0
120 0
121 0
122 0
123 0
124 0
125 0
126 0
127 0
128 0
129 8e-09
130 8e-09
131 0
132 0
133 0
134 8e-09
135 0
136 0
137 0
138 0
139 0
140 0
141 0
142 0
143 0
144 0
145 0
146 0
147 0
148 8e-09
149 0
150 0
151 0
152 0
153 0
154 0
155 1.6e-08
156 0
157 0
158 0
159 0
160 0
161 0
162 8e-09
163 0
164 0
165 0
166 0
167 0
168 8e-09
169 0
170 0
171 0
172 0
173 0
174 0
175 0
176 0
177 0
178 0
179 0
180 0
181 0
182 0
183 0
184 0
185 8e-09
186 8e-09
187 0
188 0
189 0
190 0
191 0
192 0
193 0
194 0
195 7.9204e-09
196 0
197 0
198 0
199 0
200 0
201 0
202 0
203 0
204 0
205 0
206 8e-09
207 0
208 0
209 0
210 0
211 0
212 8e-09
213 0
214 0
215 0
216 0
217 0
218 0
219 8e-09
220 0
221 0
222 0
223 0
224 0
225 0
226 8e-09
227 0
228 0
229 0
230 0
231 0
232 8e-09
233 0
234 0
235 0
236 0
237 0
238 0
239 0
240 0
241 0
242 8e-09
243 0
244 0
245 0
246 1.6e-08
247 0
248 0
249 8e-09
250 0
251 0
252 0
253 0
254 0
255 0
256 0
257 8e-09
258 0
259 0
260 8e-09
261 0
262 8e-09
263 0
264 0
265 8e-09
266 0
267 0
268 0
269 8e-09
270 0
271 0
272 0
273 8e-09
274 1.6e-08
275 0
276 0
277 0
278 0
279 0
280 0
281 0
282 0
283 0
284 0
285 0
286 0
287 0
288 0
289 0
290 0
291 8e-09
292 0
293 0
294 0
295 0
296 8e-09
297 0
298 0
299 0
300 8e-09
301 8e-09
302 0
303 0
304 8e-09
305 0
306 0
307 0
308 0
309 8e-09
310 8e-09
311 0
312 8e-09
313 0
314 0
315 0
316 0
317 0
318 0
319 0
320 0
321 0
322 0
323 0
324 0
325 0
326 8e-09
327 8e-09
328 0
329 8e-09
330 0
331 0
332 1.6e-08
333 0
334 8e-09
335 0
336 0
337 0
338 0
339 8e-09
340 8e-09
341 0
342 8e-09
343 0
344 0
345 0
346 0
347 0
348 0
349 0
350 0
351 0
352 1.6e-08
353 0
354 8e-09
355 0
356 0
357 0
358 0
359 0
360 0
361 0
362 8e-09
363 8e-09
364 0
365 0
366 0
367 0
368 0
369 0
370 0
371 0
372 0
373 0
374 0
375 8e-09
376 0
377 0
378 8e-09
379 0
380 0
381 0
382 0
383 0
384 0
385 0
386 0
387 8e-09
388 1.6e-08
389 0
390 0
391 0
392 8e-09
393 8e-09
394 0
395 8e-09
396 0
397 8e-09
398 0
399 0
400 0
401 0
402 0
403 0
404 8e-09
405 0
406 0
407 8e-09
408 8e-09
409 0
410 0
411 0
412 8e-09
413 0
414 0
415 0
416 0
417 0
418 8e-09
419 0
420 8e-09
421 0
422 0
423 0
424 0
425 1.6e-08
426 8e-09
427 0
428 0
429 0
430 0
431 0
432 1.6e-08
433 0
434 0
435 8e-09
436 8e-09
437 0
438 0
439 0
440 0
441 8e-09
442 0
443 8e-09
444 8e-09
445 8e-09
446 0
447 0
448 1.6e-08
449 8e-09
450 0
451 0
452 0
453 8e-09
454 0
455 0
456 1.6e-08
457 8e-09
458 0
459 8e-09
460 8e-09
461 8e-09
462 0
463 0
464 0
465 0
466 0
467 0
468 0
469 0
470 0
471 0
472 0
473 0
474 0
475 1.6e-08
476 0
477 0
478 8e-09
479 8e-09
480 8e-09
481 8e-09
482 0
483 0
484 0
485 8e-09
486 0
487 0
488 1.6e-08
489 8e-09
490 0
491 0
492 0
493 0
494 0
495 0
496 0
497 1.6e-08
498 8e-09
499 0
500 0
501 0
502 8e-09
503 0
504 8e-09
505 1.6e-08
506 0
507 0
508 8e-09
509 8e-09
510 0
511 0
512 0
513 0
514 0
515 8e-09
516 8e-09
517 0
518 8e-09
519 8e-09
520 8e-09
521 8e-09
522 0
523 8e-09
524 0
525 0
526 8e-09
527 0
528 8e-09
529 0
530 8e-09
531 8e-09
532 0
533 8e-09
534 0
535 0
536 0
537 0
538 0
539 8e-09
540 0
541 8e-09
542 8e-09
543 0
544 0
545 0
546 8e-09
547 8e-09
548 0
549 8e-09
550 0
551 0
552 0
553 0
554 1.6e-08
555 0
556 0
557 0
558 0
559 0
560 0
561 0
562 0
563 8e-09
564 0
565 8e-09
566 1.6e-08
567 0
568 1.6e-08
569 0
570 0
571 0
572 0
573 0
574 0
575 0
576 8e-09
577 8e-09
578 8e-09
579 0
580 8e-09
581 0
582 0
583 0
584 8e-09
585 8e-09
586 8e-09
587 0
588 0
589 0
590 1.6e-08
591 0
592 1.6e-08
593 0
594 0
595 0
596 0
597 0
598 8e-09
599 8e-09
600 0
601 0
602 0
603 0
604 1.6e-08
605 8e-09
606 8e-09
607 0
608 8e-09
609 8e-09
610 0
611 0
612 8e-09
613 0
614 0
615 1.6e-08
616 0
617 0
618 8e-09
619 0
620 8e-09
621 0
622 0
623 0
624 8e-09
625 0
626 8e-09
627 8e-09
628 8e-09
629 0
630 8e-09
631 8e-09
632 8e-09
633 0
634 0
635 0
636 0
637 1.6e-08
638 0
639 7.9204e-09
640 0
641 2.4e-08
642 7.9204e-09
643 0
644 0
645 8e-09
646 8e-09
647 0
648 0
649 2.4e-08
650 0
651 0
652 8e-09
653 8e-09
654 8e-09
655 0
656 0
657 0
658 8e-09
659 0
660 0
661 8e-09
662 8e-09
663 0
664 8e-09
665 0
666 0
667 8e-09
668 0
669 0
670 8e-09
671 0
672 0
673 0
674 0
675 8e-09
676 0
677 0
678 0
679 0
680 0
681 0
682 0
683 8e-09
684 0
685 8e-09
686 8e-09
687 0
688 0
689 0
690 8e-09
691 0
692 0
693 8e-09
694 8e-09
695 8e-09
696 0
697 0
698 0
699 0
700 8e-09
701 8e-09
702 0
703 0
704 0
705 8e-09
706 0
707 8e-09
708 0
709 8e-09
710 8e-09
711 0
712 8e-09
713 8e-09
714 0
715 1.6e-08
716 1.6e-08
717 8e-09
718 0
719 8e-09
720 0
721 0
722 8e-09
723 0
724 0
725 0
726 0
727 8e-09
728 0
729 1.6e-08
730 8e-09
731 8e-09
732 0
733 0
734 8e-09
735 8e-09
736 8e-09
737 0
738 0
739 1.6e-08
740 1.6e-08
741 8e-09
742 8e-09
743 8e-09
744 8e-09
745 8e-09
746 0
747 0
748 1.6e-08
749 1.6e-08
750 0
751 8e-09
752 0
753 0
754 8e-09
755 0
756 0
757 0
758 8e-09
759 0
760 8e-09
761 8e-09
762 0
763 0
764 0
765 0
766 0
767 0
768 1.6e-08
769 8e-09
770 8e-09
771 0
772 8e-09
773 0
774 1.6e-08
775 0
776 0
777 0
778 8e-09
779 0
780 8e-09
781 8e-09
782 8e-09
783 2.4e-08
784 8e-09
785 0
786 0
787 0
788 0
789 8e-09
790 0
791 0
792 0
793 0
794 8e-09
795 0
796 0
797 2.4e-08
798 0
799 0
800 0
801 0
802 8e-09
803 8e-09
804 0
805 0
806 0
807 8e-09
808 3.2e-08
809 8e-09
810 0
811 0
812 0
813 8e-09
814 0
815 2.4e-08
816 7.9204e-09
817 8e-09
818 0
819 0
820 0
821 1.6e-08
822 0
823 8e-09
824 8e-09
825 0
826 0
827 0
828 1.6e-08
829 8e-09
830 8e-09
831 0
832 0
833 0
834 8e-09
835 8e-09
836 0
837 8e-09
838 0
839 0
840 0
841 0
842 8e-09
843 0
844 8e-09
845 0
846 1.6e-08
847 8e-09
848 8e-09
849 0
850 8e-09
851 0
852 0
853 8e-09
854 0
855 8e-09
856 0
857 8e-09
858 8e-09
859 8e-09
860 2.4e-08
861 0
862 8e-09
863 8e-09
864 0
865 8e-09
866 0
867 0
868 0
869 0
870 8e-09
871 8e-09
872 1.6e-08
873 0
874 0
875 8e-09
876 8e-09
877 1.6e-08
878 0
879 8e-09
880 0
881 0
882 0
883 0
884 0
885 1.6e-08
886 8e-09
887 0
888 0
889 0
890 8e-09
891 0
892 0
893 8e-09
894 8e-09
895 8e-09
896 0
897 1.6e-08
898 8e-09
899 0
900 8e-09
901 1.6e-08
902 0
903 0
904 0
905 0
906 0
907 0
908 0
909 8e-09
910 8e-09
911 1.6e-08
912 0
913 0
914 0
915 0
916 0
917 0
918 8e-09
919 0
920 0
921 2.4e-08
922 8e-09
923 0
924 0
925 0
926 2.4e-08
927 0
928 2.4e-08
929 0
930 8e-09
931 1.6e-08
932 7.9204e-09
933 0
934 0
935 0
936 8e-09
937 1.6e-08
938 1.6e-08
939 3.2e-08
940 0
941 8e-09
942 1.6e-08
943 0
944 8e-09
945 1.6e-08
946 8e-09
947 8e-09
948 3.2e-08
949 0
950 0
951 0
952 0
953 1.6e-08
954 1.6e-08
955 0
956 8e-09
957 2.39204e-08
958 1.6e-08
959 1.6e-08
960 8e-09
961 1.6e-08
962 8e-09
963 8e-09
964 0
965 1.6e-08
966 0
967 0
968 8e-09
969 0
970 1.58416e-08
971 0
972 1.6e-08
973 1.6e-08
974 2.4e-08
975 1.6e-08
976 8e-09
977 8e-09
978 0
979 8e-09
980 2.4e-08
981 8e-09
982 0
983 8e-09
984 0
985 1.6e-08
986 8e-09
987 1.6e-08
988 0
989 1.6e-08
990 8e-09
991 8e-09
992 1.6e-08
993 8e-09
994 0
995 1.6e-08
996 2.4e-08
997 0
998 0
999 0
