0 0
1 0
2 0
3 0
4 0
5 4e-06
6 4e-06
7 4e-06
8 0
9 1.2e-05
10 8e-06
11 1.2e-05
12 0
13 8e-06
14 0
15 1.2e-05
16 8e-06
17 8e-06
18 4e-06
19 1.2e-05
20 1.2e-05
21 8e-06
22 1.2e-05
23 2e-05
24 1.74715e-05
25 2.8e-05
26 2e-05
27 1.2e-05
28 2e-05
29 2e-05
30 2.4e-05
31 2e-05
32 8e-06
33 1.2e-05
34 2e-05
35 1.2e-05
36 2.8e-05
37 2e-05
38 3.2e-05
39 2e-05
40 1.6e-05
41 8e-06
42 2e-05
43 2e-05
44 1.34715e-05
45 3.6e-05
46 1.6e-05
47 2.8e-05
48 2e-05
49 1.2e-05
50 8e-06
51 8e-06
52 2e-05
53 1.2e-05
54 8e-06
55 4.4e-05
56 1.6e-05
57 4e-05
58 2.8e-05
59 1.6e-05
60 2.4e-05
61 3.2e-05
62 2.8e-05
63 2e-05
64 2.8e-05
65 3.2e-05
66 4e-05
67 3.34715e-05
68 2.4e-05
69 2e-05
70 2.4e-05
71 2.4e-05
72 2.4e-05
73 2e-05
74 2e-05
75 2.8e-05
76 2e-05
77 1.2e-05
78 2.8e-05
79 5.47152e-06
80 1.2e-05
81 4e-06
82 1.6e-05
83 1.6e-05
84 2e-05
85 1.6e-05
86 3.2e-05
87 2.4e-05
88 2.4e-05
89 1.2e-05
90 2e-05
91 2e-05
92 2e-05
93 2e-05
94 1.6e-05
95 8e-06
96 1.2e-05
97 2.4e-05
98 2.8e-05
99 4e-05
100 2e-05
101 2.4e-05
102 2.4e-05
103 2.4e-05
104 1.6e-05
105 8e-06
106 2.4e-05
107 2e-05
108 3.6e-05
109 2.54715e-05
110 2e-05
111 3.2e-05
112 2.4e-05
113 1.6e-05
114 1.2e-05
115 1.6e-05
116 1.2e-05
117 2e-05
118 2.4e-05
119 3.6e-05
120 2.4e-05
121 8e-06
122 2.8e-05
123 2.4e-05
124 1.6e-05
125 1.2e-05
126 1.2e-05
127 1.6e-05
128 2.8e-05
129 4e-05
130 2.4e-05
131 2e-05
132 8e-06
133 2e-05
134 1.34715e-05
135 2e-05
136 1.6e-05
137 2e-05
138 2.8e-05
139 8e-06
140 3.2e-05
141 2.8e-05
142 2.4e-05
143 2e-05
144 1.2e-05
145 1.2e-05
146 2.14715e-05
147 1.2e-05
148 2.4e-05
149 8e-06
150 2.8e-05
151 1.2e-05
152 1.6e-05
153 8e-06
154 4.4e-05
155 1.2e-05
156 1.2e-05
157 2.94715e-05
158 1.2e-05
159 1.2e-05
160 1.2e-05
161 3.6e-05
162 1.2e-05
163 1.6e-05
164 1.2e-05
165 1.2e-05
166 3.2e-05
167 1.2e-05
168 4e-06
169 2e-05
170 2.8e-05
171 2.4e-05
172 4e-06
173 1.2e-05
174 1.6e-05
175 8e-06
176 1.6e-05
177 1.2e-05
178 1.2e-05
179 1.6e-05
180 2.4e-05
181 2.4e-05
182 2.8e-05
183 2e-05
184 1.6e-05
185 2.4e-05
186 8e-06
187 2e-05
188 1.6e-05
189 8e-06
190 1.2e-05
191 1.2e-05
192 1.2e-05
193 1.6e-05
194 1.2e-05
195 2e-05
196 2e-05
197 8e-06
198 1.2e-05
199 1.2e-05
200 1.6e-05
201 8e-06
202 1.6e-05
203 2.8e-05
204 1.6e-05
205 1.6e-05
206 2.8e-05
207 2e-05
208 2.54715e-05
209 8e-06
210 8e-06
211 2e-05
212 1.6e-05
213 1.2e-05
214 1.6e-05
215 2.4e-05
216 6.94304e-06
217 1.2e-05
218 1.34715e-05
219 1.2e-05
220 1.6e-05
221 1.2e-05
222 1.6e-05
223 2e-05
224 2.8e-05
225 8e-06
226 9.47152e-06
227 2.4e-05
228 2e-05
229 8e-06
230 0
231 1.6e-05
232 4e-06
233 1.6e-05
234 1.6e-05
235 2e-05
236 8e-06
237 4e-06
238 0
239 8e-06
240 2e-05
241 1.2e-05
242 4e-06
243 8e-06
244 1.2e-05
245 4e-06
246 1.6e-05
247 8e-06
248 8e-06
249 1.6e-05
250 4e-06
251 2.4e-05
252 8e-06
253 8e-06
254 8e-06
255 8e-06
256 8e-06
257 1.2e-05
258 1.2e-05
259 1.6e-05
260 4e-06
261 8e-06
262 8e-06
263 1.6e-05
264 1.2e-05
265 1.2e-05
266 1.2e-05
267 1.2e-05
268 2.4e-05
269 1.2e-05
270 1.2e-05
271 4e-06
272 8e-06
273 8e-06
274 8e-06
275 8e-06
276 1.6e-05
277 1.2e-05
278 1.2e-05
279 9.47152e-06
280 2.4e-05
281 2.54715e-05
282 4e-06
283 8e-06
284 8e-06
285 2e-05
286 1.6e-05
287 1.6e-05
288 1.6e-05
289 1.6e-05
290 8e-06
291 8e-06
292 2.4e-05
293 4e-06
294 1.2e-05
295 1.2e-05
296 8e-06
297 1.2e-05
298 1.6e-05
299 1.2e-05
300 2.4e-05
301 1.2e-05
302 2e-05
303 1.2e-05
304 4e-06
305 4e-06
306 0
307 1.2e-05
308 8e-06
309 1.34715e-05
310 1.2e-05
311 1.2e-05
312 9.47152e-06
313 9.47152e-06
314 1.2e-05
315 8e-06
316 2e-05
317 2e-05
318 1.2e-05
319 4e-06
320 1.2e-05
321 1.6e-05
322 0
323 8e-06
324 1.2e-05
325 1.2e-05
326 4e-06
327 3.2e-05
328 2e-05
329 2.8e-05
330 4e-06
331 8e-06
332 1.6e-05
333 1.2e-05
334 8e-06
335 4e-06
336 4e-06
337 4e-06
338 8e-06
339 2.4e-05
340 8e-06
341 4e-06
342 1.2e-05
343 9.47152e-06
344 1.6e-05
345 1.6e-05
346 8e-06
347 1.2e-05
348 8e-06
349 8e-06
350 8e-06
351 1.6e-05
352 8e-06
353 8e-06
354 2e-05
355 1.6e-05
356 2e-05
357 1.6e-05
358 1.2e-05
359 8e-06
360 8e-06
361 1.2e-05
362 4e-06
363 2.4e-05
364 8e-06
365 1.2e-05
366 8e-06
367 1.6e-05
368 0
369 4e-06
370 8e-06
371 2e-05
372 1.6e-05
373 0
374 4e-06
375 1.2e-05
376 8e-06
377 0
378 1.2e-05
379 8e-06
380 2e-05
381 1.2e-05
382 1.6e-05
383 4e-06
384 8e-06
385 8e-06
386 1.2e-05
387 2e-05
388 1.2e-05
389 2e-05
390 1.6e-05
391 1.6e-05
392 1.2e-05
393 1.2e-05
394 8e-06
395 0
396 1.2e-05
397 8e-06
398 8e-06
399 4e-06
400 4e-06
401 8e-06
402 8e-06
403 4e-06
404 1.2e-05
405 4e-06
406 1.74715e-05
407 1.2e-05
408 5.47152e-06
409 0
410 4e-06
411 8e-06
412 8e-06
413 8e-06
414 4e-06
415 8e-06
416 8e-06
417 1.2e-05
418 4e-06
419 0
420 0
421 0
422 8e-06
423 2e-05
424 1.6e-05
425 1.2e-05
426 4e-06
427 1.2e-05
428 1.6e-05
429 4e-06
430 1.2e-05
431 0
432 4e-06
433 4e-06
434 1.6e-05
435 8e-06
436 0
437 1.2e-05
438 8e-06
439 4e-06
440 4e-06
441 4e-06
442 1.2e-05
443 1.2e-05
444 4e-06
445 8e-06
446 8e-06
447 4e-06
448 4e-06
449 4e-06
450 8e-06
451 4e-06
452 4e-06
453 4e-06
454 4e-06
455 8e-06
456 2e-05
457 4e-06
458 0
459 4e-06
460 9.47152e-06
461 2.4e-05
462 4e-06
463 1.2e-05
464 4e-06
465 1.6e-05
466 1.6e-05
467 1.2e-05
468 0
469 4e-06
470 2e-05
471 4e-06
472 2.4e-05
473 1.2e-05
474 8e-06
475 0
476 1.34715e-05
477 8e-06
478 4e-06
479 1.6e-05
480 4e-06
481 5.47152e-06
482 4e-06
483 4e-06
484 4e-06
485 8e-06
486 2.4e-05
487 1.2e-05
488 8e-06
489 8e-06
490 1.2e-05
491 8e-06
492 4e-06
493 8e-06
494 8e-06
495 8e-06
496 8e-06
497 0
498 8e-06
499 1.2e-05
500 4e-06
501 1.2e-05
502 0
503 1.6e-05
504 4e-06
505 8e-06
506 1.2e-05
507 1.6e-05
508 4e-06
509 4e-06
510 4e-06
511 1.2e-05
512 1.74715e-05
513 1.34715e-05
514 1.2e-05
515 2e-05
516 8e-06
517 0
518 8e-06
519 1.6e-05
520 1.2e-05
521 0
522 4e-06
523 4e-06
524 8e-06
525 8e-06
526 4e-06
527 4e-06
528 4e-06
529 4e-06
530 1.2e-05
531 8e-06
532 0
533 1.2e-05
534 0
535 8e-06
536 0
537 4e-06
538 8e-06
539 1.2e-05
540 1.2e-05
541 4e-06
542 4e-06
543 4e-06
544 1.2e-05
545 0
546 4e-06
547 0
548 8e-06
549 4e-06
550 8e-06
551 1.6e-05
552 1.6e-05
553 8e-06
554 8e-06
555 1.2e-05
556 1.2e-05
557 1.2e-05
558 1.2e-05
559 4e-06
560 4e-06
561 1.2e-05
562 8e-06
563 1.2e-05
564 4e-06
565 0
566 8e-06
567 1.2e-05
568 4e-06
569 8e-06
570 1.2e-05
571 8e-06
572 4e-06
573 4e-06
574 4e-06
575 1.6e-05
576 1.2e-05
577 4e-06
578 4e-06
579 4e-06
580 8e-06
581 8e-06
582 0
583 1.47152e-06
584 2e-05
585 8e-06
586 8e-06
587 1.2e-05
588 2e-05
589 4e-06
590 4e-06
591 8e-06
592 1.2e-05
593 1.2e-05
594 1.6e-05
595 1.6e-05
596 4e-06
597 8e-06
598 9.47152e-06
599 8e-06
600 4e-06
601 8e-06
602 8e-06
603 8e-06
604 8e-06
605 8e-06
606 8e-06
607 4e-06
608 0
609 4e-06
610 4e-06
611 0
612 4e-06
613 8e-06
614 8e-06
615 4e-06
616 2e-05
617 4e-06
618 1.6e-05
619 1.2e-05
620 8e-06
621 8e-06
622 0
623 4e-06
624 4e-06
625 0
626 8e-06
627 0
628 4e-06
629 4e-06
630 1.2e-05
631 1.6e-05
632 1.2e-05
633 1.2e-05
634 1.2e-05
635 8e-06
636 4e-06
637 1.6e-05
638 4e-06
639 4e-06
640 8e-06
641 4e-06
642 0
643 0
644 0
645 4e-06
646 4e-06
647 8e-06
648 8e-06
649 0
650 4e-06
651 1.2e-05
652 0
653 1.6e-05
654 8e-06
655 4e-06
656 2e-05
657 8e-06
658 8e-06
659 4e-06
660 4e-06
661 5.47152e-06
662 4e-06
663 4e-06
664 8e-06
665 4e-06
666 8e-06
667 1.2e-05
668 8e-06
669 4e-06
670 4e-06
671 0
672 1.6e-05
673 8e-06
674 8e-06
675 8e-06
676 8e-06
677 4e-06
678 4e-06
679 1.2e-05
680 4e-06
681 0
682 4e-06
683 4e-06
684 1.6e-05
685 0
686 2e-05
687 4e-06
688 8e-06
689 8e-06
690 1.2e-05
691 1.2e-05
692 0
693 4e-06
694 0
695 4e-06
696 1.2e-05
697 0
698 0
699 0
700 8e-06
701 2e-05
702 4e-06
703 1.2e-05
704 1.2e-05
705 1.2e-05
706 0
707 4e-06
708 8e-06
709 8e-06
710 0
711 1.2e-05
712 1.2e-05
713 4e-06
714 4e-06
715 0
716 8e-06
717 4e-06
718 0
719 1.2e-05
720 1.2e-05
721 8e-06
722 4e-06
723 4e-06
724 4e-06
725 0
726 4e-06
727 1.2e-05
728 4e-06
729 0
730 8e-06
731 4e-06
732 4e-06
733 8e-06
734 4e-06
735 0
736 1.2e-05
737 4e-06
738 1.2e-05
739 1.2e-05
740 4e-06
741 0
742 4e-06
743 4e-06
744 8e-06
745 1.2e-05
746 1.6e-05
747 0
748 1.2e-05
749 0
750 8e-06
751 0
752 4e-06
753 4e-06
754 8e-06
755 1.6e-05
756 0
757 2e-05
758 4e-06
759 8e-06
760 8e-06
761 4e-06
762 1.6e-05
763 1.6e-05
764 4e-06
765 0
766 0
767 8e-06
768 0
769 4e-06
770 4e-06
771 1.6e-05
772 4e-06
773 4e-06
774 4e-06
775 0
776 1.2e-05
777 1.2e-05
778 4e-06
779 8e-06
780 4e-06
781 8e-06
782 1.2e-05
783 0
784 8e-06
785 8e-06
786 9.47152e-06
787 8e-06
788 4e-06
789 2e-05
790 8e-06
791 0
792 0
793 0
794 1.2e-05
795 1.6e-05
796 1.47152e-06
797 0
798 0
799 8e-06
800 1.6e-05
801 1.2e-05
802 2e-05
803 1.2e-05
804 0
805 1.2e-05
806 0
807 4e-06
808 1.6e-05
809 1.2e-05
810 8e-06
811 4e-06
812 0
813 0
814 4e-06
815 1.6e-05
816 8e-06
817 4e-06
818 4e-06
819 8e-06
820 1.2e-05
821 4e-06
822 8e-06
823 0
824 0
825 1.2e-05
826 4e-06
827 8e-06
828 8e-06
829 0
830 4e-06
831 4e-06
832 0
833 8e-06
834 0
835 4e-06
836 4e-06
837 1.2e-05
838 4e-06
839 0
840 4e-06
841 8e-06
842 0
843 2e-05
844 0
845 0
846 1.47152e-06
847 4e-06
848 0
849 4e-06
850 8e-06
851 4e-06
852 1.2e-05
853 1.6e-05
854 0
855 1.6e-05
856 1.2e-05
857 4e-06
858 0
859 8e-06
860 4e-06
861 8e-06
862 4e-06
863 4e-06
864 4e-06
865 1.2e-05
866 1.2e-05
867 4e-06
868 0
869 4e-06
870 8e-06
871 8e-06
872 0
873 1.2e-05
874 1.2e-05
875 0
876 4e-06
877 4e-06
878 0
879 4e-06
880 0
881 4e-06
882 0
883 8e-06
884 1.2e-05
885 4e-06
886 1.6e-05
887 0
888 4e-06
889 4e-06
890 0
891 1.2e-05
892 4e-06
893 4e-06
894 8e-06
895 4e-06
896 4e-06
897 4e-06
898 0
899 4e-06
900 0
901 2e-05
902 9.47152e-06
903 1.47152e-06
904 0
905 4e-06
906 0
907 4e-06
908 0
909 1.2e-05
910 0
911 1.6e-05
912 8e-06
913 4e-06
914 8e-06
915 6.94304e-06
916 4e-06
917 0
918 1.2e-05
919 4e-06
920 1.6e-05
921 0
922 0
923 4e-06
924 0
925 4e-06
926 8e-06
927 4e-06
928 4e-06
929 8e-06
930 0
931 4e-06
932 4e-06
933 0
934 0
935 8e-06
936 0
937 2e-05
938 8e-06
939 4e-06
940 8e-06
941 8e-06
942 4e-06
943 4e-06
944 0
945 4e-06
946 4e-06
947 0
948 4e-06
949 0
950 8e-06
951 4e-06
952 0
953 4e-06
954 8e-06
955 8e-06
956 1.47152e-06
957 4e-06
958 0
959 0
960 1.2e-05
961 4e-06
962 0
963 4e-06
964 4e-06
965 4e-06
966 4e-06
967 4e-06
968 4e-06
969 8e-06
970 0
971 4e-06
972 4e-06
973 1.47152e-06
974 1.2e-05
975 4e-06
976 4e-06
977 4e-06
978 1.2e-05
979 0
980 5.47152e-06
981 1.2e-05
982 0
983 0
984 8e-06
985 0
986 8e-06
987 4e-06
988 1.2e-05
989 8e-06
990 4e-06
991 0
992 4e-06
993 0
994 0
995 4e-06
996 4e-06
997 0
998 4e-06
999 0
