0 0
1 0.0001172
2 6.16e-05
3 5.32e-05
4 4.67239e-05
5 3.12e-05
6 2.68e-05
7 2.72e-05
8 2.15619e-05
9 2.52e-05
10 1.88e-05
11 1.84e-05
12 1.63619e-05
13 1.6e-05
14 1.2e-05
15 1.2e-05
16 1.2e-05
17 1.24e-05
18 1.31619e-05
19 1.2e-05
20 1.04e-05
21 1.12e-05
22 7.2e-06
23 1.16e-05
24 1.32e-05
25 8e-06
26 6e-06
27 5.6e-06
28 7.2e-06
29 8.8e-06
30 5.96193e-06
31 1.04e-05
32 3.52387e-06
33 7.2e-06
34 6.8e-06
35 5.2e-06
36 7.96193e-06
37 8.72387e-06
38 5.2e-06
39 4e-06
40 4e-06
41 4.8e-06
42 7.2e-06
43 6.4e-06
44 6e-06
45 6.4e-06
46 3.6e-06
47 6.2858e-06
48 3.6e-06
49 3.2e-06
50 6.8e-06
51 3.6e-06
52 4.76193e-06
53 3.2e-06
54 4.8e-06
55 3.6e-06
56 2.4e-06
57 3.6e-06
58 2.8e-06
59 4e-06
60 5.96193e-06
61 3.6e-06
62 4e-06
63 2.4e-06
64 4.8e-06
65 4.36193e-06
66 4.4e-06
67 3.2e-06
68 3.2e-06
69 6.4e-06
70 2.8e-06
71 3.6e-06
72 2.4e-06
73 3.16193e-06
74 3.96193e-06
75 3.2e-06
76 4.72387e-06
77 3.6e-06
78 4.4e-06
79 2e-06
80 5.2e-06
81 2e-06
82 4e-06
83 3.2e-06
84 3.6e-06
85 4.8e-06
86 3.2e-06
87 5.6e-06
88 4e-06
89 4.4e-06
90 2e-06
91 8e-07
92 3.6e-06
93 2.4e-06
94 4.4e-06
95 3.6e-06
96 3.16193e-06
97 4.36193e-06
98 3.96193e-06
99 4.36193e-06
100 4.8e-06
101 3.2e-06
102 3.6e-06
103 2.8e-06
104 2.4e-06
105 3.2e-06
106 1.2e-06
107 4e-06
108 4e-06
109 2.4e-06
110 2e-06
111 4e-06
112 3.6e-06
113 2.4e-06
114 2.8e-06
115 2.76193e-06
116 3.2e-06
117 3.6e-06
118 4.36193e-06
119 1.2e-06
120 2e-06
121 3.56193e-06
122 2.4e-06
123 2.4e-06
124 1.6e-06
125 2.8e-06
126 3.96193e-06
127 3.2e-06
128 1.96193e-06
129 4e-06
130 5.2e-06
131 1.2e-06
132 3.6e-06
133 5.6e-06
134 2.4e-06
135 8e-07
136 4e-07
137 2.8e-06
138 8e-07
139 4e-06
140 2.76193e-06
141 1.6e-06
142 3.2e-06
143 4.8e-06
144 2e-06
145 1.6e-06
146 1.6e-06
147 8e-07
148 3.2e-06
149 8e-07
150 2e-06
151 3.2e-06
152 1.6e-06
153 1.6e-06
154 1.2e-06
155 0
156 2e-06
157 3.6e-06
158 2.4e-06
159 2e-06
160 2e-06
161 3.2e-06
162 1.6e-06
163 2.4e-06
164 1.6e-06
165 2e-06
166 1.96193e-06
167 1.2e-06
168 3.6e-06
169 3.2e-06
170 2e-06
171 2.4e-06
172 2.4e-06
173 1.6e-06
174 2e-06
175 1.6e-06
176 3.16193e-06
177 2e-06
178 2e-06
179 1.2e-06
180 3.2e-06
181 2.8e-06
182 3.2e-06
183 2.4e-06
184 2e-06
185 3.2e-06
186 2.4e-06
187 2.4e-06
188 2e-06
189 2.8e-06
190 4e-07
191 2.4e-06
192 2e-06
193 1.2e-06
194 1.6e-06
195 8e-07
196 1.2e-06
197 2.8e-06
198 8e-07
199 8e-07
200 1.2e-06
201 1.56193e-06
202 2e-06
203 2e-06
204 2.36193e-06
205 1.6e-06
206 1.6e-06
207 3.2e-06
208 1.56193e-06
209 1.2e-06
210 0
211 8e-07
212 2e-06
213 1.2e-06
214 2e-06
215 1.2e-06
216 1.2e-06
217 1.2e-06
218 4e-07
219 3.6e-06
220 4e-07
221 2e-06
222 2e-06
223 2e-06
224 1.6e-06
225 8e-07
226 3.2e-06
227 4e-07
228 1.6e-06
229 8e-07
230 2.8e-06
231 2.4e-06
232 8e-07
233 1.2e-06
234 1.2e-06
235 8e-07
236 1.6e-06
237 8e-07
238 1.2e-06
239 2e-06
240 1.6e-06
241 1.16193e-06
242 2.4e-06
243 2e-06
244 1.6e-06
245 8e-07
246 8e-07
247 1.2e-06
248 2.8e-06
249 1.6e-06
250 2.4e-06
251 1.2e-06
252 1.2e-06
253 2.4e-06
254 1.2e-06
255 2.4e-06
256 1.6e-06
257 2.8e-06
258 1.2e-06
259 1.6e-06
260 4e-07
261 1.2e-06
262 2.4e-06
263 1.2e-06
264 8e-07
265 1.2e-06
266 8e-07
267 4e-07
268 2e-06
269 8e-07
270 8e-07
271 8e-07
272 2.4e-06
273 1.16193e-06
274 8e-07
275 1.2e-06
276 8e-07
277 1.16193e-06
278 2e-06
279 1.6e-06
280 1.16193e-06
281 1.2e-06
282 8e-07
283 2e-06
284 1.6e-06
285 2.8e-06
286 1.6e-06
287 1.16193e-06
288 2.8e-06
289 1.92387e-06
290 4e-07
291 1.6e-06
292 2.4e-06
293 4e-07
294 4e-07
295 1.2e-06
296 7.61935e-07
297 1.6e-06
298 1.2e-06
299 4e-07
300 1.2e-06
301 0
302 1.6e-06
303 4e-07
304 8e-07
305 0
306 8e-07
307 0
308 1.6e-06
309 0
310 8e-07
311 1.6e-06
312 1.2e-06
313 8e-07
314 8e-07
315 1.2e-06
316 8e-07
317 1.2e-06
318 8e-07
319 2.8e-06
320 2e-06
321 8e-07
322 1.6e-06
323 1.2e-06
324 1.2e-06
325 8e-07
326 8e-07
327 2.36193e-06
328 8e-07
329 4e-07
330 8e-07
331 8e-07
332 1.2e-06
333 8e-07
334 1.56193e-06
335 1.2e-06
336 4e-07
337 1.2e-06
338 1.2e-06
339 1.2e-06
340 1.2e-06
341 1.6e-06
342 2e-06
343 8e-07
344 8e-07
345 1.6e-06
346 1.6e-06
347 0
348 4e-07
349 4e-07
350 8e-07
351 1.2e-06
352 1.2e-06
353 8e-07
354 4e-07
355 8e-07
356 0
357 1.2e-06
358 0
359 4e-07
360 4e-07
361 4e-07
362 1.6e-06
363 1.2e-06
364 8e-07
365 1.2e-06
366 8e-07
367 8e-07
368 4e-07
369 8e-07
370 1.2e-06
371 2e-06
372 8e-07
373 8e-07
374 4e-07
375 1.2e-06
376 8e-07
377 1.6e-06
378 2e-06
379 1.2e-06
380 1.6e-06
381 2.8e-06
382 1.2e-06
383 8e-07
384 1.2e-06
385 4e-07
386 4e-07
387 2e-06
388 8e-07
389 4e-07
390 0
391 1.6e-06
392 2.8e-06
393 1.6e-06
394 0
395 8e-07
396 1.96193e-06
397 1.2e-06
398 1.6e-06
399 1.6e-06
400 1.6e-06
401 8e-07
402 8e-07
403 8e-07
404 8e-07
405 4e-07
406 8e-07
407 1.2e-06
408 1.6e-06
409 2.76193e-06
410 2.4e-06
411 1.2e-06
412 1.96193e-06
413 1.6e-06
414 0
415 8e-07
416 4e-07
417 1.2e-06
418 1.2e-06
419 0
420 8e-07
421 2e-06
422 0
423 0
424 2e-06
425 8e-07
426 0
427 0
428 4e-07
429 1.6e-06
430 8e-07
431 4e-07
432 1.2e-06
433 8e-07
434 1.6e-06
435 8e-07
436 0
437 8e-07
438 4e-07
439 4e-07
440 1.6e-06
441 7.61935e-07
442 8e-07
443 1.2e-06
444 4e-07
445 0
446 1.2e-06
447 1.2e-06
448 1.16193e-06
449 1.2e-06
450 8e-07
451 4e-07
452 8e-07
453 8e-07
454 1.2e-06
455 4e-07
456 8e-07
457 4e-07
458 4e-07
459 8e-07
460 8e-07
461 1.2e-06
462 7.61935e-07
463 4e-07
464 8e-07
465 4e-07
466 8e-07
467 8e-07
468 1.2e-06
469 4e-07
470 8e-07
471 1.2e-06
472 8e-07
473 1.6e-06
474 4e-07
475 1.6e-06
476 0
477 8e-07
478 8e-07
479 8e-07
480 8e-07
481 8e-07
482 1.2e-06
483 7.61935e-07
484 1.2e-06
485 4e-07
486 4e-07
487 4e-07
488 0
489 8e-07
490 4e-07
491 2e-06
492 1.6e-06
493 4e-07
494 1.6e-06
495 8e-07
496 1.2e-06
497 4e-07
498 4e-07
499 4e-07
500 4e-07
501 0
502 1.2e-06
503 0
504 4e-07
505 4e-07
506 1.2e-06
507 0
508 1.2e-06
509 1.6e-06
510 8e-07
511 7.61935e-07
512 8e-07
513 8e-07
514 0
515 1.6e-06
516 1.2e-06
517 1.2e-06
518 8e-07
519 2e-06
520 1.56193e-06
521 2e-06
522 4e-07
523 0
524 1.6e-06
525 8e-07
526 7.61935e-07
527 1.2e-06
528 1.2e-06
529 8e-07
530 8e-07
531 0
532 7.61935e-07
533 8e-07
534 8e-07
535 8e-07
536 0
537 0
538 1.6e-06
539 8e-07
540 4e-07
541 1.6e-06
542 8e-07
543 4e-07
544 4e-07
545 2e-06
546 0
547 8e-07
548 4e-07
549 4e-07
550 1.6e-06
551 0
552 1.2e-06
553 1.2e-06
554 1.6e-06
555 4e-07
556 4e-07
557 7.61935e-07
558 1.6e-06
559 7.61935e-07
560 1.2e-06
561 0
562 4e-07
563 1.2e-06
564 3.61935e-07
565 4e-07
566 1.2e-06
567 1.2e-06
568 1.2e-06
569 1.2e-06
570 1.2e-06
571 1.2e-06
572 4e-07
573 4e-07
574 4e-07
575 0
576 4e-07
577 4e-07
578 8e-07
579 0
580 4e-07
581 8e-07
582 8e-07
583 0
584 0
585 1.2e-06
586 4e-07
587 8e-07
588 0
589 0
590 8e-07
591 1.2e-06
592 1.96193e-06
593 4e-07
594 1.2e-06
595 8e-07
596 1.2e-06
597 4e-07
598 0
599 4e-07
600 8e-07
601 4e-07
602 1.6e-06
603 4e-07
604 1.2e-06
605 8e-07
606 2.4e-06
607 4e-07
608 8e-07
609 8e-07
610 4e-07
611 1.6e-06
612 0
613 4e-07
614 4e-07
615 0
616 4e-07
617 2.4e-06
618 8e-07
619 0
620 8e-07
621 1.56193e-06
622 4e-07
623 8e-07
624 0
625 1.2e-06
626 8e-07
627 4e-07
628 4e-07
629 1.6e-06
630 1.6e-06
631 0
632 3.2e-06
633 1.2e-06
634 1.2e-06
635 8e-07
636 2e-06
637 4e-07
638 4e-07
639 4e-07
640 0
641 8e-07
642 1.6e-06
643 8e-07
644 8e-07
645 4e-07
646 8e-07
647 8e-07
648 1.2e-06
649 1.6e-06
650 4e-07
651 8e-07
652 4e-07
653 1.6e-06
654 1.2e-06
655 4e-07
656 4e-07
657 8e-07
658 0
659 7.2387e-07
660 4e-07
661 0
662 4e-07
663 0
664 4e-07
665 1.2e-06
666 1.2e-06
667 1.6e-06
668 4e-07
669 1.2e-06
670 8e-07
671 1.6e-06
672 1.56193e-06
673 1.2e-06
674 4e-07
675 8e-07
676 0
677 1.6e-06
678 8e-07
679 0
680 0
681 4e-07
682 4e-07
683 4e-07
684 8e-07
685 1.16193e-06
686 1.6e-06
687 1.2e-06
688 8e-07
689 1.6e-06
690 8e-07
691 8e-07
692 0
693 4e-07
694 1.12387e-06
695 4e-07
696 4e-07
697 4e-07
698 1.2e-06
699 0
700 8e-07
701 1.6e-06
702 4e-07
703 1.6e-06
704 4e-07
705 8e-07
706 4e-07
707 8e-07
708 1.2e-06
709 8e-07
710 8e-07
711 8e-07
712 7.61935e-07
713 1.2e-06
714 4e-07
715 4e-07
716 1.2e-06
717 0
718 4e-07
719 8e-07
720 4e-07
721 4e-07
722 4e-07
723 4e-07
724 0
725 4e-07
726 4e-07
727 8e-07
728 0
729 0
730 4e-07
731 0
732 2e-06
733 8e-07
734 1.6e-06
735 1.16193e-06
736 4e-07
737 4e-07
738 8e-07
739 0
740 0
741 0
742 0
743 4e-07
744 4e-07
745 0
746 1.2e-06
747 4e-07
748 8e-07
749 4e-07
750 7.61935e-07
751 1.6e-06
752 1.92387e-06
753 4e-07
754 0
755 1.6e-06
756 8e-07
757 4e-07
758 8e-07
759 4e-07
760 4e-07
761 0
762 0
763 8e-07
764 1.2e-06
765 1.2e-06
766 4e-07
767 1.2e-06
768 4e-07
769 8e-07
770 4e-07
771 4e-07
772 1.6e-06
773 0
774 4e-07
775 4e-07
776 8e-07
777 8e-07
778 0
779 4e-07
780 0
781 1.56193e-06
782 4e-07
783 1.2e-06
784 1.2e-06
785 4e-07
786 0
787 1.2e-06
788 8e-07
789 4e-07
790 0
791 4e-07
792 8e-07
793 4e-07
794 0
795 8e-07
796 4e-07
797 8e-07
798 1.96193e-06
799 0
800 8e-07
801 1.2e-06
802 0
803 8e-07
804 0
805 4e-07
806 1.2e-06
807 4e-07
808 1.2e-06
809 4e-07
810 0
811 8e-07
812 4e-07
813 4e-07
814 8e-07
815 0
816 8e-07
817 1.2e-06
818 0
819 4e-07
820 4e-07
821 8e-07
822 0
823 0
824 0
825 4e-07
826 4e-07
827 8e-07
828 0
829 0
830 8e-07
831 1.2e-06
832 4e-07
833 8e-07
834 4e-07
835 8e-07
836 4e-07
837 4e-07
838 4e-07
839 4e-07
840 4e-07
841 4e-07
842 4e-07
843 0
844 4e-07
845 4e-07
846 1.2e-06
847 0
848 1.2e-06
849 4e-07
850 1.2e-06
851 8e-07
852 8e-07
853 1.2e-06
854 0
855 4e-07
856 4e-07
857 8e-07
858 1.6e-06
859 2e-06
860 1.6e-06
861 0
862 0
863 1.16193e-06
864 4e-07
865 1.2e-06
866 4e-07
867 8e-07
868 8e-07
869 3.27492e-07
870 0
871 8e-07
872 8e-07
873 4e-07
874 8e-07
875 4e-07
876 4e-07
877 4e-07
878 4e-07
879 1.6e-06
880 1.2e-06
881 1.2e-06
882 8e-07
883 1.6e-06
884 0
885 0
886 0
887 8e-07
888 8e-07
889 0
890 0
891 4e-07
892 0
893 0
894 4e-07
895 0
896 4e-07
897 0
898 4e-07
899 4e-07
900 8e-07
901 4e-07
902 1.2e-06
903 4e-07
904 0
905 8e-07
906 0
907 1.2e-06
908 0
909 8e-07
910 0
911 0
912 0
913 4e-07
914 8e-07
915 1.2e-06
916 0
917 8e-07
918 0
919 8e-07
920 0
921 4e-07
922 4e-07
923 8e-07
924 0
925 1.2e-06
926 8e-07
927 0
928 1.2e-06
929 8e-07
930 0
931 4e-07
932 1.2e-06
933 1.2e-06
934 8e-07
935 8e-07
936 4e-07
937 3.61935e-07
938 1.2e-06
939 4e-07
940 1.6e-06
941 4e-07
942 4e-07
943 0
944 8e-07
945 4e-07
946 8e-07
947 0
948 0
949 1.2e-06
950 8e-07
951 4e-07
952 0
953 8e-07
954 4e-07
955 4e-07
956 8e-07
957 0
958 0
959 0
960 1.2e-06
961 3.61935e-07
962 0
963 4e-07
964 0
965 0
966 1.2e-06
967 4e-07
968 4e-07
969 4e-07
970 8e-07
971 0
972 4e-07
973 0
974 4e-07
975 4e-07
976 0
977 8e-07
978 8e-07
979 1.2e-06
980 1.2e-06
981 0
982 0
983 4e-07
984 4e-07
985 8e-07
986 1.2e-06
987 4e-07
988 1.6e-06
989 4e-07
990 8e-07
991 4e-07
992 1.2e-06
993 1.2e-06
994 1.2e-06
995 4e-07
996 0
997 0
998 4e-07
999 0
