0 0
1 6.4e-06
2 1.04e-05
3 1.6e-05
4 1.76e-05
5 1.28e-05
6 1.68e-05
7 1.72e-05
8 1.6e-05
9 1.6e-05
10 1.8e-05
11 1.72e-05
12 1.52e-05
13 1.36e-05
14 1.36e-05
15 1.08e-05
16 1e-05
17 9.2e-06
18 7.6e-06
19 7.96193e-06
20 8e-06
21 1.12e-05
22 1.12e-05
23 1.12e-05
24 9.6e-06
25 1.04e-05
26 6.8e-06
27 6.8e-06
28 7.6e-06
29 8.4e-06
30 9.2e-06
31 6.4e-06
32 8.4e-06
33 5.6e-06
34 5.6e-06
35 7.6e-06
36 6.4e-06
37 3.2e-06
38 4.4e-06
39 9.6e-06
40 7.2e-06
41 6.8e-06
42 5.2e-06
43 7.2e-06
44 5.2e-06
45 5.6e-06
46 6.4e-06
47 5.6e-06
48 4.36193e-06
49 5.6e-06
50 3.2e-06
51 4e-06
52 4.4e-06
53 4.4e-06
54 5.6e-06
55 5.2e-06
56 4.4e-06
57 4.8e-06
58 4.76193e-06
59 4e-06
60 3.2e-06
61 4.4e-06
62 4e-06
63 4.8e-06
64 3.2e-06
65 4.4e-06
66 3.6e-06
67 5.6e-06
68 4e-06
69 3.6e-06
70 4.4e-06
71 5.2e-06
72 5.56193e-06
73 3.2e-06
74 2.8e-06
75 2e-06
76 5.6e-06
77 3.6e-06
78 4.4e-06
79 2.76193e-06
80 3.6e-06
81 4e-06
82 3.56193e-06
83 3.2e-06
84 6.4e-06
85 3.16193e-06
86 1.6e-06
87 4.4e-06
88 3.2e-06
89 3.2e-06
90 2e-06
91 6e-06
92 1.6e-06
93 2.8e-06
94 4e-06
95 2.4e-06
96 1.6e-06
97 3.6e-06
98 2.4e-06
99 3.6e-06
100 1.6e-06
101 2.4e-06
102 2e-06
103 4.4e-06
104 4.8e-06
105 2.8e-06
106 2.4e-06
107 2.4e-06
108 2.4e-06
109 3.6e-06
110 2.4e-06
111 2.4e-06
112 2.8e-06
113 2.4e-06
114 2.4e-06
115 2e-06
116 3.2e-06
117 4e-06
118 3.2e-06
119 3.2e-06
120 5.2e-06
121 8e-07
122 4.8e-06
123 3.16193e-06
124 8e-07
125 2.8e-06
126 2e-06
127 1.6e-06
128 2.8e-06
129 4e-07
130 1.6e-06
131 2e-06
132 2e-06
133 3.2e-06
134 2.8e-06
135 1.2e-06
136 3.96193e-06
137 1.2e-06
138 2.8e-06
139 5.2e-06
140 1.6e-06
141 2.8e-06
142 3.2e-06
143 1.6e-06
144 3.2e-06
145 2.8e-06
146 1.6e-06
147 8e-07
148 2.8e-06
149 2.4e-06
150 1.2e-06
151 2.8e-06
152 3.2e-06
153 2.8e-06
154 2.4e-06
155 3.2e-06
156 4e-06
157 8e-07
158 4e-06
159 2e-06
160 1.2e-06
161 1.2e-06
162 1.2e-06
163 1.6e-06
164 2.8e-06
165 3.6e-06
166 1.2e-06
167 1.6e-06
168 4e-07
169 2.36193e-06
170 2.4e-06
171 1.6e-06
172 4e-07
173 4e-07
174 3.56193e-06
175 3.6e-06
176 2e-06
177 2.4e-06
178 0
179 2e-06
180 8e-07
181 1.6e-06
182 1.6e-06
183 0
184 1.6e-06
185 8e-07
186 1.2e-06
187 2.4e-06
188 1.2e-06
189 1.6e-06
190 2e-06
191 3.61935e-07
192 8e-07
193 1.6e-06
194 8e-07
195 1.6e-06
196 1.6e-06
197 8e-07
198 1.6e-06
199 3.12387e-06
200 8e-07
201 2e-06
202 1.2e-06
203 1.2e-06
204 2.4e-06
205 1.2e-06
206 4e-07
207 1.52387e-06
208 1.6e-06
209 1.16193e-06
210 2e-06
211 2.8e-06
212 0
213 1.56193e-06
214 1.6e-06
215 2e-06
216 4e-06
217 1.6e-06
218 4e-07
219 8e-07
220 3.6e-06
221 7.61935e-07
222 8e-07
223 1.2e-06
224 1.2e-06
225 8e-07
226 2.4e-06
227 2.4e-06
228 1.96193e-06
229 2.8e-06
230 8e-07
231 4e-07
232 8e-07
233 2.4e-06
234 2.4e-06
235 2.4e-06
236 1.2e-06
237 1.2e-06
238 1.6e-06
239 3.2e-06
240 8e-07
241 3.2e-06
242 8e-07
243 8e-07
244 2.4e-06
245 1.6e-06
246 8e-07
247 1.56193e-06
248 8e-07
249 1.6e-06
250 2.4e-06
251 3.2e-06
252 8e-07
253 1.2e-06
254 2.4e-06
255 1.2e-06
256 0
257 2e-06
258 1.6e-06
259 2.4e-06
260 8e-07
261 1.2e-06
262 8e-07
263 1.96193e-06
264 1.6e-06
265 2.4e-06
266 1.6e-06
267 1.2e-06
268 1.6e-06
269 1.2e-06
270 1.2e-06
271 1.6e-06
272 8e-07
273 8e-07
274 2.4e-06
275 1.6e-06
276 1.2e-06
277 3.2e-06
278 1.6e-06
279 2e-06
280 4e-07
281 4e-07
282 8e-07
283 1.6e-06
284 1.56193e-06
285 8e-07
286 1.2e-06
287 4e-07
288 2e-06
289 4e-07
290 1.2e-06
291 1.56193e-06
292 1.6e-06
293 0
294 1.2e-06
295 2.4e-06
296 4e-07
297 2e-06
298 2.4e-06
299 3.6e-06
300 1.6e-06
301 1.6e-06
302 2e-06
303 4e-07
304 0
305 1.2e-06
306 1.2e-06
307 2e-06
308 4e-07
309 3.2e-06
310 0
311 8e-07
312 2e-06
313 8e-07
314 4e-07
315 8e-07
316 8e-07
317 4e-07
318 1.6e-06
319 2e-06
320 1.56193e-06
321 2e-06
322 1.6e-06
323 8e-07
324 4e-07
325 2e-06
326 2e-06
327 4e-07
328 1.2e-06
329 1.2e-06
330 0
331 1.2e-06
332 8e-07
333 8e-07
334 1.2e-06
335 1.2e-06
336 1.56193e-06
337 1.56193e-06
338 1.2e-06
339 4e-07
340 2.4e-06
341 8e-07
342 8e-07
343 1.2e-06
344 4e-07
345 1.6e-06
346 1.96193e-06
347 2e-06
348 7.61935e-07
349 8e-07
350 8e-07
351 4e-07
352 8e-07
353 8e-07
354 4e-07
355 4e-07
356 8e-07
357 1.2e-06
358 2.4e-06
359 1.2e-06
360 2e-06
361 1.6e-06
362 1.2e-06
363 1.16193e-06
364 0
365 2e-06
366 1.6e-06
367 8e-07
368 4e-07
369 1.2e-06
370 1.2e-06
371 1.6e-06
372 1.2e-06
373 0
374 2e-06
375 4e-07
376 1.2e-06
377 1.16193e-06
378 1.2e-06
379 1.2e-06
380 1.6e-06
381 1.6e-06
382 8e-07
383 8e-07
384 8e-07
385 4e-07
386 1.2e-06
387 1.2e-06
388 8e-07
389 1.2e-06
390 4e-07
391 7.61935e-07
392 4e-07
393 2e-06
394 1.2e-06
395 4e-07
396 0
397 1.2e-06
398 0
399 7.61935e-07
400 4e-07
401 0
402 8e-07
403 8e-07
404 4e-07
405 8e-07
406 4e-07
407 8e-07
408 4e-07
409 4e-07
410 4e-07
411 8e-07
412 4e-07
413 4e-07
414 0
415 1.2e-06
416 1.6e-06
417 1.2e-06
418 8e-07
419 1.56193e-06
420 4e-07
421 1.6e-06
422 1.2e-06
423 8e-07
424 1.2e-06
425 1.2e-06
426 1.16193e-06
427 8e-07
428 1.2e-06
429 4e-07
430 3.61935e-07
431 0
432 4e-07
433 0
434 2e-06
435 4e-07
436 0
437 1.2e-06
438 4e-07
439 1.2e-06
440 4e-07
441 8e-07
442 4e-07
443 8e-07
444 8e-07
445 8e-07
446 1.6e-06
447 4e-07
448 0
449 8e-07
450 1.2e-06
451 1.6e-06
452 8e-07
453 1.2e-06
454 1.2e-06
455 0
456 1.2e-06
457 4e-07
458 0
459 8e-07
460 4e-07
461 4e-07
462 1.56193e-06
463 4e-07
464 8e-07
465 4e-07
466 1.2e-06
467 8e-07
468 3.2e-06
469 8e-07
470 7.61935e-07
471 8e-07
472 4e-07
473 2e-06
474 8e-07
475 8e-07
476 1.6e-06
477 0
478 0
479 4e-07
480 4e-07
481 8e-07
482 4e-07
483 4e-07
484 1.2e-06
485 1.2e-06
486 0
487 1.2e-06
488 1.56193e-06
489 1.6e-06
490 4e-07
491 2.4e-06
492 1.6e-06
493 1.6e-06
494 1.6e-06
495 8e-07
496 1.2e-06
497 1.2e-06
498 8e-07
499 1.2e-06
500 4e-07
501 4e-07
502 8e-07
503 4e-07
504 1.6e-06
505 0
506 8e-07
507 4e-07
508 4e-07
509 4e-07
510 4e-07
511 2.4e-06
512 8e-07
513 1.2e-06
514 8e-07
515 4e-07
516 1.16193e-06
517 0
518 0
519 1.6e-06
520 1.56193e-06
521 1.2e-06
522 4e-07
523 4e-07
524 1.2e-06
525 8e-07
526 8e-07
527 0
528 1.6e-06
529 4e-07
530 0
531 2e-06
532 8e-07
533 4e-07
534 8e-07
535 8e-07
536 8e-07
537 8e-07
538 4e-07
539 8e-07
540 8e-07
541 4e-07
542 0
543 4e-07
544 2e-06
545 4e-07
546 4e-07
547 1.6e-06
548 4e-07
549 0
550 4e-07
551 0
552 4e-07
553 1.2e-06
554 8e-07
555 0
556 1.6e-06
557 8e-07
558 8e-07
559 8e-07
560 1.2e-06
561 4e-07
562 4e-07
563 4e-07
564 4e-07
565 0
566 3.2e-06
567 4e-07
568 8e-07
569 1.6e-06
570 1.2e-06
571 1.96193e-06
572 0
573 1.6e-06
574 4e-07
575 3.2e-06
576 8e-07
577 8e-07
578 4e-07
579 4e-07
580 1.6e-06
581 1.2e-06
582 4e-07
583 1.2e-06
584 0
585 8e-07
586 8e-07
587 8e-07
588 4e-07
589 4e-07
590 1.2e-06
591 3.61935e-07
592 4e-07
593 0
594 4e-07
595 4e-07
596 8e-07
597 8e-07
598 8e-07
599 0
600 8e-07
601 8e-07
602 8e-07
603 0
604 2e-06
605 1.2e-06
606 8e-07
607 8e-07
608 4e-07
609 4e-07
610 1.2e-06
611 8e-07
612 0
613 4e-07
614 0
615 8e-07
616 4e-07
617 0
618 1.2e-06
619 4e-07
620 4e-07
621 8e-07
622 3.61935e-07
623 4e-07
624 8e-07
625 1.2e-06
626 8e-07
627 4e-07
628 2e-06
629 4e-07
630 4e-07
631 4e-07
632 4e-07
633 4e-07
634 0
635 0
636 0
637 8e-07
638 4e-07
639 1.2e-06
640 0
641 8e-07
642 8e-07
643 1.6e-06
644 8e-07
645 0
646 4e-07
647 1.2e-06
648 8e-07
649 8e-07
650 8e-07
651 0
652 2e-06
653 1.2e-06
654 8e-07
655 8e-07
656 8e-07
657 8e-07
658 1.16193e-06
659 4e-07
660 8e-07
661 0
662 0
663 4e-07
664 4e-07
665 8e-07
666 0
667 4e-07
668 8e-07
669 7.61935e-07
670 4e-07
671 4e-07
672 1.2e-06
673 1.6e-06
674 4e-07
675 0
676 4e-07
677 4e-07
678 1.2e-06
679 8e-07
680 3.61935e-07
681 1.2e-06
682 8e-07
683 1.6e-06
684 0
685 1.16193e-06
686 0
687 0
688 8e-07
689 4e-07
690 4e-07
691 8e-07
692 0
693 4e-07
694 0
695 4e-07
696 1.2e-06
697 8e-07
698 4e-07
699 4e-07
700 4e-07
701 1.6e-06
702 4e-07
703 0
704 0
705 0
706 4e-07
707 1.2e-06
708 0
709 1.2e-06
710 4e-07
711 0
712 8e-07
713 4e-07
714 8e-07
715 4e-07
716 0
717 1.2e-06
718 0
719 0
720 1.6e-06
721 2e-06
722 2e-06
723 4e-07
724 8e-07
725 0
726 8e-07
727 0
728 0
729 4e-07
730 8e-07
731 8e-07
732 0
733 1.6e-06
734 8e-07
735 0
736 4e-07
737 8e-07
738 0
739 8e-07
740 0
741 3.61935e-07
742 8e-07
743 8e-07
744 0
745 1.6e-06
746 4e-07
747 8e-07
748 4e-07
749 8e-07
750 8e-07
751 8e-07
752 4e-07
753 8e-07
754 1.2e-06
755 4e-07
756 0
757 4e-07
758 0
759 0
760 1.2e-06
761 8e-07
762 0
763 0
764 4e-07
765 4e-07
766 8e-07
767 0
768 4e-07
769 8e-07
770 4e-07
771 4e-07
772 4e-07
773 0
774 0
775 4e-07
776 0
777 1.2e-06
778 4e-07
779 4e-07
780 4e-07
781 3.61935e-07
782 4e-07
783 8e-07
784 0
785 2.4e-06
786 8e-07
787 8e-07
788 7.61935e-07
789 4e-07
790 0
791 4e-07
792 0
793 0
794 8e-07
795 4e-07
796 4e-07
797 0
798 4e-07
799 0
800 4e-07
801 4e-07
802 8e-07
803 0
804 1.6e-06
805 4e-07
806 0
807 0
808 4e-07
809 0
810 0
811 4e-07
812 4e-07
813 8e-07
814 8e-07
815 0
816 4e-07
817 4e-07
818 0
819 4e-07
820 4e-07
821 4e-07
822 8e-07
823 4e-07
824 1.6e-06
825 4e-07
826 0
827 4e-07
828 1.2e-06
829 0
830 4e-07
831 1.6e-06
832 0
833 8e-07
834 8e-07
835 8e-07
836 8e-07
837 4e-07
838 4e-07
839 0
840 0
841 2e-06
842 4e-07
843 0
844 0
845 8e-07
846 8e-07
847 1.6e-06
848 8e-07
849 4e-07
850 1.6e-06
851 8e-07
852 0
853 8e-07
854 1.2e-06
855 0
856 4e-07
857 4e-07
858 0
859 8e-07
860 0
861 8e-07
862 4e-07
863 0
864 8e-07
865 4e-07
866 7.61935e-07
867 4e-07
868 4e-07
869 0
870 0
871 1.2e-06
872 0
873 4e-07
874 8e-07
875 8e-07
876 4e-07
877 4e-07
878 0
879 4e-07
880 0
881 4e-07
882 1.2e-06
883 4e-07
884 8e-07
885 1.2e-06
886 0
887 1.2e-06
888 0
889 4e-07
890 0
891 8e-07
892 0
893 4e-07
894 0
895 1.6e-06
896 8e-07
897 8e-07
898 8e-07
899 8e-07
900 0
901 1.6e-06
902 4e-07
903 8e-07
904 4e-07
905 0
906 4e-07
907 8e-07
908 0
909 4e-07
910 4e-07
911 4e-07
912 0
913 4e-07
914 8e-07
915 8e-07
916 4e-07
917 8e-07
918 8e-07
919 0
920 4e-07
921 0
922 8e-07
923 1.2e-06
924 8e-07
925 0
926 4e-07
927 8e-07
928 4e-07
929 1.2e-06
930 0
931 4e-07
932 8e-07
933 0
934 0
935 8e-07
936 4e-07
937 8e-07
938 4e-07
939 8e-07
940 0
941 1.2e-06
942 8e-07
943 8e-07
944 0
945 4e-07
946 0
947 4e-07
948 8e-07
949 0
950 4e-07
951 1.2e-06
952 0
953 0
954 8e-07
955 1.2e-06
956 8e-07
957 4e-07
958 0
959 0
960 0
961 8e-07
962 8e-07
963 4e-07
964 4e-07
965 4e-07
966 4e-07
967 1.2e-06
968 4e-07
969 4e-07
970 4e-07
971 4e-07
972 8e-07
973 1.6e-06
974 0
975 4e-07
976 4e-07
977 4e-07
978 4e-07
979 8e-07
980 1.2e-06
981 4e-07
982 4e-07
983 8e-07
984 8e-07
985 4e-07
986 0
987 8e-07
988 1.2e-06
989 4e-07
990 0
991 4e-07
992 8e-07
993 4e-07
994 0
995 8e-07
996 0
997 0
998 0
999 0
