0 0
1 0
2 4e-06
3 1.2e-05
4 3.2e-05
5 1.6e-05
6 5.6e-05
7 2e-05
8 3.6e-05
9 3.6e-05
10 4.8e-05
11 7.2e-05
12 4e-05
13 4.8e-05
14 7.2e-05
15 7.2e-05
16 5.6e-05
17 6.4e-05
18 3.6e-05
19 6e-05
20 8.4e-05
21 8.8e-05
22 4.8e-05
23 7.34715e-05
24 8e-05
25 6.4e-05
26 4e-05
27 4e-05
28 5.6e-05
29 6e-05
30 6.4e-05
31 4.4e-05
32 5.6e-05
33 8e-05
34 4e-05
35 4e-05
36 8.4e-05
37 5.6e-05
38 4.4e-05
39 5.34715e-05
40 2.4e-05
41 6e-05
42 3.6e-05
43 3.6e-05
44 4.4e-05
45 4e-05
46 4.8e-05
47 4e-05
48 5.6e-05
49 3.2e-05
50 4.8e-05
51 4e-05
52 3.34715e-05
53 4.4e-05
54 3.2e-05
55 6e-05
56 2.8e-05
57 3.74715e-05
58 3.2e-05
59 2e-05
60 4e-05
61 6e-05
62 2.4e-05
63 4.4e-05
64 3.6e-05
65 2e-05
66 4.8e-05
67 4.8e-05
68 5.2e-05
69 4.94715e-05
70 4.4e-05
71 2.8e-05
72 1.2e-05
73 1.6e-05
74 3.6e-05
75 2.8e-05
76 2.8e-05
77 2e-05
78 1.34715e-05
79 3.6e-05
80 3.6e-05
81 2.8e-05
82 3.74715e-05
83 3.6e-05
84 3.6e-05
85 2e-05
86 4e-05
87 2.4e-05
88 3.6e-05
89 3.2e-05
90 4e-05
91 4.8e-05
92 4.4e-05
93 3.6e-05
94 2.8e-05
95 3.2e-05
96 4.4e-05
97 3.2e-05
98 3.74715e-05
99 3.2e-05
100 2.8e-05
101 2e-05
102 9.47152e-06
103 2.4e-05
104 3.2e-05
105 2e-05
106 2.8e-05
107 3.6e-05
108 4.4e-05
109 2e-05
110 2.4e-05
111 1.2e-05
112 3.2e-05
113 2.8e-05
114 1.2e-05
115 2.14715e-05
116 2.8e-05
117 2.4e-05
118 1.74715e-05
119 1.2e-05
120 1.6e-05
121 3.6e-05
122 3.2e-05
123 2.8e-05
124 2.8e-05
125 2.6943e-05
126 2.4e-05
127 4.14715e-05
128 1.2e-05
129 3.2e-05
130 2.94715e-05
131 2.4e-05
132 3.2e-05
133 2.4e-05
134 2.8e-05
135 1.2e-05
136 2.4e-05
137 3.6e-05
138 4.8e-05
139 3.2e-05
140 2.54715e-05
141 2.8e-05
142 2e-05
143 4e-05
144 1.2e-05
145 1.6e-05
146 2.4e-05
147 0
148 1.6e-05
149 2.8e-05
150 2e-05
151 1.6e-05
152 8e-06
153 8e-06
154 2.8e-05
155 2.4e-05
156 1.6e-05
157 2.8e-05
158 1.6e-05
159 1.34715e-05
160 2e-05
161 3.2e-05
162 1.2e-05
163 2e-05
164 1.2e-05
165 4.4e-05
166 3.2e-05
167 1.2e-05
168 8e-06
169 5.2e-05
170 2.4e-05
171 2e-05
172 1.74715e-05
173 4.8e-05
174 8e-06
175 3.2e-05
176 1.6e-05
177 2e-05
178 1.2e-05
179 2.8e-05
180 1.6e-05
181 1.2e-05
182 1.2e-05
183 2.8e-05
184 1.6e-05
185 8e-06
186 4e-06
187 2.4e-05
188 1.2e-05
189 4e-06
190 2.4e-05
191 2.8e-05
192 2e-05
193 1.2e-05
194 2e-05
195 1.2e-05
196 2.54715e-05
197 2.8e-05
198 2e-05
199 2.4e-05
200 1.6e-05
201 4e-06
202 4e-06
203 0
204 8e-06
205 2.8e-05
206 2e-05
207 1.2e-05
208 2.4e-05
209 1.2e-05
210 4e-06
211 3.34715e-05
212 3.2e-05
213 2e-05
214 3.2e-05
215 2e-05
216 1.6e-05
217 2e-05
218 1.6e-05
219 1.6e-05
220 4e-06
221 2.8e-05
222 2.54715e-05
223 4e-06
224 1.6e-05
225 1.6e-05
226 1.2e-05
227 2e-05
228 1.2e-05
229 4e-06
230 1.6e-05
231 1.2e-05
232 1.2e-05
233 1.2e-05
234 2.4e-05
235 1.6e-05
236 2.4e-05
237 1.6e-05
238 2.8e-05
239 8e-06
240 4e-06
241 4e-06
242 1.6e-05
243 8e-06
244 0
245 1.2e-05
246 1.2e-05
247 4e-06
248 8e-06
249 2.4e-05
250 1.2e-05
251 2e-05
252 2.4e-05
253 4e-06
254 2.4e-05
255 2.4e-05
256 1.2e-05
257 0
258 1.2e-05
259 2.8e-05
260 2e-05
261 4e-06
262 8e-06
263 1.2e-05
264 1.6e-05
265 2.4e-05
266 1.6e-05
267 2e-05
268 4e-06
269 4e-06
270 0
271 1.6e-05
272 1.2e-05
273 4e-06
274 1.2e-05
275 8e-06
276 4e-06
277 2.4e-05
278 1.2e-05
279 1.6e-05
280 1.6e-05
281 1.6e-05
282 4e-06
283 8e-06
284 1.6e-05
285 8e-06
286 1.6e-05
287 1.2e-05
288 2e-05
289 2e-05
290 8e-06
291 8e-06
292 2.4e-05
293 2e-05
294 8e-06
295 4e-06
296 8e-06
297 1.2e-05
298 1.2e-05
299 1.2e-05
300 4e-06
301 8e-06
302 1.6e-05
303 0
304 1.6e-05
305 4e-06
306 4e-06
307 1.6e-05
308 8e-06
309 2.4e-05
310 8e-06
311 8e-06
312 1.6e-05
313 1.74715e-05
314 1.6e-05
315 1.2e-05
316 4e-06
317 2e-05
318 1.2e-05
319 4e-06
320 8e-06
321 1.2e-05
322 1.6e-05
323 4e-06
324 1.47152e-06
325 4e-06
326 2e-05
327 1.6e-05
328 2e-05
329 1.2e-05
330 8e-06
331 1.2e-05
332 2.8e-05
333 4e-06
334 1.2e-05
335 9.47152e-06
336 1.6e-05
337 1.2e-05
338 2e-05
339 4e-06
340 8e-06
341 1.2e-05
342 8e-06
343 4e-06
344 1.2e-05
345 1.2e-05
346 1.2e-05
347 1.6e-05
348 1.6e-05
349 8e-06
350 8e-06
351 4e-06
352 1.34715e-05
353 1.34715e-05
354 1.2e-05
355 8e-06
356 8e-06
357 1.2e-05
358 8e-06
359 1.6e-05
360 0
361 3.4943e-05
362 4e-06
363 1.2e-05
364 2e-05
365 1.6e-05
366 0
367 1.2e-05
368 0
369 1.6e-05
370 1.2e-05
371 0
372 8e-06
373 8e-06
374 1.2e-05
375 8e-06
376 1.6e-05
377 2e-05
378 5.47152e-06
379 8e-06
380 4e-06
381 0
382 8e-06
383 1.6e-05
384 1.2e-05
385 1.2e-05
386 4e-06
387 8e-06
388 1.6e-05
389 4e-06
390 1.6e-05
391 1.2e-05
392 1.2e-05
393 1.2e-05
394 0
395 1.2e-05
396 8e-06
397 1.2e-05
398 8e-06
399 1.6e-05
400 4e-06
401 1.6e-05
402 4e-06
403 1.2e-05
404 8e-06
405 1.2e-05
406 0
407 4e-06
408 4e-06
409 1.34715e-05
410 1.2e-05
411 4e-06
412 8e-06
413 2.8e-05
414 8e-06
415 1.2e-05
416 8e-06
417 2.4e-05
418 2e-05
419 8e-06
420 1.34715e-05
421 4e-06
422 5.47152e-06
423 4e-06
424 1.6e-05
425 8e-06
426 8e-06
427 0
428 8e-06
429 1.2e-05
430 1.2e-05
431 4e-06
432 0
433 1.2e-05
434 8e-06
435 4e-06
436 9.47152e-06
437 4e-06
438 1.6e-05
439 8e-06
440 8e-06
441 1.34715e-05
442 4e-06
443 8e-06
444 4e-06
445 9.47152e-06
446 4e-06
447 1.2e-05
448 4e-06
449 8e-06
450 4e-06
451 8e-06
452 9.47152e-06
453 4e-06
454 2.4e-05
455 4e-06
456 4e-06
457 4e-06
458 1.6e-05
459 1.2e-05
460 1.2e-05
461 4e-06
462 0
463 1.6e-05
464 1.2e-05
465 4e-06
466 1.2e-05
467 4e-06
468 4e-06
469 4e-06
470 8e-06
471 5.47152e-06
472 8e-06
473 4e-06
474 8e-06
475 0
476 8e-06
477 4e-06
478 8e-06
479 1.2e-05
480 1.6e-05
481 1.6e-05
482 1.2e-05
483 8e-06
484 1.2e-05
485 1.2e-05
486 4e-06
487 4e-06
488 8e-06
489 8e-06
490 4e-06
491 1.2e-05
492 8e-06
493 2.4e-05
494 1.2e-05
495 8e-06
496 8e-06
497 4e-06
498 1.34715e-05
499 4e-06
500 8e-06
501 8e-06
502 1.2e-05
503 0
504 0
505 2e-05
506 1.2e-05
507 0
508 1.2e-05
509 4e-06
510 8e-06
511 0
512 8e-06
513 0
514 8e-06
515 4e-06
516 0
517 9.47152e-06
518 8e-06
519 8e-06
520 8e-06
521 4e-06
522 2e-05
523 4e-06
524 0
525 0
526 4e-06
527 4e-06
528 4e-06
529 0
530 1.2e-05
531 5.47152e-06
532 8e-06
533 4e-06
534 8e-06
535 4e-06
536 1.6e-05
537 0
538 0
539 2e-05
540 0
541 8e-06
542 0
543 4e-06
544 8e-06
545 2e-05
546 1.6e-05
547 8e-06
548 1.6e-05
549 2e-05
550 1.6e-05
551 4e-06
552 4e-06
553 1.2e-05
554 8e-06
555 2.4e-05
556 9.47152e-06
557 1.6e-05
558 1.2e-05
559 1.6e-05
560 8e-06
561 8e-06
562 4e-06
563 1.2e-05
564 4e-06
565 4e-06
566 1.34715e-05
567 0
568 1.6e-05
569 4e-06
570 1.47152e-06
571 8e-06
572 8e-06
573 8e-06
574 8e-06
575 8e-06
576 8e-06
577 1.6e-05
578 4e-06
579 4e-06
580 8e-06
581 1.6e-05
582 1.6e-05
583 1.6e-05
584 8e-06
585 8e-06
586 0
587 1.2e-05
588 0
589 2.4e-05
590 1.2e-05
591 4e-06
592 8e-06
593 4e-06
594 4e-06
595 8e-06
596 4e-06
597 1.2e-05
598 4e-06
599 0
600 0
601 4e-06
602 4e-06
603 4e-06
604 0
605 4e-06
606 8e-06
607 8e-06
608 0
609 0
610 1.2e-05
611 0
612 4e-06
613 1.2e-05
614 1.34715e-05
615 1.47152e-06
616 4e-06
617 8e-06
618 8e-06
619 8e-06
620 0
621 4e-06
622 4e-06
623 1.2e-05
624 1.2e-05
625 4e-06
626 8e-06
627 0
628 4e-06
629 4e-06
630 8e-06
631 1.2e-05
632 4e-06
633 8e-06
634 4e-06
635 0
636 4e-06
637 8e-06
638 8e-06
639 8e-06
640 1.2e-05
641 5.47152e-06
642 1.2e-05
643 4e-06
644 8e-06
645 4e-06
646 0
647 4e-06
648 4e-06
649 0
650 8e-06
651 1.2e-05
652 8e-06
653 4e-06
654 1.2e-05
655 4e-06
656 0
657 1.6e-05
658 4e-06
659 4e-06
660 4e-06
661 0
662 4e-06
663 2e-05
664 1.2e-05
665 4e-06
666 0
667 4e-06
668 8e-06
669 4e-06
670 0
671 0
672 4e-06
673 8e-06
674 4e-06
675 8e-06
676 4e-06
677 1.2e-05
678 8e-06
679 8e-06
680 1.2e-05
681 0
682 1.6e-05
683 4e-06
684 8e-06
685 8e-06
686 4e-06
687 0
688 0
689 4e-06
690 0
691 4e-06
692 4e-06
693 0
694 8e-06
695 4e-06
696 2.4e-05
697 5.47152e-06
698 8e-06
699 8e-06
700 2e-05
701 0
702 8e-06
703 8e-06
704 4e-06
705 1.2e-05
706 0
707 4e-06
708 0
709 1.2e-05
710 0
711 1.6e-05
712 8e-06
713 4e-06
714 4e-06
715 1.2e-05
716 0
717 0
718 0
719 0
720 4e-06
721 4e-06
722 4e-06
723 4e-06
724 8e-06
725 4e-06
726 1.2e-05
727 0
728 1.2e-05
729 8e-06
730 2e-05
731 4e-06
732 0
733 0
734 4e-06
735 0
736 0
737 4e-06
738 0
739 4e-06
740 4e-06
741 1.2e-05
742 8e-06
743 1.2e-05
744 0
745 4e-06
746 0
747 0
748 4e-06
749 1.34715e-05
750 1.2e-05
751 4e-06
752 8e-06
753 0
754 8e-06
755 1.2e-05
756 0
757 1.2e-05
758 4e-06
759 0
760 8e-06
761 4e-06
762 0
763 4e-06
764 5.47152e-06
765 4e-06
766 0
767 8e-06
768 1.6e-05
769 8e-06
770 4e-06
771 0
772 4e-06
773 4e-06
774 0
775 8e-06
776 1.2e-05
777 4e-06
778 0
779 4e-06
780 5.47152e-06
781 4e-06
782 4e-06
783 1.6e-05
784 8e-06
785 0
786 8e-06
787 8e-06
788 0
789 8e-06
790 1.2e-05
791 4e-06
792 4e-06
793 4e-06
794 1.6e-05
795 4e-06
796 1.2e-05
797 1.2e-05
798 1.2e-05
799 1.47152e-06
800 4e-06
801 8e-06
802 0
803 1.2e-05
804 8e-06
805 1.2e-05
806 4e-06
807 4e-06
808 2e-05
809 4e-06
810 0
811 0
812 0
813 4e-06
814 4e-06
815 4e-06
816 8e-06
817 0
818 0
819 8e-06
820 0
821 1.6e-05
822 0
823 1.2e-05
824 0
825 4e-06
826 4e-06
827 4e-06
828 8e-06
829 1.2e-05
830 8e-06
831 0
832 4e-06
833 4e-06
834 4e-06
835 1.6e-05
836 0
837 8e-06
838 4e-06
839 8e-06
840 4e-06
841 0
842 0
843 0
844 4e-06
845 0
846 4e-06
847 1.2e-05
848 1.2e-05
849 8e-06
850 4e-06
851 4e-06
852 0
853 0
854 4e-06
855 8e-06
856 1.6e-05
857 8e-06
858 4e-06
859 0
860 0
861 4e-06
862 8e-06
863 4e-06
864 4e-06
865 8e-06
866 4e-06
867 0
868 2e-05
869 0
870 4e-06
871 4e-06
872 8e-06
873 4e-06
874 0
875 1.2e-05
876 4e-06
877 1.47152e-06
878 4e-06
879 4e-06
880 0
881 4e-06
882 1.2e-05
883 1.2e-05
884 8e-06
885 8e-06
886 1.2e-05
887 4e-06
888 4e-06
889 8e-06
890 0
891 8e-06
892 1.47152e-06
893 4e-06
894 1.2e-05
895 8e-06
896 4e-06
897 8e-06
898 1.2e-05
899 8e-06
900 0
901 4e-06
902 8e-06
903 5.47152e-06
904 0
905 1.2e-05
906 4e-06
907 4e-06
908 4e-06
909 4e-06
910 8e-06
911 8e-06
912 0
913 0
914 4e-06
915 8e-06
916 4e-06
917 8e-06
918 4e-06
919 0
920 0
921 8e-06
922 4e-06
923 0
924 0
925 8e-06
926 4e-06
927 0
928 0
929 0
930 4e-06
931 0
932 4e-06
933 4e-06
934 0
935 4e-06
936 4e-06
937 4e-06
938 1.2e-05
939 8e-06
940 0
941 0
942 4e-06
943 8e-06
944 8e-06
945 8e-06
946 8e-06
947 0
948 4e-06
949 1.2e-05
950 4e-06
951 0
952 4e-06
953 1.6e-05
954 0
955 8e-06
956 8e-06
957 1.2e-05
958 0
959 4e-06
960 0
961 8e-06
962 8e-06
963 0
964 4e-06
965 1.2e-05
966 4e-06
967 0
968 8e-06
969 8e-06
970 4e-06
971 1.2e-05
972 8e-06
973 4e-06
974 0
975 4e-06
976 0
977 0
978 4e-06
979 9.47152e-06
980 8e-06
981 0
982 8e-06
983 4e-06
984 8e-06
985 4e-06
986 0
987 0
988 1.2e-05
989 0
990 0
991 4e-06
992 4e-06
993 2e-05
994 0
995 8e-06
996 4e-06
997 0
998 4e-06
999 0
