0 0
1 0.0001088
2 7.88e-05
3 4.71619e-05
4 3.44e-05
5 3.76e-05
6 2.68e-05
7 2.91619e-05
8 2.12e-05
9 2.24e-05
10 1.67619e-05
11 1.87619e-05
12 1.72e-05
13 1.12e-05
14 1.12e-05
15 1.43619e-05
16 1.2e-05
17 8.4e-06
18 1.19619e-05
19 1.36e-05
20 1.12e-05
21 1.08e-05
22 7.6e-06
23 1.16e-05
24 8.76193e-06
25 7.2e-06
26 9.16193e-06
27 1e-05
28 8e-06
29 8.8e-06
30 8.8e-06
31 3.6e-06
32 4.8e-06
33 6.8e-06
34 7.2e-06
35 4.8e-06
36 6.8e-06
37 4.8e-06
38 1.04e-05
39 6e-06
40 7.92387e-06
41 7.16193e-06
42 5.16193e-06
43 5.4858e-06
44 8.76193e-06
45 4e-06
46 4e-06
47 6.4e-06
48 3.6e-06
49 4e-06
50 5.2e-06
51 3.6e-06
52 3.2e-06
53 5.96193e-06
54 4.4e-06
55 3.6e-06
56 4.4e-06
57 4e-06
58 3.2e-06
59 4e-06
60 5.2e-06
61 3.6e-06
62 3.6e-06
63 2.8e-06
64 5.2e-06
65 3.6e-06
66 4e-06
67 5.2e-06
68 6e-06
69 4.4e-06
70 3.2e-06
71 4e-06
72 2.8e-06
73 2e-06
74 6.36193e-06
75 4.4e-06
76 2.8e-06
77 2.76193e-06
78 6.36193e-06
79 3.2e-06
80 3.2e-06
81 2e-06
82 2.8e-06
83 2.8e-06
84 2.4e-06
85 3.2e-06
86 3.6e-06
87 3.6e-06
88 4e-06
89 4.4e-06
90 2e-06
91 2e-06
92 3.2e-06
93 2.76193e-06
94 2.4e-06
95 1.6e-06
96 2e-06
97 2.8e-06
98 4.8e-06
99 2.4e-06
100 2.8e-06
101 2e-06
102 2.4e-06
103 3.2e-06
104 3.2e-06
105 2.4e-06
106 4.8e-06
107 2.4e-06
108 3.6e-06
109 3.6e-06
110 1.2e-06
111 4e-07
112 2.4e-06
113 4e-07
114 2.4e-06
115 3.6e-06
116 1.6e-06
117 3.2e-06
118 8e-07
119 2e-06
120 3.2e-06
121 3.2e-06
122 4.8e-06
123 2.4e-06
124 4.4e-06
125 4e-06
126 1.6e-06
127 2.76193e-06
128 1.6e-06
129 2.36193e-06
130 2e-06
131 2.4e-06
132 2.4e-06
133 2.8e-06
134 2e-06
135 1.2e-06
136 2.76193e-06
137 1.6e-06
138 1.2e-06
139 2e-06
140 2e-06
141 3.2e-06
142 2e-06
143 1.6e-06
144 1.2e-06
145 2.76193e-06
146 3.2e-06
147 2e-06
148 4e-07
149 1.6e-06
150 2e-06
151 4e-06
152 1.2e-06
153 3.2e-06
154 2.4e-06
155 3.2e-06
156 8e-07
157 1.2e-06
158 2.8e-06
159 1.2e-06
160 2.4e-06
161 1.6e-06
162 2.8e-06
163 2e-06
164 1.96193e-06
165 2.4e-06
166 3.2e-06
167 4e-07
168 4e-06
169 1.56193e-06
170 1.2e-06
171 2e-06
172 2.4e-06
173 4e-07
174 1.2e-06
175 2e-06
176 1.56193e-06
177 1.2e-06
178 1.6e-06
179 1.2e-06
180 2.8e-06
181 1.6e-06
182 2e-06
183 1.6e-06
184 2.8e-06
185 4e-06
186 1.6e-06
187 3.6e-06
188 2.8e-06
189 7.61935e-07
190 1.2e-06
191 5.2e-06
192 2.36193e-06
193 4e-07
194 4e-07
195 1.6e-06
196 2.4e-06
197 1.56193e-06
198 2.4e-06
199 1.6e-06
200 4e-07
201 4e-07
202 0
203 2e-06
204 1.2e-06
205 4e-07
206 2e-06
207 4e-07
208 2e-06
209 2.36193e-06
210 1.6e-06
211 0
212 2e-06
213 8e-07
214 8e-07
215 1.2e-06
216 1.16193e-06
217 3.2e-06
218 1.6e-06
219 8e-07
220 2e-06
221 1.6e-06
222 8e-07
223 3.61935e-07
224 1.2e-06
225 2e-06
226 1.6e-06
227 1.2e-06
228 2.4e-06
229 8e-07
230 1.6e-06
231 2.4e-06
232 2e-06
233 2.76193e-06
234 4e-07
235 4e-07
236 1.6e-06
237 2e-06
238 3.2e-06
239 1.6e-06
240 2e-06
241 2.36193e-06
242 4e-07
243 0
244 1.6e-06
245 1.6e-06
246 4e-07
247 1.96193e-06
248 1.2e-06
249 2e-06
250 1.6e-06
251 2e-06
252 1.2e-06
253 1.6e-06
254 1.6e-06
255 8e-07
256 8e-07
257 2e-06
258 1.6e-06
259 1.16193e-06
260 4e-07
261 1.6e-06
262 1.2e-06
263 1.6e-06
264 4e-07
265 8e-07
266 1.2e-06
267 8e-07
268 1.2e-06
269 8e-07
270 2.4e-06
271 8e-07
272 2e-06
273 1.2e-06
274 2.4e-06
275 1.2e-06
276 1.6e-06
277 2e-06
278 8e-07
279 8e-07
280 2e-06
281 1.6e-06
282 8e-07
283 2.4e-06
284 1.56193e-06
285 2e-06
286 2e-06
287 4e-07
288 2e-06
289 2e-06
290 4e-07
291 2.4e-06
292 8e-07
293 3.6e-06
294 1.2e-06
295 2e-06
296 8e-07
297 4e-07
298 8e-07
299 8e-07
300 1.16193e-06
301 8e-07
302 4e-07
303 1.6e-06
304 1.2e-06
305 1.6e-06
306 1.6e-06
307 8e-07
308 1.2e-06
309 1.2e-06
310 2.36193e-06
311 2e-06
312 1.2e-06
313 1.6e-06
314 4e-07
315 1.2e-06
316 1.2e-06
317 8e-07
318 8e-07
319 1.6e-06
320 1.2e-06
321 2e-06
322 8e-07
323 1.2e-06
324 1.6e-06
325 2e-06
326 4e-07
327 2e-06
328 1.6e-06
329 8e-07
330 2e-06
331 0
332 8e-07
333 1.2e-06
334 0
335 1.6e-06
336 8e-07
337 1.6e-06
338 8e-07
339 2e-06
340 4e-07
341 8e-07
342 4e-07
343 2.76193e-06
344 1.6e-06
345 4e-07
346 8e-07
347 8e-07
348 8e-07
349 1.2e-06
350 4e-07
351 4e-07
352 8e-07
353 8e-07
354 1.6e-06
355 4e-07
356 8e-07
357 4e-07
358 4e-07
359 1.2e-06
360 1.2e-06
361 2e-06
362 3.61935e-07
363 2e-06
364 1.6e-06
365 1.2e-06
366 3.61935e-07
367 1.2e-06
368 1.2e-06
369 4e-07
370 4e-07
371 1.6e-06
372 4e-07
373 8e-07
374 4e-07
375 3.6e-06
376 1.2e-06
377 4e-07
378 1.2e-06
379 8e-07
380 1.2e-06
381 2e-06
382 8e-07
383 8e-07
384 0
385 8e-07
386 1.2e-06
387 8e-07
388 4e-07
389 8e-07
390 8e-07
391 8e-07
392 4e-07
393 1.2e-06
394 4e-07
395 8e-07
396 2e-06
397 1.2e-06
398 1.2e-06
399 1.16193e-06
400 1.2e-06
401 2e-06
402 0
403 8e-07
404 0
405 1.16193e-06
406 8e-07
407 1.2e-06
408 1.2e-06
409 8e-07
410 1.2e-06
411 1.2e-06
412 8e-07
413 4e-07
414 4e-07
415 7.61935e-07
416 1.2e-06
417 7.61935e-07
418 1.2e-06
419 8e-07
420 0
421 1.2e-06
422 1.2e-06
423 1.56193e-06
424 0
425 1.2e-06
426 1.2e-06
427 1.2e-06
428 8e-07
429 4e-07
430 4e-07
431 1.2e-06
432 0
433 0
434 0
435 4e-07
436 4e-07
437 8e-07
438 8e-07
439 0
440 8e-07
441 1.6e-06
442 8e-07
443 8e-07
444 8e-07
445 4e-07
446 1.6e-06
447 4e-07
448 4e-07
449 8e-07
450 4e-07
451 8e-07
452 4e-07
453 1.56193e-06
454 8e-07
455 1.2e-06
456 4e-07
457 8e-07
458 4e-07
459 1.2e-06
460 0
461 4e-07
462 1.2e-06
463 1.16193e-06
464 8e-07
465 4e-07
466 1.2e-06
467 8e-07
468 8e-07
469 8e-07
470 2e-06
471 8e-07
472 1.2e-06
473 0
474 4e-07
475 4e-07
476 8e-07
477 8e-07
478 0
479 8e-07
480 0
481 8e-07
482 8e-07
483 8e-07
484 1.6e-06
485 1.2e-06
486 8e-07
487 8e-07
488 1.2e-06
489 1.6e-06
490 8e-07
491 4e-07
492 1.2e-06
493 8e-07
494 1.16193e-06
495 1.16193e-06
496 8e-07
497 8e-07
498 1.2e-06
499 0
500 2.36193e-06
501 4e-07
502 1.6e-06
503 1.2e-06
504 4e-07
505 0
506 4e-07
507 4e-07
508 1.2e-06
509 8e-07
510 1.16193e-06
511 0
512 1.2e-06
513 1.2e-06
514 4e-07
515 4e-07
516 8e-07
517 8e-07
518 4e-07
519 4e-07
520 8e-07
521 4e-07
522 4e-07
523 4e-07
524 8e-07
525 1.6e-06
526 1.6e-06
527 0
528 4e-07
529 0
530 8e-07
531 2.4e-06
532 1.2e-06
533 8e-07
534 3.61935e-07
535 2e-06
536 1.6e-06
537 8e-07
538 0
539 1.6e-06
540 1.12387e-06
541 1.2e-06
542 1.2e-06
543 1.56193e-06
544 2e-06
545 1.96193e-06
546 1.2e-06
547 0
548 4e-07
549 1.2e-06
550 8e-07
551 8e-07
552 0
553 8e-07
554 1.2e-06
555 8e-07
556 1.2e-06
557 4e-07
558 4e-07
559 0
560 8e-07
561 1.6e-06
562 0
563 8e-07
564 1.2e-06
565 4e-07
566 4e-07
567 8e-07
568 4e-07
569 4e-07
570 4e-07
571 0
572 7.61935e-07
573 1.2e-06
574 1.6e-06
575 4e-07
576 1.2e-06
577 1.16193e-06
578 0
579 8e-07
580 4e-07
581 8e-07
582 0
583 8e-07
584 1.56193e-06
585 8e-07
586 4e-07
587 0
588 1.2e-06
589 4e-07
590 8e-07
591 2.4e-06
592 8e-07
593 1.6e-06
594 8e-07
595 4e-07
596 3.61935e-07
597 4e-07
598 1.2e-06
599 4e-07
600 1.6e-06
601 4e-07
602 8e-07
603 8e-07
604 4e-07
605 2e-06
606 4e-07
607 0
608 4e-07
609 1.2e-06
610 8e-07
611 4e-07
612 4e-07
613 4e-07
614 8e-07
615 4e-07
616 4e-07
617 8e-07
618 0
619 4e-07
620 2e-06
621 0
622 4e-07
623 4e-07
624 4e-07
625 1.6e-06
626 1.6e-06
627 8e-07
628 1.2e-06
629 8e-07
630 1.2e-06
631 8e-07
632 4e-07
633 8e-07
634 4e-07
635 4e-07
636 0
637 1.6e-06
638 8e-07
639 8e-07
640 1.2e-06
641 4e-07
642 8e-07
643 0
644 1.2e-06
645 8e-07
646 0
647 8e-07
648 1.2e-06
649 0
650 8e-07
651 1.2e-06
652 8e-07
653 0
654 0
655 4e-07
656 8e-07
657 8e-07
658 1.2e-06
659 8e-07
660 1.2e-06
661 8e-07
662 0
663 0
664 4e-07
665 1.2e-06
666 4e-07
667 0
668 0
669 1.6e-06
670 0
671 8e-07
672 4e-07
673 0
674 8e-07
675 8e-07
676 8e-07
677 1.2e-06
678 3.61935e-07
679 4e-07
680 4e-07
681 1.6e-06
682 1.2e-06
683 4e-07
684 0
685 4e-07
686 8e-07
687 1.2e-06
688 1.2e-06
689 0
690 8e-07
691 2.36193e-06
692 1.96193e-06
693 3.61935e-07
694 0
695 1.2e-06
696 4e-07
697 2e-06
698 0
699 8e-07
700 2e-06
701 1.6e-06
702 8e-07
703 8e-07
704 1.2e-06
705 4e-07
706 4e-07
707 0
708 4e-07
709 1.6e-06
710 1.16193e-06
711 0
712 4e-07
713 4e-07
714 4e-07
715 1.2e-06
716 0
717 4e-07
718 4e-07
719 1.2e-06
720 8e-07
721 8e-07
722 4e-07
723 4e-07
724 1.2e-06
725 4e-07
726 8e-07
727 4e-07
728 0
729 0
730 0
731 1.6e-06
732 4e-07
733 4e-07
734 8e-07
735 2e-06
736 8e-07
737 0
738 1.2e-06
739 4e-07
740 0
741 8e-07
742 8e-07
743 4e-07
744 0
745 4e-07
746 0
747 8e-07
748 1.2e-06
749 0
750 0
751 4e-07
752 0
753 4e-07
754 4e-07
755 8e-07
756 4e-07
757 4e-07
758 0
759 4e-07
760 4e-07
761 0
762 4e-07
763 4e-07
764 0
765 0
766 0
767 0
768 4e-07
769 0
770 2.36193e-06
771 4e-07
772 8e-07
773 4e-07
774 0
775 4e-07
776 1.6e-06
777 4e-07
778 4e-07
779 4e-07
780 4e-07
781 0
782 0
783 4e-07
784 4e-07
785 0
786 4e-07
787 1.2e-06
788 7.61935e-07
789 4e-07
790 4e-07
791 4e-07
792 8e-07
793 8e-07
794 4e-07
795 4e-07
796 4e-07
797 1.6e-06
798 0
799 8e-07
800 8e-07
801 4e-07
802 1.6e-06
803 4e-07
804 0
805 8e-07
806 0
807 0
808 8e-07
809 4e-07
810 4e-07
811 0
812 4e-07
813 3.61935e-07
814 1.2e-06
815 4e-07
816 0
817 1.2e-06
818 4e-07
819 1.2e-06
820 0
821 3.61935e-07
822 4e-07
823 4e-07
824 0
825 1.2e-06
826 8e-07
827 4e-07
828 8e-07
829 0
830 4e-07
831 8e-07
832 4e-07
833 8e-07
834 4e-07
835 4e-07
836 4e-07
837 2e-06
838 4e-07
839 8e-07
840 0
841 3.61935e-07
842 4e-07
843 4e-07
844 4e-07
845 8e-07
846 1.2e-06
847 4e-07
848 3.61935e-07
849 8e-07
850 8e-07
851 0
852 4e-07
853 4e-07
854 0
855 0
856 8e-07
857 8e-07
858 1.2e-06
859 4e-07
860 0
861 1.6e-06
862 1.2e-06
863 4e-07
864 3.61935e-07
865 4e-07
866 0
867 8e-07
868 1.2e-06
869 4e-07
870 4e-07
871 1.2e-06
872 4e-07
873 4e-07
874 8e-07
875 8e-07
876 1.16193e-06
877 0
878 0
879 0
880 4e-07
881 0
882 4e-07
883 1.2e-06
884 4e-07
885 0
886 8e-07
887 8e-07
888 4e-07
889 1.2e-06
890 8e-07
891 8e-07
892 8e-07
893 4e-07
894 1.2e-06
895 0
896 0
897 4e-07
898 4e-07
899 4e-07
900 0
901 0
902 1.2e-06
903 4e-07
904 0
905 0
906 0
907 1.2e-06
908 4e-07
909 1.2e-06
910 8e-07
911 4e-07
912 1.2e-06
913 4e-07
914 0
915 8e-07
916 1.2e-06
917 0
918 0
919 8e-07
920 4e-07
921 0
922 8e-07
923 4e-07
924 1.2e-06
925 0
926 0
927 0
928 8e-07
929 4e-07
930 8e-07
931 0
932 1.2e-06
933 4e-07
934 4e-07
935 1.2e-06
936 4e-07
937 1.2e-06
938 4e-07
939 4e-07
940 4e-07
941 4e-07
942 1.2e-06
943 4e-07
944 8e-07
945 8e-07
946 4e-07
947 0
948 1.6e-06
949 8e-07
950 1.2e-06
951 0
952 4e-07
953 8e-07
954 8e-07
955 4e-07
956 4e-07
957 0
958 0
959 4e-07
960 4e-07
961 8e-07
962 1.2e-06
963 4e-07
964 0
965 4e-07
966 8e-07
967 8e-07
968 3.61935e-07
969 4e-07
970 4e-07
971 8e-07
972 0
973 0
974 1.2e-06
975 4e-07
976 4e-07
977 4e-07
978 4e-07
979 4e-07
980 4e-07
981 8e-07
982 0
983 4e-07
984 4e-07
985 4e-07
986 0
987 4e-07
988 1.2e-06
989 0
990 1.2e-06
991 8e-07
992 4e-07
993 0
994 0
995 1.2e-06
996 8e-07
997 4e-07
998 4e-07
999 0
