0 0
1 0
2 0
3 0
4 0
5 0
6 0
7 4e-06
8 0
9 0
10 0
11 0
12 0
13 4e-06
14 0
15 0
16 0
17 0
18 2.4e-05
19 0
20 4e-06
21 0
22 4e-06
23 8e-06
24 8e-06
25 0
26 4e-06
27 0
28 8e-06
29 4e-06
30 8e-06
31 0
32 0
33 4e-06
34 4e-06
35 4e-06
36 8e-06
37 8e-06
38 1.6e-05
39 1.2e-05
40 8e-06
41 1.6e-05
42 1.6e-05
43 1.2e-05
44 2e-05
45 8e-06
46 0
47 4e-06
48 1.6e-05
49 2.4e-05
50 4e-06
51 8e-06
52 8e-06
53 8e-06
54 2.4e-05
55 2e-05
56 1.6e-05
57 1.6e-05
58 8e-06
59 1.6e-05
60 8e-06
61 1.6e-05
62 2e-05
63 0
64 3.2e-05
65 2.4e-05
66 2.14715e-05
67 2.4e-05
68 1.6e-05
69 8e-06
70 1.2e-05
71 2e-05
72 1.2e-05
73 4e-06
74 1.2e-05
75 8e-06
76 1.6e-05
77 3.6e-05
78 3.2e-05
79 2e-05
80 3.2e-05
81 2e-05
82 1.6e-05
83 1.6e-05
84 1.2e-05
85 8e-06
86 3.2e-05
87 2e-05
88 1.6e-05
89 1.2e-05
90 2e-05
91 1.6e-05
92 3.34715e-05
93 4.8e-05
94 1.6e-05
95 2.4e-05
96 3.6e-05
97 3.2e-05
98 2.4e-05
99 2e-05
100 2e-05
101 3.6e-05
102 3.2e-05
103 2.4e-05
104 1.6e-05
105 1.6e-05
106 3.2e-05
107 2e-05
108 3.2e-05
109 2.8e-05
110 2.8e-05
111 3.2e-05
112 3.2e-05
113 1.2e-05
114 2.8e-05
115 9.47152e-06
116 2e-05
117 3.6e-05
118 9.47152e-06
119 2.8e-05
120 2.54715e-05
121 1.6e-05
122 1.6e-05
123 2.8e-05
124 2.54715e-05
125 1.2e-05
126 2.8e-05
127 2e-05
128 1.6e-05
129 2.8e-05
130 2.8e-05
131 6.14715e-05
132 2.8e-05
133 8e-06
134 2e-05
135 2.14715e-05
136 1.2e-05
137 3.6e-05
138 1.2e-05
139 2.4e-05
140 2.4e-05
141 4e-05
142 1.6e-05
143 1.6e-05
144 3.6e-05
145 2e-05
146 2.4e-05
147 1.2e-05
148 4e-05
149 3.6e-05
150 2e-05
151 5.47152e-06
152 4.8e-05
153 1.6e-05
154 2.8e-05
155 3.6e-05
156 1.6e-05
157 3.2e-05
158 2.4e-05
159 2.8e-05
160 2.4e-05
161 2.8e-05
162 3.6e-05
163 1.2e-05
164 4e-05
165 2e-05
166 2.94715e-05
167 2.4e-05
168 3.2e-05
169 1.2e-05
170 4.54715e-05
171 1.6e-05
172 1.34715e-05
173 1.34715e-05
174 4e-05
175 3.6e-05
176 4.4e-05
177 4e-05
178 2.8e-05
179 2.4e-05
180 6e-05
181 4.45413e-05
182 2e-05
183 3.6e-05
184 3.2e-05
185 2.8e-05
186 4e-05
187 1.6e-05
188 2.4e-05
189 3.6e-05
190 2.8e-05
191 2.4e-05
192 2.8e-05
193 3.2e-05
194 2e-05
195 4.4e-05
196 4e-05
197 3.6e-05
198 3.6e-05
199 3.6e-05
200 3.6e-05
201 2e-05
202 3.6e-05
203 3.6e-05
204 4.4e-05
205 2.4e-05
206 2.94715e-05
207 1.6e-05
208 2e-05
209 2.4e-05
210 2.94304e-06
211 3.2e-05
212 2.4e-05
213 4e-05
214 2.4e-05
215 2.8e-05
216 1.6e-05
217 3.6e-05
218 2e-05
219 2.4e-05
220 2.8e-05
221 3.2e-05
222 4.8e-05
223 3.6e-05
224 4.54715e-05
225 2.8e-05
226 2.4e-05
227 3.2e-05
228 2.4e-05
229 1.2e-05
230 3.2e-05
231 1.6e-05
232 3.2e-05
233 2e-05
234 3.2e-05
235 3.6e-05
236 3.2e-05
237 5.6e-05
238 5.34715e-05
239 3.2e-05
240 8e-06
241 2.8e-05
242 4.8e-05
243 1.2e-05
244 2.4e-05
245 2.8e-05
246 2e-05
247 1.2e-05
248 2.4e-05
249 2.4e-05
250 1.6e-05
251 4e-05
252 4e-05
253 1.6e-05
254 4e-05
255 3.2e-05
256 4.4e-05
257 2e-05
258 3.2e-05
259 4e-05
260 2e-05
261 2.6943e-05
262 2e-05
263 4.4e-05
264 3.2e-05
265 3.6e-05
266 2e-05
267 4e-05
268 2.14715e-05
269 1.2e-05
270 3.6e-05
271 2.4e-05
272 3.6e-05
273 2e-05
274 1.2e-05
275 2e-05
276 4e-05
277 1.2e-05
278 3.2e-05
279 1.2e-05
280 1.6e-05
281 2.4e-05
282 2e-05
283 2e-05
284 2.94715e-05
285 4.4e-05
286 5.2e-05
287 1.6e-05
288 1.6e-05
289 1.47152e-06
290 8e-06
291 3.6e-05
292 5.2e-05
293 2.8e-05
294 2.8e-05
295 2.4e-05
296 4e-05
297 3.6e-05
298 5.74715e-05
299 2.4e-05
300 2e-05
301 2e-05
302 1.6e-05
303 2e-05
304 2.8e-05
305 1.2e-05
306 2.4e-05
307 1.6e-05
308 2e-05
309 2.8e-05
310 3.6e-05
311 4e-06
312 2.94715e-05
313 2.8e-05
314 1.6e-05
315 2e-05
316 1.2e-05
317 3.34715e-05
318 4.6943e-05
319 2e-05
320 1.6e-05
321 2e-05
322 2.8e-05
323 2.4e-05
324 1.2e-05
325 4.4e-05
326 2.8e-05
327 8e-06
328 2.8e-05
329 1.6e-05
330 2.14715e-05
331 2.4e-05
332 2.8e-05
333 3.2e-05
334 2e-05
335 1.6e-05
336 2.4e-05
337 3.2e-05
338 1.6e-05
339 2.54715e-05
340 3.2e-05
341 2.4e-05
342 1.2e-05
343 1.2e-05
344 3.6e-05
345 2e-05
346 2e-05
347 2e-05
348 4e-05
349 2.94715e-05
350 3.74715e-05
351 2.94715e-05
352 3.2e-05
353 1.2e-05
354 2.4e-05
355 1.6e-05
356 2e-05
357 2.8e-05
358 3.2e-05
359 2e-05
360 2.4e-05
361 2e-05
362 2.4e-05
363 1.2e-05
364 2.4e-05
365 3.74715e-05
366 2e-05
367 3.2e-05
368 2e-05
369 8e-06
370 4.8e-05
371 1.2e-05
372 2e-05
373 2.54715e-05
374 3.6e-05
375 2.8e-05
376 2.14715e-05
377 3.2e-05
378 8e-06
379 3.6e-05
380 2.8e-05
381 2e-05
382 3.6e-05
383 3.6e-05
384 3.2e-05
385 1.6e-05
386 4.4e-05
387 2.4e-05
388 1.6e-05
389 3.2e-05
390 2e-05
391 1.6e-05
392 8e-06
393 2.8e-05
394 2.4e-05
395 2.8e-05
396 3.2e-05
397 2.8e-05
398 2.4e-05
399 1.2e-05
400 2e-05
401 1.34715e-05
402 3.2e-05
403 1.6e-05
404 3.2e-05
405 1.2e-05
406 3.2e-05
407 2.4e-05
408 3.74715e-05
409 2e-05
410 1.6e-05
411 2e-05
412 8e-06
413 1.2e-05
414 1.2e-05
415 2.54715e-05
416 2e-05
417 2.4e-05
418 3.6e-05
419 1.2e-05
420 2.4e-05
421 2.4e-05
422 1.2e-05
423 2.8e-05
424 1.6e-05
425 3.2e-05
426 3.2e-05
427 2.4e-05
428 2.8e-05
429 3.2e-05
430 3.2e-05
431 4e-06
432 1.34715e-05
433 2.8e-05
434 8e-06
435 2.8e-05
436 4.4e-05
437 2e-05
438 2.8e-05
439 2.54715e-05
440 2.54715e-05
441 2.8e-05
442 2e-05
443 3.6e-05
444 2.14715e-05
445 1.6e-05
446 2.54715e-05
447 2.94715e-05
448 2.8e-05
449 8e-06
450 2.4e-05
451 2.94715e-05
452 2.8e-05
453 2.94715e-05
454 1.34715e-05
455 2.8e-05
456 2.54715e-05
457 1.2e-05
458 2.14715e-05
459 2.14715e-05
460 2.14715e-05
461 2.8e-05
462 1.6e-05
463 1.6e-05
464 8e-06
465 1.6e-05
466 3.2e-05
467 3.2e-05
468 1.2e-05
469 1.2e-05
470 1.2e-05
471 2.8e-05
472 2.14715e-05
473 1.2e-05
474 2.4e-05
475 5.47152e-06
476 2.8e-05
477 1.2e-05
478 1.2e-05
479 2.4e-05
480 3.0943e-05
481 1.6e-05
482 2.4e-05
483 2.4e-05
484 3.6e-05
485 2e-05
486 3.34715e-05
487 3.4943e-05
488 1.6e-05
489 1.2e-05
490 2.4e-05
491 1.74715e-05
492 2e-05
493 1.2e-05
494 2.4e-05
495 2.8e-05
496 2.4e-05
497 1.6e-05
498 3.2e-05
499 3.74715e-05
500 1.47152e-06
501 2.8e-05
502 2.4e-05
503 8e-06
504 2.8e-05
505 1.6e-05
506 2e-05
507 3.2e-05
508 3.6e-05
509 2.4e-05
510 1.6e-05
511 8e-06
512 4.8e-05
513 1.6e-05
514 1.2e-05
515 2.8e-05
516 2e-05
517 1.2e-05
518 9.47152e-06
519 2e-05
520 2.8e-05
521 2.8e-05
522 2.8e-05
523 2.8e-05
524 3.6e-05
525 3.6e-05
526 3.6e-05
527 3.2e-05
528 2.54715e-05
529 2e-05
530 3.2e-05
531 1.6e-05
532 2.4e-05
533 2.14715e-05
534 3.2e-05
535 2.4e-05
536 2.8e-05
537 1.2e-05
538 1.2e-05
539 1.2e-05
540 8e-06
541 2.54715e-05
542 2e-05
543 2.2943e-05
544 1.2e-05
545 3.2e-05
546 2e-05
547 2.8e-05
548 2.4e-05
549 2e-05
550 2e-05
551 2.54715e-05
552 1.34715e-05
553 1.2e-05
554 1.6e-05
555 9.47152e-06
556 2.4e-05
557 2e-05
558 2e-05
559 2.4e-05
560 2.94715e-05
561 1.2e-05
562 2e-05
563 2e-05
564 2.8e-05
565 2e-05
566 3.74715e-05
567 3.2e-05
568 4.14715e-05
569 2.54715e-05
570 2.4e-05
571 2.4e-05
572 2e-05
573 1.74715e-05
574 2e-05
575 2e-05
576 1.6e-05
577 8e-06
578 3.6e-05
579 1.6e-05
580 2.4e-05
581 2.94715e-05
582 2e-05
583 2e-05
584 2.14715e-05
585 2e-05
586 1.2e-05
587 2.54715e-05
588 1.6e-05
589 1.34715e-05
590 5.47152e-06
591 2.94715e-05
592 8e-06
593 2.4e-05
594 1.6e-05
595 2.4e-05
596 2.8e-05
597 2e-05
598 4e-05
599 4e-06
600 2e-05
601 5.47152e-06
602 1.6e-05
603 1.6e-05
604 3.2e-05
605 6.94304e-06
606 3.34715e-05
607 1.6e-05
608 2.94715e-05
609 1.2e-05
610 2.14715e-05
611 8e-06
612 2.4e-05
613 1.6e-05
614 1.6e-05
615 2.4e-05
616 2.8e-05
617 2e-05
618 8e-06
619 2.54715e-05
620 8e-06
621 1.6e-05
622 1.6e-05
623 1.2e-05
624 2e-05
625 1.34715e-05
626 2.8e-05
627 3.2e-05
628 1.2e-05
629 2e-05
630 8e-06
631 3.2e-05
632 1.2e-05
633 1.6e-05
634 2.8e-05
635 4e-06
636 1.6e-05
637 2e-05
638 1.2e-05
639 4e-06
640 1.6e-05
641 2.14715e-05
642 2e-05
643 2.4e-05
644 1.6e-05
645 1.6e-05
646 2.4e-05
647 2.54715e-05
648 1.0943e-05
649 5.2e-05
650 1.2e-05
651 2.2943e-05
652 2.54715e-05
653 2.8e-05
654 8e-06
655 2.8e-05
656 1.6e-05
657 3.2e-05
658 2e-05
659 1.2e-05
660 2e-05
661 4e-05
662 1.6e-05
663 2.4e-05
664 8e-06
665 3.2e-05
666 1.6e-05
667 2e-05
668 1.2e-05
669 1.2e-05
670 8e-06
671 2e-05
672 2.4e-05
673 1.6e-05
674 2.54715e-05
675 1.74715e-05
676 1.74715e-05
677 2.4e-05
678 1.2e-05
679 2e-05
680 2e-05
681 4.4e-05
682 2.4e-05
683 8e-06
684 1.6e-05
685 4e-06
686 1.74715e-05
687 2.4e-05
688 2e-05
689 9.47152e-06
690 2.4e-05
691 3.2e-05
692 2.8e-05
693 1.2e-05
694 1.2e-05
695 2e-05
696 2e-05
697 2e-05
698 2.4e-05
699 8e-06
700 8e-06
701 2.4e-05
702 2e-05
703 3.2e-05
704 1.6e-05
705 1.6e-05
706 2.4e-05
707 2.14715e-05
708 1.74715e-05
709 1.2e-05
710 8e-06
711 1.2e-05
712 1.2e-05
713 0
714 3.2e-05
715 8e-06
716 1.6e-05
717 4.8e-05
718 2.4e-05
719 4e-06
720 1.6e-05
721 2.4e-05
722 2e-05
723 1.6e-05
724 8e-06
725 1.8943e-05
726 1.6e-05
727 2.8e-05
728 1.6e-05
729 1.6e-05
730 2.4e-05
731 2.54715e-05
732 1.2e-05
733 4e-06
734 2.8e-05
735 2.54715e-05
736 1.6e-05
737 1.2e-05
738 1.2e-05
739 3.2e-05
740 1.2e-05
741 1.6e-05
742 1.6e-05
743 2e-05
744 1.6e-05
745 1.74715e-05
746 1.2e-05
747 2.14715e-05
748 1.6e-05
749 2.94715e-05
750 1.2e-05
751 2e-05
752 2.4e-05
753 8e-06
754 2e-05
755 1.6e-05
756 2.4e-05
757 1.6e-05
758 2.4e-05
759 1.2e-05
760 2e-05
761 2.8e-05
762 3.34715e-05
763 8e-06
764 1.2e-05
765 4e-05
766 9.47152e-06
767 1.6e-05
768 3.2e-05
769 1.6e-05
770 8e-06
771 1.2e-05
772 1.2e-05
773 3.34715e-05
774 1.6e-05
775 2e-05
776 8e-06
777 1.6e-05
778 2.54715e-05
779 2.14715e-05
780 1.2e-05
781 2.4e-05
782 1.2e-05
783 3.74715e-05
784 2.8e-05
785 2e-05
786 1.2e-05
787 2.4e-05
788 1.6e-05
789 2e-05
790 8e-06
791 2.8e-05
792 1.6e-05
793 2.14715e-05
794 2e-05
795 2.4e-05
796 2.8e-05
797 8e-06
798 1.2e-05
799 2.8e-05
800 1.2e-05
801 2e-05
802 1.2e-05
803 8e-06
804 1.2e-05
805 2.4e-05
806 2.8e-05
807 2.14715e-05
808 3.6e-05
809 2e-05
810 0
811 1.6e-05
812 3.2e-05
813 5.47152e-06
814 3.2e-05
815 8e-06
816 9.47152e-06
817 2.8e-05
818 2e-05
819 3.2e-05
820 1.2e-05
821 1.6e-05
822 1.6e-05
823 4e-06
824 2.4e-05
825 8e-06
826 8e-06
827 1.74715e-05
828 1.6e-05
829 1.6e-05
830 2e-05
831 2.54715e-05
832 8e-06
833 1.2e-05
834 2.8e-05
835 2.4e-05
836 2e-05
837 2.4e-05
838 1.6e-05
839 1.74715e-05
840 2e-05
841 8e-06
842 2.4e-05
843 1.2e-05
844 1.2e-05
845 2.8e-05
846 1.6e-05
847 2.54715e-05
848 2e-05
849 1.2e-05
850 5.47152e-06
851 2e-05
852 8e-06
853 2e-05
854 1.6e-05
855 1.2e-05
856 2.4e-05
857 0
858 1.0943e-05
859 1.2e-05
860 1.2e-05
861 4e-06
862 1.6e-05
863 2.14715e-05
864 2.94304e-06
865 2.8e-05
866 2.4e-05
867 1.6e-05
868 5.47152e-06
869 0
870 2.54715e-05
871 2.4e-05
872 4e-06
873 1.2e-05
874 3.74715e-05
875 1.6e-05
876 1.6e-05
877 1.6e-05
878 1.2e-05
879 2e-05
880 3.2e-05
881 1.2e-05
882 1.6e-05
883 1.6e-05
884 2.14715e-05
885 2e-05
886 4e-06
887 1.6e-05
888 1.2e-05
889 1.6e-05
890 1.6e-05
891 1.34715e-05
892 0
893 2.4e-05
894 1.2e-05
895 1.2e-05
896 2e-05
897 1.6e-05
898 2.94715e-05
899 1.6e-05
900 2e-05
901 2.4e-05
902 1.2e-05
903 1.2e-05
904 1.2e-05
905 2e-05
906 1.6e-05
907 4e-06
908 8e-06
909 1.2e-05
910 4e-06
911 8e-06
912 4e-05
913 8e-06
914 0
915 2e-05
916 2e-05
917 1.6e-05
918 1.6e-05
919 8e-06
920 1.2e-05
921 1.6e-05
922 1.2e-05
923 2.4e-05
924 2.54715e-05
925 9.47152e-06
926 1.2e-05
927 2e-05
928 8e-06
929 1.2e-05
930 2.94715e-05
931 4e-06
932 4e-06
933 3.2e-05
934 1.6e-05
935 1.2e-05
936 1.6e-05
937 1.74715e-05
938 8e-06
939 2e-05
940 1.2e-05
941 1.6e-05
942 8e-06
943 8e-06
944 3.34715e-05
945 9.47152e-06
946 1.2e-05
947 2.8e-05
948 8e-06
949 8e-06
950 2.4e-05
951 1.2e-05
952 4e-06
953 2e-05
954 2e-05
955 4e-06
956 3.2e-05
957 1.2e-05
958 1.6e-05
959 8e-06
960 8e-06
961 2.8e-05
962 1.6e-05
963 4e-06
964 2.14715e-05
965 1.6e-05
966 4e-06
967 1.2e-05
968 1.6e-05
969 1.2e-05
970 1.6e-05
971 4e-06
972 2.94715e-05
973 2.4e-05
974 1.2e-05
975 1.74715e-05
976 1.74715e-05
977 4.14715e-05
978 8e-06
979 2.4e-05
980 2.8e-05
981 4e-06
982 1.6e-05
983 2e-05
984 4e-06
985 3.2e-05
986 8e-06
987 2e-05
988 1.6e-05
989 8e-06
990 2e-05
991 1.6e-05
992 2e-05
993 3.6e-05
994 2.4e-05
995 1.6e-05
996 1.2e-05
997 1.2e-05
998 2e-05
999 0
