0 0
1 5.48e-06
2 6.4796e-06
3 4.96e-06
4 3.9592e-06
5 3.5596e-06
6 3.3596e-06
7 3.0796e-06
8 3.56e-06
9 2.92e-06
10 2.5196e-06
11 2.48e-06
12 2.0396e-06
13 2.19921e-06
14 1.88e-06
15 2.2396e-06
16 1.76e-06
17 2.16e-06
18 2.3192e-06
19 1.5996e-06
20 2.68e-06
21 1.9996e-06
22 1.6e-06
23 1.8796e-06
24 1.48e-06
25 1.5196e-06
26 1.6e-06
27 1.8e-06
28 1.2796e-06
29 1.6e-06
30 1.4396e-06
31 1.44e-06
32 1.3992e-06
33 1.76e-06
34 1.12e-06
35 1.4796e-06
36 1.24e-06
37 1.1596e-06
38 1.28e-06
39 1.16e-06
40 1.24e-06
41 1e-06
42 1.56e-06
43 1.1996e-06
44 1.24e-06
45 1.12e-06
46 1.44e-06
47 1e-06
48 1.1596e-06
49 8.79602e-07
50 7.6e-07
51 8.39602e-07
52 1.2e-06
53 1.04e-06
54 9.6e-07
55 1.36e-06
56 1.2e-06
57 1.2796e-06
58 1.24e-06
59 8.39602e-07
60 8.4e-07
61 9.19602e-07
62 1.2e-06
63 1e-06
64 7.2e-07
65 1.1196e-06
66 1.16e-06
67 7.59602e-07
68 9.2e-07
69 9.59602e-07
70 8e-07
71 8e-07
72 8.39602e-07
73 8e-07
74 8e-07
75 8.8e-07
76 9.19204e-07
77 9.2e-07
78 1e-06
79 7.99602e-07
80 8.8e-07
81 8.8e-07
82 7.99602e-07
83 8.4e-07
84 8e-07
85 8.79602e-07
86 8.79602e-07
87 7.2e-07
88 8e-07
89 7.99204e-07
90 7.19602e-07
91 8.4e-07
92 7.6e-07
93 8.39602e-07
94 8e-07
95 8e-07
96 8.4e-07
97 6.8e-07
98 8.79602e-07
99 8.4e-07
100 8.8e-07
101 5.19602e-07
102 5.6e-07
103 8e-07
104 8e-07
105 8e-07
106 5.19602e-07
107 7.6e-07
108 5.59602e-07
109 7.19602e-07
110 5.99602e-07
111 1.08e-06
112 4.79602e-07
113 7.19602e-07
114 6.4e-07
115 4.4e-07
116 6.39602e-07
117 8.39602e-07
118 6.79602e-07
119 4.79204e-07
120 8.8e-07
121 6.39602e-07
122 6.8e-07
123 4.8e-07
124 4.4e-07
125 4.4e-07
126 4e-07
127 5.6e-07
128 4.8e-07
129 5.6e-07
130 7.2e-07
131 7.2e-07
132 4.79602e-07
133 6.39602e-07
134 4e-07
135 9.19602e-07
136 3.6e-07
137 5.6e-07
138 7.2e-07
139 6e-07
140 5.99204e-07
141 7.99602e-07
142 6.79602e-07
143 5.6e-07
144 7.6e-07
145 5.59602e-07
146 8.8e-07
147 4.8e-07
148 8.39602e-07
149 6.4e-07
150 8.8e-07
151 5.59602e-07
152 4.79602e-07
153 6.4e-07
154 5.59602e-07
155 5.99204e-07
156 2e-07
157 5.19602e-07
158 2.8e-07
159 4e-07
160 2.8e-07
161 5.2e-07
162 5.2e-07
163 4e-07
164 6e-07
165 3.19602e-07
166 3.6e-07
167 5.99602e-07
168 5.59204e-07
169 3.6e-07
170 5.6e-07
171 9.19602e-07
172 4.79204e-07
173 5.2e-07
174 6.8e-07
175 3.6e-07
176 2.8e-07
177 4.4e-07
178 5.99204e-07
179 5.2e-07
180 7.59602e-07
181 3.99204e-07
182 4.4e-07
183 4.4e-07
184 6e-07
185 7.6e-07
186 1.6e-07
187 2.4e-07
188 5.6e-07
189 4e-07
190 5.2e-07
191 5.6e-07
192 6.79602e-07
193 3.2e-07
194 5.2e-07
195 3.59602e-07
196 5.19602e-07
197 5.2e-07
198 3.6e-07
199 5.59602e-07
200 4.39602e-07
201 4.79602e-07
202 4.39602e-07
203 1.6e-07
204 3.59204e-07
205 4.79602e-07
206 4.4e-07
207 1.2e-07
208 4.4e-07
209 5.98806e-07
210 3.2e-07
211 6.4e-07
212 3.99602e-07
213 5.19204e-07
214 3.6e-07
215 5.99602e-07
216 5.6e-07
217 4e-07
218 4.4e-07
219 3.6e-07
220 5.59602e-07
221 4.4e-07
222 3.6e-07
223 5.2e-07
224 4.8e-07
225 4.39602e-07
226 3.2e-07
227 5.99602e-07
228 2.4e-07
229 4.79602e-07
230 3.99602e-07
231 4.4e-07
232 4e-07
233 4.4e-07
234 1.6e-07
235 5.6e-07
236 3.19602e-07
237 3.6e-07
238 3.59602e-07
239 5.6e-07
240 2.8e-07
241 3.6e-07
242 1.6e-07
243 5.19204e-07
244 4.39602e-07
245 7.6e-07
246 5.99602e-07
247 4.4e-07
248 2.4e-07
249 5.19602e-07
250 4.4e-07
251 4.39602e-07
252 3.6e-07
253 2.39602e-07
254 4e-07
255 4.4e-07
256 4e-07
257 5.99204e-07
258 3.6e-07
259 5.19602e-07
260 4e-07
261 2.4e-07
262 3.2e-07
263 2.4e-07
264 2.8e-07
265 2.4e-07
266 6.79602e-07
267 2.4e-07
268 2e-07
269 3.2e-07
270 5.59602e-07
271 2.8e-07
272 5.99204e-07
273 3.99602e-07
274 3.59602e-07
275 3.99602e-07
276 3.99204e-07
277 3.2e-07
278 8e-08
279 2.8e-07
280 4.4e-07
281 4e-07
282 4e-07
283 3.6e-07
284 5.99602e-07
285 4.4e-07
286 2.4e-07
287 3.2e-07
288 4.8e-07
289 3.59602e-07
290 2.4e-07
291 3.6e-07
292 3.2e-07
293 1.6e-07
294 3.59602e-07
295 4.4e-07
296 4.79602e-07
297 3.99602e-07
298 2.79602e-07
299 4.8e-07
300 4.4e-07
301 1.2e-07
302 4.4e-07
303 3.2e-07
304 4.39602e-07
305 4.39204e-07
306 3.6e-07
307 2e-07
308 4e-08
309 3.99602e-07
310 2.8e-07
311 4.4e-07
312 4e-07
313 5.6e-07
314 4.39602e-07
315 3.6e-07
316 4.8e-07
317 4.4e-07
318 4.4e-07
319 4.79602e-07
320 2.8e-07
321 3.2e-07
322 2.8e-07
323 4.79602e-07
324 2e-07
325 4.39602e-07
326 4e-07
327 4.4e-07
328 3.6e-07
329 5.6e-07
330 3.19602e-07
331 2.8e-07
332 2.79602e-07
333 3.2e-07
334 5.6e-07
335 8e-08
336 2.4e-07
337 3.6e-07
338 3.6e-07
339 4.4e-07
340 1.6e-07
341 3.59602e-07
342 4.8e-07
343 2e-07
344 3.99602e-07
345 2e-07
346 3.99602e-07
347 5.59602e-07
348 3.6e-07
349 2e-07
350 2.4e-07
351 4.4e-07
352 4e-07
353 1.6e-07
354 3.2e-07
355 1.6e-07
356 3.59602e-07
357 1.99204e-07
358 2.8e-07
359 1.59602e-07
360 3.99602e-07
361 2.79602e-07
362 4.4e-07
363 4e-07
364 6.39204e-07
365 3.99602e-07
366 3.6e-07
367 5.59602e-07
368 2e-07
369 2e-07
370 2.4e-07
371 3.6e-07
372 3.19602e-07
373 2.8e-07
374 1.2e-07
375 1.19602e-07
376 1.6e-07
377 8e-08
378 2e-07
379 5.19204e-07
380 3.18806e-07
381 2e-07
382 1.99602e-07
383 2.79602e-07
384 1.6e-07
385 2.8e-07
386 2e-07
387 4.39602e-07
388 3.59602e-07
389 4e-07
390 3.99602e-07
391 3.59602e-07
392 3.2e-07
393 1.6e-07
394 2.79208e-07
395 3.19602e-07
396 4e-07
397 1.2e-07
398 4.78412e-07
399 2.4e-07
400 8e-08
401 3.2e-07
402 3.2e-07
403 1.99602e-07
404 2.8e-07
405 1.6e-07
406 1.6e-07
407 2e-07
408 4e-07
409 2e-07
410 1.99602e-07
411 4.39602e-07
412 3.19204e-07
413 3.59602e-07
414 1.99204e-07
415 5.2e-07
416 2.4e-07
417 2.8e-07
418 5.2e-07
419 8e-08
420 4.4e-07
421 3.2e-07
422 2e-07
423 2e-07
424 2.4e-07
425 1.2e-07
426 2.8e-07
427 1.19602e-07
428 2.79602e-07
429 2e-07
430 8e-08
431 3.59602e-07
432 3.98806e-07
433 2.4e-07
434 3.2e-07
435 2.8e-07
436 1.99204e-07
437 3.99602e-07
438 1.59602e-07
439 3.1881e-07
440 4.78806e-07
441 1.6e-07
442 1.2e-07
443 2.4e-07
444 2.79208e-07
445 3.2e-07
446 2.8e-07
447 1.2e-07
448 3.59602e-07
449 3.19602e-07
450 3.2e-07
451 2.8e-07
452 2e-07
453 3.6e-07
454 2.8e-07
455 2.4e-07
456 4e-07
457 4e-08
458 2.4e-07
459 1.99602e-07
460 2.4e-07
461 1.2e-07
462 2.8e-07
463 2.4e-07
464 3.19602e-07
465 4.8e-07
466 3.2e-07
467 1.6e-07
468 3.19602e-07
469 3.6e-07
470 2e-07
471 3.99602e-07
472 4e-07
473 1.6e-07
474 6.4e-07
475 3.6e-07
476 2.8e-07
477 3.59602e-07
478 2.79602e-07
479 2e-07
480 2.8e-07
481 3.59602e-07
482 4e-07
483 2e-07
484 2.79602e-07
485 3.6e-07
486 3.19602e-07
487 4e-07
488 2.8e-07
489 2.4e-07
490 3.19602e-07
491 4e-08
492 8e-08
493 2.4e-07
494 2.8e-07
495 0
496 3.2e-07
497 3.2e-07
498 2.8e-07
499 3.6e-07
500 2.79602e-07
501 2.4e-07
502 2.39602e-07
503 1.99602e-07
504 3.99602e-07
505 4e-07
506 2e-07
507 1.59602e-07
508 3.19602e-07
509 3.59204e-07
510 3.19602e-07
511 3.2e-07
512 3.6e-07
513 1.6e-07
514 2.79602e-07
515 8e-08
516 2.39602e-07
517 3.99602e-07
518 3.6e-07
519 1.6e-07
520 2e-07
521 4.79602e-07
522 4e-07
523 1.6e-07
524 1.6e-07
525 3.6e-07
526 3.6e-07
527 2.4e-07
528 1.2e-07
529 1.99602e-07
530 1.6e-07
531 1.2e-07
532 1.59204e-07
533 2.4e-07
534 2.8e-07
535 3.2e-07
536 8e-08
537 1.6e-07
538 2.79204e-07
539 1.2e-07
540 2.79602e-07
541 2e-07
542 8e-08
543 2e-07
544 3.1881e-07
545 2.4e-07
546 3.6e-07
547 2.8e-07
548 3.6e-07
549 1.99602e-07
550 1.6e-07
551 2.4e-07
552 3.2e-07
553 1.2e-07
554 2.79204e-07
555 2.8e-07
556 2e-07
557 8e-08
558 2.8e-07
559 3.2e-07
560 3.59602e-07
561 3.6e-07
562 2.4e-07
563 3.2e-07
564 2.4e-07
565 2.4e-07
566 2.8e-07
567 3.2e-07
568 2.4e-07
569 3.59602e-07
570 2.8e-07
571 2e-07
572 2.79602e-07
573 3.2e-07
574 1.6e-07
575 1.99602e-07
576 2.79602e-07
577 1.2e-07
578 1.59602e-07
579 2.8e-07
580 2.4e-07
581 2.39204e-07
582 3.2e-07
583 2.8e-07
584 2e-07
585 5.59602e-07
586 2e-07
587 1.99208e-07
588 1.6e-07
589 2.79204e-07
590 1.2e-07
591 2.8e-07
592 4.4e-07
593 3.19602e-07
594 2.8e-07
595 3.2e-07
596 2e-07
597 1.99602e-07
598 4e-08
599 2e-07
600 1.6e-07
601 3.6e-07
602 1.99602e-07
603 2.4e-07
604 1.2e-07
605 1.6e-07
606 1.99602e-07
607 1.6e-07
608 2e-07
609 3.19602e-07
610 3.6e-07
611 2e-07
612 2.4e-07
613 3.99602e-07
614 8e-08
615 2.8e-07
616 4.4e-07
617 2.8e-07
618 1.6e-07
619 5.2e-07
620 1.19602e-07
621 2.39602e-07
622 2.79602e-07
623 3.2e-07
624 2.4e-07
625 4e-07
626 2.8e-07
627 1.6e-07
628 1.6e-07
629 1.99204e-07
630 2e-07
631 4e-07
632 4e-07
633 1.6e-07
634 4e-08
635 2.8e-07
636 1.59602e-07
637 1.6e-07
638 2.79602e-07
639 1.99602e-07
640 1.6e-07
641 2.39602e-07
642 4e-08
643 2.8e-07
644 2e-07
645 1.2e-07
646 3.2e-07
647 1.19204e-07
648 2.8e-07
649 3.59204e-07
650 2.4e-07
651 2e-07
652 3.19602e-07
653 3.19602e-07
654 8e-08
655 2e-07
656 2.8e-07
657 3.2e-07
658 1.6e-07
659 1.6e-07
660 2.4e-07
661 2.79602e-07
662 2e-07
663 1.2e-07
664 3.6e-07
665 2.39204e-07
666 3.1881e-07
667 2.8e-07
668 1.6e-07
669 3.2e-07
670 3.6e-07
671 4e-08
672 2.8e-07
673 4e-07
674 1.99602e-07
675 1.6e-07
676 2e-07
677 1.2e-07
678 8e-08
679 3.6e-07
680 1.6e-07
681 1.6e-07
682 1.2e-07
683 2e-07
684 1.6e-07
685 1.6e-07
686 3.99602e-07
687 1.2e-07
688 2e-07
689 2.39602e-07
690 2.39602e-07
691 4e-07
692 4.4e-07
693 3.58806e-07
694 1.6e-07
695 1.6e-07
696 3.19602e-07
697 2.4e-07
698 2.4e-07
699 2.4e-07
700 1.99602e-07
701 1.6e-07
702 1.2e-07
703 1.6e-07
704 3.6e-07
705 3.19208e-07
706 3.59602e-07
707 8e-08
708 3.6e-07
709 1.99602e-07
710 1.19602e-07
711 1.99208e-07
712 1.19602e-07
713 2.8e-07
714 1.6e-07
715 1.6e-07
716 1.6e-07
717 3.2e-07
718 1.2e-07
719 4e-08
720 3.2e-07
721 3.2e-07
722 2e-07
723 2e-07
724 2e-07
725 8e-08
726 2.4e-07
727 3.6e-07
728 2e-07
729 4e-07
730 1.6e-07
731 2.4e-07
732 1.2e-07
733 2.39602e-07
734 2.39204e-07
735 8e-08
736 2e-07
737 2.39602e-07
738 7.9602e-08
739 1.2e-07
740 2.39208e-07
741 1.19602e-07
742 2e-07
743 8e-08
744 1.6e-07
745 2.4e-07
746 1.2e-07
747 1.19602e-07
748 2e-07
749 3.19602e-07
750 1.6e-07
751 1.6e-07
752 2.8e-07
753 5.19204e-07
754 4.39602e-07
755 1.6e-07
756 1.6e-07
757 3.99602e-07
758 2e-07
759 1.2e-07
760 3.59602e-07
761 1.2e-07
762 3.59602e-07
763 1.2e-07
764 1.6e-07
765 1.2e-07
766 3.19204e-07
767 1.2e-07
768 8e-08
769 1.19602e-07
770 1.99602e-07
771 2.79602e-07
772 1.6e-07
773 2e-07
774 2e-07
775 2.4e-07
776 2e-07
777 1.2e-07
778 1.59602e-07
779 3.6e-07
780 1.6e-07
781 2.79204e-07
782 2.39602e-07
783 1.2e-07
784 4e-08
785 2.79602e-07
786 7.9602e-08
787 2.4e-07
788 2.8e-07
789 1.6e-07
790 2.8e-07
791 8e-08
792 2.4e-07
793 1.2e-07
794 7.9204e-08
795 3.2e-07
796 8e-08
797 1.6e-07
798 1.19602e-07
799 1.99602e-07
800 2.8e-07
801 4e-08
802 1.59602e-07
803 1.59602e-07
804 1.6e-07
805 2.4e-07
806 3.6e-07
807 1.6e-07
808 1.6e-07
809 2e-07
810 1.99602e-07
811 1.6e-07
812 1.6e-07
813 2e-07
814 3.19602e-07
815 3.19208e-07
816 1.2e-07
817 1.99602e-07
818 1.19602e-07
819 3.59602e-07
820 1.99602e-07
821 1.99602e-07
822 2.4e-07
823 1.6e-07
824 2.79602e-07
825 2.4e-07
826 2e-07
827 1.2e-07
828 1.2e-07
829 1.99602e-07
830 2.8e-07
831 3.19204e-07
832 1.19602e-07
833 2.8e-07
834 0
835 2e-07
836 1.2e-07
837 3.1881e-07
838 1.59602e-07
839 1.2e-07
840 2.4e-07
841 1.99602e-07
842 1.2e-07
843 8e-08
844 2e-07
845 1.6e-07
846 2.79602e-07
847 2.79208e-07
848 2.4e-07
849 2e-07
850 1.6e-07
851 2e-07
852 2.4e-07
853 2.8e-07
854 2e-07
855 1.6e-07
856 1.6e-07
857 1.1881e-07
858 1.59602e-07
859 1.2e-07
860 2.4e-07
861 2.4e-07
862 8e-08
863 8e-08
864 2.8e-07
865 3.2e-07
866 1.6e-07
867 7.9602e-08
868 2.79204e-07
869 2.4e-07
870 1.2e-07
871 1.2e-07
872 8e-08
873 2e-07
874 2e-07
875 1.2e-07
876 1.6e-07
877 2e-07
878 2.4e-07
879 1.2e-07
880 4e-08
881 1.99602e-07
882 1.6e-07
883 1.2e-07
884 1.99602e-07
885 1.6e-07
886 2e-07
887 3.19602e-07
888 2.39602e-07
889 7.9602e-08
890 8e-08
891 2.39602e-07
892 1.2e-07
893 2.39602e-07
894 1.59602e-07
895 3.59602e-07
896 1.2e-07
897 2.4e-07
898 8e-08
899 2.4e-07
900 3.99602e-07
901 3.2e-07
902 8e-08
903 1.59602e-07
904 1.2e-07
905 1.2e-07
906 1.99602e-07
907 2.39602e-07
908 1.2e-07
909 7.9602e-08
910 2.8e-07
911 1.6e-07
912 1.6e-07
913 2.4e-07
914 1.99602e-07
915 1.6e-07
916 8e-08
917 2.4e-07
918 1.6e-07
919 2e-07
920 8e-08
921 8e-08
922 1.99602e-07
923 1.6e-07
924 7.9602e-08
925 1.99602e-07
926 1.19602e-07
927 0
928 0
929 2.4e-07
930 2e-07
931 1.2e-07
932 1.59602e-07
933 1.2e-07
934 2.39602e-07
935 4e-08
936 1.6e-07
937 2.4e-07
938 1.59602e-07
939 2.79204e-07
940 2.4e-07
941 1.6e-07
942 1.59602e-07
943 1.2e-07
944 1.2e-07
945 3.19602e-07
946 4e-08
947 2e-07
948 4e-08
949 3.19602e-07
950 2e-07
951 1.6e-07
952 4e-08
953 1.99602e-07
954 1.99602e-07
955 8e-08
956 3.2e-07
957 2.8e-07
958 4e-08
959 1.6e-07
960 1.6e-07
961 2e-07
962 1.99602e-07
963 2.8e-07
964 1.6e-07
965 1.19602e-07
966 3.6e-07
967 1.6e-07
968 1.2e-07
969 2.39602e-07
970 8e-08
971 2.4e-07
972 7.9602e-08
973 2.79602e-07
974 4e-08
975 1.6e-07
976 3.2e-07
977 1.2e-07
978 1.6e-07
979 1.2e-07
980 3.19602e-07
981 2.4e-07
982 2.4e-07
983 3.2e-07
984 2.4e-07
985 1.19602e-07
986 1.99602e-07
987 8e-08
988 1.2e-07
989 8e-08
990 2.8e-07
991 1.99204e-07
992 4e-08
993 2.79602e-07
994 2.39602e-07
995 1.99602e-07
996 1.2e-07
997 3.6e-07
998 1.6e-07
999 0
