0 0
1 0
2 8e-06
3 1.2e-05
4 8e-06
5 4e-06
6 0
7 2e-05
8 3.2e-05
9 3.2e-05
10 1.6e-05
11 2.4e-05
12 3.2e-05
13 5.2e-05
14 5.6e-05
15 5.6e-05
16 5.2e-05
17 4.4e-05
18 4e-05
19 5.6e-05
20 4e-05
21 5.6e-05
22 9.2e-05
23 6.8e-05
24 7.2e-05
25 6.4e-05
26 8.14715e-05
27 8e-05
28 5.6e-05
29 7.6e-05
30 8.14715e-05
31 9.6e-05
32 8e-05
33 6.4e-05
34 5.6e-05
35 9.6e-05
36 8e-05
37 7.2e-05
38 7.6e-05
39 0.000104
40 6e-05
41 9.6e-05
42 8e-05
43 7.6e-05
44 6.4e-05
45 4.14715e-05
46 6e-05
47 6e-05
48 4e-05
49 5.6e-05
50 8e-05
51 6.8e-05
52 5.2e-05
53 0.00012
54 7.2e-05
55 6.8e-05
56 8.4e-05
57 8.4e-05
58 6.4e-05
59 0.00014
60 9.74715e-05
61 6.94715e-05
62 6e-05
63 6.4e-05
64 5.6e-05
65 6.4e-05
66 6e-05
67 7.6e-05
68 6.4e-05
69 7.2e-05
70 8.4e-05
71 6.4e-05
72 5.6e-05
73 8.8e-05
74 8e-05
75 7.2e-05
76 3.74715e-05
77 8.4e-05
78 6e-05
79 9.2e-05
80 5.6e-05
81 3.6e-05
82 6.14715e-05
83 5.6e-05
84 2.94715e-05
85 6.54715e-05
86 6.8e-05
87 5.6e-05
88 6e-05
89 6e-05
90 5.6e-05
91 6e-05
92 6.4e-05
93 6e-05
94 7.6e-05
95 6.4e-05
96 6.8e-05
97 6.4e-05
98 6.4e-05
99 6.54715e-05
100 3.2e-05
101 5.2e-05
102 6.4e-05
103 4.94715e-05
104 5.6e-05
105 6.54715e-05
106 5.4943e-05
107 4.4e-05
108 6.4e-05
109 4.4e-05
110 4.8e-05
111 4.4e-05
112 5.2e-05
113 4.14715e-05
114 4.8e-05
115 3.6e-05
116 4.14715e-05
117 8.8e-05
118 5.2e-05
119 5.2e-05
120 4.8e-05
121 4e-05
122 3.6e-05
123 5.6e-05
124 6.94715e-05
125 6.4e-05
126 6e-05
127 4.94715e-05
128 4e-05
129 2.94715e-05
130 6.8e-05
131 2.8e-05
132 5.6e-05
133 4.8e-05
134 3.6e-05
135 5.2e-05
136 6.14715e-05
137 5.74715e-05
138 6.14715e-05
139 4.94715e-05
140 8e-05
141 4e-05
142 2.8e-05
143 8e-05
144 6.8e-05
145 6.14715e-05
146 6.54715e-05
147 5.8943e-05
148 5.6e-05
149 5.6e-05
150 5.4943e-05
151 4e-05
152 3.6e-05
153 5.4943e-05
154 4e-05
155 3.2e-05
156 4e-05
157 5.4943e-05
158 3.34715e-05
159 6e-05
160 6e-05
161 6e-05
162 2.8e-05
163 3.2e-05
164 2.8e-05
165 2.84146e-05
166 3.2e-05
167 3.74715e-05
168 3.2e-05
169 6.54715e-05
170 2.4e-05
171 7.74715e-05
172 4e-05
173 4.05413e-05
174 4e-05
175 3.2e-05
176 1.74715e-05
177 4.54715e-05
178 3.74715e-05
179 4.4e-05
180 2e-05
181 6e-05
182 5.2e-05
183 3.34715e-05
184 6.8e-05
185 2.8e-05
186 5.2e-05
187 4.54715e-05
188 4e-05
189 5.34715e-05
190 2.4e-05
191 6.8e-05
192 3.2e-05
193 3.6e-05
194 3.6e-05
195 4.2943e-05
196 3.6e-05
197 3.6e-05
198 1.6e-05
199 3.74715e-05
200 2.8e-05
201 4.94715e-05
202 4.05413e-05
203 5.2e-05
204 6.54715e-05
205 2.8e-05
206 3.6e-05
207 4.8e-05
208 4.8e-05
209 2.8e-05
210 4.8e-05
211 5.4943e-05
212 7.2e-05
213 4.4e-05
214 1.6e-05
215 2.4e-05
216 5.6e-05
217 4e-05
218 4e-05
219 5.2e-05
220 4e-05
221 4.8e-05
222 4e-05
223 2.8e-05
224 3.2e-05
225 2.4e-05
226 2.4e-05
227 2.54715e-05
228 2.8e-05
229 3.2e-05
230 2.94715e-05
231 3.6e-05
232 5.2e-05
233 5.2e-05
234 2.8e-05
235 4.05413e-05
236 2.8e-05
237 3.2e-05
238 2e-05
239 4e-05
240 4.94715e-05
241 3.6e-05
242 4e-05
243 3.2e-05
244 3.74715e-05
245 3.2e-05
246 2e-05
247 4.54715e-05
248 3.6e-05
249 4.4e-05
250 3.6e-05
251 2.4e-05
252 1.6e-05
253 4.8e-05
254 5.6e-05
255 4e-05
256 4e-05
257 5.74715e-05
258 2.6943e-05
259 3.6e-05
260 6.4e-05
261 3.6e-05
262 2.8e-05
263 3.6e-05
264 2.94715e-05
265 6e-05
266 3.2e-05
267 3.6e-05
268 3.2e-05
269 2.8e-05
270 4.54715e-05
271 4e-05
272 2e-05
273 4e-05
274 4e-05
275 6e-05
276 4e-05
277 2.8e-05
278 2.8e-05
279 2e-05
280 5.6e-05
281 2e-05
282 2.8e-05
283 4e-05
284 2.4e-05
285 4e-05
286 3.2e-05
287 3.6e-05
288 1.2e-05
289 3.74715e-05
290 3.6e-05
291 3.34715e-05
292 5.2e-05
293 4.54715e-05
294 2.8e-05
295 4e-05
296 2.8e-05
297 3.2e-05
298 6.8e-05
299 3.6e-05
300 4.14715e-05
301 3.6e-05
302 3.74715e-05
303 2.8e-05
304 2.4e-05
305 2.4e-05
306 2.8e-05
307 2e-05
308 1.6e-05
309 2.8e-05
310 1.6e-05
311 2.8e-05
312 2.94715e-05
313 3.6e-05
314 3.2e-05
315 4e-05
316 2.8e-05
317 4.8e-05
318 5.74715e-05
319 2.8e-05
320 2.94715e-05
321 2.8e-05
322 4e-05
323 2.4e-05
324 1.2e-05
325 3.6e-05
326 4e-05
327 3.74715e-05
328 3.6e-05
329 3.6e-05
330 2.8e-05
331 4.8e-05
332 4e-05
333 2e-05
334 3.2e-05
335 2.8e-05
336 2e-05
337 2.8e-05
338 3.2e-05
339 2.4e-05
340 2.14715e-05
341 3.2e-05
342 2.4e-05
343 1.6e-05
344 1.6e-05
345 9.47152e-06
346 1.4943e-05
347 6e-05
348 2.8e-05
349 2e-05
350 4.4e-05
351 3.2e-05
352 3.6e-05
353 4e-05
354 4e-05
355 2e-05
356 3.2e-05
357 2.4e-05
358 2.4e-05
359 1.6e-05
360 2.20129e-05
361 4.54715e-05
362 3.2e-05
363 2.14715e-05
364 3.74715e-05
365 8e-06
366 3.2e-05
367 2e-05
368 1.34715e-05
369 2.4e-05
370 4e-05
371 4e-05
372 2e-05
373 2.54715e-05
374 2.14715e-05
375 3.6e-05
376 3.0943e-05
377 2.94715e-05
378 2.8e-05
379 1.6e-05
380 2.8e-05
381 5.6e-05
382 4e-05
383 4.4e-05
384 2.6943e-05
385 2.4e-05
386 2.4e-05
387 2.4e-05
388 4.4e-05
389 4.8e-05
390 4e-05
391 4.4e-05
392 3.2e-05
393 3.2e-05
394 3.6e-05
395 2.8e-05
396 3.6e-05
397 8e-06
398 1.25413e-05
399 4.14715e-05
400 3.6e-05
401 3.2e-05
402 1.2e-05
403 3.2e-05
404 1.2e-05
405 3.2e-05
406 2.54715e-05
407 2.4e-05
408 4e-05
409 2.8e-05
410 1.2e-05
411 2.8e-05
412 1.6e-05
413 2.4e-05
414 3.6e-05
415 3.34715e-05
416 4.14715e-05
417 4.8e-05
418 4e-06
419 8e-06
420 3.2e-05
421 3.6e-05
422 2.6943e-05
423 2.6943e-05
424 3.54844e-05
425 4.8e-05
426 2e-05
427 2.4e-05
428 4.6943e-05
429 2e-05
430 9.47152e-06
431 3.2e-05
432 2.8e-05
433 4.4e-05
434 2.8e-05
435 3.74715e-05
436 1.2e-05
437 2.4e-05
438 2.4e-05
439 2.4e-05
440 2.54715e-05
441 2.4e-05
442 2.14715e-05
443 2.4e-05
444 2e-05
445 3.2e-05
446 2.8e-05
447 2.94715e-05
448 2e-05
449 8e-06
450 1.74715e-05
451 3.2e-05
452 4.4e-05
453 2.94715e-05
454 2e-05
455 2e-05
456 2e-05
457 2.8e-05
458 1.6e-05
459 4.14715e-05
460 1.2e-05
461 1.6e-05
462 3.2e-05
463 5.2e-05
464 2.54715e-05
465 1.6e-05
466 2.14715e-05
467 3.2e-05
468 2.54715e-05
469 3.2e-05
470 1.34715e-05
471 1.2e-05
472 2.8e-05
473 4e-06
474 1.6e-05
475 1.6e-05
476 3.2e-05
477 8e-06
478 2e-05
479 3.2e-05
480 4.4e-05
481 3.2e-05
482 2.4e-05
483 3.34715e-05
484 1.74715e-05
485 4.4e-05
486 4.4e-05
487 2.2943e-05
488 4.4e-05
489 1.2e-05
490 2.94715e-05
491 4.54715e-05
492 2e-05
493 2.4e-05
494 2.4e-05
495 2.14715e-05
496 2.8e-05
497 3.2e-05
498 1.6e-05
499 1.2e-05
500 2.8e-05
501 2.14715e-05
502 2.4e-05
503 2.8e-05
504 1.6e-05
505 2e-05
506 2.8e-05
507 1.8943e-05
508 4.54715e-05
509 2.94715e-05
510 1.6e-05
511 2.8e-05
512 8e-06
513 4.05413e-05
514 2.6943e-05
515 1.6e-05
516 4e-05
517 2e-05
518 2.8e-05
519 1.2e-05
520 2.8e-05
521 2e-05
522 1.2e-05
523 4e-06
524 3.6e-05
525 2.8e-05
526 1.6e-05
527 1.74715e-05
528 2.54715e-05
529 3.6e-05
530 4e-05
531 1.74715e-05
532 3.2e-05
533 2.4e-05
534 2.14715e-05
535 2.2943e-05
536 1.74715e-05
537 2.4e-05
538 3.6e-05
539 2.4e-05
540 2.8e-05
541 3.6e-05
542 3.6e-05
543 2e-05
544 4.8e-05
545 2e-05
546 4e-05
547 3.6e-05
548 2e-05
549 1.34715e-05
550 2e-05
551 2.4e-05
552 2.94715e-05
553 2.94715e-05
554 3.2e-05
555 2.54715e-05
556 2.94715e-05
557 3.2e-05
558 1.2e-05
559 3.25413e-05
560 8e-06
561 1.6e-05
562 8e-06
563 3.6e-05
564 1.74715e-05
565 2.4e-05
566 2.8e-05
567 5.2e-05
568 2.4e-05
569 2.4e-05
570 2.2943e-05
571 1.6e-05
572 3.2e-05
573 1.74715e-05
574 2.4e-05
575 1.6e-05
576 2e-05
577 2e-05
578 8e-06
579 4e-06
580 3.74715e-05
581 3.2e-05
582 2.54715e-05
583 2.8e-05
584 3.6e-05
585 9.47152e-06
586 2.4e-05
587 2e-05
588 2.8e-05
589 1.6e-05
590 2e-05
591 2.4e-05
592 1.34715e-05
593 3.6e-05
594 1.6e-05
595 2.8e-05
596 1.2e-05
597 2.8e-05
598 1.2e-05
599 3.2e-05
600 2.4e-05
601 1.2e-05
602 2e-05
603 1.6e-05
604 3.8943e-05
605 2e-05
606 8e-06
607 2.8e-05
608 2.8e-05
609 1.2e-05
610 2.4e-05
611 1.2e-05
612 3.6e-05
613 2.14715e-05
614 2.4e-05
615 2.14715e-05
616 2.6943e-05
617 0
618 2.8e-05
619 2.94715e-05
620 2.4e-05
621 2.14715e-05
622 2.4e-05
623 3.2e-05
624 2.4e-05
625 2.4e-05
626 2e-05
627 1.2e-05
628 1.2e-05
629 1.2e-05
630 2.54715e-05
631 2e-05
632 2e-05
633 2.4e-05
634 2e-05
635 4.4e-05
636 2.14715e-05
637 8e-06
638 2e-05
639 3.74715e-05
640 1.6e-05
641 2.4e-05
642 2e-05
643 4.54715e-05
644 2.4e-05
645 3.2e-05
646 2.54715e-05
647 2e-05
648 2.14715e-05
649 2.4e-05
650 1.6e-05
651 2.4e-05
652 2.4e-05
653 2.4e-05
654 1.6e-05
655 4e-06
656 8e-06
657 4.14715e-05
658 1.6e-05
659 1.2e-05
660 2.8e-05
661 1.74715e-05
662 2.54715e-05
663 1.2e-05
664 8e-06
665 1.6e-05
666 3.2e-05
667 1.6e-05
668 8e-06
669 2e-05
670 3.2e-05
671 1.2e-05
672 2.4e-05
673 2.14715e-05
674 2.8e-05
675 1.74715e-05
676 8e-06
677 3.6e-05
678 2.14715e-05
679 1.6e-05
680 2.54715e-05
681 2.04146e-05
682 1.34715e-05
683 1.6e-05
684 2e-05
685 3.6e-05
686 2.4e-05
687 4.94715e-05
688 2.8e-05
689 2e-05
690 2e-05
691 3.74715e-05
692 2.14715e-05
693 2.8e-05
694 2e-05
695 2.8e-05
696 1.6e-05
697 2e-05
698 2.54715e-05
699 1.6e-05
700 2.4e-05
701 9.47152e-06
702 2.4e-05
703 1.2e-05
704 8.19915e-06
705 1.2e-05
706 4.4e-05
707 2.54715e-05
708 1.34715e-05
709 3.2e-05
710 4e-06
711 3.6e-05
712 2e-05
713 1.2e-05
714 2.4e-05
715 1.6e-05
716 2e-05
717 3.2e-05
718 3.2e-05
719 1.2e-05
720 1.2e-05
721 2e-05
722 1.34715e-05
723 1.2e-05
724 2.4e-05
725 3.6e-05
726 3.2e-05
727 2e-05
728 2.8e-05
729 2.4e-05
730 1.6e-05
731 1.6e-05
732 2.14715e-05
733 1.74715e-05
734 2e-05
735 3.2e-05
736 3.2e-05
737 1.74715e-05
738 2.4e-05
739 1.6e-05
740 2.4e-05
741 2.4e-05
742 1.6e-05
743 4e-06
744 2.8e-05
745 2.4e-05
746 2e-05
747 2.8e-05
748 2.4e-05
749 1.6e-05
750 2.54715e-05
751 1.6e-05
752 2e-05
753 2.14715e-05
754 2.4e-05
755 8e-06
756 1.4943e-05
757 3.34715e-05
758 1.6e-05
759 4e-06
760 3.4943e-05
761 2.4e-05
762 3.2e-05
763 2e-05
764 1.74715e-05
765 8e-06
766 3.74715e-05
767 1.2e-05
768 1.34715e-05
769 1.2e-05
770 2e-05
771 0
772 2.8e-05
773 2e-05
774 2e-05
775 2.6943e-05
776 2e-05
777 2.54715e-05
778 2.94715e-05
779 1.6e-05
780 4.14715e-05
781 1.6e-05
782 2.8e-05
783 1.34715e-05
784 4e-06
785 8e-06
786 2.4e-05
787 2.14715e-05
788 2e-05
789 5.47152e-06
790 3.6e-05
791 1.2e-05
792 2.4e-05
793 2e-05
794 1.2e-05
795 2e-05
796 1.2e-05
797 2e-05
798 1.74715e-05
799 1.6e-05
800 1.6e-05
801 8e-06
802 3.34715e-05
803 1.74715e-05
804 8e-06
805 4e-05
806 1.74715e-05
807 1.74715e-05
808 2.4e-05
809 1.2e-05
810 3.8943e-05
811 2e-05
812 4e-06
813 4.8e-05
814 1.6e-05
815 1.2e-05
816 2.54715e-05
817 2.54715e-05
818 2e-05
819 2.4e-05
820 2e-05
821 4e-06
822 2.94715e-05
823 1.6e-05
824 2.4e-05
825 1.2e-05
826 8e-06
827 4.8e-05
828 4e-06
829 8e-06
830 1.2e-05
831 1.6e-05
832 1.6e-05
833 1.2e-05
834 2.54715e-05
835 3.2e-05
836 1.2e-05
837 2.4e-05
838 1.74715e-05
839 3.2e-05
840 2.14715e-05
841 2e-05
842 1.2e-05
843 2e-05
844 2.54715e-05
845 1.2e-05
846 1.6e-05
847 1.2e-05
848 1.6e-05
849 2.8e-05
850 2e-05
851 4e-06
852 8e-06
853 2.4e-05
854 5.47152e-06
855 1.6e-05
856 2.8e-05
857 1.6e-05
858 3.25413e-05
859 2.8e-05
860 8e-06
861 2e-05
862 1.74715e-05
863 4e-05
864 2.8e-05
865 4e-06
866 2.4e-05
867 2.8e-05
868 2e-05
869 1.2e-05
870 1.34715e-05
871 1.8943e-05
872 3.6e-05
873 2.4e-05
874 1.6e-05
875 2.8e-05
876 8e-06
877 8e-06
878 2.14715e-05
879 2e-05
880 9.47152e-06
881 2.14715e-05
882 4e-06
883 1.2e-05
884 1.6e-05
885 1.6e-05
886 8e-06
887 1.6e-05
888 6.94304e-06
889 1.6e-05
890 1.6e-05
891 2e-05
892 3.2e-05
893 1.34715e-05
894 1.6e-05
895 3.8943e-05
896 1.34715e-05
897 8e-06
898 1.2e-05
899 1.2e-05
900 1.2e-05
901 8e-06
902 1.2e-05
903 2.8e-05
904 2.8e-05
905 2e-05
906 2.14715e-05
907 2e-05
908 2.94715e-05
909 8e-06
910 1.34715e-05
911 2e-05
912 1.34715e-05
913 2.8e-05
914 1.2e-05
915 1.6e-05
916 8e-06
917 8e-06
918 4e-05
919 1.6e-05
920 1.6e-05
921 2.4e-05
922 1.74715e-05
923 2e-05
924 1.2e-05
925 2e-05
926 2.4e-05
927 1.2e-05
928 8e-06
929 9.47152e-06
930 1.2e-05
931 2.8e-05
932 2.2943e-05
933 8e-06
934 2.8e-05
935 1.2e-05
936 1.6e-05
937 1.2e-05
938 1.6e-05
939 2e-05
940 3.2e-05
941 2e-05
942 1.2e-05
943 1.2e-05
944 4e-06
945 3.6e-05
946 8e-06
947 2.8e-05
948 1.6e-05
949 9.47152e-06
950 1.2e-05
951 2e-05
952 1.6e-05
953 5.47152e-06
954 2e-05
955 1.6e-05
956 1.6e-05
957 3.2e-05
958 1.2e-05
959 1.6e-05
960 2e-05
961 1.2e-05
962 2e-05
963 8.54134e-06
964 2.14715e-05
965 2e-05
966 8e-06
967 2e-05
968 1.2e-05
969 1.2e-05
970 1.34715e-05
971 2.4e-05
972 1.0943e-05
973 2.4e-05
974 2e-05
975 1.2e-05
976 5.47152e-06
977 1.74715e-05
978 1.6e-05
979 1.74715e-05
980 2.14715e-05
981 2.4e-05
982 8e-06
983 1.2e-05
984 1.6e-05
985 2.54715e-05
986 1.2e-05
987 1.6e-05
988 3.74715e-05
989 1.34715e-05
990 1.6e-05
991 8e-06
992 9.47152e-06
993 2.4e-05
994 8e-06
995 2.4e-05
996 2.2943e-05
997 2e-05
998 3.2e-05
999 0
