0 0
1 0.0001096
2 7.48e-05
3 6.24e-05
4 5.44e-05
5 3.99239e-05
6 3.87239e-05
7 3.4e-05
8 3.64e-05
9 3.75619e-05
10 2.63619e-05
11 2.52e-05
12 1.75619e-05
13 2.43239e-05
14 2e-05
15 2.64e-05
16 2.67619e-05
17 1.84e-05
18 2.47619e-05
19 2e-05
20 1.64e-05
21 1.99619e-05
22 1.36e-05
23 1.83619e-05
24 1.52e-05
25 1.64e-05
26 1.16e-05
27 1.48e-05
28 1.48e-05
29 1.6e-05
30 1.2e-05
31 2.03239e-05
32 1.08e-05
33 1.24e-05
34 9.96193e-06
35 1.4e-05
36 1.28e-05
37 1.12e-05
38 1.64e-05
39 1.2e-05
40 1.19619e-05
41 8e-06
42 1.63619e-05
43 1.28e-05
44 8e-06
45 1.31619e-05
46 9.2e-06
47 8.36193e-06
48 1e-05
49 1.07619e-05
50 9.2e-06
51 4.8e-06
52 1.44e-05
53 1e-05
54 1.16e-05
55 7.2e-06
56 1.15619e-05
57 1.12e-05
58 8e-06
59 7.6e-06
60 8.76193e-06
61 8.4e-06
62 6.8e-06
63 9.92749e-06
64 8.72387e-06
65 8.36193e-06
66 7.96193e-06
67 5.2e-06
68 8e-06
69 7.56193e-06
70 9.2e-06
71 9.8858e-06
72 5.16193e-06
73 1.03619e-05
74 1.04e-05
75 7.56193e-06
76 9.2e-06
77 6e-06
78 8e-06
79 6e-06
80 6e-06
81 1e-05
82 9.16193e-06
83 1.12e-05
84 4.8e-06
85 9.84774e-06
86 7.96193e-06
87 6.76193e-06
88 6e-06
89 7.6e-06
90 7.56193e-06
91 8.4e-06
92 7.56193e-06
93 5.6e-06
94 8e-06
95 8.4e-06
96 4.8e-06
97 7.96193e-06
98 5.96193e-06
99 7.2e-06
100 6.4e-06
101 5.56193e-06
102 5.2e-06
103 9.2e-06
104 7.2e-06
105 6.8e-06
106 6.8e-06
107 7.56193e-06
108 7.52387e-06
109 6.4e-06
110 1.16e-05
111 7.52387e-06
112 6.8e-06
113 6e-06
114 6e-06
115 1.03619e-05
116 7.2e-06
117 5.16193e-06
118 5.16193e-06
119 5.2e-06
120 2.8e-06
121 8.36193e-06
122 6.8e-06
123 4.32387e-06
124 9.56193e-06
125 4.4e-06
126 8.76193e-06
127 6.8e-06
128 7.2e-06
129 8.8e-06
130 5.6e-06
131 7.6e-06
132 7.2e-06
133 5.96193e-06
134 7.6e-06
135 7.16193e-06
136 6.8e-06
137 5.6e-06
138 6.4e-06
139 6.76193e-06
140 6.4e-06
141 4e-06
142 4.76193e-06
143 5.2e-06
144 6e-06
145 4.8e-06
146 6.4e-06
147 4.4e-06
148 6.4e-06
149 4.8e-06
150 3.2e-06
151 4.4e-06
152 3.96193e-06
153 2.8e-06
154 5.12387e-06
155 6.8e-06
156 5.52387e-06
157 3.6e-06
158 6.4e-06
159 4.4e-06
160 6e-06
161 3.16193e-06
162 3.2e-06
163 6.76193e-06
164 5.6e-06
165 9.2e-06
166 5.6e-06
167 5.2e-06
168 6.4e-06
169 4.8e-06
170 3.2e-06
171 5.6e-06
172 6.36193e-06
173 4e-06
174 5.2e-06
175 5.2e-06
176 6e-06
177 5.96193e-06
178 7.12387e-06
179 5.2e-06
180 6.36193e-06
181 3.16193e-06
182 6.36193e-06
183 6.8e-06
184 5.56193e-06
185 5.6e-06
186 3.56193e-06
187 5.16193e-06
188 6.4e-06
189 4.4e-06
190 5.16193e-06
191 6e-06
192 6e-06
193 4.8e-06
194 5.92387e-06
195 5.6e-06
196 2.8e-06
197 2e-06
198 5.6e-06
199 6.8e-06
200 5.6e-06
201 6e-06
202 3.96193e-06
203 5.6e-06
204 4.4e-06
205 4.8e-06
206 4e-06
207 4e-06
208 3.6e-06
209 4e-06
210 4.4e-06
211 4.8e-06
212 4e-06
213 3.16193e-06
214 3.6e-06
215 4.8e-06
216 3.92387e-06
217 3.96193e-06
218 4e-06
219 5.2e-06
220 7.6e-06
221 4.76193e-06
222 5.16193e-06
223 3.96193e-06
224 6e-06
225 3.16193e-06
226 4e-06
227 2.8e-06
228 2.4e-06
229 3.52749e-06
230 4e-06
231 2.4e-06
232 5.96193e-06
233 3.16193e-06
234 3.56193e-06
235 6.4e-06
236 4.8e-06
237 3.56193e-06
238 4.72387e-06
239 5.6e-06
240 2.8e-06
241 3.2e-06
242 2e-06
243 3.16193e-06
244 3.96193e-06
245 3.2e-06
246 3.2e-06
247 3.2e-06
248 4.36193e-06
249 2.8e-06
250 3.6e-06
251 2.76193e-06
252 5.12387e-06
253 4.36193e-06
254 4e-06
255 4.32749e-06
256 4.8e-06
257 5.56193e-06
258 2.8e-06
259 3.6e-06
260 3.6e-06
261 5.52387e-06
262 3.6e-06
263 1.92387e-06
264 4.28943e-06
265 2.8e-06
266 4.8e-06
267 6.8e-06
268 4.76193e-06
269 4.76193e-06
270 4e-06
271 3.6e-06
272 3.6e-06
273 6.72387e-06
274 2.36193e-06
275 4e-06
276 3.12387e-06
277 3.2e-06
278 2.4e-06
279 2.8e-06
280 3.2e-06
281 3.6e-06
282 2.8e-06
283 4.4e-06
284 6.72749e-06
285 4e-06
286 3.2e-06
287 3.16193e-06
288 4e-06
289 4.4e-06
290 1.6e-06
291 2.36193e-06
292 6e-06
293 5.16193e-06
294 3.6e-06
295 4.4e-06
296 4.8e-06
297 2.8e-06
298 3.6e-06
299 3.16193e-06
300 3.2e-06
301 5.16193e-06
302 3.96193e-06
303 4.36193e-06
304 3.6e-06
305 2e-06
306 3.2e-06
307 3.96193e-06
308 1.6e-06
309 2e-06
310 3.2e-06
311 2.8e-06
312 3.56193e-06
313 2.8e-06
314 3.2e-06
315 1.6e-06
316 6.4e-06
317 2e-06
318 3.2e-06
319 3.2e-06
320 2e-06
321 2.76193e-06
322 4.32387e-06
323 3.6e-06
324 2e-06
325 2e-06
326 2.8e-06
327 4e-06
328 5.2e-06
329 5.16193e-06
330 2.4e-06
331 2.36193e-06
332 4e-06
333 2.8e-06
334 3.2e-06
335 3.16193e-06
336 2.4e-06
337 2.4e-06
338 2.8e-06
339 1.2e-06
340 2.8e-06
341 1.2e-06
342 3.2e-06
343 2.8e-06
344 2.4e-06
345 3.56193e-06
346 1.96193e-06
347 1.6e-06
348 3.2e-06
349 1.6e-06
350 4.8e-06
351 4e-06
352 3.6e-06
353 2.4e-06
354 4.36193e-06
355 2.36193e-06
356 2.4e-06
357 2.4e-06
358 2.4e-06
359 3.96193e-06
360 3.6e-06
361 2.4e-06
362 4.4e-06
363 2.4e-06
364 3.6e-06
365 2.32387e-06
366 4.8e-06
367 2e-06
368 2.8e-06
369 3.2e-06
370 3.52749e-06
371 4e-06
372 2.8e-06
373 2.76193e-06
374 2.4e-06
375 2.8e-06
376 2e-06
377 2.8e-06
378 3.16193e-06
379 4.28943e-06
380 8e-07
381 1.6e-06
382 4e-06
383 2e-06
384 2.4e-06
385 4.4e-06
386 4.4e-06
387 4.36193e-06
388 3.2e-06
389 3.2e-06
390 3.6e-06
391 1.96193e-06
392 4e-06
393 4.4e-06
394 1.56193e-06
395 3.2e-06
396 1.6e-06
397 4e-06
398 3.16193e-06
399 4e-06
400 3.6e-06
401 3.2e-06
402 3.56193e-06
403 2.4e-06
404 6.4e-06
405 2.4e-06
406 4.72387e-06
407 6.36193e-06
408 3.2e-06
409 2e-06
410 5.56193e-06
411 4e-06
412 3.16193e-06
413 2e-06
414 3.6e-06
415 1.2e-06
416 2.4e-06
417 2e-06
418 2e-06
419 4.4e-06
420 3.2e-06
421 2.36193e-06
422 2.8e-06
423 4e-06
424 2.4e-06
425 1.6e-06
426 1.6e-06
427 3.56193e-06
428 3.2e-06
429 4e-06
430 3.2e-06
431 3.56193e-06
432 3.6e-06
433 2.72387e-06
434 2e-06
435 3.52387e-06
436 2.76193e-06
437 1.2e-06
438 3.6e-06
439 2.4e-06
440 1.96193e-06
441 1.2e-06
442 8e-07
443 2.8e-06
444 2e-06
445 1.6e-06
446 3.16193e-06
447 2.8e-06
448 3.56193e-06
449 4.4e-06
450 8e-07
451 2.4e-06
452 1.6e-06
453 1.2e-06
454 1.6e-06
455 2.32387e-06
456 4.8e-06
457 2.72387e-06
458 2.8e-06
459 4.32387e-06
460 2.8e-06
461 2.36193e-06
462 2.8e-06
463 3.2e-06
464 2.4e-06
465 3.6e-06
466 3.2e-06
467 2.8e-06
468 2e-06
469 2.76193e-06
470 3.2e-06
471 4e-06
472 1.6e-06
473 1.6e-06
474 4e-06
475 3.2e-06
476 1.6e-06
477 2.36193e-06
478 1.2e-06
479 2.4e-06
480 3.2e-06
481 2.4e-06
482 2.8e-06
483 2.8e-06
484 2.4e-06
485 1.56193e-06
486 3.2e-06
487 2e-06
488 5.56193e-06
489 3.56193e-06
490 2.8e-06
491 3.6e-06
492 2e-06
493 2.8e-06
494 1.6e-06
495 2.36193e-06
496 1.2e-06
497 2.36193e-06
498 3.2e-06
499 3.6e-06
500 3.52387e-06
501 1.6e-06
502 2.76193e-06
503 8e-07
504 1.2e-06
505 2.4e-06
506 3.6e-06
507 1.96193e-06
508 1.2e-06
509 1.96193e-06
510 1.6e-06
511 2e-06
512 7.61935e-07
513 2e-06
514 4e-06
515 2.8e-06
516 2.4e-06
517 2.76193e-06
518 2e-06
519 2.8e-06
520 2.72387e-06
521 1.16193e-06
522 4.4e-06
523 4.76193e-06
524 1.56193e-06
525 2e-06
526 4e-07
527 3.96193e-06
528 1.6e-06
529 2e-06
530 2.4e-06
531 1.56193e-06
532 2e-06
533 1.96193e-06
534 3.2e-06
535 3.16193e-06
536 2.8e-06
537 7.61935e-07
538 2.8e-06
539 1.16193e-06
540 3.2e-06
541 2.4e-06
542 2e-06
543 1.56193e-06
544 1.6e-06
545 2e-06
546 2.8e-06
547 2.4e-06
548 2.4e-06
549 3.6e-06
550 1.6e-06
551 2.4e-06
552 1.2e-06
553 3.2e-06
554 3.2e-06
555 4.8e-06
556 3.56193e-06
557 2.32387e-06
558 4e-06
559 2e-06
560 2.4e-06
561 2e-06
562 2.4e-06
563 2.8e-06
564 1.2e-06
565 1.2e-06
566 3.2e-06
567 4.8e-06
568 3.16193e-06
569 1.2e-06
570 3.2e-06
571 2e-06
572 1.2e-06
573 8e-07
574 1.6e-06
575 3.2e-06
576 3.12387e-06
577 3.16193e-06
578 3.8858e-06
579 2.32387e-06
580 2e-06
581 3.2e-06
582 2.8e-06
583 1.2e-06
584 5.56193e-06
585 3.2e-06
586 3.6e-06
587 8e-07
588 2.4e-06
589 1.6e-06
590 1.6e-06
591 8e-07
592 4e-06
593 1.6e-06
594 3.16193e-06
595 2.36193e-06
596 1.2e-06
597 2e-06
598 2e-06
599 3.2e-06
600 2.76193e-06
601 3.6e-06
602 1.2e-06
603 3.2e-06
604 3.16193e-06
605 4e-06
606 1.56193e-06
607 2.76193e-06
608 2.36193e-06
609 3.96193e-06
610 2.76193e-06
611 2.8e-06
612 1.6e-06
613 2.76193e-06
614 1.2e-06
615 2.36193e-06
616 1.2e-06
617 4e-07
618 1.2e-06
619 2.4e-06
620 2e-06
621 3.96193e-06
622 3.6e-06
623 1.2e-06
624 1.56193e-06
625 2e-06
626 2e-06
627 3.2e-06
628 2e-06
629 2.36193e-06
630 2e-06
631 3.96193e-06
632 2.8e-06
633 1.6e-06
634 2.4e-06
635 3.6e-06
636 1.2e-06
637 2.4e-06
638 2.72387e-06
639 1.6e-06
640 8e-07
641 2.8e-06
642 1.6e-06
643 2.76193e-06
644 3.6e-06
645 4.6858e-06
646 2e-06
647 3.2e-06
648 2e-06
649 2.4e-06
650 1.6e-06
651 2.76193e-06
652 2.36193e-06
653 1.6e-06
654 1.2e-06
655 2.4e-06
656 3.2e-06
657 4e-07
658 2.36193e-06
659 2e-06
660 8e-07
661 2e-06
662 1.96193e-06
663 1.96193e-06
664 3.2e-06
665 3.6e-06
666 1.12749e-06
667 2.8e-06
668 3.12387e-06
669 3.16193e-06
670 4e-06
671 2.76193e-06
672 2.4e-06
673 1.2e-06
674 1.6e-06
675 1.16193e-06
676 1.6e-06
677 3.2e-06
678 4.8e-06
679 2e-06
680 1.2e-06
681 1.6e-06
682 8e-07
683 4.8e-06
684 1.56193e-06
685 2.36193e-06
686 2e-06
687 1.6e-06
688 2.36193e-06
689 3.6e-06
690 1.2e-06
691 2e-06
692 2e-06
693 3.2e-06
694 4e-06
695 8e-07
696 3.6e-06
697 2e-06
698 3.6e-06
699 1.92387e-06
700 1.96193e-06
701 2e-06
702 2e-06
703 1.56193e-06
704 3.56193e-06
705 1.6e-06
706 2.8e-06
707 2.4e-06
708 8e-07
709 3.16193e-06
710 1.2e-06
711 8e-07
712 2.76193e-06
713 1.56193e-06
714 1.56193e-06
715 7.61935e-07
716 3.6e-06
717 2e-06
718 2.8e-06
719 3.56193e-06
720 2e-06
721 2.8e-06
722 3.61935e-07
723 1.6e-06
724 1.2e-06
725 3.2e-06
726 3.2e-06
727 4e-06
728 3.52387e-06
729 2.4e-06
730 1.6e-06
731 1.2e-06
732 1.2e-06
733 1.2e-06
734 1.2e-06
735 1.2e-06
736 3.2e-06
737 8e-07
738 5.6e-06
739 2.4e-06
740 1.16193e-06
741 2.8e-06
742 2e-06
743 2.4e-06
744 1.6e-06
745 2.4e-06
746 8e-07
747 1.6e-06
748 1.6e-06
749 1.2e-06
750 2.36193e-06
751 1.6e-06
752 4e-06
753 2.8e-06
754 2.4e-06
755 2.32387e-06
756 1.6e-06
757 8e-07
758 1.16193e-06
759 2.8e-06
760 1.56193e-06
761 8e-07
762 2e-06
763 2.8e-06
764 2.76193e-06
765 2.76193e-06
766 1.2e-06
767 2.36193e-06
768 3.56193e-06
769 2.4e-06
770 1.6e-06
771 2.4e-06
772 2.76193e-06
773 1.2e-06
774 1.6e-06
775 2.76193e-06
776 2.8e-06
777 2.4e-06
778 1.96193e-06
779 3.6e-06
780 1.6e-06
781 2e-06
782 1.6e-06
783 2.4e-06
784 2e-06
785 2e-06
786 1.6e-06
787 3.52387e-06
788 1.96193e-06
789 1.56193e-06
790 1.56193e-06
791 3.2e-06
792 1.96193e-06
793 8e-07
794 3.96193e-06
795 2.36193e-06
796 2.4e-06
797 4.4e-06
798 4e-07
799 2.8e-06
800 2.76193e-06
801 2.36193e-06
802 3.2e-06
803 4e-07
804 2.76193e-06
805 2.4e-06
806 1.2e-06
807 3.2e-06
808 1.16193e-06
809 1.2e-06
810 1.6e-06
811 8e-07
812 3.56193e-06
813 1.56193e-06
814 2.4e-06
815 1.2e-06
816 3.16193e-06
817 1.2e-06
818 8e-07
819 8e-07
820 1.96193e-06
821 2e-06
822 1.6e-06
823 1.6e-06
824 2.4e-06
825 2e-06
826 5.2e-06
827 3.2e-06
828 2.36193e-06
829 1.2e-06
830 1.56193e-06
831 1.2e-06
832 8e-07
833 8e-07
834 1.2e-06
835 2e-06
836 2.4e-06
837 2.4e-06
838 2e-06
839 1.6e-06
840 2.4e-06
841 1.96193e-06
842 2e-06
843 2.36193e-06
844 1.16193e-06
845 3.2e-06
846 1.6e-06
847 1.2e-06
848 2e-06
849 2.4e-06
850 2.76193e-06
851 2e-06
852 1.6e-06
853 1.2e-06
854 2.8e-06
855 2e-06
856 2e-06
857 1.2e-06
858 4e-07
859 3.6e-06
860 1.2e-06
861 2.4e-06
862 7.27492e-07
863 2.36193e-06
864 2e-06
865 8e-07
866 2e-06
867 1.6e-06
868 1.56193e-06
869 1.6e-06
870 4e-07
871 1.6e-06
872 4e-07
873 4e-06
874 1.6e-06
875 2.4e-06
876 1.6e-06
877 8e-07
878 4e-06
879 1.6e-06
880 2.36193e-06
881 3.2e-06
882 3.61935e-07
883 2e-06
884 2.4e-06
885 8e-07
886 1.6e-06
887 1.2e-06
888 2.32387e-06
889 2e-06
890 1.6e-06
891 1.2e-06
892 1.16193e-06
893 7.61935e-07
894 1.96193e-06
895 2.8e-06
896 2e-06
897 2e-06
898 1.6e-06
899 1.56193e-06
900 3.2e-06
901 4e-07
902 2e-06
903 4e-07
904 4e-07
905 2.4e-06
906 8e-07
907 2e-06
908 1.6e-06
909 2e-06
910 2.4e-06
911 2.36193e-06
912 4e-06
913 1.16193e-06
914 2e-06
915 8e-07
916 2.36193e-06
917 2e-06
918 1.2e-06
919 1.2e-06
920 2e-06
921 8e-07
922 1.96193e-06
923 2.36193e-06
924 2.72387e-06
925 1.16193e-06
926 1.16193e-06
927 1.56193e-06
928 1.2e-06
929 1.56193e-06
930 3.00967e-06
931 2e-06
932 2e-06
933 2e-06
934 1.6e-06
935 2e-06
936 2e-06
937 2e-06
938 1.6e-06
939 2e-06
940 2.36193e-06
941 1.6e-06
942 2e-06
943 2.4e-06
944 1.56193e-06
945 1.6e-06
946 1.6e-06
947 1.56193e-06
948 1.2e-06
949 2.8e-06
950 3.16193e-06
951 3.56193e-06
952 8e-07
953 2e-06
954 1.2e-06
955 0
956 1.96193e-06
957 1.92749e-06
958 1.2e-06
959 3.2e-06
960 1.96193e-06
961 1.96193e-06
962 1.2e-06
963 1.6e-06
964 2.8e-06
965 1.6e-06
966 8e-07
967 1.6e-06
968 1.56193e-06
969 2.4e-06
970 1.6e-06
971 1.2e-06
972 2.4e-06
973 0
974 4e-07
975 1.6e-06
976 2e-06
977 1.6e-06
978 2.8e-06
979 1.6e-06
980 2.8e-06
981 1.2e-06
982 1.6e-06
983 2.4e-06
984 2.8e-06
985 1.6e-06
986 1.6e-06
987 8e-07
988 2.4e-06
989 3.6e-06
990 1.2e-06
991 8e-07
992 2.76193e-06
993 2.4e-06
994 3.92387e-06
995 1.6e-06
996 2.36193e-06
997 1.2e-06
998 1.2e-06
999 0
