0 0
1 0.001016
2 0.000701472
3 0.000656
4 0.000516
5 0.000393472
6 0.000424
7 0.000304
8 0.000369472
9 0.000308
10 0.000284
11 0.000276
12 0.00028
13 0.000252
14 0.000276
15 0.000204
16 0.000176
17 0.00022
18 0.000192
19 0.00016
20 0.000192
21 0.000164
22 0.00016
23 0.000156
24 0.000162943
25 0.000153472
26 0.000166943
27 0.00016
28 0.000182943
29 0.000126943
30 0.000104
31 0.000124
32 9.2e-05
33 0.000165472
34 0.000112
35 0.000168
36 0.000124
37 9.6e-05
38 8.94715e-05
39 0.000117472
40 0.000137472
41 0.000124
42 8.4e-05
43 7.2e-05
44 0.000112
45 0.000109472
46 6.8e-05
47 0.0001
48 9.6e-05
49 9.2e-05
50 0.0001
51 0.000133472
52 0.000104
53 8.4e-05
54 9.34715e-05
55 8.4e-05
56 0.0001
57 3.6e-05
58 0.000112
59 0.000116
60 0.0001
61 7.6e-05
62 0.000117472
63 0.0001
64 6.4e-05
65 0.000104
66 7.6e-05
67 0.000129472
68 9.24146e-05
69 0.000113472
70 8e-05
71 9.6e-05
72 9.6e-05
73 7.25413e-05
74 0.000101472
75 7.2e-05
76 0.000112
77 5.34715e-05
78 7.8943e-05
79 6.2943e-05
80 5.2e-05
81 0.0001
82 6e-05
83 0.000104
84 9.6e-05
85 9.34715e-05
86 7.6e-05
87 7.2e-05
88 0.000112
89 7.74715e-05
90 8.54715e-05
91 7.6e-05
92 7.0943e-05
93 7.2e-05
94 6.6943e-05
95 6.54715e-05
96 5.8943e-05
97 6e-05
98 7.34715e-05
99 8e-05
100 9.6e-05
101 7.34715e-05
102 6.54715e-05
103 6.14715e-05
104 7.34715e-05
105 0.0001
106 8.4e-05
107 4.94715e-05
108 5.2e-05
109 9.2e-05
110 7.2e-05
111 3.74715e-05
112 8.4e-05
113 7.6e-05
114 7.74715e-05
115 6.8e-05
116 6.4e-05
117 6.8e-05
118 5.74715e-05
119 6.8e-05
120 6.8e-05
121 3.74715e-05
122 4.54715e-05
123 4.94715e-05
124 7.2e-05
125 4.14715e-05
126 3.6e-05
127 4.14715e-05
128 7.6e-05
129 8.94715e-05
130 6e-05
131 4e-05
132 5.6e-05
133 8.4e-05
134 8.14715e-05
135 6e-05
136 2.8e-05
137 6.54715e-05
138 5.0943e-05
139 5.2e-05
140 4.94715e-05
141 6e-05
142 9.2e-05
143 3.2e-05
144 5.6e-05
145 6.94715e-05
146 6.6943e-05
147 4.94715e-05
148 5.6e-05
149 5.74715e-05
150 7.0943e-05
151 4.14715e-05
152 5.6e-05
153 7.24146e-05
154 6e-05
155 5.6e-05
156 5.34715e-05
157 5.2e-05
158 5.6e-05
159 5.6e-05
160 5.6e-05
161 5.6e-05
162 3.4943e-05
163 4.8e-05
164 5.2e-05
165 4.8e-05
166 3.74715e-05
167 5.2e-05
168 8.60129e-05
169 4.4e-05
170 2.8e-05
171 3.74715e-05
172 8e-05
173 5.2e-05
174 6.84146e-05
175 6e-05
176 4e-05
177 4e-05
178 4e-05
179 4.8e-05
180 6.6943e-05
181 7.2e-05
182 5.8943e-05
183 6e-05
184 5.2e-05
185 4.4e-05
186 7.25413e-05
187 2.94715e-05
188 4.4e-05
189 5.2e-05
190 5.6e-05
191 6.4e-05
192 7.6e-05
193 4.4e-05
194 1.74715e-05
195 4.8e-05
196 6.4e-05
197 1.6e-05
198 2.54715e-05
199 3.34715e-05
200 4.4e-05
201 4.6943e-05
202 2.8e-05
203 6.4e-05
204 2.4e-05
205 1.6e-05
206 3.2e-05
207 2.4e-05
208 5.2e-05
209 4.14715e-05
210 4e-05
211 4.14715e-05
212 3.34715e-05
213 4.8e-05
214 4.94715e-05
215 3.34715e-05
216 4.94715e-05
217 4.4e-05
218 4.14715e-05
219 4.4e-05
220 5.2e-05
221 3.2e-05
222 6.4e-05
223 4.14715e-05
224 3.74715e-05
225 5.8943e-05
226 1.8943e-05
227 5.6e-05
228 5.2e-05
229 4.54715e-05
230 4.8e-05
231 4.8e-05
232 4.4e-05
233 4.4e-05
234 3.34715e-05
235 2.94715e-05
236 2.8e-05
237 2.4e-05
238 3.6e-05
239 2.4e-05
240 3.2e-05
241 4.14715e-05
242 3.2e-05
243 3.2e-05
244 2.4e-05
245 3.34715e-05
246 4.4e-05
247 3.2e-05
248 3.6e-05
249 4.8e-05
250 2.8e-05
251 5.34715e-05
252 4.54715e-05
253 2.4e-05
254 4.4e-05
255 4e-05
256 2.14715e-05
257 2.8e-05
258 3.6e-05
259 3.6e-05
260 4.4e-05
261 5.6e-05
262 5.2e-05
263 4e-05
264 4e-05
265 2.14715e-05
266 2.54715e-05
267 4.14715e-05
268 5.74715e-05
269 6.54715e-05
270 3.2e-05
271 5.34715e-05
272 2e-05
273 6e-05
274 3.2e-05
275 3.2e-05
276 2.94715e-05
277 3.34715e-05
278 4.54715e-05
279 4.4e-05
280 2e-05
281 2.94715e-05
282 7.34715e-05
283 4e-05
284 2.54715e-05
285 4e-05
286 2.4e-05
287 3.34715e-05
288 2.54715e-05
289 5.2e-05
290 4.94715e-05
291 3.2e-05
292 4.8e-05
293 2e-05
294 6.14715e-05
295 3.34715e-05
296 3.6e-05
297 2.8e-05
298 3.74715e-05
299 3.2e-05
300 2.94715e-05
301 4e-05
302 2.8e-05
303 2.4e-05
304 2.8e-05
305 3.6e-05
306 4e-05
307 2.8e-05
308 6.8e-05
309 2.8e-05
310 4.73576e-05
311 4.2943e-05
312 5.74715e-05
313 2.4e-05
314 2.8e-05
315 2e-05
316 3.6e-05
317 2e-05
318 3.2e-05
319 3.2e-05
320 3.34715e-05
321 5.2e-05
322 2.4e-05
323 8e-06
324 2.14715e-05
325 5.34715e-05
326 4.8e-05
327 3.34715e-05
328 2e-05
329 4.8e-05
330 3.6e-05
331 2.8e-05
332 3.6e-05
333 2.4e-05
334 2.54715e-05
335 3.65413e-05
336 3.6e-05
337 2.4e-05
338 2e-05
339 1.2e-05
340 4.4e-05
341 4e-05
342 6.14715e-05
343 2.4e-05
344 2.8e-05
345 2.14715e-05
346 8e-06
347 3.2e-05
348 3.6e-05
349 4e-05
350 2.8e-05
351 5.0943e-05
352 3.74715e-05
353 2.4e-05
354 2.4e-05
355 2.4e-05
356 4.4e-05
357 4.4e-05
358 3.6e-05
359 2e-05
360 2e-05
361 3.6e-05
362 3.8943e-05
363 4e-05
364 3.34715e-05
365 1.74715e-05
366 2.8e-05
367 1.74715e-05
368 4e-05
369 3.6e-05
370 3.4943e-05
371 2.94715e-05
372 2.94715e-05
373 4.14715e-05
374 2.4e-05
375 3.34715e-05
376 3.2e-05
377 2e-05
378 2.8e-05
379 1.6e-05
380 2.4e-05
381 1.74715e-05
382 1.6e-05
383 4.14715e-05
384 8e-06
385 2.8e-05
386 2e-05
387 4.14715e-05
388 2e-05
389 2e-05
390 3.74715e-05
391 3.74715e-05
392 2.85413e-05
393 1.2e-05
394 2.4e-05
395 2.6943e-05
396 2.4e-05
397 2e-05
398 2.8e-05
399 1.2e-05
400 2.8e-05
401 1.0943e-05
402 1.2e-05
403 4.8e-05
404 3.8943e-05
405 1.2e-05
406 2e-05
407 2e-05
408 4e-05
409 3.6e-05
410 2.8e-05
411 2.8e-05
412 1.2e-05
413 2.14715e-05
414 3.6e-05
415 4e-05
416 8e-06
417 3.6e-05
418 3.6e-05
419 4.4e-05
420 4e-05
421 2.8e-05
422 3.2e-05
423 2.4e-05
424 2e-05
425 5.6e-05
426 2.8e-05
427 1.2e-05
428 2e-05
429 2.8e-05
430 2e-05
431 1.6e-05
432 2.54715e-05
433 2.4e-05
434 1.6e-05
435 2e-05
436 1.2e-05
437 2.8e-05
438 5.47152e-06
439 2.14715e-05
440 2.4e-05
441 2.4e-05
442 4e-05
443 2.8e-05
444 4.8e-05
445 3.2e-05
446 1.34715e-05
447 2e-05
448 3.2e-05
449 2.8e-05
450 1.74715e-05
451 2.4e-05
452 4e-05
453 1.2e-05
454 2.8e-05
455 2.4e-05
456 1.6e-05
457 4.8e-05
458 2.8e-05
459 2.94715e-05
460 2e-05
461 2.4e-05
462 1.2e-05
463 3.2e-05
464 4.4e-05
465 2.4e-05
466 3.74715e-05
467 1.2e-05
468 3.6e-05
469 4.14715e-05
470 2.14715e-05
471 2.8e-05
472 2.94715e-05
473 2.8e-05
474 1.6e-05
475 3.6e-05
476 2.4e-05
477 1.6e-05
478 3.74715e-05
479 4e-05
480 3.8943e-05
481 1.6e-05
482 2.8e-05
483 2.14715e-05
484 1.2e-05
485 2.4e-05
486 4e-05
487 3.6e-05
488 1.6e-05
489 4.14715e-05
490 1.6e-05
491 4.8e-05
492 2.8e-05
493 2e-05
494 3.34715e-05
495 2.4e-05
496 1.6e-05
497 8e-06
498 2.94715e-05
499 3.6e-05
500 2e-05
501 2.4e-05
502 2e-05
503 2.4e-05
504 2.4e-05
505 8e-06
506 2e-05
507 3.2e-05
508 2.6943e-05
509 3.6e-05
510 2.4e-05
511 2.14715e-05
512 1.74715e-05
513 1.6e-05
514 2e-05
515 2.54715e-05
516 1.74715e-05
517 2.54715e-05
518 3.2e-05
519 3.34715e-05
520 2.8e-05
521 4e-05
522 1.6e-05
523 2.4e-05
524 2.4e-05
525 1.74715e-05
526 3.2e-05
527 2.4e-05
528 2.8e-05
529 3.2e-05
530 4.4e-05
531 2.4e-05
532 3.2e-05
533 2.4e-05
534 2e-05
535 2.4e-05
536 3.2e-05
537 2e-05
538 8e-06
539 2.8e-05
540 1.2e-05
541 1.6e-05
542 3.74715e-05
543 3.2e-05
544 2.54715e-05
545 1.74715e-05
546 3.2e-05
547 4e-05
548 2.94715e-05
549 3.34715e-05
550 2e-05
551 2.8e-05
552 2.4e-05
553 2.4e-05
554 2.4e-05
555 1.6e-05
556 1.6e-05
557 2e-05
558 2.14715e-05
559 1.74715e-05
560 2e-05
561 3.6e-05
562 2e-05
563 2e-05
564 3.34715e-05
565 2.4e-05
566 3.2e-05
567 2e-05
568 2.4e-05
569 2.4e-05
570 2.14715e-05
571 2.14715e-05
572 2e-05
573 2.4e-05
574 2e-05
575 3.6e-05
576 8e-06
577 3.2e-05
578 1.2e-05
579 3.6e-05
580 2e-05
581 2.4e-05
582 1.2e-05
583 2.8e-05
584 4e-05
585 2.54715e-05
586 2e-05
587 2e-05
588 2.8e-05
589 2.94715e-05
590 3.2e-05
591 3.34715e-05
592 4e-06
593 2.14715e-05
594 2e-05
595 2.54715e-05
596 2e-05
597 1.34715e-05
598 1.2e-05
599 1.6e-05
600 1.34715e-05
601 2.4e-05
602 2.14715e-05
603 3.2e-05
604 2.4e-05
605 4e-05
606 1.74715e-05
607 2.4e-05
608 2e-05
609 2e-05
610 1.2e-05
611 2e-05
612 2.14715e-05
613 1.6e-05
614 1.6e-05
615 1.6e-05
616 1.6e-05
617 2.4e-05
618 2.4e-05
619 2.4e-05
620 2.8e-05
621 2.8e-05
622 1.6e-05
623 1.6e-05
624 2.8e-05
625 1.74715e-05
626 4e-05
627 2e-05
628 1.6e-05
629 1.24146e-05
630 1.34715e-05
631 1.2e-05
632 2.4e-05
633 1.8943e-05
634 1.2e-05
635 2e-05
636 3.74715e-05
637 2e-05
638 2e-05
639 1.2e-05
640 2.4e-05
641 1.6e-05
642 2.8e-05
643 1.74715e-05
644 3.2e-05
645 2.14715e-05
646 1.2e-05
647 4e-06
648 2e-05
649 5.47152e-06
650 3.6e-05
651 8e-06
652 2.05413e-05
653 4e-06
654 2.14715e-05
655 8e-06
656 9.47152e-06
657 2e-05
658 4e-06
659 2.4e-05
660 3.34715e-05
661 2e-05
662 1.2e-05
663 3.34715e-05
664 2.4e-05
665 1.34715e-05
666 2e-05
667 2.94715e-05
668 8e-06
669 2.8e-05
670 3.2e-05
671 2.8e-05
672 2.8e-05
673 1.6e-05
674 2.54715e-05
675 2.8e-05
676 1.6e-05
677 3.34715e-05
678 2e-05
679 2.4e-05
680 2e-05
681 2.94715e-05
682 1.34715e-05
683 1.2e-05
684 8.54134e-06
685 2.4e-05
686 2e-05
687 4e-06
688 2.8e-05
689 2.8e-05
690 3.34715e-05
691 3.34715e-05
692 1.2e-05
693 2.94715e-05
694 8e-06
695 3.74715e-05
696 2.8e-05
697 1.34715e-05
698 2.94715e-05
699 1.2e-05
700 2.8e-05
701 2.4e-05
702 1.6e-05
703 3.6e-05
704 2e-05
705 2.4e-05
706 1.2e-05
707 1.2e-05
708 1.34715e-05
709 1.34715e-05
710 2.8e-05
711 3.74715e-05
712 2.94715e-05
713 3.2e-05
714 2.4e-05
715 1.2e-05
716 1.74715e-05
717 4e-06
718 1.6e-05
719 3.2e-05
720 1.2e-05
721 2.8e-05
722 2.8e-05
723 2.8e-05
724 1.6e-05
725 8e-06
726 2e-05
727 2.8e-05
728 2.8e-05
729 1.2e-05
730 2e-05
731 2e-05
732 2.54715e-05
733 2.54715e-05
734 9.47152e-06
735 1.74715e-05
736 2.94715e-05
737 2.8e-05
738 3.6e-05
739 2.4e-05
740 1.6e-05
741 9.47152e-06
742 2.4e-05
743 1.6e-05
744 2e-05
745 1.6e-05
746 1.6e-05
747 1.2e-05
748 1.2e-05
749 2.54715e-05
750 3.74715e-05
751 2.4e-05
752 1.2e-05
753 1.34715e-05
754 1.2e-05
755 2.54715e-05
756 1.2e-05
757 2.14715e-05
758 2e-05
759 1.6e-05
760 2e-05
761 2e-05
762 2e-05
763 8e-06
764 1.6e-05
765 8e-06
766 1.34715e-05
767 3.34715e-05
768 8e-06
769 2e-05
770 4e-06
771 3.6e-05
772 2.4e-05
773 2.4e-05
774 4e-06
775 1.2e-05
776 2e-05
777 1.2e-05
778 1.2e-05
779 1.6e-05
780 2.54715e-05
781 8e-06
782 3.6e-05
783 2.4e-05
784 1.6e-05
785 1.74715e-05
786 2.4e-05
787 1.6e-05
788 4e-06
789 0
790 8e-06
791 8e-06
792 1.34715e-05
793 2.4e-05
794 9.47152e-06
795 3.6e-05
796 8e-06
797 1.2e-05
798 2.4e-05
799 2.8e-05
800 2.8e-05
801 8e-06
802 8e-06
803 8e-06
804 1.6e-05
805 1.4943e-05
806 1.2e-05
807 8e-06
808 2e-05
809 1.2e-05
810 2e-05
811 1.74715e-05
812 2.4e-05
813 1.74715e-05
814 1.34715e-05
815 2.4e-05
816 2e-05
817 1.2e-05
818 2e-05
819 1.74715e-05
820 1.34715e-05
821 1.0943e-05
822 8e-06
823 2.94715e-05
824 8e-06
825 1.2e-05
826 1.2e-05
827 2e-05
828 1.0943e-05
829 4e-05
830 1.6e-05
831 8e-06
832 1.2e-05
833 2.4e-05
834 1.2e-05
835 4.14715e-05
836 2.4e-05
837 9.47152e-06
838 1.2e-05
839 2e-05
840 1.34715e-05
841 9.47152e-06
842 2.8e-05
843 2e-05
844 1.6e-05
845 9.47152e-06
846 1.6e-05
847 2e-05
848 2.4e-05
849 2.4e-05
850 1.2e-05
851 1.6e-05
852 8e-06
853 1.6e-05
854 1.6e-05
855 2e-05
856 1.2e-05
857 1.2e-05
858 2e-05
859 2.8e-05
860 4e-05
861 1.2e-05
862 2.8e-05
863 1.2e-05
864 2.8e-05
865 3.6e-05
866 2.8e-05
867 4e-06
868 2e-05
869 1.6e-05
870 1.6e-05
871 2e-05
872 2.94715e-05
873 1.2e-05
874 1.8943e-05
875 2.94715e-05
876 2.4e-05
877 2.4e-05
878 2.8e-05
879 2.4e-05
880 3.6e-05
881 2.14715e-05
882 1.34715e-05
883 1.6e-05
884 1.6e-05
885 2.4e-05
886 2.4e-05
887 2e-05
888 1.6e-05
889 1.2e-05
890 4e-06
891 8e-06
892 1.74715e-05
893 1.6e-05
894 1.2e-05
895 1.74715e-05
896 1.6e-05
897 1.2e-05
898 2e-05
899 1.6e-05
900 1.74715e-05
901 2.14715e-05
902 1.6e-05
903 3.6e-05
904 9.47152e-06
905 2.4e-05
906 9.47152e-06
907 2.4e-05
908 4e-06
909 1.6e-05
910 1.6e-05
911 1.74715e-05
912 2e-05
913 2.4e-05
914 9.47152e-06
915 1.34715e-05
916 2.4e-05
917 2.8e-05
918 8e-06
919 4e-06
920 4e-06
921 1.74715e-05
922 1.34715e-05
923 1.2e-05
924 5.47152e-06
925 9.47152e-06
926 8e-06
927 1.34715e-05
928 1.6e-05
929 2e-05
930 8e-06
931 2e-05
932 5.2e-05
933 2e-05
934 1.6e-05
935 1.2e-05
936 1.6e-05
937 9.47152e-06
938 1.2e-05
939 2.4e-05
940 2.2943e-05
941 4.8e-05
942 2e-05
943 2e-05
944 1.34715e-05
945 2.8e-05
946 2.4e-05
947 1.2e-05
948 4e-06
949 1.6e-05
950 1.6e-05
951 2e-05
952 2e-05
953 1.6e-05
954 3.2e-05
955 1.2e-05
956 1.2e-05
957 2.54715e-05
958 1.2e-05
959 1.2e-05
960 1.2e-05
961 1.74715e-05
962 3.0943e-05
963 1.6e-05
964 1.6e-05
965 3.2e-05
966 8e-06
967 1.6e-05
968 4e-06
969 2.4e-05
970 2.8e-05
971 9.47152e-06
972 2.4e-05
973 1.6e-05
974 1.6e-05
975 1.2e-05
976 2.54715e-05
977 8e-06
978 1.74715e-05
979 2e-05
980 1.2e-05
981 8e-06
982 1.6e-05
983 1.2e-05
984 1.6e-05
985 2.8e-05
986 1.6e-05
987 2e-05
988 2e-05
989 1.74715e-05
990 1.2e-05
991 8e-06
992 2e-05
993 4e-06
994 2e-05
995 1.6e-05
996 0
997 2.14715e-05
998 1.74715e-05
999 0
