0 0
1 0
2 8e-08
3 1.2e-07
4 8e-08
5 4e-08
6 0
7 2e-07
8 3.2e-07
9 3.2e-07
10 1.6e-07
11 2.4e-07
12 3.2e-07
13 5.2e-07
14 5.6e-07
15 5.6e-07
16 5.2e-07
17 4.4e-07
18 4e-07
19 5.6e-07
20 4e-07
21 5.6e-07
22 9.2e-07
23 6.8e-07
24 7.2e-07
25 6.4e-07
26 8.39602e-07
27 8e-07
28 5.6e-07
29 7.6e-07
30 8.39602e-07
31 9.6e-07
32 8e-07
33 6.4e-07
34 5.6e-07
35 9.6e-07
36 8e-07
37 7.2e-07
38 7.6e-07
39 1.04e-06
40 6e-07
41 9.6e-07
42 8e-07
43 7.6e-07
44 6.4e-07
45 4.39602e-07
46 6e-07
47 6e-07
48 4e-07
49 5.6e-07
50 8e-07
51 6.8e-07
52 5.2e-07
53 1.2e-06
54 7.2e-07
55 6.8e-07
56 8.4e-07
57 8.4e-07
58 6.4e-07
59 1.4e-06
60 9.99602e-07
61 7.19602e-07
62 6e-07
63 6.4e-07
64 5.6e-07
65 6.4e-07
66 6e-07
67 7.6e-07
68 6.4e-07
69 7.2e-07
70 8.4e-07
71 6.4e-07
72 5.6e-07
73 8.8e-07
74 8e-07
75 7.2e-07
76 3.99602e-07
77 8.4e-07
78 6e-07
79 9.2e-07
80 5.6e-07
81 3.6e-07
82 6.39602e-07
83 5.6e-07
84 3.19602e-07
85 6.79602e-07
86 6.8e-07
87 5.6e-07
88 6e-07
89 6e-07
90 5.6e-07
91 6e-07
92 6.4e-07
93 6e-07
94 7.6e-07
95 6.4e-07
96 6.8e-07
97 6.4e-07
98 6.4e-07
99 6.79602e-07
100 3.2e-07
101 5.2e-07
102 6.4e-07
103 5.19602e-07
104 5.6e-07
105 6.79602e-07
106 5.99204e-07
107 4.4e-07
108 6.4e-07
109 4.4e-07
110 4.8e-07
111 4.4e-07
112 5.2e-07
113 4.39602e-07
114 4.8e-07
115 3.6e-07
116 4.39602e-07
117 8.8e-07
118 5.2e-07
119 5.2e-07
120 4.8e-07
121 4e-07
122 3.6e-07
123 5.6e-07
124 7.19602e-07
125 6.4e-07
126 6e-07
127 5.19602e-07
128 4e-07
129 3.19602e-07
130 6.8e-07
131 2.8e-07
132 5.6e-07
133 4.8e-07
134 3.6e-07
135 5.2e-07
136 6.39602e-07
137 5.99602e-07
138 6.39602e-07
139 5.19602e-07
140 8e-07
141 4e-07
142 2.8e-07
143 8e-07
144 6.8e-07
145 6.39602e-07
146 6.79602e-07
147 6.39204e-07
148 5.6e-07
149 5.6e-07
150 5.99204e-07
151 4e-07
152 3.6e-07
153 5.99204e-07
154 4e-07
155 3.2e-07
156 4e-07
157 5.99204e-07
158 3.59602e-07
159 6e-07
160 6e-07
161 6e-07
162 2.8e-07
163 3.2e-07
164 2.8e-07
165 3.58806e-07
166 3.2e-07
167 3.99602e-07
168 3.2e-07
169 6.79602e-07
170 2.4e-07
171 7.99602e-07
172 4e-07
173 4.39208e-07
174 4e-07
175 3.2e-07
176 1.99602e-07
177 4.79602e-07
178 3.99602e-07
179 4.4e-07
180 2e-07
181 6e-07
182 5.2e-07
183 3.59602e-07
184 6.8e-07
185 2.8e-07
186 5.2e-07
187 4.79602e-07
188 4e-07
189 5.59602e-07
190 2.4e-07
191 6.8e-07
192 3.2e-07
193 3.6e-07
194 3.6e-07
195 4.79204e-07
196 3.6e-07
197 3.6e-07
198 1.6e-07
199 3.99602e-07
200 2.8e-07
201 5.19602e-07
202 4.39208e-07
203 5.2e-07
204 6.79602e-07
205 2.8e-07
206 3.6e-07
207 4.8e-07
208 4.8e-07
209 2.8e-07
210 4.8e-07
211 5.99204e-07
212 7.2e-07
213 4.4e-07
214 1.6e-07
215 2.4e-07
216 5.6e-07
217 4e-07
218 4e-07
219 5.2e-07
220 4e-07
221 4.8e-07
222 4e-07
223 2.8e-07
224 3.2e-07
225 2.4e-07
226 2.4e-07
227 2.79602e-07
228 2.8e-07
229 3.2e-07
230 3.19602e-07
231 3.6e-07
232 5.2e-07
233 5.2e-07
234 2.8e-07
235 4.39208e-07
236 2.8e-07
237 3.2e-07
238 2e-07
239 4e-07
240 5.19602e-07
241 3.6e-07
242 4e-07
243 3.2e-07
244 3.99602e-07
245 3.2e-07
246 2e-07
247 4.79602e-07
248 3.6e-07
249 4.4e-07
250 3.6e-07
251 2.4e-07
252 1.6e-07
253 4.8e-07
254 5.6e-07
255 4e-07
256 4e-07
257 5.99602e-07
258 3.19204e-07
259 3.6e-07
260 6.4e-07
261 3.6e-07
262 2.8e-07
263 3.6e-07
264 3.19602e-07
265 6e-07
266 3.2e-07
267 3.6e-07
268 3.2e-07
269 2.8e-07
270 4.79602e-07
271 4e-07
272 2e-07
273 4e-07
274 4e-07
275 6e-07
276 4e-07
277 2.8e-07
278 2.8e-07
279 2e-07
280 5.6e-07
281 2e-07
282 2.8e-07
283 4e-07
284 2.4e-07
285 4e-07
286 3.2e-07
287 3.6e-07
288 1.2e-07
289 3.99602e-07
290 3.6e-07
291 3.59602e-07
292 5.2e-07
293 4.79602e-07
294 2.8e-07
295 4e-07
296 2.8e-07
297 3.2e-07
298 6.8e-07
299 3.6e-07
300 4.39602e-07
301 3.6e-07
302 3.99602e-07
303 2.8e-07
304 2.4e-07
305 2.4e-07
306 2.8e-07
307 2e-07
308 1.6e-07
309 2.8e-07
310 1.6e-07
311 2.8e-07
312 3.19602e-07
313 3.6e-07
314 3.2e-07
315 4e-07
316 2.8e-07
317 4.8e-07
318 5.99602e-07
319 2.8e-07
320 3.19602e-07
321 2.8e-07
322 4e-07
323 2.4e-07
324 1.2e-07
325 3.6e-07
326 4e-07
327 3.99602e-07
328 3.6e-07
329 3.6e-07
330 2.8e-07
331 4.8e-07
332 4e-07
333 2e-07
334 3.2e-07
335 2.8e-07
336 2e-07
337 2.8e-07
338 3.2e-07
339 2.4e-07
340 2.39602e-07
341 3.2e-07
342 2.4e-07
343 1.6e-07
344 1.6e-07
345 1.19602e-07
346 1.99204e-07
347 6e-07
348 2.8e-07
349 2e-07
350 4.4e-07
351 3.2e-07
352 3.6e-07
353 4e-07
354 4e-07
355 2e-07
356 3.2e-07
357 2.4e-07
358 2.4e-07
359 1.6e-07
360 2.7881e-07
361 4.79602e-07
362 3.2e-07
363 2.39602e-07
364 3.99602e-07
365 8e-08
366 3.2e-07
367 2e-07
368 1.59602e-07
369 2.4e-07
370 4e-07
371 4e-07
372 2e-07
373 2.79602e-07
374 2.39602e-07
375 3.6e-07
376 3.59204e-07
377 3.19602e-07
378 2.8e-07
379 1.6e-07
380 2.8e-07
381 5.6e-07
382 4e-07
383 4.4e-07
384 3.19204e-07
385 2.4e-07
386 2.4e-07
387 2.4e-07
388 4.4e-07
389 4.8e-07
390 4e-07
391 4.4e-07
392 3.2e-07
393 3.2e-07
394 3.6e-07
395 2.8e-07
396 3.6e-07
397 8e-08
398 1.59208e-07
399 4.39602e-07
400 3.6e-07
401 3.2e-07
402 1.2e-07
403 3.2e-07
404 1.2e-07
405 3.2e-07
406 2.79602e-07
407 2.4e-07
408 4e-07
409 2.8e-07
410 1.2e-07
411 2.8e-07
412 1.6e-07
413 2.4e-07
414 3.6e-07
415 3.59602e-07
416 4.39602e-07
417 4.8e-07
418 4e-08
419 8e-08
420 3.2e-07
421 3.6e-07
422 3.19204e-07
423 3.19204e-07
424 4.38412e-07
425 4.8e-07
426 2e-07
427 2.4e-07
428 5.19204e-07
429 2e-07
430 1.19602e-07
431 3.2e-07
432 2.8e-07
433 4.4e-07
434 2.8e-07
435 3.99602e-07
436 1.2e-07
437 2.4e-07
438 2.4e-07
439 2.4e-07
440 2.79602e-07
441 2.4e-07
442 2.39602e-07
443 2.4e-07
444 2e-07
445 3.2e-07
446 2.8e-07
447 3.19602e-07
448 2e-07
449 8e-08
450 1.99602e-07
451 3.2e-07
452 4.4e-07
453 3.19602e-07
454 2e-07
455 2e-07
456 2e-07
457 2.8e-07
458 1.6e-07
459 4.39602e-07
460 1.2e-07
461 1.6e-07
462 3.2e-07
463 5.2e-07
464 2.79602e-07
465 1.6e-07
466 2.39602e-07
467 3.2e-07
468 2.79602e-07
469 3.2e-07
470 1.59602e-07
471 1.2e-07
472 2.8e-07
473 4e-08
474 1.6e-07
475 1.6e-07
476 3.2e-07
477 8e-08
478 2e-07
479 3.2e-07
480 4.4e-07
481 3.2e-07
482 2.4e-07
483 3.59602e-07
484 1.99602e-07
485 4.4e-07
486 4.4e-07
487 2.79204e-07
488 4.4e-07
489 1.2e-07
490 3.19602e-07
491 4.79602e-07
492 2e-07
493 2.4e-07
494 2.4e-07
495 2.39602e-07
496 2.8e-07
497 3.2e-07
498 1.6e-07
499 1.2e-07
500 2.8e-07
501 2.39602e-07
502 2.4e-07
503 2.8e-07
504 1.6e-07
505 2e-07
506 2.8e-07
507 2.39204e-07
508 4.79602e-07
509 3.19602e-07
510 1.6e-07
511 2.8e-07
512 8e-08
513 4.39208e-07
514 3.19204e-07
515 1.6e-07
516 4e-07
517 2e-07
518 2.8e-07
519 1.2e-07
520 2.8e-07
521 2e-07
522 1.2e-07
523 4e-08
524 3.6e-07
525 2.8e-07
526 1.6e-07
527 1.99602e-07
528 2.79602e-07
529 3.6e-07
530 4e-07
531 1.99602e-07
532 3.2e-07
533 2.4e-07
534 2.39602e-07
535 2.79204e-07
536 1.99602e-07
537 2.4e-07
538 3.6e-07
539 2.4e-07
540 2.8e-07
541 3.6e-07
542 3.6e-07
543 2e-07
544 4.8e-07
545 2e-07
546 4e-07
547 3.6e-07
548 2e-07
549 1.59602e-07
550 2e-07
551 2.4e-07
552 3.19602e-07
553 3.19602e-07
554 3.2e-07
555 2.79602e-07
556 3.19602e-07
557 3.2e-07
558 1.2e-07
559 3.59208e-07
560 8e-08
561 1.6e-07
562 8e-08
563 3.6e-07
564 1.99602e-07
565 2.4e-07
566 2.8e-07
567 5.2e-07
568 2.4e-07
569 2.4e-07
570 2.79204e-07
571 1.6e-07
572 3.2e-07
573 1.99602e-07
574 2.4e-07
575 1.6e-07
576 2e-07
577 2e-07
578 8e-08
579 4e-08
580 3.99602e-07
581 3.2e-07
582 2.79602e-07
583 2.8e-07
584 3.6e-07
585 1.19602e-07
586 2.4e-07
587 2e-07
588 2.8e-07
589 1.6e-07
590 2e-07
591 2.4e-07
592 1.59602e-07
593 3.6e-07
594 1.6e-07
595 2.8e-07
596 1.2e-07
597 2.8e-07
598 1.2e-07
599 3.2e-07
600 2.4e-07
601 1.2e-07
602 2e-07
603 1.6e-07
604 4.39204e-07
605 2e-07
606 8e-08
607 2.8e-07
608 2.8e-07
609 1.2e-07
610 2.4e-07
611 1.2e-07
612 3.6e-07
613 2.39602e-07
614 2.4e-07
615 2.39602e-07
616 3.19204e-07
617 0
618 2.8e-07
619 3.19602e-07
620 2.4e-07
621 2.39602e-07
622 2.4e-07
623 3.2e-07
624 2.4e-07
625 2.4e-07
626 2e-07
627 1.2e-07
628 1.2e-07
629 1.2e-07
630 2.79602e-07
631 2e-07
632 2e-07
633 2.4e-07
634 2e-07
635 4.4e-07
636 2.39602e-07
637 8e-08
638 2e-07
639 3.99602e-07
640 1.6e-07
641 2.4e-07
642 2e-07
643 4.79602e-07
644 2.4e-07
645 3.2e-07
646 2.79602e-07
647 2e-07
648 2.39602e-07
649 2.4e-07
650 1.6e-07
651 2.4e-07
652 2.4e-07
653 2.4e-07
654 1.6e-07
655 4e-08
656 8e-08
657 4.39602e-07
658 1.6e-07
659 1.2e-07
660 2.8e-07
661 1.99602e-07
662 2.79602e-07
663 1.2e-07
664 8e-08
665 1.6e-07
666 3.2e-07
667 1.6e-07
668 8e-08
669 2e-07
670 3.2e-07
671 1.2e-07
672 2.4e-07
673 2.39602e-07
674 2.8e-07
675 1.99602e-07
676 8e-08
677 3.6e-07
678 2.39602e-07
679 1.6e-07
680 2.79602e-07
681 2.78806e-07
682 1.59602e-07
683 1.6e-07
684 2e-07
685 3.6e-07
686 2.4e-07
687 5.19602e-07
688 2.8e-07
689 2e-07
690 2e-07
691 3.99602e-07
692 2.39602e-07
693 2.8e-07
694 2e-07
695 2.8e-07
696 1.6e-07
697 2e-07
698 2.79602e-07
699 1.6e-07
700 2.4e-07
701 1.19602e-07
702 2.4e-07
703 1.2e-07
704 1.18818e-07
705 1.2e-07
706 4.4e-07
707 2.79602e-07
708 1.59602e-07
709 3.2e-07
710 4e-08
711 3.6e-07
712 2e-07
713 1.2e-07
714 2.4e-07
715 1.6e-07
716 2e-07
717 3.2e-07
718 3.2e-07
719 1.2e-07
720 1.2e-07
721 2e-07
722 1.59602e-07
723 1.2e-07
724 2.4e-07
725 3.6e-07
726 3.2e-07
727 2e-07
728 2.8e-07
729 2.4e-07
730 1.6e-07
731 1.6e-07
732 2.39602e-07
733 1.99602e-07
734 2e-07
735 3.2e-07
736 3.2e-07
737 1.99602e-07
738 2.4e-07
739 1.6e-07
740 2.4e-07
741 2.4e-07
742 1.6e-07
743 4e-08
744 2.8e-07
745 2.4e-07
746 2e-07
747 2.8e-07
748 2.4e-07
749 1.6e-07
750 2.79602e-07
751 1.6e-07
752 2e-07
753 2.39602e-07
754 2.4e-07
755 8e-08
756 1.99204e-07
757 3.59602e-07
758 1.6e-07
759 4e-08
760 3.99204e-07
761 2.4e-07
762 3.2e-07
763 2e-07
764 1.99602e-07
765 8e-08
766 3.99602e-07
767 1.2e-07
768 1.59602e-07
769 1.2e-07
770 2e-07
771 0
772 2.8e-07
773 2e-07
774 2e-07
775 3.19204e-07
776 2e-07
777 2.79602e-07
778 3.19602e-07
779 1.6e-07
780 4.39602e-07
781 1.6e-07
782 2.8e-07
783 1.59602e-07
784 4e-08
785 8e-08
786 2.4e-07
787 2.39602e-07
788 2e-07
789 7.9602e-08
790 3.6e-07
791 1.2e-07
792 2.4e-07
793 2e-07
794 1.2e-07
795 2e-07
796 1.2e-07
797 2e-07
798 1.99602e-07
799 1.6e-07
800 1.6e-07
801 8e-08
802 3.59602e-07
803 1.99602e-07
804 8e-08
805 4e-07
806 1.99602e-07
807 1.99602e-07
808 2.4e-07
809 1.2e-07
810 4.39204e-07
811 2e-07
812 4e-08
813 4.8e-07
814 1.6e-07
815 1.2e-07
816 2.79602e-07
817 2.79602e-07
818 2e-07
819 2.4e-07
820 2e-07
821 4e-08
822 3.19602e-07
823 1.6e-07
824 2.4e-07
825 1.2e-07
826 8e-08
827 4.8e-07
828 4e-08
829 8e-08
830 1.2e-07
831 1.6e-07
832 1.6e-07
833 1.2e-07
834 2.79602e-07
835 3.2e-07
836 1.2e-07
837 2.4e-07
838 1.99602e-07
839 3.2e-07
840 2.39602e-07
841 2e-07
842 1.2e-07
843 2e-07
844 2.79602e-07
845 1.2e-07
846 1.6e-07
847 1.2e-07
848 1.6e-07
849 2.8e-07
850 2e-07
851 4e-08
852 8e-08
853 2.4e-07
854 7.9602e-08
855 1.6e-07
856 2.8e-07
857 1.6e-07
858 3.59208e-07
859 2.8e-07
860 8e-08
861 2e-07
862 1.99602e-07
863 4e-07
864 2.8e-07
865 4e-08
866 2.4e-07
867 2.8e-07
868 2e-07
869 1.2e-07
870 1.59602e-07
871 2.39204e-07
872 3.6e-07
873 2.4e-07
874 1.6e-07
875 2.8e-07
876 8e-08
877 8e-08
878 2.39602e-07
879 2e-07
880 1.19602e-07
881 2.39602e-07
882 4e-08
883 1.2e-07
884 1.6e-07
885 1.6e-07
886 8e-08
887 1.6e-07
888 1.19204e-07
889 1.6e-07
890 1.6e-07
891 2e-07
892 3.2e-07
893 1.59602e-07
894 1.6e-07
895 4.39204e-07
896 1.59602e-07
897 8e-08
898 1.2e-07
899 1.2e-07
900 1.2e-07
901 8e-08
902 1.2e-07
903 2.8e-07
904 2.8e-07
905 2e-07
906 2.39602e-07
907 2e-07
908 3.19602e-07
909 8e-08
910 1.59602e-07
911 2e-07
912 1.59602e-07
913 2.8e-07
914 1.2e-07
915 1.6e-07
916 8e-08
917 8e-08
918 4e-07
919 1.6e-07
920 1.6e-07
921 2.4e-07
922 1.99602e-07
923 2e-07
924 1.2e-07
925 2e-07
926 2.4e-07
927 1.2e-07
928 8e-08
929 1.19602e-07
930 1.2e-07
931 2.8e-07
932 2.79204e-07
933 8e-08
934 2.8e-07
935 1.2e-07
936 1.6e-07
937 1.2e-07
938 1.6e-07
939 2e-07
940 3.2e-07
941 2e-07
942 1.2e-07
943 1.2e-07
944 4e-08
945 3.6e-07
946 8e-08
947 2.8e-07
948 1.6e-07
949 1.19602e-07
950 1.2e-07
951 2e-07
952 1.6e-07
953 7.9602e-08
954 2e-07
955 1.6e-07
956 1.6e-07
957 3.2e-07
958 1.2e-07
959 1.6e-07
960 2e-07
961 1.2e-07
962 2e-07
963 1.19208e-07
964 2.39602e-07
965 2e-07
966 8e-08
967 2e-07
968 1.2e-07
969 1.2e-07
970 1.59602e-07
971 2.4e-07
972 1.59204e-07
973 2.4e-07
974 2e-07
975 1.2e-07
976 7.9602e-08
977 1.99602e-07
978 1.6e-07
979 1.99602e-07
980 2.39602e-07
981 2.4e-07
982 8e-08
983 1.2e-07
984 1.6e-07
985 2.79602e-07
986 1.2e-07
987 1.6e-07
988 3.99602e-07
989 1.59602e-07
990 1.6e-07
991 8e-08
992 1.19602e-07
993 2.4e-07
994 8e-08
995 2.4e-07
996 2.79204e-07
997 2e-07
998 3.2e-07
999 0
