0 0
1 0.0001356
2 6.67619e-05
3 4.51619e-05
4 3.12e-05
5 2.68e-05
6 2.43619e-05
7 2.03239e-05
8 1.8e-05
9 1.96e-05
10 1.19619e-05
11 1.16e-05
12 1.56e-05
13 7.2e-06
14 1.08e-05
15 8e-06
16 8.36193e-06
17 6e-06
18 5.2e-06
19 7.6e-06
20 9.96193e-06
21 5.6e-06
22 3.6e-06
23 4e-06
24 5.6e-06
25 6.8e-06
26 4e-06
27 5.2e-06
28 4.4e-06
29 3.2e-06
30 4e-06
31 2.4e-06
32 3.2e-06
33 2.8e-06
34 3.2e-06
35 4.4e-06
36 4e-06
37 3.6e-06
38 4.4e-06
39 2e-06
40 2e-06
41 3.6e-06
42 2.4e-06
43 3.6e-06
44 2.8e-06
45 1.6e-06
46 3.6e-06
47 3.6e-06
48 2.8e-06
49 2e-06
50 1.6e-06
51 1.2e-06
52 1.2e-06
53 8e-07
54 2.4e-06
55 3.2e-06
56 1.2e-06
57 2.4e-06
58 1.2e-06
59 2.8e-06
60 3.2e-06
61 1.6e-06
62 2.4e-06
63 8e-07
64 1.2e-06
65 1.6e-06
66 1.6e-06
67 2.4e-06
68 1.2e-06
69 4e-07
70 4e-06
71 2.4e-06
72 1.2e-06
73 1.6e-06
74 2.4e-06
75 3.6e-06
76 2.8e-06
77 1.6e-06
78 4e-07
79 1.2e-06
80 1.6e-06
81 2.4e-06
82 4e-07
83 8e-07
84 4e-07
85 1.6e-06
86 1.2e-06
87 2e-06
88 1.2e-06
89 2.4e-06
90 8e-07
91 1.2e-06
92 8e-07
93 1.6e-06
94 2.4e-06
95 1.2e-06
96 1.56193e-06
97 2e-06
98 8e-07
99 1.2e-06
100 8e-07
101 1.6e-06
102 8e-07
103 1.2e-06
104 1.2e-06
105 2e-06
106 1.2e-06
107 2e-06
108 1.2e-06
109 4e-07
110 1.6e-06
111 1.6e-06
112 1.2e-06
113 1.2e-06
114 8e-07
115 2e-06
116 8e-07
117 4e-07
118 8e-07
119 1.2e-06
120 8e-07
121 0
122 1.6e-06
123 4e-07
124 4e-07
125 8e-07
126 1.2e-06
127 1.2e-06
128 1.2e-06
129 0
130 1.6e-06
131 8e-07
132 0
133 4e-07
134 1.2e-06
135 2e-06
136 8e-07
137 1.2e-06
138 8e-07
139 1.6e-06
140 1.2e-06
141 8e-07
142 4e-07
143 1.6e-06
144 4e-07
145 0
146 1.2e-06
147 4e-07
148 1.6e-06
149 8e-07
150 4e-07
151 3.61935e-07
152 0
153 4e-07
154 8e-07
155 4e-07
156 1.2e-06
157 8e-07
158 8e-07
159 0
160 8e-07
161 8e-07
162 4e-07
163 0
164 8e-07
165 8e-07
166 8e-07
167 8e-07
168 1.6e-06
169 8e-07
170 1.6e-06
171 4e-07
172 4e-07
173 4e-07
174 8e-07
175 1.2e-06
176 1.2e-06
177 4e-07
178 4e-07
179 0
180 1.6e-06
181 4e-07
182 1.2e-06
183 0
184 1.2e-06
185 4e-07
186 8e-07
187 0
188 1.6e-06
189 4e-07
190 4e-07
191 4e-07
192 4e-07
193 1.2e-06
194 8e-07
195 8e-07
196 1.16193e-06
197 4e-07
198 0
199 8e-07
200 8e-07
201 8e-07
202 4e-07
203 0
204 4e-07
205 1.6e-06
206 7.61935e-07
207 8e-07
208 8e-07
209 8e-07
210 1.6e-06
211 8e-07
212 0
213 0
214 8e-07
215 4e-07
216 8e-07
217 1.2e-06
218 0
219 1.2e-06
220 0
221 4e-07
222 8e-07
223 1.2e-06
224 4e-07
225 0
226 0
227 1.6e-06
228 0
229 8e-07
230 1.6e-06
231 4e-07
232 4e-07
233 0
234 8e-07
235 0
236 8e-07
237 4e-07
238 0
239 0
240 4e-07
241 0
242 1.6e-06
243 4e-07
244 1.6e-06
245 0
246 8e-07
247 2e-06
248 8e-07
249 0
250 0
251 8e-07
252 4e-07
253 0
254 0
255 4e-07
256 4e-07
257 0
258 4e-07
259 8e-07
260 4e-07
261 8e-07
262 1.2e-06
263 0
264 8e-07
265 0
266 0
267 1.2e-06
268 0
269 8e-07
270 1.2e-06
271 4e-07
272 0
273 0
274 0
275 4e-07
276 0
277 4e-07
278 4e-07
279 0
280 8e-07
281 4e-07
282 0
283 0
284 4e-07
285 4e-07
286 4e-07
287 8e-07
288 0
289 4e-07
290 4e-07
291 8e-07
292 4e-07
293 0
294 4e-07
295 8e-07
296 0
297 4e-07
298 4e-07
299 0
300 8e-07
301 0
302 0
303 0
304 8e-07
305 8e-07
306 4e-07
307 3.61935e-07
308 4e-07
309 1.6e-06
310 8e-07
311 1.2e-06
312 4e-07
313 8e-07
314 8e-07
315 0
316 8e-07
317 8e-07
318 4e-07
319 1.2e-06
320 0
321 4e-07
322 0
323 0
324 8e-07
325 4e-07
326 4e-07
327 2e-06
328 4e-07
329 0
330 0
331 0
332 0
333 0
334 0
335 4e-07
336 0
337 1.2e-06
338 4e-07
339 0
340 4e-07
341 8e-07
342 0
343 4e-07
344 0
345 4e-07
346 4e-07
347 1.2e-06
348 4e-07
349 4e-07
350 4e-07
351 0
352 0
353 0
354 0
355 8e-07
356 4e-07
357 8e-07
358 4e-07
359 0
360 4e-07
361 0
362 4e-07
363 4e-07
364 0
365 4e-07
366 0
367 0
368 0
369 4e-07
370 0
371 0
372 8e-07
373 4e-07
374 4e-07
375 0
376 0
377 0
378 0
379 8e-07
380 8e-07
381 0
382 4e-07
383 0
384 4e-07
385 0
386 4e-07
387 4e-07
388 0
389 0
390 0
391 4e-07
392 0
393 0
394 0
395 0
396 1.2e-06
397 0
398 0
399 0
400 8e-07
401 4e-07
402 0
403 0
404 0
405 4e-07
406 0
407 4e-07
408 4e-07
409 0
410 4e-07
411 4e-07
412 0
413 4e-07
414 0
415 0
416 0
417 4e-07
418 0
419 8e-07
420 0
421 0
422 0
423 0
424 0
425 0
426 0
427 0
428 8e-07
429 4e-07
430 8e-07
431 0
432 4e-07
433 0
434 0
435 0
436 0
437 0
438 0
439 0
440 4e-07
441 0
442 0
443 0
444 0
445 0
446 0
447 4e-07
448 4e-07
449 4e-07
450 8e-07
451 4e-07
452 0
453 4e-07
454 0
455 0
456 4e-07
457 0
458 4e-07
459 0
460 4e-07
461 0
462 0
463 0
464 4e-07
465 4e-07
466 0
467 0
468 1.2e-06
469 1.2e-06
470 4e-07
471 0
472 0
473 4e-07
474 4e-07
475 4e-07
476 0
477 0
478 4e-07
479 0
480 0
481 4e-07
482 0
483 4e-07
484 4e-07
485 8e-07
486 4e-07
487 0
488 4e-07
489 0
490 0
491 8e-07
492 4e-07
493 0
494 0
495 8e-07
496 4e-07
497 8e-07
498 0
499 4e-07
500 4e-07
501 0
502 0
503 0
504 0
505 0
506 0
507 0
508 4e-07
509 8e-07
510 4e-07
511 0
512 4e-07
513 0
514 0
515 0
516 8e-07
517 8e-07
518 4e-07
519 0
520 8e-07
521 4e-07
522 0
523 0
524 0
525 3.61935e-07
526 4e-07
527 0
528 4e-07
529 0
530 0
531 4e-07
532 0
533 1.2e-06
534 4e-07
535 4e-07
536 0
537 4e-07
538 4e-07
539 8e-07
540 0
541 0
542 4e-07
543 4e-07
544 0
545 4e-07
546 4e-07
547 4e-07
548 4e-07
549 4e-07
550 4e-07
551 4e-07
552 0
553 0
554 0
555 4e-07
556 0
557 4e-07
558 0
559 0
560 0
561 4e-07
562 0
563 8e-07
564 4e-07
565 0
566 0
567 0
568 4e-07
569 0
570 1.2e-06
571 0
572 8e-07
573 4e-07
574 8e-07
575 0
576 0
577 0
578 0
579 0
580 0
581 4e-07
582 0
583 0
584 0
585 0
586 0
587 8e-07
588 0
589 0
590 4e-07
591 0
592 0
593 0
594 0
595 0
596 1.6e-06
597 4e-07
598 8e-07
599 0
600 0
601 0
602 0
603 8e-07
604 4e-07
605 8e-07
606 8e-07
607 0
608 0
609 0
610 0
611 4e-07
612 0
613 0
614 0
615 8e-07
616 0
617 0
618 0
619 0
620 0
621 0
622 0
623 4e-07
624 0
625 0
626 8e-07
627 4e-07
628 0
629 4e-07
630 0
631 0
632 0
633 4e-07
634 0
635 4e-07
636 4e-07
637 0
638 4e-07
639 4e-07
640 4e-07
641 0
642 0
643 0
644 0
645 4e-07
646 0
647 0
648 0
649 8e-07
650 4e-07
651 4e-07
652 0
653 0
654 0
655 4e-07
656 4e-07
657 8e-07
658 0
659 4e-07
660 0
661 0
662 4e-07
663 0
664 0
665 4e-07
666 4e-07
667 0
668 1.2e-06
669 4e-07
670 0
671 0
672 8e-07
673 0
674 4e-07
675 4e-07
676 4e-07
677 0
678 4e-07
679 0
680 4e-07
681 0
682 0
683 0
684 0
685 0
686 4e-07
687 0
688 0
689 0
690 1.2e-06
691 4e-07
692 0
693 0
694 0
695 4e-07
696 0
697 0
698 4e-07
699 4e-07
700 8e-07
701 0
702 8e-07
703 4e-07
704 0
705 0
706 4e-07
707 0
708 4e-07
709 0
710 0
711 0
712 1.2e-06
713 0
714 4e-07
715 8e-07
716 0
717 4e-07
718 0
719 0
720 0
721 0
722 0
723 0
724 0
725 4e-07
726 0
727 4e-07
728 0
729 0
730 1.2e-06
731 0
732 4e-07
733 0
734 0
735 0
736 0
737 4e-07
738 4e-07
739 0
740 0
741 0
742 4e-07
743 0
744 4e-07
745 0
746 0
747 0
748 8e-07
749 0
750 0
751 0
752 0
753 0
754 0
755 0
756 4e-07
757 4e-07
758 0
759 3.61935e-07
760 4e-07
761 8e-07
762 0
763 4e-07
764 0
765 8e-07
766 4e-07
767 4e-07
768 0
769 0
770 4e-07
771 0
772 0
773 0
774 0
775 4e-07
776 0
777 0
778 0
779 4e-07
780 0
781 0
782 0
783 0
784 4e-07
785 0
786 0
787 0
788 0
789 0
790 4e-07
791 0
792 0
793 0
794 0
795 0
796 0
797 0
798 4e-07
799 4e-07
800 4e-07
801 0
802 0
803 0
804 4e-07
805 0
806 0
807 0
808 0
809 0
810 4e-07
811 0
812 4e-07
813 4e-07
814 0
815 0
816 0
817 0
818 4e-07
819 4e-07
820 0
821 0
822 0
823 0
824 4e-07
825 0
826 4e-07
827 4e-07
828 4e-07
829 0
830 0
831 0
832 4e-07
833 0
834 4e-07
835 0
836 0
837 0
838 0
839 0
840 4e-07
841 4e-07
842 4e-07
843 4e-07
844 4e-07
845 0
846 0
847 0
848 0
849 0
850 0
851 8e-07
852 0
853 4e-07
854 0
855 4e-07
856 0
857 0
858 4e-07
859 4e-07
860 0
861 4e-07
862 8e-07
863 0
864 4e-07
865 0
866 0
867 4e-07
868 4e-07
869 0
870 0
871 0
872 0
873 0
874 8e-07
875 0
876 0
877 0
878 0
879 0
880 0
881 0
882 0
883 0
884 4e-07
885 4e-07
886 0
887 0
888 0
889 0
890 1.2e-06
891 0
892 0
893 4e-07
894 0
895 0
896 0
897 0
898 0
899 4e-07
900 0
901 0
902 4e-07
903 0
904 4e-07
905 0
906 0
907 0
908 0
909 0
910 0
911 0
912 0
913 8e-07
914 0
915 0
916 4e-07
917 4e-07
918 0
919 4e-07
920 0
921 0
922 0
923 8e-07
924 0
925 0
926 0
927 4e-07
928 4e-07
929 0
930 0
931 4e-07
932 0
933 0
934 0
935 0
936 4e-07
937 8e-07
938 0
939 4e-07
940 0
941 0
942 4e-07
943 0
944 4e-07
945 0
946 0
947 0
948 0
949 1.2e-06
950 0
951 0
952 8e-07
953 0
954 4e-07
955 0
956 0
957 0
958 0
959 0
960 0
961 4e-07
962 0
963 4e-07
964 0
965 0
966 0
967 8e-07
968 0
969 4e-07
970 8e-07
971 8e-07
972 0
973 0
974 0
975 0
976 0
977 8e-07
978 0
979 0
980 0
981 0
982 0
983 0
984 0
985 4e-07
986 0
987 0
988 0
989 0
990 0
991 0
992 0
993 0
994 0
995 4e-07
996 4e-07
997 0
998 4e-07
999 0
