0 0
1 0.001256
2 0.0006
3 0.000416
4 0.000352
5 0.000216
6 0.000214943
7 0.0002
8 0.000136
9 0.000128
10 9.2e-05
11 0.00012
12 0.000116
13 6e-05
14 8.6943e-05
15 0.000104
16 0.00012
17 8.4e-05
18 7.2e-05
19 5.6e-05
20 4e-05
21 5.2e-05
22 5.2e-05
23 4.4e-05
24 4e-05
25 4e-05
26 5.6e-05
27 5.6e-05
28 5.6e-05
29 3.6e-05
30 6.8e-05
31 3.2e-05
32 3.6e-05
33 4.4e-05
34 6.54715e-05
35 3.2e-05
36 2.8e-05
37 2e-05
38 3.2e-05
39 3.2e-05
40 1.6e-05
41 2e-05
42 3.2e-05
43 2.4e-05
44 4e-05
45 2.14715e-05
46 2e-05
47 3.6e-05
48 1.2e-05
49 2.4e-05
50 3.6e-05
51 2.8e-05
52 1.2e-05
53 1.6e-05
54 2.4e-05
55 1.6e-05
56 2.4e-05
57 2.4e-05
58 1.2e-05
59 2.4e-05
60 8e-06
61 1.6e-05
62 1.2e-05
63 2e-05
64 1.2e-05
65 2e-05
66 8e-06
67 3.6e-05
68 2e-05
69 4e-05
70 2e-05
71 1.6e-05
72 1.2e-05
73 2e-05
74 1.2e-05
75 3.2e-05
76 2e-05
77 8e-06
78 3.6e-05
79 2.4e-05
80 2.14715e-05
81 1.2e-05
82 8e-06
83 2e-05
84 2e-05
85 2e-05
86 8e-06
87 2e-05
88 2e-05
89 1.34715e-05
90 4e-06
91 1.2e-05
92 0
93 1.74715e-05
94 1.34715e-05
95 1.2e-05
96 2.4e-05
97 0
98 8e-06
99 1.6e-05
100 1.2e-05
101 1.2e-05
102 4e-06
103 1.2e-05
104 2.4e-05
105 0
106 4e-06
107 4e-06
108 8e-06
109 1.74715e-05
110 8e-06
111 1.2e-05
112 1.2e-05
113 1.2e-05
114 1.6e-05
115 2e-05
116 1.2e-05
117 1.2e-05
118 3.2e-05
119 4e-06
120 5.47152e-06
121 2e-05
122 1.6e-05
123 2.8e-05
124 4e-06
125 4e-06
126 8e-06
127 4e-06
128 2.14715e-05
129 4e-06
130 8e-06
131 1.2e-05
132 1.6e-05
133 8e-06
134 1.2e-05
135 0
136 8e-06
137 1.6e-05
138 0
139 8e-06
140 8e-06
141 4e-06
142 8e-06
143 1.6e-05
144 4e-06
145 8e-06
146 4e-06
147 0
148 1.2e-05
149 4e-06
150 4e-06
151 4e-06
152 1.2e-05
153 4e-06
154 1.6e-05
155 1.2e-05
156 4e-06
157 1.2e-05
158 0
159 4e-06
160 0
161 1.2e-05
162 8e-06
163 8e-06
164 1.6e-05
165 1.6e-05
166 1.2e-05
167 1.2e-05
168 8e-06
169 8e-06
170 8e-06
171 4e-06
172 2e-05
173 1.34715e-05
174 1.6e-05
175 8e-06
176 8e-06
177 4e-06
178 4e-06
179 1.6e-05
180 4e-06
181 8e-06
182 4e-06
183 8e-06
184 1.2e-05
185 8e-06
186 4e-06
187 4e-06
188 0
189 4e-06
190 0
191 1.6e-05
192 0
193 8e-06
194 8e-06
195 2e-05
196 0
197 1.2e-05
198 0
199 1.2e-05
200 8e-06
201 1.2e-05
202 0
203 0
204 0
205 4e-06
206 1.2e-05
207 4e-06
208 4e-06
209 4e-06
210 1.2e-05
211 8e-06
212 2e-05
213 4e-06
214 0
215 8e-06
216 4e-06
217 8e-06
218 0
219 4e-06
220 8e-06
221 4e-06
222 4e-06
223 0
224 4e-06
225 8e-06
226 4e-06
227 0
228 4e-06
229 4e-06
230 4e-06
231 4e-06
232 8e-06
233 0
234 8e-06
235 4e-06
236 4e-06
237 4e-06
238 4e-06
239 8e-06
240 4e-06
241 0
242 4e-06
243 8e-06
244 8e-06
245 0
246 4e-06
247 1.6e-05
248 1.2e-05
249 8e-06
250 1.2e-05
251 0
252 4e-06
253 0
254 8e-06
255 8e-06
256 4e-06
257 1.2e-05
258 1.6e-05
259 8e-06
260 0
261 8e-06
262 4e-06
263 4e-06
264 4e-06
265 4e-06
266 8e-06
267 0
268 8e-06
269 0
270 0
271 4e-06
272 4e-06
273 0
274 4e-06
275 4e-06
276 1.2e-05
277 0
278 8e-06
279 4e-06
280 8e-06
281 8e-06
282 4e-06
283 0
284 8e-06
285 0
286 1.34715e-05
287 8e-06
288 0
289 8e-06
290 0
291 4e-06
292 0
293 8e-06
294 8e-06
295 4e-06
296 4e-06
297 0
298 4e-06
299 0
300 0
301 0
302 4e-06
303 0
304 4e-06
305 0
306 4e-06
307 4e-06
308 1.2e-05
309 4e-06
310 4e-06
311 4e-06
312 8e-06
313 8e-06
314 8e-06
315 0
316 4e-06
317 8e-06
318 8e-06
319 8e-06
320 8e-06
321 4e-06
322 1.2e-05
323 8e-06
324 4e-06
325 4e-06
326 4e-06
327 1.2e-05
328 0
329 8e-06
330 4e-06
331 4e-06
332 0
333 0
334 4e-06
335 0
336 4e-06
337 4e-06
338 0
339 4e-06
340 0
341 0
342 4e-06
343 4e-06
344 0
345 4e-06
346 0
347 0
348 0
349 0
350 4e-06
351 0
352 8e-06
353 4e-06
354 0
355 0
356 1.2e-05
357 4e-06
358 8e-06
359 0
360 8e-06
361 4e-06
362 0
363 4e-06
364 8e-06
365 0
366 0
367 8e-06
368 0
369 4e-06
370 0
371 4e-06
372 0
373 0
374 8e-06
375 8e-06
376 4e-06
377 4e-06
378 0
379 0
380 4e-06
381 0
382 4e-06
383 0
384 0
385 0
386 4e-06
387 8e-06
388 4e-06
389 4e-06
390 0
391 1.6e-05
392 4e-06
393 8e-06
394 0
395 8e-06
396 8e-06
397 4e-06
398 4e-06
399 0
400 4e-06
401 4e-06
402 9.47152e-06
403 8e-06
404 8e-06
405 0
406 8e-06
407 0
408 0
409 4e-06
410 1.47152e-06
411 1.2e-05
412 0
413 4e-06
414 4e-06
415 0
416 0
417 4e-06
418 4e-06
419 0
420 0
421 4e-06
422 4e-06
423 8e-06
424 0
425 4e-06
426 0
427 4e-06
428 1.2e-05
429 0
430 8e-06
431 4e-06
432 4e-06
433 8e-06
434 4e-06
435 4e-06
436 0
437 4e-06
438 4e-06
439 8e-06
440 0
441 4e-06
442 0
443 0
444 0
445 4e-06
446 0
447 0
448 0
449 5.47152e-06
450 4e-06
451 0
452 0
453 0
454 0
455 8e-06
456 0
457 8e-06
458 4e-06
459 4e-06
460 8e-06
461 0
462 0
463 4e-06
464 4e-06
465 5.47152e-06
466 4e-06
467 4e-06
468 0
469 0
470 0
471 0
472 4e-06
473 4e-06
474 0
475 0
476 0
477 0
478 0
479 0
480 4e-06
481 8e-06
482 4e-06
483 0
484 4e-06
485 0
486 0
487 4e-06
488 0
489 0
490 0
491 8e-06
492 0
493 0
494 8e-06
495 0
496 0
497 4e-06
498 4e-06
499 8e-06
500 0
501 8e-06
502 0
503 0
504 0
505 0
506 0
507 8e-06
508 4e-06
509 4e-06
510 8e-06
511 0
512 4e-06
513 0
514 8e-06
515 0
516 8e-06
517 4e-06
518 0
519 0
520 4e-06
521 4e-06
522 0
523 0
524 8e-06
525 0
526 4e-06
527 0
528 0
529 0
530 8e-06
531 8e-06
532 0
533 4e-06
534 0
535 8e-06
536 4e-06
537 0
538 4e-06
539 4e-06
540 4e-06
541 0
542 4e-06
543 0
544 4e-06
545 0
546 0
547 0
548 4e-06
549 4e-06
550 4e-06
551 4e-06
552 4e-06
553 0
554 8e-06
555 4e-06
556 4e-06
557 0
558 0
559 0
560 0
561 0
562 4e-06
563 0
564 0
565 0
566 0
567 8e-06
568 4e-06
569 4e-06
570 4e-06
571 0
572 8e-06
573 0
574 0
575 4e-06
576 0
577 4e-06
578 4e-06
579 8e-06
580 0
581 0
582 4e-06
583 0
584 0
585 0
586 4e-06
587 0
588 0
589 1.34715e-05
590 4e-06
591 0
592 4e-06
593 0
594 1.6e-05
595 0
596 0
597 0
598 0
599 0
600 4e-06
601 4e-06
602 4e-06
603 0
604 4e-06
605 0
606 0
607 0
608 4e-06
609 0
610 8e-06
611 4e-06
612 8e-06
613 0
614 8e-06
615 4e-06
616 0
617 0
618 4e-06
619 4e-06
620 4e-06
621 0
622 4e-06
623 8e-06
624 4e-06
625 0
626 8e-06
627 8e-06
628 0
629 0
630 0
631 8e-06
632 4e-06
633 4e-06
634 1.2e-05
635 0
636 4e-06
637 0
638 4e-06
639 4e-06
640 0
641 0
642 0
643 0
644 0
645 0
646 0
647 0
648 8e-06
649 0
650 4e-06
651 0
652 0
653 0
654 0
655 0
656 4e-06
657 0
658 4e-06
659 4e-06
660 0
661 4e-06
662 4e-06
663 4e-06
664 0
665 8e-06
666 8e-06
667 0
668 4e-06
669 0
670 4e-06
671 4e-06
672 0
673 4e-06
674 8e-06
675 4e-06
676 0
677 4e-06
678 4e-06
679 0
680 4e-06
681 0
682 0
683 0
684 0
685 4e-06
686 8e-06
687 4e-06
688 4e-06
689 0
690 0
691 8e-06
692 4e-06
693 4e-06
694 0
695 0
696 0
697 0
698 0
699 0
700 4e-06
701 1.2e-05
702 4e-06
703 0
704 4e-06
705 0
706 0
707 4e-06
708 0
709 4e-06
710 0
711 0
712 0
713 4e-06
714 0
715 0
716 0
717 4e-06
718 0
719 4e-06
720 0
721 0
722 4e-06
723 0
724 0
725 4e-06
726 4e-06
727 0
728 4e-06
729 4e-06
730 0
731 4e-06
732 0
733 0
734 0
735 4e-06
736 0
737 0
738 4e-06
739 0
740 0
741 4e-06
742 0
743 0
744 0
745 4e-06
746 0
747 0
748 0
749 4e-06
750 8e-06
751 4e-06
752 0
753 8e-06
754 8e-06
755 0
756 0
757 8e-06
758 0
759 4e-06
760 0
761 0
762 0
763 0
764 4e-06
765 1.2e-05
766 0
767 8e-06
768 0
769 0
770 0
771 4e-06
772 0
773 0
774 0
775 0
776 0
777 0
778 0
779 0
780 8e-06
781 0
782 0
783 0
784 8e-06
785 0
786 0
787 4e-06
788 0
789 0
790 0
791 0
792 4e-06
793 0
794 0
795 0
796 0
797 0
798 4e-06
799 8e-06
800 4e-06
801 0
802 0
803 0
804 0
805 0
806 0
807 0
808 0
809 4e-06
810 0
811 1.47152e-06
812 8e-06
813 0
814 4e-06
815 0
816 0
817 4e-06
818 4e-06
819 0
820 4e-06
821 0
822 0
823 4e-06
824 4e-06
825 0
826 0
827 4e-06
828 4e-06
829 0
830 0
831 0
832 0
833 0
834 0
835 0
836 0
837 0
838 0
839 0
840 0
841 0
842 0
843 0
844 0
845 0
846 4e-06
847 0
848 4e-06
849 4e-06
850 4e-06
851 0
852 0
853 4e-06
854 4e-06
855 0
856 0
857 0
858 0
859 4e-06
860 0
861 0
862 0
863 4e-06
864 4e-06
865 0
866 0
867 0
868 0
869 4e-06
870 0
871 0
872 0
873 0
874 0
875 4e-06
876 8e-06
877 0
878 0
879 0
880 0
881 0
882 0
883 0
884 0
885 0
886 0
887 0
888 0
889 4e-06
890 0
891 0
892 0
893 0
894 0
895 4e-06
896 4e-06
897 4e-06
898 4e-06
899 0
900 0
901 0
902 0
903 0
904 1.2e-05
905 4e-06
906 0
907 0
908 4e-06
909 4e-06
910 0
911 0
912 0
913 0
914 0
915 4e-06
916 0
917 5.47152e-06
918 0
919 0
920 0
921 0
922 4e-06
923 0
924 0
925 0
926 0
927 0
928 4e-06
929 0
930 0
931 0
932 0
933 4e-06
934 4e-06
935 0
936 4e-06
937 0
938 0
939 0
940 0
941 8e-06
942 0
943 0
944 0
945 0
946 0
947 0
948 0
949 0
950 0
951 0
952 4e-06
953 0
954 0
955 0
956 0
957 0
958 0
959 8e-06
960 0
961 0
962 0
963 0
964 0
965 0
966 0
967 0
968 4e-06
969 0
970 0
971 0
972 0
973 4e-06
974 0
975 0
976 4e-06
977 0
978 4e-06
979 4e-06
980 0
981 0
982 8e-06
983 0
984 0
985 4e-06
986 0
987 0
988 0
989 0
990 4e-06
991 0
992 0
993 0
994 4e-06
995 0
996 0
997 0
998 8e-06
999 0
