0 0
1 0.001272
2 0.000604
3 0.000424
4 0.000368
5 0.000296
6 0.000236
7 0.000193472
8 0.000145472
9 0.00016
10 0.000141472
11 0.000136
12 0.000101472
13 0.0001
14 9.74715e-05
15 9.34715e-05
16 6e-05
17 6.4e-05
18 5.6e-05
19 5.74715e-05
20 9.2e-05
21 3.2e-05
22 6.4e-05
23 4e-05
24 6e-05
25 4.8e-05
26 5.34715e-05
27 4.8e-05
28 4.8e-05
29 3.2e-05
30 4.8e-05
31 6e-05
32 4.4e-05
33 4.4e-05
34 3.6e-05
35 2.8e-05
36 4.8e-05
37 4e-05
38 2.54715e-05
39 5.6e-05
40 5.2e-05
41 4e-05
42 3.2e-05
43 2e-05
44 2.8e-05
45 2.8e-05
46 2.14715e-05
47 2e-05
48 8e-06
49 1.2e-05
50 3.34715e-05
51 2.54715e-05
52 2.4e-05
53 2.8e-05
54 0
55 2.8e-05
56 1.6e-05
57 2.4e-05
58 3.6e-05
59 2.4e-05
60 2e-05
61 1.6e-05
62 8e-06
63 2.8e-05
64 1.2e-05
65 3.2e-05
66 2.4e-05
67 1.2e-05
68 3.2e-05
69 2e-05
70 2.4e-05
71 2e-05
72 8e-06
73 2.4e-05
74 8e-06
75 2e-05
76 4e-06
77 8e-06
78 4e-06
79 1.6e-05
80 1.2e-05
81 4e-06
82 8e-06
83 4e-06
84 8e-06
85 1.6e-05
86 2e-05
87 8e-06
88 1.34715e-05
89 8e-06
90 2.4e-05
91 1.2e-05
92 2e-05
93 8e-06
94 9.47152e-06
95 1.2e-05
96 8e-06
97 8e-06
98 1.6e-05
99 1.2e-05
100 1.6e-05
101 1.2e-05
102 1.2e-05
103 1.6e-05
104 8e-06
105 1.2e-05
106 1.2e-05
107 1.6e-05
108 1.6e-05
109 8e-06
110 1.34715e-05
111 8e-06
112 4e-06
113 1.2e-05
114 1.2e-05
115 5.47152e-06
116 4e-06
117 8e-06
118 2.8e-05
119 4e-06
120 1.2e-05
121 8e-06
122 1.6e-05
123 3.2e-05
124 8e-06
125 8e-06
126 1.6e-05
127 2e-05
128 1.2e-05
129 2e-05
130 4e-06
131 2e-05
132 1.6e-05
133 1.6e-05
134 8e-06
135 4e-06
136 2.4e-05
137 4e-06
138 1.2e-05
139 1.2e-05
140 1.2e-05
141 4e-06
142 4e-06
143 0
144 8e-06
145 8e-06
146 1.2e-05
147 8e-06
148 8e-06
149 1.2e-05
150 4e-06
151 4e-06
152 4e-06
153 8e-06
154 8e-06
155 4e-06
156 4e-06
157 1.2e-05
158 1.2e-05
159 4e-06
160 4e-06
161 0
162 4e-06
163 8e-06
164 0
165 4e-06
166 1.6e-05
167 1.2e-05
168 4e-06
169 0
170 8e-06
171 4e-06
172 4e-06
173 8e-06
174 0
175 1.2e-05
176 4e-06
177 8e-06
178 4e-06
179 4e-06
180 4e-06
181 2e-05
182 4e-06
183 1.2e-05
184 4e-06
185 8e-06
186 8e-06
187 4e-06
188 4e-06
189 0
190 8e-06
191 1.6e-05
192 4e-06
193 0
194 4e-06
195 4e-06
196 4e-06
197 1.2e-05
198 1.2e-05
199 1.6e-05
200 4e-06
201 4e-06
202 4e-06
203 4e-06
204 0
205 0
206 4e-06
207 8e-06
208 4e-06
209 4e-06
210 8e-06
211 4e-06
212 0
213 4e-06
214 8e-06
215 0
216 8e-06
217 4e-06
218 0
219 8e-06
220 4e-06
221 1.2e-05
222 8e-06
223 8e-06
224 4e-06
225 1.2e-05
226 0
227 4e-06
228 8e-06
229 1.6e-05
230 0
231 0
232 2e-05
233 4e-06
234 1.6e-05
235 8e-06
236 4e-06
237 4e-06
238 0
239 0
240 4e-06
241 4e-06
242 1.2e-05
243 8e-06
244 0
245 0
246 0
247 0
248 4e-06
249 0
250 0
251 0
252 0
253 0
254 5.47152e-06
255 8e-06
256 0
257 1.6e-05
258 8e-06
259 4e-06
260 1.2e-05
261 8e-06
262 0
263 0
264 0
265 0
266 1.2e-05
267 4e-06
268 4e-06
269 4e-06
270 8e-06
271 4e-06
272 0
273 0
274 0
275 4e-06
276 4e-06
277 0
278 1.2e-05
279 4e-06
280 0
281 0
282 4e-06
283 0
284 4e-06
285 4e-06
286 8e-06
287 4e-06
288 1.2e-05
289 1.2e-05
290 4e-06
291 0
292 0
293 4e-06
294 4e-06
295 8e-06
296 8e-06
297 1.2e-05
298 4e-06
299 4e-06
300 4e-06
301 0
302 8e-06
303 0
304 5.47152e-06
305 8e-06
306 0
307 4e-06
308 0
309 0
310 8e-06
311 0
312 4e-06
313 0
314 4e-06
315 4e-06
316 0
317 8e-06
318 4e-06
319 8e-06
320 4e-06
321 0
322 0
323 0
324 0
325 0
326 8e-06
327 8e-06
328 4e-06
329 0
330 4e-06
331 1.2e-05
332 0
333 8e-06
334 4e-06
335 4e-06
336 4e-06
337 4e-06
338 4e-06
339 0
340 0
341 4e-06
342 0
343 8e-06
344 0
345 4e-06
346 8e-06
347 1.6e-05
348 8e-06
349 4e-06
350 0
351 0
352 0
353 4e-06
354 4e-06
355 4e-06
356 0
357 4e-06
358 8e-06
359 4e-06
360 8e-06
361 4e-06
362 0
363 0
364 0
365 0
366 4e-06
367 4e-06
368 0
369 4e-06
370 0
371 0
372 1.2e-05
373 4e-06
374 0
375 0
376 4e-06
377 8e-06
378 4e-06
379 0
380 0
381 0
382 4e-06
383 0
384 0
385 4e-06
386 8e-06
387 8e-06
388 0
389 4e-06
390 4e-06
391 0
392 4e-06
393 0
394 0
395 0
396 0
397 0
398 0
399 0
400 8e-06
401 0
402 4e-06
403 4e-06
404 4e-06
405 0
406 4e-06
407 0
408 4e-06
409 8e-06
410 0
411 1.2e-05
412 0
413 4e-06
414 0
415 0
416 4e-06
417 0
418 4e-06
419 0
420 0
421 0
422 4e-06
423 4e-06
424 4e-06
425 4e-06
426 4e-06
427 4e-06
428 0
429 0
430 4e-06
431 0
432 0
433 4e-06
434 4e-06
435 8e-06
436 4e-06
437 4e-06
438 0
439 8e-06
440 4e-06
441 0
442 0
443 0
444 8e-06
445 4e-06
446 1.2e-05
447 8e-06
448 0
449 0
450 0
451 0
452 4e-06
453 4e-06
454 0
455 0
456 0
457 4e-06
458 0
459 0
460 0
461 1.6e-05
462 0
463 1.47152e-06
464 0
465 8e-06
466 0
467 0
468 8e-06
469 4e-06
470 4e-06
471 0
472 4e-06
473 0
474 0
475 4e-06
476 0
477 4e-06
478 0
479 4e-06
480 4e-06
481 5.47152e-06
482 4e-06
483 4e-06
484 0
485 0
486 0
487 4e-06
488 4e-06
489 0
490 8e-06
491 8e-06
492 0
493 4e-06
494 0
495 0
496 4e-06
497 0
498 1.2e-05
499 0
500 4e-06
501 4e-06
502 8e-06
503 0
504 4e-06
505 4e-06
506 4e-06
507 0
508 4e-06
509 0
510 0
511 0
512 0
513 4e-06
514 4e-06
515 0
516 0
517 0
518 4e-06
519 8e-06
520 0
521 8e-06
522 0
523 0
524 8e-06
525 4e-06
526 4e-06
527 0
528 4e-06
529 4e-06
530 4e-06
531 4e-06
532 0
533 4e-06
534 0
535 0
536 4e-06
537 0
538 4e-06
539 4e-06
540 0
541 0
542 0
543 0
544 0
545 0
546 8e-06
547 4e-06
548 4e-06
549 0
550 0
551 4e-06
552 0
553 0
554 4e-06
555 0
556 0
557 4e-06
558 4e-06
559 0
560 4e-06
561 8e-06
562 0
563 0
564 4e-06
565 0
566 0
567 4e-06
568 0
569 4e-06
570 0
571 4e-06
572 0
573 0
574 0
575 0
576 0
577 4e-06
578 0
579 0
580 4e-06
581 4e-06
582 4e-06
583 0
584 0
585 0
586 0
587 4e-06
588 0
589 0
590 0
591 0
592 4e-06
593 0
594 4e-06
595 0
596 4e-06
597 8e-06
598 0
599 0
600 8e-06
601 0
602 0
603 0
604 0
605 4e-06
606 8e-06
607 0
608 0
609 4e-06
610 0
611 4e-06
612 4e-06
613 0
614 0
615 4e-06
616 8e-06
617 0
618 0
619 0
620 0
621 4e-06
622 4e-06
623 0
624 0
625 4e-06
626 0
627 4e-06
628 0
629 0
630 0
631 0
632 0
633 0
634 0
635 4e-06
636 4e-06
637 0
638 0
639 0
640 8e-06
641 4e-06
642 0
643 0
644 4e-06
645 1.47152e-06
646 4e-06
647 4e-06
648 4e-06
649 4e-06
650 0
651 8e-06
652 0
653 8e-06
654 0
655 0
656 0
657 0
658 0
659 0
660 4e-06
661 4e-06
662 0
663 0
664 0
665 0
666 0
667 0
668 0
669 0
670 0
671 0
672 0
673 4e-06
674 1.6e-05
675 0
676 4e-06
677 4e-06
678 0
679 4e-06
680 4e-06
681 4e-06
682 4e-06
683 0
684 4e-06
685 0
686 0
687 4e-06
688 0
689 4e-06
690 0
691 0
692 4e-06
693 0
694 0
695 0
696 4e-06
697 4e-06
698 0
699 4e-06
700 4e-06
701 0
702 4e-06
703 0
704 0
705 0
706 0
707 8e-06
708 4e-06
709 4e-06
710 4e-06
711 4e-06
712 0
713 0
714 4e-06
715 0
716 4e-06
717 0
718 0
719 0
720 0
721 0
722 0
723 0
724 0
725 0
726 0
727 4e-06
728 4e-06
729 0
730 0
731 4e-06
732 0
733 4e-06
734 8e-06
735 1.2e-05
736 0
737 4e-06
738 0
739 4e-06
740 0
741 4e-06
742 4e-06
743 0
744 0
745 0
746 0
747 4e-06
748 0
749 0
750 0
751 0
752 4e-06
753 0
754 0
755 4e-06
756 4e-06
757 4e-06
758 0
759 0
760 4e-06
761 0
762 1.34715e-05
763 8e-06
764 4e-06
765 4e-06
766 0
767 4e-06
768 8e-06
769 8e-06
770 0
771 4e-06
772 4e-06
773 0
774 0
775 0
776 0
777 0
778 0
779 0
780 8e-06
781 0
782 8e-06
783 0
784 8e-06
785 4e-06
786 0
787 0
788 0
789 4e-06
790 0
791 0
792 8e-06
793 0
794 4e-06
795 0
796 0
797 0
798 4e-06
799 4e-06
800 4e-06
801 1.2e-05
802 0
803 0
804 0
805 0
806 0
807 0
808 0
809 0
810 4e-06
811 8e-06
812 4e-06
813 0
814 0
815 0
816 8e-06
817 0
818 0
819 0
820 4e-06
821 4e-06
822 8e-06
823 0
824 0
825 0
826 4e-06
827 0
828 1.47152e-06
829 0
830 0
831 4e-06
832 0
833 0
834 4e-06
835 0
836 4e-06
837 0
838 0
839 0
840 0
841 0
842 4e-06
843 0
844 0
845 4e-06
846 0
847 0
848 0
849 0
850 4e-06
851 8e-06
852 4e-06
853 0
854 4e-06
855 0
856 0
857 0
858 0
859 0
860 0
861 0
862 0
863 4e-06
864 8e-06
865 1.2e-05
866 0
867 4e-06
868 4e-06
869 4e-06
870 0
871 4e-06
872 4e-06
873 0
874 4e-06
875 4e-06
876 0
877 0
878 0
879 0
880 4e-06
881 4e-06
882 8e-06
883 0
884 0
885 0
886 0
887 0
888 0
889 4e-06
890 0
891 0
892 0
893 0
894 0
895 0
896 0
897 0
898 4e-06
899 4e-06
900 4e-06
901 0
902 0
903 4e-06
904 0
905 0
906 0
907 0
908 4e-06
909 4e-06
910 0
911 4e-06
912 0
913 0
914 0
915 0
916 4e-06
917 0
918 0
919 0
920 0
921 4e-06
922 0
923 4e-06
924 4e-06
925 0
926 0
927 0
928 0
929 8e-06
930 0
931 0
932 0
933 0
934 0
935 0
936 4e-06
937 0
938 0
939 0
940 4e-06
941 0
942 0
943 0
944 0
945 4e-06
946 0
947 0
948 0
949 0
950 8e-06
951 0
952 0
953 4e-06
954 4e-06
955 0
956 0
957 0
958 8e-06
959 0
960 4e-06
961 0
962 0
963 0
964 0
965 0
966 4e-06
967 0
968 0
969 4e-06
970 0
971 4e-06
972 4e-06
973 0
974 0
975 0
976 4e-06
977 0
978 0
979 0
980 0
981 0
982 0
983 0
984 0
985 4e-06
986 0
987 0
988 0
989 0
990 0
991 0
992 4e-06
993 0
994 0
995 0
996 4e-06
997 4e-06
998 0
999 0
