0 0
1 0
2 0
3 0
4 0
5 0
6 0
7 0
8 0
9 0
10 0
11 0
12 0
13 0
14 0
15 0
16 0
17 0
18 0
19 0
20 0
21 0
22 0
23 0
24 0
25 0
26 0
27 0
28 0
29 0
30 0
31 0
32 0
33 0
34 0
35 0
36 0
37 0
38 0
39 0
40 0
41 0
42 0
43 0
44 8e-09
45 0
46 0
47 0
48 0
49 0
50 0
51 0
52 0
53 0
54 8e-09
55 0
56 0
57 0
58 0
59 0
60 0
61 0
62 8e-09
63 8e-09
64 0
65 0
66 0
67 0
68 8e-09
69 0
70 0
71 0
72 8e-09
73 0
74 0
75 0
76 0
77 0
78 8e-09
79 0
80 8e-09
81 8e-09
82 0
83 0
84 0
85 1.6e-08
86 8e-09
87 8e-09
88 8e-09
89 0
90 0
91 0
92 0
93 0
94 8e-09
95 0
96 0
97 0
98 0
99 0
100 0
101 0
102 0
103 8e-09
104 0
105 0
106 8e-09
107 0
108 0
109 8e-09
110 8e-09
111 1.6e-08
112 0
113 0
114 8e-09
115 8e-09
116 8e-09
117 0
118 0
119 1.6e-08
120 0
121 0
122 0
123 8e-09
124 0
125 8e-09
126 0
127 0
128 8e-09
129 0
130 8e-09
131 0
132 0
133 8e-09
134 1.6e-08
135 0
136 8e-09
137 0
138 0
139 0
140 0
141 0
142 0
143 0
144 0
145 8e-09
146 0
147 0
148 0
149 8e-09
150 0
151 0
152 0
153 2.4e-08
154 8e-09
155 0
156 8e-09
157 1.6e-08
158 8e-09
159 1.6e-08
160 0
161 8e-09
162 8e-09
163 1.6e-08
164 2.4e-08
165 0
166 8e-09
167 0
168 2.4e-08
169 8e-09
170 8e-09
171 0
172 0
173 1.6e-08
174 8e-09
175 0
176 0
177 0
178 0
179 0
180 0
181 0
182 2.4e-08
183 2.4e-08
184 0
185 1.59204e-08
186 8e-09
187 0
188 8e-09
189 0
190 0
191 8e-09
192 0
193 0
194 0
195 1.6e-08
196 0
197 0
198 8e-09
199 8e-09
200 1.6e-08
201 0
202 8e-09
203 0
204 1.6e-08
205 0
206 2.4e-08
207 8e-09
208 0
209 0
210 1.6e-08
211 0
212 0
213 8e-09
214 8e-09
215 0
216 8e-09
217 0
218 8e-09
219 0
220 8e-09
221 0
222 8e-09
223 1.6e-08
224 1.6e-08
225 1.6e-08
226 8e-09
227 0
228 8e-09
229 0
230 0
231 1.6e-08
232 0
233 8e-09
234 0
235 0
236 8e-09
237 8e-09
238 8e-09
239 8e-09
240 8e-09
241 8e-09
242 0
243 0
244 8e-09
245 8e-09
246 0
247 0
248 0
249 1.6e-08
250 8e-09
251 8e-09
252 8e-09
253 8e-09
254 0
255 8e-09
256 0
257 8e-09
258 8e-09
259 8e-09
260 0
261 8e-09
262 0
263 0
264 0
265 1.6e-08
266 0
267 8e-09
268 8e-09
269 8e-09
270 0
271 0
272 0
273 0
274 1.6e-08
275 8e-09
276 8e-09
277 1.6e-08
278 8e-09
279 0
280 0
281 0
282 0
283 0
284 0
285 8e-09
286 1.6e-08
287 0
288 8e-09
289 0
290 0
291 0
292 0
293 0
294 8e-09
295 0
296 0
297 8e-09
298 0
299 0
300 0
301 0
302 0
303 0
304 0
305 8e-09
306 2.4e-08
307 0
308 0
309 1.6e-08
310 0
311 1.6e-08
312 8e-09
313 0
314 0
315 0
316 8e-09
317 0
318 0
319 8e-09
320 0
321 0
322 8e-09
323 1.6e-08
324 1.6e-08
325 0
326 1.6e-08
327 8e-09
328 0
329 8e-09
330 1.6e-08
331 1.6e-08
332 0
333 8e-09
334 2.4e-08
335 1.6e-08
336 0
337 0
338 8e-09
339 1.6e-08
340 1.6e-08
341 0
342 1.6e-08
343 0
344 1.6e-08
345 8e-09
346 0
347 0
348 0
349 1.6e-08
350 8e-09
351 0
352 0
353 8e-09
354 8e-09
355 0
356 8e-09
357 0
358 8e-09
359 8e-09
360 0
361 1.6e-08
362 8e-09
363 1.6e-08
364 1.6e-08
365 8e-09
366 8e-09
367 0
368 8e-09
369 0
370 8e-09
371 8e-09
372 2.4e-08
373 0
374 8e-09
375 8e-09
376 1.6e-08
377 8e-09
378 8e-09
379 1.6e-08
380 0
381 2.4e-08
382 8e-09
383 0
384 1.6e-08
385 0
386 8e-09
387 8e-09
388 8e-09
389 2.39204e-08
390 8e-09
391 2.4e-08
392 8e-09
393 1.6e-08
394 8e-09
395 0
396 0
397 1.6e-08
398 1.6e-08
399 8e-09
400 1.6e-08
401 0
402 8e-09
403 0
404 1.6e-08
405 8e-09
406 8e-09
407 1.6e-08
408 0
409 8e-09
410 4e-08
411 8e-09
412 4e-08
413 0
414 8e-09
415 0
416 0
417 8e-09
418 8e-09
419 8e-09
420 8e-09
421 8e-09
422 8e-09
423 8e-09
424 0
425 0
426 8e-09
427 2.4e-08
428 8e-09
429 0
430 8e-09
431 0
432 1.6e-08
433 0
434 8e-09
435 8e-09
436 8e-09
437 1.6e-08
438 1.6e-08
439 1.6e-08
440 0
441 8e-09
442 8e-09
443 8e-09
444 0
445 1.6e-08
446 8e-09
447 8e-09
448 8e-09
449 8e-09
450 0
451 0
452 3.2e-08
453 0
454 0
455 0
456 8e-09
457 0
458 8e-09
459 2.4e-08
460 1.6e-08
461 0
462 0
463 8e-09
464 3.2e-08
465 1.6e-08
466 0
467 8e-09
468 0
469 0
470 0
471 0
472 8e-09
473 1.6e-08
474 0
475 0
476 1.6e-08
477 1.6e-08
478 0
479 1.6e-08
480 8e-09
481 0
482 8e-09
483 8e-09
484 1.6e-08
485 8e-09
486 8e-09
487 8e-09
488 3.2e-08
489 8e-09
490 4e-08
491 8e-09
492 1.6e-08
493 0
494 8e-09
495 0
496 8e-09
497 8e-09
498 8e-09
499 0
500 8e-09
501 1.6e-08
502 8e-09
503 8e-09
504 0
505 1.6e-08
506 1.6e-08
507 0
508 0
509 0
510 0
511 0
512 8e-09
513 8e-09
514 8e-09
515 1.6e-08
516 8e-09
517 0
518 8e-09
519 0
520 0
521 0
522 0
523 0
524 0
525 0
526 0
527 1.6e-08
528 2.4e-08
529 1.6e-08
530 0
531 8e-09
532 8e-09
533 8e-09
534 0
535 1.6e-08
536 1.6e-08
537 1.6e-08
538 0
539 3.2e-08
540 1.6e-08
541 0
542 1.6e-08
543 1.6e-08
544 1.6e-08
545 0
546 0
547 2.4e-08
548 0
549 3.2e-08
550 8e-09
551 8e-09
552 8e-09
553 1.6e-08
554 8e-09
555 1.6e-08
556 0
557 1.6e-08
558 8e-09
559 3.2e-08
560 0
561 8e-09
562 8e-09
563 1.6e-08
564 8e-09
565 0
566 8e-09
567 0
568 1.6e-08
569 8e-09
570 8e-09
571 0
572 0
573 0
574 8e-09
575 8e-09
576 0
577 8e-09
578 0
579 0
580 0
581 8e-09
582 8e-09
583 1.6e-08
584 8e-09
585 8e-09
586 3.2e-08
587 1.6e-08
588 8e-09
589 8e-09
590 8e-09
591 2.4e-08
592 8e-09
593 0
594 8e-09
595 8e-09
596 0
597 0
598 0
599 0
600 1.6e-08
601 8e-09
602 0
603 0
604 1.6e-08
605 1.6e-08
606 2.4e-08
607 8e-09
608 0
609 0
610 1.6e-08
611 1.6e-08
612 8e-09
613 8e-09
614 1.6e-08
615 8e-09
616 8e-09
617 0
618 0
619 8e-09
620 1.6e-08
621 8e-09
622 0
623 1.6e-08
624 8e-09
625 0
626 0
627 0
628 8e-09
629 8e-09
630 0
631 0
632 0
633 0
634 0
635 0
636 8e-09
637 8e-09
638 8e-09
639 1.6e-08
640 1.6e-08
641 8e-09
642 1.6e-08
643 8e-09
644 0
645 8e-09
646 1.6e-08
647 8e-09
648 8e-09
649 8e-09
650 8e-09
651 1.6e-08
652 0
653 8e-09
654 2.4e-08
655 1.6e-08
656 0
657 8e-09
658 2.4e-08
659 1.6e-08
660 2.4e-08
661 8e-09
662 0
663 8e-09
664 0
665 2.4e-08
666 1.6e-08
667 1.6e-08
668 0
669 1.6e-08
670 1.6e-08
671 1.6e-08
672 0
673 1.6e-08
674 8e-09
675 0
676 8e-09
677 0
678 3.2e-08
679 2.4e-08
680 8e-09
681 0
682 0
683 1.6e-08
684 2.4e-08
685 8e-09
686 1.6e-08
687 8e-09
688 8e-09
689 1.6e-08
690 8e-09
691 8e-09
692 8e-09
693 8e-09
694 0
695 8e-09
696 2.4e-08
697 8e-09
698 0
699 0
700 8e-09
701 2.4e-08
702 0
703 1.6e-08
704 1.6e-08
705 1.6e-08
706 1.6e-08
707 1.6e-08
708 1.6e-08
709 8e-09
710 8e-09
711 1.6e-08
712 8e-09
713 0
714 0
715 0
716 0
717 1.6e-08
718 2.4e-08
719 1.6e-08
720 1.6e-08
721 8e-09
722 8e-09
723 0
724 0
725 2.4e-08
726 0
727 1.59204e-08
728 1.6e-08
729 0
730 0
731 0
732 8e-09
733 0
734 0
735 1.6e-08
736 3.2e-08
737 1.6e-08
738 8e-09
739 1.6e-08
740 0
741 0
742 0
743 1.6e-08
744 8e-09
745 8e-09
746 8e-09
747 8e-09
748 0
749 1.6e-08
750 1.6e-08
751 2.4e-08
752 8e-09
753 8e-09
754 0
755 8e-09
756 8e-09
757 1.6e-08
758 8e-09
759 8e-09
760 0
761 8e-09
762 8e-09
763 1.6e-08
764 0
765 0
766 0
767 2.4e-08
768 8e-09
769 2.4e-08
770 1.59204e-08
771 0
772 1.6e-08
773 8e-09
774 8e-09
775 1.6e-08
776 0
777 8e-09
778 8e-09
779 8e-09
780 8e-09
781 0
782 0
783 8e-09
784 1.6e-08
785 8e-09
786 0
787 1.6e-08
788 0
789 0
790 8e-09
791 2.4e-08
792 8e-09
793 3.2e-08
794 0
795 2.4e-08
796 2.4e-08
797 1.6e-08
798 8e-09
799 1.6e-08
800 7.9204e-09
801 1.6e-08
802 8e-09
803 8e-09
804 2.4e-08
805 0
806 1.6e-08
807 1.6e-08
808 0
809 8e-09
810 8e-09
811 0
812 8e-09
813 0
814 8e-09
815 8e-09
816 1.6e-08
817 1.6e-08
818 0
819 8e-09
820 1.6e-08
821 8e-09
822 0
823 0
824 8e-09
825 0
826 4.8e-08
827 8e-09
828 1.6e-08
829 8e-09
830 8e-09
831 1.6e-08
832 8e-09
833 1.6e-08
834 8e-09
835 1.6e-08
836 8e-09
837 0
838 0
839 0
840 8e-09
841 0
842 8e-09
843 1.6e-08
844 1.6e-08
845 0
846 1.6e-08
847 8e-09
848 8e-09
849 8e-09
850 1.6e-08
851 8e-09
852 0
853 8e-09
854 8e-09
855 0
856 8e-09
857 0
858 1.6e-08
859 0
860 8e-09
861 8e-09
862 1.6e-08
863 1.6e-08
864 0
865 0
866 2.4e-08
867 8e-09
868 8e-09
869 8e-09
870 1.6e-08
871 2.4e-08
872 0
873 8e-09
874 0
875 0
876 2.4e-08
877 8e-09
878 8e-09
879 1.6e-08
880 8e-09
881 8e-09
882 1.6e-08
883 2.4e-08
884 8e-09
885 1.6e-08
886 1.6e-08
887 8e-09
888 0
889 1.6e-08
890 0
891 1.6e-08
892 1.6e-08
893 8e-09
894 1.6e-08
895 2.4e-08
896 2.4e-08
897 0
898 0
899 1.59204e-08
900 3.19204e-08
901 1.6e-08
902 8e-09
903 8e-09
904 0
905 0
906 0
907 8e-09
908 8e-09
909 8e-09
910 2.4e-08
911 8e-09
912 0
913 8e-09
914 2.4e-08
915 2.4e-08
916 0
917 8e-09
918 3.2e-08
919 8e-09
920 0
921 8e-09
922 8e-09
923 8e-09
924 0
925 8e-09
926 0
927 8e-09
928 8e-09
929 0
930 0
931 0
932 8e-09
933 0
934 1.6e-08
935 8e-09
936 1.6e-08
937 0
938 8e-09
939 1.6e-08
940 8e-09
941 3.2e-08
942 1.6e-08
943 0
944 1.6e-08
945 8e-09
946 8e-09
947 3.2e-08
948 0
949 8e-09
950 0
951 8e-09
952 8e-09
953 1.6e-08
954 1.6e-08
955 1.6e-08
956 0
957 2.4e-08
958 8e-09
959 1.6e-08
960 8e-09
961 8e-09
962 0
963 8e-09
964 8e-09
965 0
966 8e-09
967 1.6e-08
968 1.6e-08
969 8e-09
970 1.6e-08
971 8e-09
972 0
973 0
974 0
975 0
976 0
977 0
978 8e-09
979 0
980 1.6e-08
981 8e-09
982 0
983 1.6e-08
984 8e-09
985 8e-09
986 8e-09
987 8e-09
988 1.6e-08
989 0
990 0
991 0
992 1.6e-08
993 1.6e-08
994 1.6e-08
995 8e-09
996 8e-09
997 8e-09
998 0
999 0
