0 0
1 0.001204
2 0.000592
3 0.000412
4 0.0003
5 0.000236
6 0.000197472
7 0.000232
8 0.00016
9 0.000132
10 0.0001
11 0.000116
12 9.6e-05
13 8e-05
14 0.000116
15 0.0001
16 8e-05
17 9.74715e-05
18 5.2e-05
19 5.6e-05
20 6.8e-05
21 6e-05
22 6.14715e-05
23 4.4e-05
24 7.6e-05
25 3.6e-05
26 5.2e-05
27 6e-05
28 6.8e-05
29 4.4e-05
30 4.8e-05
31 4.4e-05
32 2.8e-05
33 4.4e-05
34 5.2e-05
35 2.4e-05
36 3.6e-05
37 4.8e-05
38 6.6943e-05
39 3.2e-05
40 4.4e-05
41 3.2e-05
42 3.6e-05
43 2.4e-05
44 2.4e-05
45 2.4e-05
46 2.54715e-05
47 8e-06
48 3.2e-05
49 2.4e-05
50 2e-05
51 4e-05
52 4e-05
53 4.8e-05
54 2e-05
55 2e-05
56 2e-05
57 4e-05
58 3.6e-05
59 2e-05
60 1.6e-05
61 4e-06
62 8e-06
63 3.2e-05
64 1.2e-05
65 4e-05
66 2e-05
67 2e-05
68 8e-06
69 1.6e-05
70 1.6e-05
71 1.2e-05
72 2.4e-05
73 8e-06
74 2.4e-05
75 1.2e-05
76 1.6e-05
77 1.34715e-05
78 1.6e-05
79 1.6e-05
80 2.8e-05
81 2.4e-05
82 2e-05
83 2.4e-05
84 4e-06
85 1.6e-05
86 1.6e-05
87 8e-06
88 8e-06
89 4e-06
90 1.6e-05
91 1.6e-05
92 2e-05
93 8e-06
94 8e-06
95 1.6e-05
96 4e-06
97 1.2e-05
98 1.6e-05
99 8e-06
100 1.6e-05
101 8e-06
102 0
103 1.2e-05
104 1.6e-05
105 1.2e-05
106 1.6e-05
107 1.2e-05
108 1.74715e-05
109 2e-05
110 1.2e-05
111 0
112 8e-06
113 4e-06
114 0
115 8e-06
116 2.4e-05
117 2e-05
118 0
119 8e-06
120 8e-06
121 4e-06
122 8e-06
123 4e-06
124 2.8e-05
125 4e-06
126 4e-06
127 1.6e-05
128 1.2e-05
129 8e-06
130 4e-06
131 4e-06
132 4e-06
133 8e-06
134 8e-06
135 8e-06
136 1.2e-05
137 1.34715e-05
138 1.2e-05
139 4e-06
140 4e-06
141 1.6e-05
142 1.6e-05
143 1.6e-05
144 4e-06
145 8e-06
146 1.6e-05
147 8e-06
148 8e-06
149 1.2e-05
150 1.2e-05
151 1.2e-05
152 4e-06
153 1.2e-05
154 0
155 1.6e-05
156 0
157 4e-06
158 1.2e-05
159 8e-06
160 4e-06
161 1.2e-05
162 0
163 4e-06
164 0
165 4e-06
166 9.47152e-06
167 1.6e-05
168 8e-06
169 4e-06
170 4e-06
171 4e-06
172 4e-06
173 4e-06
174 8e-06
175 8e-06
176 0
177 8e-06
178 8e-06
179 1.6e-05
180 8e-06
181 8e-06
182 8e-06
183 4e-06
184 4e-06
185 0
186 1.2e-05
187 8e-06
188 4e-06
189 4e-06
190 4e-06
191 0
192 0
193 1.6e-05
194 0
195 8e-06
196 0
197 1.2e-05
198 8e-06
199 4e-06
200 8e-06
201 4e-06
202 0
203 8e-06
204 4e-06
205 1.6e-05
206 0
207 4e-06
208 1.2e-05
209 5.47152e-06
210 8e-06
211 4e-06
212 0
213 4e-06
214 1.2e-05
215 4e-06
216 1.2e-05
217 1.6e-05
218 4e-06
219 4e-06
220 4e-06
221 4e-06
222 0
223 0
224 0
225 4e-06
226 4e-06
227 8e-06
228 2e-05
229 4e-06
230 8e-06
231 4e-06
232 4e-06
233 4e-06
234 0
235 1.2e-05
236 4e-06
237 4e-06
238 1.6e-05
239 0
240 8e-06
241 0
242 8e-06
243 4e-06
244 4e-06
245 8e-06
246 4e-06
247 8e-06
248 8e-06
249 4e-06
250 8e-06
251 8e-06
252 8e-06
253 4e-06
254 8e-06
255 4e-06
256 8e-06
257 0
258 8e-06
259 0
260 4e-06
261 1.6e-05
262 4e-06
263 1.6e-05
264 1.2e-05
265 1.34715e-05
266 8e-06
267 1.2e-05
268 4e-06
269 0
270 0
271 0
272 8e-06
273 4e-06
274 0
275 0
276 0
277 8e-06
278 4e-06
279 4e-06
280 0
281 0
282 0
283 4e-06
284 4e-06
285 0
286 8e-06
287 4e-06
288 0
289 4e-06
290 4e-06
291 4e-06
292 0
293 4e-06
294 0
295 4e-06
296 4e-06
297 1.2e-05
298 8e-06
299 0
300 1.6e-05
301 5.47152e-06
302 0
303 0
304 0
305 8e-06
306 1.6e-05
307 4e-06
308 4e-06
309 4e-06
310 8e-06
311 8e-06
312 0
313 4e-06
314 8e-06
315 0
316 4e-06
317 8e-06
318 0
319 4e-06
320 8e-06
321 0
322 8e-06
323 0
324 4e-06
325 0
326 4e-06
327 8e-06
328 4e-06
329 8e-06
330 0
331 1.6e-05
332 4e-06
333 4e-06
334 4e-06
335 8e-06
336 4e-06
337 0
338 0
339 4e-06
340 8e-06
341 0
342 8e-06
343 0
344 0
345 0
346 4e-06
347 8e-06
348 8e-06
349 4e-06
350 4e-06
351 0
352 0
353 0
354 4e-06
355 4e-06
356 0
357 1.2e-05
358 0
359 4e-06
360 1.2e-05
361 8e-06
362 4e-06
363 0
364 4e-06
365 8e-06
366 4e-06
367 8e-06
368 4e-06
369 0
370 8e-06
371 0
372 4e-06
373 4e-06
374 0
375 8e-06
376 8e-06
377 0
378 0
379 8e-06
380 0
381 4e-06
382 0
383 8e-06
384 0
385 8e-06
386 0
387 8e-06
388 0
389 0
390 4e-06
391 1.47152e-06
392 0
393 4e-06
394 0
395 0
396 4e-06
397 4e-06
398 4e-06
399 0
400 0
401 0
402 0
403 4e-06
404 4e-06
405 4e-06
406 1.6e-05
407 0
408 4e-06
409 0
410 4e-06
411 8e-06
412 0
413 8e-06
414 0
415 8e-06
416 4e-06
417 4e-06
418 0
419 4e-06
420 0
421 0
422 0
423 4e-06
424 0
425 0
426 0
427 0
428 0
429 0
430 0
431 0
432 4e-06
433 0
434 0
435 0
436 0
437 4e-06
438 0
439 4e-06
440 0
441 1.47152e-06
442 8e-06
443 4e-06
444 5.47152e-06
445 0
446 0
447 8e-06
448 8e-06
449 0
450 0
451 8e-06
452 4e-06
453 0
454 0
455 0
456 0
457 4e-06
458 4e-06
459 4e-06
460 4e-06
461 4e-06
462 8e-06
463 0
464 4e-06
465 8e-06
466 8e-06
467 4e-06
468 4e-06
469 4e-06
470 0
471 4e-06
472 4e-06
473 0
474 0
475 0
476 0
477 4e-06
478 0
479 4e-06
480 0
481 0
482 4e-06
483 0
484 1.2e-05
485 0
486 1.2e-05
487 0
488 8e-06
489 4e-06
490 0
491 0
492 4e-06
493 0
494 1.2e-05
495 0
496 0
497 8e-06
498 8e-06
499 4e-06
500 0
501 0
502 4e-06
503 4e-06
504 4e-06
505 0
506 0
507 0
508 0
509 0
510 0
511 0
512 0
513 0
514 0
515 0
516 4e-06
517 0
518 0
519 0
520 0
521 4e-06
522 0
523 0
524 0
525 0
526 0
527 8e-06
528 8e-06
529 0
530 0
531 0
532 0
533 0
534 8e-06
535 8e-06
536 0
537 4e-06
538 4e-06
539 4e-06
540 0
541 0
542 0
543 4e-06
544 4e-06
545 0
546 0
547 4e-06
548 0
549 4e-06
550 4e-06
551 0
552 0
553 4e-06
554 8e-06
555 0
556 0
557 8e-06
558 4e-06
559 0
560 4e-06
561 0
562 0
563 0
564 4e-06
565 0
566 0
567 8e-06
568 4e-06
569 4e-06
570 0
571 0
572 0
573 1.6e-05
574 0
575 4e-06
576 8e-06
577 4e-06
578 4e-06
579 0
580 0
581 0
582 8e-06
583 4e-06
584 0
585 0
586 8e-06
587 0
588 0
589 0
590 4e-06
591 0
592 0
593 4e-06
594 0
595 0
596 4e-06
597 4e-06
598 0
599 0
600 4e-06
601 4e-06
602 4e-06
603 4e-06
604 0
605 0
606 0
607 4e-06
608 8e-06
609 4e-06
610 8e-06
611 0
612 4e-06
613 8e-06
614 4e-06
615 0
616 4e-06
617 0
618 0
619 4e-06
620 4e-06
621 4e-06
622 4e-06
623 0
624 0
625 4e-06
626 8e-06
627 0
628 1.47152e-06
629 0
630 4e-06
631 0
632 4e-06
633 0
634 0
635 4e-06
636 0
637 4e-06
638 4e-06
639 4e-06
640 0
641 0
642 4e-06
643 0
644 4e-06
645 0
646 0
647 0
648 0
649 0
650 0
651 0
652 0
653 4e-06
654 0
655 0
656 4e-06
657 4e-06
658 0
659 0
660 0
661 4e-06
662 0
663 4e-06
664 0
665 0
666 4e-06
667 0
668 0
669 0
670 4e-06
671 4e-06
672 1.47152e-06
673 0
674 0
675 0
676 0
677 4e-06
678 4e-06
679 0
680 0
681 4e-06
682 0
683 0
684 0
685 0
686 0
687 0
688 4e-06
689 0
690 8e-06
691 0
692 4e-06
693 0
694 0
695 0
696 0
697 0
698 0
699 0
700 0
701 4e-06
702 1.47152e-06
703 0
704 4e-06
705 8e-06
706 4e-06
707 0
708 0
709 4e-06
710 0
711 0
712 0
713 4e-06
714 0
715 8e-06
716 0
717 4e-06
718 0
719 4e-06
720 0
721 0
722 0
723 0
724 0
725 0
726 0
727 4e-06
728 0
729 0
730 4e-06
731 4e-06
732 4e-06
733 4e-06
734 0
735 4e-06
736 4e-06
737 8e-06
738 0
739 4e-06
740 4e-06
741 0
742 4e-06
743 0
744 0
745 0
746 0
747 0
748 4e-06
749 0
750 0
751 4e-06
752 0
753 0
754 0
755 4e-06
756 4e-06
757 0
758 0
759 0
760 0
761 0
762 4e-06
763 0
764 0
765 0
766 0
767 4e-06
768 4e-06
769 0
770 0
771 0
772 0
773 4e-06
774 4e-06
775 4e-06
776 0
777 4e-06
778 0
779 0
780 0
781 0
782 8e-06
783 4e-06
784 4e-06
785 0
786 8e-06
787 8e-06
788 0
789 0
790 0
791 0
792 4e-06
793 0
794 0
795 0
796 0
797 0
798 4e-06
799 4e-06
800 4e-06
801 0
802 0
803 0
804 0
805 0
806 0
807 0
808 0
809 0
810 0
811 4e-06
812 0
813 0
814 0
815 0
816 0
817 4e-06
818 4e-06
819 0
820 0
821 0
822 4e-06
823 0
824 4e-06
825 0
826 0
827 0
828 4e-06
829 0
830 0
831 0
832 0
833 4e-06
834 0
835 0
836 0
837 0
838 8e-06
839 0
840 0
841 4e-06
842 0
843 0
844 0
845 0
846 0
847 4e-06
848 4e-06
849 0
850 4e-06
851 0
852 4e-06
853 4e-06
854 0
855 4e-06
856 0
857 0
858 0
859 0
860 0
861 0
862 0
863 0
864 4e-06
865 4e-06
866 1.2e-05
867 4e-06
868 4e-06
869 0
870 4e-06
871 0
872 0
873 0
874 0
875 0
876 4e-06
877 0
878 0
879 0
880 0
881 0
882 0
883 0
884 0
885 0
886 4e-06
887 4e-06
888 0
889 0
890 4e-06
891 0
892 0
893 0
894 4e-06
895 0
896 4e-06
897 8e-06
898 0
899 4e-06
900 0
901 4e-06
902 0
903 0
904 4e-06
905 0
906 0
907 4e-06
908 4e-06
909 0
910 0
911 0
912 0
913 0
914 0
915 4e-06
916 0
917 0
918 4e-06
919 4e-06
920 0
921 0
922 0
923 0
924 4e-06
925 4e-06
926 0
927 0
928 0
929 4e-06
930 4e-06
931 0
932 4e-06
933 0
934 0
935 0
936 0
937 4e-06
938 0
939 0
940 0
941 0
942 0
943 4e-06
944 0
945 0
946 4e-06
947 4e-06
948 4e-06
949 0
950 0
951 0
952 0
953 4e-06
954 0
955 4e-06
956 0
957 0
958 8e-06
959 4e-06
960 0
961 4e-06
962 0
963 4e-06
964 0
965 4e-06
966 0
967 4e-06
968 0
969 0
970 0
971 4e-06
972 0
973 4e-06
974 4e-06
975 0
976 0
977 0
978 4e-06
979 0
980 1.47152e-06
981 0
982 4e-06
983 4e-06
984 4e-06
985 4e-06
986 0
987 0
988 4e-06
989 0
990 0
991 0
992 0
993 0
994 0
995 4e-06
996 4e-06
997 0
998 0
999 0
