0 0
1 0
2 0
3 0
4 0
5 0
6 0
7 8e-09
8 8e-09
9 0
10 0
11 8e-09
12 8e-09
13 0
14 8e-09
15 0
16 0
17 0
18 8e-09
19 0
20 0
21 0
22 0
23 0
24 0
25 0
26 8e-09
27 8e-09
28 8e-09
29 0
30 1.6e-08
31 0
32 0
33 8e-09
34 1.6e-08
35 0
36 8e-09
37 0
38 8e-09
39 8e-09
40 0
41 0
42 8e-09
43 1.6e-08
44 8e-09
45 3.2e-08
46 0
47 0
48 2.4e-08
49 0
50 2.39204e-08
51 8e-09
52 1.6e-08
53 1.6e-08
54 8e-09
55 1.6e-08
56 0
57 8e-09
58 8e-09
59 1.6e-08
60 8e-09
61 8e-09
62 2.4e-08
63 0
64 8e-09
65 2.4e-08
66 8e-09
67 8e-09
68 2.4e-08
69 0
70 8e-09
71 2.4e-08
72 1.6e-08
73 4.8e-08
74 2.4e-08
75 4e-08
76 0
77 8e-09
78 2.4e-08
79 3.2e-08
80 4e-08
81 8e-09
82 2.4e-08
83 8e-09
84 2.4e-08
85 1.6e-08
86 1.6e-08
87 8e-09
88 0
89 8e-09
90 8e-09
91 1.6e-08
92 1.6e-08
93 2.4e-08
94 0
95 3.2e-08
96 1.6e-08
97 1.6e-08
98 0
99 1.6e-08
100 8e-09
101 0
102 1.6e-08
103 1.6e-08
104 4e-08
105 8e-09
106 1.6e-08
107 2.4e-08
108 4e-08
109 2.4e-08
110 0
111 4e-08
112 1.6e-08
113 2.4e-08
114 8e-09
115 4e-08
116 1.6e-08
117 1.6e-08
118 1.6e-08
119 1.6e-08
120 1.6e-08
121 0
122 1.6e-08
123 1.6e-08
124 8e-09
125 2.4e-08
126 8e-09
127 1.6e-08
128 2.4e-08
129 8e-09
130 1.59204e-08
131 2.4e-08
132 3.2e-08
133 3.2e-08
134 2.4e-08
135 4.8e-08
136 3.2e-08
137 1.6e-08
138 1.6e-08
139 3.2e-08
140 1.6e-08
141 8e-09
142 4.8e-08
143 2.4e-08
144 8e-09
145 8e-09
146 2.4e-08
147 4e-08
148 1.6e-08
149 3.2e-08
150 1.6e-08
151 1.6e-08
152 8e-09
153 8e-09
154 2.4e-08
155 4e-08
156 4e-08
157 4e-08
158 2.4e-08
159 1.6e-08
160 2.4e-08
161 2.4e-08
162 8e-09
163 3.2e-08
164 1.6e-08
165 2.4e-08
166 2.4e-08
167 5.6e-08
168 2.4e-08
169 2.4e-08
170 5.6e-08
171 6.4e-08
172 4e-08
173 4.8e-08
174 3.2e-08
175 2.4e-08
176 8e-09
177 1.6e-08
178 4e-08
179 8e-09
180 3.2e-08
181 2.4e-08
182 3.2e-08
183 3.2e-08
184 2.4e-08
185 1.6e-08
186 1.6e-08
187 4.8e-08
188 2.4e-08
189 5.6e-08
190 3.2e-08
191 2.4e-08
192 1.6e-08
193 3.2e-08
194 2.4e-08
195 4.8e-08
196 3.2e-08
197 1.6e-08
198 4.79204e-08
199 1.6e-08
200 6.4e-08
201 1.6e-08
202 4e-08
203 2.4e-08
204 3.2e-08
205 1.6e-08
206 4.8e-08
207 1.6e-08
208 3.2e-08
209 2.4e-08
210 5.6e-08
211 1.6e-08
212 8e-09
213 0
214 1.6e-08
215 3.2e-08
216 5.6e-08
217 4e-08
218 3.2e-08
219 4.8e-08
220 1.6e-08
221 2.4e-08
222 4.8e-08
223 0
224 6.4e-08
225 8e-09
226 4e-08
227 1.6e-08
228 2.4e-08
229 3.2e-08
230 1.6e-08
231 3.2e-08
232 5.6e-08
233 2.4e-08
234 4e-08
235 1.6e-08
236 3.2e-08
237 3.2e-08
238 0
239 2.4e-08
240 1.6e-08
241 4.8e-08
242 3.19204e-08
243 8e-09
244 2.4e-08
245 4.8e-08
246 2.4e-08
247 1.6e-08
248 1.6e-08
249 1.6e-08
250 2.4e-08
251 4e-08
252 3.19204e-08
253 0
254 4.8e-08
255 1.6e-08
256 1.6e-08
257 2.4e-08
258 4.8e-08
259 8e-09
260 3.2e-08
261 1.6e-08
262 8e-09
263 2.4e-08
264 0
265 4e-08
266 1.6e-08
267 5.6e-08
268 1.6e-08
269 1.6e-08
270 5.6e-08
271 3.2e-08
272 1.6e-08
273 3.2e-08
274 3.2e-08
275 4.8e-08
276 3.2e-08
277 5.6e-08
278 8e-09
279 4.8e-08
280 1.6e-08
281 0
282 3.2e-08
283 3.2e-08
284 1.6e-08
285 3.2e-08
286 2.4e-08
287 6.4e-08
288 1.6e-08
289 2.4e-08
290 3.2e-08
291 8e-09
292 8e-09
293 1.6e-08
294 6.4e-08
295 1.6e-08
296 0
297 5.6e-08
298 4.8e-08
299 1.6e-08
300 2.4e-08
301 1.6e-08
302 4.8e-08
303 3.2e-08
304 1.6e-08
305 8e-09
306 1.6e-08
307 0
308 8e-09
309 2.4e-08
310 4e-08
311 1.6e-08
312 8e-09
313 2.4e-08
314 4.8e-08
315 8e-09
316 4.8e-08
317 3.2e-08
318 3.2e-08
319 3.99204e-08
320 3.2e-08
321 1.6e-08
322 8e-09
323 4e-08
324 1.6e-08
325 2.4e-08
326 1.6e-08
327 1.6e-08
328 2.4e-08
329 8e-09
330 3.2e-08
331 3.2e-08
332 1.6e-08
333 2.4e-08
334 3.2e-08
335 1.6e-08
336 7.2e-08
337 4e-08
338 2.4e-08
339 4.8e-08
340 8e-09
341 8e-09
342 5.6e-08
343 1.6e-08
344 3.2e-08
345 3.2e-08
346 2.4e-08
347 1.6e-08
348 8e-09
349 1.6e-08
350 8e-09
351 2.4e-08
352 1.6e-08
353 2.4e-08
354 0
355 4e-08
356 3.2e-08
357 0
358 2.4e-08
359 3.2e-08
360 1.6e-08
361 3.2e-08
362 2.4e-08
363 2.4e-08
364 0
365 8e-09
366 4.8e-08
367 2.4e-08
368 1.6e-08
369 2.4e-08
370 2.4e-08
371 4e-08
372 3.2e-08
373 8e-09
374 8e-09
375 3.2e-08
376 2.4e-08
377 1.6e-08
378 2.4e-08
379 5.6e-08
380 3.2e-08
381 4e-08
382 4e-08
383 4.8e-08
384 4.8e-08
385 3.2e-08
386 2.4e-08
387 3.2e-08
388 3.2e-08
389 3.98416e-08
390 4.8e-08
391 1.6e-08
392 8e-09
393 2.4e-08
394 8e-09
395 7.2e-08
396 3.2e-08
397 4e-08
398 6.4e-08
399 2.4e-08
400 3.2e-08
401 4e-08
402 2.4e-08
403 4e-08
404 4.8e-08
405 2.4e-08
406 2.4e-08
407 8e-09
408 2.4e-08
409 3.2e-08
410 4e-08
411 3.2e-08
412 1.6e-08
413 4e-08
414 8e-09
415 8e-09
416 2.4e-08
417 2.4e-08
418 1.6e-08
419 4.8e-08
420 3.2e-08
421 2.4e-08
422 1.6e-08
423 3.2e-08
424 4e-08
425 4e-08
426 5.6e-08
427 8e-09
428 8e-09
429 3.19204e-08
430 1.6e-08
431 3.2e-08
432 1.6e-08
433 5.6e-08
434 2.4e-08
435 1.6e-08
436 4e-08
437 8e-09
438 3.19204e-08
439 8e-09
440 1.6e-08
441 2.4e-08
442 3.2e-08
443 2.4e-08
444 2.4e-08
445 3.2e-08
446 4e-08
447 0
448 2.4e-08
449 4.8e-08
450 2.4e-08
451 3.2e-08
452 8e-09
453 8e-09
454 4.8e-08
455 0
456 8e-09
457 2.4e-08
458 2.4e-08
459 2.4e-08
460 4e-08
461 1.6e-08
462 3.2e-08
463 4.8e-08
464 1.59204e-08
465 8e-09
466 0
467 8e-09
468 1.6e-08
469 5.6e-08
470 2.4e-08
471 4e-08
472 3.2e-08
473 1.6e-08
474 1.6e-08
475 2.4e-08
476 3.2e-08
477 0
478 1.6e-08
479 3.2e-08
480 2.4e-08
481 3.2e-08
482 0
483 3.2e-08
484 4.8e-08
485 8e-09
486 8e-09
487 0
488 3.19204e-08
489 8e-09
490 1.6e-08
491 8e-09
492 2.4e-08
493 8e-09
494 2.4e-08
495 8e-09
496 3.2e-08
497 4e-08
498 3.2e-08
499 1.6e-08
500 1.6e-08
501 8e-09
502 1.6e-08
503 2.4e-08
504 8e-09
505 1.6e-08
506 3.2e-08
507 2.4e-08
508 1.6e-08
509 3.2e-08
510 1.6e-08
511 2.4e-08
512 2.4e-08
513 1.6e-08
514 3.2e-08
515 4.8e-08
516 8e-09
517 1.6e-08
518 1.6e-08
519 2.4e-08
520 1.6e-08
521 1.6e-08
522 7.9204e-09
523 1.6e-08
524 0
525 8e-09
526 1.6e-08
527 2.4e-08
528 2.4e-08
529 3.2e-08
530 3.2e-08
531 1.6e-08
532 1.6e-08
533 1.6e-08
534 4e-08
535 8e-09
536 8e-09
537 0
538 2.4e-08
539 4e-08
540 2.4e-08
541 1.6e-08
542 1.6e-08
543 2.4e-08
544 2.4e-08
545 8e-09
546 3.2e-08
547 3.2e-08
548 2.4e-08
549 2.4e-08
550 1.6e-08
551 2.4e-08
552 2.4e-08
553 1.6e-08
554 8e-09
555 0
556 8e-09
557 2.4e-08
558 1.6e-08
559 2.4e-08
560 1.6e-08
561 3.2e-08
562 3.2e-08
563 4e-08
564 8e-09
565 2.4e-08
566 2.4e-08
567 3.19204e-08
568 4e-08
569 1.6e-08
570 8e-09
571 1.6e-08
572 1.6e-08
573 2.4e-08
574 1.6e-08
575 1.6e-08
576 0
577 1.6e-08
578 8e-09
579 8e-09
580 4e-08
581 8e-09
582 0
583 2.4e-08
584 8e-09
585 1.6e-08
586 8e-09
587 1.6e-08
588 1.6e-08
589 1.6e-08
590 1.6e-08
591 1.6e-08
592 0
593 3.2e-08
594 1.6e-08
595 3.2e-08
596 1.6e-08
597 3.19204e-08
598 8e-09
599 3.2e-08
600 4e-08
601 0
602 3.2e-08
603 8e-09
604 8e-09
605 2.4e-08
606 2.4e-08
607 4e-08
608 8e-09
609 2.4e-08
610 0
611 8e-09
612 1.6e-08
613 2.4e-08
614 1.6e-08
615 2.4e-08
616 2.4e-08
617 1.6e-08
618 1.6e-08
619 4e-08
620 4e-08
621 2.4e-08
622 1.6e-08
623 2.4e-08
624 8e-09
625 1.6e-08
626 1.6e-08
627 1.6e-08
628 2.4e-08
629 8e-09
630 8e-09
631 2.4e-08
632 2.4e-08
633 1.6e-08
634 0
635 8e-09
636 4e-08
637 1.6e-08
638 2.4e-08
639 8e-09
640 0
641 8e-09
642 3.2e-08
643 1.6e-08
644 2.4e-08
645 8e-09
646 8e-09
647 4.8e-08
648 3.2e-08
649 2.4e-08
650 1.6e-08
651 2.4e-08
652 4.8e-08
653 3.2e-08
654 8e-09
655 1.6e-08
656 1.6e-08
657 8e-09
658 8e-09
659 4e-08
660 2.4e-08
661 0
662 0
663 3.2e-08
664 2.4e-08
665 3.2e-08
666 8e-09
667 8e-09
668 0
669 8e-09
670 2.4e-08
671 1.6e-08
672 0
673 8e-09
674 1.6e-08
675 2.4e-08
676 0
677 2.4e-08
678 3.2e-08
679 0
680 8e-09
681 0
682 8e-09
683 4e-08
684 3.2e-08
685 2.4e-08
686 1.6e-08
687 1.6e-08
688 0
689 2.4e-08
690 2.4e-08
691 3.2e-08
692 1.6e-08
693 2.4e-08
694 1.6e-08
695 0
696 0
697 0
698 2.4e-08
699 4.8e-08
700 3.2e-08
701 1.59204e-08
702 1.6e-08
703 3.2e-08
704 8e-09
705 2.4e-08
706 1.6e-08
707 7.9204e-09
708 1.6e-08
709 8e-09
710 0
711 8e-09
712 0
713 8e-09
714 2.4e-08
715 2.4e-08
716 6.4e-08
717 3.2e-08
718 2.4e-08
719 4e-08
720 8e-09
721 8e-09
722 1.6e-08
723 0
724 4e-08
725 0
726 8e-09
727 2.4e-08
728 2.4e-08
729 1.6e-08
730 1.6e-08
731 1.6e-08
732 8e-09
733 1.6e-08
734 1.6e-08
735 1.6e-08
736 2.4e-08
737 1.6e-08
738 8e-09
739 8e-09
740 0
741 8e-09
742 2.4e-08
743 2.4e-08
744 8e-09
745 1.6e-08
746 8e-09
747 8e-09
748 8e-09
749 0
750 0
751 2.4e-08
752 2.4e-08
753 8e-09
754 8e-09
755 8e-09
756 1.6e-08
757 1.6e-08
758 1.6e-08
759 2.4e-08
760 1.6e-08
761 8e-09
762 5.6e-08
763 0
764 1.6e-08
765 8e-09
766 1.6e-08
767 8e-09
768 8e-09
769 1.6e-08
770 2.4e-08
771 2.4e-08
772 8e-09
773 0
774 1.6e-08
775 1.6e-08
776 2.4e-08
777 8e-09
778 3.2e-08
779 4.8e-08
780 1.6e-08
781 7.9204e-09
782 1.6e-08
783 1.6e-08
784 2.4e-08
785 8e-09
786 3.2e-08
787 8e-09
788 1.6e-08
789 1.6e-08
790 8e-09
791 4e-08
792 1.59204e-08
793 8e-09
794 0
795 8e-09
796 8e-09
797 1.6e-08
798 3.99204e-08
799 1.6e-08
800 3.2e-08
801 8e-09
802 3.19204e-08
803 8e-09
804 3.2e-08
805 3.19204e-08
806 2.4e-08
807 0
808 8e-09
809 1.6e-08
810 0
811 1.6e-08
812 1.6e-08
813 8e-09
814 1.6e-08
815 4e-08
816 8e-09
817 1.6e-08
818 2.4e-08
819 1.6e-08
820 8e-09
821 8e-09
822 2.4e-08
823 1.6e-08
824 2.4e-08
825 2.4e-08
826 1.6e-08
827 2.4e-08
828 0
829 1.6e-08
830 1.6e-08
831 2.4e-08
832 2.39204e-08
833 8e-09
834 3.2e-08
835 1.6e-08
836 1.6e-08
837 8e-09
838 2.4e-08
839 1.6e-08
840 1.6e-08
841 2.4e-08
842 2.4e-08
843 8e-09
844 1.6e-08
845 8e-09
846 8e-09
847 0
848 3.2e-08
849 4e-08
850 1.6e-08
851 1.6e-08
852 4e-08
853 2.4e-08
854 1.6e-08
855 2.4e-08
856 1.6e-08
857 3.2e-08
858 4.8e-08
859 1.6e-08
860 0
861 8e-09
862 1.6e-08
863 2.4e-08
864 8e-09
865 0
866 0
867 0
868 4e-08
869 1.6e-08
870 8e-09
871 1.6e-08
872 3.2e-08
873 4e-08
874 2.4e-08
875 2.4e-08
876 0
877 8e-09
878 1.6e-08
879 0
880 1.6e-08
881 1.6e-08
882 1.6e-08
883 0
884 8e-09
885 0
886 1.6e-08
887 1.6e-08
888 8e-09
889 1.6e-08
890 1.6e-08
891 0
892 1.6e-08
893 0
894 0
895 2.4e-08
896 1.6e-08
897 8e-09
898 1.6e-08
899 1.6e-08
900 2.4e-08
901 1.6e-08
902 0
903 8e-09
904 8e-09
905 1.6e-08
906 0
907 8e-09
908 1.6e-08
909 8e-09
910 8e-09
911 4e-08
912 1.6e-08
913 0
914 2.4e-08
915 0
916 3.2e-08
917 0
918 0
919 8e-09
920 1.6e-08
921 1.6e-08
922 8e-09
923 1.6e-08
924 8e-09
925 0
926 2.4e-08
927 0
928 8e-09
929 0
930 8e-09
931 2.4e-08
932 1.6e-08
933 1.6e-08
934 0
935 3.2e-08
936 2.4e-08
937 1.6e-08
938 2.4e-08
939 2.4e-08
940 0
941 1.59204e-08
942 1.6e-08
943 0
944 8e-09
945 1.6e-08
946 0
947 8e-09
948 8e-09
949 1.6e-08
950 2.4e-08
951 0
952 1.6e-08
953 0
954 8e-09
955 2.4e-08
956 0
957 2.4e-08
958 1.6e-08
959 0
960 8e-09
961 1.6e-08
962 0
963 1.59204e-08
964 8e-09
965 8e-09
966 8e-09
967 1.6e-08
968 1.6e-08
969 0
970 1.6e-08
971 8e-09
972 0
973 8e-09
974 0
975 1.6e-08
976 0
977 3.2e-08
978 1.6e-08
979 0
980 1.6e-08
981 0
982 8e-09
983 8e-09
984 2.4e-08
985 1.6e-08
986 1.6e-08
987 0
988 2.4e-08
989 8e-09
990 2.4e-08
991 1.6e-08
992 2.4e-08
993 8e-09
994 0
995 8e-09
996 1.6e-08
997 1.6e-08
998 0
999 0
