0 0
1 0
2 0
3 4e-08
4 4e-08
5 0
6 1.2e-07
7 1.6e-07
8 8e-08
9 2e-07
10 8e-08
11 2e-07
12 1.6e-07
13 8e-08
14 8e-08
15 8e-08
16 1.2e-07
17 2e-07
18 2e-07
19 3.2e-07
20 2.8e-07
21 2.4e-07
22 2.8e-07
23 8e-08
24 2e-07
25 3.2e-07
26 2.4e-07
27 2.4e-07
28 3.2e-07
29 2.4e-07
30 2.8e-07
31 2.8e-07
32 3.6e-07
33 1.2e-07
34 1.2e-07
35 3.2e-07
36 2e-07
37 2.8e-07
38 2.4e-07
39 2e-07
40 3.2e-07
41 2e-07
42 2.8e-07
43 3.2e-07
44 3.6e-07
45 1.2e-07
46 2.4e-07
47 1.2e-07
48 1.2e-07
49 1.6e-07
50 1.6e-07
51 1.6e-07
52 1.6e-07
53 2.8e-07
54 0
55 2e-07
56 1.2e-07
57 8e-08
58 1.6e-07
59 4e-08
60 2.4e-07
61 8e-08
62 1.6e-07
63 1.2e-07
64 1.6e-07
65 1.2e-07
66 2.4e-07
67 2.4e-07
68 1.6e-07
69 2e-07
70 2e-07
71 1.2e-07
72 1.2e-07
73 1.6e-07
74 3.2e-07
75 8e-08
76 1.2e-07
77 2e-07
78 2.4e-07
79 8e-08
80 1.6e-07
81 2.4e-07
82 8e-08
83 1.2e-07
84 1.6e-07
85 1.2e-07
86 8e-08
87 1.2e-07
88 8e-08
89 3.59602e-07
90 3.6e-07
91 8e-08
92 8e-08
93 0
94 4e-08
95 4e-08
96 1.6e-07
97 0
98 1.2e-07
99 3.2e-07
100 4e-08
101 2e-07
102 1.2e-07
103 2e-07
104 8e-08
105 4e-08
106 8e-08
107 2e-07
108 0
109 1.2e-07
110 8e-08
111 0
112 8e-08
113 1.6e-07
114 2e-07
115 8e-08
116 8e-08
117 1.2e-07
118 8e-08
119 1.6e-07
120 8e-08
121 1.2e-07
122 1.6e-07
123 8e-08
124 4e-08
125 4e-08
126 1.6e-07
127 1.99602e-07
128 4e-08
129 1.2e-07
130 8e-08
131 8e-08
132 1.2e-07
133 8e-08
134 1.2e-07
135 4e-08
136 4e-08
137 4e-08
138 2e-07
139 8e-08
140 0
141 4e-08
142 8e-08
143 8e-08
144 8e-08
145 1.6e-07
146 4e-08
147 4e-08
148 8e-08
149 4e-08
150 4e-08
151 8e-08
152 1.2e-07
153 4e-08
154 8e-08
155 1.2e-07
156 8e-08
157 4e-08
158 4e-08
159 1.6e-07
160 8e-08
161 1.2e-07
162 0
163 0
164 8e-08
165 0
166 4e-08
167 0
168 4e-08
169 4e-08
170 4e-08
171 8e-08
172 4e-08
173 1.2e-07
174 4e-08
175 3.9602e-08
176 1.6e-07
177 4e-08
178 4e-08
179 0
180 8e-08
181 1.2e-07
182 2.4e-07
183 8e-08
184 1.2e-07
185 4e-08
186 0
187 1.2e-07
188 2e-07
189 0
190 1.6e-07
191 0
192 8e-08
193 4e-08
194 0
195 4e-08
196 8e-08
197 8e-08
198 4e-08
199 8e-08
200 1.2e-07
201 4e-08
202 4e-08
203 4e-08
204 4e-08
205 8e-08
206 8e-08
207 4e-08
208 8e-08
209 4e-08
210 4e-08
211 8e-08
212 8e-08
213 4e-08
214 4e-08
215 8e-08
216 8e-08
217 0
218 0
219 8e-08
220 0
221 0
222 8e-08
223 8e-08
224 1.2e-07
225 1.2e-07
226 0
227 8e-08
228 4e-08
229 0
230 4e-08
231 1.2e-07
232 8e-08
233 8e-08
234 4e-08
235 8e-08
236 8e-08
237 0
238 8e-08
239 4e-08
240 4e-08
241 8e-08
242 4e-08
243 8e-08
244 4e-08
245 4e-08
246 0
247 4e-08
248 4e-08
249 4e-08
250 0
251 1.6e-07
252 8e-08
253 4e-08
254 4e-08
255 4e-08
256 8e-08
257 0
258 0
259 0
260 0
261 1.6e-07
262 1.2e-07
263 4e-08
264 4e-08
265 0
266 4e-08
267 8e-08
268 8e-08
269 8e-08
270 0
271 0
272 0
273 0
274 4e-08
275 4e-08
276 4e-08
277 4e-08
278 8e-08
279 4e-08
280 0
281 0
282 8e-08
283 0
284 0
285 8e-08
286 4e-08
287 4e-08
288 4e-08
289 1.2e-07
290 4e-08
291 8e-08
292 0
293 0
294 0
295 4e-08
296 8e-08
297 0
298 8e-08
299 4e-08
300 4e-08
301 0
302 1.6e-07
303 4e-08
304 8e-08
305 1.2e-07
306 4e-08
307 4e-08
308 0
309 4e-08
310 0
311 4e-08
312 8e-08
313 0
314 1.2e-07
315 0
316 7.9602e-08
317 0
318 8e-08
319 0
320 0
321 8e-08
322 0
323 4e-08
324 8e-08
325 4e-08
326 4e-08
327 8e-08
328 0
329 1.2e-07
330 0
331 4e-08
332 4e-08
333 0
334 8e-08
335 8e-08
336 0
337 8e-08
338 0
339 1.6e-07
340 8e-08
341 0
342 4e-08
343 1.6e-07
344 8e-08
345 4e-08
346 0
347 8e-08
348 8e-08
349 0
350 0
351 0
352 1.2e-07
353 0
354 0
355 0
356 4e-08
357 3.9602e-08
358 0
359 4e-08
360 0
361 4e-08
362 0
363 8e-08
364 0
365 4e-08
366 4e-08
367 4e-08
368 8e-08
369 0
370 0
371 0
372 0
373 8e-08
374 0
375 4e-08
376 8e-08
377 0
378 0
379 0
380 0
381 4e-08
382 4e-08
383 0
384 4e-08
385 4e-08
386 4e-08
387 4e-08
388 1.2e-07
389 0
390 0
391 0
392 8e-08
393 1.2e-07
394 4e-08
395 0
396 0
397 4e-08
398 8e-08
399 0
400 1.6e-07
401 0
402 1.2e-07
403 0
404 0
405 0
406 0
407 4e-08
408 4e-08
409 0
410 4e-08
411 0
412 0
413 8e-08
414 0
415 4e-08
416 4e-08
417 0
418 0
419 4e-08
420 4e-08
421 8e-08
422 4e-08
423 0
424 4e-08
425 1.2e-07
426 0
427 8e-08
428 0
429 0
430 0
431 0
432 4e-08
433 0
434 0
435 0
436 0
437 0
438 4e-08
439 0
440 4e-08
441 0
442 8e-08
443 4e-08
444 0
445 0
446 4e-08
447 0
448 0
449 4e-08
450 0
451 4e-08
452 4e-08
453 0
454 0
455 8e-08
456 8e-08
457 0
458 0
459 0
460 4e-08
461 0
462 0
463 0
464 4e-08
465 4e-08
466 0
467 1.19602e-07
468 4e-08
469 4e-08
470 4e-08
471 0
472 0
473 0
474 0
475 1.2e-07
476 4e-08
477 8e-08
478 0
479 0
480 7.9602e-08
481 0
482 0
483 0
484 0
485 4e-08
486 0
487 0
488 4e-08
489 4e-08
490 4e-08
491 0
492 0
493 8e-08
494 0
495 4e-08
496 0
497 8e-08
498 0
499 4e-08
500 4e-08
501 4e-08
502 0
503 4e-08
504 4e-08
505 4e-08
506 0
507 0
508 0
509 8e-08
510 4e-08
511 0
512 8e-08
513 4e-08
514 4e-08
515 0
516 0
517 0
518 0
519 0
520 4e-08
521 4e-08
522 4e-08
523 0
524 0
525 4e-08
526 8e-08
527 8e-08
528 0
529 0
530 0
531 0
532 4e-08
533 4e-08
534 4e-08
535 0
536 4e-08
537 4e-08
538 0
539 0
540 0
541 4e-08
542 4e-08
543 0
544 0
545 0
546 0
547 0
548 0
549 0
550 0
551 0
552 4e-08
553 0
554 0
555 0
556 0
557 0
558 0
559 0
560 0
561 0
562 4e-08
563 0
564 0
565 0
566 0
567 4e-08
568 0
569 0
570 0
571 4e-08
572 4e-08
573 1.2e-07
574 0
575 4e-08
576 0
577 0
578 0
579 0
580 1.2e-07
581 0
582 0
583 0
584 4e-08
585 0
586 4e-08
587 4e-08
588 4e-08
589 4e-08
590 0
591 4e-08
592 0
593 0
594 4e-08
595 4e-08
596 4e-08
597 8e-08
598 0
599 0
600 0
601 4e-08
602 0
603 0
604 0
605 4e-08
606 0
607 8e-08
608 4e-08
609 0
610 4e-08
611 4e-08
612 0
613 0
614 0
615 4e-08
616 0
617 0
618 0
619 0
620 0
621 8e-08
622 3.9602e-08
623 4e-08
624 4e-08
625 0
626 8e-08
627 1.2e-07
628 0
629 0
630 8e-08
631 0
632 0
633 8e-08
634 0
635 4e-08
636 0
637 4e-08
638 4e-08
639 4e-08
640 0
641 0
642 0
643 0
644 0
645 4e-08
646 8e-08
647 4e-08
648 4e-08
649 0
650 0
651 4e-08
652 4e-08
653 4e-08
654 0
655 8e-08
656 0
657 0
658 0
659 4e-08
660 0
661 4e-08
662 0
663 8e-08
664 0
665 0
666 4e-08
667 4e-08
668 8e-08
669 8e-08
670 4e-08
671 8e-08
672 0
673 0
674 0
675 4e-08
676 4e-08
677 0
678 0
679 0
680 4e-08
681 0
682 0
683 0
684 0
685 4e-08
686 4e-08
687 4e-08
688 0
689 0
690 0
691 4e-08
692 4e-08
693 0
694 0
695 0
696 0
697 0
698 4e-08
699 0
700 0
701 4e-08
702 0
703 0
704 4e-08
705 0
706 0
707 4e-08
708 8e-08
709 0
710 0
711 0
712 4e-08
713 1.2e-07
714 4e-08
715 0
716 0
717 4e-08
718 8e-08
719 0
720 0
721 0
722 0
723 0
724 8e-08
725 0
726 0
727 4e-08
728 0
729 0
730 0
731 0
732 4e-08
733 0
734 0
735 0
736 0
737 0
738 0
739 0
740 0
741 0
742 8e-08
743 0
744 4e-08
745 0
746 4e-08
747 4e-08
748 0
749 0
750 4e-08
751 0
752 0
753 0
754 4e-08
755 0
756 4e-08
757 4e-08
758 0
759 0
760 0
761 0
762 4e-08
763 8e-08
764 8e-08
765 4e-08
766 0
767 0
768 0
769 8e-08
770 4e-08
771 4e-08
772 4e-08
773 4e-08
774 8e-08
775 0
776 0
777 0
778 4e-08
779 4e-08
780 0
781 0
782 0
783 0
784 0
785 0
786 0
787 0
788 4e-08
789 0
790 4e-08
791 0
792 0
793 0
794 0
795 4e-08
796 0
797 0
798 0
799 0
800 0
801 0
802 0
803 0
804 4e-08
805 0
806 0
807 0
808 0
809 0
810 0
811 4e-08
812 0
813 0
814 0
815 8e-08
816 4e-08
817 4e-08
818 0
819 4e-08
820 0
821 0
822 4e-08
823 4e-08
824 0
825 0
826 4e-08
827 0
828 8e-08
829 4e-08
830 0
831 4e-08
832 0
833 0
834 4e-08
835 4e-08
836 8e-08
837 4e-08
838 0
839 4e-08
840 4e-08
841 0
842 0
843 4e-08
844 8e-08
845 0
846 0
847 0
848 4e-08
849 4e-08
850 0
851 4e-08
852 4e-08
853 0
854 0
855 4e-08
856 0
857 4e-08
858 0
859 0
860 0
861 0
862 8e-08
863 0
864 0
865 0
866 0
867 0
868 4e-08
869 4e-08
870 0
871 0
872 4e-08
873 0
874 0
875 8e-08
876 0
877 0
878 0
879 0
880 0
881 0
882 0
883 0
884 0
885 0
886 0
887 0
888 0
889 4e-08
890 0
891 0
892 0
893 0
894 4e-08
895 0
896 0
897 1.2e-07
898 0
899 4e-08
900 0
901 0
902 0
903 0
904 0
905 0
906 0
907 0
908 0
909 0
910 4e-08
911 4e-08
912 4e-08
913 0
914 0
915 0
916 0
917 0
918 0
919 0
920 0
921 4e-08
922 0
923 0
924 0
925 0
926 0
927 0
928 4e-08
929 4e-08
930 0
931 0
932 0
933 8e-08
934 0
935 8e-08
936 4e-08
937 0
938 0
939 4e-08
940 4e-08
941 0
942 0
943 4e-08
944 4e-08
945 0
946 0
947 0
948 4e-08
949 4e-08
950 0
951 4e-08
952 4e-08
953 0
954 0
955 0
956 4e-08
957 1.2e-07
958 0
959 4e-08
960 4e-08
961 0
962 0
963 0
964 0
965 8e-08
966 0
967 0
968 0
969 0
970 0
971 0
972 0
973 0
974 4e-08
975 0
976 4e-08
977 0
978 4e-08
979 0
980 8e-08
981 0
982 0
983 0
984 0
985 0
986 0
987 0
988 4e-08
989 0
990 0
991 0
992 0
993 0
994 4e-08
995 0
996 0
997 0
998 0
999 0
