0 0
1 9.36e-06
2 6.6e-06
3 4e-06
4 3.36e-06
5 2e-06
6 2.4e-06
7 2.08e-06
8 1.5196e-06
9 1.52e-06
10 1.44e-06
11 1.0396e-06
12 1.16e-06
13 8e-07
14 8e-07
15 4.4e-07
16 1.12e-06
17 4.4e-07
18 5.6e-07
19 8.79602e-07
20 5.6e-07
21 6.39602e-07
22 4e-07
23 6e-07
24 5.6e-07
25 2.4e-07
26 4.8e-07
27 2.4e-07
28 3.2e-07
29 4.4e-07
30 3.6e-07
31 3.6e-07
32 4.8e-07
33 2.8e-07
34 4.4e-07
35 3.6e-07
36 3.2e-07
37 3.6e-07
38 5.2e-07
39 2.8e-07
40 5.6e-07
41 4e-07
42 3.6e-07
43 2e-07
44 2e-07
45 3.2e-07
46 3.19602e-07
47 4.4e-07
48 2.8e-07
49 2.8e-07
50 3.2e-07
51 2.4e-07
52 3.6e-07
53 3.2e-07
54 2.4e-07
55 3.6e-07
56 5.19602e-07
57 1.2e-07
58 2e-07
59 2.8e-07
60 3.99602e-07
61 1.2e-07
62 8e-08
63 1.2e-07
64 1.6e-07
65 1.6e-07
66 2.8e-07
67 2.8e-07
68 1.2e-07
69 2.4e-07
70 1.2e-07
71 1.2e-07
72 1.2e-07
73 2.4e-07
74 2.79602e-07
75 2.4e-07
76 2e-07
77 4e-08
78 2e-07
79 4e-07
80 1.2e-07
81 2.4e-07
82 2e-07
83 8e-08
84 2e-07
85 8e-08
86 1.6e-07
87 1.19602e-07
88 0
89 2e-07
90 2e-07
91 1.59602e-07
92 0
93 1.2e-07
94 2e-07
95 2e-07
96 1.2e-07
97 8e-08
98 1.2e-07
99 4e-08
100 2.4e-07
101 2e-07
102 1.2e-07
103 0
104 8e-08
105 1.2e-07
106 4e-08
107 8e-08
108 1.2e-07
109 4e-08
110 4e-08
111 0
112 1.2e-07
113 2e-07
114 4e-08
115 4e-08
116 1.6e-07
117 2e-07
118 4e-08
119 2.4e-07
120 2e-07
121 8e-08
122 4e-08
123 3.2e-07
124 4e-08
125 1.6e-07
126 1.6e-07
127 8e-08
128 1.2e-07
129 1.6e-07
130 1.99602e-07
131 8e-08
132 2e-07
133 8e-08
134 0
135 8e-08
136 2e-07
137 8e-08
138 4e-08
139 8e-08
140 4e-08
141 2.4e-07
142 1.2e-07
143 1.2e-07
144 1.2e-07
145 8e-08
146 1.6e-07
147 1.2e-07
148 8e-08
149 4e-08
150 0
151 1.6e-07
152 0
153 1.6e-07
154 0
155 8e-08
156 4e-08
157 1.6e-07
158 2e-07
159 3.6e-07
160 1.19602e-07
161 4e-08
162 2e-07
163 8e-08
164 8e-08
165 0
166 4e-08
167 8e-08
168 1.2e-07
169 4e-08
170 8e-08
171 4e-08
172 8e-08
173 1.2e-07
174 0
175 3.9602e-08
176 0
177 4e-08
178 0
179 0
180 8e-08
181 4e-08
182 0
183 8e-08
184 4e-08
185 4e-08
186 4e-08
187 1.2e-07
188 1.6e-07
189 0
190 0
191 8e-08
192 4e-08
193 4e-08
194 3.2e-07
195 1.2e-07
196 8e-08
197 8e-08
198 0
199 0
200 1.2e-07
201 0
202 1.2e-07
203 8e-08
204 0
205 4e-08
206 0
207 1.6e-07
208 0
209 1.2e-07
210 8e-08
211 0
212 1.2e-07
213 0
214 0
215 8e-08
216 4e-08
217 4e-08
218 8e-08
219 4e-08
220 0
221 0
222 0
223 1.2e-07
224 4e-08
225 0
226 1.2e-07
227 0
228 0
229 4e-08
230 4e-08
231 4e-08
232 1.2e-07
233 0
234 4e-08
235 0
236 8e-08
237 0
238 1.2e-07
239 4e-08
240 4e-08
241 4e-08
242 4e-08
243 4e-08
244 1.6e-07
245 8e-08
246 8e-08
247 4e-08
248 4e-08
249 4e-08
250 4e-08
251 0
252 0
253 0
254 4e-08
255 8e-08
256 8e-08
257 0
258 8e-08
259 4e-08
260 0
261 0
262 8e-08
263 0
264 8e-08
265 4e-08
266 1.6e-07
267 4e-08
268 0
269 0
270 8e-08
271 1.2e-07
272 0
273 4e-08
274 8e-08
275 0
276 0
277 4e-08
278 4e-08
279 0
280 0
281 1.2e-07
282 1.2e-07
283 0
284 4e-08
285 8e-08
286 4e-08
287 4e-08
288 0
289 4e-08
290 4e-08
291 4e-08
292 4e-08
293 4e-08
294 3.9602e-08
295 4e-08
296 0
297 4e-08
298 4e-08
299 0
300 4e-08
301 8e-08
302 4e-08
303 8e-08
304 1.2e-07
305 0
306 8e-08
307 0
308 0
309 0
310 8e-08
311 8e-08
312 4e-08
313 8e-08
314 4e-08
315 0
316 0
317 8e-08
318 0
319 4e-08
320 4e-08
321 0
322 0
323 8e-08
324 0
325 4e-08
326 4e-08
327 0
328 0
329 4e-08
330 0
331 8e-08
332 8e-08
333 4e-08
334 4e-08
335 4e-08
336 4e-08
337 0
338 1.6e-07
339 4e-08
340 0
341 4e-08
342 0
343 4e-08
344 1.2e-07
345 0
346 8e-08
347 4e-08
348 0
349 8e-08
350 4e-08
351 1.2e-07
352 4e-08
353 3.9602e-08
354 0
355 4e-08
356 0
357 0
358 0
359 8e-08
360 4e-08
361 4e-08
362 0
363 0
364 0
365 0
366 8e-08
367 0
368 0
369 4e-08
370 8e-08
371 4e-08
372 0
373 0
374 0
375 4e-08
376 0
377 1.2e-07
378 0
379 4e-08
380 4e-08
381 0
382 0
383 0
384 8e-08
385 1.2e-07
386 4e-08
387 4e-08
388 3.9602e-08
389 0
390 8e-08
391 0
392 0
393 0
394 4e-08
395 0
396 8e-08
397 0
398 4e-08
399 4e-08
400 0
401 0
402 0
403 0
404 0
405 4e-08
406 0
407 4e-08
408 1.2e-07
409 4e-08
410 0
411 8e-08
412 4e-08
413 0
414 0
415 4e-08
416 0
417 4e-08
418 0
419 0
420 0
421 4e-08
422 0
423 0
424 4e-08
425 0
426 4e-08
427 0
428 4e-08
429 0
430 0
431 1.2e-07
432 4e-08
433 0
434 1.6e-07
435 4e-08
436 0
437 8e-08
438 0
439 8e-08
440 4e-08
441 0
442 4e-08
443 0
444 0
445 0
446 4e-08
447 4e-08
448 4e-08
449 0
450 0
451 4e-08
452 0
453 0
454 0
455 4e-08
456 0
457 0
458 8e-08
459 0
460 8e-08
461 0
462 0
463 4e-08
464 4e-08
465 4e-08
466 4e-08
467 8e-08
468 4e-08
469 8e-08
470 8e-08
471 0
472 0
473 4e-08
474 0
475 4e-08
476 4e-08
477 4e-08
478 0
479 0
480 0
481 0
482 0
483 0
484 1.2e-07
485 4e-08
486 4e-08
487 4e-08
488 8e-08
489 0
490 3.9602e-08
491 8e-08
492 0
493 0
494 0
495 0
496 0
497 4e-08
498 0
499 4e-08
500 0
501 8e-08
502 4e-08
503 0
504 0
505 0
506 4e-08
507 0
508 8e-08
509 0
510 0
511 0
512 0
513 4e-08
514 0
515 4e-08
516 4e-08
517 4e-08
518 4e-08
519 4e-08
520 4e-08
521 4e-08
522 0
523 4e-08
524 0
525 8e-08
526 4e-08
527 0
528 4e-08
529 4e-08
530 4e-08
531 0
532 0
533 4e-08
534 0
535 0
536 0
537 0
538 0
539 0
540 4e-08
541 0
542 0
543 0
544 0
545 0
546 0
547 0
548 0
549 0
550 0
551 0
552 4e-08
553 0
554 0
555 4e-08
556 4e-08
557 4e-08
558 0
559 0
560 0
561 0
562 0
563 0
564 4e-08
565 0
566 0
567 0
568 4e-08
569 1.2e-07
570 4e-08
571 4e-08
572 8e-08
573 0
574 0
575 4e-08
576 0
577 0
578 0
579 4e-08
580 0
581 8e-08
582 4e-08
583 8e-08
584 0
585 4e-08
586 8e-08
587 0
588 4e-08
589 0
590 4e-08
591 0
592 0
593 0
594 4e-08
595 8e-08
596 0
597 0
598 4e-08
599 4e-08
600 4e-08
601 0
602 4e-08
603 4e-08
604 0
605 0
606 0
607 0
608 4e-08
609 4e-08
610 0
611 0
612 0
613 0
614 0
615 0
616 0
617 4e-08
618 0
619 0
620 0
621 0
622 0
623 0
624 0
625 0
626 4e-08
627 0
628 0
629 4e-08
630 8e-08
631 4e-08
632 4e-08
633 4e-08
634 0
635 0
636 4e-08
637 0
638 4e-08
639 0
640 0
641 4e-08
642 4e-08
643 8e-08
644 4e-08
645 4e-08
646 0
647 0
648 0
649 4e-08
650 0
651 0
652 4e-08
653 8e-08
654 0
655 0
656 8e-08
657 0
658 0
659 0
660 0
661 4e-08
662 0
663 0
664 8e-08
665 0
666 8e-08
667 0
668 0
669 8e-08
670 4e-08
671 4e-08
672 4e-08
673 7.9602e-08
674 0
675 4e-08
676 0
677 4e-08
678 0
679 4e-08
680 0
681 4e-08
682 4e-08
683 0
684 3.9602e-08
685 0
686 0
687 0
688 4e-08
689 4e-08
690 0
691 0
692 0
693 0
694 0
695 0
696 4e-08
697 4e-08
698 0
699 0
700 0
701 4e-08
702 0
703 0
704 0
705 0
706 0
707 0
708 0
709 0
710 0
711 0
712 4e-08
713 4e-08
714 0
715 0
716 0
717 0
718 0
719 0
720 0
721 4e-08
722 0
723 0
724 4e-08
725 4e-08
726 0
727 0
728 0
729 0
730 0
731 8e-08
732 4e-08
733 4e-08
734 0
735 4e-08
736 4e-08
737 4e-08
738 0
739 0
740 0
741 4e-08
742 0
743 0
744 0
745 0
746 0
747 0
748 0
749 0
750 0
751 0
752 0
753 4e-08
754 4e-08
755 4e-08
756 0
757 0
758 4e-08
759 0
760 0
761 0
762 0
763 0
764 0
765 0
766 4e-08
767 4e-08
768 0
769 0
770 0
771 0
772 0
773 0
774 4e-08
775 0
776 0
777 0
778 0
779 0
780 4e-08
781 0
782 0
783 4e-08
784 0
785 4e-08
786 4e-08
787 8e-08
788 0
789 0
790 0
791 4e-08
792 4e-08
793 0
794 4e-08
795 0
796 0
797 0
798 1.2e-07
799 0
800 0
801 4e-08
802 8e-08
803 0
804 0
805 0
806 4e-08
807 8e-08
808 4e-08
809 0
810 0
811 4e-08
812 0
813 4e-08
814 4e-08
815 0
816 0
817 4e-08
818 0
819 0
820 4e-08
821 4e-08
822 0
823 0
824 0
825 0
826 0
827 4e-08
828 0
829 0
830 0
831 4e-08
832 0
833 4e-08
834 4e-08
835 0
836 0
837 0
838 0
839 0
840 4e-08
841 0
842 0
843 0
844 8e-08
845 0
846 0
847 0
848 0
849 4e-08
850 0
851 0
852 0
853 4e-08
854 0
855 4e-08
856 4e-08
857 0
858 4e-08
859 4e-08
860 0
861 0
862 0
863 4e-08
864 0
865 0
866 0
867 4e-08
868 0
869 0
870 4e-08
871 0
872 0
873 4e-08
874 4e-08
875 4e-08
876 4e-08
877 4e-08
878 0
879 4e-08
880 0
881 0
882 0
883 0
884 0
885 4e-08
886 8e-08
887 0
888 7.9602e-08
889 0
890 0
891 0
892 0
893 0
894 0
895 0
896 8e-08
897 0
898 0
899 0
900 0
901 0
902 4e-08
903 0
904 4e-08
905 0
906 4e-08
907 0
908 0
909 4e-08
910 4e-08
911 4e-08
912 0
913 0
914 0
915 0
916 0
917 3.9602e-08
918 4e-08
919 4e-08
920 0
921 0
922 0
923 4e-08
924 0
925 0
926 0
927 8e-08
928 0
929 0
930 0
931 0
932 4e-08
933 0
934 0
935 4e-08
936 0
937 0
938 4e-08
939 0
940 4e-08
941 0
942 0
943 1.2e-07
944 0
945 4e-08
946 0
947 0
948 4e-08
949 4e-08
950 4e-08
951 0
952 0
953 0
954 0
955 0
956 0
957 0
958 0
959 0
960 0
961 4e-08
962 0
963 4e-08
964 0
965 8e-08
966 0
967 0
968 8e-08
969 0
970 4e-08
971 0
972 0
973 0
974 4e-08
975 0
976 0
977 0
978 4e-08
979 4e-08
980 0
981 0
982 0
983 8e-08
984 4e-08
985 0
986 0
987 0
988 0
989 0
990 0
991 0
992 0
993 0
994 0
995 0
996 4e-08
997 0
998 0
999 0
