0 0
1 0
2 0
3 0
4 0
5 0
6 0
7 8e-07
8 8e-07
9 0
10 0
11 8e-07
12 8e-07
13 0
14 8e-07
15 0
16 0
17 0
18 8e-07
19 0
20 0
21 0
22 0
23 0
24 0
25 0
26 8e-07
27 8e-07
28 8e-07
29 0
30 1.6e-06
31 0
32 0
33 8e-07
34 1.6e-06
35 0
36 8e-07
37 0
38 8e-07
39 8e-07
40 0
41 0
42 8e-07
43 1.6e-06
44 8e-07
45 3.2e-06
46 0
47 0
48 2.4e-06
49 0
50 1.8943e-06
51 8e-07
52 1.6e-06
53 1.6e-06
54 8e-07
55 1.6e-06
56 0
57 8e-07
58 8e-07
59 1.6e-06
60 8e-07
61 8e-07
62 2.4e-06
63 0
64 8e-07
65 2.4e-06
66 8e-07
67 8e-07
68 2.4e-06
69 0
70 8e-07
71 2.4e-06
72 1.6e-06
73 4.8e-06
74 2.4e-06
75 4e-06
76 0
77 8e-07
78 2.4e-06
79 3.2e-06
80 4e-06
81 8e-07
82 2.4e-06
83 8e-07
84 2.4e-06
85 1.6e-06
86 1.6e-06
87 8e-07
88 0
89 8e-07
90 8e-07
91 1.6e-06
92 1.6e-06
93 2.4e-06
94 0
95 3.2e-06
96 1.6e-06
97 1.6e-06
98 0
99 1.6e-06
100 8e-07
101 0
102 1.6e-06
103 1.6e-06
104 4e-06
105 8e-07
106 1.6e-06
107 2.4e-06
108 4e-06
109 2.4e-06
110 0
111 4e-06
112 1.6e-06
113 2.4e-06
114 8e-07
115 4e-06
116 1.6e-06
117 1.6e-06
118 1.6e-06
119 1.6e-06
120 1.6e-06
121 0
122 1.6e-06
123 1.6e-06
124 8e-07
125 2.4e-06
126 8e-07
127 1.6e-06
128 2.4e-06
129 8e-07
130 1.0943e-06
131 2.4e-06
132 3.2e-06
133 3.2e-06
134 2.4e-06
135 4.8e-06
136 3.2e-06
137 1.6e-06
138 1.6e-06
139 3.2e-06
140 1.6e-06
141 8e-07
142 4.8e-06
143 2.4e-06
144 8e-07
145 8e-07
146 2.4e-06
147 4e-06
148 1.6e-06
149 3.2e-06
150 1.6e-06
151 1.6e-06
152 8e-07
153 8e-07
154 2.4e-06
155 4e-06
156 4e-06
157 4e-06
158 2.4e-06
159 1.6e-06
160 2.4e-06
161 2.4e-06
162 8e-07
163 3.2e-06
164 1.6e-06
165 2.4e-06
166 2.4e-06
167 5.6e-06
168 2.4e-06
169 2.4e-06
170 5.6e-06
171 6.4e-06
172 4e-06
173 4.8e-06
174 3.2e-06
175 2.4e-06
176 8e-07
177 1.6e-06
178 4e-06
179 8e-07
180 3.2e-06
181 2.4e-06
182 3.2e-06
183 3.2e-06
184 2.4e-06
185 1.6e-06
186 1.6e-06
187 4.8e-06
188 2.4e-06
189 5.6e-06
190 3.2e-06
191 2.4e-06
192 1.6e-06
193 3.2e-06
194 2.4e-06
195 4.8e-06
196 3.2e-06
197 1.6e-06
198 4.2943e-06
199 1.6e-06
200 6.4e-06
201 1.6e-06
202 4e-06
203 2.4e-06
204 3.2e-06
205 1.6e-06
206 4.8e-06
207 1.6e-06
208 3.2e-06
209 2.4e-06
210 5.6e-06
211 1.6e-06
212 8e-07
213 0
214 1.6e-06
215 3.2e-06
216 5.6e-06
217 4e-06
218 3.2e-06
219 4.8e-06
220 1.6e-06
221 2.4e-06
222 4.8e-06
223 0
224 6.4e-06
225 8e-07
226 4e-06
227 1.6e-06
228 2.4e-06
229 3.2e-06
230 1.6e-06
231 3.2e-06
232 5.6e-06
233 2.4e-06
234 4e-06
235 1.6e-06
236 3.2e-06
237 3.2e-06
238 0
239 2.4e-06
240 1.6e-06
241 4.8e-06
242 2.6943e-06
243 8e-07
244 2.4e-06
245 4.8e-06
246 2.4e-06
247 1.6e-06
248 1.6e-06
249 1.6e-06
250 2.4e-06
251 4e-06
252 2.6943e-06
253 0
254 4.8e-06
255 1.6e-06
256 1.6e-06
257 2.4e-06
258 4.8e-06
259 8e-07
260 3.2e-06
261 1.6e-06
262 8e-07
263 2.4e-06
264 0
265 4e-06
266 1.6e-06
267 5.6e-06
268 1.6e-06
269 1.6e-06
270 5.6e-06
271 3.2e-06
272 1.6e-06
273 3.2e-06
274 3.2e-06
275 4.8e-06
276 3.2e-06
277 5.6e-06
278 8e-07
279 4.8e-06
280 1.6e-06
281 0
282 3.2e-06
283 3.2e-06
284 1.6e-06
285 3.2e-06
286 2.4e-06
287 6.4e-06
288 1.6e-06
289 2.4e-06
290 3.2e-06
291 8e-07
292 8e-07
293 1.6e-06
294 6.4e-06
295 1.6e-06
296 0
297 5.6e-06
298 4.8e-06
299 1.6e-06
300 2.4e-06
301 1.6e-06
302 4.8e-06
303 3.2e-06
304 1.6e-06
305 8e-07
306 1.6e-06
307 0
308 8e-07
309 2.4e-06
310 4e-06
311 1.6e-06
312 8e-07
313 2.4e-06
314 4.8e-06
315 8e-07
316 4.8e-06
317 3.2e-06
318 3.2e-06
319 3.4943e-06
320 3.2e-06
321 1.6e-06
322 8e-07
323 4e-06
324 1.6e-06
325 2.4e-06
326 1.6e-06
327 1.6e-06
328 2.4e-06
329 8e-07
330 3.2e-06
331 3.2e-06
332 1.6e-06
333 2.4e-06
334 3.2e-06
335 1.6e-06
336 7.2e-06
337 4e-06
338 2.4e-06
339 4.8e-06
340 8e-07
341 8e-07
342 5.6e-06
343 1.6e-06
344 3.2e-06
345 3.2e-06
346 2.4e-06
347 1.6e-06
348 8e-07
349 1.6e-06
350 8e-07
351 2.4e-06
352 1.6e-06
353 2.4e-06
354 0
355 4e-06
356 3.2e-06
357 0
358 2.4e-06
359 3.2e-06
360 1.6e-06
361 3.2e-06
362 2.4e-06
363 2.4e-06
364 0
365 8e-07
366 4.8e-06
367 2.4e-06
368 1.6e-06
369 2.4e-06
370 2.4e-06
371 4e-06
372 3.2e-06
373 8e-07
374 8e-07
375 3.2e-06
376 2.4e-06
377 1.6e-06
378 2.4e-06
379 5.6e-06
380 3.2e-06
381 4e-06
382 4e-06
383 4.8e-06
384 4.8e-06
385 3.2e-06
386 2.4e-06
387 3.2e-06
388 3.2e-06
389 3.30827e-06
390 4.8e-06
391 1.6e-06
392 8e-07
393 2.4e-06
394 8e-07
395 7.2e-06
396 3.2e-06
397 4e-06
398 6.4e-06
399 2.4e-06
400 3.2e-06
401 4e-06
402 2.4e-06
403 4e-06
404 4.8e-06
405 2.4e-06
406 2.4e-06
407 8e-07
408 2.4e-06
409 3.2e-06
410 4e-06
411 3.2e-06
412 1.6e-06
413 4e-06
414 8e-07
415 8e-07
416 2.4e-06
417 2.4e-06
418 1.6e-06
419 4.8e-06
420 3.2e-06
421 2.4e-06
422 1.6e-06
423 3.2e-06
424 4e-06
425 4e-06
426 5.6e-06
427 8e-07
428 8e-07
429 2.6943e-06
430 1.6e-06
431 3.2e-06
432 1.6e-06
433 5.6e-06
434 2.4e-06
435 1.6e-06
436 4e-06
437 8e-07
438 2.6943e-06
439 8e-07
440 1.6e-06
441 2.4e-06
442 3.2e-06
443 2.4e-06
444 2.4e-06
445 3.2e-06
446 4e-06
447 0
448 2.4e-06
449 4.8e-06
450 2.4e-06
451 3.2e-06
452 8e-07
453 8e-07
454 4.8e-06
455 0
456 8e-07
457 2.4e-06
458 2.4e-06
459 2.4e-06
460 4e-06
461 1.6e-06
462 3.2e-06
463 4.8e-06
464 1.0943e-06
465 8e-07
466 0
467 8e-07
468 1.6e-06
469 5.6e-06
470 2.4e-06
471 4e-06
472 3.2e-06
473 1.6e-06
474 1.6e-06
475 2.4e-06
476 3.2e-06
477 0
478 1.6e-06
479 3.2e-06
480 2.4e-06
481 3.2e-06
482 0
483 3.2e-06
484 4.8e-06
485 8e-07
486 8e-07
487 0
488 2.6943e-06
489 8e-07
490 1.6e-06
491 8e-07
492 2.4e-06
493 8e-07
494 2.4e-06
495 8e-07
496 3.2e-06
497 4e-06
498 3.2e-06
499 1.6e-06
500 1.6e-06
501 8e-07
502 1.6e-06
503 2.4e-06
504 8e-07
505 1.6e-06
506 3.2e-06
507 2.4e-06
508 1.6e-06
509 3.2e-06
510 1.6e-06
511 2.4e-06
512 2.4e-06
513 1.6e-06
514 3.2e-06
515 4.8e-06
516 8e-07
517 1.6e-06
518 1.6e-06
519 2.4e-06
520 1.6e-06
521 1.6e-06
522 2.94304e-07
523 1.6e-06
524 0
525 8e-07
526 1.6e-06
527 2.4e-06
528 2.4e-06
529 3.2e-06
530 3.2e-06
531 1.6e-06
532 1.6e-06
533 1.6e-06
534 4e-06
535 8e-07
536 8e-07
537 0
538 2.4e-06
539 4e-06
540 2.4e-06
541 1.6e-06
542 1.6e-06
543 2.4e-06
544 2.4e-06
545 8e-07
546 3.2e-06
547 3.2e-06
548 2.4e-06
549 2.4e-06
550 1.6e-06
551 2.4e-06
552 2.4e-06
553 1.6e-06
554 8e-07
555 0
556 8e-07
557 2.4e-06
558 1.6e-06
559 2.4e-06
560 1.6e-06
561 3.2e-06
562 3.2e-06
563 4e-06
564 8e-07
565 2.4e-06
566 2.4e-06
567 2.6943e-06
568 4e-06
569 1.6e-06
570 8e-07
571 1.6e-06
572 1.6e-06
573 2.4e-06
574 1.6e-06
575 1.6e-06
576 0
577 1.6e-06
578 8e-07
579 8e-07
580 4e-06
581 8e-07
582 0
583 2.4e-06
584 8e-07
585 1.6e-06
586 8e-07
587 1.6e-06
588 1.6e-06
589 1.6e-06
590 1.6e-06
591 1.6e-06
592 0
593 3.2e-06
594 1.6e-06
595 3.2e-06
596 1.6e-06
597 2.6943e-06
598 8e-07
599 3.2e-06
600 4e-06
601 0
602 3.2e-06
603 8e-07
604 8e-07
605 2.4e-06
606 2.4e-06
607 4e-06
608 8e-07
609 2.4e-06
610 0
611 8e-07
612 1.6e-06
613 2.4e-06
614 1.6e-06
615 2.4e-06
616 2.4e-06
617 1.6e-06
618 1.6e-06
619 4e-06
620 4e-06
621 2.4e-06
622 1.6e-06
623 2.4e-06
624 8e-07
625 1.6e-06
626 1.6e-06
627 1.6e-06
628 2.4e-06
629 8e-07
630 8e-07
631 2.4e-06
632 2.4e-06
633 1.6e-06
634 0
635 8e-07
636 4e-06
637 1.6e-06
638 2.4e-06
639 8e-07
640 0
641 8e-07
642 3.2e-06
643 1.6e-06
644 2.4e-06
645 8e-07
646 8e-07
647 4.8e-06
648 3.2e-06
649 2.4e-06
650 1.6e-06
651 2.4e-06
652 4.8e-06
653 3.2e-06
654 8e-07
655 1.6e-06
656 1.6e-06
657 8e-07
658 8e-07
659 4e-06
660 2.4e-06
661 0
662 0
663 3.2e-06
664 2.4e-06
665 3.2e-06
666 8e-07
667 8e-07
668 0
669 8e-07
670 2.4e-06
671 1.6e-06
672 0
673 8e-07
674 1.6e-06
675 2.4e-06
676 0
677 2.4e-06
678 3.2e-06
679 0
680 8e-07
681 0
682 8e-07
683 4e-06
684 3.2e-06
685 2.4e-06
686 1.6e-06
687 1.6e-06
688 0
689 2.4e-06
690 2.4e-06
691 3.2e-06
692 1.6e-06
693 2.4e-06
694 1.6e-06
695 0
696 0
697 0
698 2.4e-06
699 4.8e-06
700 3.2e-06
701 1.0943e-06
702 1.6e-06
703 3.2e-06
704 8e-07
705 2.4e-06
706 1.6e-06
707 2.94304e-07
708 1.6e-06
709 8e-07
710 0
711 8e-07
712 0
713 8e-07
714 2.4e-06
715 2.4e-06
716 6.4e-06
717 3.2e-06
718 2.4e-06
719 4e-06
720 8e-07
721 8e-07
722 1.6e-06
723 0
724 4e-06
725 0
726 8e-07
727 2.4e-06
728 2.4e-06
729 1.6e-06
730 1.6e-06
731 1.6e-06
732 8e-07
733 1.6e-06
734 1.6e-06
735 1.6e-06
736 2.4e-06
737 1.6e-06
738 8e-07
739 8e-07
740 0
741 8e-07
742 2.4e-06
743 2.4e-06
744 8e-07
745 1.6e-06
746 8e-07
747 8e-07
748 8e-07
749 0
750 0
751 2.4e-06
752 2.4e-06
753 8e-07
754 8e-07
755 8e-07
756 1.6e-06
757 1.6e-06
758 1.6e-06
759 2.4e-06
760 1.6e-06
761 8e-07
762 5.6e-06
763 0
764 1.6e-06
765 8e-07
766 1.6e-06
767 8e-07
768 8e-07
769 1.6e-06
770 2.4e-06
771 2.4e-06
772 8e-07
773 0
774 1.6e-06
775 1.6e-06
776 2.4e-06
777 8e-07
778 3.2e-06
779 4.8e-06
780 1.6e-06
781 2.94304e-07
782 1.6e-06
783 1.6e-06
784 2.4e-06
785 8e-07
786 3.2e-06
787 8e-07
788 1.6e-06
789 1.6e-06
790 8e-07
791 4e-06
792 1.0943e-06
793 8e-07
794 0
795 8e-07
796 8e-07
797 1.6e-06
798 3.4943e-06
799 1.6e-06
800 3.2e-06
801 8e-07
802 2.6943e-06
803 8e-07
804 3.2e-06
805 2.6943e-06
806 2.4e-06
807 0
808 8e-07
809 1.6e-06
810 0
811 1.6e-06
812 1.6e-06
813 8e-07
814 1.6e-06
815 4e-06
816 8e-07
817 1.6e-06
818 2.4e-06
819 1.6e-06
820 8e-07
821 8e-07
822 2.4e-06
823 1.6e-06
824 2.4e-06
825 2.4e-06
826 1.6e-06
827 2.4e-06
828 0
829 1.6e-06
830 1.6e-06
831 2.4e-06
832 1.8943e-06
833 8e-07
834 3.2e-06
835 1.6e-06
836 1.6e-06
837 8e-07
838 2.4e-06
839 1.6e-06
840 1.6e-06
841 2.4e-06
842 2.4e-06
843 8e-07
844 1.6e-06
845 8e-07
846 8e-07
847 0
848 3.2e-06
849 4e-06
850 1.6e-06
851 1.6e-06
852 4e-06
853 2.4e-06
854 1.6e-06
855 2.4e-06
856 1.6e-06
857 3.2e-06
858 4.8e-06
859 1.6e-06
860 0
861 8e-07
862 1.6e-06
863 2.4e-06
864 8e-07
865 0
866 0
867 0
868 4e-06
869 1.6e-06
870 8e-07
871 1.6e-06
872 3.2e-06
873 4e-06
874 2.4e-06
875 2.4e-06
876 0
877 8e-07
878 1.6e-06
879 0
880 1.6e-06
881 1.6e-06
882 1.6e-06
883 0
884 8e-07
885 0
886 1.6e-06
887 1.6e-06
888 8e-07
889 1.6e-06
890 1.6e-06
891 0
892 1.6e-06
893 0
894 0
895 2.4e-06
896 1.6e-06
897 8e-07
898 1.6e-06
899 1.6e-06
900 2.4e-06
901 1.6e-06
902 0
903 8e-07
904 8e-07
905 1.6e-06
906 0
907 8e-07
908 1.6e-06
909 8e-07
910 8e-07
911 4e-06
912 1.6e-06
913 0
914 2.4e-06
915 0
916 3.2e-06
917 0
918 0
919 8e-07
920 1.6e-06
921 1.6e-06
922 8e-07
923 1.6e-06
924 8e-07
925 0
926 2.4e-06
927 0
928 8e-07
929 0
930 8e-07
931 2.4e-06
932 1.6e-06
933 1.6e-06
934 0
935 3.2e-06
936 2.4e-06
937 1.6e-06
938 2.4e-06
939 2.4e-06
940 0
941 1.0943e-06
942 1.6e-06
943 0
944 8e-07
945 1.6e-06
946 0
947 8e-07
948 8e-07
949 1.6e-06
950 2.4e-06
951 0
952 1.6e-06
953 0
954 8e-07
955 2.4e-06
956 0
957 2.4e-06
958 1.6e-06
959 0
960 8e-07
961 1.6e-06
962 0
963 1.0943e-06
964 8e-07
965 8e-07
966 8e-07
967 1.6e-06
968 1.6e-06
969 0
970 1.6e-06
971 8e-07
972 0
973 8e-07
974 0
975 1.6e-06
976 0
977 3.2e-06
978 1.6e-06
979 0
980 1.6e-06
981 0
982 8e-07
983 8e-07
984 2.4e-06
985 1.6e-06
986 1.6e-06
987 0
988 2.4e-06
989 8e-07
990 2.4e-06
991 1.6e-06
992 2.4e-06
993 8e-07
994 0
995 8e-07
996 1.6e-06
997 1.6e-06
998 0
999 0
