0.79 1 1 0 0 0 0
0.79 1 2.71828 0 0.000632121 0 0.00126424
0.79 1 7.38906 0 0.000632121 0 0.00126424
0.79 1 20.0855 0 0.000632121 0 0.00126424
0.79 1 54.5982 0 0.000632121 0 0.00126424
0.79 1 148.413 0 0.00126424 0.000632121 0.00189636
0.79 1 403.429 0 0.00189636 0.000632121 0.0031606
0.79 1 1096.63 0 0.00189636 0.000632121 0.0031606
0.79 1 2980.96 0 0.00189636 0.000632121 0.0031606
0.79 1 8103.08 0 0.00189636 0.000632121 0.0031606
0.79 1 22026.5 0 0.00189636 0.000632121 0.0031606
0.79 1 59874.1 0 0.00189636 0.000632121 0.0031606
0.79 1 162755 0 0.00189636 0.000632121 0.0031606
0.79 1 442413 0 0.00189636 0.000632121 0.0031606
