1.65 0.01 0.001 0 -8.24031173620866 -8.25116257929965 -8.2296298760158
1.65 0.01 0.001 0.993251773010283 -8.24535471856327 -8.2561413262296 -8.23469452965661
1.65 0.01 0.001 2.00012773496011 -8.2248594547494 -8.23555811524956 -8.214366381638
1.65 0.01 0.001 3.00022217882684 -8.22308804116468 -8.2339183164077 -8.21239960947977
1.65 0.01 0.001 4.00003388275086 -8.24055437183938 -8.25097482508852 -8.22964862841845
1.65 0.01 0.001 4.99997871390773 -8.24885067849307 -8.25969072636565 -8.23804366784563
1.65 0.01 0.001 6.00000299062804 -8.28366771922892 -8.29445772335667 -8.27269527619561
1.65 0.01 0.001 6.9999971198819 -8.42309738502856 -8.43477945071057 -8.41166269020677
1.65 0.01 0.001 8.00000067527204 -8.6945689986172 -8.70721028302762 -8.6820265618733
1.65 0.01 0.001 8.99999951529857 -9.34848352529763 -9.36473358121132 -9.33294878104356
1.65 0.01 0.001 9.99997885272489 -10.820373461493 -10.8488312646014 -10.7932921591745
1.65 0.01 0.001 10.9999976331124 -13.7179302296254 -13.7700879624565 -13.6671422783217
1.65 0.01 0.001 12.0000012815651 -16.7187183463427 -16.9662745660269 -16.519336195116
1.65 0.01 0.01 0 -9.23052573250538 -9.24788441153256 -9.21374716852312
1.65 0.01 0.01 0.993251773010283 -9.25912943614622 -9.27633702233432 -9.24172268580485
1.65 0.01 0.01 2.00012773496011 -9.22404789223405 -9.24116975105873 -9.20757420135622
1.65 0.01 0.01 3.00022217882684 -9.22052000911803 -9.23734986646581 -9.20386140587847
1.65 0.01 0.01 4.00003388275086 -9.24816893462082 -9.26567656471696 -9.23139344074854
1.65 0.01 0.01 4.99997871390773 -9.25339506544813 -9.27020927941667 -9.2366494403275
1.65 0.01 0.01 6.00000299062804 -9.39193299450728 -9.40989313699994 -9.37424378884622
1.65 0.01 0.01 6.9999971198819 -9.74591815177189 -9.76606225102465 -9.7263376792063
1.65 0.01 0.01 8.00000067527204 -10.5166966462797 -10.5421768513015 -10.4917775440859
1.65 0.01 0.01 8.99999951529857 -12.2706645014234 -12.3176949475376 -12.2253492512
1.65 0.01 0.01 9.99997885272489 -15.1122604198262 -15.3278580579671 -14.9444099039873
1.65 0.01 0.01 10.9999976331124 -18.7770043210562 -19.0519297610532 -18.5555215649327
1.65 0.01 0.01 12.0000012815651 -22.8504952452637 -24.991563866292 -22.2307339757968
1.65 0.01 0.1 0 -10.5276834624744 -10.5570679259941 -10.4986880319706
1.65 0.01 0.1 0.993251773010283 -10.5720435890681 -10.601820154184 -10.5422336728194
1.65 0.01 0.1 2.00012773496011 -10.5788262496465 -10.609015053985 -10.5489575690339
1.65 0.01 0.1 3.00022217882684 -10.5408557146291 -10.5702304155771 -10.5119443809352
1.65 0.01 0.1 4.00003388275086 -10.5668196530169 -10.5972789405531 -10.537660413456
1.65 0.01 0.1 4.99997871390773 -10.6105227263762 -10.6403525832284 -10.5814308993538
1.65 0.01 0.1 6.00000299062804 -10.9633715569665 -10.998887007885 -10.9299112813729
1.65 0.01 0.1 6.9999971198819 -12.0120201658605 -12.0601661414383 -11.9652919471355
1.65 0.01 0.1 8.00000067527204 -14.2381131779458 -14.3577150559651 -14.1276779644901
1.65 0.01 0.1 8.99999951529857 -17.0522118160657 -17.8264537514425 -16.6149148246204
1.65 0.01 0.1 9.99997885272489 -20.4055614774458 -24.1203357483453 -19.7257675376498
1.65 0.01 0.1 10.9999976331124 -40.5142927925104 -42.7383125361107 -39.8857169395711
1.65 0.01 0.1 12.0000012815651 -62.2438241016891 -83.4438242065816 -61.5506790748024
1.65 0.01 1 0 -13.277795711533 -13.3318136115865 -13.2239698372445
1.65 0.01 1 0.993251773010283 -13.3753606494443 -13.4338942518881 -13.3211619375171
1.65 0.01 1 2.00012773496011 -13.3789086053526 -13.4376633368928 -13.3228774184708
1.65 0.01 1 3.00022217882684 -13.2883117100003 -13.3458319815425 -13.2360753361512
1.65 0.01 1 4.00003388275086 -13.3780882316167 -13.43515131449 -13.3219124798649
1.65 0.01 1 4.99997871390773 -13.4294525553813 -13.4884755695599 -13.3726404867437
1.65 0.01 1 6.00000299062804 -14.0864849837135 -14.1686346707153 -14.0112031094167
1.65 0.01 1 6.9999971198819 -16.6463709723319 -16.9301502490551 -16.4232331874504
1.65 0.01 1 8.00000067527204 -20.2547883716967 -21.0079258138659 -19.8179066371459
1.65 0.01 1 8.99999951529857 -25.0319081898387 -31.0343878489327 -24.3399995284956
1.65 0.01 1 9.99997885272489 -51.0343869263518 -95.0340507466599 -50.3412368284858
1.65 0.01 1 10.9999976331124 -238.643823713012 -260.64382352761 -237.950676532452
1.65 0.01 1 12.0000012815651 -454.643825331529 -666.64382428795 -453.950676744034
