0 -8.24031173620866 -8.25116257929965 -8.2296298760158
0.993251773010283 -8.24535471856327 -8.2561413262296 -8.23469452965661
2.00012773496011 -8.2248594547494 -8.23555811524956 -8.214366381638
3.00022217882684 -8.22308804116468 -8.2339183164077 -8.21239960947977
4.00003388275086 -8.24055437183938 -8.25097482508852 -8.22964862841845
4.99997871390773 -8.24885067849307 -8.25969072636565 -8.23804366784563
6.00000299062804 -8.28366771922892 -8.29445772335667 -8.27269527619561
6.9999971198819 -8.42309738502856 -8.43477945071057 -8.41166269020677
8.00000067527204 -8.6945689986172 -8.70721028302762 -8.6820265618733
8.99999951529857 -9.34848352529763 -9.36473358121132 -9.33294878104356
9.99997885272489 -10.820373461493 -10.8488312646014 -10.7932921591745
10.9999976331124 -13.7179302296254 -13.7700879624565 -13.6671422783217
12.0000012815651 -16.7187183463427 -16.9662745660269 -16.519336195116
