0 -0.431803436646461 -0.578828787119328 -0.284778086173594
0.993251773010283 -0.481760470857322 -0.631282484148671 -0.332238457565973
2.00012773496011 -0.620277832327073 -0.776465599041156 -0.464091925057575
3.00022217882684 -0.948754524517428 -1.12108932900993 -0.7764171375337
4.00003388275086 -1.74525190821618 -1.96457482160155 -1.5259289948308
4.99997871390773 -3.63036152039563 -4.04115732219594 -3.21956949124063
6.00000299062804 -7.1987521727218 -9.33236233327981 -5.06514201216379
6.9999971198819 -10.5033338432909 -18.520327955108 -2.48632515676371
8.00000067527204 -15.8712121358014 -38.3289123459528 6.58651932361747
8.99999951529857 -42.6224030481079 -66.3764461529531 -18.8683599432626
