0 0
1 1.136e-05
2 7.8e-06
3 6.52e-06
4 5.1996e-06
5 4.4796e-06
6 4.0796e-06
7 3.7192e-06
8 2.8796e-06
9 4.0396e-06
10 2.9992e-06
11 3.5596e-06
12 3.0392e-06
13 3.19881e-06
14 2.24e-06
15 2.72e-06
16 3.1196e-06
17 2.8e-06
18 1.8396e-06
19 2.6796e-06
20 2.8e-06
21 2.4e-06
22 2.36e-06
23 1.9192e-06
24 1.96e-06
25 1.9996e-06
26 1.68e-06
27 2.2e-06
28 2.16e-06
29 1.8796e-06
30 1.7996e-06
31 1.88e-06
32 1.84e-06
33 1.64e-06
34 1.7192e-06
35 1.8792e-06
36 1.9996e-06
37 1.84e-06
38 1.28e-06
39 1.6e-06
40 2.1596e-06
41 1.56e-06
42 1.4e-06
43 1.52e-06
44 1.84e-06
45 1.64e-06
46 1.2796e-06
47 1.71881e-06
48 1.4792e-06
49 1.12e-06
50 1.3196e-06
51 1.0796e-06
52 1.2396e-06
53 1.64e-06
54 1.4e-06
55 1.5196e-06
56 1.4792e-06
57 1.3596e-06
58 1.1996e-06
59 1.2e-06
60 1.04e-06
61 1.52e-06
62 1.4e-06
63 1.1196e-06
64 1.5192e-06
65 1.3996e-06
66 1.12e-06
67 1.35921e-06
68 1.19881e-06
69 1e-06
70 9.6e-07
71 1.48e-06
72 1.47881e-06
73 1.23921e-06
74 1.1996e-06
75 8.4e-07
76 1.3196e-06
77 1.0796e-06
78 1.1592e-06
79 1e-06
80 1.44e-06
81 7.2e-07
82 1.12e-06
83 1.08e-06
84 7.99602e-07
85 8.39602e-07
86 1.04e-06
87 1.08e-06
88 1.04e-06
89 1.04e-06
90 7.6e-07
91 1.04e-06
92 9.2e-07
93 9.99204e-07
94 1.12e-06
95 1.1596e-06
96 9.2e-07
97 1.04e-06
98 9.6e-07
99 8.4e-07
100 9.2e-07
101 1.1192e-06
102 6.39602e-07
103 1.2392e-06
104 8.39602e-07
105 7.2e-07
106 9.59602e-07
107 1.0396e-06
108 8.4e-07
109 1.0396e-06
110 8.4e-07
111 6.8e-07
112 8.79204e-07
113 6.8e-07
114 1.0392e-06
115 6.39602e-07
116 8.4e-07
117 8.39602e-07
118 1.0392e-06
119 1.08e-06
120 9.59602e-07
121 7.99602e-07
122 1e-06
123 8.79204e-07
124 1.0792e-06
125 9.2e-07
126 1.2392e-06
127 8.8e-07
128 7.6e-07
129 8.39602e-07
130 4.79602e-07
131 8.79602e-07
132 8.79602e-07
133 9.19602e-07
134 6.4e-07
135 9.19204e-07
136 6.39602e-07
137 8.8e-07
138 8.4e-07
139 8.4e-07
140 1.04e-06
141 7.19602e-07
142 1.1196e-06
143 9.59602e-07
144 6.8e-07
145 7.6e-07
146 7.2e-07
147 7.6e-07
148 8.39602e-07
149 5.2e-07
150 5.6e-07
151 9.99602e-07
152 7.19602e-07
153 6.4e-07
154 7.19602e-07
155 6.39602e-07
156 7.6e-07
157 5.6e-07
158 6.4e-07
159 8e-07
160 6e-07
161 6.79602e-07
162 6e-07
163 4.8e-07
164 6.4e-07
165 5.59602e-07
166 6.39602e-07
167 7.19602e-07
168 9.6e-07
169 5.2e-07
170 7.59602e-07
171 7.59602e-07
172 5.2e-07
173 8e-07
174 4e-07
175 7.19602e-07
176 7.2e-07
177 7.6e-07
178 7.99602e-07
179 6.4e-07
180 7.2e-07
181 5.99204e-07
182 7.6e-07
183 6.78408e-07
184 6.4e-07
185 4.8e-07
186 7.19602e-07
187 5.59602e-07
188 5.6e-07
189 7.6e-07
190 7.6e-07
191 4e-07
192 7.2e-07
193 4.39602e-07
194 6.39204e-07
195 3.99602e-07
196 9.19208e-07
197 5.2e-07
198 6.39204e-07
199 8.38806e-07
200 7.19602e-07
201 6.39602e-07
202 4.39204e-07
203 8.4e-07
204 3.59602e-07
205 8.7801e-07
206 5.59602e-07
207 5.2e-07
208 5.2e-07
209 7.6e-07
210 3.2e-07
211 6.4e-07
212 5.99602e-07
213 5.19602e-07
214 7.19602e-07
215 4.79602e-07
216 7.19602e-07
217 6.39602e-07
218 8.38412e-07
219 5.6e-07
220 6e-07
221 6.79602e-07
222 4.79602e-07
223 4.4e-07
224 7.19602e-07
225 6.4e-07
226 5.99602e-07
227 4e-07
228 6e-07
229 6.79204e-07
230 7.59204e-07
231 6e-07
232 3.6e-07
233 6.4e-07
234 6e-07
235 4.79602e-07
236 5.2e-07
237 7.2e-07
238 3.6e-07
239 4.39602e-07
240 5.19602e-07
241 5.99602e-07
242 4.4e-07
243 4.39602e-07
244 7.6e-07
245 6.8e-07
246 5.6e-07
247 6.38806e-07
248 6e-07
249 8.79204e-07
250 3.99602e-07
251 5.6e-07
252 4.8e-07
253 5.19602e-07
254 9.59204e-07
255 8.4e-07
256 2.8e-07
257 4.39602e-07
258 8.8e-07
259 4.79204e-07
260 8.39602e-07
261 4e-07
262 5.99602e-07
263 4e-07
264 3.99204e-07
265 3.99602e-07
266 8.39602e-07
267 4.39602e-07
268 4.39602e-07
269 4.4e-07
270 7.2e-07
271 5.6e-07
272 4.39602e-07
273 5.59602e-07
274 3.99204e-07
275 6.8e-07
276 3.99602e-07
277 6e-07
278 5.59602e-07
279 4.39602e-07
280 5.59602e-07
281 5.2e-07
282 4.4e-07
283 4e-07
284 7.19204e-07
285 5.2e-07
286 4.8e-07
287 3.6e-07
288 4.39204e-07
289 4.39602e-07
290 5.99204e-07
291 5.2e-07
292 3.59602e-07
293 6.8e-07
294 5.19204e-07
295 5.2e-07
296 5.2e-07
297 5.19602e-07
298 4e-07
299 4.8e-07
300 4.79602e-07
301 4.79204e-07
302 6.39602e-07
303 5.6e-07
304 6e-07
305 4.79602e-07
306 2e-07
307 3.99204e-07
308 5.19602e-07
309 6.39602e-07
310 5.5881e-07
311 3.19602e-07
312 5.6e-07
313 5.99602e-07
314 3.2e-07
315 9.59602e-07
316 4.39602e-07
317 6.4e-07
318 5.19602e-07
319 3.6e-07
320 5.99602e-07
321 3.19602e-07
322 6.4e-07
323 4.39204e-07
324 4.4e-07
325 7.59602e-07
326 6.4e-07
327 8.79204e-07
328 5.2e-07
329 5.19602e-07
330 6.4e-07
331 8.39602e-07
332 6.79602e-07
333 4.39602e-07
334 5.99602e-07
335 5.58806e-07
336 6.8e-07
337 2e-07
338 4.8e-07
339 5.19204e-07
340 2.79602e-07
341 5.59602e-07
342 2.8e-07
343 5.99602e-07
344 5.99204e-07
345 2.79602e-07
346 4.79602e-07
347 5.2e-07
348 3.6e-07
349 4.39602e-07
350 5.2e-07
351 6.79602e-07
352 8.79602e-07
353 6.79602e-07
354 2.4e-07
355 3.99204e-07
356 4.8e-07
357 4.79602e-07
358 3.6e-07
359 3.2e-07
360 3.2e-07
361 4.4e-07
362 4e-07
363 4.8e-07
364 4.39602e-07
365 2.8e-07
366 4.4e-07
367 5.19602e-07
368 4.4e-07
369 5.59602e-07
370 3.59602e-07
371 4.39204e-07
372 6.79602e-07
373 4.8e-07
374 4.39208e-07
375 2.8e-07
376 6e-07
377 6.38806e-07
378 3.2e-07
379 5.6e-07
380 4.8e-07
381 6.39602e-07
382 4.8e-07
383 4e-07
384 6.39602e-07
385 4.8e-07
386 4.79602e-07
387 3.19602e-07
388 3.6e-07
389 5.2e-07
390 5.59602e-07
391 3.6e-07
392 5.2e-07
393 6e-07
394 3.99602e-07
395 5.2e-07
396 2.4e-07
397 4.8e-07
398 4.4e-07
399 2e-07
400 6e-07
401 7.19602e-07
402 3.2e-07
403 5.2e-07
404 3.6e-07
405 3.6e-07
406 3.19204e-07
407 1.2e-07
408 5.6e-07
409 4e-07
410 5.6e-07
411 6e-07
412 5.19602e-07
413 6.39602e-07
414 3.6e-07
415 4.79204e-07
416 4.8e-07
417 3.99602e-07
418 6e-07
419 7.19204e-07
420 4e-07
421 4.38408e-07
422 2e-07
423 3.2e-07
424 2.8e-07
425 4e-07
426 5.99204e-07
427 2.8e-07
428 4.4e-07
429 4.4e-07
430 4.39602e-07
431 1.99602e-07
432 3.6e-07
433 6.8e-07
434 4.4e-07
435 4.38806e-07
436 5.6e-07
437 4.79602e-07
438 2.4e-07
439 2.8e-07
440 6.4e-07
441 4.39602e-07
442 4.8e-07
443 3.6e-07
444 4.79602e-07
445 2.8e-07
446 2.79602e-07
447 4.8e-07
448 2e-07
449 4.3881e-07
450 1.6e-07
451 3.6e-07
452 6e-07
453 4.4e-07
454 3.2e-07
455 2.8e-07
456 6.39204e-07
457 4e-07
458 3.19602e-07
459 3.6e-07
460 4.79602e-07
461 8e-07
462 2e-07
463 2.8e-07
464 4.8e-07
465 4.4e-07
466 3.6e-07
467 2.8e-07
468 5.99602e-07
469 1.59204e-07
470 3.59602e-07
471 2.8e-07
472 3.99602e-07
473 3.2e-07
474 4.79602e-07
475 3.6e-07
476 2.4e-07
477 4e-07
478 3.2e-07
479 3.19602e-07
480 5.6e-07
481 1.99602e-07
482 7.2e-07
483 5.59602e-07
484 5.2e-07
485 2.39204e-07
486 3.19204e-07
487 4.79204e-07
488 3.6e-07
489 5.19204e-07
490 2.8e-07
491 1.6e-07
492 4.79204e-07
493 3.19208e-07
494 3.6e-07
495 6.4e-07
496 5.18412e-07
497 4e-07
498 2e-07
499 4.8e-07
500 4.78806e-07
501 3.98806e-07
502 3.99602e-07
503 4e-07
504 1.2e-07
505 3.19602e-07
506 2.8e-07
507 3.19602e-07
508 3.19208e-07
509 2.4e-07
510 5.19602e-07
511 4.39602e-07
512 2.39602e-07
513 1.98818e-07
514 4.4e-07
515 2.8e-07
516 4.4e-07
517 2.8e-07
518 4.4e-07
519 3.9602e-08
520 3.6e-07
521 4e-07
522 2e-07
523 4.4e-07
524 4.4e-07
525 1.99602e-07
526 4e-07
527 3.2e-07
528 3.2e-07
529 3.59602e-07
530 3.2e-07
531 5.99602e-07
532 1.2e-07
533 3.19602e-07
534 2.79602e-07
535 2.4e-07
536 4.8e-07
537 3.19602e-07
538 3.2e-07
539 3.6e-07
540 1.6e-07
541 2.8e-07
542 3.6e-07
543 3.19204e-07
544 1.99602e-07
545 4.39602e-07
546 4e-07
547 1.6e-07
548 2.79602e-07
549 6.79204e-07
550 5.59204e-07
551 3.2e-07
552 4.8e-07
553 3.99204e-07
554 4.39602e-07
555 3.9881e-07
556 2.4e-07
557 4e-07
558 2.8e-07
559 3.2e-07
560 3.6e-07
561 2.8e-07
562 2.8e-07
563 2.39602e-07
564 4e-07
565 4e-07
566 1.99208e-07
567 3.2e-07
568 3.19602e-07
569 2.79602e-07
570 3.98806e-07
571 2.4e-07
572 6.79602e-07
573 4.8e-07
574 3.6e-07
575 4e-07
576 4e-07
577 2.4e-07
578 1.2e-07
579 2e-07
580 3.59204e-07
581 4e-07
582 4e-07
583 2.79602e-07
584 1.59204e-07
585 3.99204e-07
586 3.2e-07
587 2.8e-07
588 2.4e-07
589 2.79208e-07
590 1.2e-07
591 3.59602e-07
592 1.6e-07
593 3.6e-07
594 3.59602e-07
595 5.19204e-07
596 2.4e-07
597 2e-07
598 3.6e-07
599 2.8e-07
600 2.39602e-07
601 6.4e-07
602 3.6e-07
603 3.99602e-07
604 2.4e-07
605 3.2e-07
606 2e-07
607 3.59602e-07
608 5.59602e-07
609 3.2e-07
610 4.8e-07
611 5.6e-07
612 4.39602e-07
613 2.8e-07
614 2.8e-07
615 6e-07
616 3.6e-07
617 3.59602e-07
618 3.19204e-07
619 8e-08
620 4.79602e-07
621 8e-08
622 1.99602e-07
623 5.59602e-07
624 2.79204e-07
625 3.2e-07
626 4.4e-07
627 3.59602e-07
628 4.4e-07
629 1.99602e-07
630 3.59602e-07
631 2.4e-07
632 5.6e-07
633 4.79602e-07
634 3.2e-07
635 3.19204e-07
636 3.6e-07
637 3.59602e-07
638 5.98806e-07
639 2.39602e-07
640 2.4e-07
641 2e-07
642 4.39602e-07
643 3.6e-07
644 3.59204e-07
645 2.4e-07
646 2.39602e-07
647 3.2e-07
648 3.99204e-07
649 4.39602e-07
650 3.99602e-07
651 2.8e-07
652 2.4e-07
653 2.4e-07
654 1.2e-07
655 2e-07
656 3.59602e-07
657 3.2e-07
658 3.59602e-07
659 3.6e-07
660 3.6e-07
661 2.39204e-07
662 3.58014e-07
663 3.2e-07
664 4.39204e-07
665 3.58806e-07
666 2.79602e-07
667 3.2e-07
668 2e-07
669 2e-07
670 3.2e-07
671 3.99602e-07
672 2.8e-07
673 1.6e-07
674 5.99204e-07
675 3.59204e-07
676 1.99602e-07
677 3.19602e-07
678 4.39204e-07
679 2.79602e-07
680 8e-08
681 2.79208e-07
682 3.99602e-07
683 2.4e-07
684 1.19602e-07
685 3.99602e-07
686 4.4e-07
687 3.99602e-07
688 5.2e-07
689 4.39602e-07
690 3.2e-07
691 3.99602e-07
692 2.39602e-07
693 3.6e-07
694 1.6e-07
695 3.19602e-07
696 2.39602e-07
697 2.8e-07
698 2.8e-07
699 3.19602e-07
700 3.2e-07
701 3.59602e-07
702 3.2e-07
703 3.2e-07
704 3.19602e-07
705 5.2e-07
706 2e-07
707 2.4e-07
708 2.4e-07
709 2e-07
710 3.59602e-07
711 2.79602e-07
712 2e-07
713 3.2e-07
714 2.39204e-07
715 3.6e-07
716 2.8e-07
717 3.59602e-07
718 3.98022e-07
719 2.4e-07
720 2.4e-07
721 3.2e-07
722 2.4e-07
723 3.2e-07
724 1.99602e-07
725 3.19602e-07
726 3.6e-07
727 2.4e-07
728 1.2e-07
729 3.59602e-07
730 2.4e-07
731 3.6e-07
732 2.4e-07
733 3.6e-07
734 2.79602e-07
735 1.59602e-07
736 3.59602e-07
737 2.8e-07
738 1.99602e-07
739 2e-07
740 2.8e-07
741 2.79602e-07
742 1.99602e-07
743 4.79602e-07
744 1.59602e-07
745 5.6e-07
746 1.6e-07
747 3.2e-07
748 3.99602e-07
749 4.79204e-07
750 2.8e-07
751 5.19204e-07
752 1.6e-07
753 2e-07
754 3.99204e-07
755 2.4e-07
756 2.8e-07
757 2e-07
758 3.19204e-07
759 5.59204e-07
760 3.19602e-07
761 1.99602e-07
762 2.4e-07
763 3.59602e-07
764 1.2e-07
765 2.8e-07
766 4.79602e-07
767 1.6e-07
768 1.6e-07
769 3.6e-07
770 4.39602e-07
771 3.59602e-07
772 4.4e-07
773 3.99602e-07
774 3.2e-07
775 8e-08
776 4.39602e-07
777 3.99602e-07
778 3.2e-07
779 2e-07
780 2.4e-07
781 4.39602e-07
782 4.79602e-07
783 3.99602e-07
784 2.39204e-07
785 2.8e-07
786 2.8e-07
787 4.8e-07
788 3.2e-07
789 4.39204e-07
790 3.99602e-07
791 2.8e-07
792 2.8e-07
793 3.18806e-07
794 1.99204e-07
795 4.39204e-07
796 4e-07
797 1.2e-07
798 1.99602e-07
799 1.99602e-07
800 2.79602e-07
801 2.4e-07
802 2.4e-07
803 2.78806e-07
804 2e-07
805 1.2e-07
806 3.19602e-07
807 2.4e-07
808 2.39602e-07
809 1.6e-07
810 2.3881e-07
811 5.19602e-07
812 2e-07
813 1.2e-07
814 4.79602e-07
815 2.8e-07
816 2e-07
817 3.19602e-07
818 1.6e-07
819 2.8e-07
820 3.19208e-07
821 3.99602e-07
822 3.2e-07
823 4e-07
824 1.99602e-07
825 2e-07
826 3.2e-07
827 3.59602e-07
828 3.2e-07
829 6e-07
830 1.6e-07
831 2e-07
832 4.8e-07
833 5.99204e-07
834 3.59602e-07
835 5.19204e-07
836 3.6e-07
837 2.4e-07
838 2.79602e-07
839 2e-07
840 3.19602e-07
841 1.6e-07
842 2e-07
843 2.79602e-07
844 2e-07
845 2.39602e-07
846 2e-07
847 2.79602e-07
848 4e-07
849 3.6e-07
850 2e-07
851 4.8e-07
852 1.99602e-07
853 3.2e-07
854 4.39602e-07
855 2.79602e-07
856 3.19204e-07
857 1.99204e-07
858 2.4e-07
859 1.6e-07
860 2.8e-07
861 3.6e-07
862 5.2e-07
863 6e-07
864 1.2e-07
865 1.19602e-07
866 3.59204e-07
867 1.99602e-07
868 1.59602e-07
869 2.39602e-07
870 4.39204e-07
871 3.19204e-07
872 4.79602e-07
873 3.99602e-07
874 2.79602e-07
875 4.8e-07
876 4.39602e-07
877 2.79208e-07
878 4.38408e-07
879 1.99208e-07
880 2e-07
881 2e-07
882 2.79602e-07
883 2.79602e-07
884 1.6e-07
885 2.79602e-07
886 1.59602e-07
887 2.8e-07
888 2.79602e-07
889 2.8e-07
890 4.39602e-07
891 2.4e-07
892 2e-07
893 2.8e-07
894 1.99602e-07
895 3.59602e-07
896 2e-07
897 2.38018e-07
898 1.99602e-07
899 6e-07
900 3.59602e-07
901 2.79602e-07
902 2e-07
903 1.99602e-07
904 2.79602e-07
905 2.39602e-07
906 3.6e-07
907 2.4e-07
908 4.38806e-07
909 5.2e-07
910 3.19602e-07
911 2.8e-07
912 1.6e-07
913 2e-07
914 1.6e-07
915 1.6e-07
916 3.99602e-07
917 2.79602e-07
918 2.4e-07
919 3.19602e-07
920 3.59602e-07
921 2e-07
922 1.6e-07
923 2.8e-07
924 2.8e-07
925 2.39204e-07
926 2.4e-07
927 3.6e-07
928 2e-07
929 2.79602e-07
930 3.59204e-07
931 3.99602e-07
932 4e-08
933 2.79602e-07
934 3.19602e-07
935 3.2e-07
936 1.2e-07
937 2e-07
938 3.58412e-07
939 4e-07
940 2e-07
941 3.2e-07
942 1.2e-07
943 4.39602e-07
944 1.99204e-07
945 8e-08
946 1.59602e-07
947 2.8e-07
948 2.8e-07
949 2.4e-07
950 1.2e-07
951 2.4e-07
952 2e-07
953 2e-07
954 4.79204e-07
955 1.2e-07
956 1.6e-07
957 4.39602e-07
958 1.6e-07
959 2.79208e-07
960 3.2e-07
961 2.79208e-07
962 2.39602e-07
963 3.58806e-07
964 2.8e-07
965 3.99204e-07
966 2.39602e-07
967 3.99602e-07
968 1.59204e-07
969 2.39602e-07
970 2.4e-07
971 2.4e-07
972 4.4e-07
973 2.8e-07
974 1.99602e-07
975 2.4e-07
976 3.6e-07
977 1.99602e-07
978 4e-07
979 4e-07
980 1.2e-07
981 1.6e-07
982 2e-07
983 1.99602e-07
984 3.18806e-07
985 1.99602e-07
986 2.39204e-07
987 3.59602e-07
988 2.39602e-07
989 2.79602e-07
990 2.79602e-07
991 3.2e-07
992 2.4e-07
993 4e-07
994 2.8e-07
995 3.99204e-07
996 4.79602e-07
997 1.99602e-07
998 2.8e-07
999 0
