0 0
1 0.001192
2 0.000768
3 0.000652
4 0.000536
5 0.000501472
6 0.000422943
7 0.000408
8 0.000345472
9 0.000344
10 0.000332
11 0.00022
12 0.000297472
13 0.000269472
14 0.000273472
15 0.000250943
16 0.000310943
17 0.00022
18 0.000201472
19 0.000206943
20 0.000205472
21 0.000178943
22 0.000217472
23 0.000212
24 0.000202943
25 0.00022
26 0.000198943
27 0.000156
28 0.000204
29 0.000166943
30 0.000217472
31 0.000193472
32 0.000177472
33 0.000172
34 0.000165472
35 0.000196
36 0.000189472
37 0.00016
38 0.000144
39 0.000156
40 0.000158943
41 0.000146943
42 0.000141472
43 0.000181472
44 0.000196
45 0.000160415
46 0.000180415
47 0.000141472
48 9.2e-05
49 0.000136
50 0.000133472
51 0.000117472
52 0.000152
53 0.000128
54 0.000117472
55 0.000132
56 0.000145472
57 8.14715e-05
58 0.0001
59 0.000145472
60 9.34715e-05
61 8.54715e-05
62 0.000109472
63 0.000133472
64 0.000108
65 0.000126943
66 0.000104
67 0.000130013
68 6.6943e-05
69 0.000104
70 0.000128
71 0.000104
72 0.000113472
73 8.94715e-05
74 0.000112
75 0.000144
76 0.000109472
77 0.0001
78 8.4e-05
79 0.000109472
80 0.000164
81 0.000150943
82 8.4e-05
83 0.000101472
84 7.6e-05
85 0.0001
86 9.6e-05
87 0.000105472
88 8.94715e-05
89 6.94715e-05
90 0.000101472
91 9.6e-05
92 8.8e-05
93 0.000117472
94 8.84146e-05
95 8.54715e-05
96 9.2e-05
97 7.74715e-05
98 8.14715e-05
99 5.34715e-05
100 0.000130943
101 6.54715e-05
102 0.000106943
103 7.2e-05
104 8.14715e-05
105 9.2e-05
106 7.24146e-05
107 8.4e-05
108 8.4e-05
109 9.6e-05
110 0.000113472
111 8.14715e-05
112 7.6e-05
113 6.94715e-05
114 6.94715e-05
115 7.2e-05
116 8.6943e-05
117 8.2943e-05
118 6.2943e-05
119 6e-05
120 9.2e-05
121 9.2e-05
122 8e-05
123 9.2e-05
124 9.2e-05
125 9.74715e-05
126 0.000104
127 8.54715e-05
128 4.94715e-05
129 6.8e-05
130 8.14715e-05
131 0.000100415
132 7.2e-05
133 7.6e-05
134 0.000104
135 5.2e-05
136 6.4e-05
137 4.14715e-05
138 7.74715e-05
139 8.54715e-05
140 5.2e-05
141 9.2e-05
142 5.2e-05
143 9.2e-05
144 9.4943e-05
145 9.6e-05
146 9.0943e-05
147 6.8e-05
148 7.2e-05
149 0.000109472
150 9.8943e-05
151 7.24146e-05
152 8.14715e-05
153 7.4943e-05
154 8.54715e-05
155 6e-05
156 4.94715e-05
157 8.4e-05
158 8.4e-05
159 9.34715e-05
160 8.6943e-05
161 8.94715e-05
162 6e-05
163 6.2943e-05
164 6e-05
165 6e-05
166 6.54715e-05
167 5.8943e-05
168 6.8e-05
169 8.8e-05
170 6.94715e-05
171 5.74715e-05
172 5.8943e-05
173 7.34715e-05
174 9.74715e-05
175 8.8e-05
176 8.54715e-05
177 7.64146e-05
178 5.34715e-05
179 6e-05
180 4.8e-05
181 4.14715e-05
182 6.6943e-05
183 7.34715e-05
184 5.6e-05
185 0.000112
186 4.4e-05
187 4.4e-05
188 6e-05
189 5.8943e-05
190 5.6e-05
191 5.2e-05
192 0.000104
193 7.2e-05
194 7.74715e-05
195 7.34715e-05
196 4.54715e-05
197 6.4e-05
198 7.4943e-05
199 5.4943e-05
200 5.4943e-05
201 5.2e-05
202 8e-05
203 6.4e-05
204 6.4e-05
205 9.2e-05
206 6.14715e-05
207 3.2e-05
208 5.6e-05
209 6e-05
210 4.20129e-05
211 6.94715e-05
212 9.34715e-05
213 5.0943e-05
214 7.2e-05
215 5.6e-05
216 7.2e-05
217 6.94715e-05
218 5.74715e-05
219 7.4943e-05
220 1.6e-05
221 8.94715e-05
222 7.74715e-05
223 7.6e-05
224 4.94715e-05
225 3.74715e-05
226 6.8e-05
227 7.2e-05
228 5.6e-05
229 6.05413e-05
230 4.94715e-05
231 5.34715e-05
232 5.74715e-05
233 3.2e-05
234 6.2943e-05
235 5.00129e-05
236 4.94715e-05
237 8.14715e-05
238 2.8e-05
239 7.4943e-05
240 4.94715e-05
241 5.8943e-05
242 3.74715e-05
243 4e-05
244 7.74715e-05
245 4.94715e-05
246 4.54715e-05
247 5.6e-05
248 6.4e-05
249 8e-05
250 6.04146e-05
251 7.74715e-05
252 3.34715e-05
253 6.84146e-05
254 3.74715e-05
255 4e-05
256 5.2e-05
257 6.4e-05
258 5.74715e-05
259 4.14715e-05
260 4.94715e-05
261 7.2e-05
262 7.2e-05
263 2.8e-05
264 4e-05
265 6.4e-05
266 6.4e-05
267 3.6e-05
268 5.74715e-05
269 6.54715e-05
270 6e-05
271 2.94715e-05
272 5.74715e-05
273 4e-05
274 5.4943e-05
275 4.8e-05
276 5.2e-05
277 5.2e-05
278 6.4e-05
279 3.6e-05
280 4.94715e-05
281 6.14715e-05
282 2.8e-05
283 4.4e-05
284 6.8e-05
285 5.8943e-05
286 4e-05
287 6e-05
288 4.84146e-05
289 4.8e-05
290 5.2e-05
291 7.2e-05
292 4.94715e-05
293 7.34715e-05
294 2.54715e-05
295 4.4e-05
296 5.4943e-05
297 3.2e-05
298 4.94715e-05
299 4.8e-05
300 5.34715e-05
301 3.6e-05
302 4e-05
303 6.8e-05
304 6.2943e-05
305 4e-05
306 4.54715e-05
307 3.0943e-05
308 4.8e-05
309 6.14715e-05
310 4.54715e-05
311 2.94715e-05
312 6.94715e-05
313 6.8e-05
314 5.34715e-05
315 3.2e-05
316 3.34715e-05
317 4e-05
318 4.4e-05
319 3.2e-05
320 4.54715e-05
321 4.94715e-05
322 4.8e-05
323 5.0943e-05
324 4.94715e-05
325 3.34715e-05
326 5.74715e-05
327 7.6e-05
328 4.94715e-05
329 3.24146e-05
330 3.6e-05
331 3.74715e-05
332 3.74715e-05
333 4.14715e-05
334 4.8e-05
335 2.8e-05
336 4.4e-05
337 2.94715e-05
338 4.14715e-05
339 4.54715e-05
340 6.54715e-05
341 5.6e-05
342 6.54715e-05
343 6e-05
344 4e-05
345 3.74715e-05
346 4.4e-05
347 4.4e-05
348 2.94715e-05
349 5.34715e-05
350 3.74715e-05
351 4.8e-05
352 4.8e-05
353 1.0943e-05
354 4.54715e-05
355 5.2e-05
356 3.74715e-05
357 3.6e-05
358 4.94715e-05
359 4.4e-05
360 4.14715e-05
361 6.2943e-05
362 4.8e-05
363 6e-05
364 5.74715e-05
365 2.54715e-05
366 6e-05
367 7.34715e-05
368 6.8e-05
369 4.54715e-05
370 3.6e-05
371 5.4943e-05
372 5.0943e-05
373 5.8943e-05
374 3.0943e-05
375 3.74715e-05
376 6.4e-05
377 4.94715e-05
378 6e-05
379 3.2e-05
380 5.6e-05
381 4e-05
382 5.34715e-05
383 4e-05
384 6.14715e-05
385 3.6e-05
386 2.2943e-05
387 4.4e-05
388 5.34715e-05
389 4.4e-05
390 3.2e-05
391 5.74715e-05
392 2.6943e-05
393 4e-05
394 5.6e-05
395 4.8e-05
396 5.8943e-05
397 4.2943e-05
398 2.8e-05
399 5.6e-05
400 4.94715e-05
401 6.94715e-05
402 4.4e-05
403 5.34715e-05
404 2.14715e-05
405 4.6943e-05
406 4.6943e-05
407 2.94715e-05
408 4.14715e-05
409 5.34715e-05
410 5.24146e-05
411 3.2e-05
412 3.2e-05
413 7.6e-05
414 4.04146e-05
415 4.94715e-05
416 4.54715e-05
417 4.54715e-05
418 2.94715e-05
419 2e-05
420 3.6e-05
421 3.6e-05
422 2.4e-05
423 6e-05
424 5.74715e-05
425 3.74715e-05
426 1.74715e-05
427 4e-05
428 3.74715e-05
429 2.4e-05
430 5.6e-05
431 5.2e-05
432 3.6e-05
433 4e-05
434 4.94715e-05
435 3.6e-05
436 2.14715e-05
437 4e-05
438 4.8e-05
439 4.14715e-05
440 5.6e-05
441 4.4e-05
442 3.2e-05
443 4.4e-05
444 1.8943e-05
445 4.4e-05
446 5.2e-05
447 4e-05
448 4.4e-05
449 3.8943e-05
450 7.74715e-05
451 3.2e-05
452 2.14715e-05
453 5.2e-05
454 3.74715e-05
455 4.4e-05
456 6.4e-05
457 4.2943e-05
458 4.4e-05
459 3.34715e-05
460 4.6943e-05
461 4.94715e-05
462 6e-05
463 2.8e-05
464 2.94715e-05
465 2.94715e-05
466 4e-05
467 4.54715e-05
468 4e-05
469 8.14715e-05
470 4.54715e-05
471 4.54715e-05
472 2.4e-05
473 3.6e-05
474 3.2e-05
475 3.8943e-05
476 3.6e-05
477 1.6e-05
478 3.74715e-05
479 4e-05
480 2.94715e-05
481 5.0943e-05
482 3.6e-05
483 4.2943e-05
484 3.6e-05
485 4e-05
486 2.54715e-05
487 4e-05
488 3.2e-05
489 4.54715e-05
490 2.60129e-05
491 2.8e-05
492 2.54715e-05
493 4e-05
494 5.2e-05
495 2e-05
496 5.4943e-05
497 2.8e-05
498 6e-05
499 4.4e-05
500 2.8e-05
501 2.05413e-05
502 2.8e-05
503 2.4e-05
504 4.8e-05
505 3.2e-05
506 3.6e-05
507 2.8e-05
508 4e-05
509 6.04146e-05
510 4.54715e-05
511 1.6e-05
512 5.6e-05
513 3.6e-05
514 7.6e-05
515 4.4e-05
516 4.94715e-05
517 1.8943e-05
518 3.2e-05
519 5.2e-05
520 2.94715e-05
521 3.2e-05
522 2.14715e-05
523 4.8e-05
524 3.74715e-05
525 2.14715e-05
526 3.65413e-05
527 4.4e-05
528 4.4e-05
529 6.14715e-05
530 5.2e-05
531 3.6e-05
532 5.2e-05
533 4.4e-05
534 2.8e-05
535 3.2e-05
536 3.2e-05
537 2e-05
538 4e-05
539 4.4e-05
540 5.6e-05
541 2.4e-05
542 4e-05
543 2.94715e-05
544 1.2e-05
545 4.94715e-05
546 4.94715e-05
547 3.2e-05
548 4.14715e-05
549 3.6e-05
550 3.6e-05
551 2.8e-05
552 4e-05
553 5.34715e-05
554 3.6e-05
555 3.2e-05
556 3.2e-05
557 5.2e-05
558 2.8e-05
559 3.6e-05
560 3.6e-05
561 4.84146e-05
562 9.47152e-06
563 3.74715e-05
564 4.4e-05
565 4.14715e-05
566 1.4943e-05
567 2.54715e-05
568 2.54715e-05
569 2.6943e-05
570 4.94715e-05
571 4.8e-05
572 2.4e-05
573 4.54715e-05
574 2.14715e-05
575 2.8e-05
576 4.2943e-05
577 6.8e-05
578 4.8e-05
579 4.94715e-05
580 3.6e-05
581 2.54715e-05
582 2e-05
583 3.2e-05
584 3.6e-05
585 2.4e-05
586 2.54715e-05
587 3.4943e-05
588 3.6e-05
589 1.6e-05
590 2.4e-05
591 4.8e-05
592 3.6e-05
593 2.8e-05
594 4e-05
595 4.54715e-05
596 2.05413e-05
597 4e-05
598 3.34715e-05
599 1.2e-05
600 4.54715e-05
601 3.74715e-05
602 4.8e-05
603 4e-05
604 1.74715e-05
605 5.2e-05
606 3.2e-05
607 2.14715e-05
608 5.34715e-05
609 3.74715e-05
610 2.8e-05
611 3.8943e-05
612 3.2e-05
613 3.74715e-05
614 4.14715e-05
615 4.8e-05
616 4e-05
617 4.44146e-05
618 2.8e-05
619 2.85413e-05
620 2.8e-05
621 4.4e-05
622 4.94715e-05
623 2.8e-05
624 3.6e-05
625 4.73576e-05
626 2.8e-05
627 5.4943e-05
628 2.8e-05
629 2e-05
630 3.2e-05
631 4e-05
632 8e-06
633 2.4e-05
634 4e-05
635 4.4e-05
636 5.2e-05
637 2.8e-05
638 3.4943e-05
639 3.74715e-05
640 4.54715e-05
641 3.34715e-05
642 3.2e-05
643 5.34715e-05
644 3.8943e-05
645 2e-05
646 2.8e-05
647 3.34715e-05
648 2.4e-05
649 1.74715e-05
650 2.94715e-05
651 5.6e-05
652 4.54715e-05
653 2.94715e-05
654 4.14715e-05
655 4.85413e-05
656 3.34715e-05
657 4.14715e-05
658 2.54715e-05
659 3.34715e-05
660 2.94715e-05
661 2.14715e-05
662 5.34715e-05
663 2.4e-05
664 4.14715e-05
665 3.74715e-05
666 3.6e-05
667 2.94715e-05
668 4.2943e-05
669 3.80129e-05
670 2.4e-05
671 2.14715e-05
672 2.14715e-05
673 2.94715e-05
674 2.94715e-05
675 4.6943e-05
676 2.94715e-05
677 1.4943e-05
678 2.4e-05
679 2.94715e-05
680 4.4e-05
681 1.64146e-05
682 2.2943e-05
683 3.6e-05
684 2.54715e-05
685 3.34715e-05
686 2.14715e-05
687 2.4e-05
688 2e-05
689 4e-05
690 3.74715e-05
691 4e-05
692 2e-05
693 4.94715e-05
694 3.2e-05
695 1.74715e-05
696 3.2e-05
697 2e-05
698 3.2e-05
699 4.14715e-05
700 2.8e-05
701 2.54715e-05
702 2.54715e-05
703 4.94715e-05
704 1.34715e-05
705 2.4e-05
706 3.34715e-05
707 4.8e-05
708 1.6e-05
709 3.2e-05
710 2.4e-05
711 3.74715e-05
712 3.34715e-05
713 2.94715e-05
714 2e-05
715 4e-05
716 2.4e-05
717 4.4e-05
718 2.4e-05
719 4.8e-05
720 4e-05
721 4e-05
722 2.14715e-05
723 2.54715e-05
724 3.74715e-05
725 2e-05
726 2.94715e-05
727 4.4e-05
728 1.6e-05
729 2.6943e-05
730 3.65413e-05
731 3.34715e-05
732 4e-05
733 2.8e-05
734 2.4e-05
735 3.6e-05
736 2.94715e-05
737 3.4943e-05
738 3.6e-05
739 4.6943e-05
740 3.34715e-05
741 3.34715e-05
742 2.8e-05
743 3.2e-05
744 2.4e-05
745 4.54715e-05
746 3.2e-05
747 1.8943e-05
748 4e-05
749 2.8e-05
750 1.74715e-05
751 3.2e-05
752 4e-05
753 1.34715e-05
754 3.74715e-05
755 2.94715e-05
756 2.8e-05
757 3.74715e-05
758 3.6e-05
759 3.34715e-05
760 4.94715e-05
761 2.54715e-05
762 1.6e-05
763 2.94715e-05
764 3.2e-05
765 2.14715e-05
766 1.34715e-05
767 4.4e-05
768 2.4e-05
769 2.4e-05
770 5.6e-05
771 2e-05
772 3.6e-05
773 1.6e-05
774 2.94715e-05
775 4e-05
776 2.14715e-05
777 2.4e-05
778 3.2e-05
779 3.2e-05
780 3.2e-05
781 3.2e-05
782 1.6e-05
783 2.94715e-05
784 2.4e-05
785 3.74715e-05
786 3.24146e-05
787 2.14715e-05
788 4.2943e-05
789 2.8e-05
790 2.6943e-05
791 4.04146e-05
792 2.4e-05
793 4.14715e-05
794 1.2e-05
795 2.8e-05
796 2.4e-05
797 2.8e-05
798 4.14715e-05
799 3.8943e-05
800 2.54715e-05
801 5.6e-05
802 4.8e-05
803 3.0943e-05
804 2e-05
805 3.6e-05
806 1.6e-05
807 3.8943e-05
808 3.34715e-05
809 2.14715e-05
810 1.6e-05
811 4.14715e-05
812 3.6e-05
813 3.0943e-05
814 2.54715e-05
815 3.2e-05
816 1.6e-05
817 3.6e-05
818 2.8e-05
819 4.54715e-05
820 1.6e-05
821 2.94715e-05
822 3.0943e-05
823 1.6e-05
824 1.8943e-05
825 2.54715e-05
826 3.2e-05
827 6e-05
828 3.6e-05
829 4.4e-05
830 4e-05
831 3.4943e-05
832 4.2943e-05
833 2.54715e-05
834 1.74715e-05
835 3.6e-05
836 3.2e-05
837 2.4e-05
838 4.6943e-05
839 2e-05
840 3.6e-05
841 3.6e-05
842 3.6e-05
843 4.14715e-05
844 3.6e-05
845 1.6e-05
846 1.74715e-05
847 2e-05
848 2.14715e-05
849 2.94715e-05
850 2.54715e-05
851 2e-05
852 2.54715e-05
853 3.2e-05
854 2.14715e-05
855 2.14715e-05
856 3.2e-05
857 9.47152e-06
858 4.14715e-05
859 1.6e-05
860 3.0943e-05
861 1.25413e-05
862 2.54715e-05
863 3.6e-05
864 3.6e-05
865 1.34715e-05
866 1.74715e-05
867 2.4e-05
868 4.4e-05
869 2e-05
870 2.8e-05
871 2.4e-05
872 2e-05
873 3.6e-05
874 2.94715e-05
875 2.8e-05
876 0
877 2.6943e-05
878 3.2e-05
879 2.8e-05
880 3.6e-05
881 2.4e-05
882 3.6e-05
883 2.4e-05
884 2.14715e-05
885 4.84146e-05
886 4.4e-05
887 2.4e-05
888 3.34715e-05
889 3.34715e-05
890 1.6e-05
891 2e-05
892 2.4e-05
893 2.6943e-05
894 3.2e-05
895 2.84146e-05
896 4e-05
897 2.54715e-05
898 1.8943e-05
899 3.2e-05
900 2.54715e-05
901 3.2e-05
902 2.94715e-05
903 1.6e-05
904 3.2e-05
905 1.74715e-05
906 2.8e-05
907 2.54715e-05
908 4e-05
909 2.94715e-05
910 2.14715e-05
911 1.2e-05
912 1.2e-05
913 3.74715e-05
914 1.0943e-05
915 2e-05
916 2.54715e-05
917 3.2e-05
918 2e-05
919 3.2e-05
920 3.6e-05
921 3.2e-05
922 9.47152e-06
923 3.34715e-05
924 2.2943e-05
925 3.34715e-05
926 2.8e-05
927 3.34715e-05
928 5.34715e-05
929 3.34715e-05
930 3.2e-05
931 3.34715e-05
932 2.8e-05
933 2.4e-05
934 2e-05
935 1.8943e-05
936 3.6e-05
937 3.6e-05
938 2.20129e-05
939 8e-06
940 1.6e-05
941 2.4e-05
942 5.74715e-05
943 1.2e-05
944 3.6e-05
945 8e-06
946 4.94715e-05
947 1.4943e-05
948 2.14715e-05
949 6e-05
950 4e-05
951 4e-05
952 4.2943e-05
953 2.8e-05
954 1.6e-05
955 1.2e-05
956 3.74715e-05
957 5.0943e-05
958 2.54715e-05
959 2.14715e-05
960 3.24146e-05
961 3.0943e-05
962 4.54715e-05
963 4e-05
964 1.2e-05
965 1.74715e-05
966 2.58861e-05
967 3.0943e-05
968 2.8e-05
969 1.34715e-05
970 1.6e-05
971 2.84146e-05
972 2e-05
973 2.14715e-05
974 2.94715e-05
975 3.6e-05
976 2.94715e-05
977 2.4e-05
978 3.2e-05
979 3.6e-05
980 3.34715e-05
981 2.54715e-05
982 2e-05
983 4.4e-05
984 1.8943e-05
985 2.6943e-05
986 2.4e-05
987 5.6e-05
988 1.8943e-05
989 4e-05
990 6.94304e-06
991 2.2943e-05
992 2.54715e-05
993 2.54715e-05
994 3.34715e-05
995 2.85413e-05
996 2e-05
997 6e-05
998 3.0943e-05
999 0
