0 0
1 0.001264
2 0.000808
3 0.000632
4 0.000544
5 0.000485472
6 0.000385472
7 0.000421472
8 0.000304
9 0.000316
10 0.000332
11 0.000304
12 0.00022
13 0.000228
14 0.000241472
15 0.000252
16 0.000204
17 0.000233472
18 0.000233472
19 0.0002
20 0.000192415
21 0.000236
22 0.000188
23 0.000226943
24 0.000204
25 0.000198943
26 0.000244415
27 0.000133472
28 0.000156
29 0.000164
30 0.000216
31 0.000140415
32 0.000192
33 0.000213472
34 0.0002
35 0.00014
36 0.000134943
37 0.000133472
38 0.000108
39 0.000156
40 0.000184
41 0.000212
42 0.000144
43 0.000112
44 0.000152
45 0.00014
46 0.000149472
47 0.000146943
48 0.000136
49 0.00012
50 0.000152
51 0.000124
52 0.000137472
53 0.000137472
54 0.00012
55 0.000113472
56 0.00012
57 0.000133472
58 0.000153472
59 0.000116
60 0.000144
61 0.000138943
62 0.000124
63 0.000129472
64 0.000129472
65 0.000124
66 0.000110943
67 9.2e-05
68 0.000128
69 0.00012
70 7.2e-05
71 7.74715e-05
72 9.0943e-05
73 0.000124
74 0.00012
75 0.000136
76 7.74715e-05
77 0.000109472
78 0.00012
79 8.4e-05
80 0.000108
81 8.4e-05
82 0.000132
83 9.74715e-05
84 0.000109472
85 0.000117472
86 8.4e-05
87 6.4e-05
88 0.000104
89 8.6943e-05
90 9.74715e-05
91 0.000104
92 6.4e-05
93 0.000109472
94 8.4e-05
95 9.2e-05
96 8e-05
97 0.000116
98 0.000104
99 8.94715e-05
100 0.0001
101 8.54715e-05
102 9.2e-05
103 6.6943e-05
104 8.4e-05
105 9.74715e-05
106 9.74715e-05
107 0.000105472
108 9.2e-05
109 6.54715e-05
110 8e-05
111 6.6943e-05
112 9.2e-05
113 8.8e-05
114 9.0943e-05
115 9.2e-05
116 8.34844e-05
117 6.2943e-05
118 0.000106943
119 9.74715e-05
120 7.34715e-05
121 7.74715e-05
122 0.000124
123 0.0001
124 9.2e-05
125 6.54715e-05
126 7.34715e-05
127 6.94715e-05
128 7.6e-05
129 0.000104
130 8e-05
131 8.4e-05
132 6.8e-05
133 6.4e-05
134 7.74715e-05
135 4.8e-05
136 5.8943e-05
137 7.74715e-05
138 0.0001
139 8.6943e-05
140 5.2e-05
141 7.74715e-05
142 8.54715e-05
143 8.94715e-05
144 8.54715e-05
145 5.6e-05
146 7.34715e-05
147 0.000108
148 6.8e-05
149 0.000105472
150 0.000101472
151 7.2e-05
152 4.8e-05
153 9.6e-05
154 4.4e-05
155 6.4e-05
156 7.6e-05
157 0.000100415
158 9.6e-05
159 8.54715e-05
160 6.94715e-05
161 5.6e-05
162 6.4e-05
163 7.74715e-05
164 5.74715e-05
165 4.74844e-05
166 7.6e-05
167 3.74715e-05
168 7.6e-05
169 6.8e-05
170 5.6e-05
171 9.34715e-05
172 8.4e-05
173 5.8943e-05
174 6.94715e-05
175 7.2e-05
176 6.14715e-05
177 3.34715e-05
178 8.2943e-05
179 7.6e-05
180 5.2e-05
181 7.6e-05
182 7.34715e-05
183 5.4943e-05
184 5.2e-05
185 6e-05
186 5.2e-05
187 4.4e-05
188 4.8e-05
189 5.6e-05
190 4.54715e-05
191 7.2e-05
192 6.14715e-05
193 4.54715e-05
194 5.2e-05
195 6.4e-05
196 6.14715e-05
197 5.2e-05
198 5.2e-05
199 6.8e-05
200 4.44146e-05
201 3.74715e-05
202 5.74715e-05
203 5.34715e-05
204 5.74715e-05
205 4.8e-05
206 6.94715e-05
207 8.94715e-05
208 2.6943e-05
209 7.6e-05
210 4.4e-05
211 4.94715e-05
212 6e-05
213 5.6e-05
214 7.2e-05
215 4.54715e-05
216 6.4e-05
217 6.4e-05
218 4.54715e-05
219 6.8e-05
220 5.34715e-05
221 5.78861e-05
222 8.94715e-05
223 8e-05
224 5.34715e-05
225 6.8e-05
226 5.8943e-05
227 4.4e-05
228 6.94715e-05
229 5.34715e-05
230 3.74715e-05
231 3.6e-05
232 6.4e-05
233 7.6e-05
234 6.8e-05
235 4.94715e-05
236 5.34715e-05
237 6.14715e-05
238 6.54715e-05
239 4.14715e-05
240 7.2e-05
241 6.6943e-05
242 3.2e-05
243 6.14715e-05
244 3.6e-05
245 4.14715e-05
246 6e-05
247 6.54715e-05
248 5.34715e-05
249 2.8e-05
250 5.6e-05
251 4.94715e-05
252 4.8e-05
253 5.6e-05
254 4e-05
255 3.2e-05
256 8e-05
257 6e-05
258 5.4943e-05
259 8.6943e-05
260 6.4e-05
261 6e-05
262 7.6e-05
263 5.2e-05
264 7.6e-05
265 5.74715e-05
266 6.8e-05
267 6.94715e-05
268 7.34715e-05
269 6.4e-05
270 4.54715e-05
271 4.8e-05
272 6.8e-05
273 5.74715e-05
274 5.6e-05
275 6.54715e-05
276 5.6e-05
277 3.74715e-05
278 3.4943e-05
279 4.14715e-05
280 4.6943e-05
281 4.04146e-05
282 5.2e-05
283 6.14715e-05
284 7.74715e-05
285 4.4e-05
286 6.4e-05
287 9.34715e-05
288 5.38861e-05
289 5.2e-05
290 2.8e-05
291 5.74715e-05
292 4.14715e-05
293 5.6e-05
294 5.34715e-05
295 6.8e-05
296 6e-05
297 4e-05
298 4.8e-05
299 2.94715e-05
300 4.8e-05
301 8.14715e-05
302 6.8e-05
303 4.94715e-05
304 2.54715e-05
305 4.4e-05
306 4.8e-05
307 4.4e-05
308 3.74715e-05
309 4.8e-05
310 6.4e-05
311 4.54715e-05
312 6.14715e-05
313 4.54715e-05
314 3.6e-05
315 5.2e-05
316 4.14715e-05
317 4.94715e-05
318 3.2e-05
319 5.6e-05
320 5.6e-05
321 4.4e-05
322 5.2e-05
323 6e-05
324 4.4e-05
325 6.4e-05
326 6.8e-05
327 5.2e-05
328 3.74715e-05
329 7.2e-05
330 6.2943e-05
331 5.34715e-05
332 4.54715e-05
333 4.4e-05
334 2.54715e-05
335 6.4e-05
336 6.14715e-05
337 3.34715e-05
338 5.2e-05
339 4e-05
340 4.54715e-05
341 4.8e-05
342 3.74715e-05
343 4.94715e-05
344 4.14715e-05
345 4.8e-05
346 5.74715e-05
347 2.8e-05
348 4e-05
349 5.6e-05
350 6e-05
351 6e-05
352 6e-05
353 4.8e-05
354 2.8e-05
355 3.34715e-05
356 7.2e-05
357 2.8e-05
358 5.74715e-05
359 4.8e-05
360 6.6943e-05
361 4.6943e-05
362 2.94715e-05
363 4.4e-05
364 4.8e-05
365 4.50827e-05
366 4.4e-05
367 4.8e-05
368 4.98861e-05
369 5.2e-05
370 7.2e-05
371 3.6e-05
372 4e-05
373 3.4943e-05
374 4.94715e-05
375 4.14715e-05
376 6.2943e-05
377 4.14715e-05
378 5.74715e-05
379 3.2e-05
380 5.6e-05
381 4.85413e-05
382 3.6e-05
383 4.14715e-05
384 3.74715e-05
385 3.2e-05
386 4.14715e-05
387 6.4e-05
388 4.54715e-05
389 2.8e-05
390 4.14715e-05
391 1.25413e-05
392 4e-05
393 4e-05
394 3.6e-05
395 6.8e-05
396 4.8e-05
397 8.54715e-05
398 6e-05
399 3.8943e-05
400 5.2e-05
401 5.2e-05
402 3.34715e-05
403 5.2e-05
404 5.6e-05
405 2.4e-05
406 1.6e-05
407 4.14715e-05
408 2.4e-05
409 1.6e-05
410 3.4943e-05
411 4.4e-05
412 4e-05
413 2.54715e-05
414 4.94715e-05
415 4.54715e-05
416 4.54715e-05
417 1.2e-05
418 5.2e-05
419 3.2e-05
420 2.4e-05
421 3.6e-05
422 4.14715e-05
423 3.4943e-05
424 2.54715e-05
425 3.6e-05
426 4e-05
427 4.2943e-05
428 3.6e-05
429 5.0943e-05
430 3.64146e-05
431 4.14715e-05
432 4.4e-05
433 5.0943e-05
434 6.4e-05
435 3.6e-05
436 3.2e-05
437 4.8e-05
438 4.94715e-05
439 4.8e-05
440 5.2e-05
441 5.40129e-05
442 2.54715e-05
443 3.6e-05
444 3.2e-05
445 4.54715e-05
446 2.94715e-05
447 3.34715e-05
448 2.4e-05
449 2.8e-05
450 4.8e-05
451 3.8943e-05
452 2.4e-05
453 3.34715e-05
454 4.04146e-05
455 4e-05
456 4.8e-05
457 4e-05
458 3.6e-05
459 2.4e-05
460 4e-05
461 3.40129e-05
462 4.6943e-05
463 4e-05
464 4.4e-05
465 6.54715e-05
466 2.4e-05
467 3.2e-05
468 5.4943e-05
469 4.2943e-05
470 3.2e-05
471 2.4e-05
472 4.54715e-05
473 3.2e-05
474 5.6e-05
475 1.6e-05
476 3.2e-05
477 4.8e-05
478 8e-06
479 5.2e-05
480 3.74715e-05
481 4.6943e-05
482 4.4e-05
483 3.6e-05
484 3.2e-05
485 1.74715e-05
486 3.2e-05
487 2.8e-05
488 3.24146e-05
489 3.6e-05
490 5.0943e-05
491 3.2e-05
492 4.14715e-05
493 4e-05
494 3.74715e-05
495 2.4e-05
496 3.4943e-05
497 6.8e-05
498 6.6943e-05
499 4e-05
500 6e-05
501 1.6e-05
502 2.4e-05
503 2.8e-05
504 4.94715e-05
505 4.8e-05
506 3.34715e-05
507 3.2e-05
508 3.34715e-05
509 5.2e-05
510 4.94715e-05
511 3.2e-05
512 4.14715e-05
513 2.94715e-05
514 4.2943e-05
515 3.34715e-05
516 3.2e-05
517 4.94715e-05
518 4e-05
519 2.14715e-05
520 4.54715e-05
521 4.14715e-05
522 3.6e-05
523 2.54715e-05
524 2.94715e-05
525 3.6e-05
526 4.14715e-05
527 2.4e-05
528 2.6943e-05
529 4.94715e-05
530 5.0943e-05
531 4.14715e-05
532 6.14715e-05
533 5.34715e-05
534 5.34715e-05
535 2.94715e-05
536 3.2e-05
537 2.54715e-05
538 4.54715e-05
539 3.0943e-05
540 6e-05
541 3.8943e-05
542 4.4e-05
543 4e-05
544 6.6943e-05
545 2.14715e-05
546 4.8e-05
547 4.4e-05
548 2.14715e-05
549 5.74715e-05
550 2e-05
551 3.6e-05
552 4.14715e-05
553 3.6e-05
554 3.2e-05
555 3.2e-05
556 1.74715e-05
557 2e-05
558 3.2e-05
559 1.4943e-05
560 4e-05
561 3.6e-05
562 3.0943e-05
563 2.8e-05
564 3.2e-05
565 3.2e-05
566 2.8e-05
567 4.4e-05
568 4e-05
569 3.34715e-05
570 4.14715e-05
571 1.2e-05
572 3.2e-05
573 4.54715e-05
574 2.8e-05
575 5.14844e-05
576 5.74715e-05
577 2.8e-05
578 4e-05
579 2.8e-05
580 4.8e-05
581 4.8e-05
582 2.4e-05
583 8e-06
584 5.74715e-05
585 2e-05
586 2.94715e-05
587 4.14715e-05
588 4.8e-05
589 2.4e-05
590 4.8e-05
591 4e-05
592 1.74715e-05
593 3.34715e-05
594 3.2e-05
595 3.2e-05
596 2.4e-05
597 3.74715e-05
598 5.6e-05
599 4.34844e-05
600 2.4e-05
601 3.65413e-05
602 2.8e-05
603 3.0943e-05
604 4.14715e-05
605 3.74715e-05
606 4e-05
607 5.34715e-05
608 3.2e-05
609 2.8e-05
610 4e-05
611 3.34715e-05
612 4.4e-05
613 4.4e-05
614 2.4e-05
615 3.0943e-05
616 3.74715e-05
617 3.34715e-05
618 2.94715e-05
619 5.0943e-05
620 5.6e-05
621 4.04146e-05
622 2.14715e-05
623 3.74715e-05
624 2.45413e-05
625 3.0943e-05
626 3.2e-05
627 1.74715e-05
628 3.2e-05
629 3.2e-05
630 4.6943e-05
631 2.54715e-05
632 2.54715e-05
633 1.74715e-05
634 8e-06
635 1.47152e-06
636 4.94715e-05
637 3.6e-05
638 4.8e-05
639 8e-06
640 2.54715e-05
641 2.60129e-05
642 2.94715e-05
643 4e-05
644 2.94715e-05
645 9.47152e-06
646 2.94715e-05
647 3.34715e-05
648 4.54715e-05
649 3.2e-05
650 3.25413e-05
651 2.6943e-05
652 2e-05
653 5.0943e-05
654 2.54715e-05
655 3.8943e-05
656 2.8e-05
657 2.8e-05
658 5.2e-05
659 2.54715e-05
660 3.00129e-05
661 4.4e-05
662 4.4e-05
663 3.2e-05
664 3.6e-05
665 2.8e-05
666 2.6943e-05
667 2.4e-05
668 3.34715e-05
669 3.2e-05
670 4e-05
671 2e-05
672 2.4e-05
673 1.34715e-05
674 2e-05
675 4.4e-05
676 3.6e-05
677 4.14715e-05
678 3.6e-05
679 3.74715e-05
680 3.2e-05
681 6.4e-05
682 2.2943e-05
683 1.74715e-05
684 3.2e-05
685 2.8e-05
686 4.14715e-05
687 1.74715e-05
688 3.8943e-05
689 3.34715e-05
690 4.4e-05
691 1.74715e-05
692 2.8e-05
693 2.94715e-05
694 2.6943e-05
695 1.4943e-05
696 1.6e-05
697 3.2e-05
698 3.6e-05
699 2.8e-05
700 1.34715e-05
701 2.4e-05
702 1.6e-05
703 3.2e-05
704 2.6943e-05
705 2.14715e-05
706 6e-05
707 1.2e-05
708 1.8943e-05
709 3.74715e-05
710 2.6943e-05
711 5.2e-05
712 3.6e-05
713 3.6e-05
714 3.2e-05
715 4e-05
716 4e-05
717 2.8e-05
718 3.6e-05
719 3.2e-05
720 2.8e-05
721 3.0943e-05
722 5.2e-05
723 3.4943e-05
724 4.8e-05
725 3.0943e-05
726 4e-05
727 3.2e-05
728 3.74715e-05
729 3.2e-05
730 1.6e-05
731 4.84146e-05
732 4.2943e-05
733 3.74715e-05
734 2e-05
735 2.44146e-05
736 2.85413e-05
737 4.8e-05
738 8e-06
739 4.14715e-05
740 2e-05
741 4.4e-05
742 2e-05
743 2.14715e-05
744 2.94715e-05
745 3.74715e-05
746 3.2e-05
747 2.4e-05
748 3.74715e-05
749 2.2943e-05
750 4.94715e-05
751 2.14715e-05
752 2.94715e-05
753 2.4e-05
754 2.8e-05
755 3.6e-05
756 3.2e-05
757 3.2e-05
758 3.34715e-05
759 2.8e-05
760 2.94715e-05
761 1.6e-05
762 1.74715e-05
763 1.2e-05
764 2.54715e-05
765 1.74715e-05
766 2.4e-05
767 4.6943e-05
768 3.74715e-05
769 3.2e-05
770 2.8e-05
771 2.94715e-05
772 4e-05
773 4.4e-05
774 3.6e-05
775 2.14715e-05
776 2e-05
777 1.6e-05
778 2.14715e-05
779 1.6e-05
780 3.8943e-05
781 2.8e-05
782 2.4e-05
783 3.34715e-05
784 3.0943e-05
785 2.44146e-05
786 2.14715e-05
787 4.8e-05
788 4.94715e-05
789 4.54715e-05
790 3.94844e-05
791 3.6e-05
792 3.34715e-05
793 2.6943e-05
794 4.54715e-05
795 3.2e-05
796 2.4e-05
797 1.2e-05
798 2.14715e-05
799 2.4e-05
800 3.2e-05
801 9.47152e-06
802 4e-05
803 3.34715e-05
804 4.94715e-05
805 2.8e-05
806 2.94715e-05
807 3.74715e-05
808 1.8943e-05
809 2.94715e-05
810 4.8e-05
811 1.74715e-05
812 4e-05
813 4e-05
814 4e-05
815 2.8e-05
816 3.74715e-05
817 4e-05
818 3.6e-05
819 1.6e-05
820 2.8e-05
821 2.4e-05
822 3.6e-05
823 3.74715e-05
824 2.4e-05
825 3.6e-05
826 4e-05
827 2.54715e-05
828 1.34715e-05
829 2.8e-05
830 3.2e-05
831 4.14715e-05
832 2.94715e-05
833 2.8e-05
834 2.8e-05
835 2.14715e-05
836 3.6e-05
837 2.54715e-05
838 2.4e-05
839 4.4e-05
840 2.8e-05
841 2e-05
842 3.74715e-05
843 3.6e-05
844 1.4943e-05
845 5.2e-05
846 2.05413e-05
847 3.34715e-05
848 3.2e-05
849 4.8e-05
850 2e-05
851 1.6e-05
852 2.14715e-05
853 2.6943e-05
854 3.2e-05
855 2.4e-05
856 2.4e-05
857 3.2e-05
858 3.0943e-05
859 4.14715e-05
860 2.94715e-05
861 3.0943e-05
862 2.8e-05
863 9.47152e-06
864 4e-05
865 4.4e-05
866 3.6e-05
867 5.4943e-05
868 3.34715e-05
869 1.74715e-05
870 4e-05
871 4.14715e-05
872 2.14715e-05
873 3.2e-05
874 1.8943e-05
875 3.74715e-05
876 2.54715e-05
877 9.47152e-06
878 1.74715e-05
879 2.4e-05
880 4.4e-05
881 2e-05
882 3.6e-05
883 4.4e-05
884 2.4e-05
885 1.6e-05
886 3.4943e-05
887 3.2e-05
888 3.80129e-05
889 2e-05
890 1.2e-05
891 3.2e-05
892 3.2e-05
893 2.94715e-05
894 3.4943e-05
895 2e-05
896 3.2e-05
897 2.8e-05
898 3.6e-05
899 3.2e-05
900 4.14715e-05
901 1.6e-05
902 2.8e-05
903 3.0943e-05
904 5.4943e-05
905 2.8e-05
906 3.2e-05
907 3.74715e-05
908 1.2e-05
909 1.74715e-05
910 4.14715e-05
911 1.2e-05
912 3.74715e-05
913 2.14715e-05
914 2.94715e-05
915 4.14715e-05
916 1.2e-05
917 1.2e-05
918 1.6e-05
919 3.4943e-05
920 2.4e-05
921 2.94715e-05
922 2.84146e-05
923 2.8e-05
924 3.6e-05
925 2.54715e-05
926 2.24274e-05
927 4.4e-05
928 2.4e-05
929 2.8e-05
930 1.6e-05
931 2.54715e-05
932 3.74715e-05
933 2.4e-05
934 5.47152e-06
935 2.8e-05
936 1.8943e-05
937 2e-05
938 2e-05
939 2.44146e-05
940 2.2943e-05
941 2.94715e-05
942 2.14715e-05
943 1.2e-05
944 3.2e-05
945 1.74715e-05
946 1.74715e-05
947 1.74715e-05
948 3.2e-05
949 1.34715e-05
950 4e-05
951 2.94715e-05
952 1.6e-05
953 2.8e-05
954 3.0943e-05
955 2.8e-05
956 2e-05
957 2.54715e-05
958 3.6e-05
959 2.4e-05
960 1.34715e-05
961 1.76707e-05
962 1.74715e-05
963 1.34715e-05
964 9.47152e-06
965 2.94715e-05
966 3.6e-05
967 1.6e-05
968 3.74715e-05
969 2.8e-05
970 2e-05
971 2.8e-05
972 2e-05
973 2.4e-05
974 4.4e-05
975 3.34715e-05
976 2.8e-05
977 2.4e-05
978 2.54715e-05
979 2.8e-05
980 3.34715e-05
981 2.14715e-05
982 8e-06
983 2.54715e-05
984 2.8e-05
985 2.8e-05
986 1.34715e-05
987 2.14715e-05
988 2.8e-05
989 1.6e-05
990 4.14715e-05
991 3.2e-05
992 3.2e-05
993 4.8e-05
994 8e-06
995 3.6e-05
996 2.4e-05
997 2.94715e-05
998 4.4e-05
999 0
