0 0
1 0
2 0
3 0
4 0
5 0
6 0
7 0
8 0
9 0
10 0
11 0
12 0
13 0
14 0
15 0
16 0
17 0
18 0
19 0
20 0
21 0
22 0
23 0
24 4e-08
25 0
26 0
27 8e-08
28 4e-08
29 0
30 4e-08
31 0
32 0
33 0
34 0
35 0
36 1.2e-07
37 8e-08
38 0
39 0
40 0
41 0
42 0
43 1.2e-07
44 0
45 0
46 0
47 0
48 4e-08
49 4e-08
50 4e-08
51 4e-08
52 0
53 0
54 4e-08
55 4e-08
56 8e-08
57 1.2e-07
58 1.2e-07
59 0
60 0
61 1.6e-07
62 1.2e-07
63 8e-08
64 8e-08
65 0
66 8e-08
67 4e-08
68 4e-08
69 0
70 1.2e-07
71 1.6e-07
72 0
73 1.2e-07
74 4e-08
75 4e-08
76 1.2e-07
77 8e-08
78 4e-08
79 1.6e-07
80 8e-08
81 1.6e-07
82 1.2e-07
83 1.2e-07
84 8e-08
85 1.6e-07
86 8e-08
87 1.6e-07
88 4e-08
89 1.2e-07
90 0
91 8e-08
92 4e-08
93 1.6e-07
94 2e-07
95 1.2e-07
96 2e-07
97 1.2e-07
98 1.2e-07
99 4e-07
100 1.6e-07
101 8e-08
102 4e-08
103 2e-07
104 2.8e-07
105 4e-08
106 2.8e-07
107 2.4e-07
108 2.8e-07
109 1.6e-07
110 1.2e-07
111 1.6e-07
112 1.2e-07
113 1.2e-07
114 1.6e-07
115 4e-08
116 1.2e-07
117 2e-07
118 8e-08
119 2.4e-07
120 1.2e-07
121 2e-07
122 2.39602e-07
123 2e-07
124 2.8e-07
125 4e-07
126 8e-08
127 7.9602e-08
128 1.2e-07
129 1.6e-07
130 1.6e-07
131 1.2e-07
132 2.8e-07
133 1.2e-07
134 2e-07
135 2.39602e-07
136 8e-08
137 2.8e-07
138 3.2e-07
139 1.99602e-07
140 2e-07
141 1.59602e-07
142 3.2e-07
143 2e-07
144 1.99602e-07
145 2.4e-07
146 2.4e-07
147 2.4e-07
148 1.6e-07
149 1.6e-07
150 1.6e-07
151 2.39602e-07
152 1.6e-07
153 3.2e-07
154 4.4e-07
155 2.8e-07
156 1.2e-07
157 3.59602e-07
158 1.59602e-07
159 1.2e-07
160 3.6e-07
161 2.4e-07
162 3.99602e-07
163 1.6e-07
164 2.4e-07
165 3.2e-07
166 2.8e-07
167 2.8e-07
168 3.6e-07
169 2.8e-07
170 3.6e-07
171 2.8e-07
172 2e-07
173 3.2e-07
174 2.4e-07
175 1.6e-07
176 2.8e-07
177 3.59602e-07
178 3.2e-07
179 2e-07
180 2.8e-07
181 2e-07
182 2e-07
183 2e-07
184 2.4e-07
185 2.39602e-07
186 1.6e-07
187 4e-07
188 3.6e-07
189 3.6e-07
190 5.6e-07
191 3.2e-07
192 4e-07
193 1.6e-07
194 1.2e-07
195 2e-07
196 2e-07
197 2e-07
198 3.2e-07
199 1.6e-07
200 1.6e-07
201 1.6e-07
202 2.4e-07
203 5.6e-07
204 3.6e-07
205 1.59602e-07
206 1.6e-07
207 2.8e-07
208 1.6e-07
209 1.99602e-07
210 3.2e-07
211 1.2e-07
212 2e-07
213 1.6e-07
214 3.2e-07
215 8e-08
216 1.2e-07
217 4e-08
218 3.2e-07
219 2e-07
220 1.6e-07
221 2e-07
222 1.6e-07
223 2.4e-07
224 4.39602e-07
225 2.8e-07
226 3.2e-07
227 2.8e-07
228 3.2e-07
229 4.79602e-07
230 4.8e-07
231 2e-07
232 3.59602e-07
233 2.8e-07
234 2.8e-07
235 1.6e-07
236 1.59602e-07
237 2.8e-07
238 3.59602e-07
239 2.8e-07
240 2.39602e-07
241 2.39602e-07
242 8e-08
243 3.2e-07
244 2.8e-07
245 4.4e-07
246 2e-07
247 2.4e-07
248 1.6e-07
249 3.6e-07
250 2e-07
251 3.2e-07
252 3.2e-07
253 2e-07
254 2e-07
255 3.99602e-07
256 2.8e-07
257 2e-07
258 3.2e-07
259 3.6e-07
260 2.79204e-07
261 1.2e-07
262 6e-07
263 2.4e-07
264 3.2e-07
265 3.6e-07
266 1.6e-07
267 4.8e-07
268 4e-07
269 2e-07
270 2.4e-07
271 2.39602e-07
272 3.2e-07
273 2.39602e-07
274 2.8e-07
275 1.6e-07
276 3.2e-07
277 1.2e-07
278 1.6e-07
279 1.6e-07
280 4e-07
281 1.2e-07
282 3.2e-07
283 2.8e-07
284 2e-07
285 2.8e-07
286 2e-07
287 3.2e-07
288 4.4e-07
289 2.79204e-07
290 2.4e-07
291 2.8e-07
292 2.8e-07
293 3.2e-07
294 1.6e-07
295 2.8e-07
296 3.6e-07
297 3.2e-07
298 2.4e-07
299 1.2e-07
300 3.2e-07
301 2.4e-07
302 2.4e-07
303 2.8e-07
304 2.79602e-07
305 6e-07
306 2.4e-07
307 3.2e-07
308 2.8e-07
309 8e-08
310 1.6e-07
311 2.4e-07
312 1.59602e-07
313 2.79602e-07
314 4.79602e-07
315 4.8e-07
316 4.8e-07
317 2.8e-07
318 4e-07
319 4.8e-07
320 2.4e-07
321 3.2e-07
322 2e-07
323 2e-07
324 3.6e-07
325 4.79602e-07
326 4e-07
327 1.6e-07
328 3.2e-07
329 4e-07
330 4e-07
331 3.59602e-07
332 3.99602e-07
333 2.8e-07
334 4e-07
335 4.8e-07
336 2.4e-07
337 1.6e-07
338 1.2e-07
339 2.4e-07
340 8e-08
341 2.4e-07
342 3.59602e-07
343 1.2e-07
344 3.2e-07
345 4e-07
346 2e-07
347 2.8e-07
348 3.99602e-07
349 2.8e-07
350 1.2e-07
351 2.4e-07
352 3.99602e-07
353 4e-07
354 2e-07
355 6e-07
356 4e-07
357 4.4e-07
358 2.39602e-07
359 2.8e-07
360 2.4e-07
361 4.4e-07
362 4e-07
363 3.2e-07
364 3.2e-07
365 1.2e-07
366 4e-07
367 3.6e-07
368 2.4e-07
369 3.2e-07
370 1.2e-07
371 3.2e-07
372 3.6e-07
373 3.2e-07
374 2.79602e-07
375 3.2e-07
376 2e-07
377 2.4e-07
378 4e-07
379 2.8e-07
380 2.4e-07
381 1.99602e-07
382 4.4e-07
383 1.6e-07
384 3.2e-07
385 2.8e-07
386 2.4e-07
387 2.4e-07
388 3.6e-07
389 2e-07
390 2.79602e-07
391 3.6e-07
392 1.6e-07
393 3.2e-07
394 3.6e-07
395 2.8e-07
396 1.6e-07
397 2.8e-07
398 1.2e-07
399 4.79602e-07
400 3.2e-07
401 3.99602e-07
402 3.2e-07
403 2.79602e-07
404 2.8e-07
405 2e-07
406 2e-07
407 3.2e-07
408 3.2e-07
409 2.4e-07
410 2.4e-07
411 4.79602e-07
412 1.6e-07
413 3.59602e-07
414 2.8e-07
415 2.4e-07
416 3.19602e-07
417 2.79602e-07
418 3.59602e-07
419 3.2e-07
420 4e-07
421 3.2e-07
422 1.6e-07
423 2.4e-07
424 2.4e-07
425 3.6e-07
426 2.8e-07
427 3.19602e-07
428 2.4e-07
429 2.4e-07
430 3.6e-07
431 4e-07
432 2e-07
433 2.79602e-07
434 2.4e-07
435 1.6e-07
436 1.99602e-07
437 3.6e-07
438 2.4e-07
439 1.2e-07
440 8e-08
441 2e-07
442 4.38806e-07
443 3.59602e-07
444 8e-08
445 1.6e-07
446 3.6e-07
447 3.6e-07
448 3.99602e-07
449 4e-07
450 2e-07
451 3.2e-07
452 2.8e-07
453 2.39602e-07
454 2.8e-07
455 2.79602e-07
456 2.39602e-07
457 2.79204e-07
458 3.2e-07
459 2.4e-07
460 4e-07
461 3.99602e-07
462 2.8e-07
463 3.59602e-07
464 2e-07
465 2.4e-07
466 4.79602e-07
467 1.6e-07
468 2.8e-07
469 2.8e-07
470 2.4e-07
471 0
472 3.59602e-07
473 4e-07
474 1.2e-07
475 4.4e-07
476 1.2e-07
477 1.2e-07
478 3.2e-07
479 1.2e-07
480 4e-07
481 2.4e-07
482 2e-07
483 4.4e-07
484 2e-07
485 5.2e-07
486 5.99602e-07
487 2e-07
488 2.4e-07
489 8e-08
490 1.6e-07
491 3.6e-07
492 1.2e-07
493 1.6e-07
494 1.6e-07
495 3.2e-07
496 3.6e-07
497 2.79602e-07
498 2e-07
499 4.8e-07
500 3.2e-07
501 2.4e-07
502 3.6e-07
503 2.8e-07
504 2.4e-07
505 2.8e-07
506 3.2e-07
507 2.79602e-07
508 1.2e-07
509 2e-07
510 3.2e-07
511 2e-07
512 2.8e-07
513 1.59208e-07
514 4.79204e-07
515 1.6e-07
516 2.39602e-07
517 4e-07
518 2.4e-07
519 2e-07
520 2.8e-07
521 3.19602e-07
522 1.99602e-07
523 3.99602e-07
524 3.99602e-07
525 2e-07
526 2.39602e-07
527 3.2e-07
528 4e-07
529 2.4e-07
530 1.2e-07
531 2.4e-07
532 2.4e-07
533 3.59602e-07
534 1.6e-07
535 3.19204e-07
536 3.2e-07
537 1.99208e-07
538 1.2e-07
539 2.4e-07
540 4.8e-07
541 2.39602e-07
542 2e-07
543 1.6e-07
544 1.6e-07
545 2.39602e-07
546 2e-07
547 3.6e-07
548 2.8e-07
549 2.4e-07
550 3.6e-07
551 2.4e-07
552 1.2e-07
553 2.79602e-07
554 1.2e-07
555 2.79602e-07
556 5.59204e-07
557 1.6e-07
558 1.2e-07
559 2.4e-07
560 3.6e-07
561 8e-08
562 2.4e-07
563 3.2e-07
564 1.6e-07
565 4e-07
566 1.6e-07
567 1.6e-07
568 2.4e-07
569 2.8e-07
570 4.8e-07
571 2.4e-07
572 1.99602e-07
573 3.59602e-07
574 3.6e-07
575 3.6e-07
576 1.2e-07
577 3.2e-07
578 1.59602e-07
579 1.2e-07
580 2.8e-07
581 2e-07
582 1.2e-07
583 2.4e-07
584 1.6e-07
585 1.2e-07
586 2.4e-07
587 1.6e-07
588 2.79602e-07
589 2e-07
590 8e-08
591 1.6e-07
592 2.4e-07
593 3.6e-07
594 2.4e-07
595 3.6e-07
596 8e-08
597 3.2e-07
598 1.6e-07
599 2.8e-07
600 3.6e-07
601 1.6e-07
602 2e-07
603 2.8e-07
604 3.99602e-07
605 2.79602e-07
606 8e-08
607 3.59602e-07
608 2.79602e-07
609 2.4e-07
610 2.4e-07
611 4.39602e-07
612 4e-07
613 2e-07
614 4e-07
615 4e-07
616 2.8e-07
617 2e-07
618 8e-08
619 2.4e-07
620 1.59602e-07
621 3.99602e-07
622 7.9602e-08
623 2.8e-07
624 8e-08
625 1.2e-07
626 2.39602e-07
627 2.4e-07
628 2.4e-07
629 2.79602e-07
630 2.39602e-07
631 4.8e-07
632 1.2e-07
633 3.99204e-07
634 2.4e-07
635 2.4e-07
636 2.8e-07
637 1.6e-07
638 1.2e-07
639 2e-07
640 2e-07
641 3.6e-07
642 2e-07
643 1.6e-07
644 2.4e-07
645 2.79602e-07
646 2.79602e-07
647 1.59204e-07
648 3.19602e-07
649 2.4e-07
650 1.6e-07
651 3.2e-07
652 2.8e-07
653 1.2e-07
654 3.6e-07
655 1.6e-07
656 2.8e-07
657 2.8e-07
658 1.2e-07
659 3.6e-07
660 4e-08
661 2.4e-07
662 2.8e-07
663 2.8e-07
664 2.4e-07
665 2e-07
666 3.2e-07
667 1.2e-07
668 4.4e-07
669 1.99602e-07
670 3.2e-07
671 2.8e-07
672 1.2e-07
673 3.6e-07
674 2.8e-07
675 2e-07
676 2.4e-07
677 3.99602e-07
678 1.19602e-07
679 3.2e-07
680 3.6e-07
681 2e-07
682 1.19602e-07
683 3.6e-07
684 3.19204e-07
685 1.2e-07
686 2.4e-07
687 3.99602e-07
688 2e-07
689 2.8e-07
690 3.19602e-07
691 3.19602e-07
692 2.4e-07
693 1.6e-07
694 1.19602e-07
695 2.4e-07
696 2.4e-07
697 3.19602e-07
698 3.19602e-07
699 4.39602e-07
700 1.2e-07
701 2.4e-07
702 2e-07
703 1.99602e-07
704 1.6e-07
705 2e-07
706 3.2e-07
707 2.4e-07
708 2.4e-07
709 2.4e-07
710 2.79602e-07
711 3.6e-07
712 3.6e-07
713 4.4e-07
714 3.2e-07
715 8e-08
716 2.8e-07
717 3.99204e-07
718 2.4e-07
719 1.2e-07
720 2.79602e-07
721 1.6e-07
722 3.19602e-07
723 1.99602e-07
724 3.19602e-07
725 2.4e-07
726 3.59208e-07
727 2.8e-07
728 2e-07
729 1.6e-07
730 4e-07
731 2.8e-07
732 1.2e-07
733 1.2e-07
734 1.2e-07
735 3.6e-07
736 1.6e-07
737 3.2e-07
738 2.39602e-07
739 3.2e-07
740 2.8e-07
741 2.79602e-07
742 2.4e-07
743 1.6e-07
744 2.8e-07
745 3.59204e-07
746 4e-08
747 3.2e-07
748 3.6e-07
749 2.4e-07
750 3.59204e-07
751 8e-08
752 3.2e-07
753 1.6e-07
754 1.2e-07
755 2.8e-07
756 3.6e-07
757 4e-07
758 2e-07
759 3.6e-07
760 2.4e-07
761 2.8e-07
762 2e-07
763 2.4e-07
764 3.2e-07
765 1.6e-07
766 2.4e-07
767 2.39602e-07
768 2e-07
769 8e-08
770 2.39602e-07
771 3.6e-07
772 1.2e-07
773 4e-08
774 1.6e-07
775 3.2e-07
776 2e-07
777 4e-07
778 2.4e-07
779 4e-07
780 1.59602e-07
781 2e-07
782 3.6e-07
783 8e-08
784 3.6e-07
785 2.39602e-07
786 1.2e-07
787 1.6e-07
788 1.99602e-07
789 1.6e-07
790 2.4e-07
791 1.2e-07
792 2.8e-07
793 4e-07
794 2.4e-07
795 2.39602e-07
796 2.8e-07
797 1.6e-07
798 2e-07
799 4e-07
800 3.59208e-07
801 2.4e-07
802 2.39602e-07
803 8e-08
804 3.6e-07
805 3.6e-07
806 2e-07
807 3.2e-07
808 3.59602e-07
809 3.59602e-07
810 3.2e-07
811 3.19208e-07
812 4e-07
813 2e-07
814 3.2e-07
815 3.2e-07
816 2.39602e-07
817 1.6e-07
818 2e-07
819 2.79602e-07
820 1.6e-07
821 1.6e-07
822 1.6e-07
823 2e-07
824 3.19602e-07
825 1.2e-07
826 8e-08
827 3.19602e-07
828 4e-07
829 8e-08
830 3.6e-07
831 2.4e-07
832 1.6e-07
833 4.4e-07
834 2.8e-07
835 3.6e-07
836 2.8e-07
837 3.99602e-07
838 1.2e-07
839 2.79602e-07
840 2.4e-07
841 3.19602e-07
842 8e-08
843 3.19602e-07
844 1.6e-07
845 2e-07
846 2.8e-07
847 1.99602e-07
848 2e-07
849 2e-07
850 2.8e-07
851 2.8e-07
852 2.79602e-07
853 4e-07
854 2e-07
855 3.99602e-07
856 2e-07
857 4e-07
858 2.8e-07
859 2e-07
860 1.99602e-07
861 1.19602e-07
862 1.6e-07
863 2.4e-07
864 3.6e-07
865 1.2e-07
866 3.19602e-07
867 2.8e-07
868 2.4e-07
869 2.8e-07
870 1.2e-07
871 2.4e-07
872 3.6e-07
873 1.2e-07
874 1.99602e-07
875 1.6e-07
876 2e-07
877 1.6e-07
878 2.4e-07
879 8e-08
880 2e-07
881 4e-08
882 8e-08
883 3.2e-07
884 3.2e-07
885 8e-08
886 2.8e-07
887 3.2e-07
888 2.39602e-07
889 3.2e-07
890 0
891 1.2e-07
892 1.6e-07
893 3.19602e-07
894 2.39208e-07
895 2.79204e-07
896 2e-07
897 2e-07
898 2e-07
899 2.39602e-07
900 2.4e-07
901 1.6e-07
902 1.6e-07
903 1.59602e-07
904 2.4e-07
905 2.8e-07
906 1.2e-07
907 2.8e-07
908 2e-07
909 2.79602e-07
910 2e-07
911 2.4e-07
912 1.2e-07
913 4e-08
914 5.2e-07
915 2.8e-07
916 2.39602e-07
917 2.8e-07
918 3.19602e-07
919 4.4e-07
920 8e-08
921 2.39602e-07
922 8e-08
923 2.8e-07
924 1.59602e-07
925 2e-07
926 3.2e-07
927 2e-07
928 1.6e-07
929 1.2e-07
930 3.99602e-07
931 2.39602e-07
932 2.8e-07
933 2e-07
934 2.4e-07
935 2.79204e-07
936 2e-07
937 2.8e-07
938 2.39602e-07
939 3.19208e-07
940 2e-07
941 2e-07
942 1.2e-07
943 1.99204e-07
944 1.6e-07
945 1.6e-07
946 3.59602e-07
947 3.2e-07
948 2.8e-07
949 2.8e-07
950 1.6e-07
951 8e-08
952 2.4e-07
953 2.8e-07
954 1.2e-07
955 4e-08
956 3.59602e-07
957 2e-07
958 2.8e-07
959 4.79602e-07
960 1.2e-07
961 1.2e-07
962 2.4e-07
963 2e-07
964 1.6e-07
965 2.39602e-07
966 2e-07
967 1.59602e-07
968 2.79602e-07
969 1.6e-07
970 1.99602e-07
971 2.8e-07
972 2.4e-07
973 4e-08
974 1.19602e-07
975 3.2e-07
976 2e-07
977 2e-07
978 1.6e-07
979 3.6e-07
980 2e-07
981 2.8e-07
982 2e-07
983 1.99602e-07
984 1.2e-07
985 2e-07
986 3.19602e-07
987 2.39602e-07
988 3.99602e-07
989 1.99602e-07
990 2.8e-07
991 3.19204e-07
992 1.2e-07
993 4.4e-07
994 3.2e-07
995 5.59204e-07
996 8e-08
997 1.6e-07
998 1.6e-07
999 0
