0 0
1 0.001136
2 0.00078
3 0.000652
4 0.000517472
5 0.000445472
6 0.000405472
7 0.000366943
8 0.000285472
9 0.000401472
10 0.000294943
11 0.000353472
12 0.000298943
13 0.000312415
14 0.000224
15 0.000272
16 0.000309472
17 0.00028
18 0.000181472
19 0.000265472
20 0.00028
21 0.00024
22 0.000236
23 0.000186943
24 0.000196
25 0.000197472
26 0.000168
27 0.00022
28 0.000216
29 0.000185472
30 0.000177472
31 0.000188
32 0.000184
33 0.000164
34 0.000166943
35 0.000182943
36 0.000197472
37 0.000184
38 0.000128
39 0.00016
40 0.000213472
41 0.000156
42 0.00014
43 0.000152
44 0.000184
45 0.000164
46 0.000125472
47 0.000164415
48 0.000142943
49 0.000112
50 0.000129472
51 0.000105472
52 0.000121472
53 0.000164
54 0.00014
55 0.000149472
56 0.000142943
57 0.000133472
58 0.000117472
59 0.00012
60 0.000104
61 0.000152
62 0.00014
63 0.000109472
64 0.000146943
65 0.000137472
66 0.000112
67 0.000132541
68 0.000112415
69 0.0001
70 9.6e-05
71 0.000148
72 0.000142013
73 0.000120541
74 0.000117472
75 8.4e-05
76 0.000129472
77 0.000105472
78 0.000110943
79 0.0001
80 0.000144
81 7.2e-05
82 0.000112
83 0.000108
84 7.74715e-05
85 8.14715e-05
86 0.000104
87 0.000108
88 0.000104
89 0.000104
90 7.6e-05
91 0.000104
92 9.2e-05
93 9.4943e-05
94 0.000112
95 0.000113472
96 9.2e-05
97 0.000104
98 9.6e-05
99 8.4e-05
100 9.2e-05
101 0.000106943
102 6.14715e-05
103 0.000118943
104 8.14715e-05
105 7.2e-05
106 9.34715e-05
107 0.000101472
108 8.4e-05
109 0.000101472
110 8.4e-05
111 6.8e-05
112 8.2943e-05
113 6.8e-05
114 9.8943e-05
115 6.14715e-05
116 8.4e-05
117 8.14715e-05
118 9.8943e-05
119 0.000108
120 9.34715e-05
121 7.74715e-05
122 0.0001
123 8.2943e-05
124 0.000102943
125 9.2e-05
126 0.000118943
127 8.8e-05
128 7.6e-05
129 8.14715e-05
130 4.54715e-05
131 8.54715e-05
132 8.54715e-05
133 8.94715e-05
134 6.4e-05
135 8.6943e-05
136 6.14715e-05
137 8.8e-05
138 8.4e-05
139 8.4e-05
140 0.000104
141 6.94715e-05
142 0.000109472
143 9.34715e-05
144 6.8e-05
145 7.6e-05
146 7.2e-05
147 7.6e-05
148 8.14715e-05
149 5.2e-05
150 5.6e-05
151 9.74715e-05
152 6.94715e-05
153 6.4e-05
154 6.94715e-05
155 6.14715e-05
156 7.6e-05
157 5.6e-05
158 6.4e-05
159 8e-05
160 6e-05
161 6.54715e-05
162 6e-05
163 4.8e-05
164 6.4e-05
165 5.34715e-05
166 6.14715e-05
167 6.94715e-05
168 9.6e-05
169 5.2e-05
170 7.34715e-05
171 7.34715e-05
172 5.2e-05
173 8e-05
174 4e-05
175 6.94715e-05
176 7.2e-05
177 7.6e-05
178 7.74715e-05
179 6.4e-05
180 7.2e-05
181 5.4943e-05
182 7.6e-05
183 5.78861e-05
184 6.4e-05
185 4.8e-05
186 6.94715e-05
187 5.34715e-05
188 5.6e-05
189 7.6e-05
190 7.6e-05
191 4e-05
192 7.2e-05
193 4.14715e-05
194 5.8943e-05
195 3.74715e-05
196 8.85413e-05
197 5.2e-05
198 5.8943e-05
199 7.64146e-05
200 6.94715e-05
201 6.14715e-05
202 3.8943e-05
203 8.4e-05
204 3.34715e-05
205 7.53576e-05
206 5.34715e-05
207 5.2e-05
208 5.2e-05
209 7.6e-05
210 3.2e-05
211 6.4e-05
212 5.74715e-05
213 4.94715e-05
214 6.94715e-05
215 4.54715e-05
216 6.94715e-05
217 6.14715e-05
218 7.54844e-05
219 5.6e-05
220 6e-05
221 6.54715e-05
222 4.54715e-05
223 4.4e-05
224 6.94715e-05
225 6.4e-05
226 5.74715e-05
227 4e-05
228 6e-05
229 6.2943e-05
230 7.0943e-05
231 6e-05
232 3.6e-05
233 6.4e-05
234 6e-05
235 4.54715e-05
236 5.2e-05
237 7.2e-05
238 3.6e-05
239 4.14715e-05
240 4.94715e-05
241 5.74715e-05
242 4.4e-05
243 4.14715e-05
244 7.6e-05
245 6.8e-05
246 5.6e-05
247 5.64146e-05
248 6e-05
249 8.2943e-05
250 3.74715e-05
251 5.6e-05
252 4.8e-05
253 4.94715e-05
254 9.0943e-05
255 8.4e-05
256 2.8e-05
257 4.14715e-05
258 8.8e-05
259 4.2943e-05
260 8.14715e-05
261 4e-05
262 5.74715e-05
263 4e-05
264 3.4943e-05
265 3.74715e-05
266 8.14715e-05
267 4.14715e-05
268 4.14715e-05
269 4.4e-05
270 7.2e-05
271 5.6e-05
272 4.14715e-05
273 5.34715e-05
274 3.4943e-05
275 6.8e-05
276 3.74715e-05
277 6e-05
278 5.34715e-05
279 4.14715e-05
280 5.34715e-05
281 5.2e-05
282 4.4e-05
283 4e-05
284 6.6943e-05
285 5.2e-05
286 4.8e-05
287 3.6e-05
288 3.8943e-05
289 4.14715e-05
290 5.4943e-05
291 5.2e-05
292 3.34715e-05
293 6.8e-05
294 4.6943e-05
295 5.2e-05
296 5.2e-05
297 4.94715e-05
298 4e-05
299 4.8e-05
300 4.54715e-05
301 4.2943e-05
302 6.14715e-05
303 5.6e-05
304 6e-05
305 4.54715e-05
306 2e-05
307 3.4943e-05
308 4.94715e-05
309 6.14715e-05
310 5.00129e-05
311 2.94715e-05
312 5.6e-05
313 5.74715e-05
314 3.2e-05
315 9.34715e-05
316 4.14715e-05
317 6.4e-05
318 4.94715e-05
319 3.6e-05
320 5.74715e-05
321 2.94715e-05
322 6.4e-05
323 3.8943e-05
324 4.4e-05
325 7.34715e-05
326 6.4e-05
327 8.2943e-05
328 5.2e-05
329 4.94715e-05
330 6.4e-05
331 8.14715e-05
332 6.54715e-05
333 4.14715e-05
334 5.74715e-05
335 4.84146e-05
336 6.8e-05
337 2e-05
338 4.8e-05
339 4.6943e-05
340 2.54715e-05
341 5.34715e-05
342 2.8e-05
343 5.74715e-05
344 5.4943e-05
345 2.54715e-05
346 4.54715e-05
347 5.2e-05
348 3.6e-05
349 4.14715e-05
350 5.2e-05
351 6.54715e-05
352 8.54715e-05
353 6.54715e-05
354 2.4e-05
355 3.4943e-05
356 4.8e-05
357 4.54715e-05
358 3.6e-05
359 3.2e-05
360 3.2e-05
361 4.4e-05
362 4e-05
363 4.8e-05
364 4.14715e-05
365 2.8e-05
366 4.4e-05
367 4.94715e-05
368 4.4e-05
369 5.34715e-05
370 3.34715e-05
371 3.8943e-05
372 6.54715e-05
373 4.8e-05
374 4.05413e-05
375 2.8e-05
376 6e-05
377 5.64146e-05
378 3.2e-05
379 5.6e-05
380 4.8e-05
381 6.14715e-05
382 4.8e-05
383 4e-05
384 6.14715e-05
385 4.8e-05
386 4.54715e-05
387 2.94715e-05
388 3.6e-05
389 5.2e-05
390 5.34715e-05
391 3.6e-05
392 5.2e-05
393 6e-05
394 3.74715e-05
395 5.2e-05
396 2.4e-05
397 4.8e-05
398 4.4e-05
399 2e-05
400 6e-05
401 6.94715e-05
402 3.2e-05
403 5.2e-05
404 3.6e-05
405 3.6e-05
406 2.6943e-05
407 1.2e-05
408 5.6e-05
409 4e-05
410 5.6e-05
411 6e-05
412 4.94715e-05
413 6.14715e-05
414 3.6e-05
415 4.2943e-05
416 4.8e-05
417 3.74715e-05
418 6e-05
419 6.6943e-05
420 4e-05
421 3.38861e-05
422 2e-05
423 3.2e-05
424 2.8e-05
425 4e-05
426 5.4943e-05
427 2.8e-05
428 4.4e-05
429 4.4e-05
430 4.14715e-05
431 1.74715e-05
432 3.6e-05
433 6.8e-05
434 4.4e-05
435 3.64146e-05
436 5.6e-05
437 4.54715e-05
438 2.4e-05
439 2.8e-05
440 6.4e-05
441 4.14715e-05
442 4.8e-05
443 3.6e-05
444 4.54715e-05
445 2.8e-05
446 2.54715e-05
447 4.8e-05
448 2e-05
449 3.80129e-05
450 1.6e-05
451 3.6e-05
452 6e-05
453 4.4e-05
454 3.2e-05
455 2.8e-05
456 5.8943e-05
457 4e-05
458 2.94715e-05
459 3.6e-05
460 4.54715e-05
461 8e-05
462 2e-05
463 2.8e-05
464 4.8e-05
465 4.4e-05
466 3.6e-05
467 2.8e-05
468 5.74715e-05
469 1.0943e-05
470 3.34715e-05
471 2.8e-05
472 3.74715e-05
473 3.2e-05
474 4.54715e-05
475 3.6e-05
476 2.4e-05
477 4e-05
478 3.2e-05
479 2.94715e-05
480 5.6e-05
481 1.74715e-05
482 7.2e-05
483 5.34715e-05
484 5.2e-05
485 1.8943e-05
486 2.6943e-05
487 4.2943e-05
488 3.6e-05
489 4.6943e-05
490 2.8e-05
491 1.6e-05
492 4.2943e-05
493 2.85413e-05
494 3.6e-05
495 6.4e-05
496 4.34844e-05
497 4e-05
498 2e-05
499 4.8e-05
500 4.04146e-05
501 3.24146e-05
502 3.74715e-05
503 4e-05
504 1.2e-05
505 2.94715e-05
506 2.8e-05
507 2.94715e-05
508 2.85413e-05
509 2.4e-05
510 4.94715e-05
511 4.14715e-05
512 2.14715e-05
513 1.61991e-05
514 4.4e-05
515 2.8e-05
516 4.4e-05
517 2.8e-05
518 4.4e-05
519 1.47152e-06
520 3.6e-05
521 4e-05
522 2e-05
523 4.4e-05
524 4.4e-05
525 1.74715e-05
526 4e-05
527 3.2e-05
528 3.2e-05
529 3.34715e-05
530 3.2e-05
531 5.74715e-05
532 1.2e-05
533 2.94715e-05
534 2.54715e-05
535 2.4e-05
536 4.8e-05
537 2.94715e-05
538 3.2e-05
539 3.6e-05
540 1.6e-05
541 2.8e-05
542 3.6e-05
543 2.6943e-05
544 1.74715e-05
545 4.14715e-05
546 4e-05
547 1.6e-05
548 2.54715e-05
549 6.2943e-05
550 5.0943e-05
551 3.2e-05
552 4.8e-05
553 3.4943e-05
554 4.14715e-05
555 3.40129e-05
556 2.4e-05
557 4e-05
558 2.8e-05
559 3.2e-05
560 3.6e-05
561 2.8e-05
562 2.8e-05
563 2.14715e-05
564 4e-05
565 4e-05
566 1.65413e-05
567 3.2e-05
568 2.94715e-05
569 2.54715e-05
570 3.24146e-05
571 2.4e-05
572 6.54715e-05
573 4.8e-05
574 3.6e-05
575 4e-05
576 4e-05
577 2.4e-05
578 1.2e-05
579 2e-05
580 3.0943e-05
581 4e-05
582 4e-05
583 2.54715e-05
584 1.0943e-05
585 3.4943e-05
586 3.2e-05
587 2.8e-05
588 2.4e-05
589 2.45413e-05
590 1.2e-05
591 3.34715e-05
592 1.6e-05
593 3.6e-05
594 3.34715e-05
595 4.6943e-05
596 2.4e-05
597 2e-05
598 3.6e-05
599 2.8e-05
600 2.14715e-05
601 6.4e-05
602 3.6e-05
603 3.74715e-05
604 2.4e-05
605 3.2e-05
606 2e-05
607 3.34715e-05
608 5.34715e-05
609 3.2e-05
610 4.8e-05
611 5.6e-05
612 4.14715e-05
613 2.8e-05
614 2.8e-05
615 6e-05
616 3.6e-05
617 3.34715e-05
618 2.6943e-05
619 8e-06
620 4.54715e-05
621 8e-06
622 1.74715e-05
623 5.34715e-05
624 2.2943e-05
625 3.2e-05
626 4.4e-05
627 3.34715e-05
628 4.4e-05
629 1.74715e-05
630 3.34715e-05
631 2.4e-05
632 5.6e-05
633 4.54715e-05
634 3.2e-05
635 2.6943e-05
636 3.6e-05
637 3.34715e-05
638 5.24146e-05
639 2.14715e-05
640 2.4e-05
641 2e-05
642 4.14715e-05
643 3.6e-05
644 3.0943e-05
645 2.4e-05
646 2.14715e-05
647 3.2e-05
648 3.4943e-05
649 4.14715e-05
650 3.74715e-05
651 2.8e-05
652 2.4e-05
653 2.4e-05
654 1.2e-05
655 2e-05
656 3.34715e-05
657 3.2e-05
658 3.34715e-05
659 3.6e-05
660 3.6e-05
661 1.8943e-05
662 2.49559e-05
663 3.2e-05
664 3.8943e-05
665 2.84146e-05
666 2.54715e-05
667 3.2e-05
668 2e-05
669 2e-05
670 3.2e-05
671 3.74715e-05
672 2.8e-05
673 1.6e-05
674 5.4943e-05
675 3.0943e-05
676 1.74715e-05
677 2.94715e-05
678 3.8943e-05
679 2.54715e-05
680 8e-06
681 2.45413e-05
682 3.74715e-05
683 2.4e-05
684 9.47152e-06
685 3.74715e-05
686 4.4e-05
687 3.74715e-05
688 5.2e-05
689 4.14715e-05
690 3.2e-05
691 3.74715e-05
692 2.14715e-05
693 3.6e-05
694 1.6e-05
695 2.94715e-05
696 2.14715e-05
697 2.8e-05
698 2.8e-05
699 2.94715e-05
700 3.2e-05
701 3.34715e-05
702 3.2e-05
703 3.2e-05
704 2.94715e-05
705 5.2e-05
706 2e-05
707 2.4e-05
708 2.4e-05
709 2e-05
710 3.34715e-05
711 2.54715e-05
712 2e-05
713 3.2e-05
714 1.8943e-05
715 3.6e-05
716 2.8e-05
717 3.34715e-05
718 3.11422e-05
719 2.4e-05
720 2.4e-05
721 3.2e-05
722 2.4e-05
723 3.2e-05
724 1.74715e-05
725 2.94715e-05
726 3.6e-05
727 2.4e-05
728 1.2e-05
729 3.34715e-05
730 2.4e-05
731 3.6e-05
732 2.4e-05
733 3.6e-05
734 2.54715e-05
735 1.34715e-05
736 3.34715e-05
737 2.8e-05
738 1.74715e-05
739 2e-05
740 2.8e-05
741 2.54715e-05
742 1.74715e-05
743 4.54715e-05
744 1.34715e-05
745 5.6e-05
746 1.6e-05
747 3.2e-05
748 3.74715e-05
749 4.2943e-05
750 2.8e-05
751 4.6943e-05
752 1.6e-05
753 2e-05
754 3.4943e-05
755 2.4e-05
756 2.8e-05
757 2e-05
758 2.6943e-05
759 5.0943e-05
760 2.94715e-05
761 1.74715e-05
762 2.4e-05
763 3.34715e-05
764 1.2e-05
765 2.8e-05
766 4.54715e-05
767 1.6e-05
768 1.6e-05
769 3.6e-05
770 4.14715e-05
771 3.34715e-05
772 4.4e-05
773 3.74715e-05
774 3.2e-05
775 8e-06
776 4.14715e-05
777 3.74715e-05
778 3.2e-05
779 2e-05
780 2.4e-05
781 4.14715e-05
782 4.54715e-05
783 3.74715e-05
784 1.8943e-05
785 2.8e-05
786 2.8e-05
787 4.8e-05
788 3.2e-05
789 3.8943e-05
790 3.74715e-05
791 2.8e-05
792 2.8e-05
793 2.44146e-05
794 1.4943e-05
795 3.8943e-05
796 4e-05
797 1.2e-05
798 1.74715e-05
799 1.74715e-05
800 2.54715e-05
801 2.4e-05
802 2.4e-05
803 2.04146e-05
804 2e-05
805 1.2e-05
806 2.94715e-05
807 2.4e-05
808 2.14715e-05
809 1.6e-05
810 1.80129e-05
811 4.94715e-05
812 2e-05
813 1.2e-05
814 4.54715e-05
815 2.8e-05
816 2e-05
817 2.94715e-05
818 1.6e-05
819 2.8e-05
820 2.85413e-05
821 3.74715e-05
822 3.2e-05
823 4e-05
824 1.74715e-05
825 2e-05
826 3.2e-05
827 3.34715e-05
828 3.2e-05
829 6e-05
830 1.6e-05
831 2e-05
832 4.8e-05
833 5.4943e-05
834 3.34715e-05
835 4.6943e-05
836 3.6e-05
837 2.4e-05
838 2.54715e-05
839 2e-05
840 2.94715e-05
841 1.6e-05
842 2e-05
843 2.54715e-05
844 2e-05
845 2.14715e-05
846 2e-05
847 2.54715e-05
848 4e-05
849 3.6e-05
850 2e-05
851 4.8e-05
852 1.74715e-05
853 3.2e-05
854 4.14715e-05
855 2.54715e-05
856 2.6943e-05
857 1.4943e-05
858 2.4e-05
859 1.6e-05
860 2.8e-05
861 3.6e-05
862 5.2e-05
863 6e-05
864 1.2e-05
865 9.47152e-06
866 3.0943e-05
867 1.74715e-05
868 1.34715e-05
869 2.14715e-05
870 3.8943e-05
871 2.6943e-05
872 4.54715e-05
873 3.74715e-05
874 2.54715e-05
875 4.8e-05
876 4.14715e-05
877 2.45413e-05
878 3.38861e-05
879 1.65413e-05
880 2e-05
881 2e-05
882 2.54715e-05
883 2.54715e-05
884 1.6e-05
885 2.54715e-05
886 1.34715e-05
887 2.8e-05
888 2.54715e-05
889 2.8e-05
890 4.14715e-05
891 2.4e-05
892 2e-05
893 2.8e-05
894 1.74715e-05
895 3.34715e-05
896 2e-05
897 1.45542e-05
898 1.74715e-05
899 6e-05
900 3.34715e-05
901 2.54715e-05
902 2e-05
903 1.74715e-05
904 2.54715e-05
905 2.14715e-05
906 3.6e-05
907 2.4e-05
908 3.64146e-05
909 5.2e-05
910 2.94715e-05
911 2.8e-05
912 1.6e-05
913 2e-05
914 1.6e-05
915 1.6e-05
916 3.74715e-05
917 2.54715e-05
918 2.4e-05
919 2.94715e-05
920 3.34715e-05
921 2e-05
922 1.6e-05
923 2.8e-05
924 2.8e-05
925 1.8943e-05
926 2.4e-05
927 3.6e-05
928 2e-05
929 2.54715e-05
930 3.0943e-05
931 3.74715e-05
932 4e-06
933 2.54715e-05
934 2.94715e-05
935 3.2e-05
936 1.2e-05
937 2e-05
938 2.74844e-05
939 4e-05
940 2e-05
941 3.2e-05
942 1.2e-05
943 4.14715e-05
944 1.4943e-05
945 8e-06
946 1.34715e-05
947 2.8e-05
948 2.8e-05
949 2.4e-05
950 1.2e-05
951 2.4e-05
952 2e-05
953 2e-05
954 4.2943e-05
955 1.2e-05
956 1.6e-05
957 4.14715e-05
958 1.6e-05
959 2.45413e-05
960 3.2e-05
961 2.45413e-05
962 2.14715e-05
963 2.84146e-05
964 2.8e-05
965 3.4943e-05
966 2.14715e-05
967 3.74715e-05
968 1.0943e-05
969 2.14715e-05
970 2.4e-05
971 2.4e-05
972 4.4e-05
973 2.8e-05
974 1.74715e-05
975 2.4e-05
976 3.6e-05
977 1.74715e-05
978 4e-05
979 4e-05
980 1.2e-05
981 1.6e-05
982 2e-05
983 1.74715e-05
984 2.44146e-05
985 1.74715e-05
986 1.8943e-05
987 3.34715e-05
988 2.14715e-05
989 2.54715e-05
990 2.54715e-05
991 3.2e-05
992 2.4e-05
993 4e-05
994 2.8e-05
995 3.4943e-05
996 4.54715e-05
997 1.74715e-05
998 2.8e-05
999 0
