0 0
1 1.176e-05
2 7.5596e-06
3 7.12e-06
4 5e-06
5 4.52e-06
6 4.16e-06
7 4.16e-06
8 3.76e-06
9 3.52e-06
10 3.28e-06
11 3.7192e-06
12 3.36e-06
13 3.48e-06
14 2.3592e-06
15 3.0392e-06
16 2.56e-06
17 1.92e-06
18 2.08e-06
19 1.8796e-06
20 2.1596e-06
21 2.36e-06
22 2.16e-06
23 1.56e-06
24 1.6396e-06
25 1.64e-06
26 2.04e-06
27 2.6396e-06
28 2.4396e-06
29 1.48e-06
30 1.7996e-06
31 1.64e-06
32 1.8e-06
33 1.4396e-06
34 1.48e-06
35 1.8e-06
36 1.6396e-06
37 1.68e-06
38 1.56e-06
39 1.6796e-06
40 1.95881e-06
41 1.4392e-06
42 9.19602e-07
43 1.2796e-06
44 1.2796e-06
45 1.16e-06
46 1.4396e-06
47 1.2792e-06
48 1.36e-06
49 1.48e-06
50 1.48e-06
51 9.99602e-07
52 1.16e-06
53 1.24e-06
54 1.24e-06
55 9.59602e-07
56 1.2392e-06
57 1.6396e-06
58 1.32e-06
59 1.28e-06
60 1.28e-06
61 1.4e-06
62 1.48e-06
63 1.1596e-06
64 1.2796e-06
65 1.5596e-06
66 9.6e-07
67 1.4396e-06
68 1.1996e-06
69 1.32e-06
70 1.1596e-06
71 1.0796e-06
72 4.4e-07
73 9.19204e-07
74 1.16e-06
75 8.79602e-07
76 1.4796e-06
77 1.4796e-06
78 8.8e-07
79 1.36e-06
80 1.1996e-06
81 1.2396e-06
82 1.2e-06
83 7.19602e-07
84 7.2e-07
85 1.28e-06
86 9.59602e-07
87 1.2792e-06
88 1.1192e-06
89 1.2e-06
90 7.98806e-07
91 8e-07
92 9.6e-07
93 1.0796e-06
94 1.0396e-06
95 1e-06
96 1.0796e-06
97 5.6e-07
98 8.4e-07
99 1.12e-06
100 1.0396e-06
101 9.58806e-07
102 7.6e-07
103 8.8e-07
104 8.39204e-07
105 9.19602e-07
106 1.08e-06
107 9.19204e-07
108 9.6e-07
109 4.4e-07
110 8e-07
111 6.79602e-07
112 9.6e-07
113 9.19602e-07
114 8.8e-07
115 1.1192e-06
116 5.19602e-07
117 5.59602e-07
118 5.2e-07
119 7.2e-07
120 8.39602e-07
121 8.4e-07
122 9.6e-07
123 9.2e-07
124 9.2e-07
125 6.4e-07
126 7.59602e-07
127 6.8e-07
128 9.98806e-07
129 6.39204e-07
130 9.99602e-07
131 5.59602e-07
132 8.8e-07
133 8.4e-07
134 6.4e-07
135 7.99204e-07
136 5.6e-07
137 8e-07
138 5.6e-07
139 1e-06
140 6.4e-07
141 7.99602e-07
142 8.4e-07
143 6e-07
144 7.19602e-07
145 1.08e-06
146 5.99204e-07
147 6e-07
148 6.4e-07
149 6.39602e-07
150 8.8e-07
151 1.2796e-06
152 7.2e-07
153 6.79602e-07
154 6.79204e-07
155 6.39602e-07
156 6.79204e-07
157 8.39602e-07
158 7.99204e-07
159 7.6e-07
160 5.6e-07
161 6.8e-07
162 6.4e-07
163 6.79602e-07
164 8.79204e-07
165 5.59204e-07
166 8.79602e-07
167 9.99602e-07
168 8.79602e-07
169 9.99602e-07
170 7.2e-07
171 5.19602e-07
172 5.59602e-07
173 6.79602e-07
174 5.59602e-07
175 7.2e-07
176 6.79204e-07
177 8.39602e-07
178 6.4e-07
179 6.8e-07
180 4.79602e-07
181 5.59602e-07
182 5.59602e-07
183 8e-07
184 5.59602e-07
185 8e-07
186 6.8e-07
187 7.19602e-07
188 5.6e-07
189 5.6e-07
190 5.99602e-07
191 6e-07
192 8e-07
193 9.2e-07
194 4.4e-07
195 4e-07
196 7.2e-07
197 7.2e-07
198 4.4e-07
199 4.4e-07
200 8.39602e-07
201 6.4e-07
202 6.4e-07
203 7.6e-07
204 4.79602e-07
205 3.99602e-07
206 7.6e-07
207 4e-07
208 5.99204e-07
209 7.2e-07
210 5.59602e-07
211 6.39602e-07
212 4.79602e-07
213 8.39602e-07
214 7.99602e-07
215 5.2e-07
216 3.2e-07
217 3.99602e-07
218 4.4e-07
219 4.4e-07
220 5.19602e-07
221 7.6e-07
222 6.39602e-07
223 5.2e-07
224 8.4e-07
225 4.4e-07
226 8.8e-07
227 3.6e-07
228 6.79204e-07
229 4.79602e-07
230 2.8e-07
231 6.8e-07
232 6e-07
233 6.8e-07
234 8.4e-07
235 6.4e-07
236 6.39602e-07
237 5.6e-07
238 4.4e-07
239 6.38806e-07
240 4.4e-07
241 5.2e-07
242 5.6e-07
243 6.79602e-07
244 7.6e-07
245 2.4e-07
246 4.8e-07
247 6e-07
248 4.8e-07
249 3.2e-07
250 7.59204e-07
251 6e-07
252 7.19204e-07
253 5.59602e-07
254 2.4e-07
255 5.99602e-07
256 6.8e-07
257 3.99602e-07
258 8.39602e-07
259 5.2e-07
260 6.39602e-07
261 8e-07
262 6e-07
263 5.59602e-07
264 3.99204e-07
265 5.19602e-07
266 3.99602e-07
267 5.59602e-07
268 3.19602e-07
269 8.4e-07
270 5.98806e-07
271 4.39204e-07
272 6.79602e-07
273 3.6e-07
274 5.59602e-07
275 7.59602e-07
276 3.59602e-07
277 4e-07
278 3.99204e-07
279 5.59204e-07
280 5.59204e-07
281 5.2e-07
282 3.99602e-07
283 5.99208e-07
284 6.8e-07
285 8.8e-07
286 6e-07
287 5.6e-07
288 4.39204e-07
289 5.6e-07
290 6e-07
291 4.4e-07
292 3.59204e-07
293 6e-07
294 5.59602e-07
295 2.8e-07
296 7.19204e-07
297 3.99602e-07
298 6e-07
299 3.6e-07
300 8e-07
301 3.99602e-07
302 5.6e-07
303 1.2e-07
304 7.19602e-07
305 4.39204e-07
306 6e-07
307 4.39602e-07
308 5.2e-07
309 5.2e-07
310 6e-07
311 4.4e-07
312 4e-07
313 5.2e-07
314 7.19602e-07
315 5.2e-07
316 4e-07
317 5.99602e-07
318 5.59602e-07
319 3.99204e-07
320 4.8e-07
321 4.8e-07
322 4.79602e-07
323 4.4e-07
324 5.99602e-07
325 4.4e-07
326 5.59602e-07
327 4.4e-07
328 5.2e-07
329 4.79602e-07
330 8.78408e-07
331 3.2e-07
332 2.4e-07
333 2.8e-07
334 4.4e-07
335 5.6e-07
336 6.39204e-07
337 4.8e-07
338 3.59602e-07
339 4.79204e-07
340 3.99602e-07
341 3.2e-07
342 6e-07
343 2.8e-07
344 6.79602e-07
345 3.2e-07
346 2.8e-07
347 5.59602e-07
348 5.6e-07
349 3.2e-07
350 6.39602e-07
351 6.4e-07
352 5.99602e-07
353 4.4e-07
354 4.39602e-07
355 5.6e-07
356 4.79602e-07
357 3.6e-07
358 4.8e-07
359 4.39204e-07
360 2e-07
361 9.59204e-07
362 3.59602e-07
363 6.79602e-07
364 4.4e-07
365 5.19204e-07
366 3.59602e-07
367 4.8e-07
368 5.2e-07
369 4.4e-07
370 6.8e-07
371 3.6e-07
372 4.79602e-07
373 5.2e-07
374 5.6e-07
375 4.39602e-07
376 3.6e-07
377 3.2e-07
378 5.6e-07
379 7.19602e-07
380 4e-07
381 3.99602e-07
382 1.99602e-07
383 4.8e-07
384 3.2e-07
385 5.99602e-07
386 4.4e-07
387 2.39602e-07
388 5.6e-07
389 3.6e-07
390 6e-07
391 3.99602e-07
392 2.4e-07
393 5.2e-07
394 2.79204e-07
395 6e-07
396 4.4e-07
397 4.4e-07
398 4.79602e-07
399 5.19602e-07
400 1.99602e-07
401 4.8e-07
402 5.59602e-07
403 5.99602e-07
404 4.39602e-07
405 6.4e-07
406 4.39204e-07
407 5.99602e-07
408 5.19602e-07
409 4.4e-07
410 2.4e-07
411 5.1881e-07
412 7.99204e-07
413 6.8e-07
414 7.19204e-07
415 3.2e-07
416 4e-07
417 3.99602e-07
418 5.59602e-07
419 4.4e-07
420 3.2e-07
421 5.99602e-07
422 2.39602e-07
423 3.99602e-07
424 4.79602e-07
425 4e-07
426 3.59602e-07
427 2.4e-07
428 4.79602e-07
429 3.99602e-07
430 7.2e-07
431 4.39602e-07
432 3.6e-07
433 4e-07
434 1.6e-07
435 3.19602e-07
436 6e-07
437 4.8e-07
438 4.4e-07
439 3.6e-07
440 4.8e-07
441 6e-07
442 4.39602e-07
443 3.59602e-07
444 3.99602e-07
445 6.39602e-07
446 3.19602e-07
447 4.8e-07
448 3.6e-07
449 3.99602e-07
450 3.99602e-07
451 2.4e-07
452 2.8e-07
453 4.39602e-07
454 4e-07
455 4.39602e-07
456 2.4e-07
457 2.79602e-07
458 6.39602e-07
459 2e-07
460 4.39602e-07
461 4.39204e-07
462 1.6e-07
463 3.99602e-07
464 3.59602e-07
465 5.19602e-07
466 6.4e-07
467 3.59204e-07
468 5.2e-07
469 3.6e-07
470 4.39602e-07
471 5.6e-07
472 5.19602e-07
473 2.39602e-07
474 5.2e-07
475 2.4e-07
476 4.8e-07
477 3.19602e-07
478 5.19602e-07
479 4.39602e-07
480 2.39602e-07
481 4.79602e-07
482 3.19602e-07
483 5.6e-07
484 5.99602e-07
485 4.39602e-07
486 3.2e-07
487 2.8e-07
488 6e-07
489 2.79602e-07
490 3.2e-07
491 4.39602e-07
492 1.19602e-07
493 4.8e-07
494 2.79602e-07
495 2.4e-07
496 5.59602e-07
497 4.39204e-07
498 2e-07
499 5.19602e-07
500 2e-07
501 3.2e-07
502 3.6e-07
503 5.99602e-07
504 3.99602e-07
505 3.6e-07
506 3.98806e-07
507 4.8e-07
508 4.79602e-07
509 3.59602e-07
510 4.4e-07
511 4e-07
512 2.4e-07
513 4.39602e-07
514 5.19602e-07
515 3.6e-07
516 3.99602e-07
517 2.8e-07
518 2.4e-07
519 3.2e-07
520 4.4e-07
521 3.99204e-07
522 2.8e-07
523 4.79602e-07
524 4e-07
525 2.8e-07
526 5.59602e-07
527 4e-07
528 2.79602e-07
529 5.19208e-07
530 4.8e-07
531 4.4e-07
532 6.8e-07
533 3.2e-07
534 2.4e-07
535 3.19602e-07
536 5.19602e-07
537 4.39602e-07
538 3.59208e-07
539 1.6e-07
540 2.8e-07
541 4e-07
542 3.6e-07
543 3.5881e-07
544 3.2e-07
545 2.39602e-07
546 2.4e-07
547 4.39602e-07
548 4.4e-07
549 8.39602e-07
550 4.8e-07
551 3.19602e-07
552 2.8e-07
553 3.19602e-07
554 3.59602e-07
555 4.79204e-07
556 3.2e-07
557 4.39204e-07
558 4.8e-07
559 4.39602e-07
560 1.99602e-07
561 1.6e-07
562 3.98806e-07
563 4e-07
564 5.6e-07
565 4.79602e-07
566 5.19602e-07
567 4.4e-07
568 3.6e-07
569 3.6e-07
570 3.19602e-07
571 3.99602e-07
572 4.39204e-07
573 3.2e-07
574 2.4e-07
575 1.2e-07
576 2.8e-07
577 3.6e-07
578 2e-07
579 2.4e-07
580 2.8e-07
581 4.8e-07
582 5.98806e-07
583 7.59602e-07
584 4e-07
585 2.39204e-07
586 5.6e-07
587 5.2e-07
588 4.79204e-07
589 2e-07
590 3.99602e-07
591 2.8e-07
592 3.99602e-07
593 4e-07
594 2.39602e-07
595 3.6e-07
596 1.99602e-07
597 2.4e-07
598 3.6e-07
599 6.39204e-07
600 1.2e-07
601 2e-07
602 4e-07
603 2.4e-07
604 4.39602e-07
605 2e-07
606 3.59602e-07
607 3.2e-07
608 2.79602e-07
609 5.2e-07
610 4.4e-07
611 5.59602e-07
612 2.4e-07
613 2.39602e-07
614 3.59602e-07
615 2.4e-07
616 2.79208e-07
617 2.79602e-07
618 1.99602e-07
619 4.4e-07
620 4.39208e-07
621 5.2e-07
622 2.4e-07
623 2.79602e-07
624 3.6e-07
625 3.2e-07
626 3.2e-07
627 3.59602e-07
628 6.39602e-07
629 4.4e-07
630 3.19204e-07
631 4.8e-07
632 3.99602e-07
633 3.2e-07
634 2.79602e-07
635 2.4e-07
636 2.39602e-07
637 3.6e-07
638 5.99602e-07
639 4e-07
640 4.39602e-07
641 4.38806e-07
642 2.8e-07
643 2.4e-07
644 4.39602e-07
645 3.6e-07
646 4.4e-07
647 4.8e-07
648 2.4e-07
649 3.6e-07
650 2.8e-07
651 3.19602e-07
652 3.19602e-07
653 4.39204e-07
654 2.79602e-07
655 4.8e-07
656 5.59602e-07
657 2e-07
658 1.6e-07
659 4.8e-07
660 3.2e-07
661 4.39602e-07
662 1.99204e-07
663 2.4e-07
664 5.19602e-07
665 2.39208e-07
666 1.2e-07
667 3.19602e-07
668 2.79602e-07
669 2.8e-07
670 5.2e-07
671 4e-07
672 4e-07
673 3.2e-07
674 4.8e-07
675 3.19602e-07
676 2.8e-07
677 2e-07
678 2.39602e-07
679 5.19204e-07
680 3.19602e-07
681 4.8e-07
682 4.4e-07
683 3.19208e-07
684 1.2e-07
685 2.4e-07
686 5.99602e-07
687 4.8e-07
688 3.59602e-07
689 2.39204e-07
690 2.79602e-07
691 1.99602e-07
692 3.6e-07
693 3.99602e-07
694 1.99204e-07
695 3.2e-07
696 2.8e-07
697 3.59602e-07
698 3.6e-07
699 2.4e-07
700 2.4e-07
701 3.2e-07
702 5.2e-07
703 2.4e-07
704 3.6e-07
705 3.19602e-07
706 4.79602e-07
707 3.19602e-07
708 5.19602e-07
709 3.59602e-07
710 3.6e-07
711 4.8e-07
712 4e-07
713 2.79602e-07
714 2.4e-07
715 3.19602e-07
716 5.59602e-07
717 2e-07
718 2.79602e-07
719 2.39602e-07
720 2.79602e-07
721 3.6e-07
722 4.79602e-07
723 2.8e-07
724 2.8e-07
725 1.99602e-07
726 1.6e-07
727 3.19204e-07
728 3.19602e-07
729 2.79602e-07
730 2.8e-07
731 4e-07
732 1.99602e-07
733 4e-07
734 4.79602e-07
735 4.8e-07
736 3.59602e-07
737 3.2e-07
738 4.8e-07
739 3.6e-07
740 2.79602e-07
741 1.99602e-07
742 3.6e-07
743 4e-07
744 1.59602e-07
745 2.79602e-07
746 2.4e-07
747 4e-07
748 3.19204e-07
749 2.4e-07
750 1.2e-07
751 4.39204e-07
752 3.59602e-07
753 2.8e-07
754 2.8e-07
755 2.3881e-07
756 2e-07
757 3.99204e-07
758 2.4e-07
759 3.59204e-07
760 2.8e-07
761 3.2e-07
762 5.2e-07
763 2.8e-07
764 1.99602e-07
765 4.79602e-07
766 5.19602e-07
767 3.19208e-07
768 4.4e-07
769 3.59602e-07
770 2.8e-07
771 4.79602e-07
772 3.2e-07
773 4.4e-07
774 1.59602e-07
775 3.59602e-07
776 1.99602e-07
777 3.6e-07
778 4.79602e-07
779 6.79602e-07
780 3.59602e-07
781 2.8e-07
782 2.79602e-07
783 4.39602e-07
784 1.6e-07
785 2.39602e-07
786 3.2e-07
787 2e-07
788 1.2e-07
789 1.59204e-07
790 2e-07
791 2.4e-07
792 2.4e-07
793 4.39602e-07
794 2.4e-07
795 2.4e-07
796 2e-07
797 4.8e-07
798 2.8e-07
799 3.2e-07
800 8e-08
801 3.6e-07
802 4e-07
803 2.4e-07
804 1.99204e-07
805 4e-07
806 3.2e-07
807 3.6e-07
808 1.6e-07
809 1.59602e-07
810 2e-07
811 3.19602e-07
812 3.19602e-07
813 2.4e-07
814 2e-07
815 3.6e-07
816 3.59204e-07
817 3.1881e-07
818 2.39602e-07
819 2.39602e-07
820 1.99602e-07
821 2e-07
822 4.4e-07
823 1.2e-07
824 3.59204e-07
825 4.8e-07
826 1.99602e-07
827 3.18806e-07
828 2e-07
829 2.8e-07
830 2.39602e-07
831 4.39602e-07
832 1.99602e-07
833 3.2e-07
834 3.2e-07
835 1.6e-07
836 1.6e-07
837 3.99204e-07
838 2.39602e-07
839 3.6e-07
840 3.99602e-07
841 3.6e-07
842 2.8e-07
843 4.4e-07
844 3.19602e-07
845 3.98014e-07
846 2.39602e-07
847 3.59208e-07
848 4e-07
849 3.6e-07
850 3.19602e-07
851 3.99602e-07
852 2.8e-07
853 1.99602e-07
854 2.4e-07
855 2.8e-07
856 3.2e-07
857 2.8e-07
858 2e-07
859 2e-07
860 3.59602e-07
861 2.8e-07
862 3.6e-07
863 4.4e-07
864 3.2e-07
865 4.79602e-07
866 3.2e-07
867 2.39602e-07
868 1.59602e-07
869 1.6e-07
870 2.39602e-07
871 2.8e-07
872 2.39602e-07
873 2.4e-07
874 3.19602e-07
875 2.4e-07
876 2.4e-07
877 3.6e-07
878 3.2e-07
879 4e-07
880 2.8e-07
881 2.4e-07
882 2.8e-07
883 2.39602e-07
884 3.6e-07
885 4e-07
886 2e-07
887 3.19204e-07
888 2e-07
889 3.58408e-07
890 2e-07
891 3.2e-07
892 3.19204e-07
893 2e-07
894 1.6e-07
895 2.8e-07
896 3.59602e-07
897 8.38806e-07
898 2.39602e-07
899 2.4e-07
900 3.19602e-07
901 1.2e-07
902 2e-07
903 2e-07
904 5.99204e-07
905 1.2e-07
906 5.19602e-07
907 3.59602e-07
908 3.6e-07
909 4.39602e-07
910 2.79602e-07
911 2.4e-07
912 2.79204e-07
913 1.98818e-07
914 2.8e-07
915 2.4e-07
916 3.2e-07
917 4.39602e-07
918 2.39602e-07
919 3.99602e-07
920 2e-07
921 2.39602e-07
922 2.79602e-07
923 4e-08
924 3.6e-07
925 3.59204e-07
926 3.19602e-07
927 3.99602e-07
928 3.59204e-07
929 3.99204e-07
930 2e-07
931 4e-07
932 2.8e-07
933 3.99602e-07
934 2e-07
935 4.7881e-07
936 3.99602e-07
937 1.6e-07
938 2.79602e-07
939 5.59602e-07
940 7.9204e-08
941 3.59602e-07
942 3.19602e-07
943 2.4e-07
944 3.6e-07
945 3.58806e-07
946 1.6e-07
947 2.4e-07
948 5.59602e-07
949 2.8e-07
950 2.79602e-07
951 3.59204e-07
952 2.79602e-07
953 2e-07
954 3.19602e-07
955 3.99602e-07
956 3.2e-07
957 1.6e-07
958 2.79204e-07
959 2e-07
960 3.2e-07
961 2e-07
962 3.2e-07
963 1.6e-07
964 4.79602e-07
965 1.6e-07
966 3.19204e-07
967 2.39602e-07
968 4e-07
969 2.8e-07
970 4.79204e-07
971 2e-07
972 1.6e-07
973 2.39602e-07
974 3.99204e-07
975 2.8e-07
976 1.99602e-07
977 2.4e-07
978 2.4e-07
979 4e-07
980 2.4e-07
981 5.19602e-07
982 1.6e-07
983 2.79602e-07
984 1.99602e-07
985 1.6e-07
986 4.39602e-07
987 1.99602e-07
988 3.6e-07
989 3.59204e-07
990 1.2e-07
991 3.6e-07
992 4.39208e-07
993 2.4e-07
994 3.2e-07
995 2e-07
996 2.79602e-07
997 4e-08
998 2.4e-07
999 0
