0 0
1 0.0001136
2 7.8e-05
3 6.52e-05
4 5.19619e-05
5 4.47619e-05
6 4.07619e-05
7 3.71239e-05
8 2.87619e-05
9 4.03619e-05
10 2.99239e-05
11 3.55619e-05
12 3.03239e-05
13 3.18858e-05
14 2.24e-05
15 2.72e-05
16 3.11619e-05
17 2.8e-05
18 1.83619e-05
19 2.67619e-05
20 2.8e-05
21 2.4e-05
22 2.36e-05
23 1.91239e-05
24 1.96e-05
25 1.99619e-05
26 1.68e-05
27 2.2e-05
28 2.16e-05
29 1.87619e-05
30 1.79619e-05
31 1.88e-05
32 1.84e-05
33 1.64e-05
34 1.71239e-05
35 1.87239e-05
36 1.99619e-05
37 1.84e-05
38 1.28e-05
39 1.6e-05
40 2.15619e-05
41 1.56e-05
42 1.4e-05
43 1.52e-05
44 1.84e-05
45 1.64e-05
46 1.27619e-05
47 1.70858e-05
48 1.47239e-05
49 1.12e-05
50 1.31619e-05
51 1.07619e-05
52 1.23619e-05
53 1.64e-05
54 1.4e-05
55 1.51619e-05
56 1.47239e-05
57 1.35619e-05
58 1.19619e-05
59 1.2e-05
60 1.04e-05
61 1.52e-05
62 1.4e-05
63 1.11619e-05
64 1.51239e-05
65 1.39619e-05
66 1.12e-05
67 1.35275e-05
68 1.18858e-05
69 1e-05
70 9.6e-06
71 1.48e-05
72 1.46894e-05
73 1.23275e-05
74 1.19619e-05
75 8.4e-06
76 1.31619e-05
77 1.07619e-05
78 1.15239e-05
79 1e-05
80 1.44e-05
81 7.2e-06
82 1.12e-05
83 1.08e-05
84 7.96193e-06
85 8.36193e-06
86 1.04e-05
87 1.08e-05
88 1.04e-05
89 1.04e-05
90 7.6e-06
91 1.04e-05
92 9.2e-06
93 9.92387e-06
94 1.12e-05
95 1.15619e-05
96 9.2e-06
97 1.04e-05
98 9.6e-06
99 8.4e-06
100 9.2e-06
101 1.11239e-05
102 6.36193e-06
103 1.23239e-05
104 8.36193e-06
105 7.2e-06
106 9.56193e-06
107 1.03619e-05
108 8.4e-06
109 1.03619e-05
110 8.4e-06
111 6.8e-06
112 8.72387e-06
113 6.8e-06
114 1.03239e-05
115 6.36193e-06
116 8.4e-06
117 8.36193e-06
118 1.03239e-05
119 1.08e-05
120 9.56193e-06
121 7.96193e-06
122 1e-05
123 8.72387e-06
124 1.07239e-05
125 9.2e-06
126 1.23239e-05
127 8.8e-06
128 7.6e-06
129 8.36193e-06
130 4.76193e-06
131 8.76193e-06
132 8.76193e-06
133 9.16193e-06
134 6.4e-06
135 9.12387e-06
136 6.36193e-06
137 8.8e-06
138 8.4e-06
139 8.4e-06
140 1.04e-05
141 7.16193e-06
142 1.11619e-05
143 9.56193e-06
144 6.8e-06
145 7.6e-06
146 7.2e-06
147 7.6e-06
148 8.36193e-06
149 5.2e-06
150 5.6e-06
151 9.96193e-06
152 7.16193e-06
153 6.4e-06
154 7.16193e-06
155 6.36193e-06
156 7.6e-06
157 5.6e-06
158 6.4e-06
159 8e-06
160 6e-06
161 6.76193e-06
162 6e-06
163 4.8e-06
164 6.4e-06
165 5.56193e-06
166 6.36193e-06
167 7.16193e-06
168 9.6e-06
169 5.2e-06
170 7.56193e-06
171 7.56193e-06
172 5.2e-06
173 8e-06
174 4e-06
175 7.16193e-06
176 7.2e-06
177 7.6e-06
178 7.96193e-06
179 6.4e-06
180 7.2e-06
181 5.92387e-06
182 7.6e-06
183 6.64774e-06
184 6.4e-06
185 4.8e-06
186 7.16193e-06
187 5.56193e-06
188 5.6e-06
189 7.6e-06
190 7.6e-06
191 4e-06
192 7.2e-06
193 4.36193e-06
194 6.32387e-06
195 3.96193e-06
196 9.12749e-06
197 5.2e-06
198 6.32387e-06
199 8.2858e-06
200 7.16193e-06
201 6.36193e-06
202 4.32387e-06
203 8.4e-06
204 3.56193e-06
205 8.60967e-06
206 5.56193e-06
207 5.2e-06
208 5.2e-06
209 7.6e-06
210 3.2e-06
211 6.4e-06
212 5.96193e-06
213 5.16193e-06
214 7.16193e-06
215 4.76193e-06
216 7.16193e-06
217 6.36193e-06
218 8.25136e-06
219 5.6e-06
220 6e-06
221 6.76193e-06
222 4.76193e-06
223 4.4e-06
224 7.16193e-06
225 6.4e-06
226 5.96193e-06
227 4e-06
228 6e-06
229 6.72387e-06
230 7.52387e-06
231 6e-06
232 3.6e-06
233 6.4e-06
234 6e-06
235 4.76193e-06
236 5.2e-06
237 7.2e-06
238 3.6e-06
239 4.36193e-06
240 5.16193e-06
241 5.96193e-06
242 4.4e-06
243 4.36193e-06
244 7.6e-06
245 6.8e-06
246 5.6e-06
247 6.2858e-06
248 6e-06
249 8.72387e-06
250 3.96193e-06
251 5.6e-06
252 4.8e-06
253 5.16193e-06
254 9.52387e-06
255 8.4e-06
256 2.8e-06
257 4.36193e-06
258 8.8e-06
259 4.72387e-06
260 8.36193e-06
261 4e-06
262 5.96193e-06
263 4e-06
264 3.92387e-06
265 3.96193e-06
266 8.36193e-06
267 4.36193e-06
268 4.36193e-06
269 4.4e-06
270 7.2e-06
271 5.6e-06
272 4.36193e-06
273 5.56193e-06
274 3.92387e-06
275 6.8e-06
276 3.96193e-06
277 6e-06
278 5.56193e-06
279 4.36193e-06
280 5.56193e-06
281 5.2e-06
282 4.4e-06
283 4e-06
284 7.12387e-06
285 5.2e-06
286 4.8e-06
287 3.6e-06
288 4.32387e-06
289 4.36193e-06
290 5.92387e-06
291 5.2e-06
292 3.56193e-06
293 6.8e-06
294 5.12387e-06
295 5.2e-06
296 5.2e-06
297 5.16193e-06
298 4e-06
299 4.8e-06
300 4.76193e-06
301 4.72387e-06
302 6.36193e-06
303 5.6e-06
304 6e-06
305 4.76193e-06
306 2e-06
307 3.92387e-06
308 5.16193e-06
309 6.36193e-06
310 5.48943e-06
311 3.16193e-06
312 5.6e-06
313 5.96193e-06
314 3.2e-06
315 9.56193e-06
316 4.36193e-06
317 6.4e-06
318 5.16193e-06
319 3.6e-06
320 5.96193e-06
321 3.16193e-06
322 6.4e-06
323 4.32387e-06
324 4.4e-06
325 7.56193e-06
326 6.4e-06
327 8.72387e-06
328 5.2e-06
329 5.16193e-06
330 6.4e-06
331 8.36193e-06
332 6.76193e-06
333 4.36193e-06
334 5.96193e-06
335 5.4858e-06
336 6.8e-06
337 2e-06
338 4.8e-06
339 5.12387e-06
340 2.76193e-06
341 5.56193e-06
342 2.8e-06
343 5.96193e-06
344 5.92387e-06
345 2.76193e-06
346 4.76193e-06
347 5.2e-06
348 3.6e-06
349 4.36193e-06
350 5.2e-06
351 6.76193e-06
352 8.76193e-06
353 6.76193e-06
354 2.4e-06
355 3.92387e-06
356 4.8e-06
357 4.76193e-06
358 3.6e-06
359 3.2e-06
360 3.2e-06
361 4.4e-06
362 4e-06
363 4.8e-06
364 4.36193e-06
365 2.8e-06
366 4.4e-06
367 5.16193e-06
368 4.4e-06
369 5.56193e-06
370 3.56193e-06
371 4.32387e-06
372 6.76193e-06
373 4.8e-06
374 4.32749e-06
375 2.8e-06
376 6e-06
377 6.2858e-06
378 3.2e-06
379 5.6e-06
380 4.8e-06
381 6.36193e-06
382 4.8e-06
383 4e-06
384 6.36193e-06
385 4.8e-06
386 4.76193e-06
387 3.16193e-06
388 3.6e-06
389 5.2e-06
390 5.56193e-06
391 3.6e-06
392 5.2e-06
393 6e-06
394 3.96193e-06
395 5.2e-06
396 2.4e-06
397 4.8e-06
398 4.4e-06
399 2e-06
400 6e-06
401 7.16193e-06
402 3.2e-06
403 5.2e-06
404 3.6e-06
405 3.6e-06
406 3.12387e-06
407 1.2e-06
408 5.6e-06
409 4e-06
410 5.6e-06
411 6e-06
412 5.16193e-06
413 6.36193e-06
414 3.6e-06
415 4.72387e-06
416 4.8e-06
417 3.96193e-06
418 6e-06
419 7.12387e-06
420 4e-06
421 4.24774e-06
422 2e-06
423 3.2e-06
424 2.8e-06
425 4e-06
426 5.92387e-06
427 2.8e-06
428 4.4e-06
429 4.4e-06
430 4.36193e-06
431 1.96193e-06
432 3.6e-06
433 6.8e-06
434 4.4e-06
435 4.2858e-06
436 5.6e-06
437 4.76193e-06
438 2.4e-06
439 2.8e-06
440 6.4e-06
441 4.36193e-06
442 4.8e-06
443 3.6e-06
444 4.76193e-06
445 2.8e-06
446 2.76193e-06
447 4.8e-06
448 2e-06
449 4.28943e-06
450 1.6e-06
451 3.6e-06
452 6e-06
453 4.4e-06
454 3.2e-06
455 2.8e-06
456 6.32387e-06
457 4e-06
458 3.16193e-06
459 3.6e-06
460 4.76193e-06
461 8e-06
462 2e-06
463 2.8e-06
464 4.8e-06
465 4.4e-06
466 3.6e-06
467 2.8e-06
468 5.96193e-06
469 1.52387e-06
470 3.56193e-06
471 2.8e-06
472 3.96193e-06
473 3.2e-06
474 4.76193e-06
475 3.6e-06
476 2.4e-06
477 4e-06
478 3.2e-06
479 3.16193e-06
480 5.6e-06
481 1.96193e-06
482 7.2e-06
483 5.56193e-06
484 5.2e-06
485 2.32387e-06
486 3.12387e-06
487 4.72387e-06
488 3.6e-06
489 5.12387e-06
490 2.8e-06
491 1.6e-06
492 4.72387e-06
493 3.12749e-06
494 3.6e-06
495 6.4e-06
496 5.05136e-06
497 4e-06
498 2e-06
499 4.8e-06
500 4.6858e-06
501 3.8858e-06
502 3.96193e-06
503 4e-06
504 1.2e-06
505 3.16193e-06
506 2.8e-06
507 3.16193e-06
508 3.12749e-06
509 2.4e-06
510 5.16193e-06
511 4.36193e-06
512 2.36193e-06
513 1.89633e-06
514 4.4e-06
515 2.8e-06
516 4.4e-06
517 2.8e-06
518 4.4e-06
519 3.61935e-07
520 3.6e-06
521 4e-06
522 2e-06
523 4.4e-06
524 4.4e-06
525 1.96193e-06
526 4e-06
527 3.2e-06
528 3.2e-06
529 3.56193e-06
530 3.2e-06
531 5.96193e-06
532 1.2e-06
533 3.16193e-06
534 2.76193e-06
535 2.4e-06
536 4.8e-06
537 3.16193e-06
538 3.2e-06
539 3.6e-06
540 1.6e-06
541 2.8e-06
542 3.6e-06
543 3.12387e-06
544 1.96193e-06
545 4.36193e-06
546 4e-06
547 1.6e-06
548 2.76193e-06
549 6.72387e-06
550 5.52387e-06
551 3.2e-06
552 4.8e-06
553 3.92387e-06
554 4.36193e-06
555 3.88943e-06
556 2.4e-06
557 4e-06
558 2.8e-06
559 3.2e-06
560 3.6e-06
561 2.8e-06
562 2.8e-06
563 2.36193e-06
564 4e-06
565 4e-06
566 1.92749e-06
567 3.2e-06
568 3.16193e-06
569 2.76193e-06
570 3.8858e-06
571 2.4e-06
572 6.76193e-06
573 4.8e-06
574 3.6e-06
575 4e-06
576 4e-06
577 2.4e-06
578 1.2e-06
579 2e-06
580 3.52387e-06
581 4e-06
582 4e-06
583 2.76193e-06
584 1.52387e-06
585 3.92387e-06
586 3.2e-06
587 2.8e-06
588 2.4e-06
589 2.72749e-06
590 1.2e-06
591 3.56193e-06
592 1.6e-06
593 3.6e-06
594 3.56193e-06
595 5.12387e-06
596 2.4e-06
597 2e-06
598 3.6e-06
599 2.8e-06
600 2.36193e-06
601 6.4e-06
602 3.6e-06
603 3.96193e-06
604 2.4e-06
605 3.2e-06
606 2e-06
607 3.56193e-06
608 5.56193e-06
609 3.2e-06
610 4.8e-06
611 5.6e-06
612 4.36193e-06
613 2.8e-06
614 2.8e-06
615 6e-06
616 3.6e-06
617 3.56193e-06
618 3.12387e-06
619 8e-07
620 4.76193e-06
621 8e-07
622 1.96193e-06
623 5.56193e-06
624 2.72387e-06
625 3.2e-06
626 4.4e-06
627 3.56193e-06
628 4.4e-06
629 1.96193e-06
630 3.56193e-06
631 2.4e-06
632 5.6e-06
633 4.76193e-06
634 3.2e-06
635 3.12387e-06
636 3.6e-06
637 3.56193e-06
638 5.8858e-06
639 2.36193e-06
640 2.4e-06
641 2e-06
642 4.36193e-06
643 3.6e-06
644 3.52387e-06
645 2.4e-06
646 2.36193e-06
647 3.2e-06
648 3.92387e-06
649 4.36193e-06
650 3.96193e-06
651 2.8e-06
652 2.4e-06
653 2.4e-06
654 1.2e-06
655 2e-06
656 3.56193e-06
657 3.2e-06
658 3.56193e-06
659 3.6e-06
660 3.6e-06
661 2.32387e-06
662 3.4133e-06
663 3.2e-06
664 4.32387e-06
665 3.4858e-06
666 2.76193e-06
667 3.2e-06
668 2e-06
669 2e-06
670 3.2e-06
671 3.96193e-06
672 2.8e-06
673 1.6e-06
674 5.92387e-06
675 3.52387e-06
676 1.96193e-06
677 3.16193e-06
678 4.32387e-06
679 2.76193e-06
680 8e-07
681 2.72749e-06
682 3.96193e-06
683 2.4e-06
684 1.16193e-06
685 3.96193e-06
686 4.4e-06
687 3.96193e-06
688 5.2e-06
689 4.36193e-06
690 3.2e-06
691 3.96193e-06
692 2.36193e-06
693 3.6e-06
694 1.6e-06
695 3.16193e-06
696 2.36193e-06
697 2.8e-06
698 2.8e-06
699 3.16193e-06
700 3.2e-06
701 3.56193e-06
702 3.2e-06
703 3.2e-06
704 3.16193e-06
705 5.2e-06
706 2e-06
707 2.4e-06
708 2.4e-06
709 2e-06
710 3.56193e-06
711 2.76193e-06
712 2e-06
713 3.2e-06
714 2.32387e-06
715 3.6e-06
716 2.8e-06
717 3.56193e-06
718 3.8202e-06
719 2.4e-06
720 2.4e-06
721 3.2e-06
722 2.4e-06
723 3.2e-06
724 1.96193e-06
725 3.16193e-06
726 3.6e-06
727 2.4e-06
728 1.2e-06
729 3.56193e-06
730 2.4e-06
731 3.6e-06
732 2.4e-06
733 3.6e-06
734 2.76193e-06
735 1.56193e-06
736 3.56193e-06
737 2.8e-06
738 1.96193e-06
739 2e-06
740 2.8e-06
741 2.76193e-06
742 1.96193e-06
743 4.76193e-06
744 1.56193e-06
745 5.6e-06
746 1.6e-06
747 3.2e-06
748 3.96193e-06
749 4.72387e-06
750 2.8e-06
751 5.12387e-06
752 1.6e-06
753 2e-06
754 3.92387e-06
755 2.4e-06
756 2.8e-06
757 2e-06
758 3.12387e-06
759 5.52387e-06
760 3.16193e-06
761 1.96193e-06
762 2.4e-06
763 3.56193e-06
764 1.2e-06
765 2.8e-06
766 4.76193e-06
767 1.6e-06
768 1.6e-06
769 3.6e-06
770 4.36193e-06
771 3.56193e-06
772 4.4e-06
773 3.96193e-06
774 3.2e-06
775 8e-07
776 4.36193e-06
777 3.96193e-06
778 3.2e-06
779 2e-06
780 2.4e-06
781 4.36193e-06
782 4.76193e-06
783 3.96193e-06
784 2.32387e-06
785 2.8e-06
786 2.8e-06
787 4.8e-06
788 3.2e-06
789 4.32387e-06
790 3.96193e-06
791 2.8e-06
792 2.8e-06
793 3.0858e-06
794 1.92387e-06
795 4.32387e-06
796 4e-06
797 1.2e-06
798 1.96193e-06
799 1.96193e-06
800 2.76193e-06
801 2.4e-06
802 2.4e-06
803 2.6858e-06
804 2e-06
805 1.2e-06
806 3.16193e-06
807 2.4e-06
808 2.36193e-06
809 1.6e-06
810 2.28943e-06
811 5.16193e-06
812 2e-06
813 1.2e-06
814 4.76193e-06
815 2.8e-06
816 2e-06
817 3.16193e-06
818 1.6e-06
819 2.8e-06
820 3.12749e-06
821 3.96193e-06
822 3.2e-06
823 4e-06
824 1.96193e-06
825 2e-06
826 3.2e-06
827 3.56193e-06
828 3.2e-06
829 6e-06
830 1.6e-06
831 2e-06
832 4.8e-06
833 5.92387e-06
834 3.56193e-06
835 5.12387e-06
836 3.6e-06
837 2.4e-06
838 2.76193e-06
839 2e-06
840 3.16193e-06
841 1.6e-06
842 2e-06
843 2.76193e-06
844 2e-06
845 2.36193e-06
846 2e-06
847 2.76193e-06
848 4e-06
849 3.6e-06
850 2e-06
851 4.8e-06
852 1.96193e-06
853 3.2e-06
854 4.36193e-06
855 2.76193e-06
856 3.12387e-06
857 1.92387e-06
858 2.4e-06
859 1.6e-06
860 2.8e-06
861 3.6e-06
862 5.2e-06
863 6e-06
864 1.2e-06
865 1.16193e-06
866 3.52387e-06
867 1.96193e-06
868 1.56193e-06
869 2.36193e-06
870 4.32387e-06
871 3.12387e-06
872 4.76193e-06
873 3.96193e-06
874 2.76193e-06
875 4.8e-06
876 4.36193e-06
877 2.72749e-06
878 4.24774e-06
879 1.92749e-06
880 2e-06
881 2e-06
882 2.76193e-06
883 2.76193e-06
884 1.6e-06
885 2.76193e-06
886 1.56193e-06
887 2.8e-06
888 2.76193e-06
889 2.8e-06
890 4.36193e-06
891 2.4e-06
892 2e-06
893 2.8e-06
894 1.96193e-06
895 3.56193e-06
896 2e-06
897 2.21692e-06
898 1.96193e-06
899 6e-06
900 3.56193e-06
901 2.76193e-06
902 2e-06
903 1.96193e-06
904 2.76193e-06
905 2.36193e-06
906 3.6e-06
907 2.4e-06
908 4.2858e-06
909 5.2e-06
910 3.16193e-06
911 2.8e-06
912 1.6e-06
913 2e-06
914 1.6e-06
915 1.6e-06
916 3.96193e-06
917 2.76193e-06
918 2.4e-06
919 3.16193e-06
920 3.56193e-06
921 2e-06
922 1.6e-06
923 2.8e-06
924 2.8e-06
925 2.32387e-06
926 2.4e-06
927 3.6e-06
928 2e-06
929 2.76193e-06
930 3.52387e-06
931 3.96193e-06
932 4e-07
933 2.76193e-06
934 3.16193e-06
935 3.2e-06
936 1.2e-06
937 2e-06
938 3.45136e-06
939 4e-06
940 2e-06
941 3.2e-06
942 1.2e-06
943 4.36193e-06
944 1.92387e-06
945 8e-07
946 1.56193e-06
947 2.8e-06
948 2.8e-06
949 2.4e-06
950 1.2e-06
951 2.4e-06
952 2e-06
953 2e-06
954 4.72387e-06
955 1.2e-06
956 1.6e-06
957 4.36193e-06
958 1.6e-06
959 2.72749e-06
960 3.2e-06
961 2.72749e-06
962 2.36193e-06
963 3.4858e-06
964 2.8e-06
965 3.92387e-06
966 2.36193e-06
967 3.96193e-06
968 1.52387e-06
969 2.36193e-06
970 2.4e-06
971 2.4e-06
972 4.4e-06
973 2.8e-06
974 1.96193e-06
975 2.4e-06
976 3.6e-06
977 1.96193e-06
978 4e-06
979 4e-06
980 1.2e-06
981 1.6e-06
982 2e-06
983 1.96193e-06
984 3.0858e-06
985 1.96193e-06
986 2.32387e-06
987 3.56193e-06
988 2.36193e-06
989 2.76193e-06
990 2.76193e-06
991 3.2e-06
992 2.4e-06
993 4e-06
994 2.8e-06
995 3.92387e-06
996 4.76193e-06
997 1.96193e-06
998 2.8e-06
999 0
