1.25 0.01 0.001 0 0.721252 0.709694 0.732693
1.25 0.01 0.01 0 0.5632 0.551104 0.575132
1.25 0.01 0.1 0 0.314758 0.304456 0.324781
1.25 0.01 1 0 0.0384688 0.0364052 0.0404605
1.25 0.1 0.001 0 0.721593 0.710275 0.733134
1.25 0.1 0.01 0 0.563433 0.55135 0.575426
1.25 0.1 0.1 0 0.31493 0.304942 0.325002
1.25 0.1 1 0 0.0384852 0.0364979 0.0405608
1.25 1 0.001 0 0.728221 0.716787 0.739429
1.25 1 0.01 0 0.567109 0.555095 0.579237
1.25 1 0.1 0 0.3168 0.30675 0.327089
1.25 1 1 0 0.0386493 0.0366102 0.0407061
1.45 0.01 0.001 0 0.833461 0.822711 0.844419
1.45 0.01 0.01 0 0.722102 0.708484 0.735966
1.45 0.01 0.1 0 0.451246 0.437383 0.465143
1.45 0.01 1 0 0.0655659 0.0621242 0.0689894
1.45 0.1 0.001 0 0.833939 0.823202 0.844435
1.45 0.1 0.01 0 0.722398 0.708564 0.735909
1.45 0.1 0.1 0 0.451408 0.437533 0.465415
1.45 0.1 1 0 0.0655818 0.0620461 0.0689972
1.45 1 0.001 0 0.843228 0.832521 0.854222
1.45 1 0.01 0 0.726941 0.713163 0.74075
1.45 1 0.1 0 0.453257 0.439297 0.467249
1.45 1 1 0 0.0657404 0.0623555 0.0692845
1.65 0.01 0.001 0 0.897051 0.887488 0.906533
1.65 0.01 0.01 0 0.813029 0.798976 0.826489
1.65 0.01 0.1 0 0.539151 0.523329 0.555331
1.65 0.01 1 0 0.0871931 0.0825138 0.0919389
1.65 0.1 0.001 0 0.897594 0.887827 0.907203
1.65 0.1 0.01 0 0.813246 0.799207 0.826991
1.65 0.1 0.1 0 0.539332 0.523531 0.555991
1.65 0.1 1 0 0.0872084 0.0824571 0.091744
1.65 1 0.001 0 0.909811 0.90012 0.919429
1.65 1 0.01 0 0.817869 0.804323 0.831764
1.65 1 0.1 0 0.541342 0.52545 0.557113
1.65 1 1 0 0.0873616 0.0826912 0.0922116
1.85 0.01 0.001 0 0.912824 0.904349 0.921375
1.85 0.01 0.01 0 0.867851 0.854614 0.881064
1.85 0.01 0.1 0 0.610117 0.592382 0.627139
1.85 0.01 1 0 0.108871 0.1031 0.114731
1.85 0.1 0.001 0 0.913453 0.904846 0.921771
1.85 0.1 0.01 0 0.868048 0.854788 0.881833
1.85 0.1 0.1 0 0.610261 0.593147 0.627565
1.85 0.1 1 0 0.108886 0.103197 0.114722
1.85 1 0.001 0 0.928484 0.919836 0.937046
1.85 1 0.01 0 0.873028 0.859758 0.886144
1.85 1 0.1 0 0.612079 0.594975 0.629512
1.85 1 1 0 0.109041 0.103216 0.114875
