0 0
1 0.00013776
2 6.52384e-05
3 5.1192e-05
4 4.18265e-05
5 3.70673e-05
6 3.23437e-05
7 2.76241e-05
8 2.36697e-05
9 2.26205e-05
10 1.82673e-05
11 1.96653e-05
12 1.88677e-05
13 1.77081e-05
14 1.65101e-05
15 1.56261e-05
16 1.49829e-05
17 1.56693e-05
18 1.37485e-05
19 1.27881e-05
20 1.31105e-05
21 1.25493e-05
22 1.23473e-05
23 1.27481e-05
24 1.15081e-05
25 1.16245e-05
26 1.13481e-05
27 1.07485e-05
28 1.10697e-05
29 1.06285e-05
30 1.03869e-05
31 1.02621e-05
32 9.78449e-06
33 9.47045e-06
34 9.82887e-06
35 9.71125e-06
36 9.06926e-06
37 8.23284e-06
38 8.46806e-06
39 8.54966e-06
40 9.70449e-06
41 7.91045e-06
42 8.74808e-06
43 7.9045e-06
44 8.98886e-06
45 8.54727e-06
46 6.83204e-06
47 7.55165e-06
48 6.43284e-06
49 6.35046e-06
50 7.15165e-06
51 6.67006e-06
52 7.23165e-06
53 6.98966e-06
54 7.22767e-06
55 7.19244e-06
56 7.18727e-06
57 6.31483e-06
58 6.35005e-06
59 6.82569e-06
60 6.31005e-06
61 6.78966e-06
62 7.3845e-06
63 5.71085e-06
64 5.63245e-06
65 6.11245e-06
66 5.95126e-06
67 6.67046e-06
68 6.10926e-06
69 5.39085e-06
70 6.27126e-06
71 5.51006e-06
72 6.18966e-06
73 5.27046e-06
74 4.63085e-06
75 6.19045e-06
76 5.82449e-06
77 5.39325e-06
78 5.63164e-06
79 5.55244e-06
80 5.07046e-06
81 5.75006e-06
82 4.83443e-06
83 5.59165e-06
84 4.55204e-06
85 5.07007e-06
86 5.11126e-06
87 4.59126e-06
88 5.07244e-06
89 5.19165e-06
90 5.19285e-06
91 5.58808e-06
92 5.31125e-06
93 3.67205e-06
94 4.39087e-06
95 5.19087e-06
96 5.31404e-06
97 4.95085e-06
98 4.94927e-06
99 4.70927e-06
100 4.43523e-06
101 4.59443e-06
102 5.31085e-06
103 4.98769e-06
104 3.99405e-06
105 4.51085e-06
106 4.91124e-06
107 4.71205e-06
108 4.35284e-06
109 4.46848e-06
110 3.67284e-06
111 4.47046e-06
112 4.23403e-06
113 3.51284e-06
114 4.78808e-06
115 4.59164e-06
116 4.91284e-06
117 4.55165e-06
118 3.59244e-06
119 4.03284e-06
120 4.86927e-06
121 3.70968e-06
122 4.43204e-06
123 4.34886e-06
124 3.86927e-06
125 4.19045e-06
126 3.27323e-06
127 4.18848e-06
128 3.31245e-06
129 3.15364e-06
130 3.79047e-06
131 3.79403e-06
132 4.11006e-06
133 3.95047e-06
134 3.43405e-06
135 3.79206e-06
136 4.11284e-06
137 4.03245e-06
138 3.91245e-06
139 4.39006e-06
140 4.03007e-06
141 3.99085e-06
142 3.67443e-06
143 3.59284e-06
144 4.43403e-06
145 3.59047e-06
146 3.47245e-06
147 3.75444e-06
148 4.42888e-06
149 3.99244e-06
150 3.19206e-06
151 3.71085e-06
152 3.59048e-06
153 3.59364e-06
154 4.23324e-06
155 3.71363e-06
156 4.11125e-06
157 3.86808e-06
158 3.15284e-06
159 2.91483e-06
160 3.87205e-06
161 3.51126e-06
162 3.75046e-06
163 3.55047e-06
164 3.43204e-06
165 3.03443e-06
166 3.51126e-06
167 2.51523e-06
168 3.51046e-06
169 3.19086e-06
170 3.15166e-06
171 3.15444e-06
172 3.87085e-06
173 3.31165e-06
174 3.62887e-06
175 3.07483e-06
176 3.03085e-06
177 3.35206e-06
178 3.27245e-06
179 3.31483e-06
180 3.78887e-06
181 2.95206e-06
182 3.15364e-06
183 3.90889e-06
184 3.15285e-06
185 3.39165e-06
186 3.55087e-06
187 3.51245e-06
188 2.79204e-06
189 3.87165e-06
190 3.39324e-06
191 3.27166e-06
192 3.63127e-06
193 3.15205e-06
194 2.83403e-06
195 2.87245e-06
196 2.99126e-06
197 2.79205e-06
198 3.22769e-06
199 2.55483e-06
200 2.71404e-06
201 2.91364e-06
202 2.83483e-06
203 2.79245e-06
204 3.75205e-06
205 3.51007e-06
206 2.35245e-06
207 3.23405e-06
208 3.30968e-06
209 3.15285e-06
210 2.79365e-06
211 3.91364e-06
212 2.47682e-06
213 2.79046e-06
214 2.63444e-06
215 3.11443e-06
216 2.67126e-06
217 3.34927e-06
218 3.43125e-06
219 1.99643e-06
220 2.91204e-06
221 2.39524e-06
222 2.91166e-06
223 3.07245e-06
224 2.59404e-06
225 2.91126e-06
226 3.11602e-06
227 2.90929e-06
228 2.71085e-06
229 2.79285e-06
230 3.79165e-06
231 2.79444e-06
232 2.91323e-06
233 2.63047e-06
234 3.23364e-06
235 2.71364e-06
236 2.63006e-06
237 2.75403e-06
238 3.19165e-06
239 3.03046e-06
240 2.67364e-06
241 2.95405e-06
242 3.11205e-06
243 3.03125e-06
244 2.51523e-06
245 2.67127e-06
246 2.91364e-06
247 3.07048e-06
248 2.35364e-06
249 2.47405e-06
250 3.07046e-06
251 2.87245e-06
252 2.35245e-06
253 2.62807e-06
254 2.35325e-06
255 2.63721e-06
256 2.63444e-06
257 2.51245e-06
258 3.82967e-06
259 2.67404e-06
260 2.91562e-06
261 2.59245e-06
262 2.78888e-06
263 2.95363e-06
264 2.59403e-06
265 2.59245e-06
266 2.67046e-06
267 2.59244e-06
268 3.30967e-06
269 2.63245e-06
270 2.63284e-06
271 2.31486e-06
272 2.51165e-06
273 2.31206e-06
274 2.43324e-06
275 2.31443e-06
276 2.83523e-06
277 2.23404e-06
278 2.47325e-06
279 2.83126e-06
280 2.03523e-06
281 2.39562e-06
282 3.10808e-06
283 2.63087e-06
284 2.07364e-06
285 2.71165e-06
286 2.27285e-06
287 2.43246e-06
288 2.19483e-06
289 2.43127e-06
290 2.91404e-06
291 2.63365e-06
292 2.23326e-06
293 2.03483e-06
294 2.63245e-06
295 2.27205e-06
296 1.95602e-06
297 1.99444e-06
298 2.87523e-06
299 2.39324e-06
300 2.39009e-06
301 2.15404e-06
302 2.19284e-06
303 2.27206e-06
304 2.51046e-06
305 2.94808e-06
306 1.79523e-06
307 2.82966e-06
308 2.71085e-06
309 2.79245e-06
310 2.31087e-06
311 2.51285e-06
312 1.99483e-06
313 2.31087e-06
314 2.31167e-06
315 2.11205e-06
316 2.47603e-06
317 2.27324e-06
318 2.47324e-06
319 2.31284e-06
320 2.55165e-06
321 1.59483e-06
322 2.95126e-06
323 2.90927e-06
324 2.71165e-06
325 2.46889e-06
326 1.98968e-06
327 2.43483e-06
328 2.11126e-06
329 2.47327e-06
330 1.83562e-06
331 2.95165e-06
332 2.30732e-06
333 2.59285e-06
334 2.43166e-06
335 2.75165e-06
336 2.15484e-06
337 2.23364e-06
338 2.19129e-06
339 1.95643e-06
340 1.99286e-06
341 2.31007e-06
342 2.15285e-06
343 2.59088e-06
344 1.63682e-06
345 2.27127e-06
346 1.71483e-06
347 2.71166e-06
348 1.91325e-06
349 2.23404e-06
350 2.03483e-06
351 2.07603e-06
352 1.71245e-06
353 2.23247e-06
354 1.99325e-06
355 2.15403e-06
356 2.11245e-06
357 2.03366e-06
358 2.55166e-06
359 1.71166e-06
360 2.34849e-06
361 2.27364e-06
362 1.95087e-06
363 2.19364e-06
364 2.19602e-06
365 2.30967e-06
366 1.59602e-06
367 2.39048e-06
368 1.71602e-06
369 2.23288e-06
370 1.95246e-06
371 1.75602e-06
372 2.35405e-06
373 1.75485e-06
374 1.83603e-06
375 2.23047e-06
376 1.79642e-06
377 2.54968e-06
378 1.91365e-06
379 1.51682e-06
380 1.87483e-06
381 1.79285e-06
382 2.43443e-06
383 1.87483e-06
384 1.67484e-06
385 1.51444e-06
386 2.23245e-06
387 2.95126e-06
388 2.43166e-06
389 1.91046e-06
390 2.27245e-06
391 1.99247e-06
392 2.15444e-06
393 1.83325e-06
394 1.39682e-06
395 2.35403e-06
396 1.83483e-06
397 1.83246e-06
398 2.35523e-06
399 2.11325e-06
400 1.75324e-06
401 2.19364e-06
402 2.59403e-06
403 1.75443e-06
404 1.95364e-06
405 2.19285e-06
406 1.91051e-06
407 1.91087e-06
408 1.95602e-06
409 1.99563e-06
410 1.83682e-06
411 2.07443e-06
412 2.11165e-06
413 1.71404e-06
414 2.07523e-06
415 1.95602e-06
416 2.18967e-06
417 2.07562e-06
418 2.03443e-06
419 1.91403e-06
420 1.99404e-06
421 2.27126e-06
422 1.95245e-06
423 2.27165e-06
424 2.15364e-06
425 1.99324e-06
426 2.23247e-06
427 1.87206e-06
428 1.51444e-06
429 2.11008e-06
430 1.51245e-06
431 1.91524e-06
432 1.83524e-06
433 2.31325e-06
434 1.95167e-06
435 2.23324e-06
436 2.03403e-06
437 1.71484e-06
438 2.15245e-06
439 2.03522e-06
440 1.99167e-06
441 1.83444e-06
442 2.39169e-06
443 2.03364e-06
444 1.83483e-06
445 1.75325e-06
446 1.95167e-06
447 2.19047e-06
448 2.15126e-06
449 1.94929e-06
450 2.07364e-06
451 1.79563e-06
452 1.59404e-06
453 1.63563e-06
454 1.83209e-06
455 2.15087e-06
456 1.91245e-06
457 2.15324e-06
458 1.59483e-06
459 1.91563e-06
460 1.83365e-06
461 2.39207e-06
462 1.67484e-06
463 1.55286e-06
464 1.91523e-06
465 1.71642e-06
466 2.23245e-06
467 2.19126e-06
468 1.47325e-06
469 1.55524e-06
470 1.71287e-06
471 2.22888e-06
472 1.59682e-06
473 1.63483e-06
474 2.07205e-06
475 1.67404e-06
476 2.03287e-06
477 2.03325e-06
478 2.1897e-06
479 1.63208e-06
480 1.63522e-06
481 1.35405e-06
482 1.91006e-06
483 1.75605e-06
484 1.67444e-06
485 1.83324e-06
486 1.91642e-06
487 1.95247e-06
488 1.79165e-06
489 1.55602e-06
490 1.91364e-06
491 1.83722e-06
492 1.63682e-06
493 2.27285e-06
494 1.79523e-06
495 2.11722e-06
496 2.19047e-06
497 1.91443e-06
498 2.11245e-06
499 2.03604e-06
500 1.43404e-06
501 1.75403e-06
502 1.63126e-06
503 2.0281e-06
504 2.19166e-06
505 1.83326e-06
506 1.95167e-06
507 1.59485e-06
508 1.99167e-06
509 1.75285e-06
510 1.51207e-06
511 2.07246e-06
512 1.87286e-06
513 2.23206e-06
514 1.67484e-06
515 1.47721e-06
516 1.95285e-06
517 2.19324e-06
518 1.95245e-06
519 1.91403e-06
520 1.35761e-06
521 2.19364e-06
522 1.11643e-06
523 1.98732e-06
524 1.79484e-06
525 1.99324e-06
526 1.99563e-06
527 1.55285e-06
528 1.95801e-06
529 1.74889e-06
530 1.51404e-06
531 1.51604e-06
532 1.67404e-06
533 1.67563e-06
534 1.71405e-06
535 2.11366e-06
536 1.75245e-06
537 1.55325e-06
538 1.43603e-06
539 2.50771e-06
540 1.71167e-06
541 1.94928e-06
542 1.31483e-06
543 1.35445e-06
544 1.55205e-06
545 1.51443e-06
546 1.87286e-06
547 1.99484e-06
548 1.35487e-06
549 1.87405e-06
550 1.63444e-06
551 9.94853e-07
552 1.59483e-06
553 1.67403e-06
554 1.75127e-06
555 1.55563e-06
556 1.39484e-06
557 1.67642e-06
558 1.71563e-06
559 1.51523e-06
560 2.03325e-06
561 1.47364e-06
562 1.35563e-06
563 1.95087e-06
564 1.51683e-06
565 2.30973e-06
566 1.51483e-06
567 1.59325e-06
568 1.63168e-06
569 1.95365e-06
570 1.55286e-06
571 1.55087e-06
572 1.86931e-06
573 1.27721e-06
574 1.95364e-06
575 1.47523e-06
576 1.35523e-06
577 2.03127e-06
578 1.47523e-06
579 1.71404e-06
580 1.59325e-06
581 1.47484e-06
582 1.71087e-06
583 1.47443e-06
584 1.83285e-06
585 1.95483e-06
586 1.51682e-06
587 1.51761e-06
588 1.87403e-06
589 1.75285e-06
590 1.63364e-06
591 1.35563e-06
592 1.47405e-06
593 1.91166e-06
594 1.39483e-06
595 1.43286e-06
596 2.03089e-06
597 1.55444e-06
598 1.91284e-06
599 1.55604e-06
600 2.03443e-06
601 1.99404e-06
602 1.59443e-06
603 1.47127e-06
604 1.39207e-06
605 1.99284e-06
606 1.95523e-06
607 1.27523e-06
608 1.59406e-06
609 1.67126e-06
610 1.51404e-06
611 1.63287e-06
612 1.35403e-06
613 1.31722e-06
614 1.47682e-06
615 1.43206e-06
616 1.23603e-06
617 1.55128e-06
618 1.55403e-06
619 1.71403e-06
620 1.67365e-06
621 1.67643e-06
622 1.27603e-06
623 1.39404e-06
624 1.63207e-06
625 1.83167e-06
626 9.17218e-07
627 1.31761e-06
628 1.63287e-06
629 1.27484e-06
630 2.19047e-06
631 1.95324e-06
632 1.63444e-06
633 1.31286e-06
634 1.35603e-06
635 1.55326e-06
636 1.19246e-06
637 1.83048e-06
638 1.6289e-06
639 1.43404e-06
640 1.35563e-06
641 1.67168e-06
642 1.43405e-06
643 1.67404e-06
644 1.15563e-06
645 1.63245e-06
646 2.0685e-06
647 1.39206e-06
648 1.75562e-06
649 1.31444e-06
650 1.59285e-06
651 1.23563e-06
652 1.59245e-06
653 1.95126e-06
654 1.87405e-06
655 1.71207e-06
656 1.43325e-06
657 1.55288e-06
658 1.43325e-06
659 1.59483e-06
660 1.91246e-06
661 1.35286e-06
662 1.67444e-06
663 1.63206e-06
664 1.15327e-06
665 1.67205e-06
666 1.39483e-06
667 1.59166e-06
668 1.94928e-06
669 1.55524e-06
670 1.87405e-06
671 1.51443e-06
672 1.39484e-06
673 1.43406e-06
674 1.27642e-06
675 1.55523e-06
676 1.83405e-06
677 8.36032e-07
678 1.63364e-06
679 1.55604e-06
680 1.47443e-06
681 1.75246e-06
682 1.35405e-06
683 1.15682e-06
684 1.31444e-06
685 1.75604e-06
686 1.39326e-06
687 1.51643e-06
688 1.19246e-06
689 1.35246e-06
690 1.95087e-06
691 1.43286e-06
692 1.79483e-06
693 1.51486e-06
694 1.39405e-06
695 1.67324e-06
696 1.79247e-06
697 1.91245e-06
698 1.55048e-06
699 1.43485e-06
700 1.47206e-06
701 1.47286e-06
702 1.46929e-06
703 1.51325e-06
704 1.27285e-06
705 1.39603e-06
706 1.95443e-06
707 1.39405e-06
708 1.63206e-06
709 1.27484e-06
710 1.35404e-06
711 1.11407e-06
712 1.51326e-06
713 1.74849e-06
714 1.03406e-06
715 1.47404e-06
716 1.19325e-06
717 1.27524e-06
718 1.11801e-06
719 1.59483e-06
720 1.43602e-06
721 1.39404e-06
722 1.63284e-06
723 1.03523e-06
724 1.51285e-06
725 1.15484e-06
726 1.75245e-06
727 1.8285e-06
728 1.23365e-06
729 8.34436e-07
730 1.83126e-06
731 1.39485e-06
732 1.71722e-06
733 1.19444e-06
734 7.57612e-07
735 1.47367e-06
736 1.63285e-06
737 1.39365e-06
738 1.27365e-06
739 1.31403e-06
740 1.47404e-06
741 1.51485e-06
742 1.98888e-06
743 1.55405e-06
744 1.47288e-06
745 1.79286e-06
746 1.87404e-06
747 1.19643e-06
748 1.51326e-06
749 1.39722e-06
750 1.51324e-06
751 1.51443e-06
752 1.55008e-06
753 1.91206e-06
754 1.27366e-06
755 1.47444e-06
756 1.59642e-06
757 1.31208e-06
758 1.55444e-06
759 1.51247e-06
760 1.39405e-06
761 1.27682e-06
762 1.23406e-06
763 1.67404e-06
764 1.91087e-06
765 1.63325e-06
766 1.35444e-06
767 1.71403e-06
768 1.55325e-06
769 1.23524e-06
770 1.55247e-06
771 1.15563e-06
772 1.43444e-06
773 1.43444e-06
774 1.55722e-06
775 1.43327e-06
776 1.43524e-06
777 1.66969e-06
778 1.71249e-06
779 1.19444e-06
780 1.63484e-06
781 1.59166e-06
782 1.51404e-06
783 1.35405e-06
784 1.39602e-06
785 1.35325e-06
786 1.79325e-06
787 1.39208e-06
788 1.59126e-06
789 1.43444e-06
790 1.75087e-06
791 1.43643e-06
792 9.9483e-07
793 1.55048e-06
794 1.11761e-06
795 1.27484e-06
796 1.19365e-06
797 1.51365e-06
798 1.75324e-06
799 1.71126e-06
800 1.11444e-06
801 1.43444e-06
802 1.55603e-06
803 1.67523e-06
804 1.19603e-06
805 7.9643e-07
806 1.83246e-06
807 1.23721e-06
808 1.59444e-06
809 1.39444e-06
810 1.23682e-06
811 1.51048e-06
812 1.27325e-06
813 1.31563e-06
814 9.5801e-07
815 1.35208e-06
816 1.43485e-06
817 1.79128e-06
818 1.51602e-06
819 1.67205e-06
820 1.27327e-06
821 1.51444e-06
822 1.47364e-06
823 1.23603e-06
824 1.39325e-06
825 1.23405e-06
826 1.67046e-06
827 1.11602e-06
828 1.03483e-06
829 1.47247e-06
830 1.07405e-06
831 1.23483e-06
832 1.47563e-06
833 1.75284e-06
834 1.19364e-06
835 1.43403e-06
836 1.23206e-06
837 1.67127e-06
838 1.31091e-06
839 9.96816e-07
840 1.43364e-06
841 1.31523e-06
842 9.95248e-07
843 1.03405e-06
844 9.52079e-07
845 1.87008e-06
846 1.55365e-06
847 1.35206e-06
848 9.56036e-07
849 1.39404e-06
850 1.15326e-06
851 1.07564e-06
852 1.35525e-06
853 1.59485e-06
854 1.55325e-06
855 1.35485e-06
856 1.31444e-06
857 1.31285e-06
858 1.27287e-06
859 1.51603e-06
860 1.19206e-06
861 1.59602e-06
862 1.39404e-06
863 1.51286e-06
864 1.19444e-06
865 1.35404e-06
866 1.03682e-06
867 1.87166e-06
868 1.27406e-06
869 1.31127e-06
870 1.35524e-06
871 1.27486e-06
872 1.27206e-06
873 1.47602e-06
874 1.31444e-06
875 1.35483e-06
876 1.87444e-06
877 1.51325e-06
878 1.19365e-06
879 1.31602e-06
880 1.27523e-06
881 1.11325e-06
882 9.95638e-07
883 1.27484e-06
884 1.55247e-06
885 1.23326e-06
886 1.15363e-06
887 1.43126e-06
888 1.27287e-06
889 1.31443e-06
890 1.15405e-06
891 1.07682e-06
892 1.23364e-06
893 1.31642e-06
894 1.35247e-06
895 1.27366e-06
896 1.51046e-06
897 1.87085e-06
898 1.11485e-06
899 1.27286e-06
900 8.76426e-07
901 1.27523e-06
902 1.11642e-06
903 1.27285e-06
904 1.35682e-06
905 1.27443e-06
906 1.43325e-06
907 1.55563e-06
908 1.15523e-06
909 1.07445e-06
910 1.46812e-06
911 1.67009e-06
912 1.59483e-06
913 1.19406e-06
914 1.5897e-06
915 1.39245e-06
916 1.15563e-06
917 1.11286e-06
918 1.11404e-06
919 1.23604e-06
920 1.31563e-06
921 1.27483e-06
922 7.5604e-07
923 1.63405e-06
924 1.19722e-06
925 1.35246e-06
926 9.5682e-07
927 1.43289e-06
928 1.19405e-06
929 1.43483e-06
930 1.71089e-06
931 9.5723e-07
932 1.51364e-06
933 1.59246e-06
934 1.19522e-06
935 1.11405e-06
936 1.15642e-06
937 1.31168e-06
938 1.30891e-06
939 1.35089e-06
940 1.23364e-06
941 1.07523e-06
942 9.96028e-07
943 1.19603e-06
944 1.27603e-06
945 1.07445e-06
946 1.15405e-06
947 1.31444e-06
948 9.53636e-07
949 1.35405e-06
950 9.96028e-07
951 1.51127e-06
952 1.39403e-06
953 9.1565e-07
954 1.03762e-06
955 1.07602e-06
956 1.35285e-06
957 1.19642e-06
958 1.46892e-06
959 1.27483e-06
960 1.51206e-06
961 1.43285e-06
962 1.47285e-06
963 7.9682e-07
964 9.57218e-07
965 1.63167e-06
966 1.07445e-06
967 9.56832e-07
968 9.1643e-07
969 1.15563e-06
970 8.36422e-07
971 1.35563e-06
972 1.31444e-06
973 1.55007e-06
974 9.9405e-07
975 1.43166e-06
976 1.43128e-06
977 1.07563e-06
978 1.31486e-06
979 1.39364e-06
980 1.27483e-06
981 1.19365e-06
982 1.19642e-06
983 1.39484e-06
984 1.03563e-06
985 1.31049e-06
986 1.47324e-06
987 1.35722e-06
988 1.11603e-06
989 1.47564e-06
990 1.39522e-06
991 1.07328e-06
992 1.11167e-06
993 9.96418e-07
994 1.07364e-06
995 1.39127e-06
996 1.31089e-06
997 1.19445e-06
998 1.43286e-06
999 0
