0 0
1 3.6e-05
2 5.6e-05
3 5.2e-05
4 8.8e-05
5 0.000104
6 0.000144
7 0.000202943
8 0.000232
9 0.00024
10 0.000265472
11 0.000338943
12 0.000272
13 0.000378943
14 0.000377472
15 0.000431484
16 0.000346943
17 0.000346943
18 0.000516829
19 0.000439358
20 0.000451772
21 0.000501886
22 0.000482943
23 0.000504829
24 0.000527358
25 0.000486842
26 0.000468415
27 0.000535358
28 0.000510969
29 0.000520829
30 0.000427358
31 0.000458301
32 0.000488829
33 0.000493886
34 0.000528415
35 0.000489472
36 0.000482301
37 0.000492187
38 0.00046937
39 0.000535358
40 0.000470301
41 0.000465886
42 0.000466301
43 0.000465244
44 0.000492313
45 0.000525886
46 0.000420415
47 0.0004785
48 0.000469886
49 0.000540829
50 0.000505143
51 0.000471772
52 0.000521244
53 0.000523772
54 0.000460601
55 0.00044444
56 0.0005182
57 0.000467358
58 0.000453785
59 0.00049913
60 0.00046713
61 0.000450614
62 0.000468829
63 0.000413886
64 0.00044937
65 0.000434715
66 0.000479772
67 0.000400829
68 0.000477244
69 0.000547671
70 0.000456829
71 0.000429557
72 0.000422715
73 0.000440187
74 0.000398301
75 0.000478715
76 0.000419257
77 0.000451772
78 0.000396728
79 0.000521811
80 0.000431997
81 0.000427671
82 0.000386301
83 0.000459671
84 0.000440728
85 0.000470715
86 0.000487899
87 0.000394715
88 0.000451671
89 0.000424187
90 0.000387257
91 0.000387772
92 0.0004102
93 0.000357984
94 0.000448313
95 0.00040537
96 0.0004248
97 0.00035113
98 0.000382842
99 0.000366715
100 0.000360212
101 0.000354487
102 0.000375041
103 0.000400187
104 0.000352728
105 0.000335544
106 0.000390741
107 0.000336086
108 0.000427257
109 0.00037644
110 0.000341938
111 0.00032313
112 0.000360728
113 0.000354301
114 0.000372538
115 0.000388187
116 0.000357244
117 0.000440212
118 0.00034313
119 0.00036713
120 0.000416728
121 0.000385244
122 0.000337443
123 0.000328855
124 0.000396313
125 0.000318073
126 0.000343824
127 0.000342914
128 0.000364313
129 0.000298427
130 0.000275772
131 0.000299358
132 0.000334842
133 0.000248601
134 0.000253143
135 0.000321912
136 0.000305269
137 0.000362741
138 0.000334715
139 0.000333912
140 0.000331257
141 0.000301244
142 0.00029913
143 0.000277143
144 0.000258326
145 0.000352728
146 0.000269912
147 0.000331409
148 0.000313016
149 0.000315383
150 0.000258453
151 0.000284187
152 0.000306741
153 0.000256829
154 0.000314326
155 0.000336514
156 0.000328187
157 0.000297912
158 0.000288855
159 0.000242326
160 0.000296627
161 0.00027913
162 0.000317244
163 0.000268728
164 0.000327257
165 0.000271798
166 0.000247772
167 0.000287772
168 0.000305658
169 0.000295925
170 0.0002422
171 0.000313984
172 0.000373785
173 0.000287257
174 0.000297785
175 0.000307772
176 0.000288829
177 0.000275544
178 0.000241396
179 0.000306073
180 0.000211383
181 0.000236212
182 0.000303041
183 0.000298715
184 0.000305269
185 0.000296313
186 0.000250842
187 0.000255329
188 0.000260313
189 0.000268627
190 0.000263383
191 0.000299798
192 0.000278767
193 0.000262183
194 0.0002662
195 0.000317658
196 0.000313469
197 0.000283358
198 0.000227409
199 0.000266614
200 0.000251899
201 0.000296386
202 0.000254715
203 0.000247671
204 0.0002982
205 0.000263383
206 0.000220187
207 0.000228187
208 0.000204415
209 0.000135925
210 0.000213516
211 0.000234399
212 0.000226326
213 0.000267772
214 0.000195971
215 0.000258893
216 0.000247798
217 0.000266427
218 0.000228412
219 0.000224855
220 0.000237269
221 0.000261497
222 0.000274525
223 0.000304386
224 0.000245658
225 0.000251925
226 0.00024713
227 0.000220855
228 0.000245912
229 0.000245658
230 0.000266301
231 0.000287257
232 0.000195772
233 0.00022713
234 0.000253269
235 0.000205785
236 0.00025987
237 0.000227257
238 0.000247772
239 0.000277785
240 0.000223383
241 0.000249342
242 0.000276313
243 0.000231772
244 0.000239383
245 0.000243899
246 0.000221244
247 0.000255671
248 0.000238073
249 0.000260728
250 0.000257684
251 0.00019244
252 0.000202842
253 0.000233658
254 0.000207155
255 0.000226741
256 0.000224313
257 0.000209938
258 0.000181785
259 0.000209785
260 0.000221886
261 0.000232728
262 0.000208086
263 0.000202301
264 0.000249269
265 0.000252212
266 0.000214741
267 0.00020044
268 0.000213444
269 0.000203257
270 0.000220956
271 0.00022508
272 0.000254326
273 0.000213244
274 0.000216601
275 0.000227997
276 0.000244601
277 0.000259203
278 0.000238741
279 0.000153497
280 0.000209469
281 0.000186326
282 0.000258399
283 0.000228187
284 0.000245658
285 0.000166085
286 0.000192387
287 0.000190326
288 0.000214301
289 0.000203139
290 0.000189886
291 0.000201912
292 0.000220855
293 0.000199824
294 0.000165396
295 0.000249244
296 0.000239383
297 0.000210813
298 0.000239194
299 0.000197396
300 0.000187782
301 0.000228829
302 0.000229497
303 0.000232212
304 0.000234111
305 0.000195383
306 0.000215355
307 0.000146715
308 0.000192187
309 0.000228313
310 0.000225658
311 0.000194868
312 0.000220728
313 0.000191798
314 0.000186328
315 0.000190525
316 0.000228855
317 0.000302326
318 0.000220313
319 0.000228855
320 0.000159358
321 0.000164187
322 0.000198326
323 0.000245269
324 0.000186453
325 0.000185269
326 0.000147772
327 0.000219329
328 0.000221143
329 0.000140754
330 0.00019337
331 0.000258098
332 0.00022137
333 0.000234326
334 0.000213785
335 0.000151772
336 0.000209469
337 0.000210741
338 0.000170842
339 0.00016313
340 0.000166715
341 0.000168313
342 0.00018137
343 0.00015913
344 0.000213658
345 0.000190715
346 0.000193785
347 0.000165244
348 0.000208086
349 0.000188187
350 0.000179925
351 0.000208855
352 0.000225811
353 0.00017124
354 0.000185443
355 0.000192801
356 0.000174842
357 0.000229443
358 0.000181443
359 0.000144855
360 0.00014557
361 0.000109181
362 0.000152313
363 0.000188313
364 0.000183257
365 0.000167257
366 0.000148339
367 0.000162427
368 0.000176313
369 0.000180881
370 0.000170301
371 0.000210326
372 0.000214943
373 0.000174814
374 0.000203925
375 0.00017244
376 0.000151772
377 0.000195656
378 0.000196538
379 0.000196339
380 0.000157244
381 0.000167257
382 0.000211798
383 0.000218301
384 0.0001262
385 0.000185984
386 0.000142525
387 0.000214842
388 0.000179282
389 0.000153054
390 0.0001902
391 0.000151899
392 0.000169785
393 0.000173811
394 0.000179383
395 0.000169785
396 0.000197785
397 0.000170614
398 0.000163899
399 0.000184387
400 0.00017357
401 0.000177836
402 0.000217811
403 0.000147456
404 0.000183925
405 0.000157785
406 0.000211282
407 0.000181785
408 0.00015133
409 0.000160513
410 0.00018137
411 0.000171798
412 0.000192829
413 0.000167655
414 0.000203544
415 0.000196855
416 0.000181785
417 0.000114427
418 0.000186741
419 0.000173497
420 0.000148313
421 0.000163557
422 0.000151998
423 0.000174994
424 0.000187456
425 0.000105912
426 0.000140855
427 0.000125984
428 0.00012537
429 0.000152639
430 0.000174073
431 0.000176881
432 0.000173857
433 0.000174427
434 0.000171899
435 0.000146427
436 0.000180855
437 0.000176466
438 0.000218814
439 0.000173857
440 0.000155358
441 0.000176601
442 0.000122301
443 0.000136855
444 0.000155997
445 0.0001462
446 0.000152339
447 0.000167772
448 0.000150427
449 0.000162301
450 0.000142326
451 0.00011337
452 0.000165658
453 0.000171383
454 0.000168026
455 0.000150301
456 0.000170399
457 0.000162073
458 0.000101523
459 0.0001222
460 0.000164313
461 0.000137244
462 0.000120927
463 0.000145912
464 0.000140339
465 0.000155041
466 0.000180313
467 0.000126453
468 0.000106969
469 0.000167358
470 0.000128098
471 0.000153912
472 0.000150868
473 0.000151383
474 0.000159257
475 0.000179798
476 0.000162753
477 0.000127041
478 0.000232881
479 0.000179067
480 0.000156728
481 0.000125143
482 0.000132187
483 0.000170453
484 0.000140026
485 0.000168728
486 0.00014957
487 0.000189883
488 0.000186614
489 0.000126842
490 0.000138183
491 0.000154301
492 0.000134842
493 0.00017195
494 0.000119925
495 0.000158868
496 0.000132313
497 0.000114988
498 0.000178868
499 0.000121811
500 0.000113181
501 0.000156187
502 0.000137396
503 0.000160728
504 0.000142914
505 0.00016034
506 0.000188728
507 0.000176023
508 0.000109912
509 0.000149785
510 0.00013308
511 0.000123798
512 0.000161269
513 0.00014844
514 0.000128513
515 0.000116313
516 0.000131383
517 0.000144313
518 0.000191744
519 0.000129422
520 0.000154039
521 0.0001702
522 0.00010937
523 0.000158301
524 0.00014294
525 0.000139383
526 0.000160339
527 0.000167899
528 0.000157443
529 0.000162326
530 0.000156313
531 0.000162741
532 0.000131168
533 9.70283e-05
534 0.000112098
535 0.000142427
536 0.000187257
537 0.000160855
538 0.000140313
539 0.000189269
540 0.000151257
541 8.61109e-05
542 0.000150479
543 0.000151671
544 0.000144982
545 0.000148386
546 0.000162842
547 0.00010937
548 0.000141938
549 0.000112728
550 0.000158427
551 0.000159041
552 0.000148728
553 0.000113244
554 0.000117722
555 0.000169557
556 0.000118842
557 0.000137244
558 0.000130225
559 0.000128728
560 0.000160023
561 0.00012395
562 0.000109269
563 0.000155383
564 0.000141912
565 0.000136855
566 0.000107899
567 0.000113181
568 0.000116187
569 0.000134898
570 0.000143257
571 0.000140124
572 0.000129912
573 9.77945e-05
574 8.6842e-05
575 0.000160827
576 0.000110652
577 0.000128212
578 0.000170614
579 0.000124855
580 0.000147772
581 0.000156313
582 0.000132187
583 0.000152313
584 0.000131798
585 0.000155257
586 0.000161469
587 0.000198326
588 0.000107772
589 0.000127772
590 0.00013337
591 0.000106326
592 0.000168313
593 0.000125913
594 0.000114427
595 0.00011914
596 0.000171772
597 0.000112829
598 0.000128855
599 0.000154326
600 0.000144611
601 0.000162427
602 0.00011094
603 0.000126741
604 0.000121886
605 0.000102039
606 0.000182715
607 0.000149811
608 0.000129811
609 0.000109244
610 0.000149444
611 0.000136855
612 0.000168829
613 8.66523e-05
614 0.000107282
615 0.000144212
616 0.000136728
617 0.000135383
618 0.000110599
619 0.000126915
620 9.95101e-05
621 0.000173785
622 0.000128339
623 0.00012444
624 0.000134915
625 0.000128313
626 0.000145595
627 0.000128313
628 0.000179582
629 0.00015757
630 0.000127925
631 0.000138111
632 0.000117595
633 0.000132855
634 0.00012537
635 0.000122427
636 0.000129396
637 0.000122525
638 0.000126715
639 0.000137134
640 0.000154868
641 0.000104187
642 0.000136339
643 0.000157642
644 0.000141912
645 0.000121181
646 0.000126842
647 0.000133785
648 9.44531e-05
649 9.8842e-05
650 0.000153811
651 8.92437e-05
652 0.000138453
653 0.000119383
654 9.23392e-05
655 9.83006e-05
656 8.9785e-05
657 0.000135899
658 0.000142599
659 0.000124187
660 0.000154399
661 0.0001267
662 0.00013737
663 8.93962e-05
664 0.000135456
665 0.000120728
666 0.000123583
667 0.000127772
668 8.1054e-05
669 9.57721e-05
670 0.000140829
671 0.000156601
672 0.000129244
673 0.000119358
674 0.000115671
675 0.000124238
676 9.51297e-05
677 0.00014044
678 0.000129244
679 9.79593e-05
680 8.58861e-05
681 8.88291e-05
682 0.000126741
683 0.000161295
684 7.11297e-05
685 0.000168982
686 0.000119899
687 0.000143041
688 0.000135257
689 0.000115824
690 0.000112212
691 0.000134301
692 0.000113912
693 0.000153785
694 0.000167358
695 0.00012732
696 8.25046e-05
697 9.17721e-05
698 0.000102427
699 0.000140212
700 0.000133785
701 0.000120297
702 0.000127772
703 9.56711e-05
704 0.000108339
705 0.000105658
706 0.00010957
707 9.89688e-05
708 0.00010444
709 0.00014937
710 0.000100313
711 9.81996e-05
712 0.000112026
713 0.000130525
714 0.000125396
715 0.00010537
716 8.6943e-05
717 8.31936e-05
718 0.000111383
719 0.000135168
720 0.000110427
721 0.000119997
722 0.000116466
723 0.000121028
724 0.000116313
725 0.000121181
726 0.000112665
727 0.000134868
728 0.000146301
729 0.00015094
730 0.000165155
731 8.40981e-05
732 0.00013133
733 0.000126326
734 0.000110427
735 0.000126273
736 0.000109811
737 0.000121595
738 0.000118453
739 8.58107e-05
740 0.00012817
741 0.000117054
742 0.000127219
743 0.000150969
744 8.04403e-05
745 0.00012351
746 9.95358e-05
747 0.000111971
748 0.000114767
749 0.000149028
750 0.000139798
751 9.1836e-05
752 0.000118842
753 0.00011737
754 0.000136313
755 0.000126301
756 9.51679e-05
757 0.000103456
758 0.000108956
759 0.000106994
760 0.000123536
761 0.000137785
762 0.000133748
763 0.000118614
764 0.000113469
765 0.000128313
766 0.000121684
767 0.000140829
768 0.0001385
769 9.73962e-05
770 0.000115671
771 0.000140855
772 0.000109396
773 0.000133696
774 0.000125155
775 0.000135257
776 8.9054e-05
777 0.000100927
778 9.74694e-05
779 8.49559e-05
780 0.000105785
781 0.000102301
782 0.00016201
783 9.78861e-05
784 0.000100513
785 0.000121396
786 0.000112829
787 0.000133684
788 0.000143431
789 0.000125658
790 9.83263e-05
791 0.000106111
792 9.93576e-05
793 0.000112415
794 0.000109396
795 9.18989e-05
796 0.000101912
797 0.000118779
798 0.000160124
799 0.000103845
800 9.98989e-05
801 9.79593e-05
802 0.000120538
803 0.000113658
804 8.49281e-05
805 0.000111358
806 0.000112324
807 0.000102479
808 9.7785e-05
809 9.35953e-05
810 0.00010044
811 9.7785e-05
812 0.000126842
813 0.000105811
814 0.000134741
815 0.000119383
816 9.39118e-05
817 6.74309e-05
818 0.000110969
819 0.000134427
820 6.13962e-05
821 9.3523e-05
822 0.000154842
823 0.000130868
824 9.43006e-05
825 0.000109396
826 0.000110554
827 0.000115383
828 9.53833e-05
829 7.63392e-05
830 0.000108881
831 0.000123067
832 0.000129668
833 9.53833e-05
834 8.33289e-05
835 9.18989e-05
836 0.000158301
837 0.000113497
838 0.000125595
839 0.000115697
840 0.000159782
841 8.37816e-05
842 0.00010157
843 0.000129886
844 9.31808e-05
845 0.000133696
846 9.65126e-05
847 0.000118868
848 0.000102427
849 0.000103997
850 0.000124187
851 8.23006e-05
852 5.84998e-05
853 8.67152e-05
854 0.00013737
855 9.28291e-05
856 8.35825e-05
857 0.000104639
858 0.000107358
859 7.53576e-05
860 0.000136513
861 0.000117469
862 9.63392e-05
863 0.000115557
864 0.000117912
865 8.48013e-05
866 0.000103358
867 9.56082e-05
868 0.000121244
869 9.11679e-05
870 0.000116513
871 0.000117244
872 0.000123681
873 8.32565e-05
874 0.000112412
875 0.000111257
876 0.000106301
877 0.000126842
878 0.000124313
879 0.00013151
880 0.000110453
881 0.000117396
882 9.41204e-05
883 7.89688e-05
884 0.000138427
885 0.000125836
886 8.67152e-05
887 0.00010351
888 9.25383e-05
889 6.88548e-05
890 8.00514e-05
891 0.000116982
892 9.55825e-05
893 0.000112855
894 0.00010444
895 0.000119383
896 8.91426e-05
897 0.000117886
898 7.73704e-05
899 9.8842e-05
900 0.000104313
901 7.92926e-05
902 0.000122326
903 9.70283e-05
904 0.000104829
905 9.83263e-05
906 0.000122969
907 8.33576e-05
908 9.89945e-05
909 0.000116855
910 0.000106427
911 0.0001062
912 7.85267e-05
913 0.00012444
914 9.97979e-05
915 0.000105668
916 0.000127925
917 0.000103358
918 9.09238e-05
919 9.79593e-05
920 0.000108187
921 0.000100313
922 9.83006e-05
923 0.000107358
924 9.72437e-05
925 0.000102064
926 8.52437e-05
927 7.13833e-05
928 0.000144313
929 0.000122627
930 0.000124728
931 7.03006e-05
932 0.000131041
933 8.46583e-05
934 8.81238e-05
935 9.89688e-05
936 9.33704e-05
937 8.83135e-05
938 0.000104187
939 8.33576e-05
940 0.00010631
941 9.55567e-05
942 0.000137684
943 8.86394e-05
944 9.81109e-05
945 6.83135e-05
946 7.54557e-05
947 6.52437e-05
948 0.000118064
949 0.000141836
950 6.63006e-05
951 0.00010508
952 6.86394e-05
953 7.86266e-05
954 9.68291e-05
955 0.000120712
956 0.000117783
957 9.90411e-05
958 0.000121244
959 9.97721e-05
960 0.000105155
961 8.99851e-05
962 0.000112982
963 0.000116586
964 0.000127655
965 7.24403e-05
966 0.000100212
967 0.000105722
968 9.57816e-05
969 8.95696e-05
970 0.00011577
971 9.97568e-05
972 0.000134326
973 0.000148313
974 0.000106453
975 0.000130868
976 0.00011801
977 0.000102326
978 0.000137643
979 9.60981e-05
980 0.000108855
981 8.88291e-05
982 0.000107383
983 0.000114039
984 0.000109886
985 8.43135e-05
986 7.92822e-05
987 0.000125912
988 7.94021e-05
989 7.59504e-05
990 9.53833e-05
991 8.63006e-05
992 8.47538e-05
993 5.38861e-05
994 8.33576e-05
995 0.000118741
996 8.9054e-05
997 8.61379e-05
998 0.000109497
999 0
