0 0
1 2.8e-05
2 6.16e-05
3 9e-05
4 9.54477e-05
5 0.0001116
6 0.000132324
7 0.000138572
8 0.000134895
9 0.000145695
10 0.000145772
11 0.000140709
12 0.00013936
13 0.000121947
14 0.000110667
15 0.000127505
16 0.000116781
17 0.00010675
18 0.000104743
19 0.000109871
20 0.000120057
21 0.000110137
22 0.000113132
23 0.000103163
24 0.000101334
25 9.87052e-05
26 0.000107467
27 0.000107242
28 9.07468e-05
29 9.38901e-05
30 9.43432e-05
31 9.47052e-05
32 8.77185e-05
33 9.21221e-05
34 7.95918e-05
35 8.86707e-05
36 8.25185e-05
37 7.85565e-05
38 7.73414e-05
39 7.88804e-05
40 7.86707e-05
41 8.04768e-05
42 7.6991e-05
43 7.67468e-05
44 6.57529e-05
45 7.45759e-05
46 7.59052e-05
47 7.30973e-05
48 6.87281e-05
49 7.56387e-05
50 7.07124e-05
51 6.6591e-05
52 6.79317e-05
53 6.6023e-05
54 6.38212e-05
55 7.12459e-05
56 7.05565e-05
57 6.68804e-05
58 5.51771e-05
59 5.9284e-05
60 6.93148e-05
61 6.21221e-05
62 6.5623e-05
63 5.76043e-05
64 5.92804e-05
65 5.79317e-05
66 5.86363e-05
67 6.28184e-05
68 5.73148e-05
69 5.97946e-05
70 6.2273e-05
71 5.48193e-05
72 5.29982e-05
73 5.65148e-05
74 5.7284e-05
75 5.68115e-05
76 4.63813e-05
77 5.89982e-05
78 5.23849e-05
79 5.25565e-05
80 4.77982e-05
81 5.47626e-05
82 4.99281e-05
83 5.36387e-05
84 4.9391e-05
85 4.73565e-05
86 5.899e-05
87 4.87245e-05
88 5.04266e-05
89 4.88768e-05
90 4.83468e-05
91 4.76193e-05
92 5.10701e-05
93 4.66087e-05
94 4.25716e-05
95 4.34326e-05
96 4.65221e-05
97 3.84876e-05
98 4.30326e-05
99 4.97601e-05
100 3.91432e-05
101 5.10139e-05
102 4.4591e-05
103 4.26743e-05
104 4.10671e-05
105 4.26284e-05
106 3.59505e-05
107 4.29982e-05
108 4.36496e-05
109 4.02743e-05
110 4.47432e-05
111 3.34707e-05
112 3.8991e-05
113 4.14812e-05
114 4.23468e-05
115 5.08873e-05
116 4.62363e-05
117 4.81946e-05
118 4.03432e-05
119 3.84387e-05
120 4.30671e-05
121 3.80909e-05
122 3.87281e-05
123 4.51662e-05
124 4.65707e-05
125 4.34671e-05
126 3.24079e-05
127 4.2229e-05
128 4.01185e-05
129 4.04151e-05
130 3.50432e-05
131 4.17257e-05
132 3.96079e-05
133 3.9429e-05
134 3.8023e-05
135 3.80459e-05
136 3.31088e-05
137 3.70707e-05
138 3.59468e-05
139 3.06707e-05
140 3.99468e-05
141 4.38707e-05
142 3.79468e-05
143 4.20115e-05
144 3.37601e-05
145 4.27124e-05
146 3.45565e-05
147 3.22054e-05
148 2.7623e-05
149 4.04006e-05
150 3.09982e-05
151 3.40876e-05
152 3.96804e-05
153 3.3729e-05
154 2.87505e-05
155 4.32043e-05
156 3.62326e-05
157 3.9791e-05
158 3.57185e-05
159 2.94363e-05
160 3.89831e-05
161 3.24601e-05
162 2.64193e-05
163 3.61221e-05
164 3.12532e-05
165 3.36184e-05
166 2.8823e-05
167 3.67042e-05
168 3.22326e-05
169 3.26018e-05
170 3.21148e-05
171 3.62326e-05
172 3.47088e-05
173 3.41946e-05
174 3.27849e-05
175 3.44873e-05
176 3.29601e-05
177 3.31088e-05
178 3.36184e-05
179 2.91813e-05
180 3.02363e-05
181 3.24876e-05
182 3.59505e-05
183 3.30212e-05
184 3.63849e-05
185 3.13293e-05
186 3.39505e-05
187 2.72496e-05
188 3.42839e-05
189 3.43725e-05
190 3.76565e-05
191 3.60079e-05
192 3.39849e-05
193 2.79468e-05
194 2.75734e-05
195 2.8929e-05
196 2.55124e-05
197 2.81601e-05
198 2.5916e-05
199 3.38326e-05
200 2.59537e-05
201 2.91124e-05
202 3.13008e-05
203 3.03088e-05
204 3.39849e-05
205 3.30707e-05
206 3.08184e-05
207 2.54018e-05
208 3.11771e-05
209 3.13221e-05
210 2.84151e-05
211 3.03088e-05
212 2.79157e-05
213 2.71505e-05
214 3.17927e-05
215 2.61638e-05
216 3.04266e-05
217 2.25335e-05
218 3.10399e-05
219 2.74625e-05
220 2.7944e-05
221 2.5623e-05
222 2.52955e-05
223 2.4861e-05
224 3.44423e-05
225 2.83849e-05
226 2.71193e-05
227 3.68115e-05
228 2.99432e-05
229 2.87052e-05
230 2.78363e-05
231 2.81565e-05
232 2.5223e-05
233 2.72637e-05
234 2.89982e-05
235 2.6461e-05
236 2.43505e-05
237 2.71124e-05
238 3.04496e-05
239 2.07505e-05
240 2.03771e-05
241 2.58707e-05
242 2.99432e-05
243 2.16955e-05
244 2.6229e-05
245 2.7029e-05
246 3.35734e-05
247 2.53148e-05
248 2.13601e-05
249 2.51813e-05
250 2.48266e-05
251 2.86326e-05
252 2.58743e-05
253 2.55468e-05
254 2.77221e-05
255 3.01326e-05
256 2.54477e-05
257 2.05185e-05
258 2.55505e-05
259 2.68647e-05
260 2.42671e-05
261 2.98937e-05
262 2.58671e-05
263 3.07082e-05
264 2.71734e-05
265 2.25634e-05
266 3.06018e-05
267 2.50707e-05
268 2.37565e-05
269 2.34671e-05
270 2.43849e-05
271 1.95468e-05
272 3.41306e-05
273 2.80689e-05
274 2.47052e-05
275 2.58018e-05
276 3.15115e-05
277 2.37982e-05
278 2.38363e-05
279 2.6929e-05
280 1.65716e-05
281 2.73335e-05
282 2.50051e-05
283 2.31468e-05
284 2.52193e-05
285 2.53372e-05
286 2.09752e-05
287 2.66776e-05
288 2.58812e-05
289 2.0023e-05
290 2.0861e-05
291 2.31849e-05
292 2.62707e-05
293 2.54399e-05
294 2.57982e-05
295 2.49638e-05
296 2.28597e-05
297 2.65982e-05
298 2.40909e-05
299 1.84945e-05
300 2.11468e-05
301 1.63849e-05
302 2.33565e-05
303 2.56459e-05
304 2.43124e-05
305 2.00574e-05
306 2.84329e-05
307 2.62671e-05
308 2.2061e-05
309 2.22707e-05
310 2.44283e-05
311 2.47885e-05
312 2.11124e-05
313 2.86326e-05
314 2.27495e-05
315 2.64804e-05
316 2.24574e-05
317 2.18707e-05
318 2.03885e-05
319 2.59115e-05
320 2.38087e-05
321 2.47803e-05
322 2.14743e-05
323 2.60876e-05
324 2.34363e-05
325 2.47954e-05
326 2.03885e-05
327 1.83849e-05
328 2.37148e-05
329 1.98363e-05
330 1.96955e-05
331 2.2423e-05
332 2.14816e-05
333 2.34707e-05
334 2.05565e-05
335 2.02812e-05
336 2.18015e-05
337 2.13408e-05
338 2.23468e-05
339 2.36574e-05
340 2.0861e-05
341 2.65257e-05
342 2.81221e-05
343 1.8423e-05
344 2.17221e-05
345 2.06399e-05
346 1.75196e-05
347 1.82812e-05
348 1.96991e-05
349 2.54363e-05
350 1.83505e-05
351 2.1661e-05
352 2.09497e-05
353 2.18156e-05
354 1.90707e-05
355 2.46707e-05
356 2.05674e-05
357 2.19541e-05
358 2.4567e-05
359 2.26123e-05
360 1.89257e-05
361 2.25148e-05
362 2.16991e-05
363 1.66051e-05
364 2.12768e-05
365 2.05982e-05
366 2.62018e-05
367 1.8461e-05
368 2.54018e-05
369 2.03468e-05
370 2.05946e-05
371 1.83505e-05
372 1.70363e-05
373 1.44991e-05
374 2.3015e-05
375 2.5135e-05
376 1.63849e-05
377 1.99505e-05
378 1.91052e-05
379 1.55193e-05
380 2.26399e-05
381 2.46701e-05
382 2.01982e-05
383 2.37946e-05
384 1.80876e-05
385 1.3516e-05
386 2.14363e-05
387 1.96647e-05
388 2.09257e-05
389 1.95505e-05
390 1.72302e-05
391 2.1661e-05
392 2.33982e-05
393 2.35052e-05
394 2.14504e-05
395 2.03849e-05
396 1.51088e-05
397 2.03088e-05
398 1.88779e-05
399 1.46918e-05
400 2.12492e-05
401 2.10051e-05
402 1.7261e-05
403 1.92574e-05
404 2.01326e-05
405 2.3829e-05
406 1.98087e-05
407 2.37051e-05
408 1.9261e-05
409 1.84148e-05
410 1.8616e-05
411 2.07918e-05
412 1.91193e-05
413 2.25326e-05
414 2.27699e-05
415 1.70326e-05
416 2.0823e-05
417 1.74468e-05
418 2.14743e-05
419 2.12568e-05
420 1.47505e-05
421 1.66743e-05
422 1.6423e-05
423 1.5623e-05
424 1.97638e-05
425 1.86363e-05
426 1.6571e-05
427 1.94743e-05
428 2.18468e-05
429 2.31115e-05
430 1.97769e-05
431 1.99088e-05
432 1.53982e-05
433 1.52266e-05
434 1.58468e-05
435 1.75885e-05
436 2.10743e-05
437 1.62051e-05
438 2.22812e-05
439 1.89946e-05
440 1.86363e-05
441 1.78849e-05
442 1.78395e-05
443 1.54326e-05
444 1.59193e-05
445 2.14326e-05
446 2.11468e-05
447 2.23849e-05
448 1.83432e-05
449 1.52736e-05
450 1.6861e-05
451 1.61408e-05
452 1.97982e-05
453 1.7478e-05
454 1.8171e-05
455 1.71849e-05
456 1.62326e-05
457 2.11537e-05
458 1.56193e-05
459 2.07229e-05
460 1.86123e-05
461 1.74849e-05
462 2.03088e-05
463 1.90015e-05
464 1.4678e-05
465 1.51505e-05
466 1.65638e-05
467 1.61529e-05
468 1.83193e-05
469 1.80949e-05
470 1.51922e-05
471 1.48266e-05
472 1.69982e-05
473 1.62812e-05
474 1.74399e-05
475 1.74054e-05
476 1.77096e-05
477 1.95088e-05
478 1.75193e-05
479 1.7791e-05
480 2.00459e-05
481 1.90363e-05
482 1.63885e-05
483 1.57027e-05
484 1.39849e-05
485 2.10018e-05
486 1.50743e-05
487 1.9878e-05
488 1.63468e-05
489 1.9478e-05
490 1.66432e-05
491 1.93254e-05
492 1.69335e-05
493 1.77362e-05
494 1.43849e-05
495 1.81257e-05
496 1.36647e-05
497 2.03813e-05
498 2.02707e-05
499 1.70573e-05
500 1.7622e-05
501 1.60574e-05
502 2.20903e-05
503 1.71541e-05
504 1.38399e-05
505 1.54743e-05
506 1.8061e-05
507 1.88876e-05
508 1.81601e-05
509 1.86707e-05
510 1.9078e-05
511 1.63849e-05
512 1.95505e-05
513 1.57051e-05
514 1.10947e-05
515 1.9623e-05
516 1.65441e-05
517 1.8653e-05
518 1.78018e-05
519 1.94665e-05
520 1.66009e-05
521 2.17973e-05
522 1.86671e-05
523 1.19574e-05
524 1.57982e-05
525 1.99432e-05
526 1.63918e-05
527 1.58734e-05
528 1.21716e-05
529 1.73362e-05
530 1.44266e-05
531 1.55849e-05
532 2.00574e-05
533 1.97674e-05
534 1.28991e-05
535 1.56256e-05
536 1.73335e-05
537 1.2861e-05
538 1.94363e-05
539 1.55505e-05
540 1.52876e-05
541 1.69946e-05
542 1.34743e-05
543 1.68079e-05
544 1.4823e-05
545 1.90123e-05
546 1.61716e-05
547 1.21716e-05
548 2.18816e-05
549 1.49982e-05
550 1.82468e-05
551 2.02054e-05
552 1.4423e-05
553 1.55849e-05
554 2.07564e-05
555 1.52683e-05
556 1.58363e-05
557 1.52991e-05
558 1.7078e-05
559 1.8612e-05
560 1.51088e-05
561 1.62087e-05
562 1.62186e-05
563 1.96299e-05
564 1.58087e-05
565 1.4823e-05
566 1.35885e-05
567 1.75813e-05
568 1.35468e-05
569 1.53884e-05
570 1.84532e-05
571 1.4423e-05
572 1.84293e-05
573 1.40193e-05
574 2.16876e-05
575 1.71468e-05
576 1.91468e-05
577 1.4316e-05
578 1.74395e-05
579 2.02743e-05
580 1.53752e-05
581 1.3623e-05
582 1.54812e-05
583 1.65601e-05
584 1.31954e-05
585 1.30018e-05
586 1.33812e-05
587 1.59505e-05
588 1.46399e-05
589 1.35505e-05
590 1.69638e-05
591 1.49335e-05
592 1.35918e-05
593 1.58743e-05
594 1.24053e-05
595 2.13638e-05
596 1.87177e-05
597 1.35918e-05
598 1.23885e-05
599 1.89395e-05
600 1.35849e-05
601 1.67918e-05
602 1.65431e-05
603 1.23885e-05
604 1.31849e-05
605 1.2106e-05
606 1.64193e-05
607 1.38399e-05
608 1.20299e-05
609 1.75505e-05
610 1.68193e-05
611 1.48335e-05
612 1.78054e-05
613 1.60193e-05
614 1.55468e-05
615 1.67492e-05
616 1.5078e-05
617 1.16991e-05
618 1.65752e-05
619 1.83954e-05
620 1.71885e-05
621 1.24841e-05
622 1.18501e-05
623 1.37946e-05
624 1.36302e-05
625 1.80444e-05
626 1.6023e-05
627 1.33362e-05
628 1.90707e-05
629 1.43124e-05
630 2.0384e-05
631 2.07262e-05
632 1.25398e-05
633 1.44647e-05
634 1.55088e-05
635 1.47876e-05
636 1.37638e-05
637 1.23505e-05
638 1.23954e-05
639 1.27541e-05
640 1.1771e-05
641 1.42054e-05
642 1.33638e-05
643 1.48716e-05
644 2.17293e-05
645 1.54849e-05
646 1.18219e-05
647 1.27229e-05
648 1.0461e-05
649 1.74665e-05
650 1.6061e-05
651 1.73008e-05
652 1.04991e-05
653 1.3478e-05
654 1.14123e-05
655 1.14743e-05
656 1.60637e-05
657 1.79052e-05
658 1.64149e-05
659 1.92568e-05
660 1.67193e-05
661 1.26133e-05
662 1.28647e-05
663 1.60876e-05
664 1.52193e-05
665 1.22707e-05
666 1.61565e-05
667 1.39468e-05
668 1.10816e-05
669 1.45425e-05
670 1.26743e-05
671 1.92768e-05
672 1.62087e-05
673 1.57638e-05
674 1.39849e-05
675 1.36266e-05
676 1.80187e-05
677 1.50849e-05
678 1.44574e-05
679 1.22537e-05
680 1.60224e-05
681 1.71734e-05
682 1.32909e-05
683 1.85431e-05
684 1.41982e-05
685 1.68184e-05
686 1.62393e-05
687 1.49982e-05
688 1.39885e-05
689 1.64913e-05
690 1.79088e-05
691 1.25051e-05
692 1.23124e-05
693 7.80967e-06
694 1.47124e-05
695 1.23813e-05
696 1.13716e-05
697 1.40955e-05
698 1.11088e-05
699 1.30812e-05
700 1.45395e-05
701 1.62018e-05
702 1.51574e-05
703 1.45638e-05
704 1.48985e-05
705 1.38123e-05
706 1.30743e-05
707 1.74743e-05
708 1.19088e-05
709 1.19298e-05
710 1.42707e-05
711 1.29335e-05
712 1.08991e-05
713 1.46494e-05
714 1.53221e-05
715 1.17335e-05
716 1.22743e-05
717 1.43734e-05
718 1.43849e-05
719 1.38399e-05
720 1.42186e-05
721 9.99215e-06
722 1.59918e-05
723 1.22468e-05
724 1.46743e-05
725 1.7116e-05
726 1.51912e-05
727 1.13063e-05
728 1.41592e-05
729 1.62435e-05
730 1.86671e-05
731 1.30097e-05
732 1.49707e-05
733 9.73354e-06
734 1.4461e-05
735 1.08991e-05
736 1.34743e-05
737 1.3223e-05
738 1.25707e-05
739 1.39124e-05
740 1.24193e-05
741 1.16397e-05
742 1.08991e-05
743 1.16335e-05
744 1.2216e-05
745 1.67229e-05
746 9.59215e-06
747 1.5916e-05
748 1.52293e-05
749 1.43229e-05
750 1.5815e-05
751 1.73257e-05
752 1.57743e-05
753 1.15505e-05
754 1.36302e-05
755 1.27672e-05
756 1.31922e-05
757 1.27505e-05
758 1.46432e-05
759 1.23849e-05
760 1.1623e-05
761 1.1916e-05
762 1.51885e-05
763 1.32716e-05
764 1.28647e-05
765 9.33354e-06
766 1.68913e-05
767 8.4991e-06
768 1.47328e-05
769 1.79505e-05
770 1.41789e-05
771 1.13982e-05
772 1.68193e-05
773 1.5116e-05
774 1.8322e-05
775 1.3122e-05
776 1.3355e-05
777 8.93354e-06
778 1.57529e-05
779 1.1706e-05
780 1.63157e-05
781 1.59505e-05
782 1.46018e-05
783 1.23885e-05
784 1.61221e-05
785 1.29674e-05
786 1.04574e-05
787 1.07193e-05
788 1.36266e-05
789 1.19124e-05
790 1.46911e-05
791 1.27535e-05
792 1.37752e-05
793 1.39885e-05
794 1.37014e-05
795 1.40945e-05
796 1.62018e-05
797 1.07537e-05
798 1.80568e-05
799 1.25221e-05
800 1.20335e-05
801 1.13674e-05
802 1.55115e-05
803 1.51876e-05
804 1.04601e-05
805 1.05063e-05
806 1.30707e-05
807 1.24302e-05
808 1.51505e-05
809 1.47505e-05
810 1.41335e-05
811 1.47088e-05
812 9.77523e-06
813 1.38743e-05
814 1.54054e-05
815 1.2061e-05
816 1.69293e-05
817 1.71292e-05
818 1.76253e-05
819 1.36532e-05
820 1.6884e-05
821 1.48496e-05
822 1.31124e-05
823 1.6971e-05
824 1.42435e-05
825 9.33717e-06
826 1.47505e-05
827 1.48945e-05
828 1.21044e-05
829 1.33812e-05
830 1.34018e-05
831 1.29848e-05
832 1.13707e-05
833 1.30432e-05
834 1.24641e-05
835 1.35885e-05
836 1.2678e-05
837 1.26399e-05
838 1.30875e-05
839 1.36574e-05
840 1.1516e-05
841 1.50531e-05
842 1.23073e-05
843 1.32193e-05
844 1.28909e-05
845 8.39577e-06
846 1.50537e-05
847 1.27541e-05
848 1.30018e-05
849 1.50881e-05
850 1.0061e-05
851 1.2823e-05
852 1.19468e-05
853 1.15505e-05
854 1.51568e-05
855 1.32266e-05
856 1.20193e-05
857 1.08299e-05
858 1.75499e-05
859 9.15736e-06
860 1.2423e-05
861 1.19574e-05
862 1.41716e-05
863 8.66028e-06
864 1.04574e-05
865 1.20565e-05
866 1.51505e-05
867 1.49664e-05
868 1.54213e-05
869 1.54491e-05
870 1.14097e-05
871 1.3116e-05
872 1.28716e-05
873 8.97523e-06
874 1.7078e-05
875 1.1206e-05
876 1.16302e-05
877 1.28574e-05
878 1.15541e-05
879 1.00716e-05
880 1.48913e-05
881 8.86466e-06
882 1.46432e-05
883 1.42133e-05
884 1.78326e-05
885 1.30743e-05
886 1.07229e-05
887 1.27849e-05
888 8.94079e-06
889 1.75468e-05
890 1.50707e-05
891 1.07922e-05
892 9.44679e-06
893 1.46743e-05
894 1.32193e-05
895 9.77161e-06
896 1.52909e-05
897 1.05408e-05
898 1.14186e-05
899 1.11229e-05
900 1.34468e-05
901 1.16991e-05
902 1.29113e-05
903 1.35193e-05
904 1.1661e-05
905 9.9262e-06
906 1.05014e-05
907 1.03918e-05
908 1.1916e-05
909 8.83349e-06
910 1.2861e-05
911 1.11541e-05
912 9.15409e-06
913 1.19954e-05
914 1.36532e-05
915 1.67317e-05
916 1.20955e-05
917 1.64876e-05
918 1.161e-05
919 1.24945e-05
920 1.38743e-05
921 9.6991e-06
922 1.11088e-05
923 9.71652e-06
924 1.2654e-05
925 1.15958e-05
926 1.45096e-05
927 1.17467e-05
928 1.05586e-05
929 1.36647e-05
930 1.18743e-05
931 1.20266e-05
932 1.25027e-05
933 1.24982e-05
934 1.21221e-05
935 1.19468e-05
936 1.62399e-05
937 1.0861e-05
938 8.17161e-06
939 1.23088e-05
940 1.45362e-05
941 1.26911e-05
942 1.27317e-05
943 9.95046e-06
944 1.35734e-05
945 9.30272e-06
946 1.21326e-05
947 1.22849e-05
948 1.0423e-05
949 1.32256e-05
950 1.23088e-05
951 8.47156e-06
952 1.10852e-05
953 1.35282e-05
954 1.3561e-05
955 7.85136e-06
956 1.2678e-05
957 1.11193e-05
958 1.01335e-05
959 1.17982e-05
960 1.04647e-05
961 1.28647e-05
962 1.42698e-05
963 9.63349e-06
964 1.0678e-05
965 1.33326e-05
966 1.35229e-05
967 7.58853e-06
968 1.20568e-05
969 8.06794e-06
970 1.16302e-05
971 1.02852e-05
972 1.04266e-05
973 1.0316e-05
974 1.4446e-05
975 1.43922e-05
976 1.22537e-05
977 1.19954e-05
978 1.24991e-05
979 1.26743e-05
980 1.14133e-05
981 1.13398e-05
982 1.10983e-05
983 1.13435e-05
984 1.24982e-05
985 1.06468e-05
986 1.37398e-05
987 8.28486e-06
988 1.03468e-05
989 8.57523e-06
990 1.17372e-05
991 1.17779e-05
992 1.14477e-05
993 1.19196e-05
994 1.39229e-05
995 1.29746e-05
996 1.14051e-05
997 8.31602e-06
998 8.60805e-06
999 0
