0 0
1 3.6e-07
2 5.6e-07
3 5.2e-07
4 8.8e-07
5 1.04e-06
6 1.44e-06
7 2.0792e-06
8 2.32e-06
9 2.4e-06
10 2.6796e-06
11 3.4392e-06
12 2.72e-06
13 3.8392e-06
14 3.7996e-06
15 4.39841e-06
16 3.5192e-06
17 3.5192e-06
18 5.31761e-06
19 4.51801e-06
20 4.71682e-06
21 5.11841e-06
22 4.8792e-06
23 5.19761e-06
24 5.39801e-06
25 5.07642e-06
26 4.75881e-06
27 5.47801e-06
28 5.27682e-06
29 5.35761e-06
30 4.39801e-06
31 4.75721e-06
32 5.03761e-06
33 5.03841e-06
34 5.35881e-06
35 4.9196e-06
36 4.99721e-06
37 5.19562e-06
38 4.87682e-06
39 5.47801e-06
40 4.87721e-06
41 4.75841e-06
42 4.83721e-06
43 4.87642e-06
44 5.15602e-06
45 5.35841e-06
46 4.27881e-06
47 4.99603e-06
48 4.79841e-06
49 5.55761e-06
50 5.43364e-06
51 4.91682e-06
52 5.43642e-06
53 5.43682e-06
54 4.95443e-06
55 4.63643e-06
56 5.51443e-06
57 4.79801e-06
58 4.79563e-06
59 5.31483e-06
60 4.99483e-06
61 4.91324e-06
62 4.83761e-06
63 4.23841e-06
64 4.67682e-06
65 4.59602e-06
66 4.99682e-06
67 4.15761e-06
68 4.99642e-06
69 5.83403e-06
70 4.71761e-06
71 4.75244e-06
72 4.47602e-06
73 4.67562e-06
74 4.15721e-06
75 5.03602e-06
76 4.47523e-06
77 4.71682e-06
78 4.27483e-06
79 5.59325e-06
80 4.67325e-06
81 4.63403e-06
82 4.03721e-06
83 4.95403e-06
84 4.71483e-06
85 4.95602e-06
86 5.03722e-06
87 4.19602e-06
88 4.87403e-06
89 4.51562e-06
90 4.15523e-06
91 4.07682e-06
92 4.43443e-06
93 3.87444e-06
94 4.71602e-06
95 4.23682e-06
96 4.63325e-06
97 3.83483e-06
98 4.03642e-06
99 3.91602e-06
100 3.99324e-06
101 3.99284e-06
102 3.99524e-06
103 4.27562e-06
104 3.83483e-06
105 3.75363e-06
106 4.27364e-06
107 3.79284e-06
108 4.55523e-06
109 3.95643e-06
110 3.75365e-06
111 3.55483e-06
112 3.91483e-06
113 3.71721e-06
114 4.11246e-06
115 4.15562e-06
116 3.79642e-06
117 4.79324e-06
118 3.75483e-06
119 3.99483e-06
120 4.47483e-06
121 4.07642e-06
122 3.63524e-06
123 3.55523e-06
124 4.19602e-06
125 3.55403e-06
126 3.87206e-06
127 3.71484e-06
128 3.87602e-06
129 3.11762e-06
130 2.95682e-06
131 3.11801e-06
132 3.55642e-06
133 2.83443e-06
134 2.91364e-06
135 3.43603e-06
136 3.39404e-06
137 3.99364e-06
138 3.59602e-06
139 3.55603e-06
140 3.59523e-06
141 3.23642e-06
142 3.31483e-06
143 3.15364e-06
144 2.87483e-06
145 3.83483e-06
146 2.91603e-06
147 3.67325e-06
148 3.55323e-06
149 3.39563e-06
150 2.83524e-06
151 3.11562e-06
152 3.43364e-06
153 2.71761e-06
154 3.43483e-06
155 3.59486e-06
156 3.55562e-06
157 3.19603e-06
158 3.15523e-06
159 2.71483e-06
160 3.43205e-06
161 3.11483e-06
162 3.39642e-06
163 2.99483e-06
164 3.55523e-06
165 3.03444e-06
166 2.67682e-06
167 3.07682e-06
168 3.35522e-06
169 3.23484e-06
170 2.75443e-06
171 3.43444e-06
172 3.99563e-06
173 3.15523e-06
174 3.23563e-06
175 3.27682e-06
176 3.03761e-06
177 3.15363e-06
178 2.71444e-06
179 3.43403e-06
180 2.35563e-06
181 2.75324e-06
182 3.27524e-06
183 3.23602e-06
184 3.39404e-06
185 3.19602e-06
186 2.71642e-06
187 2.91364e-06
188 2.83602e-06
189 3.15205e-06
190 2.87563e-06
191 3.31444e-06
192 3.27126e-06
193 2.95326e-06
194 2.99443e-06
195 3.47522e-06
196 3.51286e-06
197 2.95801e-06
198 2.63325e-06
199 3.07324e-06
200 2.67722e-06
201 3.27444e-06
202 2.79602e-06
203 2.83403e-06
204 3.31443e-06
205 2.87563e-06
206 2.47562e-06
207 2.55562e-06
208 2.11881e-06
209 1.63484e-06
210 2.43367e-06
211 2.71325e-06
212 2.55483e-06
213 2.87682e-06
214 2.19563e-06
215 3.03166e-06
216 2.79444e-06
217 2.79762e-06
218 2.71206e-06
219 2.51523e-06
220 2.71404e-06
221 2.75722e-06
222 3.07365e-06
223 3.35444e-06
224 2.75522e-06
225 2.79484e-06
226 2.79483e-06
227 2.47523e-06
228 2.67603e-06
229 2.75522e-06
230 2.83721e-06
231 3.15523e-06
232 2.15682e-06
233 2.59483e-06
234 2.87404e-06
235 2.31563e-06
236 2.99285e-06
237 2.55523e-06
238 2.67682e-06
239 3.03563e-06
240 2.47563e-06
241 2.91245e-06
242 2.99602e-06
243 2.51682e-06
244 2.63563e-06
245 2.59722e-06
246 2.43642e-06
247 2.91403e-06
248 2.75403e-06
249 2.91483e-06
250 2.99284e-06
251 2.11643e-06
252 2.23642e-06
253 2.63522e-06
254 2.51245e-06
255 2.63364e-06
256 2.47602e-06
257 2.43365e-06
258 2.07563e-06
259 2.35563e-06
260 2.31841e-06
261 2.63483e-06
262 2.51284e-06
263 2.19721e-06
264 2.83404e-06
265 2.91324e-06
266 2.51364e-06
267 2.19643e-06
268 2.35525e-06
269 2.31523e-06
270 2.31801e-06
271 2.67167e-06
272 2.83483e-06
273 2.35642e-06
274 2.51443e-06
275 2.63325e-06
276 2.79443e-06
277 2.95326e-06
278 2.75364e-06
279 1.67722e-06
280 2.47286e-06
281 2.15483e-06
282 2.95325e-06
283 2.55562e-06
284 2.75522e-06
285 1.79723e-06
286 2.19446e-06
287 2.19483e-06
288 2.31721e-06
289 2.47128e-06
290 1.99841e-06
291 2.23603e-06
292 2.47523e-06
293 2.43206e-06
294 1.95444e-06
295 2.71642e-06
296 2.63563e-06
297 2.55206e-06
298 2.71326e-06
299 2.27444e-06
300 2.19327e-06
301 2.43761e-06
302 2.43722e-06
303 2.71324e-06
304 2.59485e-06
305 2.19563e-06
306 2.59128e-06
307 1.71602e-06
308 2.19562e-06
309 2.51602e-06
310 2.55522e-06
311 2.27404e-06
312 2.51483e-06
313 2.23444e-06
314 2.07526e-06
315 2.23365e-06
316 2.55523e-06
317 3.31483e-06
318 2.43602e-06
319 2.55523e-06
320 1.71801e-06
321 1.91562e-06
322 2.27483e-06
323 2.79404e-06
324 2.11524e-06
325 2.19404e-06
326 1.67682e-06
327 2.55364e-06
328 2.59364e-06
329 1.83245e-06
330 2.11682e-06
331 3.07165e-06
332 2.39682e-06
333 2.63483e-06
334 2.39563e-06
335 1.71682e-06
336 2.47286e-06
337 2.47364e-06
338 1.91642e-06
339 1.95483e-06
340 1.91602e-06
341 1.91602e-06
342 1.99682e-06
343 1.91483e-06
344 2.43522e-06
345 2.15602e-06
346 2.19563e-06
347 1.87642e-06
348 2.51284e-06
349 2.15562e-06
350 2.07484e-06
351 2.35523e-06
352 2.63325e-06
353 1.99406e-06
354 2.11524e-06
355 2.27326e-06
356 1.95642e-06
357 2.55524e-06
358 2.07524e-06
359 1.71523e-06
360 1.67564e-06
361 1.35445e-06
362 1.75602e-06
363 2.11602e-06
364 2.11523e-06
365 1.95523e-06
366 1.83364e-06
367 1.75762e-06
368 1.99602e-06
369 2.19285e-06
370 1.87721e-06
371 2.39483e-06
372 2.1992e-06
373 2.15207e-06
374 2.31484e-06
375 1.91643e-06
376 1.71682e-06
377 2.27288e-06
378 2.35246e-06
379 2.31364e-06
380 1.79642e-06
381 1.95523e-06
382 2.43444e-06
383 2.35721e-06
384 1.59443e-06
385 2.15444e-06
386 1.75365e-06
387 2.35642e-06
388 2.19285e-06
389 1.83405e-06
390 2.23443e-06
391 1.67722e-06
392 1.95563e-06
393 2.11325e-06
394 2.03563e-06
395 1.95563e-06
396 2.23563e-06
397 2.11324e-06
398 1.79722e-06
399 2.11446e-06
400 1.95564e-06
401 2.27087e-06
402 2.55325e-06
403 1.79405e-06
404 2.11484e-06
405 1.83563e-06
406 2.51285e-06
407 2.07563e-06
408 1.83366e-06
409 1.87484e-06
410 1.99682e-06
411 2.03444e-06
412 2.07761e-06
413 2.03286e-06
414 2.43363e-06
415 2.23523e-06
416 2.07563e-06
417 1.27762e-06
418 2.23364e-06
419 1.87722e-06
420 1.71602e-06
421 1.79683e-06
422 1.83327e-06
423 2.03444e-06
424 2.19405e-06
425 1.27603e-06
426 1.67523e-06
427 1.55444e-06
428 1.43682e-06
429 1.75524e-06
430 2.11403e-06
431 2.15285e-06
432 2.07404e-06
433 1.87762e-06
434 1.87722e-06
435 1.59762e-06
436 2.07523e-06
437 2.07405e-06
438 2.59207e-06
439 2.07404e-06
440 1.67801e-06
441 2.11443e-06
442 1.39721e-06
443 1.63523e-06
444 1.91325e-06
445 1.79443e-06
446 1.87364e-06
447 1.87682e-06
448 1.63762e-06
449 1.79721e-06
450 1.71483e-06
451 1.31682e-06
452 1.95522e-06
453 1.95563e-06
454 1.79762e-06
455 1.67721e-06
456 2.07325e-06
457 1.99403e-06
458 1.27484e-06
459 1.55443e-06
460 1.87602e-06
461 1.59642e-06
462 1.55365e-06
463 1.67603e-06
464 1.75364e-06
465 1.79524e-06
466 2.03602e-06
467 1.51524e-06
468 1.23682e-06
469 1.79801e-06
470 1.47604e-06
471 1.75603e-06
472 1.83404e-06
473 1.75563e-06
474 1.87523e-06
475 2.11444e-06
476 1.75684e-06
477 1.51524e-06
478 2.71285e-06
479 2.15286e-06
480 1.87483e-06
481 1.63364e-06
482 1.59562e-06
483 1.95524e-06
484 1.51762e-06
485 1.99483e-06
486 1.71564e-06
487 2.35166e-06
488 2.27324e-06
489 1.47642e-06
490 1.71326e-06
491 1.71721e-06
492 1.55642e-06
493 2.11246e-06
494 1.47484e-06
495 1.91404e-06
496 1.55602e-06
497 1.47327e-06
498 2.11404e-06
499 1.59325e-06
500 1.39445e-06
501 1.83562e-06
502 1.67444e-06
503 1.91483e-06
504 1.71484e-06
505 1.87407e-06
506 2.19483e-06
507 2.23087e-06
508 1.31603e-06
509 1.75563e-06
510 1.75167e-06
511 1.55444e-06
512 1.95404e-06
513 1.67643e-06
514 1.55484e-06
515 1.39602e-06
516 1.55563e-06
517 1.67602e-06
518 2.31247e-06
519 1.71206e-06
520 1.71643e-06
521 2.03443e-06
522 1.27682e-06
523 1.75721e-06
524 1.83246e-06
525 1.63563e-06
526 1.95364e-06
527 1.83722e-06
528 1.83524e-06
529 1.91483e-06
530 1.79602e-06
531 1.99364e-06
532 1.51564e-06
533 1.15643e-06
534 1.31604e-06
535 1.55762e-06
536 2.15523e-06
537 1.87523e-06
538 1.63602e-06
539 2.23404e-06
540 1.79523e-06
541 1.11485e-06
542 1.87286e-06
543 1.87403e-06
544 1.67563e-06
545 1.79444e-06
546 1.83642e-06
547 1.27682e-06
548 1.75365e-06
549 1.43483e-06
550 1.71762e-06
551 1.83524e-06
552 1.79483e-06
553 1.35642e-06
554 1.47366e-06
555 2.15244e-06
556 1.39642e-06
557 1.59642e-06
558 1.75205e-06
559 1.59483e-06
560 2.07087e-06
561 1.63246e-06
562 1.43404e-06
563 1.79563e-06
564 1.63603e-06
565 1.63523e-06
566 1.23722e-06
567 1.39445e-06
568 1.43562e-06
569 1.63367e-06
570 1.71523e-06
571 1.71366e-06
572 1.51603e-06
573 1.35208e-06
574 1.07642e-06
575 2.07088e-06
576 1.39405e-06
577 1.67324e-06
578 2.11324e-06
579 1.51523e-06
580 1.67682e-06
581 1.79602e-06
582 1.59562e-06
583 1.75602e-06
584 1.63444e-06
585 1.83523e-06
586 1.99286e-06
587 2.27483e-06
588 1.27682e-06
589 1.47682e-06
590 1.51682e-06
591 1.35483e-06
592 1.91602e-06
593 1.39646e-06
594 1.27762e-06
595 1.59129e-06
596 1.91682e-06
597 1.27761e-06
598 1.55523e-06
599 1.83483e-06
600 1.91088e-06
601 1.75762e-06
602 1.51246e-06
603 1.63364e-06
604 1.31841e-06
605 1.19643e-06
606 2.07602e-06
607 1.87325e-06
608 1.67325e-06
609 1.31642e-06
610 1.71525e-06
611 1.63523e-06
612 1.83761e-06
613 1.15405e-06
614 1.47285e-06
615 1.83324e-06
616 1.67483e-06
617 1.59563e-06
618 1.47208e-06
619 1.51485e-06
620 1.19603e-06
621 1.99563e-06
622 1.63364e-06
623 1.43643e-06
624 1.59485e-06
625 1.51602e-06
626 1.79326e-06
627 1.51602e-06
628 2.07445e-06
629 1.79564e-06
630 1.55484e-06
631 1.63485e-06
632 1.51326e-06
633 1.59523e-06
634 1.43682e-06
635 1.35762e-06
636 1.59444e-06
637 1.55365e-06
638 1.51602e-06
639 1.67366e-06
640 1.87404e-06
641 1.31562e-06
642 1.71364e-06
643 1.87405e-06
644 1.63603e-06
645 1.47445e-06
646 1.47642e-06
647 1.59563e-06
648 1.19524e-06
649 1.19642e-06
650 1.91325e-06
651 1.11642e-06
652 1.63524e-06
653 1.43563e-06
654 1.27364e-06
655 1.15721e-06
656 1.15563e-06
657 1.51722e-06
658 1.79208e-06
659 1.51562e-06
660 1.91325e-06
661 1.47487e-06
662 1.55682e-06
663 1.19444e-06
664 1.67405e-06
665 1.51483e-06
666 1.47446e-06
667 1.47682e-06
668 1.11405e-06
669 1.15682e-06
670 1.55761e-06
671 1.91443e-06
672 1.51642e-06
673 1.31801e-06
674 1.51403e-06
675 1.75086e-06
676 1.27483e-06
677 1.59643e-06
678 1.51642e-06
679 1.11684e-06
680 9.58408e-07
681 1.03761e-06
682 1.63364e-06
683 2.07166e-06
684 1.03483e-06
685 1.91563e-06
686 1.35722e-06
687 1.67524e-06
688 1.63523e-06
689 1.59206e-06
690 1.51324e-06
691 1.51721e-06
692 1.35603e-06
693 1.79563e-06
694 1.79801e-06
695 1.55366e-06
696 1.31048e-06
697 1.11682e-06
698 1.15762e-06
699 1.79324e-06
700 1.59563e-06
701 1.43485e-06
702 1.47682e-06
703 1.31403e-06
704 1.43364e-06
705 1.35522e-06
706 1.31564e-06
707 1.15682e-06
708 1.23643e-06
709 1.67682e-06
710 1.23602e-06
711 1.31443e-06
712 1.23762e-06
713 1.63365e-06
714 1.55444e-06
715 1.23682e-06
716 9.19204e-07
717 1.15326e-06
718 1.35563e-06
719 1.55564e-06
720 1.23762e-06
721 1.55325e-06
722 1.47405e-06
723 1.39643e-06
724 1.39602e-06
725 1.47445e-06
726 1.47286e-06
727 1.67404e-06
728 1.63721e-06
729 1.91246e-06
730 1.79683e-06
731 1.03604e-06
732 1.63366e-06
733 1.55483e-06
734 1.23762e-06
735 1.63286e-06
736 1.47325e-06
737 1.55326e-06
738 1.43524e-06
739 1.23325e-06
740 1.55445e-06
741 1.47405e-06
742 1.71088e-06
743 1.67682e-06
744 9.96426e-07
745 1.43603e-06
746 1.31365e-06
747 1.35563e-06
748 1.63126e-06
749 1.67643e-06
750 1.71444e-06
751 1.11525e-06
752 1.39642e-06
753 1.35682e-06
754 1.59602e-06
755 1.43721e-06
756 1.15564e-06
757 1.35405e-06
758 1.19801e-06
759 1.35444e-06
760 1.55365e-06
761 1.63563e-06
762 1.75128e-06
763 1.59324e-06
764 1.47287e-06
765 1.51602e-06
766 1.63284e-06
767 1.55761e-06
768 1.59603e-06
769 1.27444e-06
770 1.51403e-06
771 1.67523e-06
772 1.39444e-06
773 1.74974e-06
774 1.39683e-06
775 1.63523e-06
776 1.19405e-06
777 1.35365e-06
778 1.31287e-06
779 9.58014e-07
780 1.31563e-06
781 1.19721e-06
782 2.03206e-06
783 1.07841e-06
784 1.27484e-06
785 1.51444e-06
786 1.27761e-06
787 1.75284e-06
788 1.59644e-06
789 1.55522e-06
790 1.27483e-06
791 1.31485e-06
792 1.11801e-06
793 1.19881e-06
794 1.39444e-06
795 1.07722e-06
796 1.23603e-06
797 1.43446e-06
798 1.91366e-06
799 1.27525e-06
800 1.15722e-06
801 1.11684e-06
802 1.59246e-06
803 1.43522e-06
804 1.15366e-06
805 1.23801e-06
806 1.3929e-06
807 1.39286e-06
808 1.23563e-06
809 1.27326e-06
810 1.19643e-06
811 1.23563e-06
812 1.47642e-06
813 1.43325e-06
814 1.71364e-06
815 1.43563e-06
816 1.15603e-06
817 8.36442e-07
818 1.27682e-06
819 1.47762e-06
820 9.1444e-07
821 1.19484e-06
822 1.75642e-06
823 1.63404e-06
824 1.11721e-06
825 1.39444e-06
826 1.19802e-06
827 1.39563e-06
828 1.19563e-06
829 1.11364e-06
830 1.47285e-06
831 1.59286e-06
832 1.71167e-06
833 1.19563e-06
834 1.19364e-06
835 1.07722e-06
836 1.75721e-06
837 1.27722e-06
838 1.59326e-06
839 1.63165e-06
840 1.91327e-06
841 1.15327e-06
842 1.23564e-06
843 1.39841e-06
844 1.19445e-06
845 1.51604e-06
846 1.23484e-06
847 1.51404e-06
848 1.15762e-06
849 1.39325e-06
850 1.51562e-06
851 9.97214e-07
852 7.96032e-07
853 1.11602e-06
854 1.55682e-06
855 1.07761e-06
856 1.11445e-06
857 1.27524e-06
858 1.19801e-06
859 8.7801e-07
860 1.63484e-06
861 1.55286e-06
862 1.31364e-06
863 1.31683e-06
864 1.39603e-06
865 1.19326e-06
866 1.15801e-06
867 1.35207e-06
868 1.43642e-06
869 1.11564e-06
870 1.43484e-06
871 1.39642e-06
872 1.71048e-06
873 1.11523e-06
874 1.55206e-06
875 1.39523e-06
876 1.23721e-06
877 1.47642e-06
878 1.47602e-06
879 1.51603e-06
880 1.35524e-06
881 1.47444e-06
882 1.3113e-06
883 9.56824e-07
884 1.51762e-06
885 1.75087e-06
886 1.11602e-06
887 1.23603e-06
888 1.31246e-06
889 9.55232e-07
890 1.03524e-06
891 1.39563e-06
892 1.23445e-06
893 1.39523e-06
894 1.23643e-06
895 1.43563e-06
896 1.27364e-06
897 1.27841e-06
898 9.5682e-07
899 1.19642e-06
900 1.27602e-06
901 1.26931e-06
902 1.51483e-06
903 1.15643e-06
904 1.19761e-06
905 1.27483e-06
906 1.39682e-06
907 9.5801e-07
908 1.27444e-06
909 1.43523e-06
910 1.19762e-06
911 1.39443e-06
912 1.03408e-06
913 1.43643e-06
914 1.31444e-06
915 1.47167e-06
916 1.55484e-06
917 1.15801e-06
918 1.31129e-06
919 1.11684e-06
920 1.35562e-06
921 1.23602e-06
922 1.15721e-06
923 1.19801e-06
924 1.19642e-06
925 1.31405e-06
926 1.07642e-06
927 9.5563e-07
928 1.67602e-06
929 1.39643e-06
930 1.55483e-06
931 8.77214e-07
932 1.55524e-06
933 1.23169e-06
934 1.19366e-06
935 1.15682e-06
936 1.11682e-06
937 1.11602e-06
938 1.31562e-06
939 9.5801e-07
940 1.35366e-06
941 1.11683e-06
942 1.79284e-06
943 1.11524e-06
944 1.23485e-06
945 9.16024e-07
946 1.07405e-06
947 8.76418e-07
948 1.47405e-06
949 1.91087e-06
950 8.37214e-07
951 1.47167e-06
952 9.15244e-07
953 9.56434e-07
954 1.11761e-06
955 1.51366e-06
956 1.7489e-06
957 1.23524e-06
958 1.43642e-06
959 1.19682e-06
960 1.19683e-06
961 1.15446e-06
962 1.35563e-06
963 1.47327e-06
964 1.63286e-06
965 9.16426e-07
966 1.39324e-06
967 1.35366e-06
968 1.27327e-06
969 1.11564e-06
970 1.67009e-06
971 1.15566e-06
972 1.63483e-06
973 1.71602e-06
974 1.31524e-06
975 1.63404e-06
976 1.59206e-06
977 1.31483e-06
978 1.63407e-06
979 1.15604e-06
980 1.35523e-06
981 1.03761e-06
982 1.31563e-06
983 1.31643e-06
984 1.19841e-06
985 1.07602e-06
986 1.19285e-06
987 1.47603e-06
988 1.19208e-06
989 1.15246e-06
990 1.19563e-06
991 1.03721e-06
992 1.27245e-06
993 6.38408e-07
994 9.5801e-07
995 1.55364e-06
996 1.19405e-06
997 1.15289e-06
998 1.23722e-06
999 0
