0 0
1 9.272e-05
2 6.11172e-05
3 4.73544e-05
4 3.91512e-05
5 3.41912e-05
6 3.09053e-05
7 2.61493e-05
8 2.48273e-05
9 2.35465e-05
10 2.13849e-05
11 1.83897e-05
12 1.85421e-05
13 1.92281e-05
14 1.64253e-05
15 1.65837e-05
16 1.55465e-05
17 1.59081e-05
18 1.28708e-05
19 1.30708e-05
20 1.30697e-05
21 1.21893e-05
22 1.10269e-05
23 1.10681e-05
24 1.09116e-05
25 1.12277e-05
26 1.167e-05
27 8.66926e-06
28 1.11485e-05
29 9.86609e-06
30 1.07485e-05
31 9.23045e-06
32 9.03204e-06
33 8.82926e-06
34 9.19005e-06
35 9.42965e-06
36 9.27006e-06
37 9.30846e-06
38 9.71046e-06
39 8.27244e-06
40 7.99125e-06
41 8.14609e-06
42 8.95125e-06
43 8.26927e-06
44 8.62806e-06
45 7.47244e-06
46 7.59125e-06
47 7.67284e-06
48 8.82806e-06
49 7.19126e-06
50 7.62886e-06
51 7.30887e-06
52 7.74966e-06
53 7.07244e-06
54 6.67085e-06
55 7.14966e-06
56 5.55245e-06
57 5.99165e-06
58 7.14847e-06
59 6.19324e-06
60 6.54767e-06
61 5.87164e-06
62 6.07008e-06
63 6.07165e-06
64 5.71284e-06
65 5.87323e-06
66 6.14886e-06
67 5.95046e-06
68 6.63205e-06
69 6.23007e-06
70 5.91085e-06
71 5.03364e-06
72 5.91164e-06
73 5.51205e-06
74 5.59046e-06
75 5.70807e-06
76 5.31323e-06
77 5.74648e-06
78 5.35364e-06
79 5.47126e-06
80 5.34966e-06
81 5.26966e-06
82 5.07007e-06
83 4.95285e-06
84 6.78926e-06
85 4.79523e-06
86 4.87284e-06
87 5.11363e-06
88 4.75285e-06
89 4.83007e-06
90 4.95126e-06
91 4.67324e-06
92 3.91126e-06
93 5.03085e-06
94 4.19365e-06
95 4.39443e-06
96 4.91047e-06
97 5.07403e-06
98 5.10927e-06
99 4.86728e-06
100 4.83086e-06
101 4.91403e-06
102 4.99404e-06
103 4.51244e-06
104 4.43085e-06
105 4.51363e-06
106 4.51324e-06
107 4.23165e-06
108 4.55284e-06
109 4.27086e-06
110 4.99126e-06
111 4.27564e-06
112 5.23125e-06
113 4.23524e-06
114 4.34966e-06
115 5.50648e-06
116 4.15007e-06
117 4.91125e-06
118 3.87126e-06
119 4.11006e-06
120 4.23166e-06
121 3.31244e-06
122 4.35324e-06
123 4.23245e-06
124 4.43006e-06
125 4.07046e-06
126 4.47048e-06
127 4.51284e-06
128 4.27563e-06
129 4.22927e-06
130 3.23126e-06
131 4.62808e-06
132 3.86888e-06
133 3.67483e-06
134 4.15563e-06
135 3.67364e-06
136 3.83086e-06
137 3.95005e-06
138 4.59165e-06
139 3.79523e-06
140 3.55325e-06
141 4.23086e-06
142 3.67324e-06
143 4.11364e-06
144 2.87483e-06
145 3.35364e-06
146 4.19325e-06
147 3.59206e-06
148 3.74926e-06
149 3.47324e-06
150 3.67405e-06
151 3.27286e-06
152 3.98889e-06
153 3.47205e-06
154 3.03364e-06
155 3.55086e-06
156 2.75009e-06
157 3.51443e-06
158 3.11284e-06
159 3.55484e-06
160 3.11443e-06
161 3.87443e-06
162 3.11284e-06
163 3.59125e-06
164 3.27007e-06
165 3.23403e-06
166 3.47165e-06
167 3.51245e-06
168 2.87007e-06
169 3.43085e-06
170 3.95086e-06
171 3.71443e-06
172 2.95324e-06
173 3.35165e-06
174 3.51007e-06
175 3.95086e-06
176 3.11088e-06
177 2.87364e-06
178 3.67205e-06
179 2.67483e-06
180 3.19443e-06
181 2.95483e-06
182 3.27284e-06
183 3.23364e-06
184 3.27165e-06
185 3.67204e-06
186 3.11284e-06
187 3.15166e-06
188 3.51245e-06
189 3.27007e-06
190 2.91325e-06
191 3.15165e-06
192 2.75285e-06
193 3.19444e-06
194 3.51167e-06
195 2.59127e-06
196 3.35284e-06
197 3.15126e-06
198 3.86927e-06
199 3.39046e-06
200 2.47365e-06
201 2.83244e-06
202 3.46967e-06
203 3.66968e-06
204 3.07325e-06
205 3.15245e-06
206 3.14968e-06
207 3.27166e-06
208 3.11444e-06
209 2.91443e-06
210 2.67403e-06
211 3.03284e-06
212 2.95324e-06
213 2.83364e-06
214 2.39168e-06
215 2.99007e-06
216 3.82966e-06
217 2.43603e-06
218 3.43125e-06
219 2.75205e-06
220 3.35284e-06
221 3.11085e-06
222 2.35087e-06
223 3.03086e-06
224 2.43008e-06
225 3.27245e-06
226 3.23284e-06
227 2.91006e-06
228 2.47245e-06
229 3.03165e-06
230 2.95166e-06
231 3.35205e-06
232 2.47563e-06
233 2.83124e-06
234 2.79524e-06
235 2.47365e-06
236 3.07405e-06
237 3.27284e-06
238 3.19444e-06
239 3.15245e-06
240 2.71323e-06
241 2.74966e-06
242 2.59245e-06
243 2.35364e-06
244 2.71087e-06
245 2.15443e-06
246 2.83126e-06
247 2.95087e-06
248 2.87167e-06
249 2.91324e-06
250 2.35522e-06
251 2.39562e-06
252 3.03404e-06
253 2.51126e-06
254 2.19365e-06
255 2.35204e-06
256 3.15285e-06
257 2.35245e-06
258 2.95563e-06
259 2.39166e-06
260 2.86966e-06
261 2.47285e-06
262 2.79403e-06
263 2.07405e-06
264 2.71086e-06
265 2.43443e-06
266 2.79364e-06
267 2.43483e-06
268 3.10929e-06
269 2.63522e-06
270 2.59284e-06
271 2.31285e-06
272 2.39404e-06
273 2.27087e-06
274 2.55126e-06
275 2.23285e-06
276 2.15086e-06
277 1.99404e-06
278 2.75364e-06
279 2.59007e-06
280 3.02887e-06
281 2.35246e-06
282 3.15405e-06
283 3.11364e-06
284 2.50968e-06
285 2.83247e-06
286 2.07563e-06
287 2.27484e-06
288 2.63284e-06
289 2.51563e-06
290 2.43403e-06
291 2.19284e-06
292 2.23761e-06
293 2.46968e-06
294 2.67403e-06
295 1.95364e-06
296 2.07404e-06
297 2.79325e-06
298 2.43245e-06
299 1.91403e-06
300 2.87284e-06
301 2.67364e-06
302 2.11288e-06
303 2.19206e-06
304 2.07165e-06
305 2.91403e-06
306 2.47286e-06
307 2.43008e-06
308 2.11325e-06
309 2.23125e-06
310 2.11324e-06
311 2.27285e-06
312 3.46966e-06
313 2.15088e-06
314 2.31403e-06
315 2.11245e-06
316 2.79204e-06
317 2.43364e-06
318 2.27205e-06
319 2.43165e-06
320 2.11126e-06
321 2.55403e-06
322 2.19245e-06
323 1.67365e-06
324 2.03562e-06
325 2.39284e-06
326 2.15207e-06
327 1.67523e-06
328 2.46968e-06
329 2.51284e-06
330 2.75125e-06
331 1.83404e-06
332 1.71325e-06
333 2.15365e-06
334 1.87563e-06
335 2.23284e-06
336 2.50613e-06
337 2.47444e-06
338 1.75286e-06
339 2.15285e-06
340 2.51523e-06
341 1.63523e-06
342 2.31126e-06
343 2.31205e-06
344 2.15324e-06
345 1.79245e-06
346 2.07206e-06
347 1.71484e-06
348 2.71085e-06
349 2.15085e-06
350 2.19245e-06
351 2.19324e-06
352 2.03007e-06
353 1.71483e-06
354 2.31206e-06
355 1.83602e-06
356 2.14968e-06
357 2.27443e-06
358 2.02889e-06
359 1.95364e-06
360 1.95523e-06
361 2.23087e-06
362 2.47206e-06
363 1.83325e-06
364 2.27284e-06
365 2.47403e-06
366 1.91483e-06
367 2.66888e-06
368 2.39046e-06
369 2.03403e-06
370 2.15364e-06
371 2.59287e-06
372 2.23286e-06
373 2.31364e-06
374 2.19047e-06
375 2.03404e-06
376 2.0717e-06
377 1.83721e-06
378 2.11246e-06
379 2.15324e-06
380 1.83603e-06
381 1.67405e-06
382 2.03047e-06
383 2.58848e-06
384 1.83524e-06
385 1.83602e-06
386 2.50847e-06
387 1.91207e-06
388 2.51007e-06
389 1.59325e-06
390 2.39364e-06
391 1.83404e-06
392 2.11364e-06
393 1.95245e-06
394 2.19246e-06
395 1.79522e-06
396 2.35523e-06
397 1.79286e-06
398 1.95324e-06
399 1.95245e-06
400 2.15563e-06
401 1.95523e-06
402 1.99285e-06
403 2.15284e-06
404 1.91247e-06
405 1.79485e-06
406 2.07286e-06
407 1.87404e-06
408 2.82969e-06
409 1.67484e-06
410 2.0705e-06
411 1.91443e-06
412 1.79206e-06
413 2.31168e-06
414 1.91444e-06
415 1.87206e-06
416 1.67366e-06
417 1.87483e-06
418 2.07365e-06
419 2.51284e-06
420 1.99444e-06
421 1.91245e-06
422 1.59523e-06
423 2.11405e-06
424 2.11206e-06
425 2.35087e-06
426 1.51167e-06
427 1.87246e-06
428 1.99404e-06
429 1.79444e-06
430 1.59404e-06
431 2.19169e-06
432 1.71642e-06
433 1.55405e-06
434 1.71208e-06
435 2.03483e-06
436 2.15126e-06
437 2.19328e-06
438 2.23087e-06
439 1.79247e-06
440 2.19562e-06
441 1.95285e-06
442 1.91245e-06
443 1.47443e-06
444 1.75643e-06
445 1.63286e-06
446 1.67642e-06
447 1.99285e-06
448 2.11285e-06
449 2.23284e-06
450 1.51484e-06
451 1.95404e-06
452 2.26769e-06
453 1.51127e-06
454 1.71444e-06
455 2.11563e-06
456 1.83484e-06
457 1.43404e-06
458 1.95047e-06
459 1.75602e-06
460 1.95285e-06
461 1.71488e-06
462 1.75524e-06
463 1.51563e-06
464 2.07365e-06
465 1.35643e-06
466 2.27365e-06
467 2.14968e-06
468 2.03247e-06
469 2.18967e-06
470 1.83364e-06
471 1.99208e-06
472 1.43485e-06
473 1.82928e-06
474 1.99563e-06
475 1.55086e-06
476 2.23523e-06
477 2.31126e-06
478 1.91166e-06
479 1.83405e-06
480 2.19126e-06
481 1.63483e-06
482 1.83562e-06
483 1.31443e-06
484 1.63486e-06
485 1.63444e-06
486 1.91126e-06
487 1.71483e-06
488 1.67325e-06
489 1.99563e-06
490 1.35523e-06
491 1.63602e-06
492 1.67562e-06
493 2.07007e-06
494 1.95088e-06
495 1.71563e-06
496 1.86849e-06
497 1.43483e-06
498 1.35602e-06
499 2.15523e-06
500 1.19881e-06
501 2.07602e-06
502 2.07285e-06
503 1.35483e-06
504 1.67245e-06
505 1.79364e-06
506 2.15165e-06
507 2.15403e-06
508 1.75168e-06
509 2.19166e-06
510 1.99286e-06
511 1.91205e-06
512 1.55286e-06
513 1.63048e-06
514 1.75683e-06
515 1.63484e-06
516 1.75325e-06
517 1.91325e-06
518 1.27522e-06
519 1.95364e-06
520 2.42928e-06
521 1.87563e-06
522 1.67363e-06
523 1.43682e-06
524 1.51603e-06
525 1.51404e-06
526 1.63009e-06
527 1.71285e-06
528 1.79405e-06
529 1.75602e-06
530 1.67404e-06
531 1.51563e-06
532 1.59562e-06
533 1.55325e-06
534 1.43444e-06
535 1.35682e-06
536 1.87484e-06
537 1.91643e-06
538 1.63324e-06
539 1.83246e-06
540 1.91245e-06
541 1.83404e-06
542 1.71245e-06
543 1.67602e-06
544 8.76828e-07
545 1.59285e-06
546 1.35248e-06
547 1.87206e-06
548 1.31524e-06
549 1.67168e-06
550 1.19445e-06
551 1.67444e-06
552 1.23284e-06
553 2.11167e-06
554 1.11603e-06
555 1.71365e-06
556 2.0281e-06
557 2.07208e-06
558 1.55682e-06
559 1.79364e-06
560 1.87285e-06
561 1.55443e-06
562 1.63326e-06
563 1.31405e-06
564 1.71443e-06
565 1.39603e-06
566 2.11125e-06
567 1.27722e-06
568 1.75364e-06
569 2.03326e-06
570 1.55208e-06
571 1.47444e-06
572 1.79246e-06
573 1.63326e-06
574 2.14932e-06
575 1.67642e-06
576 2.03325e-06
577 1.43642e-06
578 1.47603e-06
579 1.91047e-06
580 1.43602e-06
581 1.51248e-06
582 1.59365e-06
583 1.67127e-06
584 1.95166e-06
585 1.75007e-06
586 1.63682e-06
587 1.75324e-06
588 1.43563e-06
589 1.35563e-06
590 1.91602e-06
591 1.43483e-06
592 1.83602e-06
593 1.43366e-06
594 1.35365e-06
595 1.31761e-06
596 1.59443e-06
597 1.47485e-06
598 1.51483e-06
599 1.27207e-06
600 1.71405e-06
601 1.59168e-06
602 1.43404e-06
603 2.14774e-06
604 1.75404e-06
605 1.91206e-06
606 1.99323e-06
607 1.95167e-06
608 1.39326e-06
609 1.87325e-06
610 2.03484e-06
611 2.15205e-06
612 1.43444e-06
613 1.35603e-06
614 1.67246e-06
615 1.59326e-06
616 1.47366e-06
617 1.87046e-06
618 1.63364e-06
619 1.23205e-06
620 1.91126e-06
621 1.95444e-06
622 1.95324e-06
623 1.71049e-06
624 2.07126e-06
625 1.8689e-06
626 1.43483e-06
627 1.51565e-06
628 1.51524e-06
629 1.67365e-06
630 1.39602e-06
631 1.87085e-06
632 1.67325e-06
633 1.39325e-06
634 1.47483e-06
635 1.23723e-06
636 1.59563e-06
637 1.27483e-06
638 1.43563e-06
639 1.43126e-06
640 1.27563e-06
641 1.75048e-06
642 1.19327e-06
643 2.27167e-06
644 1.95246e-06
645 1.74811e-06
646 1.27642e-06
647 9.96028e-07
648 1.95048e-06
649 1.47444e-06
650 1.63365e-06
651 1.67327e-06
652 1.19483e-06
653 1.39603e-06
654 1.55602e-06
655 1.51444e-06
656 1.71483e-06
657 1.51326e-06
658 1.19484e-06
659 1.47483e-06
660 1.39563e-06
661 1.47642e-06
662 1.43603e-06
663 1.55245e-06
664 1.07801e-06
665 1.63484e-06
666 1.35483e-06
667 1.27444e-06
668 1.79484e-06
669 1.19563e-06
670 2.07246e-06
671 1.07682e-06
672 1.63405e-06
673 1.83483e-06
674 1.63364e-06
675 1.43325e-06
676 1.71244e-06
677 1.91366e-06
678 1.43523e-06
679 1.59444e-06
680 1.19483e-06
681 1.47364e-06
682 1.35564e-06
683 1.03602e-06
684 1.35364e-06
685 1.47325e-06
686 1.39642e-06
687 1.27405e-06
688 1.8705e-06
689 1.79405e-06
690 1.07406e-06
691 1.27761e-06
692 1.47364e-06
693 1.55603e-06
694 1.71563e-06
695 9.96047e-07
696 1.83365e-06
697 1.11602e-06
698 1.35365e-06
699 1.63445e-06
700 1.87007e-06
701 1.55209e-06
702 1.59325e-06
703 1.43286e-06
704 1.43524e-06
705 1.39602e-06
706 1.43564e-06
707 1.75365e-06
708 2.03048e-06
709 1.83126e-06
710 1.03723e-06
711 1.47483e-06
712 1.19444e-06
713 1.71602e-06
714 1.51444e-06
715 1.63286e-06
716 1.15564e-06
717 1.31563e-06
718 1.03682e-06
719 1.55206e-06
720 1.63127e-06
721 1.43643e-06
722 1.43444e-06
723 1.15563e-06
724 9.93652e-07
725 1.51245e-06
726 1.75364e-06
727 1.47245e-06
728 1.47246e-06
729 1.71404e-06
730 1.23407e-06
731 1.55206e-06
732 1.43364e-06
733 1.78968e-06
734 1.91126e-06
735 1.43364e-06
736 1.15326e-06
737 1.39484e-06
738 1.35444e-06
739 1.87166e-06
740 1.51245e-06
741 1.39126e-06
742 1.55364e-06
743 1.19602e-06
744 1.23642e-06
745 1.55563e-06
746 1.43603e-06
747 1.59205e-06
748 1.31326e-06
749 1.83404e-06
750 1.51245e-06
751 1.23403e-06
752 1.51642e-06
753 1.55523e-06
754 1.03682e-06
755 1.75207e-06
756 1.83324e-06
757 1.63364e-06
758 1.11168e-06
759 1.31405e-06
760 1.91325e-06
761 1.43325e-06
762 9.14838e-07
763 1.75206e-06
764 1.43524e-06
765 1.51208e-06
766 9.57222e-07
767 1.59167e-06
768 1.19523e-06
769 1.47483e-06
770 1.39446e-06
771 1.74969e-06
772 1.23642e-06
773 1.75246e-06
774 1.90849e-06
775 1.71444e-06
776 9.96024e-07
777 1.19722e-06
778 9.5325e-07
779 1.43325e-06
780 1.11682e-06
781 1.27088e-06
782 1.83127e-06
783 9.5563e-07
784 1.23603e-06
785 1.59366e-06
786 1.27365e-06
787 1.27603e-06
788 1.35483e-06
789 1.15524e-06
790 1.19485e-06
791 1.70929e-06
792 1.27483e-06
793 1.55483e-06
794 1.63286e-06
795 1.43366e-06
796 1.51603e-06
797 1.59127e-06
798 1.59126e-06
799 1.19444e-06
800 1.63405e-06
801 1.27522e-06
802 1.79444e-06
803 1.51484e-06
804 1.43761e-06
805 1.27643e-06
806 1.87048e-06
807 1.31563e-06
808 1.51364e-06
809 1.47444e-06
810 1.47604e-06
811 1.47642e-06
812 1.79444e-06
813 1.11643e-06
814 1.27523e-06
815 1.31324e-06
816 1.47762e-06
817 1.59364e-06
818 1.27484e-06
819 1.47642e-06
820 1.07602e-06
821 1.15483e-06
822 1.39365e-06
823 1.43285e-06
824 9.94861e-07
825 1.27365e-06
826 1.39404e-06
827 1.43366e-06
828 2.19205e-06
829 1.59205e-06
830 1.35483e-06
831 1.55405e-06
832 1.23563e-06
833 1.74969e-06
834 9.96816e-07
835 1.27444e-06
836 1.27368e-06
837 1.19365e-06
838 1.63324e-06
839 1.31287e-06
840 1.07682e-06
841 8.3483e-07
842 1.39404e-06
843 1.23445e-06
844 1.63285e-06
845 1.23327e-06
846 9.97218e-07
847 1.59128e-06
848 1.31721e-06
849 1.6689e-06
850 8.38014e-07
851 1.03642e-06
852 1.11563e-06
853 1.23526e-06
854 1.55405e-06
855 9.16824e-07
856 1.23407e-06
857 1.63365e-06
858 8.77218e-07
859 1.71484e-06
860 1.31563e-06
861 1.39206e-06
862 1.55047e-06
863 1.23404e-06
864 1.71325e-06
865 1.19364e-06
866 1.59286e-06
867 1.07642e-06
868 1.07172e-06
869 1.11761e-06
870 1.22889e-06
871 1.23366e-06
872 1.27167e-06
873 1.82892e-06
874 1.38892e-06
875 1.15721e-06
876 1.35168e-06
877 1.35602e-06
878 1.59364e-06
879 1.03367e-06
880 1.39603e-06
881 1.63404e-06
882 1.07761e-06
883 1.59483e-06
884 1.47285e-06
885 1.11524e-06
886 1.23404e-06
887 1.19444e-06
888 1.31366e-06
889 1.51483e-06
890 1.11444e-06
891 1.55049e-06
892 1.67325e-06
893 1.15485e-06
894 8.76044e-07
895 7.58014e-07
896 1.43483e-06
897 1.35206e-06
898 1.15483e-06
899 1.11446e-06
900 1.11642e-06
901 1.43365e-06
902 7.95224e-07
903 1.39365e-06
904 1.11682e-06
905 1.03563e-06
906 8.76816e-07
907 9.5405e-07
908 1.07446e-06
909 1.03643e-06
910 1.35285e-06
911 1.23485e-06
912 1.39127e-06
913 1.15524e-06
914 9.96036e-07
915 1.27245e-06
916 1.39642e-06
917 1.35565e-06
918 1.83126e-06
919 1.11603e-06
920 1.27206e-06
921 1.03721e-06
922 1.67009e-06
923 1.31445e-06
924 1.27325e-06
925 1.39602e-06
926 1.03484e-06
927 1.23485e-06
928 1.27762e-06
929 9.9444e-07
930 1.43563e-06
931 1.19524e-06
932 1.59245e-06
933 1.23602e-06
934 1.43483e-06
935 1.47325e-06
936 1.07564e-06
937 1.31286e-06
938 1.75403e-06
939 1.31286e-06
940 1.19405e-06
941 8.33675e-07
942 1.23285e-06
943 8.75236e-07
944 1.83046e-06
945 1.58851e-06
946 1.19206e-06
947 1.27247e-06
948 1.19524e-06
949 1.27285e-06
950 1.19523e-06
951 1.19602e-06
952 1.23247e-06
953 1.39245e-06
954 9.9563e-07
955 1.23485e-06
956 1.43207e-06
957 1.35443e-06
958 1.27248e-06
959 9.95236e-07
960 1.43089e-06
961 1.75244e-06
962 9.95232e-07
963 1.15325e-06
964 1.11603e-06
965 1.39444e-06
966 1.03524e-06
967 1.43047e-06
968 1.43405e-06
969 1.27603e-06
970 1.03603e-06
971 1.31562e-06
972 1.15523e-06
973 1.31245e-06
974 1.07169e-06
975 1.43048e-06
976 1.03326e-06
977 1.31485e-06
978 1.75327e-06
979 1.03406e-06
980 1.15404e-06
981 1.23602e-06
982 1.47284e-06
983 1.3501e-06
984 1.51244e-06
985 1.27444e-06
986 1.07483e-06
987 1.51286e-06
988 1.35288e-06
989 1.55245e-06
990 1.39327e-06
991 1.07642e-06
992 1.15288e-06
993 1.31446e-06
994 1.23247e-06
995 1.23366e-06
996 1.31325e-06
997 1.15091e-06
998 1.27404e-06
999 0
