0 0
1 0.001052
2 0.00740547
3 0.00529641
4 0.0039269
5 0.00335426
6 0.00290732
7 0.00274763
8 0.00252322
9 0.00217774
10 0.00200827
11 0.00185797
12 0.00163279
13 0.00162102
14 0.00151598
15 0.00134184
16 0.00147297
17 0.00149578
18 0.00149544
19 0.00109596
20 0.00132332
21 0.00125499
22 0.00110102
23 0.00123291
24 0.00110891
25 0.00110556
26 0.00102587
27 0.00101702
28 0.000901016
29 0.000965329
30 0.00104081
31 0.0010644
32 0.000889042
33 0.000948814
34 0.00084738
35 0.000866386
36 0.000905997
37 0.000818928
38 0.000847697
39 0.000858513
40 0.000811858
41 0.000836814
42 0.000716272
43 0.000762487
44 0.0007445
45 0.000666259
46 0.000744915
47 0.000712788
48 0.000581845
49 0.000676526
50 0.000588111
51 0.000579671
52 0.000621456
53 0.000563342
54 0.000633557
55 0.000606098
56 0.000575671
57 0.000549042
58 0.000613042
59 0.000595596
60 0.000596526
61 0.00056543
62 0.000491697
63 0.0005765
64 0.000607824
65 0.000470585
66 0.000631469
67 0.000470902
68 0.0005005
69 0.000524627
70 0.000598098
71 0.000573042
72 0.000521845
73 0.000597143
74 0.000542098
75 0.000604627
76 0.000529845
77 0.000509355
78 0.000430285
79 0.000544653
80 0.000501042
81 0.000496285
82 0.000517557
83 0.000464212
84 0.00055957
85 0.000481972
86 0.0005005
87 0.000453811
88 0.000488601
89 0.0004525
90 0.000525735
91 0.000452601
92 0.000472826
93 0.000411544
94 0.000438225
95 0.000383798
96 0.000458614
97 0.000369396
98 0.000413684
99 0.00045864
100 0.00037957
101 0.000441756
102 0.000349143
103 0.0004285
104 0.000307997
105 0.000414285
106 0.000409042
107 0.000395959
108 0.000458715
109 0.000448111
110 0.000407769
111 0.000339544
112 0.000487469
113 0.000437295
114 0.000366513
115 0.000371054
116 0.0004022
117 0.000448086
118 0.000433114
119 0.000337143
120 0.000356699
121 0.000368187
122 0.00037771
123 0.000361042
124 0.000396339
125 0.000413557
126 0.000432212
127 0.000382741
128 0.000405168
129 0.00032357
130 0.00032357
131 0.000319824
132 0.000352158
133 0.00031231
134 0.000367326
135 0.0003285
136 0.00033157
137 0.00033957
138 0.000321972
139 0.000320915
140 0.000322513
141 0.000299155
142 0.000301557
143 0.000327697
144 0.00026313
145 0.000339308
146 0.000301557
147 0.0003462
148 0.000343798
149 0.000347282
150 0.000284339
151 0.000303067
152 0.000316754
153 0.000349836
154 0.0003102
155 0.000321422
156 0.000314741
157 0.00029064
158 0.000279329
159 0.000302513
160 0.000360627
161 0.000333143
162 0.000256187
163 0.000335849
164 0.000282513
165 0.000263824
166 0.000271582
167 0.0003422
168 0.000269396
169 0.000273054
170 0.000314352
171 0.00029064
172 0.000259772
173 0.000262868
174 0.000244601
175 0.000339257
176 0.000346098
177 0.000295849
178 0.000268627
179 0.000291769
180 0.000221269
181 0.000262424
182 0.000362225
183 0.000304412
184 0.000309244
185 0.000259618
186 0.000256111
187 0.000277684
188 0.000248184
189 0.0002382
190 0.000245422
191 0.000268412
192 0.000228754
193 0.000254868
194 0.000249684
195 0.000267985
196 0.000208881
197 0.00024757
198 0.000235456
199 0.000251671
200 0.000209295
201 0.000280086
202 0.00027987
203 0.000229756
204 0.000257269
205 0.000292699
206 0.000332538
207 0.000255997
208 0.000226399
209 0.000266057
210 0.0002582
211 0.0002102
212 0.000246741
213 0.000263155
214 0.000168365
215 0.000260095
216 0.000278424
217 0.000255155
218 0.000245785
219 0.000305456
220 0.0002264
221 0.000274326
222 0.00025513
223 0.00029894
224 0.000259228
225 0.000246124
226 0.000241422
227 0.00024157
228 0.000250301
229 0.000258741
230 0.000268212
231 0.000258298
232 0.000243254
233 0.000328653
234 0.000216187
235 0.000293269
236 0.000212627
237 0.000231282
238 0.000240627
239 0.000307925
240 0.000235282
241 0.000233785
242 0.000284754
243 0.000223671
244 0.0002302
245 0.000265912
246 0.000208653
247 0.000313557
248 0.000238225
249 0.000213422
250 0.000256412
251 0.000220212
252 0.000211257
253 0.000253658
254 0.000214868
255 0.000291029
256 0.000261684
257 0.000238715
258 0.000221938
259 0.000191671
260 0.000207697
261 0.000238577
262 0.000227985
263 0.000251697
264 0.000237684
265 0.000262425
266 0.000242914
267 0.000221811
268 0.000239544
269 0.000249143
270 0.000258741
271 0.000216023
272 0.000226614
273 0.000211383
274 0.000184086
275 0.000225595
276 0.000225422
277 0.000179671
278 0.000221269
279 0.000196238
280 0.000208187
281 0.000239544
282 0.000231481
283 0.000239257
284 0.000214715
285 0.000242741
286 0.000214868
287 0.000174098
288 0.000248212
289 0.000207481
290 0.000176492
291 0.000182614
292 0.000191155
293 0.000226868
294 0.000197054
295 0.000187769
296 0.000226098
297 0.000158479
298 0.000243042
299 0.000249367
300 0.000219596
301 0.000192699
302 0.000200627
303 0.000206868
304 0.000200187
305 0.0002102
306 0.000252601
307 0.000203282
308 0.000189595
309 0.00018537
310 0.000224653
311 0.000248754
312 0.00020694
313 0.000228728
314 0.000179671
315 0.000196754
316 0.000186741
317 0.000187456
318 0.000165342
319 0.00019557
320 0.00025337
321 0.000152611
322 0.000227409
323 0.000230813
324 0.000163257
325 0.000230912
326 0.000216111
327 0.000168238
328 0.000190352
329 0.000206715
330 0.000256492
331 0.000190842
332 0.000201244
333 0.000200801
334 0.000172627
335 0.000166868
336 0.000221557
337 0.000196513
338 0.00018713
339 0.000191456
340 0.000199824
341 0.0002022
342 0.000215976
343 0.000245658
344 0.000162471
345 0.00012834
346 0.000170614
347 0.000204386
348 0.000172437
349 0.000233168
350 0.000210326
351 0.000220699
352 0.000197393
353 0.000134073
354 0.000197244
355 0.000208779
356 0.000219029
357 0.000198326
358 0.000147671
359 0.000153557
360 0.000206225
361 0.000149469
362 0.000196339
363 0.000220586
364 0.000176639
365 0.000164855
366 0.000175282
367 0.000140513
368 0.000160728
369 0.000173658
370 0.000217785
371 0.000197269
372 0.000177143
373 0.000175997
374 9.32694e-05
375 0.000184728
376 0.00021114
377 0.000154326
378 0.000169785
379 0.000166378
380 0.000120855
381 0.000205785
382 0.000206137
383 0.000189269
384 0.000141396
385 0.000154525
386 0.000177912
387 0.000204212
388 0.000154994
389 0.000145269
390 0.000193143
391 0.00014387
392 0.00016294
393 0.00014844
394 0.000143155
395 0.000176212
396 0.000165785
397 0.000190225
398 0.000152728
399 0.000138326
400 0.000184412
401 0.000168212
402 0.000178614
403 0.00011337
404 0.000140386
405 0.000176754
406 0.000202868
407 0.000163896
408 0.000185042
409 0.000155544
410 0.000176612
411 0.000114914
412 0.000205269
413 0.00016694
414 0.000136781
415 0.000157858
416 0.000195582
417 0.000123257
418 0.000212187
419 0.000178741
420 0.000178352
421 0.000193033
422 0.000156187
423 0.000135997
424 0.000139972
425 0.000133181
426 0.00011113
427 0.000219155
428 0.000125269
429 0.000193658
430 0.000132285
431 0.000163257
432 0.000169984
433 0.000172212
434 0.000157669
435 0.000139383
436 0.000153143
437 0.000152187
438 0.000153963
439 0.000183102
440 0.0001782
441 0.000159772
442 0.0001342
443 0.000179257
444 0.000158715
445 0.000168627
446 0.000155671
447 0.000146352
448 0.000205269
449 0.000143329
450 0.000154842
451 0.000170919
452 0.000157557
453 0.00015244
454 0.000144779
455 0.000184513
456 0.000158767
457 0.000165295
458 0.00012713
459 0.000149684
460 0.000133684
461 0.00015913
462 0.000160855
463 0.000163355
464 0.000172412
465 0.000152801
466 0.000185269
467 0.000163029
468 0.000169396
469 0.000146183
470 0.000142073
471 0.000155282
472 0.00016152
473 0.000133396
474 0.000117811
475 0.0001422
476 0.000197811
477 0.000160313
478 0.000168492
479 0.000156881
480 0.000143139
481 0.000169396
482 0.000133658
483 0.000101769
484 0.000171796
485 0.000174678
486 0.000132313
487 0.000141153
488 0.000165984
489 0.000142427
490 0.000150073
491 0.000158225
492 0.000168653
493 0.000180754
494 0.000144339
495 0.00013587
496 0.000162326
497 0.000180564
498 0.000119536
499 0.000155013
500 0.000153684
501 0.00016957
502 0.000150225
503 0.000179899
504 0.000110352
505 0.000107257
506 0.00017308
507 0.000138257
508 9.85255e-05
509 0.000120855
510 0.000130326
511 0.000141858
512 0.000153867
513 0.000175481
514 0.000107671
515 0.000163165
516 0.000140488
517 0.000115257
518 0.000142301
519 0.000119997
520 0.000140855
521 0.000148881
522 0.000143582
523 0.000105912
524 0.00013913
525 0.000136212
526 0.000130741
527 0.000155608
528 0.000135409
529 0.000126525
530 0.000111409
531 0.000157106
532 0.000135367
533 0.000141342
534 0.000108927
535 0.000119798
536 0.000140728
537 0.000112728
538 0.000135925
539 9.87409e-05
540 0.000128982
541 0.000179481
542 0.000116212
543 0.000124086
544 0.000152906
545 0.000160829
546 0.0001582
547 0.000139824
548 0.000147257
549 0.000121028
550 0.000145963
551 0.000180212
552 0.0001568
553 0.000136339
554 0.00014908
555 0.000112387
556 0.000182715
557 0.000157143
558 0.000157126
559 0.000141295
560 0.000113244
561 9.81842e-05
562 0.000126969
563 0.00016844
564 0.000160212
565 0.000152365
566 0.000140313
567 0.000152953
568 0.000175772
569 0.000148187
570 0.000144754
571 0.000104187
572 0.000127671
573 0.000123155
574 0.000144855
575 0.000135168
576 0.000138741
577 0.000109785
578 0.000101054
579 0.000122842
580 0.000120086
581 0.000119798
582 0.000144855
583 9.97721e-05
584 0.00012631
585 0.000110301
586 0.000180627
587 0.000167155
588 0.000132927
589 0.000115482
590 0.000111772
591 0.000103798
592 0.000113785
593 0.000153152
594 0.00013894
595 0.000125912
596 0.000159308
597 0.000161007
598 0.000117811
599 0.00013337
600 0.000110551
601 0.000154893
602 0.000115997
603 0.000103824
604 0.000113
605 0.000122598
606 0.000144187
607 0.00016537
608 0.000115798
609 0.0001345
610 0.000153785
611 0.000138741
612 0.000157912
613 0.000142085
614 0.000124339
615 0.000104855
616 0.000152639
617 0.000121469
618 0.000128728
619 0.000120927
620 0.000128513
621 0.0001462
622 0.000123456
623 0.000111282
624 0.000112212
625 0.000122479
626 0.000130969
627 0.000108184
628 0.000134225
629 0.000115257
630 9.56711e-05
631 0.000115529
632 0.000127798
633 9.73962e-05
634 0.000120728
635 0.000137963
636 0.000109595
637 0.000156728
638 0.000196386
639 0.000123772
640 0.000101984
641 0.000119383
642 0.000100212
643 0.000108124
644 0.000107971
645 8.23006e-05
646 0.000157269
647 9.34972e-05
648 9.85255e-05
649 0.00012015
650 8.69688e-05
651 0.000129181
652 0.000126868
653 8.99375e-05
654 0.000121811
655 0.000134741
656 0.000121369
657 0.000157054
658 8.75358e-05
659 0.000112855
660 0.000140712
661 0.000140111
662 0.000155383
663 0.000122994
664 0.000108238
665 0.000144927
666 0.00012937
667 9.88677e-05
668 0.000119772
669 0.000129269
670 0.000151824
671 0.000148855
672 0.000100754
673 8.68133e-05
674 0.000132627
675 8.55953e-05
676 0.000160492
677 0.000128737
678 0.000107798
679 9.7254e-05
680 0.000110551
681 0.000130767
682 0.000127257
683 0.000163219
684 0.000119697
685 0.00012387
686 8.84116e-05
687 0.000122741
688 0.000123041
689 0.000115925
690 0.000112728
691 0.000101497
692 0.000109658
693 8.53426e-05
694 0.000152238
695 0.00011133
696 9.4842e-05
697 0.000149549
698 0.00010795
699 0.000104564
700 9.04274e-05
701 0.000146326
702 0.000137143
703 0.000102399
704 0.000118741
705 0.000118599
706 9.83533e-05
707 0.000145074
708 9.68805e-05
709 0.000132212
710 0.000109858
711 9.43006e-05
712 0.000113984
713 0.00012324
714 0.000104313
715 0.000108953
716 0.00010324
717 0.000146525
718 0.000126741
719 0.000134326
720 0.000123899
721 0.000121342
722 0.000102137
723 0.000123582
724 0.000143409
725 9.39118e-05
726 0.000119925
727 9.24403e-05
728 0.00010137
729 0.000123925
730 0.000104339
731 0.000116881
732 7.8842e-05
733 0.000116313
734 0.000139165
735 0.00013987
736 0.000119155
737 8.74347e-05
738 0.000122715
739 0.000132855
740 0.000100855
741 0.00012333
742 0.000121541
743 0.000137108
744 0.000128755
745 0.000149647
746 0.000135671
747 0.000117181
748 0.000111147
749 0.000103409
750 0.000110225
751 8.39246e-05
752 0.000129469
753 9.61713e-05
754 0.000109396
755 0.000132728
756 0.000101621
757 8.97572e-05
758 0.000143257
759 8.28689e-05
760 0.000110599
761 9.43987e-05
762 8.33576e-05
763 0.000102994
764 9.77478e-05
765 8.3266e-05
766 9.62124e-05
767 0.000117126
768 8.6678e-05
769 0.000120412
770 8.06116e-05
771 0.00010444
772 8.79246e-05
773 9.12565e-05
774 9.73704e-05
775 0.000129396
776 0.000118336
777 7.96082e-05
778 0.000106184
779 0.000106513
780 0.000101444
781 8.86394e-05
782 0.000152906
783 7.93126e-05
784 0.000104728
785 9.88514e-05
786 6.99118e-05
787 0.000140096
788 0.000120728
789 8.75443e-05
790 9.36839e-05
791 0.000108297
792 0.000103925
793 7.79118e-05
794 8.41867e-05
795 9.63649e-05
796 0.000103671
797 0.000112855
798 0.000120639
799 0.000104415
800 7.89945e-05
801 0.000126036
802 7.33962e-05
803 9.42377e-05
804 0.000129912
805 9.12565e-05
806 7.83521e-05
807 9.7785e-05
808 0.000112297
809 9.61962e-05
810 9.9308e-05
811 0.0001305
812 0.000105769
813 0.000109658
814 9.79375e-05
815 0.000123608
816 6.70411e-05
817 0.000135358
818 9.72437e-05
819 0.000118111
820 0.000152313
821 8.15696e-05
822 0.000123971
823 7.45255e-05
824 8.36082e-05
825 7.06989e-05
826 8.75825e-05
827 0.000123897
828 8.63263e-05
829 9.70634e-05
830 0.000106399
831 9.73962e-05
832 6.56582e-05
833 8.87127e-05
834 7.19246e-05
835 8.06651e-05
836 0.000105452
837 0.000101785
838 8.27246e-05
839 0.000113367
840 0.000106427
841 8.08548e-05
842 0.000114525
843 9.33962e-05
844 0.000101396
845 8.32565e-05
846 0.000119536
847 0.000113152
848 0.000109621
849 7.75696e-05
850 0.000112665
851 9.54814e-05
852 6.73833e-05
853 9.4842e-05
854 7.24403e-05
855 9.14103e-05
856 0.000102551
857 9.10411e-05
858 9.28548e-05
859 0.000134137
860 9.65383e-05
861 0.000125783
862 0.00012044
863 8.1054e-05
864 7.35953e-05
865 0.00011708
866 0.000132937
867 0.000108365
868 0.000108855
869 9.72322e-05
870 7.29281e-05
871 0.000120069
872 7.73704e-05
873 0.000117857
874 0.000103155
875 8.85126e-05
876 0.000118498
877 7.43263e-05
878 6.64531e-05
879 0.000115671
880 0.000111257
881 8.60728e-05
882 0.000129658
883 0.000120728
884 9.94566e-05
885 0.000110868
886 9.96968e-05
887 8.45928e-05
888 0.000134083
889 9.21704e-05
890 0.000113912
891 8.1254e-05
892 9.88677e-05
893 9.57979e-05
894 8.67246e-05
895 7.03263e-05
896 9.70797e-05
897 7.13833e-05
898 0.000123798
899 8.13704e-05
900 0.0001024
901 0.000117422
902 6.63521e-05
903 0.000108313
904 7.22506e-05
905 7.95825e-05
906 7.5409e-05
907 9.33704e-05
908 0.000127563
909 0.000106085
910 9.10411e-05
911 0.000123383
912 9.83006e-05
913 9.47666e-05
914 0.00010341
915 0.000112466
916 0.000105912
917 9.5409e-05
918 7.17721e-05
919 7.4842e-05
920 7.55375e-05
921 8.69688e-05
922 0.000128855
923 0.000126073
924 7.84274e-05
925 8.98107e-05
926 0.000112077
927 9.74972e-05
928 0.000106715
929 4.1785e-05
930 9.43521e-05
931 0.000146652
932 0.000130868
933 8.09816e-05
934 8.71679e-05
935 0.000104881
936 7.12822e-05
937 0.000110424
938 8.40981e-05
939 0.000103456
940 8.06651e-05
941 7.10411e-05
942 7.32437e-05
943 6.20852e-05
944 8.13962e-05
945 0.000103096
946 0.000105269
947 0.000105396
948 9.39118e-05
949 9.23858e-05
950 9.18989e-05
951 0.000137295
952 0.000114741
953 8.61881e-05
954 7.27375e-05
955 9.79375e-05
956 0.000120339
957 0.000104801
958 9.10411e-05
959 7.88865e-05
960 8.63263e-05
961 0.000109396
962 8.32565e-05
963 0.000117696
964 0.00012201
965 0.000108339
966 7.3155e-05
967 7.41996e-05
968 0.000125269
969 0.000108513
970 0.000108187
971 8.40514e-05
972 0.000108855
973 9.13833e-05
974 6.33833e-05
975 8.77721e-05
976 0.000113269
977 9.33962e-05
978 8.26266e-05
979 8.31688e-05
980 6.53704e-05
981 4.79246e-05
982 0.000140754
983 6.7997e-05
984 8.94972e-05
985 0.00010137
986 0.000133422
987 8.25799e-05
988 0.000103557
989 5.89945e-05
990 5.96711e-05
991 9.61238e-05
992 0.000113469
993 8.39504e-05
994 6.48128e-05
995 9.47152e-05
996 0.000105269
997 7.6728e-05
998 0.000104513
999 0
