0 0
1 0
2 0
3 0
4 0
5 0
6 0
7 0
8 0
9 0
10 0
11 0
12 0
13 0
14 0
15 0
16 0
17 0
18 0
19 0
20 0
21 0
22 0
23 0
24 0
25 0
26 0
27 0
28 0
29 0
30 0
31 0
32 0
33 0
34 0
35 0
36 0
37 0
38 0
39 0
40 0
41 0
42 0
43 0
44 0
45 0
46 0
47 0
48 0
49 0
50 0
51 0
52 0
53 0
54 0
55 0
56 0
57 0
58 0
59 0
60 0
61 0
62 0
63 0
64 0
65 0
66 0
67 0
68 0
69 0
70 0
71 0
72 0
73 0
74 0
75 0
76 4e-07
77 0
78 4e-07
79 0
80 0
81 0
82 0
83 0
84 0
85 0
86 0
87 0
88 0
89 0
90 0
91 0
92 0
93 4e-07
94 0
95 0
96 0
97 0
98 0
99 0
100 0
101 0
102 0
103 0
104 0
105 0
106 0
107 0
108 0
109 0
110 0
111 0
112 0
113 0
114 0
115 0
116 0
117 0
118 0
119 0
120 0
121 0
122 0
123 0
124 0
125 0
126 0
127 0
128 4e-07
129 0
130 0
131 0
132 0
133 0
134 0
135 4e-07
136 0
137 0
138 0
139 0
140 0
141 4e-07
142 0
143 0
144 4e-07
145 0
146 4e-07
147 0
148 0
149 0
150 0
151 0
152 0
153 0
154 0
155 0
156 0
157 0
158 4e-07
159 0
160 0
161 0
162 4e-07
163 4e-07
164 0
165 0
166 0
167 0
168 0
169 3.61935e-07
170 0
171 0
172 0
173 0
174 0
175 0
176 0
177 0
178 4e-07
179 0
180 0
181 0
182 0
183 0
184 0
185 0
186 0
187 0
188 0
189 0
190 4e-07
191 4e-07
192 0
193 0
194 0
195 0
196 0
197 0
198 4e-07
199 0
200 0
201 0
202 0
203 0
204 4e-07
205 0
206 0
207 0
208 4e-07
209 0
210 4e-07
211 8e-07
212 0
213 0
214 0
215 4e-07
216 3.61935e-07
217 0
218 0
219 0
220 0
221 8e-07
222 0
223 0
224 0
225 4e-07
226 0
227 0
228 0
229 0
230 0
231 0
232 0
233 0
234 0
235 0
236 0
237 0
238 0
239 0
240 0
241 0
242 4e-07
243 0
244 4e-07
245 8e-07
246 0
247 0
248 0
249 0
250 0
251 0
252 0
253 0
254 0
255 0
256 0
257 0
258 0
259 0
260 0
261 0
262 0
263 4e-07
264 4e-07
265 0
266 0
267 0
268 0
269 0
270 0
271 0
272 0
273 0
274 0
275 0
276 0
277 8e-07
278 0
279 0
280 0
281 0
282 0
283 0
284 4e-07
285 0
286 3.61935e-07
287 4e-07
288 0
289 0
290 0
291 0
292 3.61935e-07
293 4e-07
294 4e-07
295 0
296 0
297 0
298 0
299 0
300 4e-07
301 0
302 4e-07
303 0
304 4e-07
305 0
306 0
307 0
308 0
309 4e-07
310 0
311 0
312 4e-07
313 0
314 0
315 0
316 0
317 0
318 8e-07
319 0
320 0
321 4e-07
322 0
323 0
324 4e-07
325 4e-07
326 4e-07
327 4e-07
328 0
329 4e-07
330 0
331 4e-07
332 0
333 4e-07
334 0
335 0
336 0
337 0
338 7.61935e-07
339 0
340 4e-07
341 0
342 0
343 0
344 0
345 0
346 0
347 4e-07
348 0
349 0
350 0
351 0
352 0
353 0
354 0
355 0
356 8e-07
357 8e-07
358 4e-07
359 0
360 0
361 4e-07
362 0
363 4e-07
364 4e-07
365 0
366 0
367 0
368 4e-07
369 0
370 0
371 0
372 0
373 0
374 0
375 0
376 0
377 4e-07
378 0
379 0
380 0
381 0
382 0
383 0
384 0
385 4e-07
386 0
387 4e-07
388 4e-07
389 8e-07
390 0
391 4e-07
392 0
393 4e-07
394 0
395 0
396 0
397 0
398 4e-07
399 4e-07
400 4e-07
401 0
402 0
403 3.61935e-07
404 3.61935e-07
405 3.61935e-07
406 4e-07
407 8e-07
408 0
409 4e-07
410 0
411 4e-07
412 4e-07
413 0
414 4e-07
415 0
416 4e-07
417 0
418 0
419 4e-07
420 0
421 0
422 0
423 3.61935e-07
424 0
425 4e-07
426 0
427 0
428 3.61935e-07
429 4e-07
430 4e-07
431 0
432 0
433 0
434 0
435 0
436 4e-07
437 0
438 0
439 0
440 0
441 0
442 3.61935e-07
443 0
444 0
445 0
446 4e-07
447 4e-07
448 8e-07
449 4e-07
450 1.2e-06
451 0
452 0
453 8e-07
454 0
455 1.6e-06
456 0
457 0
458 4e-07
459 4e-07
460 0
461 0
462 0
463 3.61935e-07
464 4e-07
465 4e-07
466 3.61935e-07
467 3.61935e-07
468 0
469 7.61935e-07
470 4e-07
471 4e-07
472 0
473 4e-07
474 0
475 4e-07
476 0
477 0
478 8e-07
479 0
480 0
481 4e-07
482 4e-07
483 4e-07
484 4e-07
485 0
486 0
487 4e-07
488 4e-07
489 7.27492e-07
490 0
491 0
492 0
493 8e-07
494 0
495 0
496 0
497 7.61935e-07
498 0
499 4e-07
500 0
501 0
502 0
503 4e-07
504 0
505 4e-07
506 0
507 4e-07
508 4e-07
509 4e-07
510 0
511 3.61935e-07
512 0
513 0
514 8e-07
515 4e-07
516 0
517 0
518 0
519 7.61935e-07
520 0
521 4e-07
522 4e-07
523 0
524 8e-07
525 4e-07
526 3.61935e-07
527 0
528 0
529 0
530 4e-07
531 4e-07
532 8e-07
533 4e-07
534 4e-07
535 4e-07
536 4e-07
537 0
538 0
539 0
540 0
541 0
542 8e-07
543 0
544 0
545 0
546 0
547 0
548 3.61935e-07
549 4e-07
550 0
551 4e-07
552 0
553 8e-07
554 0
555 4e-07
556 0
557 0
558 0
559 1.2e-06
560 8e-07
561 0
562 8e-07
563 4e-07
564 0
565 0
566 4e-07
567 8e-07
568 0
569 0
570 0
571 0
572 0
573 0
574 0
575 4e-07
576 0
577 4e-07
578 8e-07
579 4e-07
580 1.2e-06
581 0
582 7.61935e-07
583 0
584 8e-07
585 0
586 3.61935e-07
587 1.2e-06
588 0
589 1.6e-06
590 3.61935e-07
591 0
592 4e-07
593 7.27492e-07
594 0
595 4e-07
596 3.27492e-07
597 8e-07
598 0
599 0
600 0
601 4e-07
602 3.61935e-07
603 8e-07
604 4e-07
605 3.61935e-07
606 0
607 0
608 0
609 4e-07
610 0
611 4e-07
612 3.61935e-07
613 4e-07
614 4e-07
615 0
616 4e-07
617 0
618 3.61935e-07
619 8e-07
620 0
621 0
622 0
623 0
624 0
625 0
626 4e-07
627 1.12749e-06
628 3.61935e-07
629 4e-07
630 4e-07
631 4e-07
632 4e-07
633 0
634 1.56193e-06
635 3.61935e-07
636 0
637 0
638 2.36193e-06
639 0
640 4e-07
641 3.27492e-07
642 0
643 0
644 4e-07
645 3.61935e-07
646 0
647 0
648 7.27492e-07
649 0
650 0
651 0
652 7.61935e-07
653 4e-07
654 0
655 4e-07
656 0
657 4e-07
658 0
659 0
660 0
661 0
662 7.61935e-07
663 4e-07
664 0
665 4e-07
666 8e-07
667 3.27492e-07
668 4e-07
669 8e-07
670 4e-07
671 0
672 4e-07
673 1.2e-06
674 8e-07
675 0
676 0
677 1.2e-06
678 8e-07
679 3.61935e-07
680 0
681 3.61935e-07
682 0
683 4e-07
684 2.96327e-07
685 4e-07
686 4e-07
687 8e-07
688 8e-07
689 0
690 4e-07
691 4e-07
692 0
693 0
694 8e-07
695 0
696 4e-07
697 4e-07
698 3.27492e-07
699 4e-07
700 1.2e-06
701 8e-07
702 4e-07
703 4e-07
704 0
705 0
706 0
707 8e-07
708 0
709 4e-07
710 0
711 0
712 4e-07
713 0
714 0
715 8e-07
716 4e-07
717 0
718 0
719 0
720 8e-07
721 0
722 4e-07
723 4e-07
724 0
725 4e-07
726 8e-07
727 0
728 0
729 0
730 0
731 0
732 8e-07
733 4e-07
734 4e-07
735 0
736 0
737 3.61935e-07
738 4e-07
739 8e-07
740 8e-07
741 4e-07
742 7.61935e-07
743 0
744 1.16193e-06
745 8e-07
746 0
747 4e-07
748 8e-07
749 1.16193e-06
750 4e-07
751 3.61935e-07
752 4e-07
753 0
754 8e-07
755 0
756 0
757 0
758 1.16193e-06
759 1.2e-06
760 8e-07
761 1.12749e-06
762 3.61935e-07
763 1.6e-06
764 1.05826e-06
765 0
766 7.27492e-07
767 0
768 0
769 8e-07
770 0
771 8e-07
772 0
773 1.16193e-06
774 0
775 0
776 0
777 7.61935e-07
778 4e-07
779 0
780 4e-07
781 6.89427e-07
782 0
783 4e-07
784 7.61935e-07
785 0
786 4e-07
787 8e-07
788 4e-07
789 1.56193e-06
790 4e-07
791 0
792 8e-07
793 1.2e-06
794 1.16193e-06
795 0
796 4e-07
797 0
798 4e-07
799 8e-07
800 0
801 4e-07
802 8e-07
803 0
804 4e-07
805 4e-07
806 8e-07
807 3.61935e-07
808 4e-07
809 0
810 8e-07
811 4e-07
812 1.6e-06
813 4e-07
814 8e-07
815 1.16193e-06
816 1.2e-06
817 4e-07
818 0
819 8e-07
820 4e-07
821 3.61935e-07
822 0
823 7.2387e-07
824 8e-07
825 4e-07
826 8e-07
827 4e-07
828 4e-07
829 0
830 4e-07
831 4e-07
832 8e-07
833 3.61935e-07
834 0
835 0
836 0
837 0
838 0
839 8e-07
840 1.2e-06
841 8e-07
842 1.2e-06
843 0
844 0
845 4e-07
846 4e-07
847 0
848 8e-07
849 7.61935e-07
850 1.2e-06
851 3.61935e-07
852 1.2e-06
853 4e-07
854 4e-07
855 4e-07
856 4e-07
857 0
858 3.61935e-07
859 4e-07
860 8e-07
861 4e-07
862 8e-07
863 0
864 0
865 0
866 8e-07
867 1.2e-06
868 0
869 8e-07
870 0
871 4e-07
872 4e-07
873 0
874 4e-07
875 4e-07
876 4e-07
877 4e-07
878 0
879 4e-07
880 7.61935e-07
881 4e-07
882 1.2e-06
883 4e-07
884 1.56193e-06
885 8e-07
886 0
887 0
888 8e-07
889 4e-07
890 4e-07
891 8e-07
892 1.6e-06
893 0
894 8e-07
895 4e-07
896 0
897 0
898 7.61935e-07
899 1.2e-06
900 7.61935e-07
901 1.2e-06
902 0
903 0
904 8e-07
905 0
906 0
907 1.2e-06
908 7.61935e-07
909 3.61935e-07
910 0
911 4e-07
912 0
913 6.96327e-07
914 7.27492e-07
915 8e-07
916 1.2e-06
917 8e-07
918 1.6e-06
919 8e-07
920 0
921 8e-07
922 4e-07
923 4e-07
924 8e-07
925 8e-07
926 8e-07
927 1.2e-06
928 2e-06
929 4e-07
930 4e-07
931 8e-07
932 0
933 8e-07
934 1.6e-06
935 8e-07
936 8e-07
937 0
938 4e-07
939 0
940 8e-07
941 7.61935e-07
942 8e-07
943 8e-07
944 4e-07
945 4e-07
946 0
947 0
948 8e-07
949 1.6e-06
950 4e-07
951 8e-07
952 0
953 4e-07
954 8e-07
955 0
956 0
957 1.16193e-06
958 0
959 8e-07
960 1.08943e-06
961 4e-07
962 7.61935e-07
963 1.09633e-06
964 2e-06
965 4e-07
966 4e-07
967 8e-07
968 1.2e-06
969 4e-07
970 4e-07
971 4e-07
972 4e-07
973 4e-07
974 8e-07
975 4e-07
976 4e-07
977 0
978 8e-07
979 0
980 1.2e-06
981 4e-07
982 1.92387e-06
983 7.61935e-07
984 8e-07
985 4e-07
986 3.61935e-07
987 4e-07
988 8e-07
989 0
990 0
991 1.2e-06
992 1.96193e-06
993 4e-07
994 4e-07
995 0
996 8e-07
997 8e-07
998 1.2e-06
999 0
