0 0
1 0.0002516
2 0.0003608
3 0.000365257
4 0.000317867
5 0.000298553
6 0.000271601
7 0.000236401
8 0.000227963
9 0.000209909
10 0.000190248
11 0.000179486
12 0.000176725
13 0.000164652
14 0.000169715
15 0.000144839
16 0.000139532
17 0.000145779
18 0.000141818
19 0.000115604
20 0.000114564
21 0.000125753
22 0.000120366
23 0.000115128
24 0.000124625
25 0.000112976
26 0.000108179
27 9.56768e-05
28 9.58556e-05
29 0.000106062
30 8.97185e-05
31 0.000100652
32 9.74937e-05
33 8.96006e-05
34 0.000101444
35 9.25722e-05
36 9.28043e-05
37 8.35626e-05
38 7.62248e-05
39 8.03317e-05
40 7.62937e-05
41 7.62592e-05
42 8.92193e-05
43 7.68112e-05
44 8.81148e-05
45 7.40309e-05
46 7.73565e-05
47 6.23813e-05
48 5.95662e-05
49 7.63698e-05
50 6.86326e-05
51 6.81529e-05
52 7.28006e-05
53 6.7791e-05
54 7.30901e-05
55 6.31354e-05
56 7.1707e-05
57 7.33759e-05
58 5.7345e-05
59 5.81601e-05
60 6.35698e-05
61 5.91771e-05
62 6.50629e-05
63 6.7938e-05
64 5.87432e-05
65 5.91698e-05
66 5.3429e-05
67 6.61148e-05
68 5.52079e-05
69 5.07124e-05
70 6.89565e-05
71 5.37565e-05
72 5.65628e-05
73 5.64804e-05
74 5.72043e-05
75 5.94556e-05
76 5.26625e-05
77 5.25946e-05
78 5.80345e-05
79 5.84804e-05
80 5.32079e-05
81 5.36006e-05
82 5.34589e-05
83 5.31317e-05
84 5.58176e-05
85 4.92913e-05
86 5.22937e-05
87 5.13795e-05
88 4.83281e-05
89 5.34176e-05
90 4.47052e-05
91 4.75354e-05
92 5.16148e-05
93 5.19698e-05
94 4.52193e-05
95 4.64653e-05
96 4.58707e-05
97 4.44079e-05
98 4.91088e-05
99 5.00459e-05
100 4.05565e-05
101 4.8484e-05
102 4.8229e-05
103 4.32193e-05
104 4.25634e-05
105 4.75734e-05
106 4.67432e-05
107 4.13565e-05
108 3.88804e-05
109 4.73221e-05
110 4.21185e-05
111 5.00689e-05
112 4.17601e-05
113 3.77565e-05
114 3.50707e-05
115 4.03157e-05
116 4.45982e-05
117 3.35698e-05
118 4.59052e-05
119 4.5429e-05
120 3.96115e-05
121 4.31803e-05
122 4.78592e-05
123 4.23771e-05
124 3.96496e-05
125 4.28653e-05
126 3.80496e-05
127 4.34326e-05
128 3.69142e-05
129 3.65601e-05
130 4.24423e-05
131 4.55354e-05
132 3.7029e-05
133 3.07124e-05
134 3.65601e-05
135 4.06973e-05
136 4.25335e-05
137 4.07006e-05
138 4.45185e-05
139 3.47354e-05
140 3.43151e-05
141 3.91088e-05
142 3.27771e-05
143 3.44193e-05
144 4.46707e-05
145 3.61529e-05
146 3.78326e-05
147 3.52876e-05
148 3.49946e-05
149 3.44187e-05
150 3.06123e-05
151 4.15317e-05
152 3.32496e-05
153 4.58326e-05
154 3.2861e-05
155 3.3829e-05
156 3.66363e-05
157 3.52423e-05
158 3.5478e-05
159 3.48193e-05
160 3.84913e-05
161 3.20496e-05
162 3.35432e-05
163 3.38698e-05
164 3.17601e-05
165 3.42363e-05
166 3.82015e-05
167 3.29185e-05
168 3.65565e-05
169 3.06707e-05
170 3.41565e-05
171 2.55468e-05
172 4.08112e-05
173 2.76532e-05
174 3.55088e-05
175 3.18537e-05
176 3.25946e-05
177 3.14103e-05
178 3.83317e-05
179 3.1684e-05
180 3.06671e-05
181 3.11734e-05
182 3.16459e-05
183 3.2567e-05
184 3.07807e-05
185 2.90363e-05
186 3.01529e-05
187 3.06743e-05
188 3.13221e-05
189 3.09185e-05
190 3.20913e-05
191 2.93293e-05
192 3.10326e-05
193 3.37601e-05
194 2.95734e-05
195 3.14671e-05
196 3.22707e-05
197 3.26661e-05
198 3.17529e-05
199 3.31771e-05
200 2.45221e-05
201 3.31078e-05
202 2.63078e-05
203 2.98018e-05
204 3.16115e-05
205 2.70471e-05
206 2.6084e-05
207 3.35849e-05
208 2.35468e-05
209 2.39124e-05
210 2.7284e-05
211 2.95767e-05
212 3.01982e-05
213 2.88115e-05
214 2.87009e-05
215 3.15626e-05
216 2.91807e-05
217 2.92982e-05
218 2.55432e-05
219 2.90629e-05
220 3.26042e-05
221 2.91275e-05
222 3.04532e-05
223 2.80532e-05
224 2.68804e-05
225 2.15124e-05
226 2.75692e-05
227 2.74353e-05
228 2.72913e-05
229 2.59849e-05
230 2.71662e-05
231 3.10245e-05
232 2.94248e-05
233 2.46087e-05
234 2.84253e-05
235 3.15088e-05
236 2.43468e-05
237 2.46743e-05
238 2.50743e-05
239 2.10326e-05
240 3.7622e-05
241 3.32496e-05
242 2.7223e-05
243 2.88079e-05
244 2.0822e-05
245 2.90399e-05
246 2.70432e-05
247 2.51124e-05
248 2.66054e-05
249 2.90937e-05
250 2.69257e-05
251 2.22707e-05
252 2.69982e-05
253 2.94326e-05
254 2.40151e-05
255 2.31354e-05
256 2.7261e-05
257 2.99531e-05
258 3.59281e-05
259 2.4484e-05
260 2.1223e-05
261 2.70776e-05
262 2.46432e-05
263 2.62326e-05
264 2.92945e-05
265 2.45293e-05
266 2.90054e-05
267 2.94973e-05
268 2.50248e-05
269 2.13221e-05
270 2.4422e-05
271 2.82051e-05
272 2.28459e-05
273 2.47462e-05
274 2.68151e-05
275 2.1261e-05
276 2.939e-05
277 2.63866e-05
278 2.82435e-05
279 2.32768e-05
280 2.2023e-05
281 2.5939e-05
282 2.84913e-05
283 2.5767e-05
284 2.33733e-05
285 2.73529e-05
286 2.66556e-05
287 2.2061e-05
288 2.53946e-05
289 2.19912e-05
290 2.53601e-05
291 2.89638e-05
292 2.64193e-05
293 1.94743e-05
294 1.98363e-05
295 2.45257e-05
296 2.23088e-05
297 2.64459e-05
298 2.13973e-05
299 2.22127e-05
300 2.14707e-05
301 2.60115e-05
302 2.92565e-05
303 2.23574e-05
304 2.26363e-05
305 2.40079e-05
306 2.0867e-05
307 2.58707e-05
308 2.19734e-05
309 2.51078e-05
310 2.44115e-05
311 2.09185e-05
312 2.20193e-05
313 2.21221e-05
314 2.14812e-05
315 2.44496e-05
316 2.35803e-05
317 2.1478e-05
318 1.94018e-05
319 2.47432e-05
320 2.15849e-05
321 2.18743e-05
322 2.2716e-05
323 2.51626e-05
324 2.33565e-05
325 2.60079e-05
326 1.91124e-05
327 2.15124e-05
328 2.44148e-05
329 1.9916e-05
330 2.03078e-05
331 2.55115e-05
332 2.81565e-05
333 2.32873e-05
334 2.45982e-05
335 2.36115e-05
336 2.62701e-05
337 2.1429e-05
338 2.4171e-05
339 2.11088e-05
340 2.22363e-05
341 2.09674e-05
342 1.81982e-05
343 2.34018e-05
344 2.10133e-05
345 2.03885e-05
346 1.97359e-05
347 2.37707e-05
348 2.36574e-05
349 2.20913e-05
350 2.28876e-05
351 1.8316e-05
352 2.31052e-05
353 2.15505e-05
354 2.35849e-05
355 2.43193e-05
356 1.94743e-05
357 2.54583e-05
358 2.21565e-05
359 2.48496e-05
360 2.1622e-05
361 2.4278e-05
362 1.89326e-05
363 1.75922e-05
364 1.71468e-05
365 1.65779e-05
366 2.42363e-05
367 2.0967e-05
368 2.20148e-05
369 2.58799e-05
370 1.97257e-05
371 2.18284e-05
372 1.92604e-05
373 2.0567e-05
374 2.61257e-05
375 2.21221e-05
376 1.96532e-05
377 2.1453e-05
378 2.18018e-05
379 2.05638e-05
380 2.0023e-05
381 2.04945e-05
382 2.03124e-05
383 2.19124e-05
384 1.86671e-05
385 1.9329e-05
386 2.61185e-05
387 2.11537e-05
388 2.20112e-05
389 2.13601e-05
390 1.80266e-05
391 1.62743e-05
392 2.17221e-05
393 2.23354e-05
394 2.28876e-05
395 2.16184e-05
396 1.64876e-05
397 2.03417e-05
398 2.20115e-05
399 1.8422e-05
400 1.94812e-05
401 1.8061e-05
402 2.31354e-05
403 2.30018e-05
404 1.70087e-05
405 1.90363e-05
406 2.02018e-05
407 2.21257e-05
408 2.18875e-05
409 1.78018e-05
410 2.14363e-05
411 1.98156e-05
412 2.1053e-05
413 1.91849e-05
414 1.65335e-05
415 1.96528e-05
416 1.99468e-05
417 1.86018e-05
418 2.18363e-05
419 1.87564e-05
420 1.82707e-05
421 2.18051e-05
422 2.18743e-05
423 2.11468e-05
424 2.03124e-05
425 1.49372e-05
426 2.47767e-05
427 2.43935e-05
428 1.4423e-05
429 1.90399e-05
430 1.81982e-05
431 2.28266e-05
432 2.15426e-05
433 2.30147e-05
434 1.97982e-05
435 1.85529e-05
436 1.56496e-05
437 2.21185e-05
438 1.93018e-05
439 2.09221e-05
440 1.83432e-05
441 2.22363e-05
442 2.27052e-05
443 1.55432e-05
444 1.84532e-05
445 1.9284e-05
446 2.05257e-05
447 2.20601e-05
448 2.37247e-05
449 1.12568e-05
450 1.47505e-05
451 2.15354e-05
452 1.94326e-05
453 1.83468e-05
454 1.83885e-05
455 2.29946e-05
456 1.95876e-05
457 1.62009e-05
458 1.85674e-05
459 1.73982e-05
460 1.48266e-05
461 1.60945e-05
462 2.04913e-05
463 2.47115e-05
464 2.04601e-05
465 1.93326e-05
466 1.87528e-05
467 1.90701e-05
468 1.71885e-05
469 2.19088e-05
470 1.50471e-05
471 2.00115e-05
472 1.4678e-05
473 1.74399e-05
474 2.15803e-05
475 1.60945e-05
476 1.68637e-05
477 1.50363e-05
478 1.54849e-05
479 1.79088e-05
480 1.76804e-05
481 1.98426e-05
482 1.43193e-05
483 2.01565e-05
484 2.2423e-05
485 1.79193e-05
486 1.44991e-05
487 1.37395e-05
488 1.79124e-05
489 1.56335e-05
490 1.69335e-05
491 1.78743e-05
492 1.27849e-05
493 2.24982e-05
494 1.73326e-05
495 2.01008e-05
496 1.66087e-05
497 1.42468e-05
498 1.72256e-05
499 1.34504e-05
500 1.19298e-05
501 2.12696e-05
502 1.84683e-05
503 1.28266e-05
504 1.92079e-05
505 2.0084e-05
506 2.04945e-05
507 1.78326e-05
508 1.72991e-05
509 1.78087e-05
510 2.03157e-05
511 2.3116e-05
512 1.54707e-05
513 1.50432e-05
514 1.51468e-05
515 1.88955e-05
516 1.52982e-05
517 1.63537e-05
518 1.65027e-05
519 1.27468e-05
520 1.63468e-05
521 1.79157e-05
522 1.77601e-05
523 1.57293e-05
524 1.6653e-05
525 1.90504e-05
526 1.63432e-05
527 1.8316e-05
528 1.5223e-05
529 1.59767e-05
530 1.52565e-05
531 1.82219e-05
532 1.52184e-05
533 1.42432e-05
534 1.49372e-05
535 1.54363e-05
536 1.67124e-05
537 1.91505e-05
538 1.75505e-05
539 1.6484e-05
540 1.53707e-05
541 1.5261e-05
542 1.79151e-05
543 1.66018e-05
544 1.62743e-05
545 1.47885e-05
546 1.92647e-05
547 1.45293e-05
548 1.64876e-05
549 1.22399e-05
550 1.95042e-05
551 1.96496e-05
552 1.47432e-05
553 1.74707e-05
554 1.96949e-05
555 1.31468e-05
556 1.83088e-05
557 1.23505e-05
558 1.94707e-05
559 1.74531e-05
560 1.89185e-05
561 1.61946e-05
562 1.89185e-05
563 1.69257e-05
564 1.7032e-05
565 1.81707e-05
566 1.7876e-05
567 1.6361e-05
568 1.64151e-05
569 1.15849e-05
570 1.72151e-05
571 1.84148e-05
572 1.91151e-05
573 1.6171e-05
574 1.32299e-05
575 1.59849e-05
576 1.53601e-05
577 1.78363e-05
578 1.22743e-05
579 1.0461e-05
580 9.95046e-06
581 2.11971e-05
582 1.23922e-05
583 1.67734e-05
584 1.18097e-05
585 1.82156e-05
586 1.1016e-05
587 1.59505e-05
588 1.41674e-05
589 1.95807e-05
590 1.85743e-05
591 2.17087e-05
592 1.68532e-05
593 1.66707e-05
594 1.74743e-05
595 1.40991e-05
596 1.43537e-05
597 2.01293e-05
598 1.80355e-05
599 1.70432e-05
600 1.88184e-05
601 1.58468e-05
602 1.28329e-05
603 2.05982e-05
604 1.69221e-05
605 2.1367e-05
606 1.48568e-05
607 1.4716e-05
608 1.7223e-05
609 1.62707e-05
610 1.82707e-05
611 1.46743e-05
612 1.54087e-05
613 1.39292e-05
614 1.2571e-05
615 1.94012e-05
616 1.37441e-05
617 9.73717e-06
618 1.79734e-05
619 1.58054e-05
620 1.74812e-05
621 1.70399e-05
622 1.05638e-05
623 1.31505e-05
624 1.58363e-05
625 1.92991e-05
626 1.68647e-05
627 1.34123e-05
628 1.73293e-05
629 1.63298e-05
630 1.11468e-05
631 1.82087e-05
632 1.58743e-05
633 1.75124e-05
634 1.50156e-05
635 1.50087e-05
636 9.77523e-06
637 1.24982e-05
638 1.56949e-05
639 1.28193e-05
640 1.53221e-05
641 1.33982e-05
642 1.44955e-05
643 1.84574e-05
644 1.3371e-05
645 1.5015e-05
646 1.82707e-05
647 2.07971e-05
648 1.16256e-05
649 1.82239e-05
650 1.58734e-05
651 1.30087e-05
652 1.49716e-05
653 1.52266e-05
654 1.78504e-05
655 1.3878e-05
656 1.10123e-05
657 1.40289e-05
658 1.62707e-05
659 1.66812e-05
660 1.25634e-05
661 1.59124e-05
662 1.6278e-05
663 1.15229e-05
664 1.54087e-05
665 2.04459e-05
666 1.34054e-05
667 1.29716e-05
668 1.42435e-05
669 1.37366e-05
670 1.79088e-05
671 1.47885e-05
672 1.84945e-05
673 1.07229e-05
674 1.42911e-05
675 1.28532e-05
676 1.31318e-05
677 1.4278e-05
678 1.50087e-05
679 1.63256e-05
680 1.1878e-05
681 1.34087e-05
682 1.07918e-05
683 1.50018e-05
684 1.48637e-05
685 1.6784e-05
686 1.62743e-05
687 1.46363e-05
688 1.61372e-05
689 1.50599e-05
690 1.80637e-05
691 1.18123e-05
692 1.72601e-05
693 1.23196e-05
694 1.82363e-05
695 1.40565e-05
696 1.53674e-05
697 1.5116e-05
698 1.3478e-05
699 1.58468e-05
700 1.20106e-05
701 1.79849e-05
702 1.22849e-05
703 1.27672e-05
704 1.86399e-05
705 1.53815e-05
706 1.21113e-05
707 1.19922e-05
708 1.71734e-05
709 1.68696e-05
710 1.71909e-05
711 1.20991e-05
712 1.45257e-05
713 2.42665e-05
714 1.25743e-05
715 1.19885e-05
716 1.44266e-05
717 1.55918e-05
718 1.39088e-05
719 1.6061e-05
720 1.21973e-05
721 1.4861e-05
722 1.37395e-05
723 2.08266e-05
724 1.66054e-05
725 1.29335e-05
726 9.34079e-06
727 1.39803e-05
728 1.59505e-05
729 1.42363e-05
730 1.6822e-05
731 1.10018e-05
732 1.26816e-05
733 1.16955e-05
734 1.59075e-05
735 2.01329e-05
736 1.50326e-05
737 1.36574e-05
738 1.78432e-05
739 1.11073e-05
740 1.03954e-05
741 1.41946e-05
742 1.01752e-05
743 1.43229e-05
744 1.43468e-05
745 7.85041e-06
746 1.62087e-05
747 1.47564e-05
748 1.29716e-05
749 1.63009e-05
750 1.17674e-05
751 1.61221e-05
752 1.3916e-05
753 1.4485e-05
754 1.1623e-05
755 1.69707e-05
756 1.25372e-05
757 1.3054e-05
758 1.13931e-05
759 1.19885e-05
760 9.94684e-06
761 1.32982e-05
762 1.25335e-05
763 2.35813e-05
764 1.34468e-05
765 1.73601e-05
766 1.74399e-05
767 1.3961e-05
768 1.34399e-05
769 1.20302e-05
770 1.4967e-05
771 1.5015e-05
772 1.38192e-05
773 1.22348e-05
774 1.32991e-05
775 1.11124e-05
776 1.46018e-05
777 1.37352e-05
778 1.40568e-05
779 1.14395e-05
780 1.5412e-05
781 1.45362e-05
782 1.64017e-05
783 1.12647e-05
784 1.30363e-05
785 1.38399e-05
786 1.15505e-05
787 9.01235e-06
788 1.14477e-05
789 1.34091e-05
790 1.18672e-05
791 1.67662e-05
792 1.18087e-05
793 1.38812e-05
794 1.04647e-05
795 8.97523e-06
796 1.2529e-05
797 1.10018e-05
798 1.13431e-05
799 1.79568e-05
800 1.03885e-05
801 1.2761e-05
802 1.62209e-05
803 1.21027e-05
804 1.42399e-05
805 1.0591e-05
806 1.6821e-05
807 1.44876e-05
808 1.35088e-05
809 1.62326e-05
810 1.57395e-05
811 1.61565e-05
812 9.84679e-06
813 1.3539e-05
814 1.52151e-05
815 1.31564e-05
816 1.08335e-05
817 9.09176e-06
818 1.05398e-05
819 1.61565e-05
820 9.62297e-06
821 1.34435e-05
822 1.93946e-05
823 1.21743e-05
824 1.66318e-05
825 1.31043e-05
826 9.12292e-06
827 1.36302e-05
828 1.28266e-05
829 1.3684e-05
830 1.28601e-05
831 1.26087e-05
832 1.59229e-05
833 1.05638e-05
834 1.49664e-05
835 1.03991e-05
836 1.54156e-05
837 1.3916e-05
838 1.70937e-05
839 9.87796e-06
840 1.06054e-05
841 1.23124e-05
842 1.46363e-05
843 1.52876e-05
844 1.34123e-05
845 1.42399e-05
846 9.57085e-06
847 9.10362e-06
848 1.44706e-05
849 1.21775e-05
850 1.26225e-05
851 1.4023e-05
852 1.14671e-05
853 1.72982e-05
854 1.39052e-05
855 1.66363e-05
856 1.38363e-05
857 1.25848e-05
858 9.26104e-06
859 1.65674e-05
860 1.44876e-05
861 1.26123e-05
862 1.70326e-05
863 1.24663e-05
864 1.45973e-05
865 1.07196e-05
866 1.16325e-05
867 1.22606e-05
868 1.04266e-05
869 1.32991e-05
870 1.1116e-05
871 1.19255e-05
872 1.11648e-05
873 6.906e-06
874 1.47813e-05
875 8.30878e-06
876 8.20967e-06
877 1.64909e-05
878 1.11468e-05
879 1.23849e-05
880 9.95046e-06
881 9.77161e-06
882 1.0861e-05
883 9.22297e-06
884 8.43022e-06
885 1.13408e-05
886 1.35052e-05
887 1.36496e-05
888 1.48184e-05
889 1.30468e-05
890 7.56099e-06
891 1.25638e-05
892 1.04647e-05
893 1.46054e-05
894 1.00949e-05
895 9.30272e-06
896 1.35468e-05
897 1.3478e-05
898 1.5878e-05
899 1.17431e-05
900 1.39813e-05
901 1.13027e-05
902 1.59633e-05
903 9.56723e-06
904 1.44481e-05
905 1.10018e-05
906 1.35922e-05
907 1.01408e-05
908 1.22015e-05
909 9.58491e-06
910 1.07991e-05
911 8.75046e-06
912 1.72496e-05
913 1.49372e-05
914 1.58812e-05
915 1.18776e-05
916 1.19922e-05
917 1.16647e-05
918 1.09326e-05
919 1.53293e-05
920 1.29674e-05
921 1.24955e-05
922 1.65284e-05
923 1.13335e-05
924 1.53425e-05
925 9.76738e-06
926 1.48256e-05
927 1.32266e-05
928 1.4316e-05
929 1.15193e-05
930 1.14573e-05
931 1.44945e-05
932 1.13821e-05
933 1.08434e-05
934 1.38363e-05
935 1.38255e-05
936 1.09027e-05
937 1.28706e-05
938 1.2678e-05
939 1.22468e-05
940 8.79215e-06
941 9.85404e-06
942 1.22849e-05
943 1.22432e-05
944 1.10918e-05
945 1.20991e-05
946 1.2263e-05
947 1.20187e-05
948 1.33044e-05
949 1.0823e-05
950 1.3078e-05
951 1.11849e-05
952 1.3561e-05
953 8.93354e-06
954 1.42087e-05
955 1.23184e-05
956 1.1729e-05
957 1.48601e-05
958 1.27922e-05
959 1.48299e-05
960 1.06954e-05
961 1.1015e-05
962 1.28283e-05
963 1.30091e-05
964 1.40982e-05
965 1.07885e-05
966 7.73717e-06
967 9.26466e-06
968 9.53017e-06
969 9.18853e-06
970 1.15124e-05
971 1.25185e-05
972 1.34468e-05
973 1.10326e-05
974 1.15574e-05
975 1.11229e-05
976 1.29257e-05
977 8.75046e-06
978 1.22275e-05
979 1.13398e-05
980 9.98853e-06
981 1.57018e-05
982 9.48486e-06
983 6.57885e-06
984 1.36335e-05
985 1.0823e-05
986 1.03574e-05
987 1.29601e-05
988 1.11088e-05
989 1.04266e-05
990 1.27541e-05
991 1.48568e-05
992 8.28158e-06
993 1.5708e-05
994 1.26051e-05
995 1.07292e-05
996 8.97428e-06
997 1.04574e-05
998 8.03022e-06
999 0
