2.05 1 1 0 0 0 0
2.05 1 2.71828 0 0.410813 0.374556 0.44707
2.05 1 7.38906 0 0.526597 0.485877 0.566528
2.05 1 20.0855 0 0.648912 0.608399 0.688756
2.05 1 54.5982 0 0.780409 0.745455 0.814568
2.05 1 148.413 0 0.820697 0.789111 0.852711
2.05 1 403.429 0 0.820697 0.788944 0.852914
2.05 1 1096.63 0 0.820697 0.787856 0.852675
2.05 1 2980.96 0 0.820697 0.789815 0.853207
2.05 1 8103.08 0 0.820697 0.787628 0.853145
2.05 1 22026.5 0 0.820697 0.789231 0.85239
2.05 1 59874.1 0 0.820697 0.788955 0.851868
2.05 1 162755 0 0.820697 0.788322 0.852811
2.05 1 442413 0 0.820697 0.788428 0.852974
2.05 1 1.2026e+06 0 0.820697 0.787461 0.852963
