0 0
1 0.00487558
2 0.00276724
3 0.00255153
4 0.00185317
5 0.0012612
6 0.00106036
7 0.00115507
8 0.00105569
9 0.00106536
10 0.000774534
11 0.000862466
12 0.000948801
13 0.000963147
14 0.00105876
15 0.000469795
16 0.00048293
17 0.000871288
18 0.000759397
19 0.000661827
20 0.000738874
21 0.000475346
22 0.000658542
23 0.000379216
24 0.000484947
25 0.000384522
26 0.000760628
27 0.000182844
28 0.000372235
29 0.000557083
30 0.000561681
31 0.000371464
32 0.000378757
33 0.000275047
34 0.00035766
35 0.000657744
36 0.000757876
37 0.000287914
38 0.000288761
39 0.000390155
40 0.000771804
41 0.000579501
42 0.000564618
43 0.000191353
44 0.000562929
45 0.000460786
46 0.000374092
47 0.000190268
48 0.000371499
49 0.000369714
50 8.7372e-05
51 0.000278882
52 0.000743193
53 0.00055839
54 0.000271275
55 0.000282063
56 0.000273494
57 0.00055406
58 0.000284061
59 0.000266213
60 0.000192161
61 0.000279313
62 0.000281271
63 0.000379002
64 0.00037426
65 0.00036578
66 0.000278435
67 0.000286868
68 0.000474329
69 0.000185549
70 0.000187452
71 0.000180102
72 0.000183712
73 9.00328e-05
74 9.65609e-05
75 0.000180989
76 0.000260412
77 0.00017744
78 0.000275176
79 0.000366872
80 0.000181151
81 0.000539323
82 0.000260675
83 0.000346332
84 0.000164576
85 0.000177884
86 0.000178026
87 8.06545e-05
88 0.000283024
89 0.000361953
90 0
91 0.000263702
92 8.39461e-05
93 0.000284061
94 0.000283061
95 0.000190268
96 9.56001e-05
97 0
98 0
99 0
