0 0
1 0.309739
2 0.101074
3 0.0533393
4 0.0252843
5 0.0149458
6 0.00987641
7 0.0123375
8 0.0122083
9 0.0172414
10 0.0075903
11 0.0046467
12 0.0110973
13 0.0172311
14 0.0136856
15 0.00173244
16 0.00781188
17 0.0211229
18 0.00513263
19 0.00189105
20 0.000923868
21 0.00296141
22 0.00562455
23 0.00403641
24 0.0138147
25 0.00496638
26 0.00904635
27 1.57743e-05
28 0.000363109
29 0.000747446
30 0.000788592
31 0.00632779
32 0.00245767
33 0.00232573
34 4.27171e-05
35 0.00529602
36 0.00900949
37 0.00663804
38 0.00248381
39 0.00780612
40 0.0123014
41 0.00967617
42 0.00297631
43 0.00632333
44 0.00404295
45 0.00244363
46 0.000903944
47 0.000330383
48 0.00244136
49 0.00117025
50 1.4288e-08
51 0.0011702
52 0.00151965
53 0.00132935
54 0.000116066
55 7.39294e-05
56 0.000357306
57 0.00649535
58 0.00233697
59 1.77892e-05
60 0.000430491
61 0.000122321
62 0.000871438
63 0.00864887
64 0.00264097
65 0.000121842
66 8.52895e-05
67 0.0023837
68 0.00174442
69 1.15284e-05
70 0.000117897
71 2.15937e-06
72 6.54429e-06
73 2.86982e-07
74 0.000314714
75 2.2261e-06
76 5.38382e-08
77 7.85355e-07
78 0.00632149
79 0.00232768
80 4.25972e-05
81 0.000886822
82 5.765e-06
83 2.15966e-06
84 1.09301e-10
85 0.000115777
86 0.000314714
87 4.79309e-12
88 0.000164133
89 0.000160489
90 0
91 1.64488e-05
92 2.61694e-10
93 0.00233697
94 0.000359427
95 0.000330383
96 0.000115777
97 0
98 0
99 0
