0 -1.51660807887414 -1.61646756263047 -1.42582552245722
0.993251773010283 -1.56341347412282 -1.66489248451951 -1.47129031589253
2.00012773496011 -1.70876665586021 -1.81516526012871 -1.61260793163992
3.00022217882684 -2.0885630161294 -2.20858486170686 -1.98140780140847
4.00003388275086 -3.09704543525448 -3.26437279256657 -2.95374232136191
4.99997871390773 -5.70680002287886 -6.13868463241806 -5.40616541800367
6.00000299062804 -10.4857483134076 -30.4857483134076 -8.72613802333063
6.9999971198819 -14.5044645422726 -34.5044645422726 -11.2457497173517
8.00000067527204 -27.7425271432862 -47.7425271432862 -24.5653291051197
8.99999951529857 -16.4497003532691 -36.4497003532691 -13.1972809079313
