0 -8.62047254087024 -8.67447877993898 -8.56976098183946
0.993251773010283 -8.7174872911328 -8.77326032449877 -8.66343936102795
2.00012773496011 -8.67827785584643 -8.734590782424 -8.62493431625461
3.00022217882684 -8.64563470235088 -8.69917080736463 -8.59436045381451
4.00003388275086 -8.62736526407129 -8.68223883979306 -8.57649743531538
4.99997871390773 -8.81054463777394 -8.87087974789319 -8.75352330453462
6.00000299062804 -9.55990635882056 -9.646285821813 -9.48029124209765
6.9999971198819 -11.243058645951 -11.4496502414572 -11.0665487663556
8.00000067527204 -13.7241262561625 -14.5102349817186 -13.3181471444875
8.99999951529857 -19.2805273448036 -20.1896538064906 -18.8160994862149
9.99997885272489 -26.4110676847362 -30.4292165083821 -25.7269528265173
10.9999976331124 -26.0386540854069 -60.0386082780257 -25.345506904847
12.0000012815651 -104.03865412441 -120.038653721358 -103.345508469356
