0 0
1 8e-06
2 2.4e-05
3 1.6e-05
4 2e-05
5 2.4e-05
6 4e-05
7 4.4e-05
8 3.2e-05
9 5.2e-05
10 6.4e-05
11 4.4e-05
12 4e-05
13 5.6e-05
14 5.2e-05
15 7.2e-05
16 6.4e-05
17 6.8e-05
18 6.4e-05
19 3.2e-05
20 4.4e-05
21 4.8e-05
22 5.6e-05
23 4e-05
24 3.2e-05
25 3.6e-05
26 2.8e-05
27 4e-05
28 1.6e-05
29 4.54715e-05
30 2.4e-05
31 4.4e-05
32 2.8e-05
33 3.2e-05
34 2.8e-05
35 3.6e-05
36 2.8e-05
37 3.2e-05
38 3.2e-05
39 3.6e-05
40 2.8e-05
41 8e-06
42 1.6e-05
43 3.6e-05
44 1.6e-05
45 2.14715e-05
46 4.8e-05
47 2e-05
48 2.8e-05
49 2.8e-05
50 4.4e-05
51 2.8e-05
52 1.2e-05
53 2e-05
54 2.4e-05
55 2.8e-05
56 2.54715e-05
57 1.2e-05
58 1.2e-05
59 3.2e-05
60 8e-06
61 1.2e-05
62 1.6e-05
63 3.6e-05
64 2.4e-05
65 1.6e-05
66 2.8e-05
67 2.8e-05
68 8e-06
69 3.6e-05
70 1.6e-05
71 3.6e-05
72 2.4e-05
73 1.2e-05
74 1.2e-05
75 8e-06
76 1.6e-05
77 2.4e-05
78 1.34715e-05
79 1.6e-05
80 4e-06
81 4e-06
82 8e-06
83 1.6e-05
84 4e-06
85 1.6e-05
86 4e-06
87 2.4e-05
88 2e-05
89 1.2e-05
90 2e-05
91 4e-05
92 2.4e-05
93 2e-05
94 4e-06
95 4e-06
96 8e-06
97 8e-06
98 8e-06
99 1.2e-05
100 8e-06
101 1.6e-05
102 2e-05
103 4e-06
104 2.4e-05
105 1.6e-05
106 4e-06
107 1.2e-05
108 8e-06
109 1.6e-05
110 1.2e-05
111 1.6e-05
112 8e-06
113 1.6e-05
114 1.2e-05
115 8e-06
116 1.6e-05
117 1.2e-05
118 5.47152e-06
119 4e-06
120 4e-06
121 4e-06
122 8e-06
123 1.2e-05
124 2e-05
125 2e-05
126 1.6e-05
127 8e-06
128 4e-06
129 4e-06
130 2e-05
131 8e-06
132 4e-06
133 0
134 4e-06
135 8e-06
136 4e-06
137 8e-06
138 4e-06
139 4e-06
140 0
141 0
142 1.2e-05
143 4e-06
144 0
145 1.2e-05
146 1.6e-05
147 1.2e-05
148 1.2e-05
149 1.2e-05
150 1.2e-05
151 1.2e-05
152 4e-06
153 8e-06
154 1.6e-05
155 1.6e-05
156 8e-06
157 4e-06
158 0
159 8e-06
160 1.2e-05
161 8e-06
162 4e-06
163 8e-06
164 8e-06
165 8e-06
166 1.2e-05
167 1.2e-05
168 0
169 1.2e-05
170 4e-06
171 1.2e-05
172 2e-05
173 1.2e-05
174 8e-06
175 4e-06
176 1.2e-05
177 4e-06
178 8e-06
179 8e-06
180 1.2e-05
181 0
182 8e-06
183 0
184 8e-06
185 1.2e-05
186 4e-06
187 4e-06
188 4e-06
189 2e-05
190 8e-06
191 0
192 0
193 1.2e-05
194 0
195 4e-06
196 4e-06
197 4e-06
198 4e-06
199 4e-06
200 0
201 1.6e-05
202 4e-06
203 0
204 8e-06
205 0
206 4e-06
207 8e-06
208 8e-06
209 2e-05
210 4e-06
211 0
212 8e-06
213 8e-06
214 0
215 0
216 1.2e-05
217 4e-06
218 4e-06
219 4e-06
220 8e-06
221 1.2e-05
222 0
223 4e-06
224 4e-06
225 1.6e-05
226 4e-06
227 4e-06
228 4e-06
229 8e-06
230 0
231 8e-06
232 1.2e-05
233 0
234 8e-06
235 1.6e-05
236 1.2e-05
237 4e-06
238 8e-06
239 0
240 8e-06
241 8e-06
242 0
243 1.6e-05
244 0
245 0
246 8e-06
247 8e-06
248 0
249 4e-06
250 8e-06
251 4e-06
252 0
253 0
254 1.2e-05
255 1.2e-05
256 1.2e-05
257 8e-06
258 4e-06
259 8e-06
260 8e-06
261 0
262 4e-06
263 4e-06
264 1.2e-05
265 0
266 0
267 4e-06
268 4e-06
269 0
270 0
271 0
272 8e-06
273 1.2e-05
274 8e-06
275 0
276 0
277 8e-06
278 0
279 4e-06
280 4e-06
281 0
282 0
283 1.2e-05
284 4e-06
285 4e-06
286 4e-06
287 8e-06
288 4e-06
289 8e-06
290 8e-06
291 0
292 0
293 0
294 8e-06
295 0
296 4e-06
297 0
298 0
299 4e-06
300 0
301 0
302 0
303 0
304 0
305 0
306 8e-06
307 4e-06
308 4e-06
309 0
310 1.2e-05
311 0
312 8e-06
313 8e-06
314 0
315 1.47152e-06
316 0
317 0
318 8e-06
319 4e-06
320 4e-06
321 0
322 4e-06
323 8e-06
324 8e-06
325 0
326 4e-06
327 4e-06
328 4e-06
329 1.2e-05
330 4e-06
331 0
332 4e-06
333 0
334 4e-06
335 4e-06
336 4e-06
337 4e-06
338 4e-06
339 0
340 0
341 0
342 4e-06
343 4e-06
344 4e-06
345 4e-06
346 4e-06
347 8e-06
348 4e-06
349 4e-06
350 8e-06
351 4e-06
352 0
353 0
354 8e-06
355 4e-06
356 4e-06
357 0
358 4e-06
359 4e-06
360 4e-06
361 0
362 0
363 4e-06
364 4e-06
365 0
366 4e-06
367 0
368 8e-06
369 4e-06
370 8e-06
371 0
372 0
373 4e-06
374 0
375 8e-06
376 0
377 0
378 8e-06
379 4e-06
380 4e-06
381 0
382 4e-06
383 0
384 8e-06
385 0
386 0
387 4e-06
388 0
389 0
390 4e-06
391 4e-06
392 0
393 0
394 4e-06
395 4e-06
396 0
397 4e-06
398 0
399 0
400 0
401 0
402 1.6e-05
403 0
404 8e-06
405 0
406 0
407 4e-06
408 1.2e-05
409 1.2e-05
410 4e-06
411 0
412 4e-06
413 0
414 4e-06
415 8e-06
416 8e-06
417 0
418 0
419 4e-06
420 4e-06
421 0
422 4e-06
423 4e-06
424 4e-06
425 0
426 4e-06
427 8e-06
428 8e-06
429 1.2e-05
430 4e-06
431 0
432 4e-06
433 4e-06
434 4e-06
435 0
436 4e-06
437 4e-06
438 4e-06
439 8e-06
440 0
441 4e-06
442 4e-06
443 4e-06
444 0
445 4e-06
446 8e-06
447 0
448 4e-06
449 8e-06
450 4e-06
451 4e-06
452 0
453 0
454 0
455 4e-06
456 0
457 0
458 0
459 0
460 0
461 0
462 4e-06
463 4e-06
464 1.2e-05
465 8e-06
466 8e-06
467 4e-06
468 0
469 8e-06
470 4e-06
471 0
472 0
473 0
474 4e-06
475 8e-06
476 0
477 4e-06
478 4e-06
479 0
480 0
481 0
482 1.47152e-06
483 0
484 4e-06
485 0
486 8e-06
487 0
488 0
489 0
490 0
491 0
492 8e-06
493 4e-06
494 0
495 0
496 4e-06
497 8e-06
498 4e-06
499 0
500 8e-06
501 0
502 1.2e-05
503 0
504 8e-06
505 4e-06
506 4e-06
507 8e-06
508 4e-06
509 0
510 4e-06
511 4e-06
512 1.2e-05
513 0
514 4e-06
515 4e-06
516 0
517 0
518 0
519 4e-06
520 0
521 4e-06
522 4e-06
523 0
524 4e-06
525 8e-06
526 4e-06
527 8e-06
528 0
529 0
530 4e-06
531 8e-06
532 4e-06
533 0
534 8e-06
535 4e-06
536 0
537 0
538 0
539 0
540 4e-06
541 4e-06
542 0
543 4e-06
544 0
545 0
546 0
547 4e-06
548 0
549 0
550 4e-06
551 4e-06
552 0
553 0
554 0
555 8e-06
556 0
557 8e-06
558 0
559 0
560 0
561 0
562 0
563 0
564 4e-06
565 0
566 0
567 4e-06
568 0
569 0
570 1.2e-05
571 4e-06
572 8e-06
573 0
574 0
575 0
576 0
577 0
578 4e-06
579 4e-06
580 0
581 4e-06
582 8e-06
583 0
584 4e-06
585 0
586 4e-06
587 4e-06
588 4e-06
589 0
590 4e-06
591 0
592 4e-06
593 0
594 0
595 4e-06
596 4e-06
597 4e-06
598 0
599 0
600 0
601 4e-06
602 0
603 0
604 0
605 8e-06
606 0
607 4e-06
608 0
609 4e-06
610 0
611 4e-06
612 0
613 4e-06
614 4e-06
615 0
616 0
617 8e-06
618 0
619 0
620 0
621 4e-06
622 0
623 4e-06
624 0
625 8e-06
626 0
627 0
628 0
629 0
630 4e-06
631 4e-06
632 0
633 4e-06
634 4e-06
635 4e-06
636 0
637 4e-06
638 0
639 4e-06
640 0
641 4e-06
642 4e-06
643 8e-06
644 8e-06
645 4e-06
646 0
647 0
648 8e-06
649 0
650 0
651 0
652 0
653 0
654 4e-06
655 4e-06
656 0
657 0
658 0
659 0
660 0
661 4e-06
662 0
663 4e-06
664 0
665 0
666 4e-06
667 0
668 0
669 4e-06
670 0
671 0
672 0
673 0
674 0
675 0
676 0
677 0
678 0
679 0
680 4e-06
681 0
682 0
683 8e-06
684 4e-06
685 0
686 4e-06
687 4e-06
688 0
689 0
690 0
691 0
692 0
693 0
694 0
695 0
696 0
697 0
698 0
699 0
700 0
701 0
702 0
703 0
704 4e-06
705 0
706 0
707 0
708 8e-06
709 0
710 0
711 0
712 4e-06
713 0
714 0
715 0
716 4e-06
717 0
718 0
719 0
720 0
721 0
722 4e-06
723 0
724 0
725 0
726 0
727 4e-06
728 4e-06
729 0
730 0
731 4e-06
732 4e-06
733 4e-06
734 8e-06
735 4e-06
736 0
737 0
738 0
739 0
740 4e-06
741 0
742 0
743 0
744 4e-06
745 4e-06
746 0
747 0
748 0
749 0
750 0
751 0
752 4e-06
753 4e-06
754 0
755 0
756 4e-06
757 0
758 4e-06
759 4e-06
760 4e-06
761 0
762 0
763 8e-06
764 8e-06
765 4e-06
766 4e-06
767 8e-06
768 4e-06
769 0
770 0
771 0
772 0
773 0
774 4e-06
775 0
776 0
777 0
778 0
779 8e-06
780 0
781 4e-06
782 0
783 8e-06
784 0
785 0
786 0
787 0
788 0
789 0
790 0
791 8e-06
792 0
793 0
794 0
795 0
796 0
797 0
798 4e-06
799 8e-06
800 0
801 0
802 4e-06
803 0
804 0
805 0
806 0
807 0
808 4e-06
809 0
810 0
811 0
812 4e-06
813 0
814 8e-06
815 0
816 0
817 0
818 0
819 0
820 0
821 0
822 8e-06
823 0
824 4e-06
825 0
826 0
827 4e-06
828 0
829 0
830 0
831 0
832 4e-06
833 4e-06
834 0
835 0
836 0
837 0
838 8e-06
839 0
840 4e-06
841 4e-06
842 0
843 0
844 4e-06
845 0
846 0
847 8e-06
848 8e-06
849 4e-06
850 4e-06
851 4e-06
852 4e-06
853 4e-06
854 0
855 0
856 0
857 0
858 4e-06
859 0
860 4e-06
861 0
862 0
863 4e-06
864 0
865 0
866 0
867 0
868 0
869 0
870 0
871 0
872 0
873 4e-06
874 4e-06
875 0
876 0
877 0
878 0
879 4e-06
880 0
881 4e-06
882 0
883 4e-06
884 0
885 0
886 0
887 0
888 0
889 0
890 4e-06
891 0
892 4e-06
893 4e-06
894 0
895 0
896 0
897 4e-06
898 1.2e-05
899 0
900 4e-06
901 0
902 1.47152e-06
903 0
904 0
905 0
906 0
907 4e-06
908 0
909 0
910 0
911 0
912 0
913 0
914 4e-06
915 4e-06
916 4e-06
917 0
918 4e-06
919 4e-06
920 0
921 0
922 0
923 0
924 0
925 0
926 0
927 0
928 0
929 0
930 0
931 0
932 4e-06
933 0
934 4e-06
935 0
936 4e-06
937 0
938 0
939 0
940 4e-06
941 0
942 0
943 4e-06
944 0
945 0
946 0
947 0
948 4e-06
949 0
950 0
951 4e-06
952 4e-06
953 0
954 0
955 0
956 0
957 4e-06
958 4e-06
959 0
960 4e-06
961 0
962 0
963 4e-06
964 4e-06
965 0
966 0
967 0
968 8e-06
969 0
970 4e-06
971 0
972 0
973 4e-06
974 0
975 0
976 4e-06
977 0
978 0
979 0
980 0
981 0
982 0
983 8e-06
984 4e-06
985 0
986 0
987 0
988 4e-06
989 0
990 0
991 0
992 0
993 0
994 0
995 0
996 4e-06
997 0
998 0
999 0
