0 0
1 0.0001204
2 5.92e-05
3 4.12e-05
4 3e-05
5 2.36e-05
6 1.99619e-05
7 2.32e-05
8 1.6e-05
9 1.32e-05
10 1e-05
11 1.16e-05
12 9.6e-06
13 8e-06
14 1.16e-05
15 1e-05
16 8e-06
17 9.96193e-06
18 5.2e-06
19 5.6e-06
20 6.8e-06
21 6e-06
22 6.36193e-06
23 4.4e-06
24 7.6e-06
25 3.6e-06
26 5.2e-06
27 6e-06
28 6.8e-06
29 4.4e-06
30 4.8e-06
31 4.4e-06
32 2.8e-06
33 4.4e-06
34 5.2e-06
35 2.4e-06
36 3.6e-06
37 4.8e-06
38 7.12387e-06
39 3.2e-06
40 4.4e-06
41 3.2e-06
42 3.6e-06
43 2.4e-06
44 2.4e-06
45 2.4e-06
46 2.76193e-06
47 8e-07
48 3.2e-06
49 2.4e-06
50 2e-06
51 4e-06
52 4e-06
53 4.8e-06
54 2e-06
55 2e-06
56 2e-06
57 4e-06
58 3.6e-06
59 2e-06
60 1.6e-06
61 4e-07
62 8e-07
63 3.2e-06
64 1.2e-06
65 4e-06
66 2e-06
67 2e-06
68 8e-07
69 1.6e-06
70 1.6e-06
71 1.2e-06
72 2.4e-06
73 8e-07
74 2.4e-06
75 1.2e-06
76 1.6e-06
77 1.56193e-06
78 1.6e-06
79 1.6e-06
80 2.8e-06
81 2.4e-06
82 2e-06
83 2.4e-06
84 4e-07
85 1.6e-06
86 1.6e-06
87 8e-07
88 8e-07
89 4e-07
90 1.6e-06
91 1.6e-06
92 2e-06
93 8e-07
94 8e-07
95 1.6e-06
96 4e-07
97 1.2e-06
98 1.6e-06
99 8e-07
100 1.6e-06
101 8e-07
102 0
103 1.2e-06
104 1.6e-06
105 1.2e-06
106 1.6e-06
107 1.2e-06
108 1.96193e-06
109 2e-06
110 1.2e-06
111 0
112 8e-07
113 4e-07
114 0
115 8e-07
116 2.4e-06
117 2e-06
118 0
119 8e-07
120 8e-07
121 4e-07
122 8e-07
123 4e-07
124 2.8e-06
125 4e-07
126 4e-07
127 1.6e-06
128 1.2e-06
129 8e-07
130 4e-07
131 4e-07
132 4e-07
133 8e-07
134 8e-07
135 8e-07
136 1.2e-06
137 1.56193e-06
138 1.2e-06
139 4e-07
140 4e-07
141 1.6e-06
142 1.6e-06
143 1.6e-06
144 4e-07
145 8e-07
146 1.6e-06
147 8e-07
148 8e-07
149 1.2e-06
150 1.2e-06
151 1.2e-06
152 4e-07
153 1.2e-06
154 0
155 1.6e-06
156 0
157 4e-07
158 1.2e-06
159 8e-07
160 4e-07
161 1.2e-06
162 0
163 4e-07
164 0
165 4e-07
166 1.16193e-06
167 1.6e-06
168 8e-07
169 4e-07
170 4e-07
171 4e-07
172 4e-07
173 4e-07
174 8e-07
175 8e-07
176 0
177 8e-07
178 8e-07
179 1.6e-06
180 8e-07
181 8e-07
182 8e-07
183 4e-07
184 4e-07
185 0
186 1.2e-06
187 8e-07
188 4e-07
189 4e-07
190 4e-07
191 0
192 0
193 1.6e-06
194 0
195 8e-07
196 0
197 1.2e-06
198 8e-07
199 4e-07
200 8e-07
201 4e-07
202 0
203 8e-07
204 4e-07
205 1.6e-06
206 0
207 4e-07
208 1.2e-06
209 7.61935e-07
210 8e-07
211 4e-07
212 0
213 4e-07
214 1.2e-06
215 4e-07
216 1.2e-06
217 1.6e-06
218 4e-07
219 4e-07
220 4e-07
221 4e-07
222 0
223 0
224 0
225 4e-07
226 4e-07
227 8e-07
228 2e-06
229 4e-07
230 8e-07
231 4e-07
232 4e-07
233 4e-07
234 0
235 1.2e-06
236 4e-07
237 4e-07
238 1.6e-06
239 0
240 8e-07
241 0
242 8e-07
243 4e-07
244 4e-07
245 8e-07
246 4e-07
247 8e-07
248 8e-07
249 4e-07
250 8e-07
251 8e-07
252 8e-07
253 4e-07
254 8e-07
255 4e-07
256 8e-07
257 0
258 8e-07
259 0
260 4e-07
261 1.6e-06
262 4e-07
263 1.6e-06
264 1.2e-06
265 1.56193e-06
266 8e-07
267 1.2e-06
268 4e-07
269 0
270 0
271 0
272 8e-07
273 4e-07
274 0
275 0
276 0
277 8e-07
278 4e-07
279 4e-07
280 0
281 0
282 0
283 4e-07
284 4e-07
285 0
286 8e-07
287 4e-07
288 0
289 4e-07
290 4e-07
291 4e-07
292 0
293 4e-07
294 0
295 4e-07
296 4e-07
297 1.2e-06
298 8e-07
299 0
300 1.6e-06
301 7.61935e-07
302 0
303 0
304 0
305 8e-07
306 1.6e-06
307 4e-07
308 4e-07
309 4e-07
310 8e-07
311 8e-07
312 0
313 4e-07
314 8e-07
315 0
316 4e-07
317 8e-07
318 0
319 4e-07
320 8e-07
321 0
322 8e-07
323 0
324 4e-07
325 0
326 4e-07
327 8e-07
328 4e-07
329 8e-07
330 0
331 1.6e-06
332 4e-07
333 4e-07
334 4e-07
335 8e-07
336 4e-07
337 0
338 0
339 4e-07
340 8e-07
341 0
342 8e-07
343 0
344 0
345 0
346 4e-07
347 8e-07
348 8e-07
349 4e-07
350 4e-07
351 0
352 0
353 0
354 4e-07
355 4e-07
356 0
357 1.2e-06
358 0
359 4e-07
360 1.2e-06
361 8e-07
362 4e-07
363 0
364 4e-07
365 8e-07
366 4e-07
367 8e-07
368 4e-07
369 0
370 8e-07
371 0
372 4e-07
373 4e-07
374 0
375 8e-07
376 8e-07
377 0
378 0
379 8e-07
380 0
381 4e-07
382 0
383 8e-07
384 0
385 8e-07
386 0
387 8e-07
388 0
389 0
390 4e-07
391 3.61935e-07
392 0
393 4e-07
394 0
395 0
396 4e-07
397 4e-07
398 4e-07
399 0
400 0
401 0
402 0
403 4e-07
404 4e-07
405 4e-07
406 1.6e-06
407 0
408 4e-07
409 0
410 4e-07
411 8e-07
412 0
413 8e-07
414 0
415 8e-07
416 4e-07
417 4e-07
418 0
419 4e-07
420 0
421 0
422 0
423 4e-07
424 0
425 0
426 0
427 0
428 0
429 0
430 0
431 0
432 4e-07
433 0
434 0
435 0
436 0
437 4e-07
438 0
439 4e-07
440 0
441 3.61935e-07
442 8e-07
443 4e-07
444 7.61935e-07
445 0
446 0
447 8e-07
448 8e-07
449 0
450 0
451 8e-07
452 4e-07
453 0
454 0
455 0
456 0
457 4e-07
458 4e-07
459 4e-07
460 4e-07
461 4e-07
462 8e-07
463 0
464 4e-07
465 8e-07
466 8e-07
467 4e-07
468 4e-07
469 4e-07
470 0
471 4e-07
472 4e-07
473 0
474 0
475 0
476 0
477 4e-07
478 0
479 4e-07
480 0
481 0
482 4e-07
483 0
484 1.2e-06
485 0
486 1.2e-06
487 0
488 8e-07
489 4e-07
490 0
491 0
492 4e-07
493 0
494 1.2e-06
495 0
496 0
497 8e-07
498 8e-07
499 4e-07
500 0
501 0
502 4e-07
503 4e-07
504 4e-07
505 0
506 0
507 0
508 0
509 0
510 0
511 0
512 0
513 0
514 0
515 0
516 4e-07
517 0
518 0
519 0
520 0
521 4e-07
522 0
523 0
524 0
525 0
526 0
527 8e-07
528 8e-07
529 0
530 0
531 0
532 0
533 0
534 8e-07
535 8e-07
536 0
537 4e-07
538 4e-07
539 4e-07
540 0
541 0
542 0
543 4e-07
544 4e-07
545 0
546 0
547 4e-07
548 0
549 4e-07
550 4e-07
551 0
552 0
553 4e-07
554 8e-07
555 0
556 0
557 8e-07
558 4e-07
559 0
560 4e-07
561 0
562 0
563 0
564 4e-07
565 0
566 0
567 8e-07
568 4e-07
569 4e-07
570 0
571 0
572 0
573 1.6e-06
574 0
575 4e-07
576 8e-07
577 4e-07
578 4e-07
579 0
580 0
581 0
582 8e-07
583 4e-07
584 0
585 0
586 8e-07
587 0
588 0
589 0
590 4e-07
591 0
592 0
593 4e-07
594 0
595 0
596 4e-07
597 4e-07
598 0
599 0
600 4e-07
601 4e-07
602 4e-07
603 4e-07
604 0
605 0
606 0
607 4e-07
608 8e-07
609 4e-07
610 8e-07
611 0
612 4e-07
613 8e-07
614 4e-07
615 0
616 4e-07
617 0
618 0
619 4e-07
620 4e-07
621 4e-07
622 4e-07
623 0
624 0
625 4e-07
626 8e-07
627 0
628 3.61935e-07
629 0
630 4e-07
631 0
632 4e-07
633 0
634 0
635 4e-07
636 0
637 4e-07
638 4e-07
639 4e-07
640 0
641 0
642 4e-07
643 0
644 4e-07
645 0
646 0
647 0
648 0
649 0
650 0
651 0
652 0
653 4e-07
654 0
655 0
656 4e-07
657 4e-07
658 0
659 0
660 0
661 4e-07
662 0
663 4e-07
664 0
665 0
666 4e-07
667 0
668 0
669 0
670 4e-07
671 4e-07
672 3.61935e-07
673 0
674 0
675 0
676 0
677 4e-07
678 4e-07
679 0
680 0
681 4e-07
682 0
683 0
684 0
685 0
686 0
687 0
688 4e-07
689 0
690 8e-07
691 0
692 4e-07
693 0
694 0
695 0
696 0
697 0
698 0
699 0
700 0
701 4e-07
702 3.61935e-07
703 0
704 4e-07
705 8e-07
706 4e-07
707 0
708 0
709 4e-07
710 0
711 0
712 0
713 4e-07
714 0
715 8e-07
716 0
717 4e-07
718 0
719 4e-07
720 0
721 0
722 0
723 0
724 0
725 0
726 0
727 4e-07
728 0
729 0
730 4e-07
731 4e-07
732 4e-07
733 4e-07
734 0
735 4e-07
736 4e-07
737 8e-07
738 0
739 4e-07
740 4e-07
741 0
742 4e-07
743 0
744 0
745 0
746 0
747 0
748 4e-07
749 0
750 0
751 4e-07
752 0
753 0
754 0
755 4e-07
756 4e-07
757 0
758 0
759 0
760 0
761 0
762 4e-07
763 0
764 0
765 0
766 0
767 4e-07
768 4e-07
769 0
770 0
771 0
772 0
773 4e-07
774 4e-07
775 4e-07
776 0
777 4e-07
778 0
779 0
780 0
781 0
782 8e-07
783 4e-07
784 4e-07
785 0
786 8e-07
787 8e-07
788 0
789 0
790 0
791 0
792 4e-07
793 0
794 0
795 0
796 0
797 0
798 4e-07
799 4e-07
800 4e-07
801 0
802 0
803 0
804 0
805 0
806 0
807 0
808 0
809 0
810 0
811 4e-07
812 0
813 0
814 0
815 0
816 0
817 4e-07
818 4e-07
819 0
820 0
821 0
822 4e-07
823 0
824 4e-07
825 0
826 0
827 0
828 4e-07
829 0
830 0
831 0
832 0
833 4e-07
834 0
835 0
836 0
837 0
838 8e-07
839 0
840 0
841 4e-07
842 0
843 0
844 0
845 0
846 0
847 4e-07
848 4e-07
849 0
850 4e-07
851 0
852 4e-07
853 4e-07
854 0
855 4e-07
856 0
857 0
858 0
859 0
860 0
861 0
862 0
863 0
864 4e-07
865 4e-07
866 1.2e-06
867 4e-07
868 4e-07
869 0
870 4e-07
871 0
872 0
873 0
874 0
875 0
876 4e-07
877 0
878 0
879 0
880 0
881 0
882 0
883 0
884 0
885 0
886 4e-07
887 4e-07
888 0
889 0
890 4e-07
891 0
892 0
893 0
894 4e-07
895 0
896 4e-07
897 8e-07
898 0
899 4e-07
900 0
901 4e-07
902 0
903 0
904 4e-07
905 0
906 0
907 4e-07
908 4e-07
909 0
910 0
911 0
912 0
913 0
914 0
915 4e-07
916 0
917 0
918 4e-07
919 4e-07
920 0
921 0
922 0
923 0
924 4e-07
925 4e-07
926 0
927 0
928 0
929 4e-07
930 4e-07
931 0
932 4e-07
933 0
934 0
935 0
936 0
937 4e-07
938 0
939 0
940 0
941 0
942 0
943 4e-07
944 0
945 0
946 4e-07
947 4e-07
948 4e-07
949 0
950 0
951 0
952 0
953 4e-07
954 0
955 4e-07
956 0
957 0
958 8e-07
959 4e-07
960 0
961 4e-07
962 0
963 4e-07
964 0
965 4e-07
966 0
967 4e-07
968 0
969 0
970 0
971 4e-07
972 0
973 4e-07
974 4e-07
975 0
976 0
977 0
978 4e-07
979 0
980 3.61935e-07
981 0
982 4e-07
983 4e-07
984 4e-07
985 4e-07
986 0
987 0
988 4e-07
989 0
990 0
991 0
992 0
993 0
994 0
995 4e-07
996 4e-07
997 0
998 0
999 0
