0 0
1 1.272e-05
2 6.04e-06
3 4.24e-06
4 3.68e-06
5 2.96e-06
6 2.36e-06
7 1.9596e-06
8 1.4796e-06
9 1.6e-06
10 1.4396e-06
11 1.36e-06
12 1.0396e-06
13 1e-06
14 9.99602e-07
15 9.59602e-07
16 6e-07
17 6.4e-07
18 5.6e-07
19 5.99602e-07
20 9.2e-07
21 3.2e-07
22 6.4e-07
23 4e-07
24 6e-07
25 4.8e-07
26 5.59602e-07
27 4.8e-07
28 4.8e-07
29 3.2e-07
30 4.8e-07
31 6e-07
32 4.4e-07
33 4.4e-07
34 3.6e-07
35 2.8e-07
36 4.8e-07
37 4e-07
38 2.79602e-07
39 5.6e-07
40 5.2e-07
41 4e-07
42 3.2e-07
43 2e-07
44 2.8e-07
45 2.8e-07
46 2.39602e-07
47 2e-07
48 8e-08
49 1.2e-07
50 3.59602e-07
51 2.79602e-07
52 2.4e-07
53 2.8e-07
54 0
55 2.8e-07
56 1.6e-07
57 2.4e-07
58 3.6e-07
59 2.4e-07
60 2e-07
61 1.6e-07
62 8e-08
63 2.8e-07
64 1.2e-07
65 3.2e-07
66 2.4e-07
67 1.2e-07
68 3.2e-07
69 2e-07
70 2.4e-07
71 2e-07
72 8e-08
73 2.4e-07
74 8e-08
75 2e-07
76 4e-08
77 8e-08
78 4e-08
79 1.6e-07
80 1.2e-07
81 4e-08
82 8e-08
83 4e-08
84 8e-08
85 1.6e-07
86 2e-07
87 8e-08
88 1.59602e-07
89 8e-08
90 2.4e-07
91 1.2e-07
92 2e-07
93 8e-08
94 1.19602e-07
95 1.2e-07
96 8e-08
97 8e-08
98 1.6e-07
99 1.2e-07
100 1.6e-07
101 1.2e-07
102 1.2e-07
103 1.6e-07
104 8e-08
105 1.2e-07
106 1.2e-07
107 1.6e-07
108 1.6e-07
109 8e-08
110 1.59602e-07
111 8e-08
112 4e-08
113 1.2e-07
114 1.2e-07
115 7.9602e-08
116 4e-08
117 8e-08
118 2.8e-07
119 4e-08
120 1.2e-07
121 8e-08
122 1.6e-07
123 3.2e-07
124 8e-08
125 8e-08
126 1.6e-07
127 2e-07
128 1.2e-07
129 2e-07
130 4e-08
131 2e-07
132 1.6e-07
133 1.6e-07
134 8e-08
135 4e-08
136 2.4e-07
137 4e-08
138 1.2e-07
139 1.2e-07
140 1.2e-07
141 4e-08
142 4e-08
143 0
144 8e-08
145 8e-08
146 1.2e-07
147 8e-08
148 8e-08
149 1.2e-07
150 4e-08
151 4e-08
152 4e-08
153 8e-08
154 8e-08
155 4e-08
156 4e-08
157 1.2e-07
158 1.2e-07
159 4e-08
160 4e-08
161 0
162 4e-08
163 8e-08
164 0
165 4e-08
166 1.6e-07
167 1.2e-07
168 4e-08
169 0
170 8e-08
171 4e-08
172 4e-08
173 8e-08
174 0
175 1.2e-07
176 4e-08
177 8e-08
178 4e-08
179 4e-08
180 4e-08
181 2e-07
182 4e-08
183 1.2e-07
184 4e-08
185 8e-08
186 8e-08
187 4e-08
188 4e-08
189 0
190 8e-08
191 1.6e-07
192 4e-08
193 0
194 4e-08
195 4e-08
196 4e-08
197 1.2e-07
198 1.2e-07
199 1.6e-07
200 4e-08
201 4e-08
202 4e-08
203 4e-08
204 0
205 0
206 4e-08
207 8e-08
208 4e-08
209 4e-08
210 8e-08
211 4e-08
212 0
213 4e-08
214 8e-08
215 0
216 8e-08
217 4e-08
218 0
219 8e-08
220 4e-08
221 1.2e-07
222 8e-08
223 8e-08
224 4e-08
225 1.2e-07
226 0
227 4e-08
228 8e-08
229 1.6e-07
230 0
231 0
232 2e-07
233 4e-08
234 1.6e-07
235 8e-08
236 4e-08
237 4e-08
238 0
239 0
240 4e-08
241 4e-08
242 1.2e-07
243 8e-08
244 0
245 0
246 0
247 0
248 4e-08
249 0
250 0
251 0
252 0
253 0
254 7.9602e-08
255 8e-08
256 0
257 1.6e-07
258 8e-08
259 4e-08
260 1.2e-07
261 8e-08
262 0
263 0
264 0
265 0
266 1.2e-07
267 4e-08
268 4e-08
269 4e-08
270 8e-08
271 4e-08
272 0
273 0
274 0
275 4e-08
276 4e-08
277 0
278 1.2e-07
279 4e-08
280 0
281 0
282 4e-08
283 0
284 4e-08
285 4e-08
286 8e-08
287 4e-08
288 1.2e-07
289 1.2e-07
290 4e-08
291 0
292 0
293 4e-08
294 4e-08
295 8e-08
296 8e-08
297 1.2e-07
298 4e-08
299 4e-08
300 4e-08
301 0
302 8e-08
303 0
304 7.9602e-08
305 8e-08
306 0
307 4e-08
308 0
309 0
310 8e-08
311 0
312 4e-08
313 0
314 4e-08
315 4e-08
316 0
317 8e-08
318 4e-08
319 8e-08
320 4e-08
321 0
322 0
323 0
324 0
325 0
326 8e-08
327 8e-08
328 4e-08
329 0
330 4e-08
331 1.2e-07
332 0
333 8e-08
334 4e-08
335 4e-08
336 4e-08
337 4e-08
338 4e-08
339 0
340 0
341 4e-08
342 0
343 8e-08
344 0
345 4e-08
346 8e-08
347 1.6e-07
348 8e-08
349 4e-08
350 0
351 0
352 0
353 4e-08
354 4e-08
355 4e-08
356 0
357 4e-08
358 8e-08
359 4e-08
360 8e-08
361 4e-08
362 0
363 0
364 0
365 0
366 4e-08
367 4e-08
368 0
369 4e-08
370 0
371 0
372 1.2e-07
373 4e-08
374 0
375 0
376 4e-08
377 8e-08
378 4e-08
379 0
380 0
381 0
382 4e-08
383 0
384 0
385 4e-08
386 8e-08
387 8e-08
388 0
389 4e-08
390 4e-08
391 0
392 4e-08
393 0
394 0
395 0
396 0
397 0
398 0
399 0
400 8e-08
401 0
402 4e-08
403 4e-08
404 4e-08
405 0
406 4e-08
407 0
408 4e-08
409 8e-08
410 0
411 1.2e-07
412 0
413 4e-08
414 0
415 0
416 4e-08
417 0
418 4e-08
419 0
420 0
421 0
422 4e-08
423 4e-08
424 4e-08
425 4e-08
426 4e-08
427 4e-08
428 0
429 0
430 4e-08
431 0
432 0
433 4e-08
434 4e-08
435 8e-08
436 4e-08
437 4e-08
438 0
439 8e-08
440 4e-08
441 0
442 0
443 0
444 8e-08
445 4e-08
446 1.2e-07
447 8e-08
448 0
449 0
450 0
451 0
452 4e-08
453 4e-08
454 0
455 0
456 0
457 4e-08
458 0
459 0
460 0
461 1.6e-07
462 0
463 3.9602e-08
464 0
465 8e-08
466 0
467 0
468 8e-08
469 4e-08
470 4e-08
471 0
472 4e-08
473 0
474 0
475 4e-08
476 0
477 4e-08
478 0
479 4e-08
480 4e-08
481 7.9602e-08
482 4e-08
483 4e-08
484 0
485 0
486 0
487 4e-08
488 4e-08
489 0
490 8e-08
491 8e-08
492 0
493 4e-08
494 0
495 0
496 4e-08
497 0
498 1.2e-07
499 0
500 4e-08
501 4e-08
502 8e-08
503 0
504 4e-08
505 4e-08
506 4e-08
507 0
508 4e-08
509 0
510 0
511 0
512 0
513 4e-08
514 4e-08
515 0
516 0
517 0
518 4e-08
519 8e-08
520 0
521 8e-08
522 0
523 0
524 8e-08
525 4e-08
526 4e-08
527 0
528 4e-08
529 4e-08
530 4e-08
531 4e-08
532 0
533 4e-08
534 0
535 0
536 4e-08
537 0
538 4e-08
539 4e-08
540 0
541 0
542 0
543 0
544 0
545 0
546 8e-08
547 4e-08
548 4e-08
549 0
550 0
551 4e-08
552 0
553 0
554 4e-08
555 0
556 0
557 4e-08
558 4e-08
559 0
560 4e-08
561 8e-08
562 0
563 0
564 4e-08
565 0
566 0
567 4e-08
568 0
569 4e-08
570 0
571 4e-08
572 0
573 0
574 0
575 0
576 0
577 4e-08
578 0
579 0
580 4e-08
581 4e-08
582 4e-08
583 0
584 0
585 0
586 0
587 4e-08
588 0
589 0
590 0
591 0
592 4e-08
593 0
594 4e-08
595 0
596 4e-08
597 8e-08
598 0
599 0
600 8e-08
601 0
602 0
603 0
604 0
605 4e-08
606 8e-08
607 0
608 0
609 4e-08
610 0
611 4e-08
612 4e-08
613 0
614 0
615 4e-08
616 8e-08
617 0
618 0
619 0
620 0
621 4e-08
622 4e-08
623 0
624 0
625 4e-08
626 0
627 4e-08
628 0
629 0
630 0
631 0
632 0
633 0
634 0
635 4e-08
636 4e-08
637 0
638 0
639 0
640 8e-08
641 4e-08
642 0
643 0
644 4e-08
645 3.9602e-08
646 4e-08
647 4e-08
648 4e-08
649 4e-08
650 0
651 8e-08
652 0
653 8e-08
654 0
655 0
656 0
657 0
658 0
659 0
660 4e-08
661 4e-08
662 0
663 0
664 0
665 0
666 0
667 0
668 0
669 0
670 0
671 0
672 0
673 4e-08
674 1.6e-07
675 0
676 4e-08
677 4e-08
678 0
679 4e-08
680 4e-08
681 4e-08
682 4e-08
683 0
684 4e-08
685 0
686 0
687 4e-08
688 0
689 4e-08
690 0
691 0
692 4e-08
693 0
694 0
695 0
696 4e-08
697 4e-08
698 0
699 4e-08
700 4e-08
701 0
702 4e-08
703 0
704 0
705 0
706 0
707 8e-08
708 4e-08
709 4e-08
710 4e-08
711 4e-08
712 0
713 0
714 4e-08
715 0
716 4e-08
717 0
718 0
719 0
720 0
721 0
722 0
723 0
724 0
725 0
726 0
727 4e-08
728 4e-08
729 0
730 0
731 4e-08
732 0
733 4e-08
734 8e-08
735 1.2e-07
736 0
737 4e-08
738 0
739 4e-08
740 0
741 4e-08
742 4e-08
743 0
744 0
745 0
746 0
747 4e-08
748 0
749 0
750 0
751 0
752 4e-08
753 0
754 0
755 4e-08
756 4e-08
757 4e-08
758 0
759 0
760 4e-08
761 0
762 1.59602e-07
763 8e-08
764 4e-08
765 4e-08
766 0
767 4e-08
768 8e-08
769 8e-08
770 0
771 4e-08
772 4e-08
773 0
774 0
775 0
776 0
777 0
778 0
779 0
780 8e-08
781 0
782 8e-08
783 0
784 8e-08
785 4e-08
786 0
787 0
788 0
789 4e-08
790 0
791 0
792 8e-08
793 0
794 4e-08
795 0
796 0
797 0
798 4e-08
799 4e-08
800 4e-08
801 1.2e-07
802 0
803 0
804 0
805 0
806 0
807 0
808 0
809 0
810 4e-08
811 8e-08
812 4e-08
813 0
814 0
815 0
816 8e-08
817 0
818 0
819 0
820 4e-08
821 4e-08
822 8e-08
823 0
824 0
825 0
826 4e-08
827 0
828 3.9602e-08
829 0
830 0
831 4e-08
832 0
833 0
834 4e-08
835 0
836 4e-08
837 0
838 0
839 0
840 0
841 0
842 4e-08
843 0
844 0
845 4e-08
846 0
847 0
848 0
849 0
850 4e-08
851 8e-08
852 4e-08
853 0
854 4e-08
855 0
856 0
857 0
858 0
859 0
860 0
861 0
862 0
863 4e-08
864 8e-08
865 1.2e-07
866 0
867 4e-08
868 4e-08
869 4e-08
870 0
871 4e-08
872 4e-08
873 0
874 4e-08
875 4e-08
876 0
877 0
878 0
879 0
880 4e-08
881 4e-08
882 8e-08
883 0
884 0
885 0
886 0
887 0
888 0
889 4e-08
890 0
891 0
892 0
893 0
894 0
895 0
896 0
897 0
898 4e-08
899 4e-08
900 4e-08
901 0
902 0
903 4e-08
904 0
905 0
906 0
907 0
908 4e-08
909 4e-08
910 0
911 4e-08
912 0
913 0
914 0
915 0
916 4e-08
917 0
918 0
919 0
920 0
921 4e-08
922 0
923 4e-08
924 4e-08
925 0
926 0
927 0
928 0
929 8e-08
930 0
931 0
932 0
933 0
934 0
935 0
936 4e-08
937 0
938 0
939 0
940 4e-08
941 0
942 0
943 0
944 0
945 4e-08
946 0
947 0
948 0
949 0
950 8e-08
951 0
952 0
953 4e-08
954 4e-08
955 0
956 0
957 0
958 8e-08
959 0
960 4e-08
961 0
962 0
963 0
964 0
965 0
966 4e-08
967 0
968 0
969 4e-08
970 0
971 4e-08
972 4e-08
973 0
974 0
975 0
976 4e-08
977 0
978 0
979 0
980 0
981 0
982 0
983 0
984 0
985 4e-08
986 0
987 0
988 0
989 0
990 0
991 0
992 4e-08
993 0
994 0
995 0
996 4e-08
997 4e-08
998 0
999 0
