0 0
1 8e-07
2 2.4e-06
3 1.6e-06
4 2e-06
5 2.4e-06
6 4e-06
7 4.4e-06
8 3.2e-06
9 5.2e-06
10 6.4e-06
11 4.4e-06
12 4e-06
13 5.6e-06
14 5.2e-06
15 7.2e-06
16 6.4e-06
17 6.8e-06
18 6.4e-06
19 3.2e-06
20 4.4e-06
21 4.8e-06
22 5.6e-06
23 4e-06
24 3.2e-06
25 3.6e-06
26 2.8e-06
27 4e-06
28 1.6e-06
29 4.76193e-06
30 2.4e-06
31 4.4e-06
32 2.8e-06
33 3.2e-06
34 2.8e-06
35 3.6e-06
36 2.8e-06
37 3.2e-06
38 3.2e-06
39 3.6e-06
40 2.8e-06
41 8e-07
42 1.6e-06
43 3.6e-06
44 1.6e-06
45 2.36193e-06
46 4.8e-06
47 2e-06
48 2.8e-06
49 2.8e-06
50 4.4e-06
51 2.8e-06
52 1.2e-06
53 2e-06
54 2.4e-06
55 2.8e-06
56 2.76193e-06
57 1.2e-06
58 1.2e-06
59 3.2e-06
60 8e-07
61 1.2e-06
62 1.6e-06
63 3.6e-06
64 2.4e-06
65 1.6e-06
66 2.8e-06
67 2.8e-06
68 8e-07
69 3.6e-06
70 1.6e-06
71 3.6e-06
72 2.4e-06
73 1.2e-06
74 1.2e-06
75 8e-07
76 1.6e-06
77 2.4e-06
78 1.56193e-06
79 1.6e-06
80 4e-07
81 4e-07
82 8e-07
83 1.6e-06
84 4e-07
85 1.6e-06
86 4e-07
87 2.4e-06
88 2e-06
89 1.2e-06
90 2e-06
91 4e-06
92 2.4e-06
93 2e-06
94 4e-07
95 4e-07
96 8e-07
97 8e-07
98 8e-07
99 1.2e-06
100 8e-07
101 1.6e-06
102 2e-06
103 4e-07
104 2.4e-06
105 1.6e-06
106 4e-07
107 1.2e-06
108 8e-07
109 1.6e-06
110 1.2e-06
111 1.6e-06
112 8e-07
113 1.6e-06
114 1.2e-06
115 8e-07
116 1.6e-06
117 1.2e-06
118 7.61935e-07
119 4e-07
120 4e-07
121 4e-07
122 8e-07
123 1.2e-06
124 2e-06
125 2e-06
126 1.6e-06
127 8e-07
128 4e-07
129 4e-07
130 2e-06
131 8e-07
132 4e-07
133 0
134 4e-07
135 8e-07
136 4e-07
137 8e-07
138 4e-07
139 4e-07
140 0
141 0
142 1.2e-06
143 4e-07
144 0
145 1.2e-06
146 1.6e-06
147 1.2e-06
148 1.2e-06
149 1.2e-06
150 1.2e-06
151 1.2e-06
152 4e-07
153 8e-07
154 1.6e-06
155 1.6e-06
156 8e-07
157 4e-07
158 0
159 8e-07
160 1.2e-06
161 8e-07
162 4e-07
163 8e-07
164 8e-07
165 8e-07
166 1.2e-06
167 1.2e-06
168 0
169 1.2e-06
170 4e-07
171 1.2e-06
172 2e-06
173 1.2e-06
174 8e-07
175 4e-07
176 1.2e-06
177 4e-07
178 8e-07
179 8e-07
180 1.2e-06
181 0
182 8e-07
183 0
184 8e-07
185 1.2e-06
186 4e-07
187 4e-07
188 4e-07
189 2e-06
190 8e-07
191 0
192 0
193 1.2e-06
194 0
195 4e-07
196 4e-07
197 4e-07
198 4e-07
199 4e-07
200 0
201 1.6e-06
202 4e-07
203 0
204 8e-07
205 0
206 4e-07
207 8e-07
208 8e-07
209 2e-06
210 4e-07
211 0
212 8e-07
213 8e-07
214 0
215 0
216 1.2e-06
217 4e-07
218 4e-07
219 4e-07
220 8e-07
221 1.2e-06
222 0
223 4e-07
224 4e-07
225 1.6e-06
226 4e-07
227 4e-07
228 4e-07
229 8e-07
230 0
231 8e-07
232 1.2e-06
233 0
234 8e-07
235 1.6e-06
236 1.2e-06
237 4e-07
238 8e-07
239 0
240 8e-07
241 8e-07
242 0
243 1.6e-06
244 0
245 0
246 8e-07
247 8e-07
248 0
249 4e-07
250 8e-07
251 4e-07
252 0
253 0
254 1.2e-06
255 1.2e-06
256 1.2e-06
257 8e-07
258 4e-07
259 8e-07
260 8e-07
261 0
262 4e-07
263 4e-07
264 1.2e-06
265 0
266 0
267 4e-07
268 4e-07
269 0
270 0
271 0
272 8e-07
273 1.2e-06
274 8e-07
275 0
276 0
277 8e-07
278 0
279 4e-07
280 4e-07
281 0
282 0
283 1.2e-06
284 4e-07
285 4e-07
286 4e-07
287 8e-07
288 4e-07
289 8e-07
290 8e-07
291 0
292 0
293 0
294 8e-07
295 0
296 4e-07
297 0
298 0
299 4e-07
300 0
301 0
302 0
303 0
304 0
305 0
306 8e-07
307 4e-07
308 4e-07
309 0
310 1.2e-06
311 0
312 8e-07
313 8e-07
314 0
315 3.61935e-07
316 0
317 0
318 8e-07
319 4e-07
320 4e-07
321 0
322 4e-07
323 8e-07
324 8e-07
325 0
326 4e-07
327 4e-07
328 4e-07
329 1.2e-06
330 4e-07
331 0
332 4e-07
333 0
334 4e-07
335 4e-07
336 4e-07
337 4e-07
338 4e-07
339 0
340 0
341 0
342 4e-07
343 4e-07
344 4e-07
345 4e-07
346 4e-07
347 8e-07
348 4e-07
349 4e-07
350 8e-07
351 4e-07
352 0
353 0
354 8e-07
355 4e-07
356 4e-07
357 0
358 4e-07
359 4e-07
360 4e-07
361 0
362 0
363 4e-07
364 4e-07
365 0
366 4e-07
367 0
368 8e-07
369 4e-07
370 8e-07
371 0
372 0
373 4e-07
374 0
375 8e-07
376 0
377 0
378 8e-07
379 4e-07
380 4e-07
381 0
382 4e-07
383 0
384 8e-07
385 0
386 0
387 4e-07
388 0
389 0
390 4e-07
391 4e-07
392 0
393 0
394 4e-07
395 4e-07
396 0
397 4e-07
398 0
399 0
400 0
401 0
402 1.6e-06
403 0
404 8e-07
405 0
406 0
407 4e-07
408 1.2e-06
409 1.2e-06
410 4e-07
411 0
412 4e-07
413 0
414 4e-07
415 8e-07
416 8e-07
417 0
418 0
419 4e-07
420 4e-07
421 0
422 4e-07
423 4e-07
424 4e-07
425 0
426 4e-07
427 8e-07
428 8e-07
429 1.2e-06
430 4e-07
431 0
432 4e-07
433 4e-07
434 4e-07
435 0
436 4e-07
437 4e-07
438 4e-07
439 8e-07
440 0
441 4e-07
442 4e-07
443 4e-07
444 0
445 4e-07
446 8e-07
447 0
448 4e-07
449 8e-07
450 4e-07
451 4e-07
452 0
453 0
454 0
455 4e-07
456 0
457 0
458 0
459 0
460 0
461 0
462 4e-07
463 4e-07
464 1.2e-06
465 8e-07
466 8e-07
467 4e-07
468 0
469 8e-07
470 4e-07
471 0
472 0
473 0
474 4e-07
475 8e-07
476 0
477 4e-07
478 4e-07
479 0
480 0
481 0
482 3.61935e-07
483 0
484 4e-07
485 0
486 8e-07
487 0
488 0
489 0
490 0
491 0
492 8e-07
493 4e-07
494 0
495 0
496 4e-07
497 8e-07
498 4e-07
499 0
500 8e-07
501 0
502 1.2e-06
503 0
504 8e-07
505 4e-07
506 4e-07
507 8e-07
508 4e-07
509 0
510 4e-07
511 4e-07
512 1.2e-06
513 0
514 4e-07
515 4e-07
516 0
517 0
518 0
519 4e-07
520 0
521 4e-07
522 4e-07
523 0
524 4e-07
525 8e-07
526 4e-07
527 8e-07
528 0
529 0
530 4e-07
531 8e-07
532 4e-07
533 0
534 8e-07
535 4e-07
536 0
537 0
538 0
539 0
540 4e-07
541 4e-07
542 0
543 4e-07
544 0
545 0
546 0
547 4e-07
548 0
549 0
550 4e-07
551 4e-07
552 0
553 0
554 0
555 8e-07
556 0
557 8e-07
558 0
559 0
560 0
561 0
562 0
563 0
564 4e-07
565 0
566 0
567 4e-07
568 0
569 0
570 1.2e-06
571 4e-07
572 8e-07
573 0
574 0
575 0
576 0
577 0
578 4e-07
579 4e-07
580 0
581 4e-07
582 8e-07
583 0
584 4e-07
585 0
586 4e-07
587 4e-07
588 4e-07
589 0
590 4e-07
591 0
592 4e-07
593 0
594 0
595 4e-07
596 4e-07
597 4e-07
598 0
599 0
600 0
601 4e-07
602 0
603 0
604 0
605 8e-07
606 0
607 4e-07
608 0
609 4e-07
610 0
611 4e-07
612 0
613 4e-07
614 4e-07
615 0
616 0
617 8e-07
618 0
619 0
620 0
621 4e-07
622 0
623 4e-07
624 0
625 8e-07
626 0
627 0
628 0
629 0
630 4e-07
631 4e-07
632 0
633 4e-07
634 4e-07
635 4e-07
636 0
637 4e-07
638 0
639 4e-07
640 0
641 4e-07
642 4e-07
643 8e-07
644 8e-07
645 4e-07
646 0
647 0
648 8e-07
649 0
650 0
651 0
652 0
653 0
654 4e-07
655 4e-07
656 0
657 0
658 0
659 0
660 0
661 4e-07
662 0
663 4e-07
664 0
665 0
666 4e-07
667 0
668 0
669 4e-07
670 0
671 0
672 0
673 0
674 0
675 0
676 0
677 0
678 0
679 0
680 4e-07
681 0
682 0
683 8e-07
684 4e-07
685 0
686 4e-07
687 4e-07
688 0
689 0
690 0
691 0
692 0
693 0
694 0
695 0
696 0
697 0
698 0
699 0
700 0
701 0
702 0
703 0
704 4e-07
705 0
706 0
707 0
708 8e-07
709 0
710 0
711 0
712 4e-07
713 0
714 0
715 0
716 4e-07
717 0
718 0
719 0
720 0
721 0
722 4e-07
723 0
724 0
725 0
726 0
727 4e-07
728 4e-07
729 0
730 0
731 4e-07
732 4e-07
733 4e-07
734 8e-07
735 4e-07
736 0
737 0
738 0
739 0
740 4e-07
741 0
742 0
743 0
744 4e-07
745 4e-07
746 0
747 0
748 0
749 0
750 0
751 0
752 4e-07
753 4e-07
754 0
755 0
756 4e-07
757 0
758 4e-07
759 4e-07
760 4e-07
761 0
762 0
763 8e-07
764 8e-07
765 4e-07
766 4e-07
767 8e-07
768 4e-07
769 0
770 0
771 0
772 0
773 0
774 4e-07
775 0
776 0
777 0
778 0
779 8e-07
780 0
781 4e-07
782 0
783 8e-07
784 0
785 0
786 0
787 0
788 0
789 0
790 0
791 8e-07
792 0
793 0
794 0
795 0
796 0
797 0
798 4e-07
799 8e-07
800 0
801 0
802 4e-07
803 0
804 0
805 0
806 0
807 0
808 4e-07
809 0
810 0
811 0
812 4e-07
813 0
814 8e-07
815 0
816 0
817 0
818 0
819 0
820 0
821 0
822 8e-07
823 0
824 4e-07
825 0
826 0
827 4e-07
828 0
829 0
830 0
831 0
832 4e-07
833 4e-07
834 0
835 0
836 0
837 0
838 8e-07
839 0
840 4e-07
841 4e-07
842 0
843 0
844 4e-07
845 0
846 0
847 8e-07
848 8e-07
849 4e-07
850 4e-07
851 4e-07
852 4e-07
853 4e-07
854 0
855 0
856 0
857 0
858 4e-07
859 0
860 4e-07
861 0
862 0
863 4e-07
864 0
865 0
866 0
867 0
868 0
869 0
870 0
871 0
872 0
873 4e-07
874 4e-07
875 0
876 0
877 0
878 0
879 4e-07
880 0
881 4e-07
882 0
883 4e-07
884 0
885 0
886 0
887 0
888 0
889 0
890 4e-07
891 0
892 4e-07
893 4e-07
894 0
895 0
896 0
897 4e-07
898 1.2e-06
899 0
900 4e-07
901 0
902 3.61935e-07
903 0
904 0
905 0
906 0
907 4e-07
908 0
909 0
910 0
911 0
912 0
913 0
914 4e-07
915 4e-07
916 4e-07
917 0
918 4e-07
919 4e-07
920 0
921 0
922 0
923 0
924 0
925 0
926 0
927 0
928 0
929 0
930 0
931 0
932 4e-07
933 0
934 4e-07
935 0
936 4e-07
937 0
938 0
939 0
940 4e-07
941 0
942 0
943 4e-07
944 0
945 0
946 0
947 0
948 4e-07
949 0
950 0
951 4e-07
952 4e-07
953 0
954 0
955 0
956 0
957 4e-07
958 4e-07
959 0
960 4e-07
961 0
962 0
963 4e-07
964 4e-07
965 0
966 0
967 0
968 8e-07
969 0
970 4e-07
971 0
972 0
973 4e-07
974 0
975 0
976 4e-07
977 0
978 0
979 0
980 0
981 0
982 0
983 8e-07
984 4e-07
985 0
986 0
987 0
988 4e-07
989 0
990 0
991 0
992 0
993 0
994 0
995 0
996 4e-07
997 0
998 0
999 0
