0 0
1 0.0001156
2 6.51619e-05
3 4.28e-05
4 3.28e-05
5 2.08e-05
6 2e-05
7 1.88e-05
8 1.64e-05
9 1.16e-05
10 1.52e-05
11 1.24e-05
12 1.48e-05
13 1.35239e-05
14 7.2e-06
15 8e-06
16 4.4e-06
17 1.28e-05
18 8.8e-06
19 9.6e-06
20 5.6e-06
21 5.6e-06
22 6.4e-06
23 3.56193e-06
24 5.6e-06
25 4.4e-06
26 5.2e-06
27 4e-06
28 6.4e-06
29 7.6e-06
30 4e-06
31 7.16193e-06
32 2.8e-06
33 3.6e-06
34 2.8e-06
35 3.2e-06
36 6.4e-06
37 3.6e-06
38 4.8e-06
39 3.6e-06
40 2.4e-06
41 4.4e-06
42 1.6e-06
43 2.4e-06
44 3.2e-06
45 3.2e-06
46 1.2e-06
47 2.4e-06
48 2.4e-06
49 2e-06
50 1.6e-06
51 2.8e-06
52 2.8e-06
53 4.8e-06
54 2e-06
55 2.8e-06
56 2.4e-06
57 1.96193e-06
58 4e-06
59 1.6e-06
60 1.2e-06
61 1.2e-06
62 2.4e-06
63 1.6e-06
64 1.6e-06
65 1.56193e-06
66 2e-06
67 3.6e-06
68 1.2e-06
69 1.2e-06
70 1.6e-06
71 1.2e-06
72 3.6e-06
73 8e-07
74 1.2e-06
75 0
76 1.2e-06
77 1.6e-06
78 4e-07
79 8e-07
80 8e-07
81 4e-07
82 2.76193e-06
83 1.6e-06
84 1.6e-06
85 2e-06
86 2e-06
87 1.2e-06
88 2e-06
89 1.2e-06
90 8e-07
91 1.2e-06
92 8e-07
93 1.6e-06
94 4e-07
95 0
96 2.4e-06
97 1.6e-06
98 8e-07
99 3.2e-06
100 0
101 1.2e-06
102 4e-07
103 1.2e-06
104 3.2e-06
105 2.4e-06
106 1.2e-06
107 1.2e-06
108 1.2e-06
109 4e-07
110 8e-07
111 4e-07
112 2e-06
113 8e-07
114 1.6e-06
115 2e-06
116 4e-07
117 0
118 2e-06
119 2e-06
120 8e-07
121 2.8e-06
122 8e-07
123 4e-07
124 1.6e-06
125 1.6e-06
126 8e-07
127 4e-07
128 2e-06
129 1.6e-06
130 1.2e-06
131 1.6e-06
132 1.6e-06
133 4e-07
134 1.2e-06
135 1.2e-06
136 0
137 1.6e-06
138 8e-07
139 8e-07
140 8e-07
141 4e-07
142 8e-07
143 4e-07
144 1.2e-06
145 1.2e-06
146 8e-07
147 4e-07
148 2e-06
149 0
150 1.2e-06
151 4e-07
152 8e-07
153 4e-07
154 8e-07
155 1.2e-06
156 1.2e-06
157 0
158 1.16193e-06
159 1.2e-06
160 4e-07
161 4e-07
162 1.2e-06
163 1.6e-06
164 8e-07
165 4e-07
166 1.2e-06
167 1.2e-06
168 0
169 0
170 0
171 8e-07
172 4e-07
173 8e-07
174 1.2e-06
175 0
176 4e-07
177 4e-07
178 1.2e-06
179 4e-07
180 4e-07
181 1.2e-06
182 1.2e-06
183 4e-07
184 1.2e-06
185 8e-07
186 1.6e-06
187 4e-07
188 8e-07
189 8e-07
190 0
191 8e-07
192 4e-07
193 1.2e-06
194 0
195 4e-07
196 2e-06
197 8e-07
198 1.2e-06
199 8e-07
200 1.2e-06
201 1.2e-06
202 4e-07
203 1.6e-06
204 4e-07
205 8e-07
206 8e-07
207 8e-07
208 4e-07
209 0
210 4e-07
211 0
212 7.61935e-07
213 4e-07
214 4e-07
215 4e-07
216 1.2e-06
217 4e-07
218 4e-07
219 0
220 4e-07
221 4e-07
222 4e-07
223 4e-07
224 4e-07
225 8e-07
226 4e-07
227 4e-07
228 8e-07
229 8e-07
230 0
231 8e-07
232 4e-07
233 8e-07
234 0
235 1.2e-06
236 4e-07
237 1.6e-06
238 0
239 4e-07
240 4e-07
241 4e-07
242 4e-07
243 4e-07
244 4e-07
245 4e-07
246 1.2e-06
247 0
248 8e-07
249 1.2e-06
250 4e-07
251 4e-07
252 1.6e-06
253 4e-07
254 1.96193e-06
255 0
256 4e-07
257 8e-07
258 1.2e-06
259 4e-07
260 4e-07
261 4e-07
262 0
263 4e-07
264 4e-07
265 0
266 4e-07
267 8e-07
268 4e-07
269 1.6e-06
270 1.6e-06
271 4e-07
272 0
273 0
274 0
275 1.2e-06
276 0
277 0
278 8e-07
279 4e-07
280 0
281 4e-07
282 4e-07
283 4e-07
284 0
285 4e-07
286 8e-07
287 0
288 8e-07
289 0
290 4e-07
291 4e-07
292 0
293 8e-07
294 1.2e-06
295 4e-07
296 0
297 1.6e-06
298 4e-07
299 4e-07
300 0
301 0
302 8e-07
303 4e-07
304 4e-07
305 4e-07
306 0
307 0
308 4e-07
309 1.2e-06
310 4e-07
311 0
312 4e-07
313 4e-07
314 8e-07
315 0
316 1.6e-06
317 4e-07
318 4e-07
319 0
320 4e-07
321 1.6e-06
322 4e-07
323 0
324 0
325 4e-07
326 4e-07
327 4e-07
328 0
329 0
330 0
331 4e-07
332 1.2e-06
333 8e-07
334 0
335 4e-07
336 4e-07
337 0
338 4e-07
339 1.2e-06
340 4e-07
341 0
342 4e-07
343 4e-07
344 0
345 4e-07
346 0
347 4e-07
348 8e-07
349 4e-07
350 0
351 8e-07
352 8e-07
353 0
354 4e-07
355 8e-07
356 0
357 1.6e-06
358 0
359 4e-07
360 4e-07
361 4e-07
362 0
363 0
364 0
365 0
366 0
367 4e-07
368 4e-07
369 0
370 4e-07
371 0
372 0
373 0
374 1.2e-06
375 4e-07
376 1.2e-06
377 0
378 4e-07
379 0
380 4e-07
381 0
382 0
383 0
384 4e-07
385 4e-07
386 0
387 8e-07
388 4e-07
389 0
390 0
391 4e-07
392 0
393 4e-07
394 4e-07
395 8e-07
396 0
397 4e-07
398 4e-07
399 0
400 8e-07
401 0
402 1.6e-06
403 0
404 4e-07
405 0
406 0
407 4e-07
408 0
409 4e-07
410 4e-07
411 4e-07
412 4e-07
413 0
414 8e-07
415 0
416 0
417 4e-07
418 4e-07
419 0
420 4e-07
421 0
422 0
423 0
424 4e-07
425 8e-07
426 0
427 3.61935e-07
428 8e-07
429 0
430 4e-07
431 0
432 4e-07
433 4e-07
434 0
435 0
436 2e-06
437 4e-07
438 0
439 3.61935e-07
440 0
441 8e-07
442 0
443 0
444 0
445 4e-07
446 4e-07
447 4e-07
448 8e-07
449 0
450 4e-07
451 0
452 0
453 0
454 4e-07
455 0
456 0
457 0
458 4e-07
459 4e-07
460 0
461 0
462 0
463 1.2e-06
464 4e-07
465 8e-07
466 4e-07
467 0
468 0
469 8e-07
470 4e-07
471 8e-07
472 8e-07
473 0
474 0
475 8e-07
476 4e-07
477 0
478 8e-07
479 0
480 0
481 4e-07
482 4e-07
483 7.61935e-07
484 4e-07
485 0
486 4e-07
487 0
488 0
489 0
490 8e-07
491 0
492 0
493 4e-07
494 4e-07
495 4e-07
496 0
497 0
498 4e-07
499 4e-07
500 0
501 0
502 8e-07
503 4e-07
504 0
505 4e-07
506 0
507 4e-07
508 0
509 0
510 0
511 4e-07
512 0
513 4e-07
514 0
515 0
516 4e-07
517 4e-07
518 8e-07
519 4e-07
520 4e-07
521 0
522 4e-07
523 4e-07
524 0
525 0
526 4e-07
527 0
528 8e-07
529 4e-07
530 0
531 1.6e-06
532 8e-07
533 0
534 4e-07
535 0
536 0
537 4e-07
538 8e-07
539 8e-07
540 0
541 0
542 4e-07
543 0
544 0
545 0
546 0
547 4e-07
548 0
549 0
550 4e-07
551 0
552 4e-07
553 4e-07
554 0
555 0
556 0
557 0
558 4e-07
559 4e-07
560 4e-07
561 4e-07
562 0
563 0
564 0
565 0
566 8e-07
567 0
568 8e-07
569 4e-07
570 4e-07
571 4e-07
572 0
573 0
574 0
575 0
576 4e-07
577 4e-07
578 4e-07
579 0
580 4e-07
581 0
582 0
583 0
584 8e-07
585 0
586 0
587 4e-07
588 0
589 0
590 4e-07
591 7.61935e-07
592 4e-07
593 0
594 0
595 8e-07
596 4e-07
597 4e-07
598 0
599 0
600 4e-07
601 0
602 8e-07
603 4e-07
604 0
605 0
606 0
607 0
608 0
609 4e-07
610 0
611 0
612 4e-07
613 0
614 0
615 0
616 0
617 0
618 0
619 0
620 0
621 0
622 0
623 0
624 4e-07
625 4e-07
626 0
627 0
628 0
629 0
630 0
631 0
632 4e-07
633 0
634 0
635 4e-07
636 0
637 0
638 0
639 0
640 4e-07
641 0
642 4e-07
643 4e-07
644 4e-07
645 0
646 0
647 0
648 0
649 8e-07
650 0
651 4e-07
652 0
653 4e-07
654 4e-07
655 0
656 4e-07
657 0
658 0
659 0
660 0
661 4e-07
662 0
663 4e-07
664 0
665 0
666 1.6e-06
667 0
668 4e-07
669 0
670 4e-07
671 0
672 0
673 0
674 0
675 4e-07
676 0
677 0
678 8e-07
679 0
680 0
681 0
682 0
683 8e-07
684 4e-07
685 0
686 8e-07
687 0
688 4e-07
689 4e-07
690 0
691 0
692 4e-07
693 4e-07
694 0
695 4e-07
696 4e-07
697 0
698 0
699 0
700 4e-07
701 0
702 4e-07
703 0
704 0
705 0
706 0
707 0
708 4e-07
709 0
710 4e-07
711 8e-07
712 0
713 0
714 8e-07
715 3.61935e-07
716 0
717 0
718 0
719 0
720 0
721 4e-07
722 8e-07
723 0
724 4e-07
725 0
726 0
727 0
728 3.61935e-07
729 0
730 0
731 0
732 0
733 0
734 4e-07
735 8e-07
736 0
737 0
738 4e-07
739 0
740 0
741 8e-07
742 0
743 4e-07
744 0
745 0
746 0
747 4e-07
748 0
749 0
750 4e-07
751 0
752 0
753 0
754 4e-07
755 0
756 0
757 0
758 0
759 4e-07
760 4e-07
761 8e-07
762 0
763 0
764 0
765 0
766 0
767 0
768 0
769 0
770 0
771 4e-07
772 0
773 0
774 4e-07
775 0
776 0
777 0
778 0
779 0
780 4e-07
781 4e-07
782 4e-07
783 0
784 0
785 4e-07
786 4e-07
787 0
788 8e-07
789 4e-07
790 0
791 0
792 0
793 4e-07
794 0
795 0
796 0
797 0
798 0
799 4e-07
800 0
801 0
802 0
803 0
804 4e-07
805 4e-07
806 0
807 0
808 0
809 4e-07
810 4e-07
811 0
812 4e-07
813 0
814 0
815 0
816 8e-07
817 0
818 4e-07
819 0
820 0
821 0
822 0
823 0
824 0
825 4e-07
826 0
827 4e-07
828 0
829 0
830 0
831 4e-07
832 4e-07
833 3.61935e-07
834 4e-07
835 0
836 4e-07
837 0
838 0
839 0
840 0
841 0
842 4e-07
843 4e-07
844 4e-07
845 4e-07
846 4e-07
847 0
848 4e-07
849 0
850 0
851 0
852 0
853 8e-07
854 0
855 0
856 4e-07
857 0
858 0
859 0
860 0
861 0
862 0
863 4e-07
864 0
865 0
866 4e-07
867 0
868 0
869 0
870 0
871 0
872 4e-07
873 4e-07
874 0
875 0
876 0
877 0
878 0
879 0
880 0
881 0
882 0
883 4e-07
884 0
885 0
886 0
887 0
888 0
889 0
890 8e-07
891 0
892 0
893 0
894 4e-07
895 4e-07
896 4e-07
897 0
898 8e-07
899 0
900 0
901 0
902 4e-07
903 0
904 4e-07
905 0
906 0
907 0
908 4e-07
909 0
910 0
911 0
912 4e-07
913 0
914 0
915 0
916 0
917 0
918 0
919 4e-07
920 3.61935e-07
921 0
922 4e-07
923 0
924 0
925 4e-07
926 0
927 0
928 0
929 4e-07
930 4e-07
931 4e-07
932 4e-07
933 0
934 0
935 4e-07
936 0
937 4e-07
938 4e-07
939 4e-07
940 0
941 0
942 4e-07
943 0
944 4e-07
945 0
946 0
947 0
948 0
949 0
950 0
951 0
952 4e-07
953 0
954 0
955 4e-07
956 0
957 4e-07
958 0
959 8e-07
960 4e-07
961 4e-07
962 4e-07
963 0
964 0
965 4e-07
966 0
967 0
968 4e-07
969 4e-07
970 0
971 0
972 4e-07
973 4e-07
974 4e-07
975 0
976 4e-07
977 0
978 0
979 0
980 0
981 0
982 0
983 0
984 0
985 0
986 4e-07
987 0
988 0
989 0
990 0
991 0
992 4e-07
993 0
994 8e-07
995 4e-07
996 0
997 4e-07
998 4e-07
999 0
