0 0
1 7.6e-06
2 1.08e-05
3 1.28e-05
4 1.12e-05
5 1.16e-05
6 1.52e-05
7 9.6e-06
8 1.56e-05
9 8.8e-06
10 8.8e-06
11 8e-06
12 1.04e-05
13 1e-05
14 7.6e-06
15 6.4e-06
16 5.2e-06
17 6.4e-06
18 4.4e-06
19 5.6e-06
20 4.8e-06
21 5.2e-06
22 5.2e-06
23 5.6e-06
24 4.8e-06
25 4.8e-06
26 4e-06
27 7.6e-06
28 7.2e-06
29 5.56193e-06
30 4e-06
31 3.6e-06
32 4.8e-06
33 2.4e-06
34 3.6e-06
35 2.8e-06
36 4.8e-06
37 3.6e-06
38 3.2e-06
39 8.4e-06
40 4.8e-06
41 2e-06
42 4e-06
43 4e-06
44 2e-06
45 5.6e-06
46 2.8e-06
47 5.2e-06
48 3.6e-06
49 2e-06
50 2e-06
51 3.2e-06
52 2.4e-06
53 2.8e-06
54 2e-06
55 2.4e-06
56 3.2e-06
57 4e-06
58 1.6e-06
59 1.6e-06
60 1.2e-06
61 2.4e-06
62 1.2e-06
63 1.6e-06
64 2.4e-06
65 1.6e-06
66 1.6e-06
67 1.6e-06
68 1.6e-06
69 4e-06
70 2.4e-06
71 2e-06
72 1.2e-06
73 2e-06
74 8e-07
75 8e-07
76 3.2e-06
77 2e-06
78 8e-07
79 1.2e-06
80 4e-07
81 4e-07
82 1.2e-06
83 8e-07
84 1.6e-06
85 8e-07
86 2.4e-06
87 4e-07
88 4e-07
89 1.6e-06
90 1.2e-06
91 1.6e-06
92 1.2e-06
93 1.6e-06
94 8e-07
95 2.8e-06
96 2e-06
97 8e-07
98 4e-07
99 4e-07
100 1.6e-06
101 4e-07
102 8e-07
103 4e-07
104 8e-07
105 1.2e-06
106 8e-07
107 1.6e-06
108 2.4e-06
109 1.2e-06
110 2.4e-06
111 1.6e-06
112 1.2e-06
113 1.2e-06
114 1.2e-06
115 0
116 8e-07
117 1.6e-06
118 4e-07
119 4e-07
120 1.2e-06
121 4e-07
122 8e-07
123 1.2e-06
124 1.2e-06
125 1.6e-06
126 1.6e-06
127 8e-07
128 1.2e-06
129 0
130 1.2e-06
131 8e-07
132 1.6e-06
133 1.2e-06
134 2.4e-06
135 8e-07
136 7.61935e-07
137 1.6e-06
138 8e-07
139 0
140 4e-07
141 1.6e-06
142 1.2e-06
143 8e-07
144 8e-07
145 0
146 1.2e-06
147 8e-07
148 8e-07
149 1.16193e-06
150 8e-07
151 0
152 4e-07
153 1.2e-06
154 1.2e-06
155 2e-06
156 0
157 8e-07
158 0
159 1.2e-06
160 8e-07
161 4e-07
162 1.6e-06
163 8e-07
164 0
165 8e-07
166 4e-07
167 1.2e-06
168 8e-07
169 4e-07
170 4e-07
171 4e-07
172 1.6e-06
173 1.2e-06
174 4e-07
175 4e-07
176 0
177 0
178 4e-07
179 8e-07
180 1.2e-06
181 8e-07
182 4e-07
183 1.2e-06
184 8e-07
185 8e-07
186 0
187 4e-07
188 8e-07
189 4e-07
190 4e-07
191 1.2e-06
192 1.2e-06
193 4e-07
194 0
195 8e-07
196 1.2e-06
197 1.6e-06
198 4e-07
199 1.2e-06
200 0
201 0
202 0
203 2.4e-06
204 8e-07
205 4e-07
206 1.2e-06
207 2e-06
208 4e-07
209 0
210 1.6e-06
211 1.2e-06
212 4e-07
213 1.2e-06
214 1.2e-06
215 4e-07
216 8e-07
217 0
218 4e-07
219 8e-07
220 4e-07
221 0
222 8e-07
223 0
224 4e-07
225 1.2e-06
226 4e-07
227 8e-07
228 8e-07
229 4e-07
230 0
231 4e-07
232 4e-07
233 0
234 8e-07
235 4e-07
236 0
237 8e-07
238 2e-06
239 0
240 4e-07
241 1.2e-06
242 0
243 8e-07
244 8e-07
245 4e-07
246 1.2e-06
247 0
248 4e-07
249 4e-07
250 8e-07
251 4e-07
252 4e-07
253 8e-07
254 4e-07
255 0
256 4e-07
257 4e-07
258 0
259 4e-07
260 0
261 0
262 4e-07
263 4e-07
264 8e-07
265 8e-07
266 0
267 8e-07
268 1.6e-06
269 4e-07
270 0
271 8e-07
272 0
273 4e-07
274 4e-07
275 0
276 8e-07
277 0
278 8e-07
279 4e-07
280 0
281 1.2e-06
282 0
283 8e-07
284 0
285 8e-07
286 4e-07
287 8e-07
288 0
289 4e-07
290 0
291 4e-07
292 0
293 4e-07
294 1.6e-06
295 1.2e-06
296 4e-07
297 4e-07
298 8e-07
299 4e-07
300 1.2e-06
301 4e-07
302 4e-07
303 1.6e-06
304 4e-07
305 0
306 0
307 1.2e-06
308 0
309 4e-07
310 8e-07
311 0
312 0
313 1.2e-06
314 4e-07
315 4e-07
316 0
317 8e-07
318 8e-07
319 4e-07
320 8e-07
321 0
322 4e-07
323 1.2e-06
324 1.2e-06
325 0
326 0
327 8e-07
328 0
329 0
330 8e-07
331 0
332 0
333 8e-07
334 4e-07
335 0
336 8e-07
337 4e-07
338 8e-07
339 4e-07
340 0
341 0
342 0
343 4e-07
344 4e-07
345 0
346 0
347 4e-07
348 4e-07
349 4e-07
350 4e-07
351 4e-07
352 4e-07
353 0
354 0
355 4e-07
356 0
357 0
358 0
359 8e-07
360 4e-07
361 0
362 0
363 4e-07
364 0
365 1.2e-06
366 8e-07
367 4e-07
368 0
369 8e-07
370 4e-07
371 0
372 4e-07
373 4e-07
374 0
375 0
376 4e-07
377 4e-07
378 4e-07
379 4e-07
380 8e-07
381 1.2e-06
382 0
383 0
384 4e-07
385 4e-07
386 1.2e-06
387 0
388 4e-07
389 4e-07
390 0
391 4e-07
392 0
393 0
394 1.2e-06
395 8e-07
396 4e-07
397 0
398 1.2e-06
399 4e-07
400 0
401 4e-07
402 0
403 0
404 4e-07
405 0
406 4e-07
407 1.2e-06
408 4e-07
409 0
410 8e-07
411 4e-07
412 0
413 0
414 4e-07
415 0
416 4e-07
417 4e-07
418 4e-07
419 0
420 4e-07
421 4e-07
422 4e-07
423 4e-07
424 8e-07
425 0
426 8e-07
427 1.2e-06
428 0
429 0
430 0
431 0
432 0
433 4e-07
434 4e-07
435 4e-07
436 4e-07
437 8e-07
438 4e-07
439 8e-07
440 4e-07
441 4e-07
442 0
443 0
444 0
445 8e-07
446 4e-07
447 0
448 0
449 4e-07
450 1.2e-06
451 8e-07
452 1.2e-06
453 0
454 4e-07
455 8e-07
456 4e-07
457 1.2e-06
458 0
459 8e-07
460 0
461 4e-07
462 0
463 4e-07
464 8e-07
465 0
466 0
467 0
468 0
469 4e-07
470 4e-07
471 0
472 8e-07
473 4e-07
474 4e-07
475 0
476 4e-07
477 0
478 4e-07
479 4e-07
480 0
481 0
482 4e-07
483 8e-07
484 4e-07
485 4e-07
486 0
487 8e-07
488 0
489 4e-07
490 4e-07
491 4e-07
492 0
493 0
494 0
495 4e-07
496 4e-07
497 8e-07
498 4e-07
499 4e-07
500 0
501 4e-07
502 0
503 0
504 0
505 0
506 0
507 0
508 4e-07
509 8e-07
510 4e-07
511 4e-07
512 4e-07
513 8e-07
514 4e-07
515 0
516 0
517 4e-07
518 0
519 4e-07
520 0
521 8e-07
522 4e-07
523 4e-07
524 4e-07
525 0
526 0
527 0
528 4e-07
529 0
530 0
531 0
532 0
533 8e-07
534 0
535 4e-07
536 0
537 4e-07
538 0
539 0
540 0
541 0
542 0
543 0
544 0
545 0
546 4e-07
547 0
548 0
549 0
550 0
551 4e-07
552 8e-07
553 0
554 0
555 8e-07
556 0
557 4e-07
558 0
559 4e-07
560 8e-07
561 4e-07
562 0
563 4e-07
564 0
565 4e-07
566 0
567 0
568 0
569 4e-07
570 4e-07
571 0
572 0
573 1.2e-06
574 0
575 0
576 0
577 4e-07
578 0
579 0
580 0
581 4e-07
582 4e-07
583 0
584 0
585 4e-07
586 4e-07
587 0
588 4e-07
589 4e-07
590 0
591 0
592 0
593 0
594 4e-07
595 4e-07
596 4e-07
597 8e-07
598 1.2e-06
599 4e-07
600 0
601 4e-07
602 0
603 0
604 0
605 4e-07
606 0
607 0
608 0
609 0
610 8e-07
611 4e-07
612 0
613 8e-07
614 0
615 8e-07
616 0
617 0
618 0
619 8e-07
620 0
621 0
622 0
623 4e-07
624 0
625 0
626 4e-07
627 0
628 0
629 0
630 0
631 0
632 0
633 0
634 0
635 0
636 0
637 4e-07
638 0
639 0
640 4e-07
641 0
642 0
643 4e-07
644 0
645 4e-07
646 4e-07
647 4e-07
648 8e-07
649 0
650 0
651 4e-07
652 0
653 0
654 0
655 0
656 0
657 0
658 0
659 8e-07
660 4e-07
661 0
662 0
663 8e-07
664 4e-07
665 0
666 4e-07
667 4e-07
668 0
669 4e-07
670 8e-07
671 0
672 0
673 0
674 4e-07
675 8e-07
676 0
677 0
678 0
679 0
680 0
681 1.2e-06
682 0
683 4e-07
684 4e-07
685 0
686 0
687 4e-07
688 0
689 0
690 0
691 0
692 0
693 4e-07
694 0
695 0
696 4e-07
697 0
698 4e-07
699 4e-07
700 0
701 4e-07
702 0
703 0
704 4e-07
705 8e-07
706 4e-07
707 4e-07
708 4e-07
709 0
710 0
711 4e-07
712 0
713 0
714 4e-07
715 0
716 0
717 4e-07
718 0
719 0
720 4e-07
721 0
722 0
723 4e-07
724 0
725 0
726 0
727 0
728 0
729 0
730 0
731 0
732 0
733 0
734 0
735 0
736 4e-07
737 0
738 0
739 4e-07
740 4e-07
741 4e-07
742 8e-07
743 0
744 0
745 0
746 0
747 0
748 4e-07
749 0
750 4e-07
751 0
752 4e-07
753 0
754 0
755 0
756 8e-07
757 0
758 0
759 4e-07
760 4e-07
761 4e-07
762 8e-07
763 4e-07
764 4e-07
765 0
766 0
767 0
768 4e-07
769 0
770 0
771 4e-07
772 0
773 0
774 0
775 4e-07
776 8e-07
777 0
778 0
779 7.61935e-07
780 0
781 4e-07
782 4e-07
783 0
784 4e-07
785 0
786 0
787 0
788 4e-07
789 0
790 0
791 4e-07
792 4e-07
793 0
794 4e-07
795 0
796 4e-07
797 0
798 0
799 4e-07
800 0
801 0
802 4e-07
803 0
804 0
805 0
806 0
807 4e-07
808 0
809 0
810 4e-07
811 0
812 0
813 0
814 0
815 4e-07
816 0
817 4e-07
818 0
819 0
820 0
821 0
822 0
823 0
824 4e-07
825 0
826 0
827 0
828 0
829 4e-07
830 0
831 0
832 0
833 0
834 0
835 0
836 4e-07
837 0
838 4e-07
839 0
840 0
841 0
842 0
843 4e-07
844 4e-07
845 0
846 4e-07
847 0
848 0
849 0
850 0
851 0
852 0
853 4e-07
854 4e-07
855 4e-07
856 0
857 0
858 0
859 0
860 0
861 0
862 0
863 4e-07
864 0
865 4e-07
866 0
867 0
868 4e-07
869 0
870 0
871 0
872 0
873 4e-07
874 0
875 0
876 0
877 0
878 0
879 0
880 0
881 0
882 0
883 0
884 0
885 4e-07
886 4e-07
887 0
888 0
889 0
890 4e-07
891 0
892 0
893 0
894 0
895 0
896 4e-07
897 0
898 0
899 0
900 4e-07
901 0
902 0
903 4e-07
904 0
905 0
906 4e-07
907 0
908 0
909 0
910 0
911 4e-07
912 0
913 4e-07
914 0
915 4e-07
916 0
917 4e-07
918 0
919 0
920 0
921 4e-07
922 0
923 0
924 0
925 4e-07
926 4e-07
927 4e-07
928 0
929 0
930 0
931 0
932 0
933 0
934 0
935 8e-07
936 0
937 4e-07
938 0
939 4e-07
940 0
941 8e-07
942 0
943 0
944 0
945 0
946 0
947 0
948 8e-07
949 0
950 0
951 0
952 4e-07
953 0
954 0
955 0
956 0
957 0
958 0
959 0
960 0
961 0
962 0
963 0
964 0
965 0
966 0
967 0
968 0
969 0
970 0
971 0
972 0
973 0
974 0
975 4e-07
976 0
977 8e-07
978 0
979 0
980 4e-07
981 4e-07
982 0
983 0
984 4e-07
985 0
986 4e-07
987 0
988 0
989 0
990 0
991 0
992 4e-07
993 4e-07
994 0
995 0
996 0
997 0
998 4e-07
999 0
