0 0
1 0
2 0
3 4e-06
4 4e-06
5 0
6 1.2e-05
7 1.6e-05
8 8e-06
9 2e-05
10 8e-06
11 2e-05
12 1.6e-05
13 8e-06
14 8e-06
15 8e-06
16 1.2e-05
17 2e-05
18 2e-05
19 3.2e-05
20 2.8e-05
21 2.4e-05
22 2.8e-05
23 8e-06
24 2e-05
25 3.2e-05
26 2.4e-05
27 2.4e-05
28 3.2e-05
29 2.4e-05
30 2.8e-05
31 2.8e-05
32 3.6e-05
33 1.2e-05
34 1.2e-05
35 3.2e-05
36 2e-05
37 2.8e-05
38 2.4e-05
39 2e-05
40 3.2e-05
41 2e-05
42 2.8e-05
43 3.2e-05
44 3.6e-05
45 1.2e-05
46 2.4e-05
47 1.2e-05
48 1.2e-05
49 1.6e-05
50 1.6e-05
51 1.6e-05
52 1.6e-05
53 2.8e-05
54 0
55 2e-05
56 1.2e-05
57 8e-06
58 1.6e-05
59 4e-06
60 2.4e-05
61 8e-06
62 1.6e-05
63 1.2e-05
64 1.6e-05
65 1.2e-05
66 2.4e-05
67 2.4e-05
68 1.6e-05
69 2e-05
70 2e-05
71 1.2e-05
72 1.2e-05
73 1.6e-05
74 3.2e-05
75 8e-06
76 1.2e-05
77 2e-05
78 2.4e-05
79 8e-06
80 1.6e-05
81 2.4e-05
82 8e-06
83 1.2e-05
84 1.6e-05
85 1.2e-05
86 8e-06
87 1.2e-05
88 8e-06
89 3.34715e-05
90 3.6e-05
91 8e-06
92 8e-06
93 0
94 4e-06
95 4e-06
96 1.6e-05
97 0
98 1.2e-05
99 3.2e-05
100 4e-06
101 2e-05
102 1.2e-05
103 2e-05
104 8e-06
105 4e-06
106 8e-06
107 2e-05
108 0
109 1.2e-05
110 8e-06
111 0
112 8e-06
113 1.6e-05
114 2e-05
115 8e-06
116 8e-06
117 1.2e-05
118 8e-06
119 1.6e-05
120 8e-06
121 1.2e-05
122 1.6e-05
123 8e-06
124 4e-06
125 4e-06
126 1.6e-05
127 1.74715e-05
128 4e-06
129 1.2e-05
130 8e-06
131 8e-06
132 1.2e-05
133 8e-06
134 1.2e-05
135 4e-06
136 4e-06
137 4e-06
138 2e-05
139 8e-06
140 0
141 4e-06
142 8e-06
143 8e-06
144 8e-06
145 1.6e-05
146 4e-06
147 4e-06
148 8e-06
149 4e-06
150 4e-06
151 8e-06
152 1.2e-05
153 4e-06
154 8e-06
155 1.2e-05
156 8e-06
157 4e-06
158 4e-06
159 1.6e-05
160 8e-06
161 1.2e-05
162 0
163 0
164 8e-06
165 0
166 4e-06
167 0
168 4e-06
169 4e-06
170 4e-06
171 8e-06
172 4e-06
173 1.2e-05
174 4e-06
175 1.47152e-06
176 1.6e-05
177 4e-06
178 4e-06
179 0
180 8e-06
181 1.2e-05
182 2.4e-05
183 8e-06
184 1.2e-05
185 4e-06
186 0
187 1.2e-05
188 2e-05
189 0
190 1.6e-05
191 0
192 8e-06
193 4e-06
194 0
195 4e-06
196 8e-06
197 8e-06
198 4e-06
199 8e-06
200 1.2e-05
201 4e-06
202 4e-06
203 4e-06
204 4e-06
205 8e-06
206 8e-06
207 4e-06
208 8e-06
209 4e-06
210 4e-06
211 8e-06
212 8e-06
213 4e-06
214 4e-06
215 8e-06
216 8e-06
217 0
218 0
219 8e-06
220 0
221 0
222 8e-06
223 8e-06
224 1.2e-05
225 1.2e-05
226 0
227 8e-06
228 4e-06
229 0
230 4e-06
231 1.2e-05
232 8e-06
233 8e-06
234 4e-06
235 8e-06
236 8e-06
237 0
238 8e-06
239 4e-06
240 4e-06
241 8e-06
242 4e-06
243 8e-06
244 4e-06
245 4e-06
246 0
247 4e-06
248 4e-06
249 4e-06
250 0
251 1.6e-05
252 8e-06
253 4e-06
254 4e-06
255 4e-06
256 8e-06
257 0
258 0
259 0
260 0
261 1.6e-05
262 1.2e-05
263 4e-06
264 4e-06
265 0
266 4e-06
267 8e-06
268 8e-06
269 8e-06
270 0
271 0
272 0
273 0
274 4e-06
275 4e-06
276 4e-06
277 4e-06
278 8e-06
279 4e-06
280 0
281 0
282 8e-06
283 0
284 0
285 8e-06
286 4e-06
287 4e-06
288 4e-06
289 1.2e-05
290 4e-06
291 8e-06
292 0
293 0
294 0
295 4e-06
296 8e-06
297 0
298 8e-06
299 4e-06
300 4e-06
301 0
302 1.6e-05
303 4e-06
304 8e-06
305 1.2e-05
306 4e-06
307 4e-06
308 0
309 4e-06
310 0
311 4e-06
312 8e-06
313 0
314 1.2e-05
315 0
316 5.47152e-06
317 0
318 8e-06
319 0
320 0
321 8e-06
322 0
323 4e-06
324 8e-06
325 4e-06
326 4e-06
327 8e-06
328 0
329 1.2e-05
330 0
331 4e-06
332 4e-06
333 0
334 8e-06
335 8e-06
336 0
337 8e-06
338 0
339 1.6e-05
340 8e-06
341 0
342 4e-06
343 1.6e-05
344 8e-06
345 4e-06
346 0
347 8e-06
348 8e-06
349 0
350 0
351 0
352 1.2e-05
353 0
354 0
355 0
356 4e-06
357 1.47152e-06
358 0
359 4e-06
360 0
361 4e-06
362 0
363 8e-06
364 0
365 4e-06
366 4e-06
367 4e-06
368 8e-06
369 0
370 0
371 0
372 0
373 8e-06
374 0
375 4e-06
376 8e-06
377 0
378 0
379 0
380 0
381 4e-06
382 4e-06
383 0
384 4e-06
385 4e-06
386 4e-06
387 4e-06
388 1.2e-05
389 0
390 0
391 0
392 8e-06
393 1.2e-05
394 4e-06
395 0
396 0
397 4e-06
398 8e-06
399 0
400 1.6e-05
401 0
402 1.2e-05
403 0
404 0
405 0
406 0
407 4e-06
408 4e-06
409 0
410 4e-06
411 0
412 0
413 8e-06
414 0
415 4e-06
416 4e-06
417 0
418 0
419 4e-06
420 4e-06
421 8e-06
422 4e-06
423 0
424 4e-06
425 1.2e-05
426 0
427 8e-06
428 0
429 0
430 0
431 0
432 4e-06
433 0
434 0
435 0
436 0
437 0
438 4e-06
439 0
440 4e-06
441 0
442 8e-06
443 4e-06
444 0
445 0
446 4e-06
447 0
448 0
449 4e-06
450 0
451 4e-06
452 4e-06
453 0
454 0
455 8e-06
456 8e-06
457 0
458 0
459 0
460 4e-06
461 0
462 0
463 0
464 4e-06
465 4e-06
466 0
467 9.47152e-06
468 4e-06
469 4e-06
470 4e-06
471 0
472 0
473 0
474 0
475 1.2e-05
476 4e-06
477 8e-06
478 0
479 0
480 5.47152e-06
481 0
482 0
483 0
484 0
485 4e-06
486 0
487 0
488 4e-06
489 4e-06
490 4e-06
491 0
492 0
493 8e-06
494 0
495 4e-06
496 0
497 8e-06
498 0
499 4e-06
500 4e-06
501 4e-06
502 0
503 4e-06
504 4e-06
505 4e-06
506 0
507 0
508 0
509 8e-06
510 4e-06
511 0
512 8e-06
513 4e-06
514 4e-06
515 0
516 0
517 0
518 0
519 0
520 4e-06
521 4e-06
522 4e-06
523 0
524 0
525 4e-06
526 8e-06
527 8e-06
528 0
529 0
530 0
531 0
532 4e-06
533 4e-06
534 4e-06
535 0
536 4e-06
537 4e-06
538 0
539 0
540 0
541 4e-06
542 4e-06
543 0
544 0
545 0
546 0
547 0
548 0
549 0
550 0
551 0
552 4e-06
553 0
554 0
555 0
556 0
557 0
558 0
559 0
560 0
561 0
562 4e-06
563 0
564 0
565 0
566 0
567 4e-06
568 0
569 0
570 0
571 4e-06
572 4e-06
573 1.2e-05
574 0
575 4e-06
576 0
577 0
578 0
579 0
580 1.2e-05
581 0
582 0
583 0
584 4e-06
585 0
586 4e-06
587 4e-06
588 4e-06
589 4e-06
590 0
591 4e-06
592 0
593 0
594 4e-06
595 4e-06
596 4e-06
597 8e-06
598 0
599 0
600 0
601 4e-06
602 0
603 0
604 0
605 4e-06
606 0
607 8e-06
608 4e-06
609 0
610 4e-06
611 4e-06
612 0
613 0
614 0
615 4e-06
616 0
617 0
618 0
619 0
620 0
621 8e-06
622 1.47152e-06
623 4e-06
624 4e-06
625 0
626 8e-06
627 1.2e-05
628 0
629 0
630 8e-06
631 0
632 0
633 8e-06
634 0
635 4e-06
636 0
637 4e-06
638 4e-06
639 4e-06
640 0
641 0
642 0
643 0
644 0
645 4e-06
646 8e-06
647 4e-06
648 4e-06
649 0
650 0
651 4e-06
652 4e-06
653 4e-06
654 0
655 8e-06
656 0
657 0
658 0
659 4e-06
660 0
661 4e-06
662 0
663 8e-06
664 0
665 0
666 4e-06
667 4e-06
668 8e-06
669 8e-06
670 4e-06
671 8e-06
672 0
673 0
674 0
675 4e-06
676 4e-06
677 0
678 0
679 0
680 4e-06
681 0
682 0
683 0
684 0
685 4e-06
686 4e-06
687 4e-06
688 0
689 0
690 0
691 4e-06
692 4e-06
693 0
694 0
695 0
696 0
697 0
698 4e-06
699 0
700 0
701 4e-06
702 0
703 0
704 4e-06
705 0
706 0
707 4e-06
708 8e-06
709 0
710 0
711 0
712 4e-06
713 1.2e-05
714 4e-06
715 0
716 0
717 4e-06
718 8e-06
719 0
720 0
721 0
722 0
723 0
724 8e-06
725 0
726 0
727 4e-06
728 0
729 0
730 0
731 0
732 4e-06
733 0
734 0
735 0
736 0
737 0
738 0
739 0
740 0
741 0
742 8e-06
743 0
744 4e-06
745 0
746 4e-06
747 4e-06
748 0
749 0
750 4e-06
751 0
752 0
753 0
754 4e-06
755 0
756 4e-06
757 4e-06
758 0
759 0
760 0
761 0
762 4e-06
763 8e-06
764 8e-06
765 4e-06
766 0
767 0
768 0
769 8e-06
770 4e-06
771 4e-06
772 4e-06
773 4e-06
774 8e-06
775 0
776 0
777 0
778 4e-06
779 4e-06
780 0
781 0
782 0
783 0
784 0
785 0
786 0
787 0
788 4e-06
789 0
790 4e-06
791 0
792 0
793 0
794 0
795 4e-06
796 0
797 0
798 0
799 0
800 0
801 0
802 0
803 0
804 4e-06
805 0
806 0
807 0
808 0
809 0
810 0
811 4e-06
812 0
813 0
814 0
815 8e-06
816 4e-06
817 4e-06
818 0
819 4e-06
820 0
821 0
822 4e-06
823 4e-06
824 0
825 0
826 4e-06
827 0
828 8e-06
829 4e-06
830 0
831 4e-06
832 0
833 0
834 4e-06
835 4e-06
836 8e-06
837 4e-06
838 0
839 4e-06
840 4e-06
841 0
842 0
843 4e-06
844 8e-06
845 0
846 0
847 0
848 4e-06
849 4e-06
850 0
851 4e-06
852 4e-06
853 0
854 0
855 4e-06
856 0
857 4e-06
858 0
859 0
860 0
861 0
862 8e-06
863 0
864 0
865 0
866 0
867 0
868 4e-06
869 4e-06
870 0
871 0
872 4e-06
873 0
874 0
875 8e-06
876 0
877 0
878 0
879 0
880 0
881 0
882 0
883 0
884 0
885 0
886 0
887 0
888 0
889 4e-06
890 0
891 0
892 0
893 0
894 4e-06
895 0
896 0
897 1.2e-05
898 0
899 4e-06
900 0
901 0
902 0
903 0
904 0
905 0
906 0
907 0
908 0
909 0
910 4e-06
911 4e-06
912 4e-06
913 0
914 0
915 0
916 0
917 0
918 0
919 0
920 0
921 4e-06
922 0
923 0
924 0
925 0
926 0
927 0
928 4e-06
929 4e-06
930 0
931 0
932 0
933 8e-06
934 0
935 8e-06
936 4e-06
937 0
938 0
939 4e-06
940 4e-06
941 0
942 0
943 4e-06
944 4e-06
945 0
946 0
947 0
948 4e-06
949 4e-06
950 0
951 4e-06
952 4e-06
953 0
954 0
955 0
956 4e-06
957 1.2e-05
958 0
959 4e-06
960 4e-06
961 0
962 0
963 0
964 0
965 8e-06
966 0
967 0
968 0
969 0
970 0
971 0
972 0
973 0
974 4e-06
975 0
976 4e-06
977 0
978 4e-06
979 0
980 8e-06
981 0
982 0
983 0
984 0
985 0
986 0
987 0
988 4e-06
989 0
990 0
991 0
992 0
993 0
994 4e-06
995 0
996 0
997 0
998 0
999 0
