0 0
1 3.4e-05
2 3.4e-05
3 3.2e-05
4 2.72e-05
5 2.84e-05
6 2e-05
7 1.84e-05
8 1.32e-05
9 1.32e-05
10 1.67619e-05
11 1.4e-05
12 9.16193e-06
13 1e-05
14 7.6e-06
15 9.2e-06
16 7.56193e-06
17 7.2e-06
18 4.8e-06
19 7.6e-06
20 8e-06
21 3.6e-06
22 5.2e-06
23 5.6e-06
24 6.4e-06
25 5.2e-06
26 6.8e-06
27 5.2e-06
28 3.6e-06
29 4e-06
30 4.4e-06
31 2e-06
32 3.2e-06
33 4.4e-06
34 4e-06
35 2e-06
36 4e-06
37 4e-06
38 1.6e-06
39 4e-06
40 1.2e-06
41 4.4e-06
42 2e-06
43 2e-06
44 1.2e-06
45 0
46 2.8e-06
47 3.2e-06
48 4e-06
49 2e-06
50 3.6e-06
51 1.56193e-06
52 3.16193e-06
53 2.4e-06
54 2e-06
55 1.6e-06
56 2.8e-06
57 3.6e-06
58 2.4e-06
59 2e-06
60 2e-06
61 1.6e-06
62 1.2e-06
63 2e-06
64 1.2e-06
65 3.2e-06
66 1.6e-06
67 2e-06
68 4e-06
69 2.4e-06
70 1.6e-06
71 8e-07
72 2e-06
73 2.8e-06
74 4e-07
75 8e-07
76 1.2e-06
77 1.2e-06
78 2.4e-06
79 1.6e-06
80 2.8e-06
81 2e-06
82 2e-06
83 0
84 1.2e-06
85 1.2e-06
86 1.6e-06
87 2e-06
88 8e-07
89 2.4e-06
90 1.6e-06
91 2.4e-06
92 2.4e-06
93 3.2e-06
94 1.56193e-06
95 0
96 1.6e-06
97 4e-07
98 8e-07
99 1.2e-06
100 1.2e-06
101 1.2e-06
102 8e-07
103 8e-07
104 1.2e-06
105 8e-07
106 4e-07
107 8e-07
108 1.2e-06
109 0
110 4e-07
111 1.6e-06
112 8e-07
113 8e-07
114 1.2e-06
115 2e-06
116 4e-07
117 4e-07
118 1.6e-06
119 4e-07
120 8e-07
121 2e-06
122 8e-07
123 4e-07
124 1.6e-06
125 8e-07
126 8e-07
127 0
128 8e-07
129 4e-07
130 2e-06
131 8e-07
132 4e-07
133 4e-07
134 1.6e-06
135 1.2e-06
136 4e-07
137 4e-07
138 1.2e-06
139 2.4e-06
140 0
141 2e-06
142 0
143 1.2e-06
144 8e-07
145 2.8e-06
146 2e-06
147 1.2e-06
148 1.6e-06
149 8e-07
150 2e-06
151 7.61935e-07
152 8e-07
153 1.56193e-06
154 4e-07
155 4e-07
156 1.2e-06
157 2e-06
158 4e-07
159 8e-07
160 8e-07
161 1.2e-06
162 8e-07
163 8e-07
164 0
165 8e-07
166 8e-07
167 1.2e-06
168 0
169 1.6e-06
170 4e-07
171 4e-07
172 0
173 4e-07
174 0
175 1.2e-06
176 2e-06
177 8e-07
178 8e-07
179 0
180 4e-07
181 4e-07
182 1.2e-06
183 8e-07
184 1.2e-06
185 4e-07
186 8e-07
187 4e-07
188 1.6e-06
189 4e-07
190 8e-07
191 8e-07
192 4e-07
193 0
194 0
195 8e-07
196 4e-07
197 4e-07
198 4e-07
199 0
200 4e-07
201 1.6e-06
202 1.2e-06
203 8e-07
204 8e-07
205 4e-07
206 8e-07
207 4e-07
208 8e-07
209 8e-07
210 4e-07
211 4e-07
212 0
213 8e-07
214 0
215 0
216 8e-07
217 4e-07
218 0
219 1.2e-06
220 0
221 4e-07
222 0
223 4e-07
224 4e-07
225 4e-07
226 1.2e-06
227 1.6e-06
228 8e-07
229 1.2e-06
230 8e-07
231 8e-07
232 0
233 0
234 1.2e-06
235 0
236 4e-07
237 4e-07
238 1.2e-06
239 4e-07
240 4e-07
241 8e-07
242 8e-07
243 2e-06
244 4e-07
245 1.6e-06
246 4e-07
247 0
248 4e-07
249 1.2e-06
250 8e-07
251 4e-07
252 0
253 0
254 4e-07
255 8e-07
256 0
257 4e-07
258 8e-07
259 4e-07
260 4e-07
261 8e-07
262 4e-07
263 8e-07
264 4e-07
265 0
266 4e-07
267 4e-07
268 0
269 0
270 0
271 4e-07
272 4e-07
273 4e-07
274 4e-07
275 8e-07
276 4e-07
277 1.2e-06
278 4e-07
279 4e-07
280 1.2e-06
281 0
282 8e-07
283 4e-07
284 8e-07
285 0
286 4e-07
287 8e-07
288 8e-07
289 4e-07
290 4e-07
291 8e-07
292 0
293 1.2e-06
294 4e-07
295 0
296 4e-07
297 0
298 8e-07
299 1.2e-06
300 4e-07
301 4e-07
302 0
303 4e-07
304 4e-07
305 4e-07
306 8e-07
307 4e-07
308 0
309 4e-07
310 8e-07
311 0
312 4e-07
313 4e-07
314 0
315 0
316 8e-07
317 8e-07
318 4e-07
319 0
320 4e-07
321 8e-07
322 0
323 0
324 0
325 4e-07
326 8e-07
327 0
328 4e-07
329 0
330 0
331 0
332 0
333 0
334 0
335 0
336 4e-07
337 4e-07
338 3.61935e-07
339 0
340 0
341 0
342 4e-07
343 0
344 4e-07
345 8e-07
346 1.2e-06
347 4e-07
348 0
349 8e-07
350 4e-07
351 0
352 0
353 0
354 4e-07
355 0
356 4e-07
357 4e-07
358 8e-07
359 4e-07
360 0
361 4e-07
362 0
363 0
364 8e-07
365 1.2e-06
366 0
367 4e-07
368 8e-07
369 0
370 8e-07
371 0
372 4e-07
373 8e-07
374 4e-07
375 4e-07
376 8e-07
377 4e-07
378 0
379 8e-07
380 0
381 8e-07
382 8e-07
383 0
384 4e-07
385 4e-07
386 0
387 0
388 0
389 8e-07
390 4e-07
391 0
392 8e-07
393 4e-07
394 0
395 0
396 0
397 4e-07
398 4e-07
399 4e-07
400 0
401 4e-07
402 8e-07
403 0
404 0
405 4e-07
406 4e-07
407 0
408 4e-07
409 4e-07
410 8e-07
411 8e-07
412 8e-07
413 4e-07
414 8e-07
415 0
416 4e-07
417 4e-07
418 8e-07
419 0
420 0
421 0
422 4e-07
423 0
424 4e-07
425 4e-07
426 8e-07
427 4e-07
428 0
429 0
430 1.2e-06
431 0
432 0
433 8e-07
434 4e-07
435 0
436 0
437 4e-07
438 0
439 0
440 0
441 8e-07
442 0
443 8e-07
444 4e-07
445 0
446 4e-07
447 4e-07
448 4e-07
449 0
450 4e-07
451 0
452 0
453 8e-07
454 4e-07
455 4e-07
456 0
457 0
458 0
459 8e-07
460 4e-07
461 0
462 4e-07
463 8e-07
464 4e-07
465 4e-07
466 0
467 8e-07
468 4e-07
469 4e-07
470 0
471 0
472 0
473 4e-07
474 0
475 0
476 4e-07
477 0
478 0
479 0
480 0
481 4e-07
482 4e-07
483 0
484 0
485 0
486 0
487 0
488 4e-07
489 0
490 0
491 4e-07
492 8e-07
493 4e-07
494 0
495 0
496 0
497 0
498 0
499 4e-07
500 4e-07
501 0
502 0
503 0
504 0
505 0
506 4e-07
507 0
508 0
509 0
510 4e-07
511 0
512 0
513 4e-07
514 4e-07
515 0
516 4e-07
517 0
518 0
519 0
520 0
521 4e-07
522 8e-07
523 8e-07
524 0
525 0
526 0
527 4e-07
528 0
529 4e-07
530 0
531 0
532 0
533 4e-07
534 0
535 8e-07
536 0
537 8e-07
538 8e-07
539 4e-07
540 4e-07
541 8e-07
542 0
543 0
544 0
545 1.2e-06
546 4e-07
547 4e-07
548 0
549 0
550 0
551 4e-07
552 0
553 0
554 0
555 0
556 4e-07
557 4e-07
558 0
559 4e-07
560 0
561 0
562 0
563 4e-07
564 4e-07
565 8e-07
566 4e-07
567 0
568 0
569 0
570 4e-07
571 4e-07
572 8e-07
573 0
574 0
575 4e-07
576 0
577 4e-07
578 0
579 0
580 4e-07
581 0
582 0
583 4e-07
584 8e-07
585 0
586 4e-07
587 4e-07
588 0
589 4e-07
590 0
591 0
592 0
593 0
594 4e-07
595 4e-07
596 0
597 0
598 0
599 4e-07
600 4e-07
601 0
602 0
603 0
604 0
605 0
606 0
607 4e-07
608 0
609 0
610 4e-07
611 0
612 0
613 4e-07
614 4e-07
615 0
616 4e-07
617 0
618 0
619 0
620 0
621 4e-07
622 0
623 1.2e-06
624 0
625 4e-07
626 0
627 0
628 4e-07
629 1.2e-06
630 0
631 0
632 0
633 0
634 0
635 0
636 4e-07
637 4e-07
638 0
639 0
640 4e-07
641 8e-07
642 0
643 0
644 4e-07
645 0
646 4e-07
647 0
648 0
649 0
650 0
651 4e-07
652 7.61935e-07
653 0
654 0
655 4e-07
656 0
657 4e-07
658 0
659 0
660 0
661 0
662 0
663 4e-07
664 0
665 0
666 8e-07
667 0
668 8e-07
669 0
670 0
671 0
672 0
673 0
674 4e-07
675 0
676 0
677 0
678 0
679 4e-07
680 0
681 0
682 4e-07
683 0
684 0
685 4e-07
686 0
687 0
688 8e-07
689 4e-07
690 4e-07
691 0
692 0
693 0
694 0
695 4e-07
696 0
697 0
698 0
699 0
700 0
701 4e-07
702 0
703 4e-07
704 0
705 0
706 4e-07
707 0
708 0
709 0
710 4e-07
711 7.61935e-07
712 4e-07
713 0
714 0
715 0
716 0
717 0
718 0
719 4e-07
720 0
721 0
722 0
723 0
724 0
725 0
726 4e-07
727 0
728 0
729 4e-07
730 8e-07
731 0
732 4e-07
733 0
734 4e-07
735 4e-07
736 0
737 8e-07
738 4e-07
739 0
740 0
741 4e-07
742 4e-07
743 0
744 0
745 4e-07
746 0
747 2e-06
748 0
749 0
750 0
751 4e-07
752 3.61935e-07
753 4e-07
754 4e-07
755 0
756 0
757 0
758 0
759 8e-07
760 0
761 0
762 0
763 0
764 0
765 8e-07
766 0
767 4e-07
768 0
769 4e-07
770 4e-07
771 4e-07
772 0
773 0
774 0
775 4e-07
776 0
777 0
778 0
779 4e-07
780 1.2e-06
781 0
782 0
783 0
784 0
785 0
786 0
787 0
788 0
789 0
790 0
791 0
792 4e-07
793 0
794 0
795 0
796 0
797 8e-07
798 0
799 0
800 0
801 8e-07
802 0
803 0
804 4e-07
805 0
806 0
807 4e-07
808 4e-07
809 4e-07
810 4e-07
811 0
812 0
813 0
814 8e-07
815 0
816 0
817 0
818 4e-07
819 0
820 0
821 0
822 0
823 0
824 0
825 0
826 4e-07
827 0
828 8e-07
829 3.61935e-07
830 0
831 4e-07
832 0
833 4e-07
834 8e-07
835 0
836 4e-07
837 4e-07
838 4e-07
839 0
840 0
841 4e-07
842 4e-07
843 0
844 0
845 0
846 0
847 4e-07
848 0
849 0
850 0
851 0
852 0
853 0
854 4e-07
855 0
856 0
857 4e-07
858 0
859 0
860 0
861 0
862 0
863 0
864 8e-07
865 0
866 0
867 8e-07
868 4e-07
869 0
870 0
871 4e-07
872 0
873 0
874 0
875 0
876 0
877 4e-07
878 8e-07
879 0
880 0
881 0
882 0
883 0
884 0
885 0
886 4e-07
887 0
888 4e-07
889 0
890 0
891 0
892 0
893 4e-07
894 0
895 0
896 0
897 8e-07
898 0
899 0
900 0
901 0
902 4e-07
903 0
904 0
905 0
906 8e-07
907 0
908 0
909 0
910 4e-07
911 0
912 0
913 0
914 4e-07
915 0
916 0
917 0
918 0
919 0
920 0
921 0
922 4e-07
923 0
924 0
925 0
926 0
927 0
928 4e-07
929 4e-07
930 0
931 4e-07
932 0
933 0
934 0
935 0
936 0
937 4e-07
938 4e-07
939 0
940 0
941 4e-07
942 4e-07
943 0
944 0
945 0
946 4e-07
947 0
948 0
949 0
950 0
951 0
952 3.61935e-07
953 0
954 0
955 0
956 0
957 4e-07
958 8e-07
959 0
960 0
961 4e-07
962 0
963 0
964 0
965 8e-07
966 0
967 4e-07
968 0
969 0
970 0
971 0
972 0
973 0
974 0
975 0
976 4e-07
977 0
978 8e-07
979 0
980 0
981 4e-07
982 0
983 4e-07
984 0
985 0
986 0
987 4e-07
988 0
989 0
990 0
991 0
992 0
993 0
994 0
995 4e-07
996 0
997 4e-07
998 8e-07
999 0
