0 0
1 7.6e-05
2 0.000108
3 0.000128
4 0.000112
5 0.000116
6 0.000152
7 9.6e-05
8 0.000156
9 8.8e-05
10 8.8e-05
11 8e-05
12 0.000104
13 0.0001
14 7.6e-05
15 6.4e-05
16 5.2e-05
17 6.4e-05
18 4.4e-05
19 5.6e-05
20 4.8e-05
21 5.2e-05
22 5.2e-05
23 5.6e-05
24 4.8e-05
25 4.8e-05
26 4e-05
27 7.6e-05
28 7.2e-05
29 5.34715e-05
30 4e-05
31 3.6e-05
32 4.8e-05
33 2.4e-05
34 3.6e-05
35 2.8e-05
36 4.8e-05
37 3.6e-05
38 3.2e-05
39 8.4e-05
40 4.8e-05
41 2e-05
42 4e-05
43 4e-05
44 2e-05
45 5.6e-05
46 2.8e-05
47 5.2e-05
48 3.6e-05
49 2e-05
50 2e-05
51 3.2e-05
52 2.4e-05
53 2.8e-05
54 2e-05
55 2.4e-05
56 3.2e-05
57 4e-05
58 1.6e-05
59 1.6e-05
60 1.2e-05
61 2.4e-05
62 1.2e-05
63 1.6e-05
64 2.4e-05
65 1.6e-05
66 1.6e-05
67 1.6e-05
68 1.6e-05
69 4e-05
70 2.4e-05
71 2e-05
72 1.2e-05
73 2e-05
74 8e-06
75 8e-06
76 3.2e-05
77 2e-05
78 8e-06
79 1.2e-05
80 4e-06
81 4e-06
82 1.2e-05
83 8e-06
84 1.6e-05
85 8e-06
86 2.4e-05
87 4e-06
88 4e-06
89 1.6e-05
90 1.2e-05
91 1.6e-05
92 1.2e-05
93 1.6e-05
94 8e-06
95 2.8e-05
96 2e-05
97 8e-06
98 4e-06
99 4e-06
100 1.6e-05
101 4e-06
102 8e-06
103 4e-06
104 8e-06
105 1.2e-05
106 8e-06
107 1.6e-05
108 2.4e-05
109 1.2e-05
110 2.4e-05
111 1.6e-05
112 1.2e-05
113 1.2e-05
114 1.2e-05
115 0
116 8e-06
117 1.6e-05
118 4e-06
119 4e-06
120 1.2e-05
121 4e-06
122 8e-06
123 1.2e-05
124 1.2e-05
125 1.6e-05
126 1.6e-05
127 8e-06
128 1.2e-05
129 0
130 1.2e-05
131 8e-06
132 1.6e-05
133 1.2e-05
134 2.4e-05
135 8e-06
136 5.47152e-06
137 1.6e-05
138 8e-06
139 0
140 4e-06
141 1.6e-05
142 1.2e-05
143 8e-06
144 8e-06
145 0
146 1.2e-05
147 8e-06
148 8e-06
149 9.47152e-06
150 8e-06
151 0
152 4e-06
153 1.2e-05
154 1.2e-05
155 2e-05
156 0
157 8e-06
158 0
159 1.2e-05
160 8e-06
161 4e-06
162 1.6e-05
163 8e-06
164 0
165 8e-06
166 4e-06
167 1.2e-05
168 8e-06
169 4e-06
170 4e-06
171 4e-06
172 1.6e-05
173 1.2e-05
174 4e-06
175 4e-06
176 0
177 0
178 4e-06
179 8e-06
180 1.2e-05
181 8e-06
182 4e-06
183 1.2e-05
184 8e-06
185 8e-06
186 0
187 4e-06
188 8e-06
189 4e-06
190 4e-06
191 1.2e-05
192 1.2e-05
193 4e-06
194 0
195 8e-06
196 1.2e-05
197 1.6e-05
198 4e-06
199 1.2e-05
200 0
201 0
202 0
203 2.4e-05
204 8e-06
205 4e-06
206 1.2e-05
207 2e-05
208 4e-06
209 0
210 1.6e-05
211 1.2e-05
212 4e-06
213 1.2e-05
214 1.2e-05
215 4e-06
216 8e-06
217 0
218 4e-06
219 8e-06
220 4e-06
221 0
222 8e-06
223 0
224 4e-06
225 1.2e-05
226 4e-06
227 8e-06
228 8e-06
229 4e-06
230 0
231 4e-06
232 4e-06
233 0
234 8e-06
235 4e-06
236 0
237 8e-06
238 2e-05
239 0
240 4e-06
241 1.2e-05
242 0
243 8e-06
244 8e-06
245 4e-06
246 1.2e-05
247 0
248 4e-06
249 4e-06
250 8e-06
251 4e-06
252 4e-06
253 8e-06
254 4e-06
255 0
256 4e-06
257 4e-06
258 0
259 4e-06
260 0
261 0
262 4e-06
263 4e-06
264 8e-06
265 8e-06
266 0
267 8e-06
268 1.6e-05
269 4e-06
270 0
271 8e-06
272 0
273 4e-06
274 4e-06
275 0
276 8e-06
277 0
278 8e-06
279 4e-06
280 0
281 1.2e-05
282 0
283 8e-06
284 0
285 8e-06
286 4e-06
287 8e-06
288 0
289 4e-06
290 0
291 4e-06
292 0
293 4e-06
294 1.6e-05
295 1.2e-05
296 4e-06
297 4e-06
298 8e-06
299 4e-06
300 1.2e-05
301 4e-06
302 4e-06
303 1.6e-05
304 4e-06
305 0
306 0
307 1.2e-05
308 0
309 4e-06
310 8e-06
311 0
312 0
313 1.2e-05
314 4e-06
315 4e-06
316 0
317 8e-06
318 8e-06
319 4e-06
320 8e-06
321 0
322 4e-06
323 1.2e-05
324 1.2e-05
325 0
326 0
327 8e-06
328 0
329 0
330 8e-06
331 0
332 0
333 8e-06
334 4e-06
335 0
336 8e-06
337 4e-06
338 8e-06
339 4e-06
340 0
341 0
342 0
343 4e-06
344 4e-06
345 0
346 0
347 4e-06
348 4e-06
349 4e-06
350 4e-06
351 4e-06
352 4e-06
353 0
354 0
355 4e-06
356 0
357 0
358 0
359 8e-06
360 4e-06
361 0
362 0
363 4e-06
364 0
365 1.2e-05
366 8e-06
367 4e-06
368 0
369 8e-06
370 4e-06
371 0
372 4e-06
373 4e-06
374 0
375 0
376 4e-06
377 4e-06
378 4e-06
379 4e-06
380 8e-06
381 1.2e-05
382 0
383 0
384 4e-06
385 4e-06
386 1.2e-05
387 0
388 4e-06
389 4e-06
390 0
391 4e-06
392 0
393 0
394 1.2e-05
395 8e-06
396 4e-06
397 0
398 1.2e-05
399 4e-06
400 0
401 4e-06
402 0
403 0
404 4e-06
405 0
406 4e-06
407 1.2e-05
408 4e-06
409 0
410 8e-06
411 4e-06
412 0
413 0
414 4e-06
415 0
416 4e-06
417 4e-06
418 4e-06
419 0
420 4e-06
421 4e-06
422 4e-06
423 4e-06
424 8e-06
425 0
426 8e-06
427 1.2e-05
428 0
429 0
430 0
431 0
432 0
433 4e-06
434 4e-06
435 4e-06
436 4e-06
437 8e-06
438 4e-06
439 8e-06
440 4e-06
441 4e-06
442 0
443 0
444 0
445 8e-06
446 4e-06
447 0
448 0
449 4e-06
450 1.2e-05
451 8e-06
452 1.2e-05
453 0
454 4e-06
455 8e-06
456 4e-06
457 1.2e-05
458 0
459 8e-06
460 0
461 4e-06
462 0
463 4e-06
464 8e-06
465 0
466 0
467 0
468 0
469 4e-06
470 4e-06
471 0
472 8e-06
473 4e-06
474 4e-06
475 0
476 4e-06
477 0
478 4e-06
479 4e-06
480 0
481 0
482 4e-06
483 8e-06
484 4e-06
485 4e-06
486 0
487 8e-06
488 0
489 4e-06
490 4e-06
491 4e-06
492 0
493 0
494 0
495 4e-06
496 4e-06
497 8e-06
498 4e-06
499 4e-06
500 0
501 4e-06
502 0
503 0
504 0
505 0
506 0
507 0
508 4e-06
509 8e-06
510 4e-06
511 4e-06
512 4e-06
513 8e-06
514 4e-06
515 0
516 0
517 4e-06
518 0
519 4e-06
520 0
521 8e-06
522 4e-06
523 4e-06
524 4e-06
525 0
526 0
527 0
528 4e-06
529 0
530 0
531 0
532 0
533 8e-06
534 0
535 4e-06
536 0
537 4e-06
538 0
539 0
540 0
541 0
542 0
543 0
544 0
545 0
546 4e-06
547 0
548 0
549 0
550 0
551 4e-06
552 8e-06
553 0
554 0
555 8e-06
556 0
557 4e-06
558 0
559 4e-06
560 8e-06
561 4e-06
562 0
563 4e-06
564 0
565 4e-06
566 0
567 0
568 0
569 4e-06
570 4e-06
571 0
572 0
573 1.2e-05
574 0
575 0
576 0
577 4e-06
578 0
579 0
580 0
581 4e-06
582 4e-06
583 0
584 0
585 4e-06
586 4e-06
587 0
588 4e-06
589 4e-06
590 0
591 0
592 0
593 0
594 4e-06
595 4e-06
596 4e-06
597 8e-06
598 1.2e-05
599 4e-06
600 0
601 4e-06
602 0
603 0
604 0
605 4e-06
606 0
607 0
608 0
609 0
610 8e-06
611 4e-06
612 0
613 8e-06
614 0
615 8e-06
616 0
617 0
618 0
619 8e-06
620 0
621 0
622 0
623 4e-06
624 0
625 0
626 4e-06
627 0
628 0
629 0
630 0
631 0
632 0
633 0
634 0
635 0
636 0
637 4e-06
638 0
639 0
640 4e-06
641 0
642 0
643 4e-06
644 0
645 4e-06
646 4e-06
647 4e-06
648 8e-06
649 0
650 0
651 4e-06
652 0
653 0
654 0
655 0
656 0
657 0
658 0
659 8e-06
660 4e-06
661 0
662 0
663 8e-06
664 4e-06
665 0
666 4e-06
667 4e-06
668 0
669 4e-06
670 8e-06
671 0
672 0
673 0
674 4e-06
675 8e-06
676 0
677 0
678 0
679 0
680 0
681 1.2e-05
682 0
683 4e-06
684 4e-06
685 0
686 0
687 4e-06
688 0
689 0
690 0
691 0
692 0
693 4e-06
694 0
695 0
696 4e-06
697 0
698 4e-06
699 4e-06
700 0
701 4e-06
702 0
703 0
704 4e-06
705 8e-06
706 4e-06
707 4e-06
708 4e-06
709 0
710 0
711 4e-06
712 0
713 0
714 4e-06
715 0
716 0
717 4e-06
718 0
719 0
720 4e-06
721 0
722 0
723 4e-06
724 0
725 0
726 0
727 0
728 0
729 0
730 0
731 0
732 0
733 0
734 0
735 0
736 4e-06
737 0
738 0
739 4e-06
740 4e-06
741 4e-06
742 8e-06
743 0
744 0
745 0
746 0
747 0
748 4e-06
749 0
750 4e-06
751 0
752 4e-06
753 0
754 0
755 0
756 8e-06
757 0
758 0
759 4e-06
760 4e-06
761 4e-06
762 8e-06
763 4e-06
764 4e-06
765 0
766 0
767 0
768 4e-06
769 0
770 0
771 4e-06
772 0
773 0
774 0
775 4e-06
776 8e-06
777 0
778 0
779 5.47152e-06
780 0
781 4e-06
782 4e-06
783 0
784 4e-06
785 0
786 0
787 0
788 4e-06
789 0
790 0
791 4e-06
792 4e-06
793 0
794 4e-06
795 0
796 4e-06
797 0
798 0
799 4e-06
800 0
801 0
802 4e-06
803 0
804 0
805 0
806 0
807 4e-06
808 0
809 0
810 4e-06
811 0
812 0
813 0
814 0
815 4e-06
816 0
817 4e-06
818 0
819 0
820 0
821 0
822 0
823 0
824 4e-06
825 0
826 0
827 0
828 0
829 4e-06
830 0
831 0
832 0
833 0
834 0
835 0
836 4e-06
837 0
838 4e-06
839 0
840 0
841 0
842 0
843 4e-06
844 4e-06
845 0
846 4e-06
847 0
848 0
849 0
850 0
851 0
852 0
853 4e-06
854 4e-06
855 4e-06
856 0
857 0
858 0
859 0
860 0
861 0
862 0
863 4e-06
864 0
865 4e-06
866 0
867 0
868 4e-06
869 0
870 0
871 0
872 0
873 4e-06
874 0
875 0
876 0
877 0
878 0
879 0
880 0
881 0
882 0
883 0
884 0
885 4e-06
886 4e-06
887 0
888 0
889 0
890 4e-06
891 0
892 0
893 0
894 0
895 0
896 4e-06
897 0
898 0
899 0
900 4e-06
901 0
902 0
903 4e-06
904 0
905 0
906 4e-06
907 0
908 0
909 0
910 0
911 4e-06
912 0
913 4e-06
914 0
915 4e-06
916 0
917 4e-06
918 0
919 0
920 0
921 4e-06
922 0
923 0
924 0
925 4e-06
926 4e-06
927 4e-06
928 0
929 0
930 0
931 0
932 0
933 0
934 0
935 8e-06
936 0
937 4e-06
938 0
939 4e-06
940 0
941 8e-06
942 0
943 0
944 0
945 0
946 0
947 0
948 8e-06
949 0
950 0
951 0
952 4e-06
953 0
954 0
955 0
956 0
957 0
958 0
959 0
960 0
961 0
962 0
963 0
964 0
965 0
966 0
967 0
968 0
969 0
970 0
971 0
972 0
973 0
974 0
975 4e-06
976 0
977 8e-06
978 0
979 0
980 4e-06
981 4e-06
982 0
983 0
984 4e-06
985 0
986 4e-06
987 0
988 0
989 0
990 0
991 0
992 4e-06
993 4e-06
994 0
995 0
996 0
997 0
998 4e-06
999 0
