0 0
1 0
2 0
3 4e-07
4 4e-07
5 0
6 1.2e-06
7 1.6e-06
8 8e-07
9 2e-06
10 8e-07
11 2e-06
12 1.6e-06
13 8e-07
14 8e-07
15 8e-07
16 1.2e-06
17 2e-06
18 2e-06
19 3.2e-06
20 2.8e-06
21 2.4e-06
22 2.8e-06
23 8e-07
24 2e-06
25 3.2e-06
26 2.4e-06
27 2.4e-06
28 3.2e-06
29 2.4e-06
30 2.8e-06
31 2.8e-06
32 3.6e-06
33 1.2e-06
34 1.2e-06
35 3.2e-06
36 2e-06
37 2.8e-06
38 2.4e-06
39 2e-06
40 3.2e-06
41 2e-06
42 2.8e-06
43 3.2e-06
44 3.6e-06
45 1.2e-06
46 2.4e-06
47 1.2e-06
48 1.2e-06
49 1.6e-06
50 1.6e-06
51 1.6e-06
52 1.6e-06
53 2.8e-06
54 0
55 2e-06
56 1.2e-06
57 8e-07
58 1.6e-06
59 4e-07
60 2.4e-06
61 8e-07
62 1.6e-06
63 1.2e-06
64 1.6e-06
65 1.2e-06
66 2.4e-06
67 2.4e-06
68 1.6e-06
69 2e-06
70 2e-06
71 1.2e-06
72 1.2e-06
73 1.6e-06
74 3.2e-06
75 8e-07
76 1.2e-06
77 2e-06
78 2.4e-06
79 8e-07
80 1.6e-06
81 2.4e-06
82 8e-07
83 1.2e-06
84 1.6e-06
85 1.2e-06
86 8e-07
87 1.2e-06
88 8e-07
89 3.56193e-06
90 3.6e-06
91 8e-07
92 8e-07
93 0
94 4e-07
95 4e-07
96 1.6e-06
97 0
98 1.2e-06
99 3.2e-06
100 4e-07
101 2e-06
102 1.2e-06
103 2e-06
104 8e-07
105 4e-07
106 8e-07
107 2e-06
108 0
109 1.2e-06
110 8e-07
111 0
112 8e-07
113 1.6e-06
114 2e-06
115 8e-07
116 8e-07
117 1.2e-06
118 8e-07
119 1.6e-06
120 8e-07
121 1.2e-06
122 1.6e-06
123 8e-07
124 4e-07
125 4e-07
126 1.6e-06
127 1.96193e-06
128 4e-07
129 1.2e-06
130 8e-07
131 8e-07
132 1.2e-06
133 8e-07
134 1.2e-06
135 4e-07
136 4e-07
137 4e-07
138 2e-06
139 8e-07
140 0
141 4e-07
142 8e-07
143 8e-07
144 8e-07
145 1.6e-06
146 4e-07
147 4e-07
148 8e-07
149 4e-07
150 4e-07
151 8e-07
152 1.2e-06
153 4e-07
154 8e-07
155 1.2e-06
156 8e-07
157 4e-07
158 4e-07
159 1.6e-06
160 8e-07
161 1.2e-06
162 0
163 0
164 8e-07
165 0
166 4e-07
167 0
168 4e-07
169 4e-07
170 4e-07
171 8e-07
172 4e-07
173 1.2e-06
174 4e-07
175 3.61935e-07
176 1.6e-06
177 4e-07
178 4e-07
179 0
180 8e-07
181 1.2e-06
182 2.4e-06
183 8e-07
184 1.2e-06
185 4e-07
186 0
187 1.2e-06
188 2e-06
189 0
190 1.6e-06
191 0
192 8e-07
193 4e-07
194 0
195 4e-07
196 8e-07
197 8e-07
198 4e-07
199 8e-07
200 1.2e-06
201 4e-07
202 4e-07
203 4e-07
204 4e-07
205 8e-07
206 8e-07
207 4e-07
208 8e-07
209 4e-07
210 4e-07
211 8e-07
212 8e-07
213 4e-07
214 4e-07
215 8e-07
216 8e-07
217 0
218 0
219 8e-07
220 0
221 0
222 8e-07
223 8e-07
224 1.2e-06
225 1.2e-06
226 0
227 8e-07
228 4e-07
229 0
230 4e-07
231 1.2e-06
232 8e-07
233 8e-07
234 4e-07
235 8e-07
236 8e-07
237 0
238 8e-07
239 4e-07
240 4e-07
241 8e-07
242 4e-07
243 8e-07
244 4e-07
245 4e-07
246 0
247 4e-07
248 4e-07
249 4e-07
250 0
251 1.6e-06
252 8e-07
253 4e-07
254 4e-07
255 4e-07
256 8e-07
257 0
258 0
259 0
260 0
261 1.6e-06
262 1.2e-06
263 4e-07
264 4e-07
265 0
266 4e-07
267 8e-07
268 8e-07
269 8e-07
270 0
271 0
272 0
273 0
274 4e-07
275 4e-07
276 4e-07
277 4e-07
278 8e-07
279 4e-07
280 0
281 0
282 8e-07
283 0
284 0
285 8e-07
286 4e-07
287 4e-07
288 4e-07
289 1.2e-06
290 4e-07
291 8e-07
292 0
293 0
294 0
295 4e-07
296 8e-07
297 0
298 8e-07
299 4e-07
300 4e-07
301 0
302 1.6e-06
303 4e-07
304 8e-07
305 1.2e-06
306 4e-07
307 4e-07
308 0
309 4e-07
310 0
311 4e-07
312 8e-07
313 0
314 1.2e-06
315 0
316 7.61935e-07
317 0
318 8e-07
319 0
320 0
321 8e-07
322 0
323 4e-07
324 8e-07
325 4e-07
326 4e-07
327 8e-07
328 0
329 1.2e-06
330 0
331 4e-07
332 4e-07
333 0
334 8e-07
335 8e-07
336 0
337 8e-07
338 0
339 1.6e-06
340 8e-07
341 0
342 4e-07
343 1.6e-06
344 8e-07
345 4e-07
346 0
347 8e-07
348 8e-07
349 0
350 0
351 0
352 1.2e-06
353 0
354 0
355 0
356 4e-07
357 3.61935e-07
358 0
359 4e-07
360 0
361 4e-07
362 0
363 8e-07
364 0
365 4e-07
366 4e-07
367 4e-07
368 8e-07
369 0
370 0
371 0
372 0
373 8e-07
374 0
375 4e-07
376 8e-07
377 0
378 0
379 0
380 0
381 4e-07
382 4e-07
383 0
384 4e-07
385 4e-07
386 4e-07
387 4e-07
388 1.2e-06
389 0
390 0
391 0
392 8e-07
393 1.2e-06
394 4e-07
395 0
396 0
397 4e-07
398 8e-07
399 0
400 1.6e-06
401 0
402 1.2e-06
403 0
404 0
405 0
406 0
407 4e-07
408 4e-07
409 0
410 4e-07
411 0
412 0
413 8e-07
414 0
415 4e-07
416 4e-07
417 0
418 0
419 4e-07
420 4e-07
421 8e-07
422 4e-07
423 0
424 4e-07
425 1.2e-06
426 0
427 8e-07
428 0
429 0
430 0
431 0
432 4e-07
433 0
434 0
435 0
436 0
437 0
438 4e-07
439 0
440 4e-07
441 0
442 8e-07
443 4e-07
444 0
445 0
446 4e-07
447 0
448 0
449 4e-07
450 0
451 4e-07
452 4e-07
453 0
454 0
455 8e-07
456 8e-07
457 0
458 0
459 0
460 4e-07
461 0
462 0
463 0
464 4e-07
465 4e-07
466 0
467 1.16193e-06
468 4e-07
469 4e-07
470 4e-07
471 0
472 0
473 0
474 0
475 1.2e-06
476 4e-07
477 8e-07
478 0
479 0
480 7.61935e-07
481 0
482 0
483 0
484 0
485 4e-07
486 0
487 0
488 4e-07
489 4e-07
490 4e-07
491 0
492 0
493 8e-07
494 0
495 4e-07
496 0
497 8e-07
498 0
499 4e-07
500 4e-07
501 4e-07
502 0
503 4e-07
504 4e-07
505 4e-07
506 0
507 0
508 0
509 8e-07
510 4e-07
511 0
512 8e-07
513 4e-07
514 4e-07
515 0
516 0
517 0
518 0
519 0
520 4e-07
521 4e-07
522 4e-07
523 0
524 0
525 4e-07
526 8e-07
527 8e-07
528 0
529 0
530 0
531 0
532 4e-07
533 4e-07
534 4e-07
535 0
536 4e-07
537 4e-07
538 0
539 0
540 0
541 4e-07
542 4e-07
543 0
544 0
545 0
546 0
547 0
548 0
549 0
550 0
551 0
552 4e-07
553 0
554 0
555 0
556 0
557 0
558 0
559 0
560 0
561 0
562 4e-07
563 0
564 0
565 0
566 0
567 4e-07
568 0
569 0
570 0
571 4e-07
572 4e-07
573 1.2e-06
574 0
575 4e-07
576 0
577 0
578 0
579 0
580 1.2e-06
581 0
582 0
583 0
584 4e-07
585 0
586 4e-07
587 4e-07
588 4e-07
589 4e-07
590 0
591 4e-07
592 0
593 0
594 4e-07
595 4e-07
596 4e-07
597 8e-07
598 0
599 0
600 0
601 4e-07
602 0
603 0
604 0
605 4e-07
606 0
607 8e-07
608 4e-07
609 0
610 4e-07
611 4e-07
612 0
613 0
614 0
615 4e-07
616 0
617 0
618 0
619 0
620 0
621 8e-07
622 3.61935e-07
623 4e-07
624 4e-07
625 0
626 8e-07
627 1.2e-06
628 0
629 0
630 8e-07
631 0
632 0
633 8e-07
634 0
635 4e-07
636 0
637 4e-07
638 4e-07
639 4e-07
640 0
641 0
642 0
643 0
644 0
645 4e-07
646 8e-07
647 4e-07
648 4e-07
649 0
650 0
651 4e-07
652 4e-07
653 4e-07
654 0
655 8e-07
656 0
657 0
658 0
659 4e-07
660 0
661 4e-07
662 0
663 8e-07
664 0
665 0
666 4e-07
667 4e-07
668 8e-07
669 8e-07
670 4e-07
671 8e-07
672 0
673 0
674 0
675 4e-07
676 4e-07
677 0
678 0
679 0
680 4e-07
681 0
682 0
683 0
684 0
685 4e-07
686 4e-07
687 4e-07
688 0
689 0
690 0
691 4e-07
692 4e-07
693 0
694 0
695 0
696 0
697 0
698 4e-07
699 0
700 0
701 4e-07
702 0
703 0
704 4e-07
705 0
706 0
707 4e-07
708 8e-07
709 0
710 0
711 0
712 4e-07
713 1.2e-06
714 4e-07
715 0
716 0
717 4e-07
718 8e-07
719 0
720 0
721 0
722 0
723 0
724 8e-07
725 0
726 0
727 4e-07
728 0
729 0
730 0
731 0
732 4e-07
733 0
734 0
735 0
736 0
737 0
738 0
739 0
740 0
741 0
742 8e-07
743 0
744 4e-07
745 0
746 4e-07
747 4e-07
748 0
749 0
750 4e-07
751 0
752 0
753 0
754 4e-07
755 0
756 4e-07
757 4e-07
758 0
759 0
760 0
761 0
762 4e-07
763 8e-07
764 8e-07
765 4e-07
766 0
767 0
768 0
769 8e-07
770 4e-07
771 4e-07
772 4e-07
773 4e-07
774 8e-07
775 0
776 0
777 0
778 4e-07
779 4e-07
780 0
781 0
782 0
783 0
784 0
785 0
786 0
787 0
788 4e-07
789 0
790 4e-07
791 0
792 0
793 0
794 0
795 4e-07
796 0
797 0
798 0
799 0
800 0
801 0
802 0
803 0
804 4e-07
805 0
806 0
807 0
808 0
809 0
810 0
811 4e-07
812 0
813 0
814 0
815 8e-07
816 4e-07
817 4e-07
818 0
819 4e-07
820 0
821 0
822 4e-07
823 4e-07
824 0
825 0
826 4e-07
827 0
828 8e-07
829 4e-07
830 0
831 4e-07
832 0
833 0
834 4e-07
835 4e-07
836 8e-07
837 4e-07
838 0
839 4e-07
840 4e-07
841 0
842 0
843 4e-07
844 8e-07
845 0
846 0
847 0
848 4e-07
849 4e-07
850 0
851 4e-07
852 4e-07
853 0
854 0
855 4e-07
856 0
857 4e-07
858 0
859 0
860 0
861 0
862 8e-07
863 0
864 0
865 0
866 0
867 0
868 4e-07
869 4e-07
870 0
871 0
872 4e-07
873 0
874 0
875 8e-07
876 0
877 0
878 0
879 0
880 0
881 0
882 0
883 0
884 0
885 0
886 0
887 0
888 0
889 4e-07
890 0
891 0
892 0
893 0
894 4e-07
895 0
896 0
897 1.2e-06
898 0
899 4e-07
900 0
901 0
902 0
903 0
904 0
905 0
906 0
907 0
908 0
909 0
910 4e-07
911 4e-07
912 4e-07
913 0
914 0
915 0
916 0
917 0
918 0
919 0
920 0
921 4e-07
922 0
923 0
924 0
925 0
926 0
927 0
928 4e-07
929 4e-07
930 0
931 0
932 0
933 8e-07
934 0
935 8e-07
936 4e-07
937 0
938 0
939 4e-07
940 4e-07
941 0
942 0
943 4e-07
944 4e-07
945 0
946 0
947 0
948 4e-07
949 4e-07
950 0
951 4e-07
952 4e-07
953 0
954 0
955 0
956 4e-07
957 1.2e-06
958 0
959 4e-07
960 4e-07
961 0
962 0
963 0
964 0
965 8e-07
966 0
967 0
968 0
969 0
970 0
971 0
972 0
973 0
974 4e-07
975 0
976 4e-07
977 0
978 4e-07
979 0
980 8e-07
981 0
982 0
983 0
984 0
985 0
986 0
987 0
988 4e-07
989 0
990 0
991 0
992 0
993 0
994 4e-07
995 0
996 0
997 0
998 0
999 0
