0 0
1 0.0012
2 0.000668
3 0.000448
4 0.000296
5 0.00022
6 0.0002
7 0.000184
8 0.000172
9 0.000112
10 0.000136
11 0.000112
12 9.6e-05
13 8.4e-05
14 7.6e-05
15 7.6e-05
16 0.000132
17 3.2e-05
18 8.4e-05
19 6.14715e-05
20 7.2e-05
21 5.2e-05
22 5.2e-05
23 6.14715e-05
24 3.6e-05
25 5.2e-05
26 6.4e-05
27 5.6e-05
28 6e-05
29 4.4e-05
30 3.2e-05
31 6e-05
32 2.8e-05
33 2e-05
34 4e-05
35 5.2e-05
36 3.6e-05
37 4.4e-05
38 4.8e-05
39 1.6e-05
40 4e-05
41 1.6e-05
42 4e-05
43 2.8e-05
44 1.6e-05
45 4e-05
46 3.0943e-05
47 1.2e-05
48 3.2e-05
49 1.2e-05
50 1.2e-05
51 2e-05
52 1.2e-05
53 3.2e-05
54 5.34715e-05
55 3.2e-05
56 1.74715e-05
57 2.8e-05
58 5.47152e-06
59 2.8e-05
60 8e-06
61 1.6e-05
62 3.2e-05
63 2e-05
64 1.2e-05
65 2e-05
66 1.2e-05
67 2e-05
68 2.8e-05
69 1.2e-05
70 2.4e-05
71 2e-05
72 4e-06
73 0
74 3.6e-05
75 3.2e-05
76 8e-06
77 1.34715e-05
78 1.6e-05
79 1.2e-05
80 1.2e-05
81 4e-06
82 1.2e-05
83 2e-05
84 8e-06
85 2e-05
86 2.8e-05
87 2e-05
88 1.2e-05
89 1.2e-05
90 8e-06
91 4e-06
92 1.2e-05
93 8e-06
94 8e-06
95 2.4e-05
96 2e-05
97 1.2e-05
98 8e-06
99 0
100 8e-06
101 2.4e-05
102 1.2e-05
103 2.4e-05
104 2e-05
105 1.2e-05
106 1.6e-05
107 8e-06
108 1.2e-05
109 1.2e-05
110 1.6e-05
111 8e-06
112 4e-06
113 4e-06
114 1.2e-05
115 8e-06
116 8e-06
117 2e-05
118 4e-06
119 4e-06
120 1.6e-05
121 4e-06
122 1.2e-05
123 8e-06
124 1.6e-05
125 1.2e-05
126 2.4e-05
127 8e-06
128 4e-06
129 8e-06
130 4e-06
131 1.2e-05
132 0
133 8e-06
134 4e-06
135 8e-06
136 4e-06
137 8e-06
138 1.2e-05
139 4e-06
140 8e-06
141 1.2e-05
142 0
143 0
144 8e-06
145 1.2e-05
146 1.34715e-05
147 4e-06
148 4e-06
149 2e-05
150 0
151 1.2e-05
152 1.6e-05
153 2e-05
154 4e-06
155 4e-06
156 2e-05
157 4e-06
158 0
159 4e-06
160 4e-06
161 4e-06
162 4e-06
163 8e-06
164 4e-06
165 8e-06
166 4e-06
167 8e-06
168 1.2e-05
169 8e-06
170 0
171 1.2e-05
172 1.2e-05
173 4e-06
174 4e-06
175 1.2e-05
176 8e-06
177 4e-06
178 4e-06
179 4e-06
180 8e-06
181 1.6e-05
182 8e-06
183 9.47152e-06
184 0
185 0
186 4e-06
187 1.6e-05
188 4e-06
189 1.2e-05
190 8e-06
191 1.6e-05
192 0
193 4e-06
194 8e-06
195 4e-06
196 1.2e-05
197 0
198 1.6e-05
199 1.6e-05
200 4e-06
201 8e-06
202 1.2e-05
203 4e-06
204 1.6e-05
205 1.2e-05
206 1.2e-05
207 8e-06
208 4e-06
209 4e-06
210 8e-06
211 4e-06
212 0
213 1.2e-05
214 1.2e-05
215 4e-06
216 4e-06
217 0
218 0
219 4e-06
220 1.6e-05
221 1.2e-05
222 0
223 8e-06
224 1.2e-05
225 8e-06
226 4e-06
227 8e-06
228 8e-06
229 4e-06
230 8e-06
231 0
232 0
233 4e-06
234 8e-06
235 0
236 8e-06
237 8e-06
238 0
239 8e-06
240 1.6e-05
241 4e-06
242 0
243 8e-06
244 4e-06
245 1.2e-05
246 4e-06
247 4e-06
248 1.2e-05
249 0
250 0
251 0
252 0
253 8e-06
254 0
255 4e-06
256 0
257 1.2e-05
258 8e-06
259 8e-06
260 4e-06
261 8e-06
262 4e-06
263 4e-06
264 8e-06
265 0
266 4e-06
267 4e-06
268 4e-06
269 5.47152e-06
270 8e-06
271 4e-06
272 4e-06
273 4e-06
274 0
275 0
276 4e-06
277 0
278 0
279 1.2e-05
280 4e-06
281 4e-06
282 4e-06
283 1.2e-05
284 1.2e-05
285 1.6e-05
286 8e-06
287 4e-06
288 9.47152e-06
289 4e-06
290 8e-06
291 4e-06
292 8e-06
293 4e-06
294 4e-06
295 4e-06
296 4e-06
297 0
298 4e-06
299 0
300 1.2e-05
301 0
302 4e-06
303 4e-06
304 4e-06
305 4e-06
306 0
307 1.2e-05
308 4e-06
309 0
310 0
311 4e-06
312 8e-06
313 4e-06
314 1.2e-05
315 0
316 4e-06
317 4e-06
318 8e-06
319 4e-06
320 8e-06
321 4e-06
322 4e-06
323 8e-06
324 0
325 8e-06
326 4e-06
327 0
328 4e-06
329 0
330 0
331 0
332 0
333 0
334 4e-06
335 0
336 0
337 0
338 0
339 0
340 0
341 0
342 8e-06
343 8e-06
344 8e-06
345 4e-06
346 0
347 0
348 8e-06
349 1.2e-05
350 8e-06
351 1.47152e-06
352 0
353 4e-06
354 4e-06
355 4e-06
356 4e-06
357 0
358 0
359 0
360 0
361 0
362 0
363 1.2e-05
364 0
365 1.2e-05
366 4e-06
367 4e-06
368 0
369 8e-06
370 1.2e-05
371 8e-06
372 0
373 0
374 0
375 4e-06
376 8e-06
377 4e-06
378 0
379 8e-06
380 0
381 0
382 0
383 0
384 4e-06
385 0
386 0
387 0
388 0
389 4e-06
390 4e-06
391 4e-06
392 0
393 4e-06
394 1.2e-05
395 4e-06
396 0
397 0
398 8e-06
399 0
400 0
401 0
402 0
403 8e-06
404 0
405 8e-06
406 4e-06
407 0
408 0
409 4e-06
410 0
411 4e-06
412 8e-06
413 0
414 4e-06
415 0
416 4e-06
417 0
418 0
419 8e-06
420 0
421 0
422 4e-06
423 0
424 0
425 0
426 0
427 0
428 4e-06
429 4e-06
430 1.2e-05
431 8e-06
432 0
433 0
434 0
435 0
436 4e-06
437 0
438 0
439 0
440 0
441 4e-06
442 0
443 0
444 4e-06
445 8e-06
446 8e-06
447 4e-06
448 0
449 8e-06
450 4e-06
451 0
452 8e-06
453 0
454 4e-06
455 0
456 0
457 4e-06
458 4e-06
459 0
460 8e-06
461 0
462 4e-06
463 4e-06
464 4e-06
465 4e-06
466 8e-06
467 0
468 4e-06
469 0
470 0
471 8e-06
472 0
473 8e-06
474 0
475 0
476 5.47152e-06
477 4e-06
478 4e-06
479 8e-06
480 0
481 0
482 0
483 4e-06
484 4e-06
485 0
486 0
487 1.2e-05
488 0
489 4e-06
490 1.2e-05
491 4e-06
492 0
493 0
494 0
495 0
496 8e-06
497 4e-06
498 8e-06
499 0
500 1.2e-05
501 0
502 4e-06
503 4e-06
504 4e-06
505 4e-06
506 4e-06
507 0
508 8e-06
509 8e-06
510 0
511 4e-06
512 8e-06
513 0
514 0
515 0
516 4e-06
517 0
518 0
519 0
520 0
521 0
522 4e-06
523 0
524 4e-06
525 4e-06
526 0
527 0
528 0
529 4e-06
530 0
531 0
532 4e-06
533 4e-06
534 4e-06
535 0
536 0
537 8e-06
538 0
539 4e-06
540 8e-06
541 0
542 4e-06
543 0
544 4e-06
545 4e-06
546 0
547 0
548 0
549 0
550 1.2e-05
551 8e-06
552 4e-06
553 0
554 0
555 0
556 0
557 0
558 0
559 4e-06
560 4e-06
561 0
562 8e-06
563 0
564 0
565 0
566 4e-06
567 0
568 0
569 0
570 0
571 4e-06
572 0
573 0
574 0
575 0
576 0
577 0
578 0
579 4e-06
580 4e-06
581 0
582 4e-06
583 0
584 0
585 1.6e-05
586 0
587 4e-06
588 4e-06
589 0
590 4e-06
591 4e-06
592 4e-06
593 0
594 0
595 4e-06
596 8e-06
597 0
598 4e-06
599 0
600 0
601 0
602 4e-06
603 0
604 4e-06
605 0
606 4e-06
607 1.2e-05
608 0
609 8e-06
610 0
611 1.6e-05
612 0
613 4e-06
614 0
615 0
616 0
617 8e-06
618 8e-06
619 0
620 0
621 0
622 4e-06
623 0
624 0
625 0
626 0
627 4e-06
628 8e-06
629 0
630 0
631 0
632 0
633 4e-06
634 0
635 4e-06
636 0
637 0
638 0
639 4e-06
640 4e-06
641 8e-06
642 4e-06
643 4e-06
644 0
645 0
646 0
647 0
648 4e-06
649 0
650 4e-06
651 4e-06
652 0
653 4e-06
654 0
655 8e-06
656 0
657 0
658 0
659 8e-06
660 0
661 0
662 4e-06
663 0
664 8e-06
665 4e-06
666 0
667 8e-06
668 4e-06
669 0
670 8e-06
671 0
672 8e-06
673 0
674 0
675 0
676 0
677 4e-06
678 0
679 0
680 4e-06
681 0
682 4e-06
683 4e-06
684 0
685 0
686 0
687 0
688 4e-06
689 4e-06
690 0
691 4e-06
692 4e-06
693 0
694 0
695 4e-06
696 0
697 0
698 4e-06
699 0
700 0
701 0
702 0
703 0
704 0
705 0
706 4e-06
707 0
708 0
709 0
710 8e-06
711 4e-06
712 0
713 0
714 8e-06
715 0
716 0
717 4e-06
718 4e-06
719 0
720 0
721 0
722 4e-06
723 8e-06
724 0
725 4e-06
726 4e-06
727 0
728 0
729 0
730 0
731 0
732 0
733 0
734 4e-06
735 0
736 0
737 4e-06
738 1.2e-05
739 0
740 4e-06
741 0
742 8e-06
743 4e-06
744 0
745 0
746 0
747 0
748 0
749 0
750 0
751 4e-06
752 0
753 4e-06
754 4e-06
755 0
756 0
757 4e-06
758 0
759 0
760 4e-06
761 8e-06
762 4e-06
763 0
764 0
765 4e-06
766 0
767 0
768 0
769 0
770 0
771 0
772 0
773 0
774 4e-06
775 0
776 4e-06
777 0
778 4e-06
779 0
780 0
781 0
782 0
783 0
784 0
785 0
786 4e-06
787 0
788 4e-06
789 0
790 0
791 0
792 0
793 0
794 0
795 0
796 4e-06
797 0
798 0
799 0
800 0
801 4e-06
802 0
803 4e-06
804 4e-06
805 0
806 0
807 0
808 0
809 4e-06
810 0
811 4e-06
812 0
813 0
814 0
815 0
816 0
817 4e-06
818 1.2e-05
819 0
820 4e-06
821 0
822 0
823 0
824 0
825 0
826 0
827 0
828 4e-06
829 0
830 0
831 0
832 0
833 0
834 0
835 4e-06
836 0
837 0
838 0
839 0
840 0
841 0
842 0
843 0
844 0
845 0
846 0
847 0
848 0
849 0
850 0
851 4e-06
852 0
853 0
854 0
855 0
856 4e-06
857 4e-06
858 0
859 0
860 4e-06
861 0
862 0
863 0
864 0
865 0
866 0
867 0
868 4e-06
869 0
870 0
871 4e-06
872 0
873 0
874 0
875 0
876 4e-06
877 0
878 0
879 0
880 0
881 4e-06
882 0
883 0
884 0
885 4e-06
886 0
887 8e-06
888 0
889 0
890 4e-06
891 4e-06
892 0
893 0
894 0
895 8e-06
896 0
897 0
898 0
899 1.47152e-06
900 0
901 0
902 0
903 0
904 8e-06
905 0
906 4e-06
907 0
908 0
909 0
910 0
911 0
912 0
913 4e-06
914 4e-06
915 0
916 0
917 0
918 4e-06
919 0
920 0
921 0
922 0
923 0
924 4e-06
925 4e-06
926 0
927 0
928 0
929 0
930 0
931 0
932 0
933 0
934 0
935 4e-06
936 0
937 1.47152e-06
938 4e-06
939 4e-06
940 0
941 0
942 4e-06
943 0
944 4e-06
945 0
946 0
947 8e-06
948 4e-06
949 0
950 0
951 0
952 0
953 0
954 4e-06
955 0
956 4e-06
957 4e-06
958 4e-06
959 0
960 0
961 0
962 4e-06
963 0
964 0
965 0
966 8e-06
967 0
968 0
969 0
970 4e-06
971 0
972 0
973 0
974 0
975 0
976 0
977 0
978 4e-06
979 0
980 0
981 0
982 4e-06
983 0
984 4e-06
985 0
986 8e-06
987 0
988 4e-06
989 8e-06
990 0
991 0
992 8e-06
993 0
994 0
995 0
996 0
997 0
998 4e-06
999 0
