0 0
1 3.4e-06
2 3.4e-06
3 3.2e-06
4 2.72e-06
5 2.84e-06
6 2e-06
7 1.84e-06
8 1.32e-06
9 1.32e-06
10 1.6796e-06
11 1.4e-06
12 9.19602e-07
13 1e-06
14 7.6e-07
15 9.2e-07
16 7.59602e-07
17 7.2e-07
18 4.8e-07
19 7.6e-07
20 8e-07
21 3.6e-07
22 5.2e-07
23 5.6e-07
24 6.4e-07
25 5.2e-07
26 6.8e-07
27 5.2e-07
28 3.6e-07
29 4e-07
30 4.4e-07
31 2e-07
32 3.2e-07
33 4.4e-07
34 4e-07
35 2e-07
36 4e-07
37 4e-07
38 1.6e-07
39 4e-07
40 1.2e-07
41 4.4e-07
42 2e-07
43 2e-07
44 1.2e-07
45 0
46 2.8e-07
47 3.2e-07
48 4e-07
49 2e-07
50 3.6e-07
51 1.59602e-07
52 3.19602e-07
53 2.4e-07
54 2e-07
55 1.6e-07
56 2.8e-07
57 3.6e-07
58 2.4e-07
59 2e-07
60 2e-07
61 1.6e-07
62 1.2e-07
63 2e-07
64 1.2e-07
65 3.2e-07
66 1.6e-07
67 2e-07
68 4e-07
69 2.4e-07
70 1.6e-07
71 8e-08
72 2e-07
73 2.8e-07
74 4e-08
75 8e-08
76 1.2e-07
77 1.2e-07
78 2.4e-07
79 1.6e-07
80 2.8e-07
81 2e-07
82 2e-07
83 0
84 1.2e-07
85 1.2e-07
86 1.6e-07
87 2e-07
88 8e-08
89 2.4e-07
90 1.6e-07
91 2.4e-07
92 2.4e-07
93 3.2e-07
94 1.59602e-07
95 0
96 1.6e-07
97 4e-08
98 8e-08
99 1.2e-07
100 1.2e-07
101 1.2e-07
102 8e-08
103 8e-08
104 1.2e-07
105 8e-08
106 4e-08
107 8e-08
108 1.2e-07
109 0
110 4e-08
111 1.6e-07
112 8e-08
113 8e-08
114 1.2e-07
115 2e-07
116 4e-08
117 4e-08
118 1.6e-07
119 4e-08
120 8e-08
121 2e-07
122 8e-08
123 4e-08
124 1.6e-07
125 8e-08
126 8e-08
127 0
128 8e-08
129 4e-08
130 2e-07
131 8e-08
132 4e-08
133 4e-08
134 1.6e-07
135 1.2e-07
136 4e-08
137 4e-08
138 1.2e-07
139 2.4e-07
140 0
141 2e-07
142 0
143 1.2e-07
144 8e-08
145 2.8e-07
146 2e-07
147 1.2e-07
148 1.6e-07
149 8e-08
150 2e-07
151 7.9602e-08
152 8e-08
153 1.59602e-07
154 4e-08
155 4e-08
156 1.2e-07
157 2e-07
158 4e-08
159 8e-08
160 8e-08
161 1.2e-07
162 8e-08
163 8e-08
164 0
165 8e-08
166 8e-08
167 1.2e-07
168 0
169 1.6e-07
170 4e-08
171 4e-08
172 0
173 4e-08
174 0
175 1.2e-07
176 2e-07
177 8e-08
178 8e-08
179 0
180 4e-08
181 4e-08
182 1.2e-07
183 8e-08
184 1.2e-07
185 4e-08
186 8e-08
187 4e-08
188 1.6e-07
189 4e-08
190 8e-08
191 8e-08
192 4e-08
193 0
194 0
195 8e-08
196 4e-08
197 4e-08
198 4e-08
199 0
200 4e-08
201 1.6e-07
202 1.2e-07
203 8e-08
204 8e-08
205 4e-08
206 8e-08
207 4e-08
208 8e-08
209 8e-08
210 4e-08
211 4e-08
212 0
213 8e-08
214 0
215 0
216 8e-08
217 4e-08
218 0
219 1.2e-07
220 0
221 4e-08
222 0
223 4e-08
224 4e-08
225 4e-08
226 1.2e-07
227 1.6e-07
228 8e-08
229 1.2e-07
230 8e-08
231 8e-08
232 0
233 0
234 1.2e-07
235 0
236 4e-08
237 4e-08
238 1.2e-07
239 4e-08
240 4e-08
241 8e-08
242 8e-08
243 2e-07
244 4e-08
245 1.6e-07
246 4e-08
247 0
248 4e-08
249 1.2e-07
250 8e-08
251 4e-08
252 0
253 0
254 4e-08
255 8e-08
256 0
257 4e-08
258 8e-08
259 4e-08
260 4e-08
261 8e-08
262 4e-08
263 8e-08
264 4e-08
265 0
266 4e-08
267 4e-08
268 0
269 0
270 0
271 4e-08
272 4e-08
273 4e-08
274 4e-08
275 8e-08
276 4e-08
277 1.2e-07
278 4e-08
279 4e-08
280 1.2e-07
281 0
282 8e-08
283 4e-08
284 8e-08
285 0
286 4e-08
287 8e-08
288 8e-08
289 4e-08
290 4e-08
291 8e-08
292 0
293 1.2e-07
294 4e-08
295 0
296 4e-08
297 0
298 8e-08
299 1.2e-07
300 4e-08
301 4e-08
302 0
303 4e-08
304 4e-08
305 4e-08
306 8e-08
307 4e-08
308 0
309 4e-08
310 8e-08
311 0
312 4e-08
313 4e-08
314 0
315 0
316 8e-08
317 8e-08
318 4e-08
319 0
320 4e-08
321 8e-08
322 0
323 0
324 0
325 4e-08
326 8e-08
327 0
328 4e-08
329 0
330 0
331 0
332 0
333 0
334 0
335 0
336 4e-08
337 4e-08
338 3.9602e-08
339 0
340 0
341 0
342 4e-08
343 0
344 4e-08
345 8e-08
346 1.2e-07
347 4e-08
348 0
349 8e-08
350 4e-08
351 0
352 0
353 0
354 4e-08
355 0
356 4e-08
357 4e-08
358 8e-08
359 4e-08
360 0
361 4e-08
362 0
363 0
364 8e-08
365 1.2e-07
366 0
367 4e-08
368 8e-08
369 0
370 8e-08
371 0
372 4e-08
373 8e-08
374 4e-08
375 4e-08
376 8e-08
377 4e-08
378 0
379 8e-08
380 0
381 8e-08
382 8e-08
383 0
384 4e-08
385 4e-08
386 0
387 0
388 0
389 8e-08
390 4e-08
391 0
392 8e-08
393 4e-08
394 0
395 0
396 0
397 4e-08
398 4e-08
399 4e-08
400 0
401 4e-08
402 8e-08
403 0
404 0
405 4e-08
406 4e-08
407 0
408 4e-08
409 4e-08
410 8e-08
411 8e-08
412 8e-08
413 4e-08
414 8e-08
415 0
416 4e-08
417 4e-08
418 8e-08
419 0
420 0
421 0
422 4e-08
423 0
424 4e-08
425 4e-08
426 8e-08
427 4e-08
428 0
429 0
430 1.2e-07
431 0
432 0
433 8e-08
434 4e-08
435 0
436 0
437 4e-08
438 0
439 0
440 0
441 8e-08
442 0
443 8e-08
444 4e-08
445 0
446 4e-08
447 4e-08
448 4e-08
449 0
450 4e-08
451 0
452 0
453 8e-08
454 4e-08
455 4e-08
456 0
457 0
458 0
459 8e-08
460 4e-08
461 0
462 4e-08
463 8e-08
464 4e-08
465 4e-08
466 0
467 8e-08
468 4e-08
469 4e-08
470 0
471 0
472 0
473 4e-08
474 0
475 0
476 4e-08
477 0
478 0
479 0
480 0
481 4e-08
482 4e-08
483 0
484 0
485 0
486 0
487 0
488 4e-08
489 0
490 0
491 4e-08
492 8e-08
493 4e-08
494 0
495 0
496 0
497 0
498 0
499 4e-08
500 4e-08
501 0
502 0
503 0
504 0
505 0
506 4e-08
507 0
508 0
509 0
510 4e-08
511 0
512 0
513 4e-08
514 4e-08
515 0
516 4e-08
517 0
518 0
519 0
520 0
521 4e-08
522 8e-08
523 8e-08
524 0
525 0
526 0
527 4e-08
528 0
529 4e-08
530 0
531 0
532 0
533 4e-08
534 0
535 8e-08
536 0
537 8e-08
538 8e-08
539 4e-08
540 4e-08
541 8e-08
542 0
543 0
544 0
545 1.2e-07
546 4e-08
547 4e-08
548 0
549 0
550 0
551 4e-08
552 0
553 0
554 0
555 0
556 4e-08
557 4e-08
558 0
559 4e-08
560 0
561 0
562 0
563 4e-08
564 4e-08
565 8e-08
566 4e-08
567 0
568 0
569 0
570 4e-08
571 4e-08
572 8e-08
573 0
574 0
575 4e-08
576 0
577 4e-08
578 0
579 0
580 4e-08
581 0
582 0
583 4e-08
584 8e-08
585 0
586 4e-08
587 4e-08
588 0
589 4e-08
590 0
591 0
592 0
593 0
594 4e-08
595 4e-08
596 0
597 0
598 0
599 4e-08
600 4e-08
601 0
602 0
603 0
604 0
605 0
606 0
607 4e-08
608 0
609 0
610 4e-08
611 0
612 0
613 4e-08
614 4e-08
615 0
616 4e-08
617 0
618 0
619 0
620 0
621 4e-08
622 0
623 1.2e-07
624 0
625 4e-08
626 0
627 0
628 4e-08
629 1.2e-07
630 0
631 0
632 0
633 0
634 0
635 0
636 4e-08
637 4e-08
638 0
639 0
640 4e-08
641 8e-08
642 0
643 0
644 4e-08
645 0
646 4e-08
647 0
648 0
649 0
650 0
651 4e-08
652 7.9602e-08
653 0
654 0
655 4e-08
656 0
657 4e-08
658 0
659 0
660 0
661 0
662 0
663 4e-08
664 0
665 0
666 8e-08
667 0
668 8e-08
669 0
670 0
671 0
672 0
673 0
674 4e-08
675 0
676 0
677 0
678 0
679 4e-08
680 0
681 0
682 4e-08
683 0
684 0
685 4e-08
686 0
687 0
688 8e-08
689 4e-08
690 4e-08
691 0
692 0
693 0
694 0
695 4e-08
696 0
697 0
698 0
699 0
700 0
701 4e-08
702 0
703 4e-08
704 0
705 0
706 4e-08
707 0
708 0
709 0
710 4e-08
711 7.9602e-08
712 4e-08
713 0
714 0
715 0
716 0
717 0
718 0
719 4e-08
720 0
721 0
722 0
723 0
724 0
725 0
726 4e-08
727 0
728 0
729 4e-08
730 8e-08
731 0
732 4e-08
733 0
734 4e-08
735 4e-08
736 0
737 8e-08
738 4e-08
739 0
740 0
741 4e-08
742 4e-08
743 0
744 0
745 4e-08
746 0
747 2e-07
748 0
749 0
750 0
751 4e-08
752 3.9602e-08
753 4e-08
754 4e-08
755 0
756 0
757 0
758 0
759 8e-08
760 0
761 0
762 0
763 0
764 0
765 8e-08
766 0
767 4e-08
768 0
769 4e-08
770 4e-08
771 4e-08
772 0
773 0
774 0
775 4e-08
776 0
777 0
778 0
779 4e-08
780 1.2e-07
781 0
782 0
783 0
784 0
785 0
786 0
787 0
788 0
789 0
790 0
791 0
792 4e-08
793 0
794 0
795 0
796 0
797 8e-08
798 0
799 0
800 0
801 8e-08
802 0
803 0
804 4e-08
805 0
806 0
807 4e-08
808 4e-08
809 4e-08
810 4e-08
811 0
812 0
813 0
814 8e-08
815 0
816 0
817 0
818 4e-08
819 0
820 0
821 0
822 0
823 0
824 0
825 0
826 4e-08
827 0
828 8e-08
829 3.9602e-08
830 0
831 4e-08
832 0
833 4e-08
834 8e-08
835 0
836 4e-08
837 4e-08
838 4e-08
839 0
840 0
841 4e-08
842 4e-08
843 0
844 0
845 0
846 0
847 4e-08
848 0
849 0
850 0
851 0
852 0
853 0
854 4e-08
855 0
856 0
857 4e-08
858 0
859 0
860 0
861 0
862 0
863 0
864 8e-08
865 0
866 0
867 8e-08
868 4e-08
869 0
870 0
871 4e-08
872 0
873 0
874 0
875 0
876 0
877 4e-08
878 8e-08
879 0
880 0
881 0
882 0
883 0
884 0
885 0
886 4e-08
887 0
888 4e-08
889 0
890 0
891 0
892 0
893 4e-08
894 0
895 0
896 0
897 8e-08
898 0
899 0
900 0
901 0
902 4e-08
903 0
904 0
905 0
906 8e-08
907 0
908 0
909 0
910 4e-08
911 0
912 0
913 0
914 4e-08
915 0
916 0
917 0
918 0
919 0
920 0
921 0
922 4e-08
923 0
924 0
925 0
926 0
927 0
928 4e-08
929 4e-08
930 0
931 4e-08
932 0
933 0
934 0
935 0
936 0
937 4e-08
938 4e-08
939 0
940 0
941 4e-08
942 4e-08
943 0
944 0
945 0
946 4e-08
947 0
948 0
949 0
950 0
951 0
952 3.9602e-08
953 0
954 0
955 0
956 0
957 4e-08
958 8e-08
959 0
960 0
961 4e-08
962 0
963 0
964 0
965 8e-08
966 0
967 4e-08
968 0
969 0
970 0
971 0
972 0
973 0
974 0
975 0
976 4e-08
977 0
978 8e-08
979 0
980 0
981 4e-08
982 0
983 4e-08
984 0
985 0
986 0
987 4e-08
988 0
989 0
990 0
991 0
992 0
993 0
994 0
995 4e-08
996 0
997 4e-08
998 8e-08
999 0
