0 0
1 1.256e-05
2 6e-06
3 4.16e-06
4 3.52e-06
5 2.16e-06
6 2.1992e-06
7 2e-06
8 1.36e-06
9 1.28e-06
10 9.2e-07
11 1.2e-06
12 1.16e-06
13 6e-07
14 9.19204e-07
15 1.04e-06
16 1.2e-06
17 8.4e-07
18 7.2e-07
19 5.6e-07
20 4e-07
21 5.2e-07
22 5.2e-07
23 4.4e-07
24 4e-07
25 4e-07
26 5.6e-07
27 5.6e-07
28 5.6e-07
29 3.6e-07
30 6.8e-07
31 3.2e-07
32 3.6e-07
33 4.4e-07
34 6.79602e-07
35 3.2e-07
36 2.8e-07
37 2e-07
38 3.2e-07
39 3.2e-07
40 1.6e-07
41 2e-07
42 3.2e-07
43 2.4e-07
44 4e-07
45 2.39602e-07
46 2e-07
47 3.6e-07
48 1.2e-07
49 2.4e-07
50 3.6e-07
51 2.8e-07
52 1.2e-07
53 1.6e-07
54 2.4e-07
55 1.6e-07
56 2.4e-07
57 2.4e-07
58 1.2e-07
59 2.4e-07
60 8e-08
61 1.6e-07
62 1.2e-07
63 2e-07
64 1.2e-07
65 2e-07
66 8e-08
67 3.6e-07
68 2e-07
69 4e-07
70 2e-07
71 1.6e-07
72 1.2e-07
73 2e-07
74 1.2e-07
75 3.2e-07
76 2e-07
77 8e-08
78 3.6e-07
79 2.4e-07
80 2.39602e-07
81 1.2e-07
82 8e-08
83 2e-07
84 2e-07
85 2e-07
86 8e-08
87 2e-07
88 2e-07
89 1.59602e-07
90 4e-08
91 1.2e-07
92 0
93 1.99602e-07
94 1.59602e-07
95 1.2e-07
96 2.4e-07
97 0
98 8e-08
99 1.6e-07
100 1.2e-07
101 1.2e-07
102 4e-08
103 1.2e-07
104 2.4e-07
105 0
106 4e-08
107 4e-08
108 8e-08
109 1.99602e-07
110 8e-08
111 1.2e-07
112 1.2e-07
113 1.2e-07
114 1.6e-07
115 2e-07
116 1.2e-07
117 1.2e-07
118 3.2e-07
119 4e-08
120 7.9602e-08
121 2e-07
122 1.6e-07
123 2.8e-07
124 4e-08
125 4e-08
126 8e-08
127 4e-08
128 2.39602e-07
129 4e-08
130 8e-08
131 1.2e-07
132 1.6e-07
133 8e-08
134 1.2e-07
135 0
136 8e-08
137 1.6e-07
138 0
139 8e-08
140 8e-08
141 4e-08
142 8e-08
143 1.6e-07
144 4e-08
145 8e-08
146 4e-08
147 0
148 1.2e-07
149 4e-08
150 4e-08
151 4e-08
152 1.2e-07
153 4e-08
154 1.6e-07
155 1.2e-07
156 4e-08
157 1.2e-07
158 0
159 4e-08
160 0
161 1.2e-07
162 8e-08
163 8e-08
164 1.6e-07
165 1.6e-07
166 1.2e-07
167 1.2e-07
168 8e-08
169 8e-08
170 8e-08
171 4e-08
172 2e-07
173 1.59602e-07
174 1.6e-07
175 8e-08
176 8e-08
177 4e-08
178 4e-08
179 1.6e-07
180 4e-08
181 8e-08
182 4e-08
183 8e-08
184 1.2e-07
185 8e-08
186 4e-08
187 4e-08
188 0
189 4e-08
190 0
191 1.6e-07
192 0
193 8e-08
194 8e-08
195 2e-07
196 0
197 1.2e-07
198 0
199 1.2e-07
200 8e-08
201 1.2e-07
202 0
203 0
204 0
205 4e-08
206 1.2e-07
207 4e-08
208 4e-08
209 4e-08
210 1.2e-07
211 8e-08
212 2e-07
213 4e-08
214 0
215 8e-08
216 4e-08
217 8e-08
218 0
219 4e-08
220 8e-08
221 4e-08
222 4e-08
223 0
224 4e-08
225 8e-08
226 4e-08
227 0
228 4e-08
229 4e-08
230 4e-08
231 4e-08
232 8e-08
233 0
234 8e-08
235 4e-08
236 4e-08
237 4e-08
238 4e-08
239 8e-08
240 4e-08
241 0
242 4e-08
243 8e-08
244 8e-08
245 0
246 4e-08
247 1.6e-07
248 1.2e-07
249 8e-08
250 1.2e-07
251 0
252 4e-08
253 0
254 8e-08
255 8e-08
256 4e-08
257 1.2e-07
258 1.6e-07
259 8e-08
260 0
261 8e-08
262 4e-08
263 4e-08
264 4e-08
265 4e-08
266 8e-08
267 0
268 8e-08
269 0
270 0
271 4e-08
272 4e-08
273 0
274 4e-08
275 4e-08
276 1.2e-07
277 0
278 8e-08
279 4e-08
280 8e-08
281 8e-08
282 4e-08
283 0
284 8e-08
285 0
286 1.59602e-07
287 8e-08
288 0
289 8e-08
290 0
291 4e-08
292 0
293 8e-08
294 8e-08
295 4e-08
296 4e-08
297 0
298 4e-08
299 0
300 0
301 0
302 4e-08
303 0
304 4e-08
305 0
306 4e-08
307 4e-08
308 1.2e-07
309 4e-08
310 4e-08
311 4e-08
312 8e-08
313 8e-08
314 8e-08
315 0
316 4e-08
317 8e-08
318 8e-08
319 8e-08
320 8e-08
321 4e-08
322 1.2e-07
323 8e-08
324 4e-08
325 4e-08
326 4e-08
327 1.2e-07
328 0
329 8e-08
330 4e-08
331 4e-08
332 0
333 0
334 4e-08
335 0
336 4e-08
337 4e-08
338 0
339 4e-08
340 0
341 0
342 4e-08
343 4e-08
344 0
345 4e-08
346 0
347 0
348 0
349 0
350 4e-08
351 0
352 8e-08
353 4e-08
354 0
355 0
356 1.2e-07
357 4e-08
358 8e-08
359 0
360 8e-08
361 4e-08
362 0
363 4e-08
364 8e-08
365 0
366 0
367 8e-08
368 0
369 4e-08
370 0
371 4e-08
372 0
373 0
374 8e-08
375 8e-08
376 4e-08
377 4e-08
378 0
379 0
380 4e-08
381 0
382 4e-08
383 0
384 0
385 0
386 4e-08
387 8e-08
388 4e-08
389 4e-08
390 0
391 1.6e-07
392 4e-08
393 8e-08
394 0
395 8e-08
396 8e-08
397 4e-08
398 4e-08
399 0
400 4e-08
401 4e-08
402 1.19602e-07
403 8e-08
404 8e-08
405 0
406 8e-08
407 0
408 0
409 4e-08
410 3.9602e-08
411 1.2e-07
412 0
413 4e-08
414 4e-08
415 0
416 0
417 4e-08
418 4e-08
419 0
420 0
421 4e-08
422 4e-08
423 8e-08
424 0
425 4e-08
426 0
427 4e-08
428 1.2e-07
429 0
430 8e-08
431 4e-08
432 4e-08
433 8e-08
434 4e-08
435 4e-08
436 0
437 4e-08
438 4e-08
439 8e-08
440 0
441 4e-08
442 0
443 0
444 0
445 4e-08
446 0
447 0
448 0
449 7.9602e-08
450 4e-08
451 0
452 0
453 0
454 0
455 8e-08
456 0
457 8e-08
458 4e-08
459 4e-08
460 8e-08
461 0
462 0
463 4e-08
464 4e-08
465 7.9602e-08
466 4e-08
467 4e-08
468 0
469 0
470 0
471 0
472 4e-08
473 4e-08
474 0
475 0
476 0
477 0
478 0
479 0
480 4e-08
481 8e-08
482 4e-08
483 0
484 4e-08
485 0
486 0
487 4e-08
488 0
489 0
490 0
491 8e-08
492 0
493 0
494 8e-08
495 0
496 0
497 4e-08
498 4e-08
499 8e-08
500 0
501 8e-08
502 0
503 0
504 0
505 0
506 0
507 8e-08
508 4e-08
509 4e-08
510 8e-08
511 0
512 4e-08
513 0
514 8e-08
515 0
516 8e-08
517 4e-08
518 0
519 0
520 4e-08
521 4e-08
522 0
523 0
524 8e-08
525 0
526 4e-08
527 0
528 0
529 0
530 8e-08
531 8e-08
532 0
533 4e-08
534 0
535 8e-08
536 4e-08
537 0
538 4e-08
539 4e-08
540 4e-08
541 0
542 4e-08
543 0
544 4e-08
545 0
546 0
547 0
548 4e-08
549 4e-08
550 4e-08
551 4e-08
552 4e-08
553 0
554 8e-08
555 4e-08
556 4e-08
557 0
558 0
559 0
560 0
561 0
562 4e-08
563 0
564 0
565 0
566 0
567 8e-08
568 4e-08
569 4e-08
570 4e-08
571 0
572 8e-08
573 0
574 0
575 4e-08
576 0
577 4e-08
578 4e-08
579 8e-08
580 0
581 0
582 4e-08
583 0
584 0
585 0
586 4e-08
587 0
588 0
589 1.59602e-07
590 4e-08
591 0
592 4e-08
593 0
594 1.6e-07
595 0
596 0
597 0
598 0
599 0
600 4e-08
601 4e-08
602 4e-08
603 0
604 4e-08
605 0
606 0
607 0
608 4e-08
609 0
610 8e-08
611 4e-08
612 8e-08
613 0
614 8e-08
615 4e-08
616 0
617 0
618 4e-08
619 4e-08
620 4e-08
621 0
622 4e-08
623 8e-08
624 4e-08
625 0
626 8e-08
627 8e-08
628 0
629 0
630 0
631 8e-08
632 4e-08
633 4e-08
634 1.2e-07
635 0
636 4e-08
637 0
638 4e-08
639 4e-08
640 0
641 0
642 0
643 0
644 0
645 0
646 0
647 0
648 8e-08
649 0
650 4e-08
651 0
652 0
653 0
654 0
655 0
656 4e-08
657 0
658 4e-08
659 4e-08
660 0
661 4e-08
662 4e-08
663 4e-08
664 0
665 8e-08
666 8e-08
667 0
668 4e-08
669 0
670 4e-08
671 4e-08
672 0
673 4e-08
674 8e-08
675 4e-08
676 0
677 4e-08
678 4e-08
679 0
680 4e-08
681 0
682 0
683 0
684 0
685 4e-08
686 8e-08
687 4e-08
688 4e-08
689 0
690 0
691 8e-08
692 4e-08
693 4e-08
694 0
695 0
696 0
697 0
698 0
699 0
700 4e-08
701 1.2e-07
702 4e-08
703 0
704 4e-08
705 0
706 0
707 4e-08
708 0
709 4e-08
710 0
711 0
712 0
713 4e-08
714 0
715 0
716 0
717 4e-08
718 0
719 4e-08
720 0
721 0
722 4e-08
723 0
724 0
725 4e-08
726 4e-08
727 0
728 4e-08
729 4e-08
730 0
731 4e-08
732 0
733 0
734 0
735 4e-08
736 0
737 0
738 4e-08
739 0
740 0
741 4e-08
742 0
743 0
744 0
745 4e-08
746 0
747 0
748 0
749 4e-08
750 8e-08
751 4e-08
752 0
753 8e-08
754 8e-08
755 0
756 0
757 8e-08
758 0
759 4e-08
760 0
761 0
762 0
763 0
764 4e-08
765 1.2e-07
766 0
767 8e-08
768 0
769 0
770 0
771 4e-08
772 0
773 0
774 0
775 0
776 0
777 0
778 0
779 0
780 8e-08
781 0
782 0
783 0
784 8e-08
785 0
786 0
787 4e-08
788 0
789 0
790 0
791 0
792 4e-08
793 0
794 0
795 0
796 0
797 0
798 4e-08
799 8e-08
800 4e-08
801 0
802 0
803 0
804 0
805 0
806 0
807 0
808 0
809 4e-08
810 0
811 3.9602e-08
812 8e-08
813 0
814 4e-08
815 0
816 0
817 4e-08
818 4e-08
819 0
820 4e-08
821 0
822 0
823 4e-08
824 4e-08
825 0
826 0
827 4e-08
828 4e-08
829 0
830 0
831 0
832 0
833 0
834 0
835 0
836 0
837 0
838 0
839 0
840 0
841 0
842 0
843 0
844 0
845 0
846 4e-08
847 0
848 4e-08
849 4e-08
850 4e-08
851 0
852 0
853 4e-08
854 4e-08
855 0
856 0
857 0
858 0
859 4e-08
860 0
861 0
862 0
863 4e-08
864 4e-08
865 0
866 0
867 0
868 0
869 4e-08
870 0
871 0
872 0
873 0
874 0
875 4e-08
876 8e-08
877 0
878 0
879 0
880 0
881 0
882 0
883 0
884 0
885 0
886 0
887 0
888 0
889 4e-08
890 0
891 0
892 0
893 0
894 0
895 4e-08
896 4e-08
897 4e-08
898 4e-08
899 0
900 0
901 0
902 0
903 0
904 1.2e-07
905 4e-08
906 0
907 0
908 4e-08
909 4e-08
910 0
911 0
912 0
913 0
914 0
915 4e-08
916 0
917 7.9602e-08
918 0
919 0
920 0
921 0
922 4e-08
923 0
924 0
925 0
926 0
927 0
928 4e-08
929 0
930 0
931 0
932 0
933 4e-08
934 4e-08
935 0
936 4e-08
937 0
938 0
939 0
940 0
941 8e-08
942 0
943 0
944 0
945 0
946 0
947 0
948 0
949 0
950 0
951 0
952 4e-08
953 0
954 0
955 0
956 0
957 0
958 0
959 8e-08
960 0
961 0
962 0
963 0
964 0
965 0
966 0
967 0
968 4e-08
969 0
970 0
971 0
972 0
973 4e-08
974 0
975 0
976 4e-08
977 0
978 4e-08
979 4e-08
980 0
981 0
982 8e-08
983 0
984 0
985 4e-08
986 0
987 0
988 0
989 0
990 4e-08
991 0
992 0
993 0
994 4e-08
995 0
996 0
997 0
998 8e-08
999 0
