0 0
1 8e-08
2 2.4e-07
3 1.6e-07
4 2e-07
5 2.4e-07
6 4e-07
7 4.4e-07
8 3.2e-07
9 5.2e-07
10 6.4e-07
11 4.4e-07
12 4e-07
13 5.6e-07
14 5.2e-07
15 7.2e-07
16 6.4e-07
17 6.8e-07
18 6.4e-07
19 3.2e-07
20 4.4e-07
21 4.8e-07
22 5.6e-07
23 4e-07
24 3.2e-07
25 3.6e-07
26 2.8e-07
27 4e-07
28 1.6e-07
29 4.79602e-07
30 2.4e-07
31 4.4e-07
32 2.8e-07
33 3.2e-07
34 2.8e-07
35 3.6e-07
36 2.8e-07
37 3.2e-07
38 3.2e-07
39 3.6e-07
40 2.8e-07
41 8e-08
42 1.6e-07
43 3.6e-07
44 1.6e-07
45 2.39602e-07
46 4.8e-07
47 2e-07
48 2.8e-07
49 2.8e-07
50 4.4e-07
51 2.8e-07
52 1.2e-07
53 2e-07
54 2.4e-07
55 2.8e-07
56 2.79602e-07
57 1.2e-07
58 1.2e-07
59 3.2e-07
60 8e-08
61 1.2e-07
62 1.6e-07
63 3.6e-07
64 2.4e-07
65 1.6e-07
66 2.8e-07
67 2.8e-07
68 8e-08
69 3.6e-07
70 1.6e-07
71 3.6e-07
72 2.4e-07
73 1.2e-07
74 1.2e-07
75 8e-08
76 1.6e-07
77 2.4e-07
78 1.59602e-07
79 1.6e-07
80 4e-08
81 4e-08
82 8e-08
83 1.6e-07
84 4e-08
85 1.6e-07
86 4e-08
87 2.4e-07
88 2e-07
89 1.2e-07
90 2e-07
91 4e-07
92 2.4e-07
93 2e-07
94 4e-08
95 4e-08
96 8e-08
97 8e-08
98 8e-08
99 1.2e-07
100 8e-08
101 1.6e-07
102 2e-07
103 4e-08
104 2.4e-07
105 1.6e-07
106 4e-08
107 1.2e-07
108 8e-08
109 1.6e-07
110 1.2e-07
111 1.6e-07
112 8e-08
113 1.6e-07
114 1.2e-07
115 8e-08
116 1.6e-07
117 1.2e-07
118 7.9602e-08
119 4e-08
120 4e-08
121 4e-08
122 8e-08
123 1.2e-07
124 2e-07
125 2e-07
126 1.6e-07
127 8e-08
128 4e-08
129 4e-08
130 2e-07
131 8e-08
132 4e-08
133 0
134 4e-08
135 8e-08
136 4e-08
137 8e-08
138 4e-08
139 4e-08
140 0
141 0
142 1.2e-07
143 4e-08
144 0
145 1.2e-07
146 1.6e-07
147 1.2e-07
148 1.2e-07
149 1.2e-07
150 1.2e-07
151 1.2e-07
152 4e-08
153 8e-08
154 1.6e-07
155 1.6e-07
156 8e-08
157 4e-08
158 0
159 8e-08
160 1.2e-07
161 8e-08
162 4e-08
163 8e-08
164 8e-08
165 8e-08
166 1.2e-07
167 1.2e-07
168 0
169 1.2e-07
170 4e-08
171 1.2e-07
172 2e-07
173 1.2e-07
174 8e-08
175 4e-08
176 1.2e-07
177 4e-08
178 8e-08
179 8e-08
180 1.2e-07
181 0
182 8e-08
183 0
184 8e-08
185 1.2e-07
186 4e-08
187 4e-08
188 4e-08
189 2e-07
190 8e-08
191 0
192 0
193 1.2e-07
194 0
195 4e-08
196 4e-08
197 4e-08
198 4e-08
199 4e-08
200 0
201 1.6e-07
202 4e-08
203 0
204 8e-08
205 0
206 4e-08
207 8e-08
208 8e-08
209 2e-07
210 4e-08
211 0
212 8e-08
213 8e-08
214 0
215 0
216 1.2e-07
217 4e-08
218 4e-08
219 4e-08
220 8e-08
221 1.2e-07
222 0
223 4e-08
224 4e-08
225 1.6e-07
226 4e-08
227 4e-08
228 4e-08
229 8e-08
230 0
231 8e-08
232 1.2e-07
233 0
234 8e-08
235 1.6e-07
236 1.2e-07
237 4e-08
238 8e-08
239 0
240 8e-08
241 8e-08
242 0
243 1.6e-07
244 0
245 0
246 8e-08
247 8e-08
248 0
249 4e-08
250 8e-08
251 4e-08
252 0
253 0
254 1.2e-07
255 1.2e-07
256 1.2e-07
257 8e-08
258 4e-08
259 8e-08
260 8e-08
261 0
262 4e-08
263 4e-08
264 1.2e-07
265 0
266 0
267 4e-08
268 4e-08
269 0
270 0
271 0
272 8e-08
273 1.2e-07
274 8e-08
275 0
276 0
277 8e-08
278 0
279 4e-08
280 4e-08
281 0
282 0
283 1.2e-07
284 4e-08
285 4e-08
286 4e-08
287 8e-08
288 4e-08
289 8e-08
290 8e-08
291 0
292 0
293 0
294 8e-08
295 0
296 4e-08
297 0
298 0
299 4e-08
300 0
301 0
302 0
303 0
304 0
305 0
306 8e-08
307 4e-08
308 4e-08
309 0
310 1.2e-07
311 0
312 8e-08
313 8e-08
314 0
315 3.9602e-08
316 0
317 0
318 8e-08
319 4e-08
320 4e-08
321 0
322 4e-08
323 8e-08
324 8e-08
325 0
326 4e-08
327 4e-08
328 4e-08
329 1.2e-07
330 4e-08
331 0
332 4e-08
333 0
334 4e-08
335 4e-08
336 4e-08
337 4e-08
338 4e-08
339 0
340 0
341 0
342 4e-08
343 4e-08
344 4e-08
345 4e-08
346 4e-08
347 8e-08
348 4e-08
349 4e-08
350 8e-08
351 4e-08
352 0
353 0
354 8e-08
355 4e-08
356 4e-08
357 0
358 4e-08
359 4e-08
360 4e-08
361 0
362 0
363 4e-08
364 4e-08
365 0
366 4e-08
367 0
368 8e-08
369 4e-08
370 8e-08
371 0
372 0
373 4e-08
374 0
375 8e-08
376 0
377 0
378 8e-08
379 4e-08
380 4e-08
381 0
382 4e-08
383 0
384 8e-08
385 0
386 0
387 4e-08
388 0
389 0
390 4e-08
391 4e-08
392 0
393 0
394 4e-08
395 4e-08
396 0
397 4e-08
398 0
399 0
400 0
401 0
402 1.6e-07
403 0
404 8e-08
405 0
406 0
407 4e-08
408 1.2e-07
409 1.2e-07
410 4e-08
411 0
412 4e-08
413 0
414 4e-08
415 8e-08
416 8e-08
417 0
418 0
419 4e-08
420 4e-08
421 0
422 4e-08
423 4e-08
424 4e-08
425 0
426 4e-08
427 8e-08
428 8e-08
429 1.2e-07
430 4e-08
431 0
432 4e-08
433 4e-08
434 4e-08
435 0
436 4e-08
437 4e-08
438 4e-08
439 8e-08
440 0
441 4e-08
442 4e-08
443 4e-08
444 0
445 4e-08
446 8e-08
447 0
448 4e-08
449 8e-08
450 4e-08
451 4e-08
452 0
453 0
454 0
455 4e-08
456 0
457 0
458 0
459 0
460 0
461 0
462 4e-08
463 4e-08
464 1.2e-07
465 8e-08
466 8e-08
467 4e-08
468 0
469 8e-08
470 4e-08
471 0
472 0
473 0
474 4e-08
475 8e-08
476 0
477 4e-08
478 4e-08
479 0
480 0
481 0
482 3.9602e-08
483 0
484 4e-08
485 0
486 8e-08
487 0
488 0
489 0
490 0
491 0
492 8e-08
493 4e-08
494 0
495 0
496 4e-08
497 8e-08
498 4e-08
499 0
500 8e-08
501 0
502 1.2e-07
503 0
504 8e-08
505 4e-08
506 4e-08
507 8e-08
508 4e-08
509 0
510 4e-08
511 4e-08
512 1.2e-07
513 0
514 4e-08
515 4e-08
516 0
517 0
518 0
519 4e-08
520 0
521 4e-08
522 4e-08
523 0
524 4e-08
525 8e-08
526 4e-08
527 8e-08
528 0
529 0
530 4e-08
531 8e-08
532 4e-08
533 0
534 8e-08
535 4e-08
536 0
537 0
538 0
539 0
540 4e-08
541 4e-08
542 0
543 4e-08
544 0
545 0
546 0
547 4e-08
548 0
549 0
550 4e-08
551 4e-08
552 0
553 0
554 0
555 8e-08
556 0
557 8e-08
558 0
559 0
560 0
561 0
562 0
563 0
564 4e-08
565 0
566 0
567 4e-08
568 0
569 0
570 1.2e-07
571 4e-08
572 8e-08
573 0
574 0
575 0
576 0
577 0
578 4e-08
579 4e-08
580 0
581 4e-08
582 8e-08
583 0
584 4e-08
585 0
586 4e-08
587 4e-08
588 4e-08
589 0
590 4e-08
591 0
592 4e-08
593 0
594 0
595 4e-08
596 4e-08
597 4e-08
598 0
599 0
600 0
601 4e-08
602 0
603 0
604 0
605 8e-08
606 0
607 4e-08
608 0
609 4e-08
610 0
611 4e-08
612 0
613 4e-08
614 4e-08
615 0
616 0
617 8e-08
618 0
619 0
620 0
621 4e-08
622 0
623 4e-08
624 0
625 8e-08
626 0
627 0
628 0
629 0
630 4e-08
631 4e-08
632 0
633 4e-08
634 4e-08
635 4e-08
636 0
637 4e-08
638 0
639 4e-08
640 0
641 4e-08
642 4e-08
643 8e-08
644 8e-08
645 4e-08
646 0
647 0
648 8e-08
649 0
650 0
651 0
652 0
653 0
654 4e-08
655 4e-08
656 0
657 0
658 0
659 0
660 0
661 4e-08
662 0
663 4e-08
664 0
665 0
666 4e-08
667 0
668 0
669 4e-08
670 0
671 0
672 0
673 0
674 0
675 0
676 0
677 0
678 0
679 0
680 4e-08
681 0
682 0
683 8e-08
684 4e-08
685 0
686 4e-08
687 4e-08
688 0
689 0
690 0
691 0
692 0
693 0
694 0
695 0
696 0
697 0
698 0
699 0
700 0
701 0
702 0
703 0
704 4e-08
705 0
706 0
707 0
708 8e-08
709 0
710 0
711 0
712 4e-08
713 0
714 0
715 0
716 4e-08
717 0
718 0
719 0
720 0
721 0
722 4e-08
723 0
724 0
725 0
726 0
727 4e-08
728 4e-08
729 0
730 0
731 4e-08
732 4e-08
733 4e-08
734 8e-08
735 4e-08
736 0
737 0
738 0
739 0
740 4e-08
741 0
742 0
743 0
744 4e-08
745 4e-08
746 0
747 0
748 0
749 0
750 0
751 0
752 4e-08
753 4e-08
754 0
755 0
756 4e-08
757 0
758 4e-08
759 4e-08
760 4e-08
761 0
762 0
763 8e-08
764 8e-08
765 4e-08
766 4e-08
767 8e-08
768 4e-08
769 0
770 0
771 0
772 0
773 0
774 4e-08
775 0
776 0
777 0
778 0
779 8e-08
780 0
781 4e-08
782 0
783 8e-08
784 0
785 0
786 0
787 0
788 0
789 0
790 0
791 8e-08
792 0
793 0
794 0
795 0
796 0
797 0
798 4e-08
799 8e-08
800 0
801 0
802 4e-08
803 0
804 0
805 0
806 0
807 0
808 4e-08
809 0
810 0
811 0
812 4e-08
813 0
814 8e-08
815 0
816 0
817 0
818 0
819 0
820 0
821 0
822 8e-08
823 0
824 4e-08
825 0
826 0
827 4e-08
828 0
829 0
830 0
831 0
832 4e-08
833 4e-08
834 0
835 0
836 0
837 0
838 8e-08
839 0
840 4e-08
841 4e-08
842 0
843 0
844 4e-08
845 0
846 0
847 8e-08
848 8e-08
849 4e-08
850 4e-08
851 4e-08
852 4e-08
853 4e-08
854 0
855 0
856 0
857 0
858 4e-08
859 0
860 4e-08
861 0
862 0
863 4e-08
864 0
865 0
866 0
867 0
868 0
869 0
870 0
871 0
872 0
873 4e-08
874 4e-08
875 0
876 0
877 0
878 0
879 4e-08
880 0
881 4e-08
882 0
883 4e-08
884 0
885 0
886 0
887 0
888 0
889 0
890 4e-08
891 0
892 4e-08
893 4e-08
894 0
895 0
896 0
897 4e-08
898 1.2e-07
899 0
900 4e-08
901 0
902 3.9602e-08
903 0
904 0
905 0
906 0
907 4e-08
908 0
909 0
910 0
911 0
912 0
913 0
914 4e-08
915 4e-08
916 4e-08
917 0
918 4e-08
919 4e-08
920 0
921 0
922 0
923 0
924 0
925 0
926 0
927 0
928 0
929 0
930 0
931 0
932 4e-08
933 0
934 4e-08
935 0
936 4e-08
937 0
938 0
939 0
940 4e-08
941 0
942 0
943 4e-08
944 0
945 0
946 0
947 0
948 4e-08
949 0
950 0
951 4e-08
952 4e-08
953 0
954 0
955 0
956 0
957 4e-08
958 4e-08
959 0
960 4e-08
961 0
962 0
963 4e-08
964 4e-08
965 0
966 0
967 0
968 8e-08
969 0
970 4e-08
971 0
972 0
973 4e-08
974 0
975 0
976 4e-08
977 0
978 0
979 0
980 0
981 0
982 0
983 8e-08
984 4e-08
985 0
986 0
987 0
988 4e-08
989 0
990 0
991 0
992 0
993 0
994 0
995 0
996 4e-08
997 0
998 0
999 0
