0 0
1 0.001356
2 0.000665472
3 0.000449472
4 0.000312
5 0.000268
6 0.000241472
7 0.000198943
8 0.00018
9 0.000196
10 0.000117472
11 0.000116
12 0.000156
13 7.2e-05
14 0.000108
15 8e-05
16 8.14715e-05
17 6e-05
18 5.2e-05
19 7.6e-05
20 9.74715e-05
21 5.6e-05
22 3.6e-05
23 4e-05
24 5.6e-05
25 6.8e-05
26 4e-05
27 5.2e-05
28 4.4e-05
29 3.2e-05
30 4e-05
31 2.4e-05
32 3.2e-05
33 2.8e-05
34 3.2e-05
35 4.4e-05
36 4e-05
37 3.6e-05
38 4.4e-05
39 2e-05
40 2e-05
41 3.6e-05
42 2.4e-05
43 3.6e-05
44 2.8e-05
45 1.6e-05
46 3.6e-05
47 3.6e-05
48 2.8e-05
49 2e-05
50 1.6e-05
51 1.2e-05
52 1.2e-05
53 8e-06
54 2.4e-05
55 3.2e-05
56 1.2e-05
57 2.4e-05
58 1.2e-05
59 2.8e-05
60 3.2e-05
61 1.6e-05
62 2.4e-05
63 8e-06
64 1.2e-05
65 1.6e-05
66 1.6e-05
67 2.4e-05
68 1.2e-05
69 4e-06
70 4e-05
71 2.4e-05
72 1.2e-05
73 1.6e-05
74 2.4e-05
75 3.6e-05
76 2.8e-05
77 1.6e-05
78 4e-06
79 1.2e-05
80 1.6e-05
81 2.4e-05
82 4e-06
83 8e-06
84 4e-06
85 1.6e-05
86 1.2e-05
87 2e-05
88 1.2e-05
89 2.4e-05
90 8e-06
91 1.2e-05
92 8e-06
93 1.6e-05
94 2.4e-05
95 1.2e-05
96 1.34715e-05
97 2e-05
98 8e-06
99 1.2e-05
100 8e-06
101 1.6e-05
102 8e-06
103 1.2e-05
104 1.2e-05
105 2e-05
106 1.2e-05
107 2e-05
108 1.2e-05
109 4e-06
110 1.6e-05
111 1.6e-05
112 1.2e-05
113 1.2e-05
114 8e-06
115 2e-05
116 8e-06
117 4e-06
118 8e-06
119 1.2e-05
120 8e-06
121 0
122 1.6e-05
123 4e-06
124 4e-06
125 8e-06
126 1.2e-05
127 1.2e-05
128 1.2e-05
129 0
130 1.6e-05
131 8e-06
132 0
133 4e-06
134 1.2e-05
135 2e-05
136 8e-06
137 1.2e-05
138 8e-06
139 1.6e-05
140 1.2e-05
141 8e-06
142 4e-06
143 1.6e-05
144 4e-06
145 0
146 1.2e-05
147 4e-06
148 1.6e-05
149 8e-06
150 4e-06
151 1.47152e-06
152 0
153 4e-06
154 8e-06
155 4e-06
156 1.2e-05
157 8e-06
158 8e-06
159 0
160 8e-06
161 8e-06
162 4e-06
163 0
164 8e-06
165 8e-06
166 8e-06
167 8e-06
168 1.6e-05
169 8e-06
170 1.6e-05
171 4e-06
172 4e-06
173 4e-06
174 8e-06
175 1.2e-05
176 1.2e-05
177 4e-06
178 4e-06
179 0
180 1.6e-05
181 4e-06
182 1.2e-05
183 0
184 1.2e-05
185 4e-06
186 8e-06
187 0
188 1.6e-05
189 4e-06
190 4e-06
191 4e-06
192 4e-06
193 1.2e-05
194 8e-06
195 8e-06
196 9.47152e-06
197 4e-06
198 0
199 8e-06
200 8e-06
201 8e-06
202 4e-06
203 0
204 4e-06
205 1.6e-05
206 5.47152e-06
207 8e-06
208 8e-06
209 8e-06
210 1.6e-05
211 8e-06
212 0
213 0
214 8e-06
215 4e-06
216 8e-06
217 1.2e-05
218 0
219 1.2e-05
220 0
221 4e-06
222 8e-06
223 1.2e-05
224 4e-06
225 0
226 0
227 1.6e-05
228 0
229 8e-06
230 1.6e-05
231 4e-06
232 4e-06
233 0
234 8e-06
235 0
236 8e-06
237 4e-06
238 0
239 0
240 4e-06
241 0
242 1.6e-05
243 4e-06
244 1.6e-05
245 0
246 8e-06
247 2e-05
248 8e-06
249 0
250 0
251 8e-06
252 4e-06
253 0
254 0
255 4e-06
256 4e-06
257 0
258 4e-06
259 8e-06
260 4e-06
261 8e-06
262 1.2e-05
263 0
264 8e-06
265 0
266 0
267 1.2e-05
268 0
269 8e-06
270 1.2e-05
271 4e-06
272 0
273 0
274 0
275 4e-06
276 0
277 4e-06
278 4e-06
279 0
280 8e-06
281 4e-06
282 0
283 0
284 4e-06
285 4e-06
286 4e-06
287 8e-06
288 0
289 4e-06
290 4e-06
291 8e-06
292 4e-06
293 0
294 4e-06
295 8e-06
296 0
297 4e-06
298 4e-06
299 0
300 8e-06
301 0
302 0
303 0
304 8e-06
305 8e-06
306 4e-06
307 1.47152e-06
308 4e-06
309 1.6e-05
310 8e-06
311 1.2e-05
312 4e-06
313 8e-06
314 8e-06
315 0
316 8e-06
317 8e-06
318 4e-06
319 1.2e-05
320 0
321 4e-06
322 0
323 0
324 8e-06
325 4e-06
326 4e-06
327 2e-05
328 4e-06
329 0
330 0
331 0
332 0
333 0
334 0
335 4e-06
336 0
337 1.2e-05
338 4e-06
339 0
340 4e-06
341 8e-06
342 0
343 4e-06
344 0
345 4e-06
346 4e-06
347 1.2e-05
348 4e-06
349 4e-06
350 4e-06
351 0
352 0
353 0
354 0
355 8e-06
356 4e-06
357 8e-06
358 4e-06
359 0
360 4e-06
361 0
362 4e-06
363 4e-06
364 0
365 4e-06
366 0
367 0
368 0
369 4e-06
370 0
371 0
372 8e-06
373 4e-06
374 4e-06
375 0
376 0
377 0
378 0
379 8e-06
380 8e-06
381 0
382 4e-06
383 0
384 4e-06
385 0
386 4e-06
387 4e-06
388 0
389 0
390 0
391 4e-06
392 0
393 0
394 0
395 0
396 1.2e-05
397 0
398 0
399 0
400 8e-06
401 4e-06
402 0
403 0
404 0
405 4e-06
406 0
407 4e-06
408 4e-06
409 0
410 4e-06
411 4e-06
412 0
413 4e-06
414 0
415 0
416 0
417 4e-06
418 0
419 8e-06
420 0
421 0
422 0
423 0
424 0
425 0
426 0
427 0
428 8e-06
429 4e-06
430 8e-06
431 0
432 4e-06
433 0
434 0
435 0
436 0
437 0
438 0
439 0
440 4e-06
441 0
442 0
443 0
444 0
445 0
446 0
447 4e-06
448 4e-06
449 4e-06
450 8e-06
451 4e-06
452 0
453 4e-06
454 0
455 0
456 4e-06
457 0
458 4e-06
459 0
460 4e-06
461 0
462 0
463 0
464 4e-06
465 4e-06
466 0
467 0
468 1.2e-05
469 1.2e-05
470 4e-06
471 0
472 0
473 4e-06
474 4e-06
475 4e-06
476 0
477 0
478 4e-06
479 0
480 0
481 4e-06
482 0
483 4e-06
484 4e-06
485 8e-06
486 4e-06
487 0
488 4e-06
489 0
490 0
491 8e-06
492 4e-06
493 0
494 0
495 8e-06
496 4e-06
497 8e-06
498 0
499 4e-06
500 4e-06
501 0
502 0
503 0
504 0
505 0
506 0
507 0
508 4e-06
509 8e-06
510 4e-06
511 0
512 4e-06
513 0
514 0
515 0
516 8e-06
517 8e-06
518 4e-06
519 0
520 8e-06
521 4e-06
522 0
523 0
524 0
525 1.47152e-06
526 4e-06
527 0
528 4e-06
529 0
530 0
531 4e-06
532 0
533 1.2e-05
534 4e-06
535 4e-06
536 0
537 4e-06
538 4e-06
539 8e-06
540 0
541 0
542 4e-06
543 4e-06
544 0
545 4e-06
546 4e-06
547 4e-06
548 4e-06
549 4e-06
550 4e-06
551 4e-06
552 0
553 0
554 0
555 4e-06
556 0
557 4e-06
558 0
559 0
560 0
561 4e-06
562 0
563 8e-06
564 4e-06
565 0
566 0
567 0
568 4e-06
569 0
570 1.2e-05
571 0
572 8e-06
573 4e-06
574 8e-06
575 0
576 0
577 0
578 0
579 0
580 0
581 4e-06
582 0
583 0
584 0
585 0
586 0
587 8e-06
588 0
589 0
590 4e-06
591 0
592 0
593 0
594 0
595 0
596 1.6e-05
597 4e-06
598 8e-06
599 0
600 0
601 0
602 0
603 8e-06
604 4e-06
605 8e-06
606 8e-06
607 0
608 0
609 0
610 0
611 4e-06
612 0
613 0
614 0
615 8e-06
616 0
617 0
618 0
619 0
620 0
621 0
622 0
623 4e-06
624 0
625 0
626 8e-06
627 4e-06
628 0
629 4e-06
630 0
631 0
632 0
633 4e-06
634 0
635 4e-06
636 4e-06
637 0
638 4e-06
639 4e-06
640 4e-06
641 0
642 0
643 0
644 0
645 4e-06
646 0
647 0
648 0
649 8e-06
650 4e-06
651 4e-06
652 0
653 0
654 0
655 4e-06
656 4e-06
657 8e-06
658 0
659 4e-06
660 0
661 0
662 4e-06
663 0
664 0
665 4e-06
666 4e-06
667 0
668 1.2e-05
669 4e-06
670 0
671 0
672 8e-06
673 0
674 4e-06
675 4e-06
676 4e-06
677 0
678 4e-06
679 0
680 4e-06
681 0
682 0
683 0
684 0
685 0
686 4e-06
687 0
688 0
689 0
690 1.2e-05
691 4e-06
692 0
693 0
694 0
695 4e-06
696 0
697 0
698 4e-06
699 4e-06
700 8e-06
701 0
702 8e-06
703 4e-06
704 0
705 0
706 4e-06
707 0
708 4e-06
709 0
710 0
711 0
712 1.2e-05
713 0
714 4e-06
715 8e-06
716 0
717 4e-06
718 0
719 0
720 0
721 0
722 0
723 0
724 0
725 4e-06
726 0
727 4e-06
728 0
729 0
730 1.2e-05
731 0
732 4e-06
733 0
734 0
735 0
736 0
737 4e-06
738 4e-06
739 0
740 0
741 0
742 4e-06
743 0
744 4e-06
745 0
746 0
747 0
748 8e-06
749 0
750 0
751 0
752 0
753 0
754 0
755 0
756 4e-06
757 4e-06
758 0
759 1.47152e-06
760 4e-06
761 8e-06
762 0
763 4e-06
764 0
765 8e-06
766 4e-06
767 4e-06
768 0
769 0
770 4e-06
771 0
772 0
773 0
774 0
775 4e-06
776 0
777 0
778 0
779 4e-06
780 0
781 0
782 0
783 0
784 4e-06
785 0
786 0
787 0
788 0
789 0
790 4e-06
791 0
792 0
793 0
794 0
795 0
796 0
797 0
798 4e-06
799 4e-06
800 4e-06
801 0
802 0
803 0
804 4e-06
805 0
806 0
807 0
808 0
809 0
810 4e-06
811 0
812 4e-06
813 4e-06
814 0
815 0
816 0
817 0
818 4e-06
819 4e-06
820 0
821 0
822 0
823 0
824 4e-06
825 0
826 4e-06
827 4e-06
828 4e-06
829 0
830 0
831 0
832 4e-06
833 0
834 4e-06
835 0
836 0
837 0
838 0
839 0
840 4e-06
841 4e-06
842 4e-06
843 4e-06
844 4e-06
845 0
846 0
847 0
848 0
849 0
850 0
851 8e-06
852 0
853 4e-06
854 0
855 4e-06
856 0
857 0
858 4e-06
859 4e-06
860 0
861 4e-06
862 8e-06
863 0
864 4e-06
865 0
866 0
867 4e-06
868 4e-06
869 0
870 0
871 0
872 0
873 0
874 8e-06
875 0
876 0
877 0
878 0
879 0
880 0
881 0
882 0
883 0
884 4e-06
885 4e-06
886 0
887 0
888 0
889 0
890 1.2e-05
891 0
892 0
893 4e-06
894 0
895 0
896 0
897 0
898 0
899 4e-06
900 0
901 0
902 4e-06
903 0
904 4e-06
905 0
906 0
907 0
908 0
909 0
910 0
911 0
912 0
913 8e-06
914 0
915 0
916 4e-06
917 4e-06
918 0
919 4e-06
920 0
921 0
922 0
923 8e-06
924 0
925 0
926 0
927 4e-06
928 4e-06
929 0
930 0
931 4e-06
932 0
933 0
934 0
935 0
936 4e-06
937 8e-06
938 0
939 4e-06
940 0
941 0
942 4e-06
943 0
944 4e-06
945 0
946 0
947 0
948 0
949 1.2e-05
950 0
951 0
952 8e-06
953 0
954 4e-06
955 0
956 0
957 0
958 0
959 0
960 0
961 4e-06
962 0
963 4e-06
964 0
965 0
966 0
967 8e-06
968 0
969 4e-06
970 8e-06
971 8e-06
972 0
973 0
974 0
975 0
976 0
977 8e-06
978 0
979 0
980 0
981 0
982 0
983 0
984 0
985 4e-06
986 0
987 0
988 0
989 0
990 0
991 0
992 0
993 0
994 0
995 4e-06
996 4e-06
997 0
998 4e-06
999 0
