0 0
1 1.204e-05
2 5.92e-06
3 4.12e-06
4 3e-06
5 2.36e-06
6 1.9996e-06
7 2.32e-06
8 1.6e-06
9 1.32e-06
10 1e-06
11 1.16e-06
12 9.6e-07
13 8e-07
14 1.16e-06
15 1e-06
16 8e-07
17 9.99602e-07
18 5.2e-07
19 5.6e-07
20 6.8e-07
21 6e-07
22 6.39602e-07
23 4.4e-07
24 7.6e-07
25 3.6e-07
26 5.2e-07
27 6e-07
28 6.8e-07
29 4.4e-07
30 4.8e-07
31 4.4e-07
32 2.8e-07
33 4.4e-07
34 5.2e-07
35 2.4e-07
36 3.6e-07
37 4.8e-07
38 7.19204e-07
39 3.2e-07
40 4.4e-07
41 3.2e-07
42 3.6e-07
43 2.4e-07
44 2.4e-07
45 2.4e-07
46 2.79602e-07
47 8e-08
48 3.2e-07
49 2.4e-07
50 2e-07
51 4e-07
52 4e-07
53 4.8e-07
54 2e-07
55 2e-07
56 2e-07
57 4e-07
58 3.6e-07
59 2e-07
60 1.6e-07
61 4e-08
62 8e-08
63 3.2e-07
64 1.2e-07
65 4e-07
66 2e-07
67 2e-07
68 8e-08
69 1.6e-07
70 1.6e-07
71 1.2e-07
72 2.4e-07
73 8e-08
74 2.4e-07
75 1.2e-07
76 1.6e-07
77 1.59602e-07
78 1.6e-07
79 1.6e-07
80 2.8e-07
81 2.4e-07
82 2e-07
83 2.4e-07
84 4e-08
85 1.6e-07
86 1.6e-07
87 8e-08
88 8e-08
89 4e-08
90 1.6e-07
91 1.6e-07
92 2e-07
93 8e-08
94 8e-08
95 1.6e-07
96 4e-08
97 1.2e-07
98 1.6e-07
99 8e-08
100 1.6e-07
101 8e-08
102 0
103 1.2e-07
104 1.6e-07
105 1.2e-07
106 1.6e-07
107 1.2e-07
108 1.99602e-07
109 2e-07
110 1.2e-07
111 0
112 8e-08
113 4e-08
114 0
115 8e-08
116 2.4e-07
117 2e-07
118 0
119 8e-08
120 8e-08
121 4e-08
122 8e-08
123 4e-08
124 2.8e-07
125 4e-08
126 4e-08
127 1.6e-07
128 1.2e-07
129 8e-08
130 4e-08
131 4e-08
132 4e-08
133 8e-08
134 8e-08
135 8e-08
136 1.2e-07
137 1.59602e-07
138 1.2e-07
139 4e-08
140 4e-08
141 1.6e-07
142 1.6e-07
143 1.6e-07
144 4e-08
145 8e-08
146 1.6e-07
147 8e-08
148 8e-08
149 1.2e-07
150 1.2e-07
151 1.2e-07
152 4e-08
153 1.2e-07
154 0
155 1.6e-07
156 0
157 4e-08
158 1.2e-07
159 8e-08
160 4e-08
161 1.2e-07
162 0
163 4e-08
164 0
165 4e-08
166 1.19602e-07
167 1.6e-07
168 8e-08
169 4e-08
170 4e-08
171 4e-08
172 4e-08
173 4e-08
174 8e-08
175 8e-08
176 0
177 8e-08
178 8e-08
179 1.6e-07
180 8e-08
181 8e-08
182 8e-08
183 4e-08
184 4e-08
185 0
186 1.2e-07
187 8e-08
188 4e-08
189 4e-08
190 4e-08
191 0
192 0
193 1.6e-07
194 0
195 8e-08
196 0
197 1.2e-07
198 8e-08
199 4e-08
200 8e-08
201 4e-08
202 0
203 8e-08
204 4e-08
205 1.6e-07
206 0
207 4e-08
208 1.2e-07
209 7.9602e-08
210 8e-08
211 4e-08
212 0
213 4e-08
214 1.2e-07
215 4e-08
216 1.2e-07
217 1.6e-07
218 4e-08
219 4e-08
220 4e-08
221 4e-08
222 0
223 0
224 0
225 4e-08
226 4e-08
227 8e-08
228 2e-07
229 4e-08
230 8e-08
231 4e-08
232 4e-08
233 4e-08
234 0
235 1.2e-07
236 4e-08
237 4e-08
238 1.6e-07
239 0
240 8e-08
241 0
242 8e-08
243 4e-08
244 4e-08
245 8e-08
246 4e-08
247 8e-08
248 8e-08
249 4e-08
250 8e-08
251 8e-08
252 8e-08
253 4e-08
254 8e-08
255 4e-08
256 8e-08
257 0
258 8e-08
259 0
260 4e-08
261 1.6e-07
262 4e-08
263 1.6e-07
264 1.2e-07
265 1.59602e-07
266 8e-08
267 1.2e-07
268 4e-08
269 0
270 0
271 0
272 8e-08
273 4e-08
274 0
275 0
276 0
277 8e-08
278 4e-08
279 4e-08
280 0
281 0
282 0
283 4e-08
284 4e-08
285 0
286 8e-08
287 4e-08
288 0
289 4e-08
290 4e-08
291 4e-08
292 0
293 4e-08
294 0
295 4e-08
296 4e-08
297 1.2e-07
298 8e-08
299 0
300 1.6e-07
301 7.9602e-08
302 0
303 0
304 0
305 8e-08
306 1.6e-07
307 4e-08
308 4e-08
309 4e-08
310 8e-08
311 8e-08
312 0
313 4e-08
314 8e-08
315 0
316 4e-08
317 8e-08
318 0
319 4e-08
320 8e-08
321 0
322 8e-08
323 0
324 4e-08
325 0
326 4e-08
327 8e-08
328 4e-08
329 8e-08
330 0
331 1.6e-07
332 4e-08
333 4e-08
334 4e-08
335 8e-08
336 4e-08
337 0
338 0
339 4e-08
340 8e-08
341 0
342 8e-08
343 0
344 0
345 0
346 4e-08
347 8e-08
348 8e-08
349 4e-08
350 4e-08
351 0
352 0
353 0
354 4e-08
355 4e-08
356 0
357 1.2e-07
358 0
359 4e-08
360 1.2e-07
361 8e-08
362 4e-08
363 0
364 4e-08
365 8e-08
366 4e-08
367 8e-08
368 4e-08
369 0
370 8e-08
371 0
372 4e-08
373 4e-08
374 0
375 8e-08
376 8e-08
377 0
378 0
379 8e-08
380 0
381 4e-08
382 0
383 8e-08
384 0
385 8e-08
386 0
387 8e-08
388 0
389 0
390 4e-08
391 3.9602e-08
392 0
393 4e-08
394 0
395 0
396 4e-08
397 4e-08
398 4e-08
399 0
400 0
401 0
402 0
403 4e-08
404 4e-08
405 4e-08
406 1.6e-07
407 0
408 4e-08
409 0
410 4e-08
411 8e-08
412 0
413 8e-08
414 0
415 8e-08
416 4e-08
417 4e-08
418 0
419 4e-08
420 0
421 0
422 0
423 4e-08
424 0
425 0
426 0
427 0
428 0
429 0
430 0
431 0
432 4e-08
433 0
434 0
435 0
436 0
437 4e-08
438 0
439 4e-08
440 0
441 3.9602e-08
442 8e-08
443 4e-08
444 7.9602e-08
445 0
446 0
447 8e-08
448 8e-08
449 0
450 0
451 8e-08
452 4e-08
453 0
454 0
455 0
456 0
457 4e-08
458 4e-08
459 4e-08
460 4e-08
461 4e-08
462 8e-08
463 0
464 4e-08
465 8e-08
466 8e-08
467 4e-08
468 4e-08
469 4e-08
470 0
471 4e-08
472 4e-08
473 0
474 0
475 0
476 0
477 4e-08
478 0
479 4e-08
480 0
481 0
482 4e-08
483 0
484 1.2e-07
485 0
486 1.2e-07
487 0
488 8e-08
489 4e-08
490 0
491 0
492 4e-08
493 0
494 1.2e-07
495 0
496 0
497 8e-08
498 8e-08
499 4e-08
500 0
501 0
502 4e-08
503 4e-08
504 4e-08
505 0
506 0
507 0
508 0
509 0
510 0
511 0
512 0
513 0
514 0
515 0
516 4e-08
517 0
518 0
519 0
520 0
521 4e-08
522 0
523 0
524 0
525 0
526 0
527 8e-08
528 8e-08
529 0
530 0
531 0
532 0
533 0
534 8e-08
535 8e-08
536 0
537 4e-08
538 4e-08
539 4e-08
540 0
541 0
542 0
543 4e-08
544 4e-08
545 0
546 0
547 4e-08
548 0
549 4e-08
550 4e-08
551 0
552 0
553 4e-08
554 8e-08
555 0
556 0
557 8e-08
558 4e-08
559 0
560 4e-08
561 0
562 0
563 0
564 4e-08
565 0
566 0
567 8e-08
568 4e-08
569 4e-08
570 0
571 0
572 0
573 1.6e-07
574 0
575 4e-08
576 8e-08
577 4e-08
578 4e-08
579 0
580 0
581 0
582 8e-08
583 4e-08
584 0
585 0
586 8e-08
587 0
588 0
589 0
590 4e-08
591 0
592 0
593 4e-08
594 0
595 0
596 4e-08
597 4e-08
598 0
599 0
600 4e-08
601 4e-08
602 4e-08
603 4e-08
604 0
605 0
606 0
607 4e-08
608 8e-08
609 4e-08
610 8e-08
611 0
612 4e-08
613 8e-08
614 4e-08
615 0
616 4e-08
617 0
618 0
619 4e-08
620 4e-08
621 4e-08
622 4e-08
623 0
624 0
625 4e-08
626 8e-08
627 0
628 3.9602e-08
629 0
630 4e-08
631 0
632 4e-08
633 0
634 0
635 4e-08
636 0
637 4e-08
638 4e-08
639 4e-08
640 0
641 0
642 4e-08
643 0
644 4e-08
645 0
646 0
647 0
648 0
649 0
650 0
651 0
652 0
653 4e-08
654 0
655 0
656 4e-08
657 4e-08
658 0
659 0
660 0
661 4e-08
662 0
663 4e-08
664 0
665 0
666 4e-08
667 0
668 0
669 0
670 4e-08
671 4e-08
672 3.9602e-08
673 0
674 0
675 0
676 0
677 4e-08
678 4e-08
679 0
680 0
681 4e-08
682 0
683 0
684 0
685 0
686 0
687 0
688 4e-08
689 0
690 8e-08
691 0
692 4e-08
693 0
694 0
695 0
696 0
697 0
698 0
699 0
700 0
701 4e-08
702 3.9602e-08
703 0
704 4e-08
705 8e-08
706 4e-08
707 0
708 0
709 4e-08
710 0
711 0
712 0
713 4e-08
714 0
715 8e-08
716 0
717 4e-08
718 0
719 4e-08
720 0
721 0
722 0
723 0
724 0
725 0
726 0
727 4e-08
728 0
729 0
730 4e-08
731 4e-08
732 4e-08
733 4e-08
734 0
735 4e-08
736 4e-08
737 8e-08
738 0
739 4e-08
740 4e-08
741 0
742 4e-08
743 0
744 0
745 0
746 0
747 0
748 4e-08
749 0
750 0
751 4e-08
752 0
753 0
754 0
755 4e-08
756 4e-08
757 0
758 0
759 0
760 0
761 0
762 4e-08
763 0
764 0
765 0
766 0
767 4e-08
768 4e-08
769 0
770 0
771 0
772 0
773 4e-08
774 4e-08
775 4e-08
776 0
777 4e-08
778 0
779 0
780 0
781 0
782 8e-08
783 4e-08
784 4e-08
785 0
786 8e-08
787 8e-08
788 0
789 0
790 0
791 0
792 4e-08
793 0
794 0
795 0
796 0
797 0
798 4e-08
799 4e-08
800 4e-08
801 0
802 0
803 0
804 0
805 0
806 0
807 0
808 0
809 0
810 0
811 4e-08
812 0
813 0
814 0
815 0
816 0
817 4e-08
818 4e-08
819 0
820 0
821 0
822 4e-08
823 0
824 4e-08
825 0
826 0
827 0
828 4e-08
829 0
830 0
831 0
832 0
833 4e-08
834 0
835 0
836 0
837 0
838 8e-08
839 0
840 0
841 4e-08
842 0
843 0
844 0
845 0
846 0
847 4e-08
848 4e-08
849 0
850 4e-08
851 0
852 4e-08
853 4e-08
854 0
855 4e-08
856 0
857 0
858 0
859 0
860 0
861 0
862 0
863 0
864 4e-08
865 4e-08
866 1.2e-07
867 4e-08
868 4e-08
869 0
870 4e-08
871 0
872 0
873 0
874 0
875 0
876 4e-08
877 0
878 0
879 0
880 0
881 0
882 0
883 0
884 0
885 0
886 4e-08
887 4e-08
888 0
889 0
890 4e-08
891 0
892 0
893 0
894 4e-08
895 0
896 4e-08
897 8e-08
898 0
899 4e-08
900 0
901 4e-08
902 0
903 0
904 4e-08
905 0
906 0
907 4e-08
908 4e-08
909 0
910 0
911 0
912 0
913 0
914 0
915 4e-08
916 0
917 0
918 4e-08
919 4e-08
920 0
921 0
922 0
923 0
924 4e-08
925 4e-08
926 0
927 0
928 0
929 4e-08
930 4e-08
931 0
932 4e-08
933 0
934 0
935 0
936 0
937 4e-08
938 0
939 0
940 0
941 0
942 0
943 4e-08
944 0
945 0
946 4e-08
947 4e-08
948 4e-08
949 0
950 0
951 0
952 0
953 4e-08
954 0
955 4e-08
956 0
957 0
958 8e-08
959 4e-08
960 0
961 4e-08
962 0
963 4e-08
964 0
965 4e-08
966 0
967 4e-08
968 0
969 0
970 0
971 4e-08
972 0
973 4e-08
974 4e-08
975 0
976 0
977 0
978 4e-08
979 0
980 3.9602e-08
981 0
982 4e-08
983 4e-08
984 4e-08
985 4e-08
986 0
987 0
988 4e-08
989 0
990 0
991 0
992 0
993 0
994 0
995 4e-08
996 4e-08
997 0
998 0
999 0
