0 0
1 1.2e-05
2 6.68e-06
3 4.48e-06
4 2.96e-06
5 2.2e-06
6 2e-06
7 1.84e-06
8 1.72e-06
9 1.12e-06
10 1.36e-06
11 1.12e-06
12 9.6e-07
13 8.4e-07
14 7.6e-07
15 7.6e-07
16 1.32e-06
17 3.2e-07
18 8.4e-07
19 6.39602e-07
20 7.2e-07
21 5.2e-07
22 5.2e-07
23 6.39602e-07
24 3.6e-07
25 5.2e-07
26 6.4e-07
27 5.6e-07
28 6e-07
29 4.4e-07
30 3.2e-07
31 6e-07
32 2.8e-07
33 2e-07
34 4e-07
35 5.2e-07
36 3.6e-07
37 4.4e-07
38 4.8e-07
39 1.6e-07
40 4e-07
41 1.6e-07
42 4e-07
43 2.8e-07
44 1.6e-07
45 4e-07
46 3.59204e-07
47 1.2e-07
48 3.2e-07
49 1.2e-07
50 1.2e-07
51 2e-07
52 1.2e-07
53 3.2e-07
54 5.59602e-07
55 3.2e-07
56 1.99602e-07
57 2.8e-07
58 7.9602e-08
59 2.8e-07
60 8e-08
61 1.6e-07
62 3.2e-07
63 2e-07
64 1.2e-07
65 2e-07
66 1.2e-07
67 2e-07
68 2.8e-07
69 1.2e-07
70 2.4e-07
71 2e-07
72 4e-08
73 0
74 3.6e-07
75 3.2e-07
76 8e-08
77 1.59602e-07
78 1.6e-07
79 1.2e-07
80 1.2e-07
81 4e-08
82 1.2e-07
83 2e-07
84 8e-08
85 2e-07
86 2.8e-07
87 2e-07
88 1.2e-07
89 1.2e-07
90 8e-08
91 4e-08
92 1.2e-07
93 8e-08
94 8e-08
95 2.4e-07
96 2e-07
97 1.2e-07
98 8e-08
99 0
100 8e-08
101 2.4e-07
102 1.2e-07
103 2.4e-07
104 2e-07
105 1.2e-07
106 1.6e-07
107 8e-08
108 1.2e-07
109 1.2e-07
110 1.6e-07
111 8e-08
112 4e-08
113 4e-08
114 1.2e-07
115 8e-08
116 8e-08
117 2e-07
118 4e-08
119 4e-08
120 1.6e-07
121 4e-08
122 1.2e-07
123 8e-08
124 1.6e-07
125 1.2e-07
126 2.4e-07
127 8e-08
128 4e-08
129 8e-08
130 4e-08
131 1.2e-07
132 0
133 8e-08
134 4e-08
135 8e-08
136 4e-08
137 8e-08
138 1.2e-07
139 4e-08
140 8e-08
141 1.2e-07
142 0
143 0
144 8e-08
145 1.2e-07
146 1.59602e-07
147 4e-08
148 4e-08
149 2e-07
150 0
151 1.2e-07
152 1.6e-07
153 2e-07
154 4e-08
155 4e-08
156 2e-07
157 4e-08
158 0
159 4e-08
160 4e-08
161 4e-08
162 4e-08
163 8e-08
164 4e-08
165 8e-08
166 4e-08
167 8e-08
168 1.2e-07
169 8e-08
170 0
171 1.2e-07
172 1.2e-07
173 4e-08
174 4e-08
175 1.2e-07
176 8e-08
177 4e-08
178 4e-08
179 4e-08
180 8e-08
181 1.6e-07
182 8e-08
183 1.19602e-07
184 0
185 0
186 4e-08
187 1.6e-07
188 4e-08
189 1.2e-07
190 8e-08
191 1.6e-07
192 0
193 4e-08
194 8e-08
195 4e-08
196 1.2e-07
197 0
198 1.6e-07
199 1.6e-07
200 4e-08
201 8e-08
202 1.2e-07
203 4e-08
204 1.6e-07
205 1.2e-07
206 1.2e-07
207 8e-08
208 4e-08
209 4e-08
210 8e-08
211 4e-08
212 0
213 1.2e-07
214 1.2e-07
215 4e-08
216 4e-08
217 0
218 0
219 4e-08
220 1.6e-07
221 1.2e-07
222 0
223 8e-08
224 1.2e-07
225 8e-08
226 4e-08
227 8e-08
228 8e-08
229 4e-08
230 8e-08
231 0
232 0
233 4e-08
234 8e-08
235 0
236 8e-08
237 8e-08
238 0
239 8e-08
240 1.6e-07
241 4e-08
242 0
243 8e-08
244 4e-08
245 1.2e-07
246 4e-08
247 4e-08
248 1.2e-07
249 0
250 0
251 0
252 0
253 8e-08
254 0
255 4e-08
256 0
257 1.2e-07
258 8e-08
259 8e-08
260 4e-08
261 8e-08
262 4e-08
263 4e-08
264 8e-08
265 0
266 4e-08
267 4e-08
268 4e-08
269 7.9602e-08
270 8e-08
271 4e-08
272 4e-08
273 4e-08
274 0
275 0
276 4e-08
277 0
278 0
279 1.2e-07
280 4e-08
281 4e-08
282 4e-08
283 1.2e-07
284 1.2e-07
285 1.6e-07
286 8e-08
287 4e-08
288 1.19602e-07
289 4e-08
290 8e-08
291 4e-08
292 8e-08
293 4e-08
294 4e-08
295 4e-08
296 4e-08
297 0
298 4e-08
299 0
300 1.2e-07
301 0
302 4e-08
303 4e-08
304 4e-08
305 4e-08
306 0
307 1.2e-07
308 4e-08
309 0
310 0
311 4e-08
312 8e-08
313 4e-08
314 1.2e-07
315 0
316 4e-08
317 4e-08
318 8e-08
319 4e-08
320 8e-08
321 4e-08
322 4e-08
323 8e-08
324 0
325 8e-08
326 4e-08
327 0
328 4e-08
329 0
330 0
331 0
332 0
333 0
334 4e-08
335 0
336 0
337 0
338 0
339 0
340 0
341 0
342 8e-08
343 8e-08
344 8e-08
345 4e-08
346 0
347 0
348 8e-08
349 1.2e-07
350 8e-08
351 3.9602e-08
352 0
353 4e-08
354 4e-08
355 4e-08
356 4e-08
357 0
358 0
359 0
360 0
361 0
362 0
363 1.2e-07
364 0
365 1.2e-07
366 4e-08
367 4e-08
368 0
369 8e-08
370 1.2e-07
371 8e-08
372 0
373 0
374 0
375 4e-08
376 8e-08
377 4e-08
378 0
379 8e-08
380 0
381 0
382 0
383 0
384 4e-08
385 0
386 0
387 0
388 0
389 4e-08
390 4e-08
391 4e-08
392 0
393 4e-08
394 1.2e-07
395 4e-08
396 0
397 0
398 8e-08
399 0
400 0
401 0
402 0
403 8e-08
404 0
405 8e-08
406 4e-08
407 0
408 0
409 4e-08
410 0
411 4e-08
412 8e-08
413 0
414 4e-08
415 0
416 4e-08
417 0
418 0
419 8e-08
420 0
421 0
422 4e-08
423 0
424 0
425 0
426 0
427 0
428 4e-08
429 4e-08
430 1.2e-07
431 8e-08
432 0
433 0
434 0
435 0
436 4e-08
437 0
438 0
439 0
440 0
441 4e-08
442 0
443 0
444 4e-08
445 8e-08
446 8e-08
447 4e-08
448 0
449 8e-08
450 4e-08
451 0
452 8e-08
453 0
454 4e-08
455 0
456 0
457 4e-08
458 4e-08
459 0
460 8e-08
461 0
462 4e-08
463 4e-08
464 4e-08
465 4e-08
466 8e-08
467 0
468 4e-08
469 0
470 0
471 8e-08
472 0
473 8e-08
474 0
475 0
476 7.9602e-08
477 4e-08
478 4e-08
479 8e-08
480 0
481 0
482 0
483 4e-08
484 4e-08
485 0
486 0
487 1.2e-07
488 0
489 4e-08
490 1.2e-07
491 4e-08
492 0
493 0
494 0
495 0
496 8e-08
497 4e-08
498 8e-08
499 0
500 1.2e-07
501 0
502 4e-08
503 4e-08
504 4e-08
505 4e-08
506 4e-08
507 0
508 8e-08
509 8e-08
510 0
511 4e-08
512 8e-08
513 0
514 0
515 0
516 4e-08
517 0
518 0
519 0
520 0
521 0
522 4e-08
523 0
524 4e-08
525 4e-08
526 0
527 0
528 0
529 4e-08
530 0
531 0
532 4e-08
533 4e-08
534 4e-08
535 0
536 0
537 8e-08
538 0
539 4e-08
540 8e-08
541 0
542 4e-08
543 0
544 4e-08
545 4e-08
546 0
547 0
548 0
549 0
550 1.2e-07
551 8e-08
552 4e-08
553 0
554 0
555 0
556 0
557 0
558 0
559 4e-08
560 4e-08
561 0
562 8e-08
563 0
564 0
565 0
566 4e-08
567 0
568 0
569 0
570 0
571 4e-08
572 0
573 0
574 0
575 0
576 0
577 0
578 0
579 4e-08
580 4e-08
581 0
582 4e-08
583 0
584 0
585 1.6e-07
586 0
587 4e-08
588 4e-08
589 0
590 4e-08
591 4e-08
592 4e-08
593 0
594 0
595 4e-08
596 8e-08
597 0
598 4e-08
599 0
600 0
601 0
602 4e-08
603 0
604 4e-08
605 0
606 4e-08
607 1.2e-07
608 0
609 8e-08
610 0
611 1.6e-07
612 0
613 4e-08
614 0
615 0
616 0
617 8e-08
618 8e-08
619 0
620 0
621 0
622 4e-08
623 0
624 0
625 0
626 0
627 4e-08
628 8e-08
629 0
630 0
631 0
632 0
633 4e-08
634 0
635 4e-08
636 0
637 0
638 0
639 4e-08
640 4e-08
641 8e-08
642 4e-08
643 4e-08
644 0
645 0
646 0
647 0
648 4e-08
649 0
650 4e-08
651 4e-08
652 0
653 4e-08
654 0
655 8e-08
656 0
657 0
658 0
659 8e-08
660 0
661 0
662 4e-08
663 0
664 8e-08
665 4e-08
666 0
667 8e-08
668 4e-08
669 0
670 8e-08
671 0
672 8e-08
673 0
674 0
675 0
676 0
677 4e-08
678 0
679 0
680 4e-08
681 0
682 4e-08
683 4e-08
684 0
685 0
686 0
687 0
688 4e-08
689 4e-08
690 0
691 4e-08
692 4e-08
693 0
694 0
695 4e-08
696 0
697 0
698 4e-08
699 0
700 0
701 0
702 0
703 0
704 0
705 0
706 4e-08
707 0
708 0
709 0
710 8e-08
711 4e-08
712 0
713 0
714 8e-08
715 0
716 0
717 4e-08
718 4e-08
719 0
720 0
721 0
722 4e-08
723 8e-08
724 0
725 4e-08
726 4e-08
727 0
728 0
729 0
730 0
731 0
732 0
733 0
734 4e-08
735 0
736 0
737 4e-08
738 1.2e-07
739 0
740 4e-08
741 0
742 8e-08
743 4e-08
744 0
745 0
746 0
747 0
748 0
749 0
750 0
751 4e-08
752 0
753 4e-08
754 4e-08
755 0
756 0
757 4e-08
758 0
759 0
760 4e-08
761 8e-08
762 4e-08
763 0
764 0
765 4e-08
766 0
767 0
768 0
769 0
770 0
771 0
772 0
773 0
774 4e-08
775 0
776 4e-08
777 0
778 4e-08
779 0
780 0
781 0
782 0
783 0
784 0
785 0
786 4e-08
787 0
788 4e-08
789 0
790 0
791 0
792 0
793 0
794 0
795 0
796 4e-08
797 0
798 0
799 0
800 0
801 4e-08
802 0
803 4e-08
804 4e-08
805 0
806 0
807 0
808 0
809 4e-08
810 0
811 4e-08
812 0
813 0
814 0
815 0
816 0
817 4e-08
818 1.2e-07
819 0
820 4e-08
821 0
822 0
823 0
824 0
825 0
826 0
827 0
828 4e-08
829 0
830 0
831 0
832 0
833 0
834 0
835 4e-08
836 0
837 0
838 0
839 0
840 0
841 0
842 0
843 0
844 0
845 0
846 0
847 0
848 0
849 0
850 0
851 4e-08
852 0
853 0
854 0
855 0
856 4e-08
857 4e-08
858 0
859 0
860 4e-08
861 0
862 0
863 0
864 0
865 0
866 0
867 0
868 4e-08
869 0
870 0
871 4e-08
872 0
873 0
874 0
875 0
876 4e-08
877 0
878 0
879 0
880 0
881 4e-08
882 0
883 0
884 0
885 4e-08
886 0
887 8e-08
888 0
889 0
890 4e-08
891 4e-08
892 0
893 0
894 0
895 8e-08
896 0
897 0
898 0
899 3.9602e-08
900 0
901 0
902 0
903 0
904 8e-08
905 0
906 4e-08
907 0
908 0
909 0
910 0
911 0
912 0
913 4e-08
914 4e-08
915 0
916 0
917 0
918 4e-08
919 0
920 0
921 0
922 0
923 0
924 4e-08
925 4e-08
926 0
927 0
928 0
929 0
930 0
931 0
932 0
933 0
934 0
935 4e-08
936 0
937 3.9602e-08
938 4e-08
939 4e-08
940 0
941 0
942 4e-08
943 0
944 4e-08
945 0
946 0
947 8e-08
948 4e-08
949 0
950 0
951 0
952 0
953 0
954 4e-08
955 0
956 4e-08
957 4e-08
958 4e-08
959 0
960 0
961 0
962 4e-08
963 0
964 0
965 0
966 8e-08
967 0
968 0
969 0
970 4e-08
971 0
972 0
973 0
974 0
975 0
976 0
977 0
978 4e-08
979 0
980 0
981 0
982 4e-08
983 0
984 4e-08
985 0
986 8e-08
987 0
988 4e-08
989 8e-08
990 0
991 0
992 8e-08
993 0
994 0
995 0
996 0
997 0
998 4e-08
999 0
