0 0
1 0.00034
2 0.00034
3 0.00032
4 0.000272
5 0.000284
6 0.0002
7 0.000184
8 0.000132
9 0.000132
10 0.000165472
11 0.00014
12 8.94715e-05
13 0.0001
14 7.6e-05
15 9.2e-05
16 7.34715e-05
17 7.2e-05
18 4.8e-05
19 7.6e-05
20 8e-05
21 3.6e-05
22 5.2e-05
23 5.6e-05
24 6.4e-05
25 5.2e-05
26 6.8e-05
27 5.2e-05
28 3.6e-05
29 4e-05
30 4.4e-05
31 2e-05
32 3.2e-05
33 4.4e-05
34 4e-05
35 2e-05
36 4e-05
37 4e-05
38 1.6e-05
39 4e-05
40 1.2e-05
41 4.4e-05
42 2e-05
43 2e-05
44 1.2e-05
45 0
46 2.8e-05
47 3.2e-05
48 4e-05
49 2e-05
50 3.6e-05
51 1.34715e-05
52 2.94715e-05
53 2.4e-05
54 2e-05
55 1.6e-05
56 2.8e-05
57 3.6e-05
58 2.4e-05
59 2e-05
60 2e-05
61 1.6e-05
62 1.2e-05
63 2e-05
64 1.2e-05
65 3.2e-05
66 1.6e-05
67 2e-05
68 4e-05
69 2.4e-05
70 1.6e-05
71 8e-06
72 2e-05
73 2.8e-05
74 4e-06
75 8e-06
76 1.2e-05
77 1.2e-05
78 2.4e-05
79 1.6e-05
80 2.8e-05
81 2e-05
82 2e-05
83 0
84 1.2e-05
85 1.2e-05
86 1.6e-05
87 2e-05
88 8e-06
89 2.4e-05
90 1.6e-05
91 2.4e-05
92 2.4e-05
93 3.2e-05
94 1.34715e-05
95 0
96 1.6e-05
97 4e-06
98 8e-06
99 1.2e-05
100 1.2e-05
101 1.2e-05
102 8e-06
103 8e-06
104 1.2e-05
105 8e-06
106 4e-06
107 8e-06
108 1.2e-05
109 0
110 4e-06
111 1.6e-05
112 8e-06
113 8e-06
114 1.2e-05
115 2e-05
116 4e-06
117 4e-06
118 1.6e-05
119 4e-06
120 8e-06
121 2e-05
122 8e-06
123 4e-06
124 1.6e-05
125 8e-06
126 8e-06
127 0
128 8e-06
129 4e-06
130 2e-05
131 8e-06
132 4e-06
133 4e-06
134 1.6e-05
135 1.2e-05
136 4e-06
137 4e-06
138 1.2e-05
139 2.4e-05
140 0
141 2e-05
142 0
143 1.2e-05
144 8e-06
145 2.8e-05
146 2e-05
147 1.2e-05
148 1.6e-05
149 8e-06
150 2e-05
151 5.47152e-06
152 8e-06
153 1.34715e-05
154 4e-06
155 4e-06
156 1.2e-05
157 2e-05
158 4e-06
159 8e-06
160 8e-06
161 1.2e-05
162 8e-06
163 8e-06
164 0
165 8e-06
166 8e-06
167 1.2e-05
168 0
169 1.6e-05
170 4e-06
171 4e-06
172 0
173 4e-06
174 0
175 1.2e-05
176 2e-05
177 8e-06
178 8e-06
179 0
180 4e-06
181 4e-06
182 1.2e-05
183 8e-06
184 1.2e-05
185 4e-06
186 8e-06
187 4e-06
188 1.6e-05
189 4e-06
190 8e-06
191 8e-06
192 4e-06
193 0
194 0
195 8e-06
196 4e-06
197 4e-06
198 4e-06
199 0
200 4e-06
201 1.6e-05
202 1.2e-05
203 8e-06
204 8e-06
205 4e-06
206 8e-06
207 4e-06
208 8e-06
209 8e-06
210 4e-06
211 4e-06
212 0
213 8e-06
214 0
215 0
216 8e-06
217 4e-06
218 0
219 1.2e-05
220 0
221 4e-06
222 0
223 4e-06
224 4e-06
225 4e-06
226 1.2e-05
227 1.6e-05
228 8e-06
229 1.2e-05
230 8e-06
231 8e-06
232 0
233 0
234 1.2e-05
235 0
236 4e-06
237 4e-06
238 1.2e-05
239 4e-06
240 4e-06
241 8e-06
242 8e-06
243 2e-05
244 4e-06
245 1.6e-05
246 4e-06
247 0
248 4e-06
249 1.2e-05
250 8e-06
251 4e-06
252 0
253 0
254 4e-06
255 8e-06
256 0
257 4e-06
258 8e-06
259 4e-06
260 4e-06
261 8e-06
262 4e-06
263 8e-06
264 4e-06
265 0
266 4e-06
267 4e-06
268 0
269 0
270 0
271 4e-06
272 4e-06
273 4e-06
274 4e-06
275 8e-06
276 4e-06
277 1.2e-05
278 4e-06
279 4e-06
280 1.2e-05
281 0
282 8e-06
283 4e-06
284 8e-06
285 0
286 4e-06
287 8e-06
288 8e-06
289 4e-06
290 4e-06
291 8e-06
292 0
293 1.2e-05
294 4e-06
295 0
296 4e-06
297 0
298 8e-06
299 1.2e-05
300 4e-06
301 4e-06
302 0
303 4e-06
304 4e-06
305 4e-06
306 8e-06
307 4e-06
308 0
309 4e-06
310 8e-06
311 0
312 4e-06
313 4e-06
314 0
315 0
316 8e-06
317 8e-06
318 4e-06
319 0
320 4e-06
321 8e-06
322 0
323 0
324 0
325 4e-06
326 8e-06
327 0
328 4e-06
329 0
330 0
331 0
332 0
333 0
334 0
335 0
336 4e-06
337 4e-06
338 1.47152e-06
339 0
340 0
341 0
342 4e-06
343 0
344 4e-06
345 8e-06
346 1.2e-05
347 4e-06
348 0
349 8e-06
350 4e-06
351 0
352 0
353 0
354 4e-06
355 0
356 4e-06
357 4e-06
358 8e-06
359 4e-06
360 0
361 4e-06
362 0
363 0
364 8e-06
365 1.2e-05
366 0
367 4e-06
368 8e-06
369 0
370 8e-06
371 0
372 4e-06
373 8e-06
374 4e-06
375 4e-06
376 8e-06
377 4e-06
378 0
379 8e-06
380 0
381 8e-06
382 8e-06
383 0
384 4e-06
385 4e-06
386 0
387 0
388 0
389 8e-06
390 4e-06
391 0
392 8e-06
393 4e-06
394 0
395 0
396 0
397 4e-06
398 4e-06
399 4e-06
400 0
401 4e-06
402 8e-06
403 0
404 0
405 4e-06
406 4e-06
407 0
408 4e-06
409 4e-06
410 8e-06
411 8e-06
412 8e-06
413 4e-06
414 8e-06
415 0
416 4e-06
417 4e-06
418 8e-06
419 0
420 0
421 0
422 4e-06
423 0
424 4e-06
425 4e-06
426 8e-06
427 4e-06
428 0
429 0
430 1.2e-05
431 0
432 0
433 8e-06
434 4e-06
435 0
436 0
437 4e-06
438 0
439 0
440 0
441 8e-06
442 0
443 8e-06
444 4e-06
445 0
446 4e-06
447 4e-06
448 4e-06
449 0
450 4e-06
451 0
452 0
453 8e-06
454 4e-06
455 4e-06
456 0
457 0
458 0
459 8e-06
460 4e-06
461 0
462 4e-06
463 8e-06
464 4e-06
465 4e-06
466 0
467 8e-06
468 4e-06
469 4e-06
470 0
471 0
472 0
473 4e-06
474 0
475 0
476 4e-06
477 0
478 0
479 0
480 0
481 4e-06
482 4e-06
483 0
484 0
485 0
486 0
487 0
488 4e-06
489 0
490 0
491 4e-06
492 8e-06
493 4e-06
494 0
495 0
496 0
497 0
498 0
499 4e-06
500 4e-06
501 0
502 0
503 0
504 0
505 0
506 4e-06
507 0
508 0
509 0
510 4e-06
511 0
512 0
513 4e-06
514 4e-06
515 0
516 4e-06
517 0
518 0
519 0
520 0
521 4e-06
522 8e-06
523 8e-06
524 0
525 0
526 0
527 4e-06
528 0
529 4e-06
530 0
531 0
532 0
533 4e-06
534 0
535 8e-06
536 0
537 8e-06
538 8e-06
539 4e-06
540 4e-06
541 8e-06
542 0
543 0
544 0
545 1.2e-05
546 4e-06
547 4e-06
548 0
549 0
550 0
551 4e-06
552 0
553 0
554 0
555 0
556 4e-06
557 4e-06
558 0
559 4e-06
560 0
561 0
562 0
563 4e-06
564 4e-06
565 8e-06
566 4e-06
567 0
568 0
569 0
570 4e-06
571 4e-06
572 8e-06
573 0
574 0
575 4e-06
576 0
577 4e-06
578 0
579 0
580 4e-06
581 0
582 0
583 4e-06
584 8e-06
585 0
586 4e-06
587 4e-06
588 0
589 4e-06
590 0
591 0
592 0
593 0
594 4e-06
595 4e-06
596 0
597 0
598 0
599 4e-06
600 4e-06
601 0
602 0
603 0
604 0
605 0
606 0
607 4e-06
608 0
609 0
610 4e-06
611 0
612 0
613 4e-06
614 4e-06
615 0
616 4e-06
617 0
618 0
619 0
620 0
621 4e-06
622 0
623 1.2e-05
624 0
625 4e-06
626 0
627 0
628 4e-06
629 1.2e-05
630 0
631 0
632 0
633 0
634 0
635 0
636 4e-06
637 4e-06
638 0
639 0
640 4e-06
641 8e-06
642 0
643 0
644 4e-06
645 0
646 4e-06
647 0
648 0
649 0
650 0
651 4e-06
652 5.47152e-06
653 0
654 0
655 4e-06
656 0
657 4e-06
658 0
659 0
660 0
661 0
662 0
663 4e-06
664 0
665 0
666 8e-06
667 0
668 8e-06
669 0
670 0
671 0
672 0
673 0
674 4e-06
675 0
676 0
677 0
678 0
679 4e-06
680 0
681 0
682 4e-06
683 0
684 0
685 4e-06
686 0
687 0
688 8e-06
689 4e-06
690 4e-06
691 0
692 0
693 0
694 0
695 4e-06
696 0
697 0
698 0
699 0
700 0
701 4e-06
702 0
703 4e-06
704 0
705 0
706 4e-06
707 0
708 0
709 0
710 4e-06
711 5.47152e-06
712 4e-06
713 0
714 0
715 0
716 0
717 0
718 0
719 4e-06
720 0
721 0
722 0
723 0
724 0
725 0
726 4e-06
727 0
728 0
729 4e-06
730 8e-06
731 0
732 4e-06
733 0
734 4e-06
735 4e-06
736 0
737 8e-06
738 4e-06
739 0
740 0
741 4e-06
742 4e-06
743 0
744 0
745 4e-06
746 0
747 2e-05
748 0
749 0
750 0
751 4e-06
752 1.47152e-06
753 4e-06
754 4e-06
755 0
756 0
757 0
758 0
759 8e-06
760 0
761 0
762 0
763 0
764 0
765 8e-06
766 0
767 4e-06
768 0
769 4e-06
770 4e-06
771 4e-06
772 0
773 0
774 0
775 4e-06
776 0
777 0
778 0
779 4e-06
780 1.2e-05
781 0
782 0
783 0
784 0
785 0
786 0
787 0
788 0
789 0
790 0
791 0
792 4e-06
793 0
794 0
795 0
796 0
797 8e-06
798 0
799 0
800 0
801 8e-06
802 0
803 0
804 4e-06
805 0
806 0
807 4e-06
808 4e-06
809 4e-06
810 4e-06
811 0
812 0
813 0
814 8e-06
815 0
816 0
817 0
818 4e-06
819 0
820 0
821 0
822 0
823 0
824 0
825 0
826 4e-06
827 0
828 8e-06
829 1.47152e-06
830 0
831 4e-06
832 0
833 4e-06
834 8e-06
835 0
836 4e-06
837 4e-06
838 4e-06
839 0
840 0
841 4e-06
842 4e-06
843 0
844 0
845 0
846 0
847 4e-06
848 0
849 0
850 0
851 0
852 0
853 0
854 4e-06
855 0
856 0
857 4e-06
858 0
859 0
860 0
861 0
862 0
863 0
864 8e-06
865 0
866 0
867 8e-06
868 4e-06
869 0
870 0
871 4e-06
872 0
873 0
874 0
875 0
876 0
877 4e-06
878 8e-06
879 0
880 0
881 0
882 0
883 0
884 0
885 0
886 4e-06
887 0
888 4e-06
889 0
890 0
891 0
892 0
893 4e-06
894 0
895 0
896 0
897 8e-06
898 0
899 0
900 0
901 0
902 4e-06
903 0
904 0
905 0
906 8e-06
907 0
908 0
909 0
910 4e-06
911 0
912 0
913 0
914 4e-06
915 0
916 0
917 0
918 0
919 0
920 0
921 0
922 4e-06
923 0
924 0
925 0
926 0
927 0
928 4e-06
929 4e-06
930 0
931 4e-06
932 0
933 0
934 0
935 0
936 0
937 4e-06
938 4e-06
939 0
940 0
941 4e-06
942 4e-06
943 0
944 0
945 0
946 4e-06
947 0
948 0
949 0
950 0
951 0
952 1.47152e-06
953 0
954 0
955 0
956 0
957 4e-06
958 8e-06
959 0
960 0
961 4e-06
962 0
963 0
964 0
965 8e-06
966 0
967 4e-06
968 0
969 0
970 0
971 0
972 0
973 0
974 0
975 0
976 4e-06
977 0
978 8e-06
979 0
980 0
981 4e-06
982 0
983 4e-06
984 0
985 0
986 0
987 4e-06
988 0
989 0
990 0
991 0
992 0
993 0
994 0
995 4e-06
996 0
997 4e-06
998 8e-06
999 0
