0 0
1 1.156e-05
2 6.5196e-06
3 4.28e-06
4 3.28e-06
5 2.08e-06
6 2e-06
7 1.88e-06
8 1.64e-06
9 1.16e-06
10 1.52e-06
11 1.24e-06
12 1.48e-06
13 1.3592e-06
14 7.2e-07
15 8e-07
16 4.4e-07
17 1.28e-06
18 8.8e-07
19 9.6e-07
20 5.6e-07
21 5.6e-07
22 6.4e-07
23 3.59602e-07
24 5.6e-07
25 4.4e-07
26 5.2e-07
27 4e-07
28 6.4e-07
29 7.6e-07
30 4e-07
31 7.19602e-07
32 2.8e-07
33 3.6e-07
34 2.8e-07
35 3.2e-07
36 6.4e-07
37 3.6e-07
38 4.8e-07
39 3.6e-07
40 2.4e-07
41 4.4e-07
42 1.6e-07
43 2.4e-07
44 3.2e-07
45 3.2e-07
46 1.2e-07
47 2.4e-07
48 2.4e-07
49 2e-07
50 1.6e-07
51 2.8e-07
52 2.8e-07
53 4.8e-07
54 2e-07
55 2.8e-07
56 2.4e-07
57 1.99602e-07
58 4e-07
59 1.6e-07
60 1.2e-07
61 1.2e-07
62 2.4e-07
63 1.6e-07
64 1.6e-07
65 1.59602e-07
66 2e-07
67 3.6e-07
68 1.2e-07
69 1.2e-07
70 1.6e-07
71 1.2e-07
72 3.6e-07
73 8e-08
74 1.2e-07
75 0
76 1.2e-07
77 1.6e-07
78 4e-08
79 8e-08
80 8e-08
81 4e-08
82 2.79602e-07
83 1.6e-07
84 1.6e-07
85 2e-07
86 2e-07
87 1.2e-07
88 2e-07
89 1.2e-07
90 8e-08
91 1.2e-07
92 8e-08
93 1.6e-07
94 4e-08
95 0
96 2.4e-07
97 1.6e-07
98 8e-08
99 3.2e-07
100 0
101 1.2e-07
102 4e-08
103 1.2e-07
104 3.2e-07
105 2.4e-07
106 1.2e-07
107 1.2e-07
108 1.2e-07
109 4e-08
110 8e-08
111 4e-08
112 2e-07
113 8e-08
114 1.6e-07
115 2e-07
116 4e-08
117 0
118 2e-07
119 2e-07
120 8e-08
121 2.8e-07
122 8e-08
123 4e-08
124 1.6e-07
125 1.6e-07
126 8e-08
127 4e-08
128 2e-07
129 1.6e-07
130 1.2e-07
131 1.6e-07
132 1.6e-07
133 4e-08
134 1.2e-07
135 1.2e-07
136 0
137 1.6e-07
138 8e-08
139 8e-08
140 8e-08
141 4e-08
142 8e-08
143 4e-08
144 1.2e-07
145 1.2e-07
146 8e-08
147 4e-08
148 2e-07
149 0
150 1.2e-07
151 4e-08
152 8e-08
153 4e-08
154 8e-08
155 1.2e-07
156 1.2e-07
157 0
158 1.19602e-07
159 1.2e-07
160 4e-08
161 4e-08
162 1.2e-07
163 1.6e-07
164 8e-08
165 4e-08
166 1.2e-07
167 1.2e-07
168 0
169 0
170 0
171 8e-08
172 4e-08
173 8e-08
174 1.2e-07
175 0
176 4e-08
177 4e-08
178 1.2e-07
179 4e-08
180 4e-08
181 1.2e-07
182 1.2e-07
183 4e-08
184 1.2e-07
185 8e-08
186 1.6e-07
187 4e-08
188 8e-08
189 8e-08
190 0
191 8e-08
192 4e-08
193 1.2e-07
194 0
195 4e-08
196 2e-07
197 8e-08
198 1.2e-07
199 8e-08
200 1.2e-07
201 1.2e-07
202 4e-08
203 1.6e-07
204 4e-08
205 8e-08
206 8e-08
207 8e-08
208 4e-08
209 0
210 4e-08
211 0
212 7.9602e-08
213 4e-08
214 4e-08
215 4e-08
216 1.2e-07
217 4e-08
218 4e-08
219 0
220 4e-08
221 4e-08
222 4e-08
223 4e-08
224 4e-08
225 8e-08
226 4e-08
227 4e-08
228 8e-08
229 8e-08
230 0
231 8e-08
232 4e-08
233 8e-08
234 0
235 1.2e-07
236 4e-08
237 1.6e-07
238 0
239 4e-08
240 4e-08
241 4e-08
242 4e-08
243 4e-08
244 4e-08
245 4e-08
246 1.2e-07
247 0
248 8e-08
249 1.2e-07
250 4e-08
251 4e-08
252 1.6e-07
253 4e-08
254 1.99602e-07
255 0
256 4e-08
257 8e-08
258 1.2e-07
259 4e-08
260 4e-08
261 4e-08
262 0
263 4e-08
264 4e-08
265 0
266 4e-08
267 8e-08
268 4e-08
269 1.6e-07
270 1.6e-07
271 4e-08
272 0
273 0
274 0
275 1.2e-07
276 0
277 0
278 8e-08
279 4e-08
280 0
281 4e-08
282 4e-08
283 4e-08
284 0
285 4e-08
286 8e-08
287 0
288 8e-08
289 0
290 4e-08
291 4e-08
292 0
293 8e-08
294 1.2e-07
295 4e-08
296 0
297 1.6e-07
298 4e-08
299 4e-08
300 0
301 0
302 8e-08
303 4e-08
304 4e-08
305 4e-08
306 0
307 0
308 4e-08
309 1.2e-07
310 4e-08
311 0
312 4e-08
313 4e-08
314 8e-08
315 0
316 1.6e-07
317 4e-08
318 4e-08
319 0
320 4e-08
321 1.6e-07
322 4e-08
323 0
324 0
325 4e-08
326 4e-08
327 4e-08
328 0
329 0
330 0
331 4e-08
332 1.2e-07
333 8e-08
334 0
335 4e-08
336 4e-08
337 0
338 4e-08
339 1.2e-07
340 4e-08
341 0
342 4e-08
343 4e-08
344 0
345 4e-08
346 0
347 4e-08
348 8e-08
349 4e-08
350 0
351 8e-08
352 8e-08
353 0
354 4e-08
355 8e-08
356 0
357 1.6e-07
358 0
359 4e-08
360 4e-08
361 4e-08
362 0
363 0
364 0
365 0
366 0
367 4e-08
368 4e-08
369 0
370 4e-08
371 0
372 0
373 0
374 1.2e-07
375 4e-08
376 1.2e-07
377 0
378 4e-08
379 0
380 4e-08
381 0
382 0
383 0
384 4e-08
385 4e-08
386 0
387 8e-08
388 4e-08
389 0
390 0
391 4e-08
392 0
393 4e-08
394 4e-08
395 8e-08
396 0
397 4e-08
398 4e-08
399 0
400 8e-08
401 0
402 1.6e-07
403 0
404 4e-08
405 0
406 0
407 4e-08
408 0
409 4e-08
410 4e-08
411 4e-08
412 4e-08
413 0
414 8e-08
415 0
416 0
417 4e-08
418 4e-08
419 0
420 4e-08
421 0
422 0
423 0
424 4e-08
425 8e-08
426 0
427 3.9602e-08
428 8e-08
429 0
430 4e-08
431 0
432 4e-08
433 4e-08
434 0
435 0
436 2e-07
437 4e-08
438 0
439 3.9602e-08
440 0
441 8e-08
442 0
443 0
444 0
445 4e-08
446 4e-08
447 4e-08
448 8e-08
449 0
450 4e-08
451 0
452 0
453 0
454 4e-08
455 0
456 0
457 0
458 4e-08
459 4e-08
460 0
461 0
462 0
463 1.2e-07
464 4e-08
465 8e-08
466 4e-08
467 0
468 0
469 8e-08
470 4e-08
471 8e-08
472 8e-08
473 0
474 0
475 8e-08
476 4e-08
477 0
478 8e-08
479 0
480 0
481 4e-08
482 4e-08
483 7.9602e-08
484 4e-08
485 0
486 4e-08
487 0
488 0
489 0
490 8e-08
491 0
492 0
493 4e-08
494 4e-08
495 4e-08
496 0
497 0
498 4e-08
499 4e-08
500 0
501 0
502 8e-08
503 4e-08
504 0
505 4e-08
506 0
507 4e-08
508 0
509 0
510 0
511 4e-08
512 0
513 4e-08
514 0
515 0
516 4e-08
517 4e-08
518 8e-08
519 4e-08
520 4e-08
521 0
522 4e-08
523 4e-08
524 0
525 0
526 4e-08
527 0
528 8e-08
529 4e-08
530 0
531 1.6e-07
532 8e-08
533 0
534 4e-08
535 0
536 0
537 4e-08
538 8e-08
539 8e-08
540 0
541 0
542 4e-08
543 0
544 0
545 0
546 0
547 4e-08
548 0
549 0
550 4e-08
551 0
552 4e-08
553 4e-08
554 0
555 0
556 0
557 0
558 4e-08
559 4e-08
560 4e-08
561 4e-08
562 0
563 0
564 0
565 0
566 8e-08
567 0
568 8e-08
569 4e-08
570 4e-08
571 4e-08
572 0
573 0
574 0
575 0
576 4e-08
577 4e-08
578 4e-08
579 0
580 4e-08
581 0
582 0
583 0
584 8e-08
585 0
586 0
587 4e-08
588 0
589 0
590 4e-08
591 7.9602e-08
592 4e-08
593 0
594 0
595 8e-08
596 4e-08
597 4e-08
598 0
599 0
600 4e-08
601 0
602 8e-08
603 4e-08
604 0
605 0
606 0
607 0
608 0
609 4e-08
610 0
611 0
612 4e-08
613 0
614 0
615 0
616 0
617 0
618 0
619 0
620 0
621 0
622 0
623 0
624 4e-08
625 4e-08
626 0
627 0
628 0
629 0
630 0
631 0
632 4e-08
633 0
634 0
635 4e-08
636 0
637 0
638 0
639 0
640 4e-08
641 0
642 4e-08
643 4e-08
644 4e-08
645 0
646 0
647 0
648 0
649 8e-08
650 0
651 4e-08
652 0
653 4e-08
654 4e-08
655 0
656 4e-08
657 0
658 0
659 0
660 0
661 4e-08
662 0
663 4e-08
664 0
665 0
666 1.6e-07
667 0
668 4e-08
669 0
670 4e-08
671 0
672 0
673 0
674 0
675 4e-08
676 0
677 0
678 8e-08
679 0
680 0
681 0
682 0
683 8e-08
684 4e-08
685 0
686 8e-08
687 0
688 4e-08
689 4e-08
690 0
691 0
692 4e-08
693 4e-08
694 0
695 4e-08
696 4e-08
697 0
698 0
699 0
700 4e-08
701 0
702 4e-08
703 0
704 0
705 0
706 0
707 0
708 4e-08
709 0
710 4e-08
711 8e-08
712 0
713 0
714 8e-08
715 3.9602e-08
716 0
717 0
718 0
719 0
720 0
721 4e-08
722 8e-08
723 0
724 4e-08
725 0
726 0
727 0
728 3.9602e-08
729 0
730 0
731 0
732 0
733 0
734 4e-08
735 8e-08
736 0
737 0
738 4e-08
739 0
740 0
741 8e-08
742 0
743 4e-08
744 0
745 0
746 0
747 4e-08
748 0
749 0
750 4e-08
751 0
752 0
753 0
754 4e-08
755 0
756 0
757 0
758 0
759 4e-08
760 4e-08
761 8e-08
762 0
763 0
764 0
765 0
766 0
767 0
768 0
769 0
770 0
771 4e-08
772 0
773 0
774 4e-08
775 0
776 0
777 0
778 0
779 0
780 4e-08
781 4e-08
782 4e-08
783 0
784 0
785 4e-08
786 4e-08
787 0
788 8e-08
789 4e-08
790 0
791 0
792 0
793 4e-08
794 0
795 0
796 0
797 0
798 0
799 4e-08
800 0
801 0
802 0
803 0
804 4e-08
805 4e-08
806 0
807 0
808 0
809 4e-08
810 4e-08
811 0
812 4e-08
813 0
814 0
815 0
816 8e-08
817 0
818 4e-08
819 0
820 0
821 0
822 0
823 0
824 0
825 4e-08
826 0
827 4e-08
828 0
829 0
830 0
831 4e-08
832 4e-08
833 3.9602e-08
834 4e-08
835 0
836 4e-08
837 0
838 0
839 0
840 0
841 0
842 4e-08
843 4e-08
844 4e-08
845 4e-08
846 4e-08
847 0
848 4e-08
849 0
850 0
851 0
852 0
853 8e-08
854 0
855 0
856 4e-08
857 0
858 0
859 0
860 0
861 0
862 0
863 4e-08
864 0
865 0
866 4e-08
867 0
868 0
869 0
870 0
871 0
872 4e-08
873 4e-08
874 0
875 0
876 0
877 0
878 0
879 0
880 0
881 0
882 0
883 4e-08
884 0
885 0
886 0
887 0
888 0
889 0
890 8e-08
891 0
892 0
893 0
894 4e-08
895 4e-08
896 4e-08
897 0
898 8e-08
899 0
900 0
901 0
902 4e-08
903 0
904 4e-08
905 0
906 0
907 0
908 4e-08
909 0
910 0
911 0
912 4e-08
913 0
914 0
915 0
916 0
917 0
918 0
919 4e-08
920 3.9602e-08
921 0
922 4e-08
923 0
924 0
925 4e-08
926 0
927 0
928 0
929 4e-08
930 4e-08
931 4e-08
932 4e-08
933 0
934 0
935 4e-08
936 0
937 4e-08
938 4e-08
939 4e-08
940 0
941 0
942 4e-08
943 0
944 4e-08
945 0
946 0
947 0
948 0
949 0
950 0
951 0
952 4e-08
953 0
954 0
955 4e-08
956 0
957 4e-08
958 0
959 8e-08
960 4e-08
961 4e-08
962 4e-08
963 0
964 0
965 4e-08
966 0
967 0
968 4e-08
969 4e-08
970 0
971 0
972 4e-08
973 4e-08
974 4e-08
975 0
976 4e-08
977 0
978 0
979 0
980 0
981 0
982 0
983 0
984 0
985 0
986 4e-08
987 0
988 0
989 0
990 0
991 0
992 4e-08
993 0
994 8e-08
995 4e-08
996 0
997 4e-08
998 4e-08
999 0
