0 0
1 0.0001272
2 6.04e-05
3 4.24e-05
4 3.68e-05
5 2.96e-05
6 2.36e-05
7 1.95619e-05
8 1.47619e-05
9 1.6e-05
10 1.43619e-05
11 1.36e-05
12 1.03619e-05
13 1e-05
14 9.96193e-06
15 9.56193e-06
16 6e-06
17 6.4e-06
18 5.6e-06
19 5.96193e-06
20 9.2e-06
21 3.2e-06
22 6.4e-06
23 4e-06
24 6e-06
25 4.8e-06
26 5.56193e-06
27 4.8e-06
28 4.8e-06
29 3.2e-06
30 4.8e-06
31 6e-06
32 4.4e-06
33 4.4e-06
34 3.6e-06
35 2.8e-06
36 4.8e-06
37 4e-06
38 2.76193e-06
39 5.6e-06
40 5.2e-06
41 4e-06
42 3.2e-06
43 2e-06
44 2.8e-06
45 2.8e-06
46 2.36193e-06
47 2e-06
48 8e-07
49 1.2e-06
50 3.56193e-06
51 2.76193e-06
52 2.4e-06
53 2.8e-06
54 0
55 2.8e-06
56 1.6e-06
57 2.4e-06
58 3.6e-06
59 2.4e-06
60 2e-06
61 1.6e-06
62 8e-07
63 2.8e-06
64 1.2e-06
65 3.2e-06
66 2.4e-06
67 1.2e-06
68 3.2e-06
69 2e-06
70 2.4e-06
71 2e-06
72 8e-07
73 2.4e-06
74 8e-07
75 2e-06
76 4e-07
77 8e-07
78 4e-07
79 1.6e-06
80 1.2e-06
81 4e-07
82 8e-07
83 4e-07
84 8e-07
85 1.6e-06
86 2e-06
87 8e-07
88 1.56193e-06
89 8e-07
90 2.4e-06
91 1.2e-06
92 2e-06
93 8e-07
94 1.16193e-06
95 1.2e-06
96 8e-07
97 8e-07
98 1.6e-06
99 1.2e-06
100 1.6e-06
101 1.2e-06
102 1.2e-06
103 1.6e-06
104 8e-07
105 1.2e-06
106 1.2e-06
107 1.6e-06
108 1.6e-06
109 8e-07
110 1.56193e-06
111 8e-07
112 4e-07
113 1.2e-06
114 1.2e-06
115 7.61935e-07
116 4e-07
117 8e-07
118 2.8e-06
119 4e-07
120 1.2e-06
121 8e-07
122 1.6e-06
123 3.2e-06
124 8e-07
125 8e-07
126 1.6e-06
127 2e-06
128 1.2e-06
129 2e-06
130 4e-07
131 2e-06
132 1.6e-06
133 1.6e-06
134 8e-07
135 4e-07
136 2.4e-06
137 4e-07
138 1.2e-06
139 1.2e-06
140 1.2e-06
141 4e-07
142 4e-07
143 0
144 8e-07
145 8e-07
146 1.2e-06
147 8e-07
148 8e-07
149 1.2e-06
150 4e-07
151 4e-07
152 4e-07
153 8e-07
154 8e-07
155 4e-07
156 4e-07
157 1.2e-06
158 1.2e-06
159 4e-07
160 4e-07
161 0
162 4e-07
163 8e-07
164 0
165 4e-07
166 1.6e-06
167 1.2e-06
168 4e-07
169 0
170 8e-07
171 4e-07
172 4e-07
173 8e-07
174 0
175 1.2e-06
176 4e-07
177 8e-07
178 4e-07
179 4e-07
180 4e-07
181 2e-06
182 4e-07
183 1.2e-06
184 4e-07
185 8e-07
186 8e-07
187 4e-07
188 4e-07
189 0
190 8e-07
191 1.6e-06
192 4e-07
193 0
194 4e-07
195 4e-07
196 4e-07
197 1.2e-06
198 1.2e-06
199 1.6e-06
200 4e-07
201 4e-07
202 4e-07
203 4e-07
204 0
205 0
206 4e-07
207 8e-07
208 4e-07
209 4e-07
210 8e-07
211 4e-07
212 0
213 4e-07
214 8e-07
215 0
216 8e-07
217 4e-07
218 0
219 8e-07
220 4e-07
221 1.2e-06
222 8e-07
223 8e-07
224 4e-07
225 1.2e-06
226 0
227 4e-07
228 8e-07
229 1.6e-06
230 0
231 0
232 2e-06
233 4e-07
234 1.6e-06
235 8e-07
236 4e-07
237 4e-07
238 0
239 0
240 4e-07
241 4e-07
242 1.2e-06
243 8e-07
244 0
245 0
246 0
247 0
248 4e-07
249 0
250 0
251 0
252 0
253 0
254 7.61935e-07
255 8e-07
256 0
257 1.6e-06
258 8e-07
259 4e-07
260 1.2e-06
261 8e-07
262 0
263 0
264 0
265 0
266 1.2e-06
267 4e-07
268 4e-07
269 4e-07
270 8e-07
271 4e-07
272 0
273 0
274 0
275 4e-07
276 4e-07
277 0
278 1.2e-06
279 4e-07
280 0
281 0
282 4e-07
283 0
284 4e-07
285 4e-07
286 8e-07
287 4e-07
288 1.2e-06
289 1.2e-06
290 4e-07
291 0
292 0
293 4e-07
294 4e-07
295 8e-07
296 8e-07
297 1.2e-06
298 4e-07
299 4e-07
300 4e-07
301 0
302 8e-07
303 0
304 7.61935e-07
305 8e-07
306 0
307 4e-07
308 0
309 0
310 8e-07
311 0
312 4e-07
313 0
314 4e-07
315 4e-07
316 0
317 8e-07
318 4e-07
319 8e-07
320 4e-07
321 0
322 0
323 0
324 0
325 0
326 8e-07
327 8e-07
328 4e-07
329 0
330 4e-07
331 1.2e-06
332 0
333 8e-07
334 4e-07
335 4e-07
336 4e-07
337 4e-07
338 4e-07
339 0
340 0
341 4e-07
342 0
343 8e-07
344 0
345 4e-07
346 8e-07
347 1.6e-06
348 8e-07
349 4e-07
350 0
351 0
352 0
353 4e-07
354 4e-07
355 4e-07
356 0
357 4e-07
358 8e-07
359 4e-07
360 8e-07
361 4e-07
362 0
363 0
364 0
365 0
366 4e-07
367 4e-07
368 0
369 4e-07
370 0
371 0
372 1.2e-06
373 4e-07
374 0
375 0
376 4e-07
377 8e-07
378 4e-07
379 0
380 0
381 0
382 4e-07
383 0
384 0
385 4e-07
386 8e-07
387 8e-07
388 0
389 4e-07
390 4e-07
391 0
392 4e-07
393 0
394 0
395 0
396 0
397 0
398 0
399 0
400 8e-07
401 0
402 4e-07
403 4e-07
404 4e-07
405 0
406 4e-07
407 0
408 4e-07
409 8e-07
410 0
411 1.2e-06
412 0
413 4e-07
414 0
415 0
416 4e-07
417 0
418 4e-07
419 0
420 0
421 0
422 4e-07
423 4e-07
424 4e-07
425 4e-07
426 4e-07
427 4e-07
428 0
429 0
430 4e-07
431 0
432 0
433 4e-07
434 4e-07
435 8e-07
436 4e-07
437 4e-07
438 0
439 8e-07
440 4e-07
441 0
442 0
443 0
444 8e-07
445 4e-07
446 1.2e-06
447 8e-07
448 0
449 0
450 0
451 0
452 4e-07
453 4e-07
454 0
455 0
456 0
457 4e-07
458 0
459 0
460 0
461 1.6e-06
462 0
463 3.61935e-07
464 0
465 8e-07
466 0
467 0
468 8e-07
469 4e-07
470 4e-07
471 0
472 4e-07
473 0
474 0
475 4e-07
476 0
477 4e-07
478 0
479 4e-07
480 4e-07
481 7.61935e-07
482 4e-07
483 4e-07
484 0
485 0
486 0
487 4e-07
488 4e-07
489 0
490 8e-07
491 8e-07
492 0
493 4e-07
494 0
495 0
496 4e-07
497 0
498 1.2e-06
499 0
500 4e-07
501 4e-07
502 8e-07
503 0
504 4e-07
505 4e-07
506 4e-07
507 0
508 4e-07
509 0
510 0
511 0
512 0
513 4e-07
514 4e-07
515 0
516 0
517 0
518 4e-07
519 8e-07
520 0
521 8e-07
522 0
523 0
524 8e-07
525 4e-07
526 4e-07
527 0
528 4e-07
529 4e-07
530 4e-07
531 4e-07
532 0
533 4e-07
534 0
535 0
536 4e-07
537 0
538 4e-07
539 4e-07
540 0
541 0
542 0
543 0
544 0
545 0
546 8e-07
547 4e-07
548 4e-07
549 0
550 0
551 4e-07
552 0
553 0
554 4e-07
555 0
556 0
557 4e-07
558 4e-07
559 0
560 4e-07
561 8e-07
562 0
563 0
564 4e-07
565 0
566 0
567 4e-07
568 0
569 4e-07
570 0
571 4e-07
572 0
573 0
574 0
575 0
576 0
577 4e-07
578 0
579 0
580 4e-07
581 4e-07
582 4e-07
583 0
584 0
585 0
586 0
587 4e-07
588 0
589 0
590 0
591 0
592 4e-07
593 0
594 4e-07
595 0
596 4e-07
597 8e-07
598 0
599 0
600 8e-07
601 0
602 0
603 0
604 0
605 4e-07
606 8e-07
607 0
608 0
609 4e-07
610 0
611 4e-07
612 4e-07
613 0
614 0
615 4e-07
616 8e-07
617 0
618 0
619 0
620 0
621 4e-07
622 4e-07
623 0
624 0
625 4e-07
626 0
627 4e-07
628 0
629 0
630 0
631 0
632 0
633 0
634 0
635 4e-07
636 4e-07
637 0
638 0
639 0
640 8e-07
641 4e-07
642 0
643 0
644 4e-07
645 3.61935e-07
646 4e-07
647 4e-07
648 4e-07
649 4e-07
650 0
651 8e-07
652 0
653 8e-07
654 0
655 0
656 0
657 0
658 0
659 0
660 4e-07
661 4e-07
662 0
663 0
664 0
665 0
666 0
667 0
668 0
669 0
670 0
671 0
672 0
673 4e-07
674 1.6e-06
675 0
676 4e-07
677 4e-07
678 0
679 4e-07
680 4e-07
681 4e-07
682 4e-07
683 0
684 4e-07
685 0
686 0
687 4e-07
688 0
689 4e-07
690 0
691 0
692 4e-07
693 0
694 0
695 0
696 4e-07
697 4e-07
698 0
699 4e-07
700 4e-07
701 0
702 4e-07
703 0
704 0
705 0
706 0
707 8e-07
708 4e-07
709 4e-07
710 4e-07
711 4e-07
712 0
713 0
714 4e-07
715 0
716 4e-07
717 0
718 0
719 0
720 0
721 0
722 0
723 0
724 0
725 0
726 0
727 4e-07
728 4e-07
729 0
730 0
731 4e-07
732 0
733 4e-07
734 8e-07
735 1.2e-06
736 0
737 4e-07
738 0
739 4e-07
740 0
741 4e-07
742 4e-07
743 0
744 0
745 0
746 0
747 4e-07
748 0
749 0
750 0
751 0
752 4e-07
753 0
754 0
755 4e-07
756 4e-07
757 4e-07
758 0
759 0
760 4e-07
761 0
762 1.56193e-06
763 8e-07
764 4e-07
765 4e-07
766 0
767 4e-07
768 8e-07
769 8e-07
770 0
771 4e-07
772 4e-07
773 0
774 0
775 0
776 0
777 0
778 0
779 0
780 8e-07
781 0
782 8e-07
783 0
784 8e-07
785 4e-07
786 0
787 0
788 0
789 4e-07
790 0
791 0
792 8e-07
793 0
794 4e-07
795 0
796 0
797 0
798 4e-07
799 4e-07
800 4e-07
801 1.2e-06
802 0
803 0
804 0
805 0
806 0
807 0
808 0
809 0
810 4e-07
811 8e-07
812 4e-07
813 0
814 0
815 0
816 8e-07
817 0
818 0
819 0
820 4e-07
821 4e-07
822 8e-07
823 0
824 0
825 0
826 4e-07
827 0
828 3.61935e-07
829 0
830 0
831 4e-07
832 0
833 0
834 4e-07
835 0
836 4e-07
837 0
838 0
839 0
840 0
841 0
842 4e-07
843 0
844 0
845 4e-07
846 0
847 0
848 0
849 0
850 4e-07
851 8e-07
852 4e-07
853 0
854 4e-07
855 0
856 0
857 0
858 0
859 0
860 0
861 0
862 0
863 4e-07
864 8e-07
865 1.2e-06
866 0
867 4e-07
868 4e-07
869 4e-07
870 0
871 4e-07
872 4e-07
873 0
874 4e-07
875 4e-07
876 0
877 0
878 0
879 0
880 4e-07
881 4e-07
882 8e-07
883 0
884 0
885 0
886 0
887 0
888 0
889 4e-07
890 0
891 0
892 0
893 0
894 0
895 0
896 0
897 0
898 4e-07
899 4e-07
900 4e-07
901 0
902 0
903 4e-07
904 0
905 0
906 0
907 0
908 4e-07
909 4e-07
910 0
911 4e-07
912 0
913 0
914 0
915 0
916 4e-07
917 0
918 0
919 0
920 0
921 4e-07
922 0
923 4e-07
924 4e-07
925 0
926 0
927 0
928 0
929 8e-07
930 0
931 0
932 0
933 0
934 0
935 0
936 4e-07
937 0
938 0
939 0
940 4e-07
941 0
942 0
943 0
944 0
945 4e-07
946 0
947 0
948 0
949 0
950 8e-07
951 0
952 0
953 4e-07
954 4e-07
955 0
956 0
957 0
958 8e-07
959 0
960 4e-07
961 0
962 0
963 0
964 0
965 0
966 4e-07
967 0
968 0
969 4e-07
970 0
971 4e-07
972 4e-07
973 0
974 0
975 0
976 4e-07
977 0
978 0
979 0
980 0
981 0
982 0
983 0
984 0
985 4e-07
986 0
987 0
988 0
989 0
990 0
991 0
992 4e-07
993 0
994 0
995 0
996 4e-07
997 4e-07
998 0
999 0
