0 0
1 0
2 0
3 0
4 0
5 0
6 0
7 8e-08
8 8e-08
9 0
10 0
11 8e-08
12 8e-08
13 0
14 8e-08
15 0
16 0
17 0
18 8e-08
19 0
20 0
21 0
22 0
23 0
24 0
25 0
26 8e-08
27 8e-08
28 8e-08
29 0
30 1.6e-07
31 0
32 0
33 8e-08
34 1.6e-07
35 0
36 8e-08
37 0
38 8e-08
39 8e-08
40 0
41 0
42 8e-08
43 1.6e-07
44 8e-08
45 3.2e-07
46 0
47 0
48 2.4e-07
49 0
50 2.32387e-07
51 8e-08
52 1.6e-07
53 1.6e-07
54 8e-08
55 1.6e-07
56 0
57 8e-08
58 8e-08
59 1.6e-07
60 8e-08
61 8e-08
62 2.4e-07
63 0
64 8e-08
65 2.4e-07
66 8e-08
67 8e-08
68 2.4e-07
69 0
70 8e-08
71 2.4e-07
72 1.6e-07
73 4.8e-07
74 2.4e-07
75 4e-07
76 0
77 8e-08
78 2.4e-07
79 3.2e-07
80 4e-07
81 8e-08
82 2.4e-07
83 8e-08
84 2.4e-07
85 1.6e-07
86 1.6e-07
87 8e-08
88 0
89 8e-08
90 8e-08
91 1.6e-07
92 1.6e-07
93 2.4e-07
94 0
95 3.2e-07
96 1.6e-07
97 1.6e-07
98 0
99 1.6e-07
100 8e-08
101 0
102 1.6e-07
103 1.6e-07
104 4e-07
105 8e-08
106 1.6e-07
107 2.4e-07
108 4e-07
109 2.4e-07
110 0
111 4e-07
112 1.6e-07
113 2.4e-07
114 8e-08
115 4e-07
116 1.6e-07
117 1.6e-07
118 1.6e-07
119 1.6e-07
120 1.6e-07
121 0
122 1.6e-07
123 1.6e-07
124 8e-08
125 2.4e-07
126 8e-08
127 1.6e-07
128 2.4e-07
129 8e-08
130 1.52387e-07
131 2.4e-07
132 3.2e-07
133 3.2e-07
134 2.4e-07
135 4.8e-07
136 3.2e-07
137 1.6e-07
138 1.6e-07
139 3.2e-07
140 1.6e-07
141 8e-08
142 4.8e-07
143 2.4e-07
144 8e-08
145 8e-08
146 2.4e-07
147 4e-07
148 1.6e-07
149 3.2e-07
150 1.6e-07
151 1.6e-07
152 8e-08
153 8e-08
154 2.4e-07
155 4e-07
156 4e-07
157 4e-07
158 2.4e-07
159 1.6e-07
160 2.4e-07
161 2.4e-07
162 8e-08
163 3.2e-07
164 1.6e-07
165 2.4e-07
166 2.4e-07
167 5.6e-07
168 2.4e-07
169 2.4e-07
170 5.6e-07
171 6.4e-07
172 4e-07
173 4.8e-07
174 3.2e-07
175 2.4e-07
176 8e-08
177 1.6e-07
178 4e-07
179 8e-08
180 3.2e-07
181 2.4e-07
182 3.2e-07
183 3.2e-07
184 2.4e-07
185 1.6e-07
186 1.6e-07
187 4.8e-07
188 2.4e-07
189 5.6e-07
190 3.2e-07
191 2.4e-07
192 1.6e-07
193 3.2e-07
194 2.4e-07
195 4.8e-07
196 3.2e-07
197 1.6e-07
198 4.72387e-07
199 1.6e-07
200 6.4e-07
201 1.6e-07
202 4e-07
203 2.4e-07
204 3.2e-07
205 1.6e-07
206 4.8e-07
207 1.6e-07
208 3.2e-07
209 2.4e-07
210 5.6e-07
211 1.6e-07
212 8e-08
213 0
214 1.6e-07
215 3.2e-07
216 5.6e-07
217 4e-07
218 3.2e-07
219 4.8e-07
220 1.6e-07
221 2.4e-07
222 4.8e-07
223 0
224 6.4e-07
225 8e-08
226 4e-07
227 1.6e-07
228 2.4e-07
229 3.2e-07
230 1.6e-07
231 3.2e-07
232 5.6e-07
233 2.4e-07
234 4e-07
235 1.6e-07
236 3.2e-07
237 3.2e-07
238 0
239 2.4e-07
240 1.6e-07
241 4.8e-07
242 3.12387e-07
243 8e-08
244 2.4e-07
245 4.8e-07
246 2.4e-07
247 1.6e-07
248 1.6e-07
249 1.6e-07
250 2.4e-07
251 4e-07
252 3.12387e-07
253 0
254 4.8e-07
255 1.6e-07
256 1.6e-07
257 2.4e-07
258 4.8e-07
259 8e-08
260 3.2e-07
261 1.6e-07
262 8e-08
263 2.4e-07
264 0
265 4e-07
266 1.6e-07
267 5.6e-07
268 1.6e-07
269 1.6e-07
270 5.6e-07
271 3.2e-07
272 1.6e-07
273 3.2e-07
274 3.2e-07
275 4.8e-07
276 3.2e-07
277 5.6e-07
278 8e-08
279 4.8e-07
280 1.6e-07
281 0
282 3.2e-07
283 3.2e-07
284 1.6e-07
285 3.2e-07
286 2.4e-07
287 6.4e-07
288 1.6e-07
289 2.4e-07
290 3.2e-07
291 8e-08
292 8e-08
293 1.6e-07
294 6.4e-07
295 1.6e-07
296 0
297 5.6e-07
298 4.8e-07
299 1.6e-07
300 2.4e-07
301 1.6e-07
302 4.8e-07
303 3.2e-07
304 1.6e-07
305 8e-08
306 1.6e-07
307 0
308 8e-08
309 2.4e-07
310 4e-07
311 1.6e-07
312 8e-08
313 2.4e-07
314 4.8e-07
315 8e-08
316 4.8e-07
317 3.2e-07
318 3.2e-07
319 3.92387e-07
320 3.2e-07
321 1.6e-07
322 8e-08
323 4e-07
324 1.6e-07
325 2.4e-07
326 1.6e-07
327 1.6e-07
328 2.4e-07
329 8e-08
330 3.2e-07
331 3.2e-07
332 1.6e-07
333 2.4e-07
334 3.2e-07
335 1.6e-07
336 7.2e-07
337 4e-07
338 2.4e-07
339 4.8e-07
340 8e-08
341 8e-08
342 5.6e-07
343 1.6e-07
344 3.2e-07
345 3.2e-07
346 2.4e-07
347 1.6e-07
348 8e-08
349 1.6e-07
350 8e-08
351 2.4e-07
352 1.6e-07
353 2.4e-07
354 0
355 4e-07
356 3.2e-07
357 0
358 2.4e-07
359 3.2e-07
360 1.6e-07
361 3.2e-07
362 2.4e-07
363 2.4e-07
364 0
365 8e-08
366 4.8e-07
367 2.4e-07
368 1.6e-07
369 2.4e-07
370 2.4e-07
371 4e-07
372 3.2e-07
373 8e-08
374 8e-08
375 3.2e-07
376 2.4e-07
377 1.6e-07
378 2.4e-07
379 5.6e-07
380 3.2e-07
381 4e-07
382 4e-07
383 4.8e-07
384 4.8e-07
385 3.2e-07
386 2.4e-07
387 3.2e-07
388 3.2e-07
389 3.85498e-07
390 4.8e-07
391 1.6e-07
392 8e-08
393 2.4e-07
394 8e-08
395 7.2e-07
396 3.2e-07
397 4e-07
398 6.4e-07
399 2.4e-07
400 3.2e-07
401 4e-07
402 2.4e-07
403 4e-07
404 4.8e-07
405 2.4e-07
406 2.4e-07
407 8e-08
408 2.4e-07
409 3.2e-07
410 4e-07
411 3.2e-07
412 1.6e-07
413 4e-07
414 8e-08
415 8e-08
416 2.4e-07
417 2.4e-07
418 1.6e-07
419 4.8e-07
420 3.2e-07
421 2.4e-07
422 1.6e-07
423 3.2e-07
424 4e-07
425 4e-07
426 5.6e-07
427 8e-08
428 8e-08
429 3.12387e-07
430 1.6e-07
431 3.2e-07
432 1.6e-07
433 5.6e-07
434 2.4e-07
435 1.6e-07
436 4e-07
437 8e-08
438 3.12387e-07
439 8e-08
440 1.6e-07
441 2.4e-07
442 3.2e-07
443 2.4e-07
444 2.4e-07
445 3.2e-07
446 4e-07
447 0
448 2.4e-07
449 4.8e-07
450 2.4e-07
451 3.2e-07
452 8e-08
453 8e-08
454 4.8e-07
455 0
456 8e-08
457 2.4e-07
458 2.4e-07
459 2.4e-07
460 4e-07
461 1.6e-07
462 3.2e-07
463 4.8e-07
464 1.52387e-07
465 8e-08
466 0
467 8e-08
468 1.6e-07
469 5.6e-07
470 2.4e-07
471 4e-07
472 3.2e-07
473 1.6e-07
474 1.6e-07
475 2.4e-07
476 3.2e-07
477 0
478 1.6e-07
479 3.2e-07
480 2.4e-07
481 3.2e-07
482 0
483 3.2e-07
484 4.8e-07
485 8e-08
486 8e-08
487 0
488 3.12387e-07
489 8e-08
490 1.6e-07
491 8e-08
492 2.4e-07
493 8e-08
494 2.4e-07
495 8e-08
496 3.2e-07
497 4e-07
498 3.2e-07
499 1.6e-07
500 1.6e-07
501 8e-08
502 1.6e-07
503 2.4e-07
504 8e-08
505 1.6e-07
506 3.2e-07
507 2.4e-07
508 1.6e-07
509 3.2e-07
510 1.6e-07
511 2.4e-07
512 2.4e-07
513 1.6e-07
514 3.2e-07
515 4.8e-07
516 8e-08
517 1.6e-07
518 1.6e-07
519 2.4e-07
520 1.6e-07
521 1.6e-07
522 7.2387e-08
523 1.6e-07
524 0
525 8e-08
526 1.6e-07
527 2.4e-07
528 2.4e-07
529 3.2e-07
530 3.2e-07
531 1.6e-07
532 1.6e-07
533 1.6e-07
534 4e-07
535 8e-08
536 8e-08
537 0
538 2.4e-07
539 4e-07
540 2.4e-07
541 1.6e-07
542 1.6e-07
543 2.4e-07
544 2.4e-07
545 8e-08
546 3.2e-07
547 3.2e-07
548 2.4e-07
549 2.4e-07
550 1.6e-07
551 2.4e-07
552 2.4e-07
553 1.6e-07
554 8e-08
555 0
556 8e-08
557 2.4e-07
558 1.6e-07
559 2.4e-07
560 1.6e-07
561 3.2e-07
562 3.2e-07
563 4e-07
564 8e-08
565 2.4e-07
566 2.4e-07
567 3.12387e-07
568 4e-07
569 1.6e-07
570 8e-08
571 1.6e-07
572 1.6e-07
573 2.4e-07
574 1.6e-07
575 1.6e-07
576 0
577 1.6e-07
578 8e-08
579 8e-08
580 4e-07
581 8e-08
582 0
583 2.4e-07
584 8e-08
585 1.6e-07
586 8e-08
587 1.6e-07
588 1.6e-07
589 1.6e-07
590 1.6e-07
591 1.6e-07
592 0
593 3.2e-07
594 1.6e-07
595 3.2e-07
596 1.6e-07
597 3.12387e-07
598 8e-08
599 3.2e-07
600 4e-07
601 0
602 3.2e-07
603 8e-08
604 8e-08
605 2.4e-07
606 2.4e-07
607 4e-07
608 8e-08
609 2.4e-07
610 0
611 8e-08
612 1.6e-07
613 2.4e-07
614 1.6e-07
615 2.4e-07
616 2.4e-07
617 1.6e-07
618 1.6e-07
619 4e-07
620 4e-07
621 2.4e-07
622 1.6e-07
623 2.4e-07
624 8e-08
625 1.6e-07
626 1.6e-07
627 1.6e-07
628 2.4e-07
629 8e-08
630 8e-08
631 2.4e-07
632 2.4e-07
633 1.6e-07
634 0
635 8e-08
636 4e-07
637 1.6e-07
638 2.4e-07
639 8e-08
640 0
641 8e-08
642 3.2e-07
643 1.6e-07
644 2.4e-07
645 8e-08
646 8e-08
647 4.8e-07
648 3.2e-07
649 2.4e-07
650 1.6e-07
651 2.4e-07
652 4.8e-07
653 3.2e-07
654 8e-08
655 1.6e-07
656 1.6e-07
657 8e-08
658 8e-08
659 4e-07
660 2.4e-07
661 0
662 0
663 3.2e-07
664 2.4e-07
665 3.2e-07
666 8e-08
667 8e-08
668 0
669 8e-08
670 2.4e-07
671 1.6e-07
672 0
673 8e-08
674 1.6e-07
675 2.4e-07
676 0
677 2.4e-07
678 3.2e-07
679 0
680 8e-08
681 0
682 8e-08
683 4e-07
684 3.2e-07
685 2.4e-07
686 1.6e-07
687 1.6e-07
688 0
689 2.4e-07
690 2.4e-07
691 3.2e-07
692 1.6e-07
693 2.4e-07
694 1.6e-07
695 0
696 0
697 0
698 2.4e-07
699 4.8e-07
700 3.2e-07
701 1.52387e-07
702 1.6e-07
703 3.2e-07
704 8e-08
705 2.4e-07
706 1.6e-07
707 7.2387e-08
708 1.6e-07
709 8e-08
710 0
711 8e-08
712 0
713 8e-08
714 2.4e-07
715 2.4e-07
716 6.4e-07
717 3.2e-07
718 2.4e-07
719 4e-07
720 8e-08
721 8e-08
722 1.6e-07
723 0
724 4e-07
725 0
726 8e-08
727 2.4e-07
728 2.4e-07
729 1.6e-07
730 1.6e-07
731 1.6e-07
732 8e-08
733 1.6e-07
734 1.6e-07
735 1.6e-07
736 2.4e-07
737 1.6e-07
738 8e-08
739 8e-08
740 0
741 8e-08
742 2.4e-07
743 2.4e-07
744 8e-08
745 1.6e-07
746 8e-08
747 8e-08
748 8e-08
749 0
750 0
751 2.4e-07
752 2.4e-07
753 8e-08
754 8e-08
755 8e-08
756 1.6e-07
757 1.6e-07
758 1.6e-07
759 2.4e-07
760 1.6e-07
761 8e-08
762 5.6e-07
763 0
764 1.6e-07
765 8e-08
766 1.6e-07
767 8e-08
768 8e-08
769 1.6e-07
770 2.4e-07
771 2.4e-07
772 8e-08
773 0
774 1.6e-07
775 1.6e-07
776 2.4e-07
777 8e-08
778 3.2e-07
779 4.8e-07
780 1.6e-07
781 7.2387e-08
782 1.6e-07
783 1.6e-07
784 2.4e-07
785 8e-08
786 3.2e-07
787 8e-08
788 1.6e-07
789 1.6e-07
790 8e-08
791 4e-07
792 1.52387e-07
793 8e-08
794 0
795 8e-08
796 8e-08
797 1.6e-07
798 3.92387e-07
799 1.6e-07
800 3.2e-07
801 8e-08
802 3.12387e-07
803 8e-08
804 3.2e-07
805 3.12387e-07
806 2.4e-07
807 0
808 8e-08
809 1.6e-07
810 0
811 1.6e-07
812 1.6e-07
813 8e-08
814 1.6e-07
815 4e-07
816 8e-08
817 1.6e-07
818 2.4e-07
819 1.6e-07
820 8e-08
821 8e-08
822 2.4e-07
823 1.6e-07
824 2.4e-07
825 2.4e-07
826 1.6e-07
827 2.4e-07
828 0
829 1.6e-07
830 1.6e-07
831 2.4e-07
832 2.32387e-07
833 8e-08
834 3.2e-07
835 1.6e-07
836 1.6e-07
837 8e-08
838 2.4e-07
839 1.6e-07
840 1.6e-07
841 2.4e-07
842 2.4e-07
843 8e-08
844 1.6e-07
845 8e-08
846 8e-08
847 0
848 3.2e-07
849 4e-07
850 1.6e-07
851 1.6e-07
852 4e-07
853 2.4e-07
854 1.6e-07
855 2.4e-07
856 1.6e-07
857 3.2e-07
858 4.8e-07
859 1.6e-07
860 0
861 8e-08
862 1.6e-07
863 2.4e-07
864 8e-08
865 0
866 0
867 0
868 4e-07
869 1.6e-07
870 8e-08
871 1.6e-07
872 3.2e-07
873 4e-07
874 2.4e-07
875 2.4e-07
876 0
877 8e-08
878 1.6e-07
879 0
880 1.6e-07
881 1.6e-07
882 1.6e-07
883 0
884 8e-08
885 0
886 1.6e-07
887 1.6e-07
888 8e-08
889 1.6e-07
890 1.6e-07
891 0
892 1.6e-07
893 0
894 0
895 2.4e-07
896 1.6e-07
897 8e-08
898 1.6e-07
899 1.6e-07
900 2.4e-07
901 1.6e-07
902 0
903 8e-08
904 8e-08
905 1.6e-07
906 0
907 8e-08
908 1.6e-07
909 8e-08
910 8e-08
911 4e-07
912 1.6e-07
913 0
914 2.4e-07
915 0
916 3.2e-07
917 0
918 0
919 8e-08
920 1.6e-07
921 1.6e-07
922 8e-08
923 1.6e-07
924 8e-08
925 0
926 2.4e-07
927 0
928 8e-08
929 0
930 8e-08
931 2.4e-07
932 1.6e-07
933 1.6e-07
934 0
935 3.2e-07
936 2.4e-07
937 1.6e-07
938 2.4e-07
939 2.4e-07
940 0
941 1.52387e-07
942 1.6e-07
943 0
944 8e-08
945 1.6e-07
946 0
947 8e-08
948 8e-08
949 1.6e-07
950 2.4e-07
951 0
952 1.6e-07
953 0
954 8e-08
955 2.4e-07
956 0
957 2.4e-07
958 1.6e-07
959 0
960 8e-08
961 1.6e-07
962 0
963 1.52387e-07
964 8e-08
965 8e-08
966 8e-08
967 1.6e-07
968 1.6e-07
969 0
970 1.6e-07
971 8e-08
972 0
973 8e-08
974 0
975 1.6e-07
976 0
977 3.2e-07
978 1.6e-07
979 0
980 1.6e-07
981 0
982 8e-08
983 8e-08
984 2.4e-07
985 1.6e-07
986 1.6e-07
987 0
988 2.4e-07
989 8e-08
990 2.4e-07
991 1.6e-07
992 2.4e-07
993 8e-08
994 0
995 8e-08
996 1.6e-07
997 1.6e-07
998 0
999 0
