8103.08 0 5.88434e-05 -0.00223908 0.00235677
8103.08 0.01 7.69736e-20 -4.71985e-20 2.01146e-19
8103.08 0.02 2.5536e-33 -1.46975e-33 6.57696e-33
8103.08 0.03 9.14287e-47 -5.00195e-47 2.32877e-46
8103.08 0.04 3.33098e-60 -1.74317e-60 8.40513e-60
8103.08 0.05 1.22324e-73 -6.14733e-74 3.06122e-73
8103.08 0.06 4.51792e-87 -2.18748e-87 1.12233e-86
8103.08 0.07 1.67641e-100 -7.84381e-101 4.13721e-100
8103.08 0.08 6.24444e-114 -2.83125e-114 1.53201e-113
8103.08 0.09 2.33337e-127 -1.02774e-127 5.69448e-127
