0 -1.35941487319275 -1.37035287818475 -1.34848076211496
0.993251773010283 -1.52735114143599 -1.53872786291358 -1.5159744199584
2.00012773496011 -1.82746333374939 -1.84067056414841 -1.81424988525697
3.00022217882684 -2.36584762854758 -2.38193908297856 -2.34975723942308
4.00003388275086 -3.44421240411127 -3.46746020632801 -3.42096147003381
4.99997871390773 -5.55096954636251 -5.60303600892775 -5.49890308379727
6.00000299062804 -8.54148076104758 -8.74303198260895 -8.33992441656164
6.9999971198819 -11.4908215660633 -12.8628027858021 -10.1188354556315
8.00000067527204 -15.2991090855592 -16.3044990423532 -14.293712736031
8.99999951529857 -44.0108244469531 -45.6240022117971 -42.3976427846689
