0.5 0.01 0.001 0 4.08e-05 3.95118e-05 4.20796e-05
0.5 0.01 0.01 0 3.82379e-05 3.70253e-05 3.94628e-05
0.5 0.01 0.1 0 2.71416e-05 2.62365e-05 2.80334e-05
0.5 0.01 1 0 3.26598e-06 3.134e-06 3.39609e-06
0.5 0.1 0.001 0 0.000407839 0.000395103 0.000420327
0.5 0.1 0.01 0 0.000382247 0.000370424 0.000394313
0.5 0.1 0.1 0 0.000271335 0.000262514 0.000280346
0.5 0.1 1 0 3.26583e-05 3.13521e-05 3.39542e-05
0.5 1 0.001 0 0.00406958 0.00394143 0.00419629
0.5 1 0.01 0 0.00381537 0.00369802 0.00393527
0.5 1 0.1 0 0.00270897 0.00261883 0.00279826
0.5 1 1 0 0.000326498 0.000313445 0.000339623
0.5 0.01 0.001 1 4.05101e-05 3.92665e-05 4.1749e-05
0.5 0.01 0.01 1 3.80161e-05 3.68352e-05 3.92284e-05
0.5 0.01 0.1 1 2.71595e-05 2.62672e-05 2.80909e-05
0.5 0.01 1 1 3.43772e-06 3.30552e-06 3.56868e-06
0.5 0.1 0.001 1 0.000405033 0.00039244 0.000417505
0.5 0.1 0.01 1 0.000380096 0.000368032 0.000392205
0.5 0.1 0.1 1 0.000271549 0.000262457 0.000280422
0.5 0.1 1 1 3.4376e-05 3.30365e-05 3.57252e-05
0.5 1 0.001 1 0.00404606 0.00392287 0.00417006
0.5 1 0.01 1 0.00379683 0.00367713 0.00391398
0.5 1 0.1 1 0.00271261 0.00262313 0.00280377
0.5 1 1 1 0.000343681 0.00033021 0.000356874
0.5 0.01 0.001 2.7 4.24227e-05 4.11308e-05 4.37419e-05
0.5 0.01 0.01 2.7 4.00635e-05 3.88158e-05 4.13006e-05
0.5 0.01 0.1 2.7 2.86617e-05 2.77416e-05 2.96086e-05
0.5 0.01 1 2.7 3.58872e-06 3.45104e-06 3.7264e-06
0.5 0.1 0.001 2.7 0.000424058 0.000411049 0.000436782
0.5 0.1 0.01 2.7 0.000400475 0.000387902 0.000412777
0.5 0.1 0.1 2.7 0.000286523 0.000277427 0.000295909
0.5 0.1 1 2.7 3.58854e-05 3.44989e-05 3.72748e-05
0.5 1 0.001 2.7 0.0042299 0.00410115 0.0043612
0.5 1 0.01 2.7 0.00399467 0.00387425 0.00412008
0.5 1 0.1 2.7 0.0028593 0.00276679 0.0029489
0.5 1 1 2.7 0.000358735 0.000345324 0.000372238
0.5 0.01 0.001 54.6 2.69432e-05 2.59125e-05 2.79649e-05
0.5 0.01 0.01 54.6 2.50576e-05 2.4095e-05 2.60252e-05
0.5 0.01 0.1 54.6 1.71968e-05 1.6494e-05 1.7899e-05
0.5 0.01 1 54.6 1.89822e-06 1.80189e-06 1.99591e-06
0.5 0.1 0.001 54.6 0.000269331 0.000259183 0.000279548
0.5 0.1 0.01 54.6 0.00025049 0.000240682 0.000260117
0.5 0.1 0.1 54.6 0.000171943 0.000164684 0.000178866
0.5 0.1 1 54.6 1.89821e-05 1.79937e-05 1.99486e-05
0.5 1 0.001 54.6 0.00268698 0.00258632 0.00278859
0.5 1 0.01 54.6 0.00249946 0.00240148 0.00259558
0.5 1 0.1 54.6 0.0017178 0.00164813 0.00178876
0.5 1 1 54.6 0.000189815 0.000180189 0.000199674
0.5 0.01 0.001 7.39 4.06426e-05 3.93905e-05 4.19023e-05
0.5 0.01 0.01 7.39 3.82374e-05 3.70285e-05 3.94547e-05
0.5 0.01 0.1 7.39 2.74713e-05 2.65637e-05 2.83686e-05
0.5 0.01 1 7.39 3.44837e-06 3.31341e-06 3.57795e-06
0.5 0.1 0.001 7.39 0.000406324 0.000393813 0.000418725
0.5 0.1 0.01 7.39 0.000382278 0.000370421 0.000394316
0.5 0.1 0.1 7.39 0.000274656 0.000265537 0.000283713
0.5 0.1 1 7.39 3.44829e-05 3.31438e-05 3.58403e-05
0.5 1 0.001 7.39 0.00405684 0.00392991 0.00418218
0.5 1 0.01 7.39 0.00381671 0.00369678 0.00393444
0.5 1 0.1 7.39 0.00274298 0.00265277 0.00283209
0.5 1 1 7.39 0.000344784 0.000331484 0.000358342
0.5 0.01 0.001 20.09 3.63176e-05 3.51368e-05 3.7532e-05
0.5 0.01 0.01 20.09 3.38836e-05 3.27484e-05 3.49902e-05
0.5 0.01 0.1 20.09 2.36949e-05 2.28294e-05 2.45436e-05
0.5 0.01 1 20.09 2.80913e-06 2.68937e-06 2.92794e-06
0.5 0.1 0.001 20.09 0.000362974 0.000350936 0.000374929
0.5 0.1 0.01 20.09 0.00033868 0.000327146 0.000350092
0.5 0.1 0.1 20.09 0.000236874 0.000228695 0.000245278
0.5 0.1 1 20.09 2.80905e-05 2.6876e-05 2.92754e-05
0.5 1 0.001 20.09 0.00361707 0.00349907 0.00373618
0.5 1 0.01 20.09 0.00337692 0.00326396 0.00349026
0.5 1 0.1 20.09 0.00236401 0.00228184 0.00244595
0.5 1 1 20.09 0.000280855 0.000268841 0.000292804
0.5 0.01 0.001 22026 2.18241e-06 1.90675e-06 2.45799e-06
0.5 0.01 0.01 22026 1.11288e-06 9.45923e-07 1.28026e-06
0.5 0.01 0.1 22026 1.16193e-07 7.86799e-08 1.53476e-07
0.5 0.01 1 22026 1.14668e-10 1.36976e-11 2.13847e-10
0.5 0.1 0.001 22026 2.18241e-05 1.91586e-05 2.46176e-05
0.5 0.1 0.01 22026 1.11288e-05 9.49967e-06 1.28038e-05
0.5 0.1 0.1 22026 1.16193e-06 7.82188e-07 1.52701e-06
0.5 0.1 1 22026 1.14668e-09 1.36734e-10 2.1379e-09
0.5 1 0.001 22026 0.000218241 0.000190209 0.000246145
0.5 1 0.01 22026 0.000111288 9.4925e-05 0.000127777
0.5 1 0.1 22026 1.16193e-05 7.80901e-06 1.5408e-05
0.5 1 1 22026 1.14668e-08 1.36976e-09 2.13606e-08
0.5 0.01 0.001 59874 1.04498e-06 9.63261e-07 1.12538e-06
0.5 0.01 0.01 59874 3.7508e-07 3.32497e-07 4.19158e-07
0.5 0.01 0.1 59874 2.47948e-08 1.85038e-08 3.11178e-08
0.5 0.01 1 59874 1.06304e-13 4.96372e-14 1.63354e-13
0.5 0.1 0.001 59874 1.044e-05 9.64934e-06 1.12568e-05
0.5 0.1 0.01 59874 3.74499e-06 3.31557e-06 4.17681e-06
0.5 0.1 0.1 59874 2.46571e-07 1.85527e-07 3.08614e-07
0.5 0.1 1 59874 1.06227e-12 4.95922e-13 1.63557e-12
0.5 1 0.001 59874 0.000103781 9.60542e-05 0.000112133
0.5 1 0.01 59874 3.70837e-05 3.28383e-05 4.1195e-05
0.5 1 0.1 59874 2.37899e-06 1.79875e-06 2.95924e-06
0.5 1 1 59874 1.05744e-11 4.95568e-12 1.62148e-11
0.5 0.01 0.001 148.41 1.85214e-05 1.76568e-05 1.93418e-05
0.5 0.01 0.01 148.41 1.67388e-05 1.59386e-05 1.75319e-05
0.5 0.01 0.1 148.41 1.00894e-05 9.566e-06 1.06093e-05
0.5 0.01 1 148.41 8.49622e-07 7.84069e-07 9.14619e-07
0.5 0.1 0.001 148.41 0.000185146 0.000176699 0.000193789
0.5 0.1 0.01 148.41 0.000167325 0.000159515 0.000175054
0.5 0.1 0.1 148.41 0.000100866 9.57895e-05 0.000105933
0.5 0.1 1 148.41 8.49621e-06 7.86393e-06 9.16034e-06
0.5 1 0.001 148.41 0.0018472 0.00176317 0.00192988
0.5 1 0.01 148.41 0.00166933 0.00159215 0.00174847
0.5 1 0.1 148.41 0.0010069 0.000954727 0.0010569
0.5 1 1 148.41 8.49613e-05 7.84266e-05 9.14326e-05
0.5 0.01 0.001 162755 7.55878e-07 6.90648e-07 8.20278e-07
0.5 0.01 0.01 162755 1.9481e-07 1.66076e-07 2.22575e-07
0.5 0.01 0.1 162755 8.29457e-09 4.58639e-09 1.21238e-08
0.5 0.01 1 162755 3.64118e-13 9.02519e-16 7.27318e-13
0.5 0.1 0.001 162755 7.55878e-06 6.90272e-06 8.20036e-06
0.5 0.1 0.01 162755 1.9481e-06 1.66603e-06 2.23178e-06
0.5 0.1 0.1 162755 8.29457e-08 4.66465e-08 1.1994e-07
0.5 0.1 1 162755 3.64118e-12 9.02513e-15 7.27318e-12
0.5 1 0.001 162755 7.55878e-05 6.90883e-05 8.21697e-05
0.5 1 0.01 162755 1.9481e-05 1.66481e-05 2.22584e-05
0.5 1 0.1 162755 8.29457e-07 4.63845e-07 1.19692e-06
0.5 1 1 162755 3.64118e-11 9.02519e-14 7.27318e-11
0.5 0.01 0.001 403.43 1.24175e-05 1.17152e-05 1.31192e-05
0.5 0.01 0.01 403.43 1.08371e-05 1.0223e-05 1.14581e-05
0.5 0.01 0.1 403.43 5.51812e-06 5.14888e-06 5.87921e-06
0.5 0.01 1 403.43 3.07559e-07 2.70306e-07 3.45336e-07
0.5 0.1 0.001 403.43 0.000124108 0.00011712 0.000130928
0.5 0.1 0.01 403.43 0.000108313 0.000102131 0.00011448
0.5 0.1 0.1 403.43 5.51649e-05 5.14314e-05 5.87954e-05
0.5 0.1 1 403.43 3.07559e-06 2.69248e-06 3.44625e-06
0.5 1 0.001 403.43 0.00123686 0.00116638 0.00130735
0.5 1 0.01 403.43 0.00107946 0.00101714 0.00113874
0.5 1 0.1 403.43 0.000550621 0.000514595 0.000586858
0.5 1 1 403.43 3.07558e-05 2.69299e-05 3.45088e-05
0.5 0.01 0.001 1096.63 6.7072e-06 6.20981e-06 7.21834e-06
0.5 0.01 0.01 1096.63 5.52814e-06 5.08486e-06 5.96923e-06
0.5 0.01 0.1 1096.63 2.44065e-06 2.2032e-06 2.66949e-06
0.5 0.01 1 1096.63 1.26683e-07 1.01449e-07 1.51447e-07
0.5 0.1 0.001 1096.63 6.7072e-05 6.20757e-05 7.21111e-05
0.5 0.1 0.01 1096.63 5.52814e-05 5.08278e-05 5.97409e-05
0.5 0.1 0.1 1096.63 2.44065e-05 2.20895e-05 2.68268e-05
0.5 0.1 1 1096.63 1.26683e-06 1.02105e-06 1.51888e-06
0.5 1 0.001 1096.63 0.00067072 0.000618703 0.000721117
0.5 1 0.01 1096.63 0.000552814 0.000509396 0.000595622
0.5 1 0.1 1096.63 0.000244065 0.00022053 0.000266728
0.5 1 1 1096.63 1.26683e-05 1.01747e-05 1.51464e-05
0.5 0.01 0.001 2980.96 5.28655e-06 4.83948e-06 5.73152e-06
0.5 0.01 0.01 2980.96 3.84678e-06 3.4946e-06 4.19562e-06
0.5 0.01 0.1 2980.96 9.87006e-07 8.50979e-07 1.11973e-06
0.5 0.01 1 2980.96 2.00107e-08 1.02099e-08 2.95789e-08
0.5 0.1 0.001 2980.96 5.28317e-05 4.83672e-05 5.72901e-05
0.5 0.1 0.01 2980.96 3.84363e-05 3.48727e-05 4.18468e-05
0.5 0.1 0.1 2980.96 9.85475e-06 8.53231e-06 1.11777e-05
0.5 0.1 1 2980.96 2.00095e-07 9.99698e-08 3.00041e-07
0.5 1 0.001 2980.96 0.000526186 0.000482444 0.000570073
0.5 1 0.01 2980.96 0.00038238 0.000347004 0.000416842
0.5 1 0.1 2980.96 9.75824e-05 8.42581e-05 0.000110655
0.5 1 1 2980.96 2.00023e-06 1.01205e-06 2.97806e-06
0.5 0.01 0.001 8103.08 2.93339e-06 2.60198e-06 3.27251e-06
0.5 0.01 0.01 8103.08 1.94197e-06 1.69285e-06 2.18808e-06
0.5 0.01 0.1 8103.08 4.30827e-07 3.49949e-07 5.06801e-07
0.5 0.01 1 8103.08 1.72897e-09 8.12251e-10 2.67349e-09
0.5 0.1 0.001 8103.08 2.9302e-05 2.59666e-05 3.26309e-05
0.5 0.1 0.01 8103.08 1.94021e-05 1.68554e-05 2.18579e-05
0.5 0.1 0.1 8103.08 4.30823e-06 3.49946e-06 5.09714e-06
0.5 0.1 1 8103.08 1.72897e-08 8.07024e-09 2.6925e-08
0.5 1 0.001 8103.08 0.000291009 0.000258173 0.000323353
0.5 1 0.01 8103.08 0.000192911 0.000168965 0.000217452
0.5 1 0.1 8103.08 4.30794e-05 3.52439e-05 5.10082e-05
0.5 1 1 8103.08 1.72897e-07 8.12474e-08 2.66968e-07
