0.75 0.01 0.001 0 4.68284e-05 4.55114e-05 4.81921e-05
0.75 0.01 0.01 0 3.79103e-05 3.67353e-05 3.90303e-05
0.75 0.01 0.1 0 2.12761e-05 2.04908e-05 2.20485e-05
0.75 0.01 1 0 2.17791e-06 2.07329e-06 2.28322e-06
0.75 0.1 0.001 0 0.000468069 0.000454808 0.000481216
0.75 0.1 0.01 0 0.000378975 0.000367273 0.000390213
0.75 0.1 0.1 0 0.000212725 0.000204967 0.000220125
0.75 0.1 1 0 2.1779e-05 2.07161e-05 2.28224e-05
0.75 1 0.001 0 0.00466718 0.00453216 0.00479552
0.75 1 0.01 0 0.00378168 0.00366727 0.00389756
0.75 1 0.1 0 0.00212501 0.00204809 0.00220221
0.75 1 1 0 0.000217784 0.000207407 0.000228219
0.75 0.01 0.001 1 4.82244e-05 4.68698e-05 4.95738e-05
0.75 0.01 0.01 1 3.93713e-05 3.81893e-05 4.05543e-05
0.75 0.01 0.1 1 2.23497e-05 2.15702e-05 2.31384e-05
0.75 0.01 1 1 2.23616e-06 2.13041e-06 2.34324e-06
0.75 0.1 0.001 1 0.000482057 0.000468577 0.000495364
0.75 0.1 0.01 1 0.000393594 0.000381715 0.000405095
0.75 0.1 0.1 1 0.00022346 0.000215611 0.000231121
0.75 0.1 1 1 2.2361e-05 2.1299e-05 2.34508e-05
0.75 1 0.001 1 0.00480884 0.00467774 0.00494137
0.75 1 0.01 1 0.0039284 0.00380984 0.00404677
0.75 1 0.1 1 0.00223227 0.00215321 0.00231022
0.75 1 1 1 0.000223571 0.000213203 0.000234233
0.75 0.01 0.001 2.7 4.87457e-05 4.73883e-05 5.00696e-05
0.75 0.01 0.01 2.7 4.0047e-05 3.88649e-05 4.12465e-05
0.75 0.01 0.1 2.7 2.31166e-05 2.23086e-05 2.39278e-05
0.75 0.01 1 2.7 2.38661e-06 2.2761e-06 2.4945e-06
0.75 0.1 0.001 2.7 0.00048723 0.000473068 0.000500843
0.75 0.1 0.01 2.7 0.000400293 0.000388395 0.000412477
0.75 0.1 0.1 2.7 0.000231113 0.00022317 0.000239309
0.75 0.1 1 2.7 2.38661e-05 2.27489e-05 2.49892e-05
0.75 1 0.001 2.7 0.00485798 0.00472251 0.00499187
0.75 1 0.01 2.7 0.00399178 0.00387342 0.0041164
0.75 1 0.1 2.7 0.00230783 0.00222653 0.00238562
0.75 1 1 2.7 0.00023866 0.000227767 0.000249756
0.75 0.01 0.001 54.6 4.51153e-05 4.38068e-05 4.64079e-05
0.75 0.01 0.01 54.6 3.67154e-05 3.55874e-05 3.7845e-05
0.75 0.01 0.1 54.6 1.96504e-05 1.89239e-05 2.03618e-05
0.75 0.01 1 54.6 1.81049e-06 1.71512e-06 1.90483e-06
0.75 0.1 0.001 54.6 0.000451119 0.000438156 0.000464231
0.75 0.1 0.01 54.6 0.000367121 0.000355791 0.000378101
0.75 0.1 0.1 54.6 0.000196481 0.000189342 0.000203823
0.75 0.1 1 54.6 1.81043e-05 1.71601e-05 1.90778e-05
0.75 1 0.001 54.6 0.00450905 0.00437934 0.00464142
0.75 1 0.01 54.6 0.00366915 0.00355692 0.00378134
0.75 1 0.1 54.6 0.00196337 0.00189142 0.00203575
0.75 1 1 54.6 0.000181004 0.000171333 0.00019051
0.75 0.01 0.001 7.39 4.58155e-05 4.44904e-05 4.71068e-05
0.75 0.01 0.01 7.39 3.67069e-05 3.55572e-05 3.78589e-05
0.75 0.01 0.1 7.39 1.9902e-05 1.9167e-05 2.06452e-05
0.75 0.01 1 7.39 1.96218e-06 1.85987e-06 2.06202e-06
0.75 0.1 0.001 7.39 0.000457925 0.000444831 0.000471114
0.75 0.1 0.01 7.39 0.000366897 0.000355756 0.000378335
0.75 0.1 0.1 7.39 0.000198974 0.000191624 0.000206272
0.75 0.1 1 7.39 1.96211e-05 1.86337e-05 2.06306e-05
0.75 1 0.001 7.39 0.00456479 0.0044368 0.00469619
0.75 1 0.01 7.39 0.00365817 0.00354494 0.00377101
0.75 1 0.1 7.39 0.00198685 0.00191386 0.00205905
0.75 1 1 7.39 0.000196171 0.000186292 0.000206511
0.75 0.01 0.001 20.09 4.63564e-05 4.50274e-05 4.76921e-05
0.75 0.01 0.01 20.09 3.76361e-05 3.64849e-05 3.87899e-05
0.75 0.01 0.1 20.09 2.13447e-05 2.05758e-05 2.21125e-05
0.75 0.01 1 20.09 2.13763e-06 2.03181e-06 2.24274e-06
0.75 0.1 0.001 20.09 0.000463346 0.000450333 0.000476571
0.75 0.1 0.01 20.09 0.000376221 0.000364658 0.000387438
0.75 0.1 0.1 20.09 0.000213405 0.000205807 0.000221123
0.75 0.1 1 20.09 2.13756e-05 2.03364e-05 2.24337e-05
0.75 1 0.001 20.09 0.00461977 0.0044892 0.00475282
0.75 1 0.01 20.09 0.00375338 0.00364188 0.00387062
0.75 1 0.1 20.09 0.00213139 0.00205346 0.00220696
0.75 1 1 20.09 0.000213716 0.000203042 0.000224039
0.75 0.01 0.001 22026 7.37112e-06 6.88183e-06 7.85303e-06
0.75 0.01 0.01 22026 2.08776e-06 1.88245e-06 2.29034e-06
0.75 0.01 0.1 22026 1.09301e-07 7.85278e-08 1.40744e-07
0.75 0.01 1 22026 2.62107e-12 7.38535e-13 4.46911e-12
0.75 0.1 0.001 22026 7.36736e-05 6.89954e-05 7.84515e-05
0.75 0.1 0.01 22026 2.08749e-05 1.87999e-05 2.28893e-05
0.75 0.1 0.1 22026 1.09301e-06 7.90895e-07 1.40657e-06
0.75 0.1 1 22026 2.62107e-11 7.37959e-12 4.43709e-11
0.75 1 0.001 22026 0.000734366 0.000687738 0.000782216
0.75 1 0.01 22026 0.00020858 0.000188141 0.000229349
0.75 1 0.1 22026 1.09301e-05 7.83655e-06 1.40351e-05
0.75 1 1 22026 2.62107e-10 7.39133e-11 4.5024e-10
0.75 0.01 0.001 59874 3.67844e-06 3.53612e-06 3.82481e-06
0.75 0.01 0.01 59874 6.15067e-07 5.72242e-07 6.5907e-07
0.75 0.01 0.1 59874 1.66991e-08 1.09976e-08 2.21833e-08
0.75 0.01 1 59874 3.0962e-12 3.6334e-13 5.78e-12
0.75 0.1 0.001 59874 3.67814e-05 3.53489e-05 3.81964e-05
0.75 0.1 0.01 59874 6.15067e-06 5.72482e-06 6.58006e-06
0.75 0.1 0.1 59874 1.66991e-07 1.10405e-07 2.23192e-07
0.75 0.1 1 59874 3.0962e-11 3.63342e-12 5.7799e-11
0.75 1 0.001 59874 0.000367627 0.000353329 0.000382371
0.75 1 0.01 59874 6.15067e-05 5.71462e-05 6.58424e-05
0.75 1 0.1 59874 1.66991e-06 1.09082e-06 2.24206e-06
0.75 1 1 59874 3.0962e-10 3.63338e-11 5.77989e-10
0.75 0.01 0.001 148.41 3.83708e-05 3.71559e-05 3.95467e-05
0.75 0.01 0.01 148.41 3.03472e-05 2.93255e-05 3.13644e-05
0.75 0.01 0.1 148.41 1.50367e-05 1.44322e-05 1.56594e-05
0.75 0.01 1 148.41 1.11941e-06 1.04473e-06 1.1944e-06
0.75 0.1 0.001 148.41 0.000383645 0.000371624 0.000395619
0.75 0.1 0.01 148.41 0.000303431 0.000293169 0.000313702
0.75 0.1 0.1 148.41 0.000150344 0.000144078 0.000156494
0.75 0.1 1 148.41 1.11935e-05 1.04596e-05 1.19438e-05
0.75 1 0.001 148.41 0.00383244 0.00371221 0.00395255
0.75 1 0.01 148.41 0.00303171 0.00292885 0.00313047
0.75 1 0.1 148.41 0.001502 0.00143953 0.00156323
0.75 1 1 148.41 0.000111896 0.000104451 0.000119234
0.75 0.01 0.001 162755 2.02068e-06 1.92169e-06 2.12295e-06
0.75 0.01 0.01 162755 2.02591e-07 1.78882e-07 2.26688e-07
0.75 0.01 0.1 162755 6.90531e-09 3.11824e-09 1.0714e-08
0.75 0.01 1 162755 4.12355e-13 4.91537e-14 7.75555e-13
0.75 0.1 0.001 162755 2.02004e-05 1.92165e-05 2.11912e-05
0.75 0.1 0.01 162755 2.02587e-06 1.78589e-06 2.26323e-06
0.75 0.1 0.1 162755 6.90531e-08 3.06024e-08 1.08263e-07
0.75 0.1 1 162755 4.12355e-12 4.91537e-13 7.75555e-12
0.75 1 0.001 162755 0.000201595 0.000191503 0.00021149
0.75 1 0.01 162755 2.02565e-05 1.79014e-05 2.26612e-05
0.75 1 0.1 162755 6.90531e-07 3.11083e-07 1.08178e-06
0.75 1 1 162755 4.12355e-11 4.91537e-12 7.75555e-11
0.75 0.01 0.001 403.43 2.98065e-05 2.87434e-05 3.08383e-05
0.75 0.01 0.01 403.43 2.205e-05 2.11817e-05 2.29196e-05
0.75 0.01 0.1 403.43 9.14636e-06 8.69024e-06 9.59937e-06
0.75 0.01 1 403.43 4.91355e-07 4.44287e-07 5.39668e-07
0.75 0.1 0.001 403.43 0.000297973 0.000287421 0.000308277
0.75 0.1 0.01 403.43 0.000220473 0.000211956 0.000229158
0.75 0.1 0.1 403.43 9.14636e-05 8.68444e-05 9.59717e-05
0.75 0.1 1 403.43 4.91355e-06 4.4412e-06 5.40009e-06
0.75 1 0.001 403.43 0.00297393 0.00286931 0.00308009
0.75 1 0.01 403.43 0.00220301 0.00211743 0.00228878
0.75 1 0.1 403.43 0.000914634 0.000869086 0.000959266
0.75 1 1 403.43 4.91355e-05 4.42772e-05 5.38624e-05
0.75 0.01 0.001 1096.63 2.13993e-05 2.05072e-05 2.22836e-05
0.75 0.01 0.01 1096.63 1.35585e-05 1.29418e-05 1.42098e-05
0.75 0.01 0.1 1096.63 3.70429e-06 3.43577e-06 3.97589e-06
0.75 0.01 1 1096.63 1.18001e-07 9.53767e-08 1.41547e-07
0.75 0.1 0.001 1096.63 0.000213993 0.000205196 0.000222674
0.75 0.1 0.01 1096.63 0.000135585 0.000129325 0.000142052
0.75 0.1 0.1 1096.63 3.70429e-05 3.43001e-05 3.96746e-05
0.75 0.1 1 1096.63 1.18001e-06 9.52277e-07 1.40998e-06
0.75 1 0.001 1096.63 0.00213993 0.00205277 0.0022282
0.75 1 0.01 1096.63 0.00135585 0.00129296 0.00141858
0.75 1 0.1 1096.63 0.000370429 0.000343729 0.000397256
0.75 1 1 1096.63 1.18001e-05 9.50283e-06 1.41372e-05
0.75 0.01 0.001 2980.96 1.48976e-05 1.41817e-05 1.56131e-05
0.75 0.01 0.01 2980.96 7.697e-06 7.24061e-06 8.15921e-06
0.75 0.01 0.1 2980.96 1.25216e-06 1.11769e-06 1.38334e-06
0.75 0.01 1 2980.96 1.49564e-08 7.40519e-09 2.25851e-08
0.75 0.1 0.001 2980.96 0.00014894 0.00014169 0.000156153
0.75 0.1 0.01 2980.96 7.69686e-05 7.23814e-05 8.16482e-05
0.75 0.1 0.1 2980.96 1.25216e-05 1.12179e-05 1.38149e-05
0.75 0.1 1 2980.96 1.49564e-07 7.41657e-08 2.23611e-07
0.75 1 0.001 2980.96 0.00148713 0.00141472 0.00155846
0.75 1 0.01 2980.96 0.000769602 0.000723565 0.000815476
0.75 1 0.1 2980.96 0.000125216 0.000111715 0.000138258
0.75 1 1 2980.96 1.49564e-06 7.46556e-07 2.29201e-06
0.75 0.01 0.001 8103.08 1.12617e-05 1.06269e-05 1.18751e-05
0.75 0.01 0.01 8103.08 4.9268e-06 4.57395e-06 5.26447e-06
0.75 0.01 0.1 8103.08 4.67156e-07 3.86359e-07 5.47665e-07
0.75 0.01 1 8103.08 1.23404e-08 5.47283e-09 1.92177e-08
0.75 0.1 0.001 8103.08 0.000112577 0.000106294 0.000118805
0.75 0.1 0.01 8103.08 4.9246e-05 4.58923e-05 5.27576e-05
0.75 0.1 0.1 8103.08 4.67114e-06 3.85999e-06 5.4682e-06
0.75 0.1 1 8103.08 1.23404e-07 5.47747e-08 1.9217e-07
0.75 1 0.001 8103.08 0.0011233 0.00106137 0.0011857
0.75 1 0.01 8103.08 0.000491077 0.000455927 0.000525637
0.75 1 0.1 8103.08 4.66851e-05 3.85446e-05 5.49487e-05
0.75 1 1 8103.08 1.23404e-06 5.47139e-07 1.92188e-06
