0.49 1 1 0 0 0 0
0.49 1 2.71828 0 0.280216 0.269012 0.291326
0.49 1 7.38906 0 0.318595 0.306526 0.330485
0.49 1 20.0855 0 0.329047 0.316959 0.341251
0.49 1 54.5982 0 0.33291 0.320864 0.34506
0.49 1 148.413 0 0.333542 0.321461 0.346301
0.49 1 403.429 0 0.334407 0.32233 0.346536
0.49 1 1096.63 0 0.334407 0.322292 0.346714
0.49 1 2980.96 0 0.334407 0.321975 0.346533
0.49 1 8103.08 0 0.334407 0.322202 0.346363
0.49 1 22026.5 0 0.334407 0.322317 0.346635
0.49 1 59874.1 0 0.334407 0.322333 0.346673
0.49 1 162755 0 0.334407 0.322279 0.346955
0.49 1 442413 0 0.334407 0.322242 0.346305
