0.49 1e-05 1 0 0 0 0
0.49 1e-05 2.71828 0 5.27996e-06 5.04996e-06 5.50996e-06
0.49 1e-05 7.38906 0 7.15992e-06 6.82992e-06 7.48992e-06
0.49 1e-05 20.0855 0 7.57991e-06 7.22992e-06 7.91991e-06
0.49 1e-05 54.5982 0 7.71991e-06 7.36991e-06 8.0699e-06
0.49 1e-05 148.413 0 7.72991e-06 7.36992e-06 8.0899e-06
0.49 1e-05 403.429 0 7.74991e-06 7.39992e-06 8.11989e-06
0.49 1e-05 1096.63 0 7.74991e-06 7.39991e-06 8.1099e-06
0.49 1e-05 2980.96 0 7.74991e-06 7.39992e-06 8.0999e-06
0.49 1e-05 8103.08 0 7.74991e-06 7.39992e-06 8.1099e-06
0.49 1e-05 22026.5 0 7.74991e-06 7.39992e-06 8.0999e-06
0.49 1e-05 59874.1 0 7.74991e-06 7.38992e-06 8.1099e-06
0.49 1e-05 162755 0 7.74991e-06 7.39991e-06 8.0999e-06
0.49 1e-05 442413 0 7.74991e-06 7.39991e-06 8.08991e-06
