0.49 0.001 1 0 0 0 0
0.49 0.001 2.71828 0 0.000527602 0.000504632 0.000550582
0.49 0.001 7.38906 0 0.0007152 0.000682262 0.000747162
0.49 0.001 20.0855 0 0.000757093 0.000722134 0.000792009
0.49 0.001 54.5982 0 0.000771068 0.000736132 0.000805969
0.49 0.001 148.413 0 0.000772068 0.000737142 0.00080701
0.49 0.001 403.429 0 0.000774066 0.000740114 0.000810041
0.49 0.001 1096.63 0 0.000774066 0.000738089 0.000809009
0.49 0.001 2980.96 0 0.000774066 0.00073916 0.000809025
0.49 0.001 8103.08 0 0.000774066 0.000738149 0.000809939
0.49 0.001 22026.5 0 0.000774066 0.000739106 0.000808078
0.49 0.001 59874.1 0 0.000774066 0.000739123 0.000809005
0.49 0.001 162755 0 0.000774066 0.000739144 0.000808979
0.49 0.001 442413 0 0.000774066 0.000739085 0.000810036
