2.05 0.01 0.001 0 0.00180657 0.00179895 0.00181445
2.05 0.01 0.01 0 0.000661494 0.000657107 0.000665803
2.05 0.01 0.1 0 0.000155132 0.000153365 0.000156837
2.05 0.01 1 0 2.92712e-06 2.83729e-06 3.02153e-06
2.05 0.1 0.001 0 0.0178012 0.0177256 0.0178775
2.05 0.1 0.01 0 0.00657709 0.00653474 0.0066208
2.05 0.1 0.1 0 0.00154904 0.00153195 0.00156657
2.05 0.1 1 0 2.92701e-05 2.83342e-05 3.01803e-05
2.05 1 0.001 0 0.162891 0.162226 0.163566
2.05 1 0.01 0 0.0634784 0.0630627 0.0638832
2.05 1 0.1 0 0.0153483 0.0151763 0.0155174
2.05 1 1 0 0.000292627 0.000283416 0.000301936
2.05 0.01 0.001 1 0.00183642 0.00182833 0.00184399
2.05 0.01 0.01 1 0.000689931 0.000685372 0.000694436
2.05 0.01 0.1 1 0.000178958 0.000177029 0.000180855
2.05 0.01 1 1 7.03243e-06 6.85347e-06 7.20984e-06
2.05 0.1 0.001 1 0.0180952 0.0180199 0.0181723
2.05 0.1 0.01 1 0.00686015 0.00681556 0.00690407
2.05 0.1 0.1 1 0.00178697 0.00176812 0.0018063
2.05 0.1 1 1 7.0321e-05 6.86359e-05 7.20743e-05
2.05 1 0.001 1 0.165587 0.164919 0.166278
2.05 1 0.01 1 0.0662369 0.0658204 0.0666551
2.05 1 0.1 1 0.0177071 0.0175186 0.0178992
2.05 1 1 1 0.000702999 0.000685092 0.000720471
2.05 0.01 0.001 2.7 0.00188226 0.00187421 0.00189014
2.05 0.01 0.01 2.7 0.000741812 0.000737193 0.000746562
2.05 0.01 0.1 2.7 0.000220376 0.000218169 0.000222659
2.05 0.01 1 2.7 1.39473e-05 1.36831e-05 1.4206e-05
2.05 0.1 0.001 2.7 0.0185468 0.0184694 0.0186249
2.05 0.1 0.01 2.7 0.00737596 0.00732962 0.00742275
2.05 0.1 0.1 2.7 0.00220039 0.00217802 0.00222377
2.05 0.1 1 2.7 0.000139468 0.000136858 0.000142013
2.05 1 0.001 2.7 0.169752 0.169068 0.170437
2.05 1 0.01 2.7 0.0712134 0.0707765 0.0716452
2.05 1 0.1 2.7 0.0217936 0.0215753 0.022017
2.05 1 1 2.7 0.00139436 0.00136843 0.00142109
2.05 0.01 0.001 54.6 0.0017318 0.00172411 0.0017395
2.05 0.01 0.01 54.6 0.000594181 0.000590023 0.000598131
2.05 0.01 0.1 54.6 0.000124338 0.000122729 0.000125883
2.05 0.01 1 54.6 4.16871e-06 4.03095e-06 4.30205e-06
2.05 0.1 0.001 54.6 0.017063 0.0169899 0.0171392
2.05 0.1 0.01 54.6 0.00590806 0.00586846 0.00594822
2.05 0.1 0.1 54.6 0.00124158 0.0012259 0.0012576
2.05 0.1 1 54.6 4.16861e-05 4.03328e-05 4.30487e-05
2.05 1 0.001 54.6 0.156086 0.15543 0.156718
2.05 1 0.01 54.6 0.0570422 0.0566583 0.0574204
2.05 1 0.1 54.6 0.0123032 0.0121483 0.0124561
2.05 1 1 54.6 0.000416801 0.000403456 0.000430613
2.05 0.01 0.001 7.39 0.00192757 0.00191955 0.00193546
2.05 0.01 0.01 7.39 0.000782196 0.000777419 0.000787094
2.05 0.01 0.1 7.39 0.000254566 0.00025209 0.000257073
2.05 0.01 1 7.39 1.99815e-05 1.96659e-05 2.02912e-05
2.05 0.1 0.001 7.39 0.0189944 0.0189149 0.0190739
2.05 0.1 0.01 7.39 0.00777728 0.00773127 0.00782522
2.05 0.1 0.1 7.39 0.00254226 0.00251734 0.0025669
2.05 0.1 1 7.39 0.00019981 0.000196668 0.000202996
2.05 1 0.001 7.39 0.173861 0.173158 0.174538
2.05 1 0.01 7.39 0.0750679 0.0746091 0.075515
2.05 1 0.1 7.39 0.0252108 0.0249654 0.0254623
2.05 1 1 7.39 0.00199781 0.00196697 0.00202907
2.05 0.01 0.001 20.09 0.00185996 0.00185179 0.00186778
2.05 0.01 0.01 20.09 0.000723171 0.000718642 0.000727653
2.05 0.01 0.1 20.09 0.000210512 0.0002083 0.00021271
2.05 0.01 1 20.09 1.38e-05 1.35431e-05 1.40605e-05
2.05 0.1 0.001 20.09 0.0183265 0.0182514 0.018405
2.05 0.1 0.01 20.09 0.00719043 0.00714497 0.00723664
2.05 0.1 0.1 20.09 0.00210222 0.00208001 0.00212438
2.05 0.1 1 20.09 0.000137994 0.000135449 0.000140566
2.05 1 0.001 20.09 0.167655 0.166978 0.168332
2.05 1 0.01 20.09 0.0694011 0.0689677 0.0698385
2.05 1 0.1 20.09 0.020841 0.0206188 0.0210609
2.05 1 1 20.09 0.00137957 0.00135344 0.0014058
2.05 0.01 0.001 22026 2.14686e-07 1.48409e-07 2.79747e-07
2.05 0.01 0.01 22026 3.64887e-09 1.66712e-11 7.27769e-09
2.05 0.01 0.1 22026 1.51005e-18 4.83931e-43 3.02011e-18
2.05 0.01 1 22026 2.35171e-112 0 4.70343e-112
2.05 0.1 0.001 22026 2.10102e-06 1.45478e-06 2.74632e-06
2.05 0.1 0.01 22026 3.64873e-08 1.66295e-10 7.2774e-08
2.05 0.1 0.1 22026 1.51005e-17 4.83931e-42 3.02011e-17
2.05 0.1 1 22026 2.35171e-111 0 4.70343e-111
2.05 1 0.001 22026 1.83467e-05 1.29054e-05 2.4e-05
2.05 1 0.01 22026 3.64788e-07 1.58629e-09 7.27657e-07
2.05 1 0.1 22026 1.51005e-16 4.83931e-41 3.02011e-16
2.05 1 1 22026 2.35171e-110 0 4.70343e-110
2.05 0.01 0.001 59874 7.92562e-09 2.65008e-09 1.30471e-08
2.05 0.01 0.01 59874 9.24994e-11 3.73421e-16 1.84998e-10
2.05 0.01 0.1 59874 3.4163e-28 3.92809e-82 6.8326e-28
2.05 0.01 1 59874 1.61343e-202 0 3.22687e-202
2.05 0.1 0.001 59874 7.92562e-08 2.65008e-08 1.30471e-07
2.05 0.1 0.01 59874 9.24994e-10 3.73421e-15 1.84998e-09
2.05 0.1 0.1 59874 3.4163e-27 3.92809e-81 6.8326e-27
2.05 0.1 1 59874 1.61343e-201 0 3.22687e-201
2.05 1 0.001 59874 7.92562e-07 2.65008e-07 1.30471e-06
2.05 1 0.01 59874 9.24994e-09 3.73421e-14 1.84998e-08
2.05 1 0.1 59874 3.4163e-26 3.92809e-80 6.8326e-26
2.05 1 1 59874 1.61343e-200 0 3.22687e-200
2.05 0.01 0.001 148.41 0.00150738 0.00150016 0.00151426
2.05 0.01 0.01 148.41 0.000409677 0.000406547 0.000412807
2.05 0.01 0.1 148.41 4.17835e-05 4.10129e-05 4.25695e-05
2.05 0.01 1 148.41 5.1788e-07 4.72019e-07 5.64789e-07
2.05 0.1 0.001 148.41 0.0148578 0.0147897 0.0149288
2.05 0.1 0.01 148.41 0.00407353 0.00404136 0.00410474
2.05 0.1 0.1 148.41 0.000417294 0.000409741 0.000424967
2.05 0.1 1 148.41 5.17875e-06 4.71641e-06 5.64434e-06
2.05 1 0.001 148.41 0.136229 0.135633 0.136823
2.05 1 0.01 148.41 0.0393356 0.0390411 0.0396321
2.05 1 0.1 148.41 0.00413959 0.00406435 0.00421379
2.05 1 1 148.41 5.17846e-05 4.70688e-05 5.62999e-05
2.05 0.01 0.001 162755 0 0 0
2.05 0.01 0.01 162755 0 0 0
2.05 0.01 0.1 162755 0 0 0
2.05 0.01 1 162755 0 0 0
2.05 0.1 0.001 162755 0 0 0
2.05 0.1 0.01 162755 0 0 0
2.05 0.1 0.1 162755 0 0 0
2.05 0.1 1 162755 0 0 0
2.05 1 0.001 162755 0 0 0
2.05 1 0.01 162755 0 0 0
2.05 1 0.1 162755 0 0 0
2.05 1 1 162755 0 0 0
2.05 0.01 0.001 403.43 0.00116182 0.00115587 0.00116779
2.05 0.01 0.01 403.43 0.000194857 0.000192919 0.000196812
2.05 0.01 0.1 403.43 6.28561e-06 6.04027e-06 6.5393e-06
2.05 0.01 1 403.43 6.06197e-08 4.40202e-08 7.69443e-08
2.05 0.1 0.001 403.43 0.0114529 0.0113942 0.0115105
2.05 0.1 0.01 403.43 0.00193761 0.00191898 0.00195655
2.05 0.1 0.1 403.43 6.27799e-05 6.03263e-05 6.52389e-05
2.05 0.1 1 403.43 6.06197e-07 4.41157e-07 7.67896e-07
2.05 1 0.001 403.43 0.105091 0.104561 0.105599
2.05 1 0.01 403.43 0.0187133 0.0185307 0.0188967
2.05 1 0.1 403.43 0.000623089 0.000598192 0.000648059
2.05 1 1 403.43 6.06197e-06 4.43016e-06 7.6772e-06
2.05 0.01 0.001 1096.63 0.000665478 0.000661339 0.00066967
2.05 0.01 0.01 1096.63 4.06433e-05 3.99511e-05 4.13395e-05
2.05 0.01 0.1 1096.63 2.50335e-07 2.11415e-07 2.88652e-07
2.05 0.01 1 1096.63 3.78851e-12 1.88209e-12 5.71017e-12
2.05 0.1 0.001 1096.63 0.00656187 0.00652053 0.00660264
2.05 0.1 0.01 1096.63 0.000404271 0.000397475 0.000411159
2.05 0.1 0.1 1096.63 2.50305e-06 2.11031e-06 2.88982e-06
2.05 0.1 1 1096.63 3.78851e-11 1.89183e-11 5.68552e-11
2.05 1 0.001 1096.63 0.0602868 0.0599255 0.0606513
2.05 1 0.01 1096.63 0.00391134 0.00384688 0.00397633
2.05 1 0.1 1096.63 2.50111e-05 2.12058e-05 2.89077e-05
2.05 1 1 1096.63 3.78851e-10 1.88382e-10 5.69301e-10
2.05 0.01 0.001 2980.96 0.000173485 0.000171613 0.000175354
2.05 0.01 0.01 2980.96 2.05518e-06 1.93004e-06 2.17843e-06
2.05 0.01 0.1 2980.96 4.36681e-09 2.61392e-09 6.18925e-09
2.05 0.01 1 2980.96 6.87303e-23 1.70792e-25 1.37287e-22
2.05 0.1 0.001 2980.96 0.00171194 0.00169368 0.00173017
2.05 0.1 0.01 2980.96 2.04463e-05 1.91944e-05 2.17241e-05
2.05 0.1 0.1 2980.96 4.36681e-08 2.59197e-08 6.04997e-08
2.05 0.1 1 2980.96 6.87303e-22 1.70792e-24 1.37287e-21
2.05 1 0.001 2980.96 0.0158026 0.0156396 0.0159639
2.05 1 0.01 2980.96 0.000198026 0.000186099 0.000209582
2.05 1 0.1 2980.96 4.3668e-07 2.62885e-07 6.11775e-07
2.05 1 1 2980.96 6.87303e-21 1.70784e-23 1.37287e-20
2.05 0.01 0.001 8103.08 7.50267e-06 7.13625e-06 7.86865e-06
2.05 0.01 0.01 8103.08 5.60663e-08 4.05393e-08 7.14968e-08
2.05 0.01 0.1 8103.08 1.70681e-14 6.71566e-15 3.00544e-14
2.05 0.01 1 8103.08 3.95532e-74 7.11411e-76 7.83949e-74
2.05 0.1 0.001 8103.08 7.40431e-05 7.0439e-05 7.75774e-05
2.05 0.1 0.01 8103.08 5.58723e-07 4.0406e-07 7.09568e-07
2.05 0.1 0.1 8103.08 1.70681e-13 6.7157e-14 3.0164e-13
2.05 0.1 1 8103.08 3.95532e-73 7.11411e-75 7.83949e-73
2.05 1 0.001 8103.08 0.000685194 0.000653283 0.00071554
2.05 1 0.01 8103.08 5.46509e-06 3.90365e-06 6.99715e-06
2.05 1 0.1 8103.08 1.70681e-12 6.71564e-13 3.00545e-12
2.05 1 1 8103.08 3.95532e-72 7.11411e-74 7.83949e-72
