0 0
1 6e-06
2 1.12e-05
3 1.52e-05
4 1.72e-05
5 1.75619e-05
6 2.12e-05
7 1.72e-05
8 2.36e-05
9 1.88e-05
10 1.8e-05
11 2.24e-05
12 2.16e-05
13 1.68e-05
14 1.88e-05
15 1.68e-05
16 1.84e-05
17 1.56e-05
18 1.76e-05
19 1.79619e-05
20 1.76e-05
21 1.36e-05
22 1.28e-05
23 1.39619e-05
24 1.52e-05
25 1.64e-05
26 1.12e-05
27 1.95619e-05
28 1.36e-05
29 1.64e-05
30 1.24e-05
31 1.08e-05
32 1.47239e-05
33 1.12e-05
34 1.2e-05
35 1.31239e-05
36 1.03619e-05
37 7.6e-06
38 1.08e-05
39 1.16e-05
40 9.6e-06
41 8.8e-06
42 9.6e-06
43 8e-06
44 9.6e-06
45 6.8e-06
46 1.03619e-05
47 9.6e-06
48 1.08e-05
49 1.04e-05
50 8.4e-06
51 8.4e-06
52 1e-05
53 9.56193e-06
54 1.32e-05
55 1.18858e-05
56 7.6e-06
57 6.8e-06
58 8e-06
59 1e-05
60 1e-05
61 6.36193e-06
62 1.08e-05
63 1.11619e-05
64 7.56193e-06
65 1.04e-05
66 9.2e-06
67 6.4e-06
68 1e-05
69 5.2e-06
70 8e-06
71 7.12749e-06
72 7.96193e-06
73 9.2e-06
74 1.08e-05
75 1.11619e-05
76 8e-06
77 7.2e-06
78 7.96193e-06
79 1.08e-05
80 7.2e-06
81 7.56193e-06
82 7.6e-06
83 7.16193e-06
84 6.8e-06
85 6.8e-06
86 8e-06
87 7.6e-06
88 7.2e-06
89 6.76193e-06
90 7.2e-06
91 5.92387e-06
92 1.08e-05
93 6.8e-06
94 1.08e-05
95 6.8e-06
96 7.2e-06
97 5.6e-06
98 7.16193e-06
99 6.8e-06
100 5.6e-06
101 8e-06
102 6.4e-06
103 7.6e-06
104 9.2e-06
105 6.4e-06
106 5.92387e-06
107 5.2e-06
108 6.72387e-06
109 6.4e-06
110 9.56193e-06
111 9.2e-06
112 4.76193e-06
113 5.6e-06
114 6.4e-06
115 6.76193e-06
116 8.76193e-06
117 5.6e-06
118 9.8858e-06
119 1.12e-05
120 8e-06
121 4.76193e-06
122 6.36193e-06
123 6e-06
124 4.8e-06
125 8e-06
126 5.56193e-06
127 5.6e-06
128 8.68943e-06
129 8.76193e-06
130 7.16193e-06
131 4.4e-06
132 6e-06
133 3.2e-06
134 7.2e-06
135 6e-06
136 6.8e-06
137 5.2e-06
138 4.8e-06
139 1.08e-05
140 5.56193e-06
141 5.6e-06
142 4e-06
143 4.72387e-06
144 7.16193e-06
145 3.6e-06
146 4.8e-06
147 6e-06
148 5.52387e-06
149 5.2e-06
150 5.2e-06
151 5.2e-06
152 5.96193e-06
153 7.12387e-06
154 5.96193e-06
155 6e-06
156 5.6e-06
157 4.4e-06
158 7.96193e-06
159 6.36193e-06
160 2.4e-06
161 4.72387e-06
162 4.76193e-06
163 6.4e-06
164 3.96193e-06
165 4.32387e-06
166 5.2e-06
167 6.4e-06
168 6e-06
169 1.2e-06
170 6.4e-06
171 3.16193e-06
172 2.8e-06
173 5.2e-06
174 2.8e-06
175 5.12387e-06
176 4e-06
177 7.2e-06
178 5.6e-06
179 5.2e-06
180 5.16193e-06
181 4e-06
182 3.6e-06
183 5.6e-06
184 2.8e-06
185 2.8e-06
186 6.76193e-06
187 7.2e-06
188 6.36193e-06
189 8.4e-06
190 4.4e-06
191 3.6e-06
192 3.6e-06
193 3.2e-06
194 5.6e-06
195 3.6e-06
196 4.4e-06
197 5.2e-06
198 4e-06
199 5.16193e-06
200 3.2e-06
201 6e-06
202 4.36193e-06
203 2.8e-06
204 3.96193e-06
205 4.76193e-06
206 4.8e-06
207 4.4e-06
208 4.4e-06
209 4e-06
210 2.76193e-06
211 4e-06
212 5.6e-06
213 3.2e-06
214 2.36193e-06
215 3.2e-06
216 4e-06
217 3.96193e-06
218 1.6e-06
219 2e-06
220 4.4e-06
221 3.92749e-06
222 4.36193e-06
223 4.8e-06
224 4.4e-06
225 2.8e-06
226 6e-06
227 5.16193e-06
228 3.6e-06
229 3.2e-06
230 5.56193e-06
231 4.4e-06
232 4.4e-06
233 1.96193e-06
234 5.56193e-06
235 5.16193e-06
236 3.6e-06
237 4.76193e-06
238 5.52387e-06
239 5.2e-06
240 6.4e-06
241 3.2e-06
242 6.4e-06
243 6e-06
244 6e-06
245 7.2e-06
246 3.2e-06
247 4.4e-06
248 5.6e-06
249 5.2e-06
250 8e-07
251 4.8e-06
252 3.6e-06
253 3.6e-06
254 5.2e-06
255 1.2e-06
256 3.2e-06
257 4.32387e-06
258 5.96193e-06
259 4.4e-06
260 3.2e-06
261 5.6e-06
262 3.6e-06
263 4.8e-06
264 3.52387e-06
265 3.56193e-06
266 2e-06
267 1.6e-06
268 4.4e-06
269 4.4e-06
270 4.4e-06
271 4e-06
272 4.8e-06
273 3.16193e-06
274 2.76193e-06
275 3.6e-06
276 4e-06
277 5.2e-06
278 4.8e-06
279 5.56193e-06
280 5.2e-06
281 2.8e-06
282 3.56193e-06
283 4.4e-06
284 3.16193e-06
285 3.96193e-06
286 2.69633e-06
287 4.36193e-06
288 3.6e-06
289 2e-06
290 4e-06
291 3.56193e-06
292 3.96193e-06
293 5.2e-06
294 2.4e-06
295 2e-06
296 2.4e-06
297 7.2e-06
298 3.6e-06
299 2.76193e-06
300 4.8e-06
301 5.96193e-06
302 3.96193e-06
303 1.96193e-06
304 4e-06
305 2.8e-06
306 3.96193e-06
307 5.16193e-06
308 2.4e-06
309 3.2e-06
310 3.6e-06
311 2e-06
312 4e-06
313 4e-06
314 5.2e-06
315 2.8e-06
316 2.8e-06
317 4.4e-06
318 1.2e-06
319 3.96193e-06
320 5.92749e-06
321 2.8e-06
322 3.56193e-06
323 5.6e-06
324 2.76193e-06
325 3.92387e-06
326 6e-06
327 2.76193e-06
328 4.8e-06
329 3.56193e-06
330 1.96193e-06
331 1.6e-06
332 3.6e-06
333 1.2e-06
334 2.4e-06
335 2.4e-06
336 4e-06
337 1.6e-06
338 4.4e-06
339 4.4e-06
340 2.4e-06
341 1.6e-06
342 4.4e-06
343 4e-06
344 4.8e-06
345 4.36193e-06
346 2.72387e-06
347 3.2e-06
348 2.8e-06
349 1.6e-06
350 3.2e-06
351 2.76193e-06
352 2e-06
353 3.2e-06
354 1.6e-06
355 3.56193e-06
356 2.8e-06
357 4.4e-06
358 3.56193e-06
359 3.6e-06
360 3.96193e-06
361 3.6e-06
362 3.2e-06
363 3.16193e-06
364 2e-06
365 5.2e-06
366 2.76193e-06
367 2.36193e-06
368 2.36193e-06
369 3.56193e-06
370 1.96193e-06
371 2.8e-06
372 2.8e-06
373 2.8e-06
374 3.6e-06
375 5.2e-06
376 2.76193e-06
377 2.8e-06
378 7.61935e-07
379 2.8e-06
380 2.4e-06
381 1.56193e-06
382 1.6e-06
383 4.36193e-06
384 2.4e-06
385 8e-07
386 4.4e-06
387 3.2e-06
388 2.8e-06
389 3.2e-06
390 2e-06
391 2.4e-06
392 2.4e-06
393 4e-06
394 3.2e-06
395 1.6e-06
396 4.4e-06
397 1.56193e-06
398 2.4e-06
399 3.6e-06
400 3.56193e-06
401 2.4e-06
402 1.56193e-06
403 3.2e-06
404 3.2e-06
405 3.2e-06
406 4.76193e-06
407 2.36193e-06
408 2.36193e-06
409 2.8e-06
410 3.56193e-06
411 2.4e-06
412 1.56193e-06
413 4.4e-06
414 2.4e-06
415 3.56193e-06
416 2.76193e-06
417 4e-06
418 3.96193e-06
419 2.4e-06
420 3.6e-06
421 3.2e-06
422 3.16193e-06
423 4e-06
424 4e-06
425 6e-06
426 2e-06
427 3.96193e-06
428 1.2e-06
429 3.16193e-06
430 4e-06
431 1.6e-06
432 3.52387e-06
433 2.36193e-06
434 2.36193e-06
435 1.6e-06
436 4e-06
437 8e-07
438 1.96193e-06
439 6.4e-06
440 2.36193e-06
441 2.4e-06
442 3.2e-06
443 2.8e-06
444 5.16193e-06
445 2.76193e-06
446 2.8e-06
447 2e-06
448 1.2e-06
449 4.4e-06
450 3.16193e-06
451 2.76193e-06
452 2.8e-06
453 3.12387e-06
454 4.4e-06
455 2.8e-06
456 3.2e-06
457 1.2e-06
458 2.4e-06
459 3.6e-06
460 3.2e-06
461 1.2e-06
462 3.52387e-06
463 4.4e-06
464 2.76193e-06
465 1.6e-06
466 3.16193e-06
467 2.76193e-06
468 3.6e-06
469 2.4e-06
470 1.6e-06
471 3.2e-06
472 4e-07
473 2.8e-06
474 3.2e-06
475 2.8e-06
476 3.2e-06
477 2.8e-06
478 8e-07
479 3.2e-06
480 4.8e-06
481 3.56193e-06
482 2.4e-06
483 2.8e-06
484 2.4e-06
485 2e-06
486 2e-06
487 3.56193e-06
488 3.56193e-06
489 2.8e-06
490 0
491 2e-06
492 8e-07
493 8e-07
494 2.76193e-06
495 2e-06
496 1.2e-06
497 2e-06
498 1.2e-06
499 4.76193e-06
500 3.2e-06
501 1.96193e-06
502 2.8e-06
503 5.2e-06
504 3.92749e-06
505 3.6e-06
506 2.4e-06
507 1.6e-06
508 3.16193e-06
509 8e-07
510 2e-06
511 1.2e-06
512 3.56193e-06
513 3.6e-06
514 2.68943e-06
515 1.6e-06
516 2.4e-06
517 2.8e-06
518 3.2e-06
519 3.2e-06
520 3.96193e-06
521 2.4e-06
522 2.8e-06
523 1.92387e-06
524 6e-06
525 2.4e-06
526 2.36193e-06
527 2.8e-06
528 1.6e-06
529 4.4e-06
530 3.96193e-06
531 4e-06
532 2e-06
533 2.76193e-06
534 1.6e-06
535 2.4e-06
536 2.4e-06
537 2e-06
538 2.36193e-06
539 4.4e-06
540 2.8e-06
541 2e-06
542 3.6e-06
543 2.4e-06
544 2.8e-06
545 1.2e-06
546 4.8e-06
547 4.4e-06
548 2.8e-06
549 3.6e-06
550 1.92387e-06
551 3.6e-06
552 1.2e-06
553 1.6e-06
554 3.2e-06
555 2e-06
556 3.96193e-06
557 4e-07
558 2.4e-06
559 1.56193e-06
560 1.6e-06
561 8e-07
562 1.2e-06
563 4e-07
564 2.36193e-06
565 1.6e-06
566 2.4e-06
567 2e-06
568 4.8e-06
569 3.6e-06
570 1.6e-06
571 1.56193e-06
572 2.8e-06
573 2.4e-06
574 2.36193e-06
575 2.8e-06
576 2.8e-06
577 1.6e-06
578 2.4e-06
579 2.76193e-06
580 3.2e-06
581 4.4e-06
582 1.6e-06
583 4e-06
584 3.16193e-06
585 2.8e-06
586 1.56193e-06
587 3.2e-06
588 3.6e-06
589 1.6e-06
590 1.2e-06
591 1.6e-06
592 2e-06
593 2.8e-06
594 2.4e-06
595 2.4e-06
596 2.8e-06
597 3.6e-06
598 2e-06
599 1.6e-06
600 2.32387e-06
601 1.16193e-06
602 4e-07
603 3.16193e-06
604 2.36193e-06
605 2.4e-06
606 2e-06
607 8e-07
608 1.2e-06
609 3.2e-06
610 2.72387e-06
611 1.56193e-06
612 3.2e-06
613 3.2e-06
614 1.2e-06
615 1.2e-06
616 1.56193e-06
617 3.2e-06
618 2e-06
619 2.76193e-06
620 1.96193e-06
621 1.92387e-06
622 2.76193e-06
623 2.8e-06
624 2.4e-06
625 2e-06
626 1.2e-06
627 4.4e-06
628 2e-06
629 2e-06
630 4e-07
631 3.2e-06
632 1.6e-06
633 2.76193e-06
634 2e-06
635 1.6e-06
636 4e-07
637 2.8e-06
638 1.16193e-06
639 3.16193e-06
640 1.96193e-06
641 4e-06
642 2e-06
643 1.6e-06
644 2e-06
645 2.8e-06
646 2e-06
647 2.4e-06
648 1.96193e-06
649 2.4e-06
650 3.2e-06
651 1.2e-06
652 3.2e-06
653 3.6e-06
654 2.76193e-06
655 1.2e-06
656 1.2e-06
657 1.6e-06
658 2.4e-06
659 1.96193e-06
660 2.4e-06
661 3.16193e-06
662 1.6e-06
663 2.4e-06
664 3.2e-06
665 1.96193e-06
666 2.8e-06
667 2.8e-06
668 2.76193e-06
669 3.56193e-06
670 2.4e-06
671 3.96193e-06
672 2.4e-06
673 2.4e-06
674 3.96193e-06
675 1.2e-06
676 8e-07
677 1.6e-06
678 4e-06
679 4e-07
680 2.8e-06
681 2e-06
682 2.8e-06
683 4e-07
684 1.6e-06
685 8e-07
686 1.96193e-06
687 2.4e-06
688 3.56193e-06
689 1.2e-06
690 3.6e-06
691 1.16193e-06
692 3.2e-06
693 2.76193e-06
694 1.6e-06
695 3.6e-06
696 1.16193e-06
697 2.76193e-06
698 2.4e-06
699 3.6e-06
700 2e-06
701 1.16193e-06
702 2.4e-06
703 3.16193e-06
704 2e-06
705 2.8e-06
706 1.2e-06
707 1.2e-06
708 2.4e-06
709 1.6e-06
710 2.36193e-06
711 1.2e-06
712 2.4e-06
713 2.4e-06
714 4.76193e-06
715 1.6e-06
716 1.6e-06
717 1.6e-06
718 3.56193e-06
719 1.56193e-06
720 2e-06
721 4e-07
722 2.4e-06
723 3.16193e-06
724 2.4e-06
725 2e-06
726 2.4e-06
727 1.6e-06
728 2.36193e-06
729 2e-06
730 1.16193e-06
731 1.2e-06
732 1.56193e-06
733 2.4e-06
734 4e-06
735 2.4e-06
736 2.8e-06
737 3.16193e-06
738 2.4e-06
739 2e-06
740 2e-06
741 1.2e-06
742 2.76193e-06
743 3.2e-06
744 2.76193e-06
745 2e-06
746 3.6e-06
747 1.2e-06
748 2.8e-06
749 4.4e-06
750 3.96193e-06
751 1.6e-06
752 2.32387e-06
753 2.36193e-06
754 1.2e-06
755 1.6e-06
756 2.4e-06
757 3.2e-06
758 2e-06
759 3.16193e-06
760 1.96193e-06
761 3.6e-06
762 2e-06
763 2.4e-06
764 2.8e-06
765 2e-06
766 8e-07
767 1.2e-06
768 2e-06
769 2.4e-06
770 1.6e-06
771 4e-07
772 2e-06
773 1.6e-06
774 3.56193e-06
775 2e-06
776 2e-06
777 2.36193e-06
778 2.8e-06
779 1.2e-06
780 1.2e-06
781 3.6e-06
782 8e-07
783 4e-07
784 1.6e-06
785 2.4e-06
786 1.2e-06
787 1.2e-06
788 2.4e-06
789 2.36193e-06
790 2.8e-06
791 1.2e-06
792 3.6e-06
793 2.76193e-06
794 1.12749e-06
795 8e-07
796 1.2e-06
797 2.4e-06
798 2.36193e-06
799 2e-06
800 2e-06
801 3.6e-06
802 1.2e-06
803 2.4e-06
804 1.2e-06
805 2.4e-06
806 2.4e-06
807 1.96193e-06
808 1.96193e-06
809 2.4e-06
810 3.2e-06
811 2.4e-06
812 1.6e-06
813 2.8e-06
814 2.4e-06
815 1.16193e-06
816 2e-06
817 2e-06
818 2.4e-06
819 1.96193e-06
820 2.4e-06
821 3.0858e-06
822 2.8e-06
823 2e-06
824 2e-06
825 2.72387e-06
826 4e-07
827 2.76193e-06
828 2e-06
829 2e-06
830 2e-06
831 3.16193e-06
832 4.4e-06
833 1.52387e-06
834 8e-07
835 2.8e-06
836 8e-07
837 1.2e-06
838 1.6e-06
839 1.56193e-06
840 1.2e-06
841 2.8e-06
842 1.6e-06
843 1.96193e-06
844 2.4e-06
845 1.6e-06
846 2e-06
847 2.4e-06
848 1.96193e-06
849 1.96193e-06
850 1.56193e-06
851 2.36193e-06
852 2e-06
853 1.6e-06
854 4e-07
855 2.36193e-06
856 1.96193e-06
857 7.61935e-07
858 3.56193e-06
859 1.2e-06
860 1.2e-06
861 1.92749e-06
862 7.61935e-07
863 1.2e-06
864 3.92387e-06
865 1.2e-06
866 2.8e-06
867 1.6e-06
868 1.16193e-06
869 3.16193e-06
870 1.92387e-06
871 4e-07
872 2.4e-06
873 2e-06
874 1.48943e-06
875 2.8e-06
876 2e-06
877 4e-07
878 2e-06
879 2.4e-06
880 2e-06
881 1.2e-06
882 2.36193e-06
883 1.6e-06
884 2.36193e-06
885 2.4e-06
886 2.4e-06
887 1.6e-06
888 3.6e-06
889 4.36193e-06
890 4e-07
891 2.36193e-06
892 8e-07
893 2e-06
894 1.2e-06
895 3.16193e-06
896 1.2e-06
897 2.8e-06
898 3.16193e-06
899 1.2e-06
900 1.2e-06
901 2.4e-06
902 8e-07
903 2.4e-06
904 2e-06
905 1.2e-06
906 2e-06
907 2.76193e-06
908 1.96193e-06
909 2.76193e-06
910 8e-07
911 3.2e-06
912 2.8e-06
913 1.2e-06
914 8e-07
915 2.72749e-06
916 2.76193e-06
917 2e-06
918 1.56193e-06
919 3.6e-06
920 8e-07
921 1.2e-06
922 1.6e-06
923 5.16193e-06
924 1.16193e-06
925 1.41692e-06
926 1.96193e-06
927 1.6e-06
928 1.2e-06
929 8e-07
930 1.16193e-06
931 1.2e-06
932 2.76193e-06
933 3.2e-06
934 2e-06
935 1.56193e-06
936 2e-06
937 3.2e-06
938 1.2e-06
939 2.4e-06
940 1.56193e-06
941 8e-07
942 2.76193e-06
943 1.6e-06
944 3.2e-06
945 2e-06
946 4e-07
947 2.32749e-06
948 1.2e-06
949 4e-07
950 1.6e-06
951 1.6e-06
952 1.2e-06
953 1.6e-06
954 1.6e-06
955 4e-07
956 2.36193e-06
957 2e-06
958 2.4e-06
959 1.96193e-06
960 1.56193e-06
961 1.6e-06
962 1.6e-06
963 8e-07
964 2.8e-06
965 1.96193e-06
966 1.56193e-06
967 2.76193e-06
968 4e-07
969 2.4e-06
970 1.6e-06
971 2.8e-06
972 2e-06
973 2.76193e-06
974 1.6e-06
975 2.4e-06
976 1.6e-06
977 1.6e-06
978 1.6e-06
979 1.2e-06
980 1.2e-06
981 1.96193e-06
982 2.8e-06
983 2.76193e-06
984 7.61935e-07
985 8e-07
986 8e-07
987 1.2e-06
988 4e-07
989 1.56193e-06
990 1.52387e-06
991 1.6e-06
992 2.4e-06
993 2.76193e-06
994 4e-07
995 2.36193e-06
996 1.92387e-06
997 1.2e-06
998 2.76193e-06
999 0
