0 0
1 0
2 0
3 0
4 0
5 0
6 0
7 4e-07
8 0
9 0
10 0
11 0
12 0
13 4e-07
14 0
15 0
16 0
17 0
18 2.4e-06
19 0
20 4e-07
21 0
22 4e-07
23 8e-07
24 8e-07
25 0
26 4e-07
27 0
28 8e-07
29 4e-07
30 8e-07
31 0
32 0
33 4e-07
34 4e-07
35 4e-07
36 8e-07
37 8e-07
38 1.6e-06
39 1.2e-06
40 8e-07
41 1.6e-06
42 1.6e-06
43 1.2e-06
44 2e-06
45 8e-07
46 0
47 4e-07
48 1.6e-06
49 2.4e-06
50 4e-07
51 8e-07
52 8e-07
53 8e-07
54 2.4e-06
55 2e-06
56 1.6e-06
57 1.6e-06
58 8e-07
59 1.6e-06
60 8e-07
61 1.6e-06
62 2e-06
63 0
64 3.2e-06
65 2.4e-06
66 2.36193e-06
67 2.4e-06
68 1.6e-06
69 8e-07
70 1.2e-06
71 2e-06
72 1.2e-06
73 4e-07
74 1.2e-06
75 8e-07
76 1.6e-06
77 3.6e-06
78 3.2e-06
79 2e-06
80 3.2e-06
81 2e-06
82 1.6e-06
83 1.6e-06
84 1.2e-06
85 8e-07
86 3.2e-06
87 2e-06
88 1.6e-06
89 1.2e-06
90 2e-06
91 1.6e-06
92 3.56193e-06
93 4.8e-06
94 1.6e-06
95 2.4e-06
96 3.6e-06
97 3.2e-06
98 2.4e-06
99 2e-06
100 2e-06
101 3.6e-06
102 3.2e-06
103 2.4e-06
104 1.6e-06
105 1.6e-06
106 3.2e-06
107 2e-06
108 3.2e-06
109 2.8e-06
110 2.8e-06
111 3.2e-06
112 3.2e-06
113 1.2e-06
114 2.8e-06
115 1.16193e-06
116 2e-06
117 3.6e-06
118 1.16193e-06
119 2.8e-06
120 2.76193e-06
121 1.6e-06
122 1.6e-06
123 2.8e-06
124 2.76193e-06
125 1.2e-06
126 2.8e-06
127 2e-06
128 1.6e-06
129 2.8e-06
130 2.8e-06
131 6.36193e-06
132 2.8e-06
133 8e-07
134 2e-06
135 2.36193e-06
136 1.2e-06
137 3.6e-06
138 1.2e-06
139 2.4e-06
140 2.4e-06
141 4e-06
142 1.6e-06
143 1.6e-06
144 3.6e-06
145 2e-06
146 2.4e-06
147 1.2e-06
148 4e-06
149 3.6e-06
150 2e-06
151 7.61935e-07
152 4.8e-06
153 1.6e-06
154 2.8e-06
155 3.6e-06
156 1.6e-06
157 3.2e-06
158 2.4e-06
159 2.8e-06
160 2.4e-06
161 2.8e-06
162 3.6e-06
163 1.2e-06
164 4e-06
165 2e-06
166 3.16193e-06
167 2.4e-06
168 3.2e-06
169 1.2e-06
170 4.76193e-06
171 1.6e-06
172 1.56193e-06
173 1.56193e-06
174 4e-06
175 3.6e-06
176 4.4e-06
177 4e-06
178 2.8e-06
179 2.4e-06
180 6e-06
181 4.72749e-06
182 2e-06
183 3.6e-06
184 3.2e-06
185 2.8e-06
186 4e-06
187 1.6e-06
188 2.4e-06
189 3.6e-06
190 2.8e-06
191 2.4e-06
192 2.8e-06
193 3.2e-06
194 2e-06
195 4.4e-06
196 4e-06
197 3.6e-06
198 3.6e-06
199 3.6e-06
200 3.6e-06
201 2e-06
202 3.6e-06
203 3.6e-06
204 4.4e-06
205 2.4e-06
206 3.16193e-06
207 1.6e-06
208 2e-06
209 2.4e-06
210 7.2387e-07
211 3.2e-06
212 2.4e-06
213 4e-06
214 2.4e-06
215 2.8e-06
216 1.6e-06
217 3.6e-06
218 2e-06
219 2.4e-06
220 2.8e-06
221 3.2e-06
222 4.8e-06
223 3.6e-06
224 4.76193e-06
225 2.8e-06
226 2.4e-06
227 3.2e-06
228 2.4e-06
229 1.2e-06
230 3.2e-06
231 1.6e-06
232 3.2e-06
233 2e-06
234 3.2e-06
235 3.6e-06
236 3.2e-06
237 5.6e-06
238 5.56193e-06
239 3.2e-06
240 8e-07
241 2.8e-06
242 4.8e-06
243 1.2e-06
244 2.4e-06
245 2.8e-06
246 2e-06
247 1.2e-06
248 2.4e-06
249 2.4e-06
250 1.6e-06
251 4e-06
252 4e-06
253 1.6e-06
254 4e-06
255 3.2e-06
256 4.4e-06
257 2e-06
258 3.2e-06
259 4e-06
260 2e-06
261 3.12387e-06
262 2e-06
263 4.4e-06
264 3.2e-06
265 3.6e-06
266 2e-06
267 4e-06
268 2.36193e-06
269 1.2e-06
270 3.6e-06
271 2.4e-06
272 3.6e-06
273 2e-06
274 1.2e-06
275 2e-06
276 4e-06
277 1.2e-06
278 3.2e-06
279 1.2e-06
280 1.6e-06
281 2.4e-06
282 2e-06
283 2e-06
284 3.16193e-06
285 4.4e-06
286 5.2e-06
287 1.6e-06
288 1.6e-06
289 3.61935e-07
290 8e-07
291 3.6e-06
292 5.2e-06
293 2.8e-06
294 2.8e-06
295 2.4e-06
296 4e-06
297 3.6e-06
298 5.96193e-06
299 2.4e-06
300 2e-06
301 2e-06
302 1.6e-06
303 2e-06
304 2.8e-06
305 1.2e-06
306 2.4e-06
307 1.6e-06
308 2e-06
309 2.8e-06
310 3.6e-06
311 4e-07
312 3.16193e-06
313 2.8e-06
314 1.6e-06
315 2e-06
316 1.2e-06
317 3.56193e-06
318 5.12387e-06
319 2e-06
320 1.6e-06
321 2e-06
322 2.8e-06
323 2.4e-06
324 1.2e-06
325 4.4e-06
326 2.8e-06
327 8e-07
328 2.8e-06
329 1.6e-06
330 2.36193e-06
331 2.4e-06
332 2.8e-06
333 3.2e-06
334 2e-06
335 1.6e-06
336 2.4e-06
337 3.2e-06
338 1.6e-06
339 2.76193e-06
340 3.2e-06
341 2.4e-06
342 1.2e-06
343 1.2e-06
344 3.6e-06
345 2e-06
346 2e-06
347 2e-06
348 4e-06
349 3.16193e-06
350 3.96193e-06
351 3.16193e-06
352 3.2e-06
353 1.2e-06
354 2.4e-06
355 1.6e-06
356 2e-06
357 2.8e-06
358 3.2e-06
359 2e-06
360 2.4e-06
361 2e-06
362 2.4e-06
363 1.2e-06
364 2.4e-06
365 3.96193e-06
366 2e-06
367 3.2e-06
368 2e-06
369 8e-07
370 4.8e-06
371 1.2e-06
372 2e-06
373 2.76193e-06
374 3.6e-06
375 2.8e-06
376 2.36193e-06
377 3.2e-06
378 8e-07
379 3.6e-06
380 2.8e-06
381 2e-06
382 3.6e-06
383 3.6e-06
384 3.2e-06
385 1.6e-06
386 4.4e-06
387 2.4e-06
388 1.6e-06
389 3.2e-06
390 2e-06
391 1.6e-06
392 8e-07
393 2.8e-06
394 2.4e-06
395 2.8e-06
396 3.2e-06
397 2.8e-06
398 2.4e-06
399 1.2e-06
400 2e-06
401 1.56193e-06
402 3.2e-06
403 1.6e-06
404 3.2e-06
405 1.2e-06
406 3.2e-06
407 2.4e-06
408 3.96193e-06
409 2e-06
410 1.6e-06
411 2e-06
412 8e-07
413 1.2e-06
414 1.2e-06
415 2.76193e-06
416 2e-06
417 2.4e-06
418 3.6e-06
419 1.2e-06
420 2.4e-06
421 2.4e-06
422 1.2e-06
423 2.8e-06
424 1.6e-06
425 3.2e-06
426 3.2e-06
427 2.4e-06
428 2.8e-06
429 3.2e-06
430 3.2e-06
431 4e-07
432 1.56193e-06
433 2.8e-06
434 8e-07
435 2.8e-06
436 4.4e-06
437 2e-06
438 2.8e-06
439 2.76193e-06
440 2.76193e-06
441 2.8e-06
442 2e-06
443 3.6e-06
444 2.36193e-06
445 1.6e-06
446 2.76193e-06
447 3.16193e-06
448 2.8e-06
449 8e-07
450 2.4e-06
451 3.16193e-06
452 2.8e-06
453 3.16193e-06
454 1.56193e-06
455 2.8e-06
456 2.76193e-06
457 1.2e-06
458 2.36193e-06
459 2.36193e-06
460 2.36193e-06
461 2.8e-06
462 1.6e-06
463 1.6e-06
464 8e-07
465 1.6e-06
466 3.2e-06
467 3.2e-06
468 1.2e-06
469 1.2e-06
470 1.2e-06
471 2.8e-06
472 2.36193e-06
473 1.2e-06
474 2.4e-06
475 7.61935e-07
476 2.8e-06
477 1.2e-06
478 1.2e-06
479 2.4e-06
480 3.52387e-06
481 1.6e-06
482 2.4e-06
483 2.4e-06
484 3.6e-06
485 2e-06
486 3.56193e-06
487 3.92387e-06
488 1.6e-06
489 1.2e-06
490 2.4e-06
491 1.96193e-06
492 2e-06
493 1.2e-06
494 2.4e-06
495 2.8e-06
496 2.4e-06
497 1.6e-06
498 3.2e-06
499 3.96193e-06
500 3.61935e-07
501 2.8e-06
502 2.4e-06
503 8e-07
504 2.8e-06
505 1.6e-06
506 2e-06
507 3.2e-06
508 3.6e-06
509 2.4e-06
510 1.6e-06
511 8e-07
512 4.8e-06
513 1.6e-06
514 1.2e-06
515 2.8e-06
516 2e-06
517 1.2e-06
518 1.16193e-06
519 2e-06
520 2.8e-06
521 2.8e-06
522 2.8e-06
523 2.8e-06
524 3.6e-06
525 3.6e-06
526 3.6e-06
527 3.2e-06
528 2.76193e-06
529 2e-06
530 3.2e-06
531 1.6e-06
532 2.4e-06
533 2.36193e-06
534 3.2e-06
535 2.4e-06
536 2.8e-06
537 1.2e-06
538 1.2e-06
539 1.2e-06
540 8e-07
541 2.76193e-06
542 2e-06
543 2.72387e-06
544 1.2e-06
545 3.2e-06
546 2e-06
547 2.8e-06
548 2.4e-06
549 2e-06
550 2e-06
551 2.76193e-06
552 1.56193e-06
553 1.2e-06
554 1.6e-06
555 1.16193e-06
556 2.4e-06
557 2e-06
558 2e-06
559 2.4e-06
560 3.16193e-06
561 1.2e-06
562 2e-06
563 2e-06
564 2.8e-06
565 2e-06
566 3.96193e-06
567 3.2e-06
568 4.36193e-06
569 2.76193e-06
570 2.4e-06
571 2.4e-06
572 2e-06
573 1.96193e-06
574 2e-06
575 2e-06
576 1.6e-06
577 8e-07
578 3.6e-06
579 1.6e-06
580 2.4e-06
581 3.16193e-06
582 2e-06
583 2e-06
584 2.36193e-06
585 2e-06
586 1.2e-06
587 2.76193e-06
588 1.6e-06
589 1.56193e-06
590 7.61935e-07
591 3.16193e-06
592 8e-07
593 2.4e-06
594 1.6e-06
595 2.4e-06
596 2.8e-06
597 2e-06
598 4e-06
599 4e-07
600 2e-06
601 7.61935e-07
602 1.6e-06
603 1.6e-06
604 3.2e-06
605 1.12387e-06
606 3.56193e-06
607 1.6e-06
608 3.16193e-06
609 1.2e-06
610 2.36193e-06
611 8e-07
612 2.4e-06
613 1.6e-06
614 1.6e-06
615 2.4e-06
616 2.8e-06
617 2e-06
618 8e-07
619 2.76193e-06
620 8e-07
621 1.6e-06
622 1.6e-06
623 1.2e-06
624 2e-06
625 1.56193e-06
626 2.8e-06
627 3.2e-06
628 1.2e-06
629 2e-06
630 8e-07
631 3.2e-06
632 1.2e-06
633 1.6e-06
634 2.8e-06
635 4e-07
636 1.6e-06
637 2e-06
638 1.2e-06
639 4e-07
640 1.6e-06
641 2.36193e-06
642 2e-06
643 2.4e-06
644 1.6e-06
645 1.6e-06
646 2.4e-06
647 2.76193e-06
648 1.52387e-06
649 5.2e-06
650 1.2e-06
651 2.72387e-06
652 2.76193e-06
653 2.8e-06
654 8e-07
655 2.8e-06
656 1.6e-06
657 3.2e-06
658 2e-06
659 1.2e-06
660 2e-06
661 4e-06
662 1.6e-06
663 2.4e-06
664 8e-07
665 3.2e-06
666 1.6e-06
667 2e-06
668 1.2e-06
669 1.2e-06
670 8e-07
671 2e-06
672 2.4e-06
673 1.6e-06
674 2.76193e-06
675 1.96193e-06
676 1.96193e-06
677 2.4e-06
678 1.2e-06
679 2e-06
680 2e-06
681 4.4e-06
682 2.4e-06
683 8e-07
684 1.6e-06
685 4e-07
686 1.96193e-06
687 2.4e-06
688 2e-06
689 1.16193e-06
690 2.4e-06
691 3.2e-06
692 2.8e-06
693 1.2e-06
694 1.2e-06
695 2e-06
696 2e-06
697 2e-06
698 2.4e-06
699 8e-07
700 8e-07
701 2.4e-06
702 2e-06
703 3.2e-06
704 1.6e-06
705 1.6e-06
706 2.4e-06
707 2.36193e-06
708 1.96193e-06
709 1.2e-06
710 8e-07
711 1.2e-06
712 1.2e-06
713 0
714 3.2e-06
715 8e-07
716 1.6e-06
717 4.8e-06
718 2.4e-06
719 4e-07
720 1.6e-06
721 2.4e-06
722 2e-06
723 1.6e-06
724 8e-07
725 2.32387e-06
726 1.6e-06
727 2.8e-06
728 1.6e-06
729 1.6e-06
730 2.4e-06
731 2.76193e-06
732 1.2e-06
733 4e-07
734 2.8e-06
735 2.76193e-06
736 1.6e-06
737 1.2e-06
738 1.2e-06
739 3.2e-06
740 1.2e-06
741 1.6e-06
742 1.6e-06
743 2e-06
744 1.6e-06
745 1.96193e-06
746 1.2e-06
747 2.36193e-06
748 1.6e-06
749 3.16193e-06
750 1.2e-06
751 2e-06
752 2.4e-06
753 8e-07
754 2e-06
755 1.6e-06
756 2.4e-06
757 1.6e-06
758 2.4e-06
759 1.2e-06
760 2e-06
761 2.8e-06
762 3.56193e-06
763 8e-07
764 1.2e-06
765 4e-06
766 1.16193e-06
767 1.6e-06
768 3.2e-06
769 1.6e-06
770 8e-07
771 1.2e-06
772 1.2e-06
773 3.56193e-06
774 1.6e-06
775 2e-06
776 8e-07
777 1.6e-06
778 2.76193e-06
779 2.36193e-06
780 1.2e-06
781 2.4e-06
782 1.2e-06
783 3.96193e-06
784 2.8e-06
785 2e-06
786 1.2e-06
787 2.4e-06
788 1.6e-06
789 2e-06
790 8e-07
791 2.8e-06
792 1.6e-06
793 2.36193e-06
794 2e-06
795 2.4e-06
796 2.8e-06
797 8e-07
798 1.2e-06
799 2.8e-06
800 1.2e-06
801 2e-06
802 1.2e-06
803 8e-07
804 1.2e-06
805 2.4e-06
806 2.8e-06
807 2.36193e-06
808 3.6e-06
809 2e-06
810 0
811 1.6e-06
812 3.2e-06
813 7.61935e-07
814 3.2e-06
815 8e-07
816 1.16193e-06
817 2.8e-06
818 2e-06
819 3.2e-06
820 1.2e-06
821 1.6e-06
822 1.6e-06
823 4e-07
824 2.4e-06
825 8e-07
826 8e-07
827 1.96193e-06
828 1.6e-06
829 1.6e-06
830 2e-06
831 2.76193e-06
832 8e-07
833 1.2e-06
834 2.8e-06
835 2.4e-06
836 2e-06
837 2.4e-06
838 1.6e-06
839 1.96193e-06
840 2e-06
841 8e-07
842 2.4e-06
843 1.2e-06
844 1.2e-06
845 2.8e-06
846 1.6e-06
847 2.76193e-06
848 2e-06
849 1.2e-06
850 7.61935e-07
851 2e-06
852 8e-07
853 2e-06
854 1.6e-06
855 1.2e-06
856 2.4e-06
857 0
858 1.52387e-06
859 1.2e-06
860 1.2e-06
861 4e-07
862 1.6e-06
863 2.36193e-06
864 7.2387e-07
865 2.8e-06
866 2.4e-06
867 1.6e-06
868 7.61935e-07
869 0
870 2.76193e-06
871 2.4e-06
872 4e-07
873 1.2e-06
874 3.96193e-06
875 1.6e-06
876 1.6e-06
877 1.6e-06
878 1.2e-06
879 2e-06
880 3.2e-06
881 1.2e-06
882 1.6e-06
883 1.6e-06
884 2.36193e-06
885 2e-06
886 4e-07
887 1.6e-06
888 1.2e-06
889 1.6e-06
890 1.6e-06
891 1.56193e-06
892 0
893 2.4e-06
894 1.2e-06
895 1.2e-06
896 2e-06
897 1.6e-06
898 3.16193e-06
899 1.6e-06
900 2e-06
901 2.4e-06
902 1.2e-06
903 1.2e-06
904 1.2e-06
905 2e-06
906 1.6e-06
907 4e-07
908 8e-07
909 1.2e-06
910 4e-07
911 8e-07
912 4e-06
913 8e-07
914 0
915 2e-06
916 2e-06
917 1.6e-06
918 1.6e-06
919 8e-07
920 1.2e-06
921 1.6e-06
922 1.2e-06
923 2.4e-06
924 2.76193e-06
925 1.16193e-06
926 1.2e-06
927 2e-06
928 8e-07
929 1.2e-06
930 3.16193e-06
931 4e-07
932 4e-07
933 3.2e-06
934 1.6e-06
935 1.2e-06
936 1.6e-06
937 1.96193e-06
938 8e-07
939 2e-06
940 1.2e-06
941 1.6e-06
942 8e-07
943 8e-07
944 3.56193e-06
945 1.16193e-06
946 1.2e-06
947 2.8e-06
948 8e-07
949 8e-07
950 2.4e-06
951 1.2e-06
952 4e-07
953 2e-06
954 2e-06
955 4e-07
956 3.2e-06
957 1.2e-06
958 1.6e-06
959 8e-07
960 8e-07
961 2.8e-06
962 1.6e-06
963 4e-07
964 2.36193e-06
965 1.6e-06
966 4e-07
967 1.2e-06
968 1.6e-06
969 1.2e-06
970 1.6e-06
971 4e-07
972 3.16193e-06
973 2.4e-06
974 1.2e-06
975 1.96193e-06
976 1.96193e-06
977 4.36193e-06
978 8e-07
979 2.4e-06
980 2.8e-06
981 4e-07
982 1.6e-06
983 2e-06
984 4e-07
985 3.2e-06
986 8e-07
987 2e-06
988 1.6e-06
989 8e-07
990 2e-06
991 1.6e-06
992 2e-06
993 3.6e-06
994 2.4e-06
995 1.6e-06
996 1.2e-06
997 1.2e-06
998 2e-06
999 0
