0 0
1 0.0001136
2 7.8e-05
3 5.8e-05
4 5.23619e-05
5 4.03619e-05
6 4.68e-05
7 3.56e-05
8 3e-05
9 2.59239e-05
10 2.35619e-05
11 2.84e-05
12 2.71619e-05
13 1.8e-05
14 2.52e-05
15 2.27619e-05
16 1.8e-05
17 2.4e-05
18 2.2e-05
19 2.12e-05
20 1.84e-05
21 1.68e-05
22 1.84e-05
23 1.56e-05
24 1.39619e-05
25 1.36e-05
26 1.59619e-05
27 1.28e-05
28 1.71619e-05
29 1.51239e-05
30 1.55239e-05
31 1.32e-05
32 2e-05
33 1.12e-05
34 1.48e-05
35 1.36e-05
36 1.16e-05
37 1.28e-05
38 1.08e-05
39 1.03619e-05
40 1.03619e-05
41 1.31619e-05
42 1.31239e-05
43 1.07619e-05
44 1.36e-05
45 1.32e-05
46 1.16e-05
47 1.35239e-05
48 1.2e-05
49 1e-05
50 6.4e-06
51 9.6e-06
52 8.8e-06
53 1.16e-05
54 6.8e-06
55 7.2e-06
56 1.04e-05
57 1.16e-05
58 1.07239e-05
59 8.4e-06
60 1.16e-05
61 1.08e-05
62 1.16e-05
63 6.8e-06
64 1e-05
65 8.8e-06
66 9.2e-06
67 9.6e-06
68 1.07619e-05
69 1e-05
70 1.08e-05
71 9.96193e-06
72 8.36193e-06
73 9.6e-06
74 6e-06
75 7.6e-06
76 8e-06
77 6.8e-06
78 7.12387e-06
79 6.8e-06
80 6.8e-06
81 8.8e-06
82 9.56193e-06
83 9.2e-06
84 6e-06
85 7.56193e-06
86 7.52387e-06
87 5.6e-06
88 9.56193e-06
89 9.56193e-06
90 8e-06
91 5.16193e-06
92 9.96193e-06
93 6.76193e-06
94 7.96193e-06
95 5.96193e-06
96 4.8e-06
97 7.6e-06
98 5.6e-06
99 4.4e-06
100 7.52387e-06
101 6.4e-06
102 7.6e-06
103 6.4e-06
104 1.11619e-05
105 6.36193e-06
106 7.6e-06
107 3.16193e-06
108 5.2e-06
109 5.56193e-06
110 8.8e-06
111 5.6e-06
112 6.76193e-06
113 7.2e-06
114 7.2e-06
115 8.32387e-06
116 6.4e-06
117 5.16193e-06
118 4.8e-06
119 6.8e-06
120 4.8e-06
121 3.2e-06
122 5.96193e-06
123 3.2e-06
124 6e-06
125 5.6e-06
126 6.4e-06
127 5.2e-06
128 6e-06
129 4.8e-06
130 8.72387e-06
131 2.4e-06
132 5.6e-06
133 5.6e-06
134 4e-06
135 5.12387e-06
136 4.36193e-06
137 7.96193e-06
138 5.2e-06
139 6.8e-06
140 5.52749e-06
141 5.2e-06
142 8.4e-06
143 4.8e-06
144 4.36193e-06
145 3.56193e-06
146 7.2e-06
147 4.76193e-06
148 5.96193e-06
149 4.8e-06
150 4.4e-06
151 4.8e-06
152 4.8e-06
153 6.8e-06
154 8.4e-06
155 3.6e-06
156 7.96193e-06
157 4.4e-06
158 4.4e-06
159 6.76193e-06
160 5.2e-06
161 7.56193e-06
162 3.92387e-06
163 6.32387e-06
164 5.52387e-06
165 5.2e-06
166 4.8e-06
167 5.56193e-06
168 6.76193e-06
169 9.96193e-06
170 4.4e-06
171 3.2e-06
172 6.36193e-06
173 4.4e-06
174 3.16193e-06
175 6e-06
176 3.6e-06
177 5.96193e-06
178 7.12387e-06
179 7.6e-06
180 2.8e-06
181 4.76193e-06
182 6.4e-06
183 3.6e-06
184 2.4e-06
185 4.8e-06
186 5.2e-06
187 6.8e-06
188 3.2e-06
189 5.2e-06
190 4.4e-06
191 4.8e-06
192 3.6e-06
193 4.8e-06
194 4.4e-06
195 5.16193e-06
196 2.8e-06
197 4e-06
198 7.6e-06
199 4.8e-06
200 3.6e-06
201 4e-06
202 4.4e-06
203 7.2e-06
204 4.8e-06
205 4.8e-06
206 5.16193e-06
207 4.8e-06
208 5.16193e-06
209 2.4e-06
210 4.4e-06
211 4.8e-06
212 4.4e-06
213 3.16193e-06
214 4.4e-06
215 4e-06
216 4.4e-06
217 6.4e-06
218 5.56193e-06
219 2e-06
220 4e-06
221 6.76193e-06
222 9.6e-06
223 5.16193e-06
224 4.72749e-06
225 2.8e-06
226 6e-06
227 3.56193e-06
228 3.92387e-06
229 6e-06
230 5.16193e-06
231 3.6e-06
232 3.6e-06
233 3.6e-06
234 5.6e-06
235 2e-06
236 6.36193e-06
237 3.2e-06
238 5.2e-06
239 5.2e-06
240 7.8858e-06
241 3.8858e-06
242 3.2e-06
243 4.36193e-06
244 2.4e-06
245 3.2e-06
246 3.56193e-06
247 3.2e-06
248 3.92387e-06
249 3.92387e-06
250 4e-06
251 4e-06
252 2.36193e-06
253 2.76193e-06
254 3.2e-06
255 4.4e-06
256 5.16193e-06
257 4e-06
258 3.96193e-06
259 4.4e-06
260 2.4e-06
261 2.36193e-06
262 3.2e-06
263 3.2e-06
264 4e-06
265 5.2e-06
266 3.56193e-06
267 3.56193e-06
268 2.6858e-06
269 6.76193e-06
270 4.8e-06
271 4.76193e-06
272 3.2e-06
273 7.2e-06
274 2.8e-06
275 4e-06
276 3.96193e-06
277 2.76193e-06
278 3.2e-06
279 6e-06
280 2.4e-06
281 4.4e-06
282 5.6e-06
283 2e-06
284 4.8e-06
285 4.4e-06
286 4.8e-06
287 5.56193e-06
288 3.96193e-06
289 2.8e-06
290 4e-06
291 4.8e-06
292 4.8e-06
293 4.76193e-06
294 3.2e-06
295 3.16193e-06
296 4.36193e-06
297 3.92387e-06
298 3.16193e-06
299 2.8e-06
300 3.6e-06
301 3.56193e-06
302 5.16193e-06
303 3.56193e-06
304 6.72749e-06
305 4.4e-06
306 4.4e-06
307 2.36193e-06
308 3.16193e-06
309 3.6e-06
310 3.92749e-06
311 2.4e-06
312 3.2e-06
313 2.36193e-06
314 3.56193e-06
315 2.8e-06
316 4e-06
317 2.8e-06
318 4e-06
319 2.4e-06
320 2.8e-06
321 3.2e-06
322 2.4e-06
323 2.4e-06
324 4.8e-06
325 4.36193e-06
326 4e-06
327 1.6e-06
328 3.56193e-06
329 3.2e-06
330 1.96193e-06
331 1.96193e-06
332 5.6e-06
333 3.6e-06
334 3.6e-06
335 3.2e-06
336 3.2e-06
337 2.4e-06
338 3.6e-06
339 2e-06
340 4e-07
341 8e-07
342 3.6e-06
343 4e-06
344 1.96193e-06
345 1.6e-06
346 1.6e-06
347 2.4e-06
348 1.6e-06
349 2.8e-06
350 2.76193e-06
351 1.6e-06
352 3.2e-06
353 2.76193e-06
354 3.16193e-06
355 3.2e-06
356 5.56193e-06
357 4e-06
358 2.8e-06
359 3.56193e-06
360 2.72387e-06
361 3.6e-06
362 2.8e-06
363 2.8e-06
364 3.2e-06
365 2.8e-06
366 2.36193e-06
367 4.32387e-06
368 4.4e-06
369 2.4e-06
370 5.16193e-06
371 2.36193e-06
372 2.76193e-06
373 4.8e-06
374 4.8e-06
375 3.52387e-06
376 2.36193e-06
377 5.16193e-06
378 4e-07
379 4.36193e-06
380 3.6e-06
381 2.4e-06
382 7.2e-06
383 3.6e-06
384 3.2e-06
385 3.96193e-06
386 4e-06
387 8e-07
388 1.2e-06
389 2.8e-06
390 3.16193e-06
391 2.8e-06
392 2.4e-06
393 2.8e-06
394 3.2e-06
395 4.36193e-06
396 2.4e-06
397 3.2e-06
398 3.48943e-06
399 8e-07
400 2.8e-06
401 2.8e-06
402 3.16193e-06
403 1.6e-06
404 3.92387e-06
405 2.4e-06
406 2.8e-06
407 3.2e-06
408 2e-06
409 3.56193e-06
410 3.6e-06
411 2.4e-06
412 2e-06
413 1.6e-06
414 1.2e-06
415 2.76193e-06
416 2.8e-06
417 3.2e-06
418 4.36193e-06
419 3.2e-06
420 3.96193e-06
421 1.96193e-06
422 2.8e-06
423 4e-07
424 3.2e-06
425 2.36193e-06
426 1.6e-06
427 3.52387e-06
428 2.8e-06
429 2.8e-06
430 3.2e-06
431 4.76193e-06
432 2.8e-06
433 3.6e-06
434 4.8e-06
435 2.36193e-06
436 2.4e-06
437 4e-06
438 2.8e-06
439 2.4e-06
440 3.2e-06
441 1.2e-06
442 4.4e-06
443 2.36193e-06
444 2.4e-06
445 1.16193e-06
446 2e-06
447 3.2e-06
448 4.4e-06
449 4.8e-06
450 3.52387e-06
451 2.4e-06
452 2.76193e-06
453 4e-06
454 2.4e-06
455 2e-06
456 2.4e-06
457 8e-07
458 1.6e-06
459 3.2e-06
460 1.96193e-06
461 4.4e-06
462 3.56193e-06
463 2e-06
464 4.8e-06
465 3.2e-06
466 5.12387e-06
467 5.2e-06
468 4.4e-06
469 2.76193e-06
470 4.76193e-06
471 5.92387e-06
472 3.6e-06
473 1.16193e-06
474 1.6e-06
475 2.32387e-06
476 2.8e-06
477 4.36193e-06
478 2.8e-06
479 3.16193e-06
480 3.16193e-06
481 2.32749e-06
482 8e-07
483 1.2e-06
484 3.6e-06
485 1.2e-06
486 1.12387e-06
487 2.8e-06
488 4.36193e-06
489 3.2e-06
490 3.16193e-06
491 3.16193e-06
492 3.09633e-06
493 2e-06
494 1.2e-06
495 2e-06
496 5.2e-06
497 8e-07
498 2.8e-06
499 3.4858e-06
500 2e-06
501 2.4e-06
502 1.2e-06
503 1.6e-06
504 1.2e-06
505 1.16193e-06
506 2.4e-06
507 2.4e-06
508 4e-06
509 1.16193e-06
510 3.6e-06
511 2.8e-06
512 2.4e-06
513 1.6e-06
514 1.96193e-06
515 2.4e-06
516 4e-06
517 1.6e-06
518 1.96193e-06
519 2.4e-06
520 4e-06
521 1.6e-06
522 4e-06
523 1.2e-06
524 3.6e-06
525 3.96193e-06
526 1.2e-06
527 3.2e-06
528 3.6e-06
529 1.6e-06
530 3.6e-06
531 2.8e-06
532 2e-06
533 3.2e-06
534 3.16193e-06
535 8e-07
536 2.4e-06
537 1.96193e-06
538 2.8e-06
539 1.6e-06
540 3.2e-06
541 2.8e-06
542 4.8e-06
543 3.6e-06
544 3.2e-06
545 1.2e-06
546 1.12749e-06
547 3.6e-06
548 2.8e-06
549 4e-07
550 2.76193e-06
551 1.6e-06
552 2.4e-06
553 2e-06
554 2.4e-06
555 3.2e-06
556 2e-06
557 1.96193e-06
558 2.36193e-06
559 1.6e-06
560 3.2e-06
561 3.2e-06
562 2e-06
563 3.2e-06
564 1.6e-06
565 8e-07
566 8e-07
567 1.2e-06
568 1.6e-06
569 2.76193e-06
570 2e-06
571 1.6e-06
572 1.96193e-06
573 2.4e-06
574 2e-06
575 1.6e-06
576 2e-06
577 2e-06
578 3.16193e-06
579 2.8e-06
580 2.8e-06
581 2.4e-06
582 1.16193e-06
583 3.56193e-06
584 1.16193e-06
585 2.8e-06
586 1.2e-06
587 4.36193e-06
588 2e-06
589 3.2e-06
590 2e-06
591 1.2e-06
592 2.4e-06
593 2.4e-06
594 3.2e-06
595 2.32387e-06
596 2.8e-06
597 1.2e-06
598 1.6e-06
599 1.6e-06
600 1.6e-06
601 1.2e-06
602 1.92387e-06
603 2.4e-06
604 2.4e-06
605 3.92749e-06
606 2.4e-06
607 1.92387e-06
608 2.4e-06
609 8e-07
610 4e-06
611 1.2e-06
612 2.8e-06
613 2.4e-06
614 1.6e-06
615 4.4e-06
616 3.6e-06
617 3.96193e-06
618 2.8e-06
619 3.2e-06
620 2e-06
621 2.4e-06
622 1.2e-06
623 2e-06
624 2.8e-06
625 1.96193e-06
626 3.16193e-06
627 8e-07
628 1.96193e-06
629 1.16193e-06
630 3.2e-06
631 2.4e-06
632 2.36193e-06
633 3.16193e-06
634 1.6e-06
635 4e-07
636 4.36193e-06
637 3.2e-06
638 1.2e-06
639 8e-07
640 1.2e-06
641 2.36193e-06
642 2e-06
643 3.2e-06
644 2.76193e-06
645 2.8e-06
646 8e-07
647 2.8e-06
648 2e-06
649 2.8e-06
650 4.72387e-06
651 2.4e-06
652 3.56193e-06
653 2.32749e-06
654 1.6e-06
655 2.76193e-06
656 4e-07
657 8e-07
658 4e-06
659 1.2e-06
660 2.8e-06
661 1.2e-06
662 2.4e-06
663 3.96193e-06
664 2e-06
665 1.6e-06
666 2.8e-06
667 4.4e-06
668 2.8e-06
669 3.8858e-06
670 1.2e-06
671 1.6e-06
672 1.2e-06
673 3.6e-06
674 1.96193e-06
675 1.56193e-06
676 3.2e-06
677 1.6e-06
678 1.16193e-06
679 3.6e-06
680 1.6e-06
681 8e-07
682 8e-07
683 2.36193e-06
684 1.96193e-06
685 1.52387e-06
686 1.2e-06
687 1.6e-06
688 2e-06
689 2.68943e-06
690 2.36193e-06
691 2.8e-06
692 2.4e-06
693 3.61935e-07
694 1.6e-06
695 1.6e-06
696 4e-06
697 2.8e-06
698 3.2e-06
699 4e-07
700 3.2e-06
701 2.4e-06
702 4e-06
703 2.8e-06
704 4e-07
705 2.76193e-06
706 2.4e-06
707 4e-07
708 2.4e-06
709 1.2e-06
710 2e-06
711 1.2e-06
712 8e-07
713 8e-07
714 2e-06
715 2e-06
716 1.16193e-06
717 2.4e-06
718 1.6e-06
719 2e-06
720 4e-06
721 1.2e-06
722 1.6e-06
723 1.6e-06
724 8e-07
725 3.6e-06
726 7.61935e-07
727 1.2e-06
728 1.6e-06
729 3.52387e-06
730 2.4e-06
731 8e-07
732 2.4e-06
733 2.72387e-06
734 2.76193e-06
735 2.36193e-06
736 2.32387e-06
737 8e-07
738 1.56193e-06
739 3.56193e-06
740 1.96193e-06
741 4e-06
742 2e-06
743 4e-06
744 8e-07
745 1.16193e-06
746 1.96193e-06
747 1.2e-06
748 1.96193e-06
749 1.6e-06
750 3.96193e-06
751 3.16193e-06
752 2.76193e-06
753 1.2e-06
754 8e-07
755 2e-06
756 8e-07
757 1.96193e-06
758 2.4e-06
759 3.2e-06
760 4.72387e-06
761 1.2e-06
762 2.8e-06
763 4e-07
764 2.76193e-06
765 2e-06
766 1.12749e-06
767 2e-06
768 1.2e-06
769 2e-06
770 2e-06
771 4e-07
772 1.56193e-06
773 3.2e-06
774 1.2e-06
775 3.56193e-06
776 2.36193e-06
777 2.8e-06
778 2.76193e-06
779 3.6e-06
780 2e-06
781 2.68943e-06
782 2.4e-06
783 2e-06
784 2.72387e-06
785 3.96193e-06
786 2.4e-06
787 7.61935e-07
788 4e-07
789 1.2e-06
790 8e-07
791 2.32387e-06
792 1.16193e-06
793 2.36193e-06
794 2.8e-06
795 2.8e-06
796 1.2e-06
797 2.8e-06
798 2.36193e-06
799 3.56193e-06
800 3.16193e-06
801 2.8e-06
802 1.16193e-06
803 2e-06
804 2.72749e-06
805 2.36193e-06
806 1.16193e-06
807 3.2e-06
808 2.4e-06
809 1.16193e-06
810 1.16193e-06
811 4e-07
812 8e-07
813 3.16193e-06
814 2.4e-06
815 1.6e-06
816 4.4e-06
817 1.2e-06
818 1.6e-06
819 1.6e-06
820 8e-07
821 1.56193e-06
822 2.36193e-06
823 2.8e-06
824 1.6e-06
825 2e-06
826 3.16193e-06
827 2.4e-06
828 2.36193e-06
829 4e-06
830 1.6e-06
831 2.76193e-06
832 1.2e-06
833 2.8e-06
834 8e-07
835 2.4e-06
836 2.4e-06
837 1.6e-06
838 1.2e-06
839 2.4e-06
840 8e-07
841 1.16193e-06
842 1.6e-06
843 2.36193e-06
844 1.6e-06
845 2.8e-06
846 1.2e-06
847 2.76193e-06
848 1.2e-06
849 2e-06
850 2.32387e-06
851 1.56193e-06
852 1.6e-06
853 3.08943e-06
854 8e-07
855 2e-06
856 2e-06
857 2.4e-06
858 4e-07
859 2.76193e-06
860 1.6e-06
861 1.6e-06
862 2e-06
863 2.4e-06
864 3.6e-06
865 2e-06
866 2e-06
867 8e-07
868 8e-07
869 1.2e-06
870 1.52387e-06
871 8e-07
872 3.6e-06
873 2.4e-06
874 2e-06
875 3.2e-06
876 8e-07
877 2.8e-06
878 1.6e-06
879 3.2e-06
880 2e-06
881 1.2e-06
882 1.2e-06
883 2.36193e-06
884 1.96193e-06
885 2.4e-06
886 3.16193e-06
887 2.8e-06
888 1.56193e-06
889 2e-06
890 1.2e-06
891 2.4e-06
892 1.16193e-06
893 3.2e-06
894 2.32387e-06
895 1.6e-06
896 1.56193e-06
897 2.4e-06
898 4e-07
899 8e-07
900 2e-06
901 2.4e-06
902 1.2e-06
903 1.52387e-06
904 8e-07
905 2.36193e-06
906 1.56193e-06
907 2.4e-06
908 2e-06
909 8e-07
910 2e-06
911 4e-07
912 2.4e-06
913 1.6e-06
914 2.36193e-06
915 4e-07
916 2.6858e-06
917 1.6e-06
918 8e-07
919 8e-07
920 1.96193e-06
921 1.56193e-06
922 1.6e-06
923 2e-06
924 1.2e-06
925 1.56193e-06
926 1.6e-06
927 4e-07
928 1.6e-06
929 2.4e-06
930 2e-06
931 8e-07
932 2e-06
933 3.16193e-06
934 8e-07
935 2e-06
936 2e-06
937 3.6e-06
938 1.6e-06
939 8e-07
940 1.92387e-06
941 8e-07
942 1.6e-06
943 1.6e-06
944 2.76193e-06
945 2.8e-06
946 1.96193e-06
947 1.2e-06
948 1.96193e-06
949 2.36193e-06
950 2.8e-06
951 3.96193e-06
952 1.2e-06
953 8e-07
954 2e-06
955 1.2e-06
956 1.6e-06
957 1.6e-06
958 4e-07
959 1.92387e-06
960 2.36193e-06
961 3.56193e-06
962 3.2e-06
963 2e-06
964 4e-06
965 1.2e-06
966 8e-07
967 2e-06
968 8e-07
969 2.8e-06
970 2.4e-06
971 7.61935e-07
972 2e-06
973 8e-07
974 1.6e-06
975 1.2e-06
976 2e-06
977 1.16193e-06
978 8e-07
979 8e-07
980 1.6e-06
981 1.6e-06
982 8e-07
983 1.6e-06
984 1.2e-06
985 1.2e-06
986 2.8e-06
987 2.36193e-06
988 4e-07
989 1.96193e-06
990 3.2e-06
991 2.4e-06
992 1.6e-06
993 8e-07
994 7.61935e-07
995 8e-07
996 2.8e-06
997 1.6e-06
998 2e-06
999 0
