0 0
1 0.00116
2 0.0008
3 0.000588415
4 0.000540415
5 0.000421472
6 0.000342943
7 0.000348
8 0.000313472
9 0.000249472
10 0.000277472
11 0.000256
12 0.000273472
13 0.00028
14 0.000216
15 0.000229472
16 0.000182943
17 0.000244
18 0.000209472
19 0.000172
20 0.000216
21 0.00016
22 0.000209472
23 0.000157472
24 0.000156
25 0.000144
26 0.000164
27 0.000168
28 0.00014
29 0.000124
30 0.000149472
31 0.000164541
32 0.000148
33 0.00012
34 0.000116
35 0.000166943
36 0.000117472
37 0.000128
38 0.000112
39 0.000114943
40 0.000128
41 0.000144
42 0.000124
43 0.000145472
44 7.6e-05
45 9.2e-05
46 8e-05
47 0.00016
48 0.0001
49 0.0001
50 0.000101472
51 9.2e-05
52 9.6e-05
53 0.0001
54 0.000112
55 8.4e-05
56 8.8e-05
57 0.000104
58 8.8e-05
59 9.74715e-05
60 0.000104
61 0.00012
62 0.0001
63 5.6e-05
64 8.14715e-05
65 8.8e-05
66 0.000112
67 0.000105472
68 6.8e-05
69 7.64146e-05
70 5.6e-05
71 7.6e-05
72 5.74715e-05
73 7.34715e-05
74 8.54715e-05
75 8.6943e-05
76 0.000117472
77 7.74715e-05
78 9.2e-05
79 6.54715e-05
80 9.2e-05
81 9.2e-05
82 8e-05
83 9.2e-05
84 4.94715e-05
85 6.14715e-05
86 0.000104
87 0.000105472
88 5.6e-05
89 8.6943e-05
90 8.6943e-05
91 6.4e-05
92 7.34715e-05
93 8.4e-05
94 6.6943e-05
95 7.2e-05
96 6.54715e-05
97 6.04146e-05
98 7.2e-05
99 6.8e-05
100 6.54715e-05
101 8e-05
102 7.2e-05
103 7.6e-05
104 5.74715e-05
105 8.4e-05
106 8e-05
107 6e-05
108 5.34715e-05
109 6.8e-05
110 6.54715e-05
111 4.84146e-05
112 5.2e-05
113 6.85413e-05
114 6.8e-05
115 8.94715e-05
116 5.34715e-05
117 8e-05
118 7.6e-05
119 6e-05
120 3.2e-05
121 5.6e-05
122 6.8e-05
123 7.34715e-05
124 4.94715e-05
125 7.74715e-05
126 6.14715e-05
127 4.8e-05
128 6.54715e-05
129 4.4e-05
130 7.2e-05
131 6.4e-05
132 6.94715e-05
133 4.8e-05
134 7.6e-05
135 5.34715e-05
136 5.6e-05
137 6.4e-05
138 3.6e-05
139 4e-05
140 3.74715e-05
141 4.94715e-05
142 6.54715e-05
143 6e-05
144 5.6e-05
145 6.6943e-05
146 3.2e-05
147 2.94715e-05
148 7.2e-05
149 2.94715e-05
150 6.8e-05
151 4.8e-05
152 4.94715e-05
153 6.8e-05
154 7.2e-05
155 7.2e-05
156 9.2e-05
157 4.54715e-05
158 3.64146e-05
159 7.34715e-05
160 3.6e-05
161 2.8e-05
162 6.8e-05
163 5.6e-05
164 6.8e-05
165 3.8943e-05
166 4.14715e-05
167 4.4e-05
168 3.2e-05
169 5.34715e-05
170 5.2e-05
171 4.4e-05
172 2e-05
173 4e-05
174 4e-05
175 5.2e-05
176 4.54715e-05
177 3.2e-05
178 2e-05
179 4e-05
180 4.8e-05
181 4.54715e-05
182 4.54715e-05
183 3.2e-05
184 3.2e-05
185 1.6e-05
186 4.94715e-05
187 4e-05
188 5.6e-05
189 6e-05
190 7.34715e-05
191 6.2943e-05
192 5.6e-05
193 4.4e-05
194 3.2e-05
195 4.8e-05
196 4.4e-05
197 4.2943e-05
198 6e-05
199 6e-05
200 5.6e-05
201 4.4e-05
202 3.34715e-05
203 5.2e-05
204 5.6e-05
205 4.14715e-05
206 4e-05
207 5.2e-05
208 3.6e-05
209 6.94715e-05
210 3.2e-05
211 5.2e-05
212 4.94715e-05
213 2.4e-05
214 4.4e-05
215 2.4e-05
216 2.14715e-05
217 2.8e-05
218 3.34715e-05
219 2.8e-05
220 3.6e-05
221 3.2e-05
222 4.14715e-05
223 4.4e-05
224 4.8e-05
225 4.8e-05
226 2.4e-05
227 3.74715e-05
228 2.85413e-05
229 6e-05
230 4.94715e-05
231 3.6e-05
232 3.6e-05
233 3.6e-05
234 3.6e-05
235 3.6e-05
236 4.94715e-05
237 4e-05
238 2.8e-05
239 4.94715e-05
240 4.8e-05
241 3.6e-05
242 4.54715e-05
243 2.8e-05
244 3.2e-05
245 3.74715e-05
246 5.74715e-05
247 4.4e-05
248 3.6e-05
249 2.8e-05
250 4e-05
251 4e-05
252 3.2e-05
253 3.34715e-05
254 2e-05
255 2.94715e-05
256 3.8943e-05
257 5.2e-05
258 1.6e-05
259 3.34715e-05
260 4e-05
261 4.54715e-05
262 5.0943e-05
263 3.6e-05
264 2.8e-05
265 6.54715e-05
266 4.54715e-05
267 4e-05
268 3.74715e-05
269 4.54715e-05
270 3.2e-05
271 2.54715e-05
272 4.94715e-05
273 2.8e-05
274 4e-05
275 4e-05
276 4.14715e-05
277 3.6e-05
278 5.34715e-05
279 3.74715e-05
280 3.2e-05
281 2.8e-05
282 2.8e-05
283 5.2e-05
284 3.2e-05
285 3.2e-05
286 4.54715e-05
287 2.4e-05
288 3.2e-05
289 3.8943e-05
290 4.14715e-05
291 2.54715e-05
292 4.14715e-05
293 4.4e-05
294 2.14715e-05
295 3.2e-05
296 2.6943e-05
297 5.00129e-05
298 4.8e-05
299 5.74715e-05
300 2.94715e-05
301 3.74715e-05
302 3.2e-05
303 3.74715e-05
304 3.74715e-05
305 4.4e-05
306 3.6e-05
307 3.2e-05
308 4.4e-05
309 4.2943e-05
310 2.8e-05
311 5.6e-05
312 2.94715e-05
313 4.8e-05
314 4e-05
315 3.4943e-05
316 2.8e-05
317 2.8e-05
318 3.0943e-05
319 4.14715e-05
320 2.54715e-05
321 2.8e-05
322 4e-05
323 4e-05
324 4.14715e-05
325 3.2e-05
326 3.6e-05
327 4.4e-05
328 3.40129e-05
329 2e-05
330 2.4e-05
331 2.8e-05
332 2e-05
333 3.74715e-05
334 3.2e-05
335 3.6e-05
336 2.54715e-05
337 3.6e-05
338 5.2e-05
339 4e-05
340 3.74715e-05
341 3.2e-05
342 2.54715e-05
343 2.4e-05
344 2.94715e-05
345 3.2e-05
346 2.4e-05
347 3.6e-05
348 2.2943e-05
349 2.4e-05
350 2.94715e-05
351 3.2e-05
352 2.8e-05
353 8e-06
354 3.34715e-05
355 2.6943e-05
356 2e-05
357 2.8e-05
358 2.54715e-05
359 3.34715e-05
360 2.94715e-05
361 4.4e-05
362 2e-05
363 3.2e-05
364 3.2e-05
365 8e-06
366 1.2e-05
367 3.2e-05
368 3.74715e-05
369 2.8e-05
370 2.14715e-05
371 2.54715e-05
372 2.94715e-05
373 1.8943e-05
374 3.2e-05
375 2.8e-05
376 2.8e-05
377 3.2e-05
378 3.6e-05
379 3.6e-05
380 3.6e-05
381 2.4e-05
382 2.94715e-05
383 3.2e-05
384 4.44146e-05
385 5.6e-05
386 3.2e-05
387 2.8e-05
388 2.8e-05
389 4.4e-05
390 2e-05
391 3.2e-05
392 1.6e-05
393 3.2e-05
394 2.4e-05
395 1.6e-05
396 2.54715e-05
397 2e-05
398 4.4e-05
399 3.34715e-05
400 1.2e-05
401 2.8e-05
402 1.74715e-05
403 2.8e-05
404 2.4e-05
405 3.34715e-05
406 4.54715e-05
407 2.20129e-05
408 3.8943e-05
409 4.2943e-05
410 5.6e-05
411 1.6e-05
412 1.6e-05
413 4e-05
414 2.8e-05
415 3.6e-05
416 2.4e-05
417 5.2e-05
418 2.4e-05
419 2.8e-05
420 2e-05
421 2.8e-05
422 2.8e-05
423 2e-05
424 2.8e-05
425 2.8e-05
426 1.6e-05
427 1.6e-05
428 3.6e-05
429 3.2e-05
430 2.4e-05
431 2.54715e-05
432 3.6e-05
433 1.6e-05
434 3.6e-05
435 2.94715e-05
436 1.34715e-05
437 3.6e-05
438 3.74715e-05
439 3.2e-05
440 2.4e-05
441 3.74715e-05
442 2.14715e-05
443 2.8e-05
444 2.8e-05
445 2.8e-05
446 4.8e-05
447 1.6e-05
448 1.2e-05
449 2.8e-05
450 3.2e-05
451 2.8e-05
452 4e-05
453 2.8e-05
454 3.6e-05
455 1.74715e-05
456 3.2e-05
457 1.6e-05
458 4.8e-05
459 1.2e-05
460 2.4e-05
461 3.2e-05
462 2.4e-05
463 3.2e-05
464 2.8e-05
465 2e-05
466 1.6e-05
467 2e-05
468 3.6e-05
469 3.6e-05
470 2.4e-05
471 6.94304e-06
472 3.34715e-05
473 2.4e-05
474 1.2e-05
475 1.2e-05
476 3.2e-05
477 2.8e-05
478 2e-05
479 2.84146e-05
480 1.2e-05
481 2.14715e-05
482 3.6e-05
483 4.14715e-05
484 2.8e-05
485 2.54715e-05
486 1.2e-05
487 2.8e-05
488 2.8e-05
489 1.2e-05
490 2.8e-05
491 2.4e-05
492 1.2e-05
493 2.8e-05
494 2.4e-05
495 4.14715e-05
496 5.2e-05
497 3.6e-05
498 1.34715e-05
499 1.6e-05
500 1.2e-05
501 3.74715e-05
502 8e-06
503 2.8e-05
504 2.8e-05
505 2e-05
506 3.6e-05
507 1.6e-05
508 2.8e-05
509 2.94715e-05
510 2.8e-05
511 8e-06
512 1.6e-05
513 1.2e-05
514 3.2e-05
515 1.74715e-05
516 8e-06
517 1.6e-05
518 2.14715e-05
519 2.4e-05
520 4.14715e-05
521 2.54715e-05
522 2.8e-05
523 2.2943e-05
524 3.6e-05
525 4.4e-05
526 1.2e-05
527 2.4e-05
528 1.6e-05
529 1.6e-05
530 2e-05
531 1.34715e-05
532 3.2e-05
533 2e-05
534 2.4e-05
535 2e-05
536 2.14715e-05
537 2e-05
538 2.4e-05
539 2e-05
540 2.54715e-05
541 3.2e-05
542 3.2e-05
543 9.47152e-06
544 2.4e-05
545 2.94715e-05
546 1.2e-05
547 3.2e-05
548 3.34715e-05
549 2.54715e-05
550 1.34715e-05
551 3.2e-05
552 1.74715e-05
553 2.8e-05
554 4.19915e-06
555 2.94715e-05
556 2e-05
557 2.4e-05
558 1.2e-05
559 2.8e-05
560 2.8e-05
561 4e-05
562 2.8e-05
563 1.6e-05
564 1.2e-05
565 8e-06
566 2e-05
567 2.8e-05
568 2.8e-05
569 1.2e-05
570 4.14715e-05
571 2.8e-05
572 1.6e-05
573 2.14715e-05
574 2.94715e-05
575 2.4e-05
576 2e-05
577 2.94715e-05
578 1.6e-05
579 2e-05
580 1.34715e-05
581 3.8943e-05
582 4.84146e-05
583 2.8e-05
584 2.2943e-05
585 1.6e-05
586 2.4e-05
587 2e-05
588 1.6e-05
589 2e-05
590 4.14715e-05
591 2e-05
592 3.2e-05
593 8e-06
594 2.8e-05
595 2.54715e-05
596 1.6e-05
597 3.34715e-05
598 4e-05
599 1.6e-05
600 8e-06
601 1.74715e-05
602 2.94715e-05
603 2e-05
604 3.6e-05
605 2e-05
606 2.4e-05
607 1.6e-05
608 2e-05
609 1.2e-05
610 2.54715e-05
611 2.4e-05
612 2.54715e-05
613 2.2943e-05
614 1.2e-05
615 1.6e-05
616 1.74715e-05
617 2.14715e-05
618 2.14715e-05
619 1.6e-05
620 2e-05
621 2.14715e-05
622 9.47152e-06
623 2.4e-05
624 1.2e-05
625 1.2e-05
626 8e-06
627 2.8e-05
628 1.74715e-05
629 3.2e-05
630 4e-05
631 1.74715e-05
632 2e-05
633 3.2e-05
634 2.14715e-05
635 1.6e-05
636 4e-05
637 1.2e-05
638 1.74715e-05
639 8e-06
640 4e-05
641 1.2e-05
642 2.4e-05
643 3.2e-05
644 2.4e-05
645 2.14715e-05
646 8e-06
647 2.4e-05
648 2e-05
649 1.74715e-05
650 2.4e-05
651 2e-05
652 3.2e-05
653 1.6e-05
654 1.6e-05
655 2.4e-05
656 1.2e-05
657 2.8e-05
658 3.6e-05
659 2.54715e-05
660 3.2e-05
661 1.6e-05
662 2.4e-05
663 2.14715e-05
664 2.4e-05
665 2.8e-05
666 3.2e-05
667 1.2e-05
668 2e-05
669 8e-06
670 8e-06
671 2e-05
672 3.6e-05
673 9.47152e-06
674 2.05413e-05
675 2.4e-05
676 1.2e-05
677 2.14715e-05
678 4e-06
679 3.2e-05
680 2.8e-05
681 1.2e-05
682 1.6e-05
683 1.2e-05
684 2.94715e-05
685 2.14715e-05
686 1.2e-05
687 2.54715e-05
688 3.6e-05
689 2.4e-05
690 1.74715e-05
691 3.2e-05
692 1.6e-05
693 3.2e-05
694 3.0943e-05
695 2e-05
696 1.6e-05
697 1.2e-05
698 2.8e-05
699 3.2e-05
700 2.14715e-05
701 2e-05
702 1.34715e-05
703 3.2e-05
704 1.34715e-05
705 2.4e-05
706 2.94715e-05
707 2e-05
708 1.6e-05
709 2.8e-05
710 2e-05
711 4.20129e-05
712 8e-06
713 1.6e-05
714 8e-06
715 2.4e-05
716 1.6e-05
717 1.2e-05
718 2.14715e-05
719 2.4e-05
720 2e-05
721 1.74715e-05
722 2.14715e-05
723 8e-06
724 3.2e-05
725 1.6e-05
726 3.74715e-05
727 2e-05
728 8e-06
729 1.2e-05
730 2e-05
731 1.2e-05
732 8e-06
733 4e-06
734 8e-06
735 1.6e-05
736 3.34715e-05
737 1.2e-05
738 3.2e-05
739 5.47152e-06
740 2.4e-05
741 2e-05
742 2e-05
743 5.47152e-06
744 2.54715e-05
745 3.2e-05
746 8e-06
747 9.47152e-06
748 1.34715e-05
749 2.14715e-05
750 2.4e-05
751 2.2943e-05
752 2.8e-05
753 4.4e-05
754 2.14715e-05
755 1.6e-05
756 8e-06
757 1.2e-05
758 1.34715e-05
759 1.2e-05
760 2.4e-05
761 2e-05
762 2.8e-05
763 1.6e-05
764 2.8e-05
765 2e-05
766 1.74715e-05
767 8e-06
768 1.2e-05
769 9.47152e-06
770 1.74715e-05
771 4e-06
772 2.4e-05
773 1.2e-05
774 1.6e-05
775 1.2e-05
776 1.2e-05
777 1.6e-05
778 2.4e-05
779 2e-05
780 1.6e-05
781 3.2e-05
782 2.8e-05
783 1.34715e-05
784 1.2e-05
785 2.4e-05
786 2.4e-05
787 2.8e-05
788 1.2e-05
789 2.4e-05
790 1.34715e-05
791 2e-05
792 2e-05
793 2.8e-05
794 2e-05
795 2.94715e-05
796 2.8e-05
797 1.6e-05
798 8e-06
799 3.2e-05
800 2.14715e-05
801 2e-05
802 1.6e-05
803 2.4e-05
804 1.6e-05
805 2e-05
806 4.2943e-05
807 3.2e-05
808 2.14715e-05
809 4e-06
810 1.74715e-05
811 9.47152e-06
812 1.2e-05
813 2.2943e-05
814 2.8e-05
815 3.2e-05
816 2e-05
817 2e-05
818 1.34715e-05
819 3.6e-05
820 2.8e-05
821 1.2e-05
822 1.2e-05
823 2e-05
824 4e-06
825 1.74715e-05
826 8e-06
827 1.6e-05
828 2.8e-05
829 2e-05
830 1.6e-05
831 1.6e-05
832 1.2e-05
833 1.6e-05
834 2.54715e-05
835 1.6e-05
836 2e-05
837 1.74715e-05
838 3.2e-05
839 2.4e-05
840 2.4e-05
841 1.2e-05
842 4e-06
843 2.2943e-05
844 2.8e-05
845 8e-06
846 2.2943e-05
847 1.2e-05
848 1.2e-05
849 2.8e-05
850 1.6e-05
851 1.6e-05
852 2e-05
853 2e-05
854 1.2e-05
855 1.2e-05
856 3.2e-05
857 2.4e-05
858 8e-06
859 1.74715e-05
860 2.8e-05
861 1.2e-05
862 2.14715e-05
863 9.47152e-06
864 9.47152e-06
865 1.2e-05
866 1.6e-05
867 2e-05
868 1.2e-05
869 3.2e-05
870 2e-05
871 1.34715e-05
872 2.94715e-05
873 1.6e-05
874 2.14715e-05
875 1.6e-05
876 2e-05
877 2.14715e-05
878 9.47152e-06
879 1.6e-05
880 1.2e-05
881 2e-05
882 8e-06
883 1.74715e-05
884 1.34715e-05
885 8e-06
886 2.4e-05
887 1.34715e-05
888 5.47152e-06
889 2.4e-05
890 2.4e-05
891 0
892 1.2e-05
893 2.4e-05
894 5.47152e-06
895 3.34715e-05
896 2.4e-05
897 1.6e-05
898 2.4e-05
899 2.8e-05
900 1.6e-05
901 8e-06
902 2e-05
903 1.6e-05
904 2.4e-05
905 2.4e-05
906 1.8943e-05
907 1.74715e-05
908 2.4e-05
909 1.74715e-05
910 8e-06
911 2e-05
912 9.47152e-06
913 2e-05
914 2.8e-05
915 4.14715e-05
916 2e-05
917 2.4e-05
918 2.4e-05
919 1.2e-05
920 1.2e-05
921 4e-06
922 8e-06
923 9.47152e-06
924 0
925 2.4e-05
926 8e-06
927 1.6e-05
928 8e-06
929 2e-05
930 9.47152e-06
931 2.14715e-05
932 2.4e-05
933 1.8943e-05
934 1.6e-05
935 1.6e-05
936 1.34715e-05
937 1.47152e-06
938 1.74715e-05
939 9.47152e-06
940 4e-06
941 1.6e-05
942 3.0943e-05
943 2e-05
944 2e-05
945 2e-05
946 4e-06
947 3.34715e-05
948 1.6e-05
949 1.6e-05
950 1.6e-05
951 1.6e-05
952 1.2e-05
953 9.47152e-06
954 1.8943e-05
955 2.4e-05
956 2.4e-05
957 9.47152e-06
958 2e-05
959 2.4e-05
960 1.2e-05
961 8e-06
962 1.6e-05
963 3.2e-05
964 2.8e-05
965 2e-05
966 1.6e-05
967 1.24146e-05
968 2.8e-05
969 2.94715e-05
970 2e-05
971 1.74715e-05
972 1.6e-05
973 1.74715e-05
974 1.6e-05
975 1.34715e-05
976 9.47152e-06
977 2.4e-05
978 1.6e-05
979 1.2e-05
980 3.6e-05
981 3.2e-05
982 4e-06
983 4e-06
984 8e-06
985 8e-06
986 1.6e-05
987 2.8e-05
988 4e-06
989 1.74715e-05
990 1.74715e-05
991 2e-05
992 2e-05
993 1.6e-05
994 2.94715e-05
995 2.8e-05
996 2e-05
997 1.6e-05
998 1.2e-05
999 0
