0 0
1 0
2 0
3 0
4 0
5 0
6 0
7 4e-08
8 0
9 0
10 0
11 0
12 0
13 4e-08
14 0
15 0
16 0
17 0
18 2.4e-07
19 0
20 4e-08
21 0
22 4e-08
23 8e-08
24 8e-08
25 0
26 4e-08
27 0
28 8e-08
29 4e-08
30 8e-08
31 0
32 0
33 4e-08
34 4e-08
35 4e-08
36 8e-08
37 8e-08
38 1.6e-07
39 1.2e-07
40 8e-08
41 1.6e-07
42 1.6e-07
43 1.2e-07
44 2e-07
45 8e-08
46 0
47 4e-08
48 1.6e-07
49 2.4e-07
50 4e-08
51 8e-08
52 8e-08
53 8e-08
54 2.4e-07
55 2e-07
56 1.6e-07
57 1.6e-07
58 8e-08
59 1.6e-07
60 8e-08
61 1.6e-07
62 2e-07
63 0
64 3.2e-07
65 2.4e-07
66 2.39602e-07
67 2.4e-07
68 1.6e-07
69 8e-08
70 1.2e-07
71 2e-07
72 1.2e-07
73 4e-08
74 1.2e-07
75 8e-08
76 1.6e-07
77 3.6e-07
78 3.2e-07
79 2e-07
80 3.2e-07
81 2e-07
82 1.6e-07
83 1.6e-07
84 1.2e-07
85 8e-08
86 3.2e-07
87 2e-07
88 1.6e-07
89 1.2e-07
90 2e-07
91 1.6e-07
92 3.59602e-07
93 4.8e-07
94 1.6e-07
95 2.4e-07
96 3.6e-07
97 3.2e-07
98 2.4e-07
99 2e-07
100 2e-07
101 3.6e-07
102 3.2e-07
103 2.4e-07
104 1.6e-07
105 1.6e-07
106 3.2e-07
107 2e-07
108 3.2e-07
109 2.8e-07
110 2.8e-07
111 3.2e-07
112 3.2e-07
113 1.2e-07
114 2.8e-07
115 1.19602e-07
116 2e-07
117 3.6e-07
118 1.19602e-07
119 2.8e-07
120 2.79602e-07
121 1.6e-07
122 1.6e-07
123 2.8e-07
124 2.79602e-07
125 1.2e-07
126 2.8e-07
127 2e-07
128 1.6e-07
129 2.8e-07
130 2.8e-07
131 6.39602e-07
132 2.8e-07
133 8e-08
134 2e-07
135 2.39602e-07
136 1.2e-07
137 3.6e-07
138 1.2e-07
139 2.4e-07
140 2.4e-07
141 4e-07
142 1.6e-07
143 1.6e-07
144 3.6e-07
145 2e-07
146 2.4e-07
147 1.2e-07
148 4e-07
149 3.6e-07
150 2e-07
151 7.9602e-08
152 4.8e-07
153 1.6e-07
154 2.8e-07
155 3.6e-07
156 1.6e-07
157 3.2e-07
158 2.4e-07
159 2.8e-07
160 2.4e-07
161 2.8e-07
162 3.6e-07
163 1.2e-07
164 4e-07
165 2e-07
166 3.19602e-07
167 2.4e-07
168 3.2e-07
169 1.2e-07
170 4.79602e-07
171 1.6e-07
172 1.59602e-07
173 1.59602e-07
174 4e-07
175 3.6e-07
176 4.4e-07
177 4e-07
178 2.8e-07
179 2.4e-07
180 6e-07
181 4.79208e-07
182 2e-07
183 3.6e-07
184 3.2e-07
185 2.8e-07
186 4e-07
187 1.6e-07
188 2.4e-07
189 3.6e-07
190 2.8e-07
191 2.4e-07
192 2.8e-07
193 3.2e-07
194 2e-07
195 4.4e-07
196 4e-07
197 3.6e-07
198 3.6e-07
199 3.6e-07
200 3.6e-07
201 2e-07
202 3.6e-07
203 3.6e-07
204 4.4e-07
205 2.4e-07
206 3.19602e-07
207 1.6e-07
208 2e-07
209 2.4e-07
210 7.9204e-08
211 3.2e-07
212 2.4e-07
213 4e-07
214 2.4e-07
215 2.8e-07
216 1.6e-07
217 3.6e-07
218 2e-07
219 2.4e-07
220 2.8e-07
221 3.2e-07
222 4.8e-07
223 3.6e-07
224 4.79602e-07
225 2.8e-07
226 2.4e-07
227 3.2e-07
228 2.4e-07
229 1.2e-07
230 3.2e-07
231 1.6e-07
232 3.2e-07
233 2e-07
234 3.2e-07
235 3.6e-07
236 3.2e-07
237 5.6e-07
238 5.59602e-07
239 3.2e-07
240 8e-08
241 2.8e-07
242 4.8e-07
243 1.2e-07
244 2.4e-07
245 2.8e-07
246 2e-07
247 1.2e-07
248 2.4e-07
249 2.4e-07
250 1.6e-07
251 4e-07
252 4e-07
253 1.6e-07
254 4e-07
255 3.2e-07
256 4.4e-07
257 2e-07
258 3.2e-07
259 4e-07
260 2e-07
261 3.19204e-07
262 2e-07
263 4.4e-07
264 3.2e-07
265 3.6e-07
266 2e-07
267 4e-07
268 2.39602e-07
269 1.2e-07
270 3.6e-07
271 2.4e-07
272 3.6e-07
273 2e-07
274 1.2e-07
275 2e-07
276 4e-07
277 1.2e-07
278 3.2e-07
279 1.2e-07
280 1.6e-07
281 2.4e-07
282 2e-07
283 2e-07
284 3.19602e-07
285 4.4e-07
286 5.2e-07
287 1.6e-07
288 1.6e-07
289 3.9602e-08
290 8e-08
291 3.6e-07
292 5.2e-07
293 2.8e-07
294 2.8e-07
295 2.4e-07
296 4e-07
297 3.6e-07
298 5.99602e-07
299 2.4e-07
300 2e-07
301 2e-07
302 1.6e-07
303 2e-07
304 2.8e-07
305 1.2e-07
306 2.4e-07
307 1.6e-07
308 2e-07
309 2.8e-07
310 3.6e-07
311 4e-08
312 3.19602e-07
313 2.8e-07
314 1.6e-07
315 2e-07
316 1.2e-07
317 3.59602e-07
318 5.19204e-07
319 2e-07
320 1.6e-07
321 2e-07
322 2.8e-07
323 2.4e-07
324 1.2e-07
325 4.4e-07
326 2.8e-07
327 8e-08
328 2.8e-07
329 1.6e-07
330 2.39602e-07
331 2.4e-07
332 2.8e-07
333 3.2e-07
334 2e-07
335 1.6e-07
336 2.4e-07
337 3.2e-07
338 1.6e-07
339 2.79602e-07
340 3.2e-07
341 2.4e-07
342 1.2e-07
343 1.2e-07
344 3.6e-07
345 2e-07
346 2e-07
347 2e-07
348 4e-07
349 3.19602e-07
350 3.99602e-07
351 3.19602e-07
352 3.2e-07
353 1.2e-07
354 2.4e-07
355 1.6e-07
356 2e-07
357 2.8e-07
358 3.2e-07
359 2e-07
360 2.4e-07
361 2e-07
362 2.4e-07
363 1.2e-07
364 2.4e-07
365 3.99602e-07
366 2e-07
367 3.2e-07
368 2e-07
369 8e-08
370 4.8e-07
371 1.2e-07
372 2e-07
373 2.79602e-07
374 3.6e-07
375 2.8e-07
376 2.39602e-07
377 3.2e-07
378 8e-08
379 3.6e-07
380 2.8e-07
381 2e-07
382 3.6e-07
383 3.6e-07
384 3.2e-07
385 1.6e-07
386 4.4e-07
387 2.4e-07
388 1.6e-07
389 3.2e-07
390 2e-07
391 1.6e-07
392 8e-08
393 2.8e-07
394 2.4e-07
395 2.8e-07
396 3.2e-07
397 2.8e-07
398 2.4e-07
399 1.2e-07
400 2e-07
401 1.59602e-07
402 3.2e-07
403 1.6e-07
404 3.2e-07
405 1.2e-07
406 3.2e-07
407 2.4e-07
408 3.99602e-07
409 2e-07
410 1.6e-07
411 2e-07
412 8e-08
413 1.2e-07
414 1.2e-07
415 2.79602e-07
416 2e-07
417 2.4e-07
418 3.6e-07
419 1.2e-07
420 2.4e-07
421 2.4e-07
422 1.2e-07
423 2.8e-07
424 1.6e-07
425 3.2e-07
426 3.2e-07
427 2.4e-07
428 2.8e-07
429 3.2e-07
430 3.2e-07
431 4e-08
432 1.59602e-07
433 2.8e-07
434 8e-08
435 2.8e-07
436 4.4e-07
437 2e-07
438 2.8e-07
439 2.79602e-07
440 2.79602e-07
441 2.8e-07
442 2e-07
443 3.6e-07
444 2.39602e-07
445 1.6e-07
446 2.79602e-07
447 3.19602e-07
448 2.8e-07
449 8e-08
450 2.4e-07
451 3.19602e-07
452 2.8e-07
453 3.19602e-07
454 1.59602e-07
455 2.8e-07
456 2.79602e-07
457 1.2e-07
458 2.39602e-07
459 2.39602e-07
460 2.39602e-07
461 2.8e-07
462 1.6e-07
463 1.6e-07
464 8e-08
465 1.6e-07
466 3.2e-07
467 3.2e-07
468 1.2e-07
469 1.2e-07
470 1.2e-07
471 2.8e-07
472 2.39602e-07
473 1.2e-07
474 2.4e-07
475 7.9602e-08
476 2.8e-07
477 1.2e-07
478 1.2e-07
479 2.4e-07
480 3.59204e-07
481 1.6e-07
482 2.4e-07
483 2.4e-07
484 3.6e-07
485 2e-07
486 3.59602e-07
487 3.99204e-07
488 1.6e-07
489 1.2e-07
490 2.4e-07
491 1.99602e-07
492 2e-07
493 1.2e-07
494 2.4e-07
495 2.8e-07
496 2.4e-07
497 1.6e-07
498 3.2e-07
499 3.99602e-07
500 3.9602e-08
501 2.8e-07
502 2.4e-07
503 8e-08
504 2.8e-07
505 1.6e-07
506 2e-07
507 3.2e-07
508 3.6e-07
509 2.4e-07
510 1.6e-07
511 8e-08
512 4.8e-07
513 1.6e-07
514 1.2e-07
515 2.8e-07
516 2e-07
517 1.2e-07
518 1.19602e-07
519 2e-07
520 2.8e-07
521 2.8e-07
522 2.8e-07
523 2.8e-07
524 3.6e-07
525 3.6e-07
526 3.6e-07
527 3.2e-07
528 2.79602e-07
529 2e-07
530 3.2e-07
531 1.6e-07
532 2.4e-07
533 2.39602e-07
534 3.2e-07
535 2.4e-07
536 2.8e-07
537 1.2e-07
538 1.2e-07
539 1.2e-07
540 8e-08
541 2.79602e-07
542 2e-07
543 2.79204e-07
544 1.2e-07
545 3.2e-07
546 2e-07
547 2.8e-07
548 2.4e-07
549 2e-07
550 2e-07
551 2.79602e-07
552 1.59602e-07
553 1.2e-07
554 1.6e-07
555 1.19602e-07
556 2.4e-07
557 2e-07
558 2e-07
559 2.4e-07
560 3.19602e-07
561 1.2e-07
562 2e-07
563 2e-07
564 2.8e-07
565 2e-07
566 3.99602e-07
567 3.2e-07
568 4.39602e-07
569 2.79602e-07
570 2.4e-07
571 2.4e-07
572 2e-07
573 1.99602e-07
574 2e-07
575 2e-07
576 1.6e-07
577 8e-08
578 3.6e-07
579 1.6e-07
580 2.4e-07
581 3.19602e-07
582 2e-07
583 2e-07
584 2.39602e-07
585 2e-07
586 1.2e-07
587 2.79602e-07
588 1.6e-07
589 1.59602e-07
590 7.9602e-08
591 3.19602e-07
592 8e-08
593 2.4e-07
594 1.6e-07
595 2.4e-07
596 2.8e-07
597 2e-07
598 4e-07
599 4e-08
600 2e-07
601 7.9602e-08
602 1.6e-07
603 1.6e-07
604 3.2e-07
605 1.19204e-07
606 3.59602e-07
607 1.6e-07
608 3.19602e-07
609 1.2e-07
610 2.39602e-07
611 8e-08
612 2.4e-07
613 1.6e-07
614 1.6e-07
615 2.4e-07
616 2.8e-07
617 2e-07
618 8e-08
619 2.79602e-07
620 8e-08
621 1.6e-07
622 1.6e-07
623 1.2e-07
624 2e-07
625 1.59602e-07
626 2.8e-07
627 3.2e-07
628 1.2e-07
629 2e-07
630 8e-08
631 3.2e-07
632 1.2e-07
633 1.6e-07
634 2.8e-07
635 4e-08
636 1.6e-07
637 2e-07
638 1.2e-07
639 4e-08
640 1.6e-07
641 2.39602e-07
642 2e-07
643 2.4e-07
644 1.6e-07
645 1.6e-07
646 2.4e-07
647 2.79602e-07
648 1.59204e-07
649 5.2e-07
650 1.2e-07
651 2.79204e-07
652 2.79602e-07
653 2.8e-07
654 8e-08
655 2.8e-07
656 1.6e-07
657 3.2e-07
658 2e-07
659 1.2e-07
660 2e-07
661 4e-07
662 1.6e-07
663 2.4e-07
664 8e-08
665 3.2e-07
666 1.6e-07
667 2e-07
668 1.2e-07
669 1.2e-07
670 8e-08
671 2e-07
672 2.4e-07
673 1.6e-07
674 2.79602e-07
675 1.99602e-07
676 1.99602e-07
677 2.4e-07
678 1.2e-07
679 2e-07
680 2e-07
681 4.4e-07
682 2.4e-07
683 8e-08
684 1.6e-07
685 4e-08
686 1.99602e-07
687 2.4e-07
688 2e-07
689 1.19602e-07
690 2.4e-07
691 3.2e-07
692 2.8e-07
693 1.2e-07
694 1.2e-07
695 2e-07
696 2e-07
697 2e-07
698 2.4e-07
699 8e-08
700 8e-08
701 2.4e-07
702 2e-07
703 3.2e-07
704 1.6e-07
705 1.6e-07
706 2.4e-07
707 2.39602e-07
708 1.99602e-07
709 1.2e-07
710 8e-08
711 1.2e-07
712 1.2e-07
713 0
714 3.2e-07
715 8e-08
716 1.6e-07
717 4.8e-07
718 2.4e-07
719 4e-08
720 1.6e-07
721 2.4e-07
722 2e-07
723 1.6e-07
724 8e-08
725 2.39204e-07
726 1.6e-07
727 2.8e-07
728 1.6e-07
729 1.6e-07
730 2.4e-07
731 2.79602e-07
732 1.2e-07
733 4e-08
734 2.8e-07
735 2.79602e-07
736 1.6e-07
737 1.2e-07
738 1.2e-07
739 3.2e-07
740 1.2e-07
741 1.6e-07
742 1.6e-07
743 2e-07
744 1.6e-07
745 1.99602e-07
746 1.2e-07
747 2.39602e-07
748 1.6e-07
749 3.19602e-07
750 1.2e-07
751 2e-07
752 2.4e-07
753 8e-08
754 2e-07
755 1.6e-07
756 2.4e-07
757 1.6e-07
758 2.4e-07
759 1.2e-07
760 2e-07
761 2.8e-07
762 3.59602e-07
763 8e-08
764 1.2e-07
765 4e-07
766 1.19602e-07
767 1.6e-07
768 3.2e-07
769 1.6e-07
770 8e-08
771 1.2e-07
772 1.2e-07
773 3.59602e-07
774 1.6e-07
775 2e-07
776 8e-08
777 1.6e-07
778 2.79602e-07
779 2.39602e-07
780 1.2e-07
781 2.4e-07
782 1.2e-07
783 3.99602e-07
784 2.8e-07
785 2e-07
786 1.2e-07
787 2.4e-07
788 1.6e-07
789 2e-07
790 8e-08
791 2.8e-07
792 1.6e-07
793 2.39602e-07
794 2e-07
795 2.4e-07
796 2.8e-07
797 8e-08
798 1.2e-07
799 2.8e-07
800 1.2e-07
801 2e-07
802 1.2e-07
803 8e-08
804 1.2e-07
805 2.4e-07
806 2.8e-07
807 2.39602e-07
808 3.6e-07
809 2e-07
810 0
811 1.6e-07
812 3.2e-07
813 7.9602e-08
814 3.2e-07
815 8e-08
816 1.19602e-07
817 2.8e-07
818 2e-07
819 3.2e-07
820 1.2e-07
821 1.6e-07
822 1.6e-07
823 4e-08
824 2.4e-07
825 8e-08
826 8e-08
827 1.99602e-07
828 1.6e-07
829 1.6e-07
830 2e-07
831 2.79602e-07
832 8e-08
833 1.2e-07
834 2.8e-07
835 2.4e-07
836 2e-07
837 2.4e-07
838 1.6e-07
839 1.99602e-07
840 2e-07
841 8e-08
842 2.4e-07
843 1.2e-07
844 1.2e-07
845 2.8e-07
846 1.6e-07
847 2.79602e-07
848 2e-07
849 1.2e-07
850 7.9602e-08
851 2e-07
852 8e-08
853 2e-07
854 1.6e-07
855 1.2e-07
856 2.4e-07
857 0
858 1.59204e-07
859 1.2e-07
860 1.2e-07
861 4e-08
862 1.6e-07
863 2.39602e-07
864 7.9204e-08
865 2.8e-07
866 2.4e-07
867 1.6e-07
868 7.9602e-08
869 0
870 2.79602e-07
871 2.4e-07
872 4e-08
873 1.2e-07
874 3.99602e-07
875 1.6e-07
876 1.6e-07
877 1.6e-07
878 1.2e-07
879 2e-07
880 3.2e-07
881 1.2e-07
882 1.6e-07
883 1.6e-07
884 2.39602e-07
885 2e-07
886 4e-08
887 1.6e-07
888 1.2e-07
889 1.6e-07
890 1.6e-07
891 1.59602e-07
892 0
893 2.4e-07
894 1.2e-07
895 1.2e-07
896 2e-07
897 1.6e-07
898 3.19602e-07
899 1.6e-07
900 2e-07
901 2.4e-07
902 1.2e-07
903 1.2e-07
904 1.2e-07
905 2e-07
906 1.6e-07
907 4e-08
908 8e-08
909 1.2e-07
910 4e-08
911 8e-08
912 4e-07
913 8e-08
914 0
915 2e-07
916 2e-07
917 1.6e-07
918 1.6e-07
919 8e-08
920 1.2e-07
921 1.6e-07
922 1.2e-07
923 2.4e-07
924 2.79602e-07
925 1.19602e-07
926 1.2e-07
927 2e-07
928 8e-08
929 1.2e-07
930 3.19602e-07
931 4e-08
932 4e-08
933 3.2e-07
934 1.6e-07
935 1.2e-07
936 1.6e-07
937 1.99602e-07
938 8e-08
939 2e-07
940 1.2e-07
941 1.6e-07
942 8e-08
943 8e-08
944 3.59602e-07
945 1.19602e-07
946 1.2e-07
947 2.8e-07
948 8e-08
949 8e-08
950 2.4e-07
951 1.2e-07
952 4e-08
953 2e-07
954 2e-07
955 4e-08
956 3.2e-07
957 1.2e-07
958 1.6e-07
959 8e-08
960 8e-08
961 2.8e-07
962 1.6e-07
963 4e-08
964 2.39602e-07
965 1.6e-07
966 4e-08
967 1.2e-07
968 1.6e-07
969 1.2e-07
970 1.6e-07
971 4e-08
972 3.19602e-07
973 2.4e-07
974 1.2e-07
975 1.99602e-07
976 1.99602e-07
977 4.39602e-07
978 8e-08
979 2.4e-07
980 2.8e-07
981 4e-08
982 1.6e-07
983 2e-07
984 4e-08
985 3.2e-07
986 8e-08
987 2e-07
988 1.6e-07
989 8e-08
990 2e-07
991 1.6e-07
992 2e-07
993 3.6e-07
994 2.4e-07
995 1.6e-07
996 1.2e-07
997 1.2e-07
998 2e-07
999 0
