0 0
1 0.001036
2 0.00072
3 0.000552
4 0.00042
5 0.000384
6 0.000405472
7 0.000337472
8 0.000308
9 0.00038
10 0.000325472
11 0.000265472
12 0.000249472
13 0.000273472
14 0.000228
15 0.000216
16 0.000185472
17 0.000228
18 0.000201472
19 0.000201472
20 0.000168
21 0.000164
22 0.000153472
23 0.000185472
24 0.00014
25 0.00016
26 0.000192
27 0.000148
28 0.000169472
29 0.000124
30 0.000112
31 0.000112
32 0.000128
33 9.6e-05
34 0.000101472
35 0.0001
36 0.000116
37 0.000133472
38 0.000129472
39 9.6e-05
40 0.000149472
41 0.0001
42 9.6e-05
43 0.000141472
44 9.6e-05
45 0.000144
46 0.000116
47 8.4e-05
48 6.04146e-05
49 0.000152
50 7.74715e-05
51 9.6e-05
52 0.000152
53 0.000113472
54 0.000104
55 0.000125472
56 0.000106943
57 8.8e-05
58 0.000112
59 0.000118943
60 9.0943e-05
61 8.14715e-05
62 0.00014
63 7.34715e-05
64 8.4e-05
65 6.94715e-05
66 9.6e-05
67 9.74715e-05
68 9.2e-05
69 0.000116
70 0.0001
71 6.8e-05
72 8.94715e-05
73 8.54715e-05
74 0.000104
75 6.14715e-05
76 5.2e-05
77 0.000104
78 9.6e-05
79 0.000117472
80 6.4e-05
81 8.4e-05
82 8.8e-05
83 6.4e-05
84 7.2e-05
85 5.24146e-05
86 7.2e-05
87 4.94715e-05
88 8.94715e-05
89 3.8943e-05
90 5.8943e-05
91 6e-05
92 7.8943e-05
93 7.6e-05
94 7.74715e-05
95 7.34715e-05
96 6e-05
97 9.34715e-05
98 6e-05
99 2.94715e-05
100 4.6943e-05
101 6.8e-05
102 6.4e-05
103 5.6e-05
104 6.4e-05
105 6.94715e-05
106 6.8e-05
107 8.14715e-05
108 5.2e-05
109 6e-05
110 6.54715e-05
111 4e-05
112 5.6e-05
113 6.14715e-05
114 8.14715e-05
115 5.74715e-05
116 8.4e-05
117 5.6e-05
118 5.2e-05
119 6.8e-05
120 4.8e-05
121 0.000108
122 6.54715e-05
123 7.6e-05
124 8e-05
125 6.4e-05
126 5.6e-05
127 5.74715e-05
128 5.2e-05
129 6e-05
130 5.2e-05
131 6.4e-05
132 7.6e-05
133 5.34715e-05
134 4.4e-05
135 7.0943e-05
136 2.54715e-05
137 5.34715e-05
138 6.4e-05
139 5.74715e-05
140 4.8e-05
141 4.8e-05
142 6.6943e-05
143 6.14715e-05
144 4.6943e-05
145 5.2e-05
146 8e-05
147 4.4e-05
148 5.2e-05
149 4.4e-05
150 6.4e-05
151 4.4e-05
152 6e-05
153 4.8e-05
154 6e-05
155 6.4e-05
156 4.54715e-05
157 5.2e-05
158 1.6e-05
159 3.2e-05
160 3.34715e-05
161 6e-05
162 6.8e-05
163 6e-05
164 4.4e-05
165 5.2e-05
166 3.74715e-05
167 6.4e-05
168 4.54715e-05
169 5.6e-05
170 5.2e-05
171 3.34715e-05
172 4.2943e-05
173 3.74715e-05
174 5.6e-05
175 6e-05
176 5.8943e-05
177 4.2943e-05
178 5.6e-05
179 6.4e-05
180 4.94715e-05
181 6.94715e-05
182 6.54715e-05
183 3.2e-05
184 4.8e-05
185 2.8e-05
186 4.14715e-05
187 8.8e-05
188 2.8e-05
189 2.8e-05
190 6.8e-05
191 4.4e-05
192 6.8e-05
193 6.8e-05
194 3.34715e-05
195 2.8e-05
196 6.14715e-05
197 4e-05
198 4e-05
199 5.4943e-05
200 5.34715e-05
201 5.2e-05
202 4e-05
203 2.8e-05
204 2.54715e-05
205 6.4e-05
206 5.64146e-05
207 2.8e-05
208 2e-05
209 4.8e-05
210 4.14715e-05
211 3.6e-05
212 8.14715e-05
213 3.74715e-05
214 6e-05
215 7.6e-05
216 4.4e-05
217 2.94715e-05
218 4.8e-05
219 2.6943e-05
220 2.54715e-05
221 5.2e-05
222 4.94715e-05
223 4.4e-05
224 3.6e-05
225 4.8e-05
226 3.2e-05
227 3.8943e-05
228 4.4e-05
229 4.8e-05
230 5.2e-05
231 2.94715e-05
232 4e-05
233 2.8e-05
234 3.2e-05
235 3.74715e-05
236 2.8e-05
237 2.54715e-05
238 8e-05
239 2.54715e-05
240 3.2e-05
241 5.34715e-05
242 3.34715e-05
243 5.6e-05
244 5.6e-05
245 5.74715e-05
246 3.6e-05
247 6.2943e-05
248 3.74715e-05
249 5.2e-05
250 3.2e-05
251 4.2943e-05
252 4.4e-05
253 4.14715e-05
254 3.6e-05
255 2e-05
256 2.4e-05
257 5.2e-05
258 4e-05
259 2.94715e-05
260 1.6e-05
261 4.14715e-05
262 4.8e-05
263 4.54715e-05
264 4.4e-05
265 4.8e-05
266 3.6e-05
267 2.54715e-05
268 2.14715e-05
269 6.14715e-05
270 4.8e-05
271 5.34715e-05
272 6e-05
273 8e-06
274 3.6e-05
275 2.8e-05
276 2.94715e-05
277 3.34715e-05
278 2.8e-05
279 2e-05
280 1.34715e-05
281 4e-05
282 4.14715e-05
283 4e-05
284 2e-05
285 2.4e-05
286 4e-05
287 3.6e-05
288 1.2e-05
289 2.94715e-05
290 6.8e-05
291 6.8e-05
292 2.8e-05
293 4.14715e-05
294 3.6e-05
295 3.2e-05
296 3.6e-05
297 2e-05
298 5.6e-05
299 4e-05
300 2e-05
301 2e-05
302 2e-05
303 3.65413e-05
304 2.54715e-05
305 4e-05
306 4.2943e-05
307 4.8e-05
308 2.14715e-05
309 1.6e-05
310 4e-05
311 2.14715e-05
312 2.54715e-05
313 6.4e-05
314 3.74715e-05
315 2.14715e-05
316 2.8e-05
317 1.2e-05
318 3.34715e-05
319 5.6e-05
320 4.8e-05
321 4e-05
322 3.74715e-05
323 1.4943e-05
324 2e-05
325 4.8e-05
326 2.4e-05
327 3.34715e-05
328 4e-05
329 3.2e-05
330 2.14715e-05
331 9.47152e-06
332 2.8e-05
333 2e-05
334 1.2e-05
335 2e-05
336 2.8e-05
337 6.54715e-05
338 2.4e-05
339 2.8e-05
340 4.8e-05
341 4.4e-05
342 3.74715e-05
343 2.8e-05
344 1.2e-05
345 3.6e-05
346 2.8e-05
347 2.8e-05
348 2.8e-05
349 2.94715e-05
350 3.34715e-05
351 3.34715e-05
352 2.8e-05
353 2e-05
354 2.94715e-05
355 1.74715e-05
356 1.34715e-05
357 3.2e-05
358 4.14715e-05
359 3.2e-05
360 3.2e-05
361 2.4e-05
362 3.2e-05
363 4e-05
364 2.4e-05
365 4e-05
366 3.74715e-05
367 2.6943e-05
368 3.6e-05
369 2.8e-05
370 3.6e-05
371 4.4e-05
372 3.2e-05
373 1.6e-05
374 2.8e-05
375 3.74715e-05
376 2.4e-05
377 2.8e-05
378 1.74715e-05
379 1.74715e-05
380 3.2e-05
381 3.6e-05
382 2.8e-05
383 2e-05
384 3.2e-05
385 2e-05
386 3.2e-05
387 3.34715e-05
388 4e-05
389 4.8e-05
390 2.8e-05
391 1.74715e-05
392 2.8e-05
393 2e-05
394 3.65413e-05
395 2e-05
396 9.47152e-06
397 3.4943e-05
398 1.6e-05
399 2e-05
400 1.34715e-05
401 2.4e-05
402 1.6e-05
403 4.54715e-05
404 3.74715e-05
405 2.4e-05
406 1.6e-05
407 2.54715e-05
408 1.34715e-05
409 9.47152e-06
410 1.6e-05
411 2.4e-05
412 1.6e-05
413 2e-05
414 2.8e-05
415 6e-05
416 2e-05
417 1.6e-05
418 4.4e-05
419 4.14715e-05
420 2.94715e-05
421 2.8e-05
422 3.6e-05
423 3.2e-05
424 2.4e-05
425 1.65413e-05
426 4.4e-05
427 3.2e-05
428 2e-05
429 2.4e-05
430 2.8e-05
431 4e-05
432 2.8e-05
433 3.2e-05
434 3.2e-05
435 3.2e-05
436 3.2e-05
437 2.94715e-05
438 1.6e-05
439 2.8e-05
440 2.4e-05
441 2.54715e-05
442 1.2e-05
443 3.6e-05
444 2.4e-05
445 3.34715e-05
446 1.34715e-05
447 3.6e-05
448 2.94715e-05
449 2.4e-05
450 5.2e-05
451 2.4e-05
452 1.6e-05
453 4.4e-05
454 2.4e-05
455 2e-05
456 2.8e-05
457 4.8e-05
458 3.34715e-05
459 3.74715e-05
460 3.6e-05
461 2e-05
462 2e-05
463 1.6e-05
464 2.4e-05
465 4e-05
466 2.4e-05
467 3.6e-05
468 2e-05
469 2e-05
470 3.6e-05
471 3.6e-05
472 4e-05
473 3.2e-05
474 1.2e-05
475 2.54715e-05
476 1.2e-05
477 9.47152e-06
478 2.8e-05
479 1.2e-05
480 2.2943e-05
481 4.4e-05
482 2.2943e-05
483 1.6e-05
484 3.2e-05
485 5.2e-05
486 2.14715e-05
487 4e-05
488 1.6e-05
489 3.6e-05
490 1.6e-05
491 4e-06
492 1.74715e-05
493 2.94715e-05
494 2.94715e-05
495 2.54715e-05
496 1.74715e-05
497 4.14715e-05
498 2.94715e-05
499 2e-05
500 2e-05
501 2.94715e-05
502 3.6e-05
503 1.2e-05
504 3.74715e-05
505 4e-05
506 3.2e-05
507 2.4e-05
508 2.8e-05
509 2.14715e-05
510 1.6e-05
511 4e-06
512 1.2e-05
513 2.8e-05
514 2e-05
515 0
516 1.6e-05
517 2.8e-05
518 2.14715e-05
519 3.34715e-05
520 2e-05
521 3.2e-05
522 8e-06
523 3.4943e-05
524 2.4e-05
525 8e-06
526 1.2e-05
527 1.34715e-05
528 2.14715e-05
529 2e-05
530 2.8e-05
531 2.94715e-05
532 4.4e-05
533 2e-05
534 4.8e-05
535 2.8e-05
536 3.6e-05
537 3.2e-05
538 8e-06
539 4.14715e-05
540 8e-06
541 2.4e-05
542 2.14715e-05
543 4e-05
544 2.4e-05
545 4e-05
546 1.74715e-05
547 4.14715e-05
548 1.74715e-05
549 2.8e-05
550 2.8e-05
551 2.8e-05
552 1.6e-05
553 3.2e-05
554 3.2e-05
555 4.14715e-05
556 2.4e-05
557 1.2e-05
558 2e-05
559 2.54715e-05
560 1.74715e-05
561 2.14715e-05
562 2.4e-05
563 2e-05
564 2.4e-05
565 2.8e-05
566 3.2e-05
567 1.6e-05
568 4.4e-05
569 8e-06
570 8e-06
571 1.6e-05
572 2.8e-05
573 3.8943e-05
574 1.6e-05
575 2.8e-05
576 1.6e-05
577 3.6e-05
578 2.54715e-05
579 8e-06
580 2.8e-05
581 1.6e-05
582 2e-05
583 2.4e-05
584 2.54715e-05
585 3.2e-05
586 2e-05
587 1.6e-05
588 2e-05
589 2.8e-05
590 2.94715e-05
591 3.2e-05
592 1.2e-05
593 4e-05
594 1.6e-05
595 3.2e-05
596 2.54715e-05
597 1.74715e-05
598 8e-06
599 2.4e-05
600 2.4e-05
601 3.6e-05
602 3.6e-05
603 3.2e-05
604 2.4e-05
605 2e-05
606 1.6e-05
607 2e-05
608 2e-05
609 3.4943e-05
610 1.74715e-05
611 1.78861e-05
612 2.8e-05
613 8e-06
614 3.2e-05
615 1.74715e-05
616 2.8e-05
617 1.74715e-05
618 2.4e-05
619 2.94715e-05
620 2.4e-05
621 2.4e-05
622 2e-05
623 1.74715e-05
624 2.05413e-05
625 1.2e-05
626 3.34715e-05
627 2.8e-05
628 2.4e-05
629 2.4e-05
630 3.6e-05
631 2.4e-05
632 1.2e-05
633 2.14715e-05
634 2e-05
635 1.6e-05
636 2e-05
637 2.4e-05
638 1.6e-05
639 1.6e-05
640 1.2e-05
641 1.6e-05
642 1.34715e-05
643 3.2e-05
644 1.6e-05
645 4e-05
646 3.25413e-05
647 1.8943e-05
648 1.2e-05
649 8e-06
650 8e-06
651 3.2e-05
652 2.4e-05
653 5.47152e-06
654 8e-06
655 2e-05
656 2e-05
657 1.2e-05
658 2.14715e-05
659 2.4e-05
660 8e-06
661 2.05413e-05
662 3.6e-05
663 1.74715e-05
664 8e-06
665 2.8e-05
666 2.8e-05
667 1.6e-05
668 2e-05
669 4.14715e-05
670 2.4e-05
671 2e-05
672 2e-05
673 3.6e-05
674 3.2e-05
675 1.2e-05
676 1.6e-05
677 1.2e-05
678 2.14715e-05
679 1.6e-05
680 3.34715e-05
681 2e-05
682 1.2e-05
683 1.2e-05
684 2.14715e-05
685 2e-05
686 2.8e-05
687 1.2e-05
688 2.8e-05
689 1.6e-05
690 4.4e-05
691 8e-06
692 3.2e-05
693 2.8e-05
694 1.6e-05
695 1.74715e-05
696 1.74715e-05
697 1.2e-05
698 2.8e-05
699 2.14715e-05
700 8e-06
701 3.2e-05
702 2.4e-05
703 1.2e-05
704 1.34715e-05
705 2.54715e-05
706 2e-05
707 1.74715e-05
708 9.47152e-06
709 2.4e-05
710 1.6e-05
711 1.34715e-05
712 2.14715e-05
713 3.6e-05
714 2.8e-05
715 2.8e-05
716 1.6e-05
717 4e-06
718 3.74715e-05
719 3.34715e-05
720 1.6e-05
721 8e-06
722 2.45413e-05
723 0
724 1.6e-05
725 2.94715e-05
726 3.2e-05
727 1.2e-05
728 2e-05
729 1.4943e-05
730 2e-05
731 3.2e-05
732 1.6e-05
733 2.8e-05
734 1.4943e-05
735 2.6943e-05
736 1.6e-05
737 2.05413e-05
738 1.74715e-05
739 2.14715e-05
740 1.6e-05
741 1.6e-05
742 1.6e-05
743 1.2e-05
744 8e-06
745 2.8e-05
746 2.14715e-05
747 2e-05
748 1.6e-05
749 2e-05
750 2.54715e-05
751 2.4e-05
752 1.2e-05
753 1.6e-05
754 1.6e-05
755 2.4e-05
756 1.2e-05
757 8e-06
758 8e-06
759 2e-05
760 2.94715e-05
761 3.2e-05
762 1.6e-05
763 2.4e-05
764 2e-05
765 2e-05
766 9.47152e-06
767 1.34715e-05
768 1.34715e-05
769 1.6e-05
770 2.94715e-05
771 2.14715e-05
772 4.54715e-05
773 1.34715e-05
774 2e-05
775 2e-05
776 2e-05
777 1.2e-05
778 8e-06
779 2.4e-05
780 2.4e-05
781 2.8e-05
782 2e-05
783 2.4e-05
784 1.65413e-05
785 1.74715e-05
786 1.2e-05
787 2.14715e-05
788 2e-05
789 2.2943e-05
790 2e-05
791 3.34715e-05
792 2.4e-05
793 2e-05
794 8e-06
795 2.4e-05
796 4e-06
797 2e-05
798 1.4943e-05
799 2.8e-05
800 2.4e-05
801 4e-06
802 2.2943e-05
803 8e-06
804 4e-05
805 3.2e-05
806 2e-05
807 1.6e-05
808 2.4e-05
809 1.6e-05
810 8e-06
811 8e-06
812 2.54715e-05
813 2.54715e-05
814 5.47152e-06
815 2.4e-05
816 4e-05
817 2e-05
818 2e-05
819 8e-06
820 8e-06
821 1.34715e-05
822 8e-06
823 1.2e-05
824 2e-05
825 1.6e-05
826 1.2e-05
827 2e-05
828 8e-06
829 8e-06
830 2e-05
831 2.8e-05
832 1.2e-05
833 2.4e-05
834 4.54715e-05
835 2.8e-05
836 1.2e-05
837 2e-05
838 8e-06
839 4e-06
840 3.2e-05
841 2e-05
842 2e-05
843 1.6e-05
844 1.2e-05
845 4e-06
846 1.2e-05
847 2.14715e-05
848 2e-05
849 1.74715e-05
850 2e-05
851 1.2e-05
852 2.54715e-05
853 2e-05
854 1.6e-05
855 1.6e-05
856 2.8e-05
857 2.54715e-05
858 8e-06
859 4e-06
860 1.6e-05
861 2.4e-05
862 1.2e-05
863 2.14715e-05
864 2.54715e-05
865 2.8e-05
866 4e-06
867 4e-05
868 2.4e-05
869 2.8e-05
870 1.2e-05
871 1.6e-05
872 1.6e-05
873 4e-05
874 8e-06
875 2e-05
876 2.4e-05
877 1.2e-05
878 1.6e-05
879 1.2e-05
880 1.6e-05
881 1.6e-05
882 2.8e-05
883 2e-05
884 2e-05
885 9.47152e-06
886 1.6e-05
887 1.34715e-05
888 2.4e-05
889 2e-05
890 2.14715e-05
891 2.94715e-05
892 8e-06
893 2.4e-05
894 3.34715e-05
895 9.47152e-06
896 1.6e-05
897 2e-05
898 4e-06
899 2.8e-05
900 4e-06
901 2.94715e-05
902 1.2e-05
903 2.4e-05
904 1.74715e-05
905 1.6e-05
906 5.47152e-06
907 1.6e-05
908 1.2e-05
909 2.4e-05
910 4.4e-05
911 1.2e-05
912 8e-06
913 2e-05
914 8e-06
915 1.2e-05
916 2e-05
917 1.6e-05
918 8e-06
919 8e-06
920 1.34715e-05
921 2.14715e-05
922 1.2e-05
923 8e-06
924 1.2e-05
925 2.4e-05
926 2.4e-05
927 1.2e-05
928 9.47152e-06
929 1.6e-05
930 1.2e-05
931 1.2e-05
932 9.47152e-06
933 2e-05
934 1.34715e-05
935 8e-06
936 2.4e-05
937 2e-05
938 1.6e-05
939 2.4e-05
940 1.2e-05
941 1.6e-05
942 1.74715e-05
943 9.47152e-06
944 1.6e-05
945 4e-06
946 4e-06
947 1.2e-05
948 2.4e-05
949 1.6e-05
950 1.6e-05
951 8e-06
952 2.14715e-05
953 8e-06
954 1.2e-05
955 2.14715e-05
956 8e-06
957 1.6e-05
958 3.2e-05
959 1.4943e-05
960 5.47152e-06
961 4e-06
962 2.4e-05
963 8e-06
964 1.47152e-06
965 9.47152e-06
966 9.47152e-06
967 1.6e-05
968 8e-06
969 1.34715e-05
970 1.2e-05
971 2e-05
972 1.2e-05
973 2.4e-05
974 1.2e-05
975 2.8e-05
976 1.2e-05
977 9.47152e-06
978 8e-06
979 2.94715e-05
980 9.47152e-06
981 2e-05
982 8e-06
983 4e-06
984 2.4e-05
985 1.6e-05
986 2.8e-05
987 1.6e-05
988 2.8e-05
989 3.34715e-05
990 9.47152e-06
991 0
992 3.2e-05
993 2.8e-05
994 2.14715e-05
995 1.2e-05
996 2e-05
997 1.74715e-05
998 1.2e-05
999 0
