0 0
1 0.0001036
2 7.2e-05
3 5.52e-05
4 4.2e-05
5 3.84e-05
6 4.07619e-05
7 3.39619e-05
8 3.08e-05
9 3.8e-05
10 3.27619e-05
11 2.67619e-05
12 2.51619e-05
13 2.75619e-05
14 2.28e-05
15 2.16e-05
16 1.87619e-05
17 2.28e-05
18 2.03619e-05
19 2.03619e-05
20 1.68e-05
21 1.64e-05
22 1.55619e-05
23 1.87619e-05
24 1.4e-05
25 1.6e-05
26 1.92e-05
27 1.48e-05
28 1.71619e-05
29 1.24e-05
30 1.12e-05
31 1.12e-05
32 1.28e-05
33 9.6e-06
34 1.03619e-05
35 1e-05
36 1.16e-05
37 1.35619e-05
38 1.31619e-05
39 9.6e-06
40 1.51619e-05
41 1e-05
42 9.6e-06
43 1.43619e-05
44 9.6e-06
45 1.44e-05
46 1.16e-05
47 8.4e-06
48 6.6858e-06
49 1.52e-05
50 7.96193e-06
51 9.6e-06
52 1.52e-05
53 1.15619e-05
54 1.04e-05
55 1.27619e-05
56 1.11239e-05
57 8.8e-06
58 1.12e-05
59 1.23239e-05
60 9.52387e-06
61 8.36193e-06
62 1.4e-05
63 7.56193e-06
64 8.4e-06
65 7.16193e-06
66 9.6e-06
67 9.96193e-06
68 9.2e-06
69 1.16e-05
70 1e-05
71 6.8e-06
72 9.16193e-06
73 8.76193e-06
74 1.04e-05
75 6.36193e-06
76 5.2e-06
77 1.04e-05
78 9.6e-06
79 1.19619e-05
80 6.4e-06
81 8.4e-06
82 8.8e-06
83 6.4e-06
84 7.2e-06
85 5.8858e-06
86 7.2e-06
87 5.16193e-06
88 9.16193e-06
89 4.32387e-06
90 6.32387e-06
91 6e-06
92 8.32387e-06
93 7.6e-06
94 7.96193e-06
95 7.56193e-06
96 6e-06
97 9.56193e-06
98 6e-06
99 3.16193e-06
100 5.12387e-06
101 6.8e-06
102 6.4e-06
103 5.6e-06
104 6.4e-06
105 7.16193e-06
106 6.8e-06
107 8.36193e-06
108 5.2e-06
109 6e-06
110 6.76193e-06
111 4e-06
112 5.6e-06
113 6.36193e-06
114 8.36193e-06
115 5.96193e-06
116 8.4e-06
117 5.6e-06
118 5.2e-06
119 6.8e-06
120 4.8e-06
121 1.08e-05
122 6.76193e-06
123 7.6e-06
124 8e-06
125 6.4e-06
126 5.6e-06
127 5.96193e-06
128 5.2e-06
129 6e-06
130 5.2e-06
131 6.4e-06
132 7.6e-06
133 5.56193e-06
134 4.4e-06
135 7.52387e-06
136 2.76193e-06
137 5.56193e-06
138 6.4e-06
139 5.96193e-06
140 4.8e-06
141 4.8e-06
142 7.12387e-06
143 6.36193e-06
144 5.12387e-06
145 5.2e-06
146 8e-06
147 4.4e-06
148 5.2e-06
149 4.4e-06
150 6.4e-06
151 4.4e-06
152 6e-06
153 4.8e-06
154 6e-06
155 6.4e-06
156 4.76193e-06
157 5.2e-06
158 1.6e-06
159 3.2e-06
160 3.56193e-06
161 6e-06
162 6.8e-06
163 6e-06
164 4.4e-06
165 5.2e-06
166 3.96193e-06
167 6.4e-06
168 4.76193e-06
169 5.6e-06
170 5.2e-06
171 3.56193e-06
172 4.72387e-06
173 3.96193e-06
174 5.6e-06
175 6e-06
176 6.32387e-06
177 4.72387e-06
178 5.6e-06
179 6.4e-06
180 5.16193e-06
181 7.16193e-06
182 6.76193e-06
183 3.2e-06
184 4.8e-06
185 2.8e-06
186 4.36193e-06
187 8.8e-06
188 2.8e-06
189 2.8e-06
190 6.8e-06
191 4.4e-06
192 6.8e-06
193 6.8e-06
194 3.56193e-06
195 2.8e-06
196 6.36193e-06
197 4e-06
198 4e-06
199 5.92387e-06
200 5.56193e-06
201 5.2e-06
202 4e-06
203 2.8e-06
204 2.76193e-06
205 6.4e-06
206 6.2858e-06
207 2.8e-06
208 2e-06
209 4.8e-06
210 4.36193e-06
211 3.6e-06
212 8.36193e-06
213 3.96193e-06
214 6e-06
215 7.6e-06
216 4.4e-06
217 3.16193e-06
218 4.8e-06
219 3.12387e-06
220 2.76193e-06
221 5.2e-06
222 5.16193e-06
223 4.4e-06
224 3.6e-06
225 4.8e-06
226 3.2e-06
227 4.32387e-06
228 4.4e-06
229 4.8e-06
230 5.2e-06
231 3.16193e-06
232 4e-06
233 2.8e-06
234 3.2e-06
235 3.96193e-06
236 2.8e-06
237 2.76193e-06
238 8e-06
239 2.76193e-06
240 3.2e-06
241 5.56193e-06
242 3.56193e-06
243 5.6e-06
244 5.6e-06
245 5.96193e-06
246 3.6e-06
247 6.72387e-06
248 3.96193e-06
249 5.2e-06
250 3.2e-06
251 4.72387e-06
252 4.4e-06
253 4.36193e-06
254 3.6e-06
255 2e-06
256 2.4e-06
257 5.2e-06
258 4e-06
259 3.16193e-06
260 1.6e-06
261 4.36193e-06
262 4.8e-06
263 4.76193e-06
264 4.4e-06
265 4.8e-06
266 3.6e-06
267 2.76193e-06
268 2.36193e-06
269 6.36193e-06
270 4.8e-06
271 5.56193e-06
272 6e-06
273 8e-07
274 3.6e-06
275 2.8e-06
276 3.16193e-06
277 3.56193e-06
278 2.8e-06
279 2e-06
280 1.56193e-06
281 4e-06
282 4.36193e-06
283 4e-06
284 2e-06
285 2.4e-06
286 4e-06
287 3.6e-06
288 1.2e-06
289 3.16193e-06
290 6.8e-06
291 6.8e-06
292 2.8e-06
293 4.36193e-06
294 3.6e-06
295 3.2e-06
296 3.6e-06
297 2e-06
298 5.6e-06
299 4e-06
300 2e-06
301 2e-06
302 2e-06
303 3.92749e-06
304 2.76193e-06
305 4e-06
306 4.72387e-06
307 4.8e-06
308 2.36193e-06
309 1.6e-06
310 4e-06
311 2.36193e-06
312 2.76193e-06
313 6.4e-06
314 3.96193e-06
315 2.36193e-06
316 2.8e-06
317 1.2e-06
318 3.56193e-06
319 5.6e-06
320 4.8e-06
321 4e-06
322 3.96193e-06
323 1.92387e-06
324 2e-06
325 4.8e-06
326 2.4e-06
327 3.56193e-06
328 4e-06
329 3.2e-06
330 2.36193e-06
331 1.16193e-06
332 2.8e-06
333 2e-06
334 1.2e-06
335 2e-06
336 2.8e-06
337 6.76193e-06
338 2.4e-06
339 2.8e-06
340 4.8e-06
341 4.4e-06
342 3.96193e-06
343 2.8e-06
344 1.2e-06
345 3.6e-06
346 2.8e-06
347 2.8e-06
348 2.8e-06
349 3.16193e-06
350 3.56193e-06
351 3.56193e-06
352 2.8e-06
353 2e-06
354 3.16193e-06
355 1.96193e-06
356 1.56193e-06
357 3.2e-06
358 4.36193e-06
359 3.2e-06
360 3.2e-06
361 2.4e-06
362 3.2e-06
363 4e-06
364 2.4e-06
365 4e-06
366 3.96193e-06
367 3.12387e-06
368 3.6e-06
369 2.8e-06
370 3.6e-06
371 4.4e-06
372 3.2e-06
373 1.6e-06
374 2.8e-06
375 3.96193e-06
376 2.4e-06
377 2.8e-06
378 1.96193e-06
379 1.96193e-06
380 3.2e-06
381 3.6e-06
382 2.8e-06
383 2e-06
384 3.2e-06
385 2e-06
386 3.2e-06
387 3.56193e-06
388 4e-06
389 4.8e-06
390 2.8e-06
391 1.96193e-06
392 2.8e-06
393 2e-06
394 3.92749e-06
395 2e-06
396 1.16193e-06
397 3.92387e-06
398 1.6e-06
399 2e-06
400 1.56193e-06
401 2.4e-06
402 1.6e-06
403 4.76193e-06
404 3.96193e-06
405 2.4e-06
406 1.6e-06
407 2.76193e-06
408 1.56193e-06
409 1.16193e-06
410 1.6e-06
411 2.4e-06
412 1.6e-06
413 2e-06
414 2.8e-06
415 6e-06
416 2e-06
417 1.6e-06
418 4.4e-06
419 4.36193e-06
420 3.16193e-06
421 2.8e-06
422 3.6e-06
423 3.2e-06
424 2.4e-06
425 1.92749e-06
426 4.4e-06
427 3.2e-06
428 2e-06
429 2.4e-06
430 2.8e-06
431 4e-06
432 2.8e-06
433 3.2e-06
434 3.2e-06
435 3.2e-06
436 3.2e-06
437 3.16193e-06
438 1.6e-06
439 2.8e-06
440 2.4e-06
441 2.76193e-06
442 1.2e-06
443 3.6e-06
444 2.4e-06
445 3.56193e-06
446 1.56193e-06
447 3.6e-06
448 3.16193e-06
449 2.4e-06
450 5.2e-06
451 2.4e-06
452 1.6e-06
453 4.4e-06
454 2.4e-06
455 2e-06
456 2.8e-06
457 4.8e-06
458 3.56193e-06
459 3.96193e-06
460 3.6e-06
461 2e-06
462 2e-06
463 1.6e-06
464 2.4e-06
465 4e-06
466 2.4e-06
467 3.6e-06
468 2e-06
469 2e-06
470 3.6e-06
471 3.6e-06
472 4e-06
473 3.2e-06
474 1.2e-06
475 2.76193e-06
476 1.2e-06
477 1.16193e-06
478 2.8e-06
479 1.2e-06
480 2.72387e-06
481 4.4e-06
482 2.72387e-06
483 1.6e-06
484 3.2e-06
485 5.2e-06
486 2.36193e-06
487 4e-06
488 1.6e-06
489 3.6e-06
490 1.6e-06
491 4e-07
492 1.96193e-06
493 3.16193e-06
494 3.16193e-06
495 2.76193e-06
496 1.96193e-06
497 4.36193e-06
498 3.16193e-06
499 2e-06
500 2e-06
501 3.16193e-06
502 3.6e-06
503 1.2e-06
504 3.96193e-06
505 4e-06
506 3.2e-06
507 2.4e-06
508 2.8e-06
509 2.36193e-06
510 1.6e-06
511 4e-07
512 1.2e-06
513 2.8e-06
514 2e-06
515 0
516 1.6e-06
517 2.8e-06
518 2.36193e-06
519 3.56193e-06
520 2e-06
521 3.2e-06
522 8e-07
523 3.92387e-06
524 2.4e-06
525 8e-07
526 1.2e-06
527 1.56193e-06
528 2.36193e-06
529 2e-06
530 2.8e-06
531 3.16193e-06
532 4.4e-06
533 2e-06
534 4.8e-06
535 2.8e-06
536 3.6e-06
537 3.2e-06
538 8e-07
539 4.36193e-06
540 8e-07
541 2.4e-06
542 2.36193e-06
543 4e-06
544 2.4e-06
545 4e-06
546 1.96193e-06
547 4.36193e-06
548 1.96193e-06
549 2.8e-06
550 2.8e-06
551 2.8e-06
552 1.6e-06
553 3.2e-06
554 3.2e-06
555 4.36193e-06
556 2.4e-06
557 1.2e-06
558 2e-06
559 2.76193e-06
560 1.96193e-06
561 2.36193e-06
562 2.4e-06
563 2e-06
564 2.4e-06
565 2.8e-06
566 3.2e-06
567 1.6e-06
568 4.4e-06
569 8e-07
570 8e-07
571 1.6e-06
572 2.8e-06
573 4.32387e-06
574 1.6e-06
575 2.8e-06
576 1.6e-06
577 3.6e-06
578 2.76193e-06
579 8e-07
580 2.8e-06
581 1.6e-06
582 2e-06
583 2.4e-06
584 2.76193e-06
585 3.2e-06
586 2e-06
587 1.6e-06
588 2e-06
589 2.8e-06
590 3.16193e-06
591 3.2e-06
592 1.2e-06
593 4e-06
594 1.6e-06
595 3.2e-06
596 2.76193e-06
597 1.96193e-06
598 8e-07
599 2.4e-06
600 2.4e-06
601 3.6e-06
602 3.6e-06
603 3.2e-06
604 2.4e-06
605 2e-06
606 1.6e-06
607 2e-06
608 2e-06
609 3.92387e-06
610 1.96193e-06
611 2.64774e-06
612 2.8e-06
613 8e-07
614 3.2e-06
615 1.96193e-06
616 2.8e-06
617 1.96193e-06
618 2.4e-06
619 3.16193e-06
620 2.4e-06
621 2.4e-06
622 2e-06
623 1.96193e-06
624 2.32749e-06
625 1.2e-06
626 3.56193e-06
627 2.8e-06
628 2.4e-06
629 2.4e-06
630 3.6e-06
631 2.4e-06
632 1.2e-06
633 2.36193e-06
634 2e-06
635 1.6e-06
636 2e-06
637 2.4e-06
638 1.6e-06
639 1.6e-06
640 1.2e-06
641 1.6e-06
642 1.56193e-06
643 3.2e-06
644 1.6e-06
645 4e-06
646 3.52749e-06
647 2.32387e-06
648 1.2e-06
649 8e-07
650 8e-07
651 3.2e-06
652 2.4e-06
653 7.61935e-07
654 8e-07
655 2e-06
656 2e-06
657 1.2e-06
658 2.36193e-06
659 2.4e-06
660 8e-07
661 2.32749e-06
662 3.6e-06
663 1.96193e-06
664 8e-07
665 2.8e-06
666 2.8e-06
667 1.6e-06
668 2e-06
669 4.36193e-06
670 2.4e-06
671 2e-06
672 2e-06
673 3.6e-06
674 3.2e-06
675 1.2e-06
676 1.6e-06
677 1.2e-06
678 2.36193e-06
679 1.6e-06
680 3.56193e-06
681 2e-06
682 1.2e-06
683 1.2e-06
684 2.36193e-06
685 2e-06
686 2.8e-06
687 1.2e-06
688 2.8e-06
689 1.6e-06
690 4.4e-06
691 8e-07
692 3.2e-06
693 2.8e-06
694 1.6e-06
695 1.96193e-06
696 1.96193e-06
697 1.2e-06
698 2.8e-06
699 2.36193e-06
700 8e-07
701 3.2e-06
702 2.4e-06
703 1.2e-06
704 1.56193e-06
705 2.76193e-06
706 2e-06
707 1.96193e-06
708 1.16193e-06
709 2.4e-06
710 1.6e-06
711 1.56193e-06
712 2.36193e-06
713 3.6e-06
714 2.8e-06
715 2.8e-06
716 1.6e-06
717 4e-07
718 3.96193e-06
719 3.56193e-06
720 1.6e-06
721 8e-07
722 2.72749e-06
723 0
724 1.6e-06
725 3.16193e-06
726 3.2e-06
727 1.2e-06
728 2e-06
729 1.92387e-06
730 2e-06
731 3.2e-06
732 1.6e-06
733 2.8e-06
734 1.92387e-06
735 3.12387e-06
736 1.6e-06
737 2.32749e-06
738 1.96193e-06
739 2.36193e-06
740 1.6e-06
741 1.6e-06
742 1.6e-06
743 1.2e-06
744 8e-07
745 2.8e-06
746 2.36193e-06
747 2e-06
748 1.6e-06
749 2e-06
750 2.76193e-06
751 2.4e-06
752 1.2e-06
753 1.6e-06
754 1.6e-06
755 2.4e-06
756 1.2e-06
757 8e-07
758 8e-07
759 2e-06
760 3.16193e-06
761 3.2e-06
762 1.6e-06
763 2.4e-06
764 2e-06
765 2e-06
766 1.16193e-06
767 1.56193e-06
768 1.56193e-06
769 1.6e-06
770 3.16193e-06
771 2.36193e-06
772 4.76193e-06
773 1.56193e-06
774 2e-06
775 2e-06
776 2e-06
777 1.2e-06
778 8e-07
779 2.4e-06
780 2.4e-06
781 2.8e-06
782 2e-06
783 2.4e-06
784 1.92749e-06
785 1.96193e-06
786 1.2e-06
787 2.36193e-06
788 2e-06
789 2.72387e-06
790 2e-06
791 3.56193e-06
792 2.4e-06
793 2e-06
794 8e-07
795 2.4e-06
796 4e-07
797 2e-06
798 1.92387e-06
799 2.8e-06
800 2.4e-06
801 4e-07
802 2.72387e-06
803 8e-07
804 4e-06
805 3.2e-06
806 2e-06
807 1.6e-06
808 2.4e-06
809 1.6e-06
810 8e-07
811 8e-07
812 2.76193e-06
813 2.76193e-06
814 7.61935e-07
815 2.4e-06
816 4e-06
817 2e-06
818 2e-06
819 8e-07
820 8e-07
821 1.56193e-06
822 8e-07
823 1.2e-06
824 2e-06
825 1.6e-06
826 1.2e-06
827 2e-06
828 8e-07
829 8e-07
830 2e-06
831 2.8e-06
832 1.2e-06
833 2.4e-06
834 4.76193e-06
835 2.8e-06
836 1.2e-06
837 2e-06
838 8e-07
839 4e-07
840 3.2e-06
841 2e-06
842 2e-06
843 1.6e-06
844 1.2e-06
845 4e-07
846 1.2e-06
847 2.36193e-06
848 2e-06
849 1.96193e-06
850 2e-06
851 1.2e-06
852 2.76193e-06
853 2e-06
854 1.6e-06
855 1.6e-06
856 2.8e-06
857 2.76193e-06
858 8e-07
859 4e-07
860 1.6e-06
861 2.4e-06
862 1.2e-06
863 2.36193e-06
864 2.76193e-06
865 2.8e-06
866 4e-07
867 4e-06
868 2.4e-06
869 2.8e-06
870 1.2e-06
871 1.6e-06
872 1.6e-06
873 4e-06
874 8e-07
875 2e-06
876 2.4e-06
877 1.2e-06
878 1.6e-06
879 1.2e-06
880 1.6e-06
881 1.6e-06
882 2.8e-06
883 2e-06
884 2e-06
885 1.16193e-06
886 1.6e-06
887 1.56193e-06
888 2.4e-06
889 2e-06
890 2.36193e-06
891 3.16193e-06
892 8e-07
893 2.4e-06
894 3.56193e-06
895 1.16193e-06
896 1.6e-06
897 2e-06
898 4e-07
899 2.8e-06
900 4e-07
901 3.16193e-06
902 1.2e-06
903 2.4e-06
904 1.96193e-06
905 1.6e-06
906 7.61935e-07
907 1.6e-06
908 1.2e-06
909 2.4e-06
910 4.4e-06
911 1.2e-06
912 8e-07
913 2e-06
914 8e-07
915 1.2e-06
916 2e-06
917 1.6e-06
918 8e-07
919 8e-07
920 1.56193e-06
921 2.36193e-06
922 1.2e-06
923 8e-07
924 1.2e-06
925 2.4e-06
926 2.4e-06
927 1.2e-06
928 1.16193e-06
929 1.6e-06
930 1.2e-06
931 1.2e-06
932 1.16193e-06
933 2e-06
934 1.56193e-06
935 8e-07
936 2.4e-06
937 2e-06
938 1.6e-06
939 2.4e-06
940 1.2e-06
941 1.6e-06
942 1.96193e-06
943 1.16193e-06
944 1.6e-06
945 4e-07
946 4e-07
947 1.2e-06
948 2.4e-06
949 1.6e-06
950 1.6e-06
951 8e-07
952 2.36193e-06
953 8e-07
954 1.2e-06
955 2.36193e-06
956 8e-07
957 1.6e-06
958 3.2e-06
959 1.92387e-06
960 7.61935e-07
961 4e-07
962 2.4e-06
963 8e-07
964 3.61935e-07
965 1.16193e-06
966 1.16193e-06
967 1.6e-06
968 8e-07
969 1.56193e-06
970 1.2e-06
971 2e-06
972 1.2e-06
973 2.4e-06
974 1.2e-06
975 2.8e-06
976 1.2e-06
977 1.16193e-06
978 8e-07
979 3.16193e-06
980 1.16193e-06
981 2e-06
982 8e-07
983 4e-07
984 2.4e-06
985 1.6e-06
986 2.8e-06
987 1.6e-06
988 2.8e-06
989 3.56193e-06
990 1.16193e-06
991 0
992 3.2e-06
993 2.8e-06
994 2.36193e-06
995 1.2e-06
996 2e-06
997 1.96193e-06
998 1.2e-06
999 0
