c alpha coal T x0 cdf cdfLow cdfHigh
1 1 0.001 1 0 0 0 0
1 1 0.001 2.71828 0 0.000448993 0.000442598 0.000455289
1 1 0.001 7.38906 0 0.000796627 0.000786239 0.000807211
1 1 0.001 20.0855 0 0.00113342 0.00111907 0.00114761
1 1 0.001 54.5982 0 0.00145533 0.0014377 0.00147269
1 1 0.001 148.413 0 0.001765 0.00174433 0.0017857
1 1 0.001 403.429 0 0.00208974 0.00206442 0.00211449
1 1 0.001 1096.63 0 0.00240826 0.00238061 0.00243659
1 1 0.001 2980.96 0 0.00271747 0.00268686 0.00274952
1 1 0.001 8103.08 0 0.00304299 0.00300835 0.00307736
1 1 0.001 22026.5 0 0.0033425 0.00330425 0.00338034
1 1 0.001 59874.1 0 0.00366548 0.00362421 0.00370637
1 1 0.001 162755 0 0.00398848 0.00394373 0.00403131
1 1 0.001 442413 0 0.00431028 0.00426395 0.00435837
1 1 0.001 1.2026e+06 0 0.0046401 0.00458817 0.00468995
1 1 0.01 1 0 0 0 0
1 1 0.01 2.71828 0 0.00446247 0.00439826 0.00452574
1 1 0.01 7.38906 0 0.00788841 0.00778268 0.00798991
1 1 0.01 20.0855 0 0.0111853 0.0110448 0.0113255
1 1 0.01 54.5982 0 0.0143173 0.0141442 0.0144924
1 1 0.01 148.413 0 0.017315 0.0171117 0.0175155
1 1 0.01 403.429 0 0.0204348 0.0201989 0.0206708
1 1 0.01 1096.63 0 0.0234753 0.023211 0.0237437
1 1 0.01 2980.96 0 0.0264139 0.0261217 0.026708
1 1 0.01 8103.08 0 0.0294909 0.0291617 0.0298197
1 1 0.01 22026.5 0 0.0323077 0.0319492 0.0326647
1 1 0.01 59874.1 0 0.0353238 0.0349392 0.0357105
1 1 0.01 162755 0 0.0383335 0.0379228 0.0387496
1 1 0.01 442413 0 0.0413149 0.0408698 0.0417518
1 1 0.01 1.2026e+06 0 0.044348 0.0438913 0.0448148
1 1 0.1 1 0 0 0 0
1 1 0.1 2.71828 0 0.0420122 0.0414276 0.0426008
1 1 0.1 7.38906 0 0.0717658 0.0708495 0.0726509
1 1 0.1 20.0855 0 0.0987282 0.0975798 0.0998817
1 1 0.1 54.5982 0 0.123025 0.121668 0.12436
1 1 0.1 148.413 0 0.145332 0.143828 0.146863
1 1 0.1 403.429 0 0.167112 0.165415 0.168809
1 1 0.1 1096.63 0 0.187399 0.185564 0.189167
1 1 0.1 2980.96 0 0.206482 0.204552 0.208424
1 1 0.1 8103.08 0 0.225499 0.223421 0.227554
1 1 0.1 22026.5 0 0.242235 0.240057 0.244351
1 1 0.1 59874.1 0 0.259287 0.257053 0.2615
1 1 0.1 162755 0 0.275989 0.273612 0.278327
1 1 0.1 442413 0 0.292011 0.289657 0.294451
1 1 0.1 1.2026e+06 0 0.307556 0.305095 0.310008
1 1 1 1 0 0 0 0
1 1 1 2.71828 0 0.251167 0.247906 0.254503
1 1 1 7.38906 0 0.358612 0.354737 0.362422
1 1 1 20.0855 0 0.435207 0.431145 0.439233
1 1 1 54.5982 0 0.492971 0.488868 0.497048
1 1 1 148.413 0 0.540493 0.536426 0.54447
1 1 1 403.429 0 0.578064 0.573992 0.582209
1 1 1 1096.63 0 0.610331 0.606291 0.614299
1 1 1 2980.96 0 0.639129 0.635307 0.643161
1 1 1 8103.08 0 0.664541 0.66065 0.668468
1 1 1 22026.5 0 0.685126 0.681161 0.689009
1 1 1 59874.1 0 0.702602 0.698794 0.706378
1 1 1 162755 0 0.72035 0.716611 0.724158
1 1 1 442413 0 0.737 0.733339 0.740635
1 1 1 1.2026e+06 0 0.750685 0.747099 0.75419
c alpha coal T x0 cdf cdfLow cdfHigh
5 1.25 0.01 1 0 0 0 0
5 1.25 0.01 1.64872 0 0.00059104 0.000567159 0.000613925
5 1.25 0.01 2.71828 0 0.000928999 0.000899119 0.000958869
5 1.25 0.01 4.48169 0 0.00139063 0.00135268 0.00142829
5 1.25 0.01 7.38906 0 0.00182891 0.00178437 0.00187342
5 1.25 0.01 12.1825 0 0.00230476 0.00225275 0.00235567
5 1.25 0.01 20.0855 0 0.0027972 0.00274154 0.00285477
5 1.25 0.01 33.1155 0 0.00336193 0.00329681 0.00342537
5 1.25 0.01 54.5982 0 0.00398257 0.00391151 0.0040553
5 1.25 0.01 90.0171 0 0.00466743 0.00458839 0.00474654
5 1.25 0.01 148.413 0 0.00539223 0.00530446 0.00547754
5 1.25 0.01 244.692 0 0.00621181 0.00611618 0.00630999
5 1.25 0.01 403.429 0 0.00712388 0.00702023 0.00723275
5 1.25 0.01 665.142 0 0.00815202 0.00803268 0.00826787
5 1.25 0.01 1096.63 0 0.00931471 0.00918838 0.00944115
5 1.25 0.01 1808.04 0 0.0105346 0.0103913 0.0106717
5 1.25 0.01 2980.96 0 0.0119372 0.0117849 0.0120934
5 1.25 0.01 4914.77 0 0.0134546 0.0132837 0.0136218
5 1.25 0.01 8103.08 0 0.0150372 0.0148525 0.0152164
5 1.25 0.01 13359.7 0 0.0168558 0.0166515 0.0170558
5 1.25 0.01 22026.5 0 0.0189066 0.0186825 0.0191291
5 1.25 0.01 36315.5 0 0.0211369 0.0208943 0.0213807
5 1.25 0.01 59874.1 0 0.0235959 0.0233325 0.0238648
5 1.25 0.01 98715.8 0 0.026203 0.0259133 0.0264986
5 1.25 0.01 162755 0 0.029229 0.0289098 0.029542
5 1.25 0.01 268337 0 0.0325569 0.0322065 0.0329011
5 1.25 0.01 442413 0 0.035954 0.0355864 0.036329
5 1.25 0.01 729416 0 0.0398638 0.0394559 0.0402743
5 1.25 0.01 1.2026e+06 0 0.0440124 0.0435749 0.0444667
5 1.25 0.1 1 0 0 0 0
5 1.25 0.1 1.64872 0 0.00565266 0.00543378 0.00588105
5 1.25 0.1 2.71828 0 0.00885649 0.00857191 0.00914515
5 1.25 0.1 4.48169 0 0.013186 0.0128224 0.013548
5 1.25 0.1 7.38906 0 0.0172555 0.0168377 0.0176795
5 1.25 0.1 12.1825 0 0.0216666 0.021198 0.0221545
5 1.25 0.1 20.0855 0 0.0262103 0.0256907 0.0267467
5 1.25 0.1 33.1155 0 0.0313402 0.030767 0.0319243
5 1.25 0.1 54.5982 0 0.0369456 0.0362922 0.0375744
5 1.25 0.1 90.0171 0 0.0430535 0.0423577 0.0437783
5 1.25 0.1 148.413 0 0.0494781 0.0487115 0.0502285
5 1.25 0.1 244.692 0 0.056615 0.0557949 0.0574491
5 1.25 0.1 403.429 0 0.0644104 0.0635079 0.0653117
5 1.25 0.1 665.142 0 0.0731512 0.0721658 0.0741364
5 1.25 0.1 1096.63 0 0.0827731 0.0816941 0.0838346
5 1.25 0.1 1808.04 0 0.0928345 0.0916381 0.0939738
5 1.25 0.1 2980.96 0 0.104086 0.102836 0.105306
5 1.25 0.1 4914.77 0 0.115899 0.114611 0.117255
5 1.25 0.1 8103.08 0 0.128028 0.12659 0.129427
5 1.25 0.1 13359.7 0 0.141505 0.13999 0.143007
5 1.25 0.1 22026.5 0 0.15639 0.154771 0.158057
5 1.25 0.1 36315.5 0 0.172071 0.170344 0.173822
5 1.25 0.1 59874.1 0 0.188766 0.186957 0.190599
5 1.25 0.1 98715.8 0 0.206048 0.204123 0.207996
5 1.25 0.1 162755 0 0.225343 0.22329 0.2274
5 1.25 0.1 268337 0 0.245491 0.24336 0.24757
5 1.25 0.1 442413 0 0.265288 0.263127 0.267541
5 1.25 0.1 729416 0 0.286663 0.284263 0.289011
5 1.25 0.1 1.2026e+06 0 0.308469 0.306011 0.31088
5 1.25 1 1 0 0 0 0
5 1.25 1 2.71828 0 0.0576415 0.0558185 0.0594311
5 1.25 1 7.38906 0 0.105504 0.103078 0.107964
5 1.25 1 20.0855 0 0.154261 0.151436 0.157143
5 1.25 1 54.5982 0 0.206073 0.202869 0.209333
5 1.25 1 148.413 0 0.260718 0.257131 0.264278
5 1.25 1 403.429 0 0.317167 0.313445 0.320893
5 1.25 1 1096.63 0 0.37789 0.374061 0.381906
5 1.25 1 2980.96 0 0.439687 0.435602 0.443813
5 1.25 1 8103.08 0 0.49884 0.494651 0.503074
5 1.25 1 22026.5 0 0.556257 0.55214 0.560404
5 1.25 1 59874.1 0 0.611676 0.607624 0.615769
5 1.25 1 162755 0 0.663083 0.659115 0.667158
5 1.25 1 442413 0 0.709364 0.705552 0.713058
5 1.25 1 1.2026e+06 0 0.749068 0.745419 0.752773
5 1.45 0.01 1 0 0 0 0
5 1.45 0.01 1.64872 0 0.00058905 0.000565169 0.00061293
5 1.45 0.01 2.71828 0 0.000928004 0.000898183 0.000956859
5 1.45 0.01 4.48169 0 0.00135514 0.00131744 0.00139274
5 1.45 0.01 7.38906 0 0.00189597 0.00185134 0.00194079
5 1.45 0.01 12.1825 0 0.00250261 0.00245105 0.00255608
5 1.45 0.01 20.0855 0 0.00316123 0.00310016 0.00322084
5 1.45 0.01 33.1155 0 0.00392561 0.00385821 0.00399607
5 1.45 0.01 54.5982 0 0.00484673 0.00476689 0.00492509
5 1.45 0.01 90.0171 0 0.0059639 0.00587214 0.00605514
5 1.45 0.01 148.413 0 0.0071649 0.00706295 0.00726779
5 1.45 0.01 244.692 0 0.00861009 0.00849288 0.00873284
5 1.45 0.01 403.429 0 0.0103046 0.0101661 0.0104414
5 1.45 0.01 665.142 0 0.012305 0.0121549 0.0124571
5 1.45 0.01 1096.63 0 0.0146412 0.0144665 0.0148152
5 1.45 0.01 1808.04 0 0.0174104 0.0172137 0.0176081
5 1.45 0.01 2980.96 0 0.0204277 0.0202077 0.0206466
5 1.45 0.01 4914.77 0 0.0241073 0.0238564 0.0243579
5 1.45 0.01 8103.08 0 0.0281937 0.0278977 0.028478
5 1.45 0.01 13359.7 0 0.0330943 0.0327749 0.0334285
5 1.45 0.01 22026.5 0 0.038635 0.0382682 0.0390062
5 1.45 0.01 36315.5 0 0.0448966 0.044465 0.0453133
5 1.45 0.01 59874.1 0 0.0523633 0.0518775 0.0528537
5 1.45 0.01 98715.8 0 0.0606435 0.0600868 0.0611922
5 1.45 0.01 162755 0 0.0703867 0.0697617 0.0710056
5 1.45 0.01 268337 0 0.0815348 0.0808091 0.0822621
5 1.45 0.01 442413 0 0.0938704 0.0930467 0.0946844
5 1.45 0.01 729416 0 0.108271 0.107333 0.109191
5 1.45 0.01 1.2026e+06 0 0.124676 0.123622 0.125739
5 1.45 0.1 1 0 0 0 0
5 1.45 0.1 1.64872 0 0.00563362 0.00540523 0.0058525
5 1.45 0.1 2.71828 0 0.00884697 0.00856511 0.00913246
5 1.45 0.1 4.48169 0 0.0128735 0.0125236 0.0132218
5 1.45 0.1 7.38906 0 0.0179283 0.0174953 0.0183564
5 1.45 0.1 12.1825 0 0.0235446 0.0230562 0.0240293
5 1.45 0.1 20.0855 0 0.0295991 0.0290502 0.0301542
5 1.45 0.1 33.1155 0 0.0365322 0.0359135 0.0371639
5 1.45 0.1 54.5982 0 0.0447793 0.0440695 0.0454749
5 1.45 0.1 90.0171 0 0.0546061 0.0537846 0.0553977
5 1.45 0.1 148.413 0 0.0649598 0.0640498 0.0658579
5 1.45 0.1 244.692 0 0.0771802 0.0761584 0.078175
5 1.45 0.1 403.429 0 0.0912598 0.0901486 0.0923967
5 1.45 0.1 665.142 0 0.10755 0.106349 0.108785
5 1.45 0.1 1096.63 0 0.12595 0.124589 0.127297
5 1.45 0.1 1808.04 0 0.147011 0.14549 0.148474
5 1.45 0.1 2980.96 0 0.168863 0.167219 0.170487
5 1.45 0.1 4914.77 0 0.194677 0.192919 0.196442
5 1.45 0.1 8103.08 0 0.221765 0.219773 0.223684
5 1.45 0.1 13359.7 0 0.252394 0.250315 0.254495
5 1.45 0.1 22026.5 0 0.284881 0.282663 0.287199
5 1.45 0.1 36315.5 0 0.318536 0.316117 0.320935
5 1.45 0.1 59874.1 0 0.355445 0.352858 0.358037
5 1.45 0.1 98715.8 0 0.392734 0.390063 0.395432
5 1.45 0.1 162755 0 0.431283 0.428529 0.434016
5 1.45 0.1 268337 0 0.47129 0.468457 0.474164
5 1.45 0.1 442413 0 0.510554 0.507507 0.513568
5 1.45 0.1 729416 0 0.551372 0.5483 0.554407
5 1.45 0.1 1.2026e+06 0 0.592995 0.589983 0.59597
5 1.45 1 1 0 0 0 0
5 1.45 1 2.71828 0 0.0575783 0.0557452 0.0594413
5 1.45 1 7.38906 0 0.11106 0.108495 0.113443
5 1.45 1 20.0855 0 0.173038 0.170074 0.176111
5 1.45 1 54.5982 0 0.243904 0.240488 0.247329
5 1.45 1 148.413 0 0.32319 0.319388 0.326839
5 1.45 1 403.429 0 0.408971 0.404781 0.412934
5 1.45 1 1096.63 0 0.503158 0.498936 0.507292
5 1.45 1 2980.96 0 0.590028 0.585917 0.594057
5 1.45 1 8103.08 0 0.670175 0.666383 0.674105
5 1.45 1 22026.5 0 0.742658 0.739008 0.746301
5 1.45 1 59874.1 0 0.798298 0.794893 0.801688
5 1.45 1 162755 0 0.844979 0.842011 0.848093
5 1.45 1 442413 0 0.881332 0.878627 0.884014
5 1.45 1 1.2026e+06 0 0.913224 0.910841 0.915608
5 1.65 0.01 1 0 0 0 0
5 1.65 0.01 1.64872 0 0.00058507 0.000562184 0.00060895
5 1.65 0.01 2.71828 0 0.00093293 0.000902114 0.000963676
5 1.65 0.01 4.48169 0 0.00144158 0.00140295 0.00148024
5 1.65 0.01 7.38906 0 0.00197069 0.00192583 0.0020153
5 1.65 0.01 12.1825 0 0.00266278 0.00260881 0.00271625
5 1.65 0.01 20.0855 0 0.00350496 0.00344075 0.00356999
5 1.65 0.01 33.1155 0 0.00453421 0.00446052 0.00460813
5 1.65 0.01 54.5982 0 0.00577668 0.00569026 0.00586137
5 1.65 0.01 90.0171 0 0.00729219 0.00719303 0.00739381
5 1.65 0.01 148.413 0 0.00906413 0.00894698 0.00918582
5 1.65 0.01 244.692 0 0.0113097 0.0111711 0.0114517
5 1.65 0.01 403.429 0 0.0138881 0.0137292 0.014048
5 1.65 0.01 665.142 0 0.0168476 0.0166602 0.0170326
5 1.65 0.01 1096.63 0 0.0209753 0.0207606 0.0211977
5 1.65 0.01 1808.04 0 0.0258917 0.0256414 0.026159
5 1.65 0.01 2980.96 0 0.0317325 0.0314264 0.0320446
5 1.65 0.01 4914.77 0 0.0386112 0.0382573 0.0389648
5 1.65 0.01 8103.08 0 0.0468075 0.0463873 0.0472252
5 1.65 0.01 13359.7 0 0.0567473 0.0562455 0.0572438
5 1.65 0.01 22026.5 0 0.0685084 0.0679392 0.0690978
5 1.65 0.01 36315.5 0 0.0825174 0.081827 0.0832156
5 1.65 0.01 59874.1 0 0.0987082 0.0978795 0.0995159
5 1.65 0.01 98715.8 0 0.118345 0.117387 0.119303
5 1.65 0.01 162755 0 0.141068 0.139929 0.142162
5 1.65 0.01 268337 0 0.167046 0.165756 0.168315
5 1.65 0.01 442413 0 0.196721 0.195288 0.198138
5 1.65 0.01 729416 0 0.231144 0.229529 0.232831
5 1.65 0.01 1.2026e+06 0 0.269394 0.26756 0.27127
5 1.65 0.1 1 0 0 0 0
5 1.65 0.1 1.64872 0 0.00559556 0.00536717 0.00581443
5 1.65 0.1 2.71828 0 0.00889003 0.00860136 0.00918095
5 1.65 0.1 4.48169 0 0.0136896 0.01333 0.0140488
5 1.65 0.1 7.38906 0 0.0186507 0.0182321 0.0190847
5 1.65 0.1 12.1825 0 0.0250735 0.0245804 0.0255576
5 1.65 0.1 20.0855 0 0.0327641 0.0321645 0.0333303
5 1.65 0.1 33.1155 0 0.0420907 0.0414125 0.0427693
5 1.65 0.1 54.5982 0 0.0531756 0.0523999 0.053933
5 1.65 0.1 90.0171 0 0.0663801 0.0654909 0.0672594
5 1.65 0.1 148.413 0 0.0814395 0.0804535 0.0824752
5 1.65 0.1 244.692 0 0.099982 0.0988431 0.101118
5 1.65 0.1 403.429 0 0.120723 0.119441 0.121992
5 1.65 0.1 665.142 0 0.14358 0.142165 0.145042
5 1.65 0.1 1096.63 0 0.174089 0.172471 0.175735
5 1.65 0.1 1808.04 0 0.208202 0.206428 0.210045
5 1.65 0.1 2980.96 0 0.245792 0.243811 0.247821
5 1.65 0.1 4914.77 0 0.287122 0.284924 0.289308
5 1.65 0.1 8103.08 0 0.331752 0.329373 0.334102
5 1.65 0.1 13359.7 0 0.380152 0.377566 0.382725
5 1.65 0.1 22026.5 0 0.430228 0.427542 0.432952
5 1.65 0.1 36315.5 0 0.481972 0.479128 0.484875
5 1.65 0.1 59874.1 0 0.533445 0.530483 0.536432
5 1.65 0.1 98715.8 0 0.585514 0.582486 0.588558
5 1.65 0.1 162755 0 0.635938 0.632951 0.638975
5 1.65 0.1 268337 0 0.683193 0.68027 0.686163
5 1.65 0.1 442413 0 0.726812 0.723852 0.729677
5 1.65 0.1 729416 0 0.767158 0.764365 0.769891
5 1.65 0.1 1.2026e+06 0 0.801404 0.798708 0.80412
5 1.65 1 1 0 0 0 0
5 1.65 1 2.71828 0 0.0576946 0.0558316 0.0595212
5 1.65 1 7.38906 0 0.116074 0.113544 0.118552
5 1.65 1 20.0855 0 0.189821 0.186728 0.192986
5 1.65 1 54.5982 0 0.283784 0.280212 0.28738
5 1.65 1 148.413 0 0.386765 0.382788 0.390724
5 1.65 1 403.429 0 0.499871 0.495918 0.504002
5 1.65 1 1096.63 0 0.610267 0.606243 0.614264
5 1.65 1 2980.96 0 0.709883 0.706097 0.713621
5 1.65 1 8103.08 0 0.791414 0.788094 0.794811
5 1.65 1 22026.5 0 0.850928 0.847979 0.853919
5 1.65 1 59874.1 0 0.89475 0.892154 0.897329
5 1.65 1 162755 0 0.927678 0.925482 0.929877
5 1.65 1 442413 0 0.950329 0.94846 0.952158
5 1.65 1 1.2026e+06 0 0.965927 0.964383 0.967444
5 1.85 0.01 1 0 0 0 0
5 1.85 0.01 1.64872 0 0.000578105 0.000555219 0.00060099
5 1.85 0.01 2.71828 0 0.000990641 0.00095881 0.00102142
5 1.85 0.01 4.48169 0 0.00156282 0.00152318 0.00160262
5 1.85 0.01 7.38906 0 0.00219708 0.00214956 0.00224359
5 1.85 0.01 12.1825 0 0.00304171 0.0029859 0.00309786
5 1.85 0.01 20.0855 0 0.0040751 0.00400698 0.00414389
5 1.85 0.01 33.1155 0 0.00530751 0.00522747 0.00538797
5 1.85 0.01 54.5982 0 0.00689347 0.00680043 0.00698952
5 1.85 0.01 90.0171 0 0.00899144 0.00887794 0.0091019
5 1.85 0.01 148.413 0 0.0115183 0.0113819 0.0116551
5 1.85 0.01 244.692 0 0.0146444 0.0144823 0.0148076
5 1.85 0.01 403.429 0 0.0185983 0.0184128 0.0187874
5 1.85 0.01 665.142 0 0.0233904 0.0231613 0.0236149
5 1.85 0.01 1096.63 0 0.0293951 0.0291203 0.0296673
5 1.85 0.01 1808.04 0 0.0367994 0.0364752 0.0371286
5 1.85 0.01 2980.96 0 0.0462177 0.0458159 0.046624
5 1.85 0.01 4914.77 0 0.0577381 0.0572599 0.0582138
5 1.85 0.01 8103.08 0 0.0719425 0.07136 0.0725234
5 1.85 0.01 13359.7 0 0.0892876 0.0885679 0.0900059
5 1.85 0.01 22026.5 0 0.110621 0.109756 0.111461
5 1.85 0.01 36315.5 0 0.136281 0.135313 0.137295
5 1.85 0.01 59874.1 0 0.166784 0.165558 0.167953
5 1.85 0.01 98715.8 0 0.202834 0.20143 0.20424
5 1.85 0.01 162755 0 0.244178 0.242575 0.245813
5 1.85 0.01 268337 0 0.29125 0.289368 0.293132
5 1.85 0.01 442413 0 0.344557 0.342418 0.346681
5 1.85 0.01 729416 0 0.402279 0.399933 0.40461
5 1.85 0.01 1.2026e+06 0 0.462329 0.459839 0.464857
5 1.85 0.1 1 0 0 0 0
5 1.85 0.1 1.64872 0 0.00552895 0.00531007 0.00574782
5 1.85 0.1 2.71828 0 0.00944197 0.00914198 0.00972927
5 1.85 0.1 4.48169 0 0.0148369 0.0144706 0.015221
5 1.85 0.1 7.38906 0 0.0207776 0.0203467 0.0212242
5 1.85 0.1 12.1825 0 0.0286037 0.0280845 0.0291244
5 1.85 0.1 20.0855 0 0.038057 0.0374572 0.0386811
5 1.85 0.1 33.1155 0 0.049109 0.0483981 0.0498429
5 1.85 0.1 54.5982 0 0.06311 0.0622803 0.0639148
5 1.85 0.1 90.0171 0 0.0811607 0.0801747 0.082135
5 1.85 0.1 148.413 0 0.102242 0.101104 0.103366
5 1.85 0.1 244.692 0 0.127348 0.12606 0.128635
5 1.85 0.1 403.429 0 0.15771 0.156242 0.159169
5 1.85 0.1 665.142 0 0.192409 0.190753 0.19411
5 1.85 0.1 1096.63 0 0.233103 0.231243 0.235001
5 1.85 0.1 1808.04 0 0.278941 0.276796 0.281041
5 1.85 0.1 2980.96 0 0.331827 0.329511 0.334124
5 1.85 0.1 4914.77 0 0.389202 0.386695 0.391723
5 1.85 0.1 8103.08 0 0.450154 0.447398 0.452811
5 1.85 0.1 13359.7 0 0.512741 0.509895 0.515534
5 1.85 0.1 22026.5 0 0.575254 0.572291 0.578195
5 1.85 0.1 36315.5 0 0.636509 0.63364 0.639454
5 1.85 0.1 59874.1 0 0.693872 0.691011 0.696774
5 1.85 0.1 98715.8 0 0.745013 0.742244 0.747812
5 1.85 0.1 162755 0 0.788829 0.786161 0.791558
5 1.85 0.1 268337 0 0.827988 0.825466 0.830446
5 1.85 0.1 442413 0 0.860596 0.858257 0.862986
5 1.85 0.1 729416 0 0.888021 0.885857 0.89022
5 1.85 0.1 1.2026e+06 0 0.910703 0.908743 0.912669
5 1.85 1 1 0 0 0 0
5 1.85 1 2.71828 0 0.0613609 0.0594776 0.06329
5 1.85 1 7.38906 0 0.128771 0.126106 0.131351
5 1.85 1 20.0855 0 0.21927 0.216008 0.22249
5 1.85 1 54.5982 0 0.32676 0.323034 0.330502
5 1.85 1 148.413 0 0.456531 0.452579 0.460513
5 1.85 1 403.429 0 0.585039 0.581007 0.58908
5 1.85 1 1096.63 0 0.703241 0.699433 0.707012
5 1.85 1 2980.96 0 0.797604 0.79429 0.800863
5 1.85 1 8103.08 0 0.865145 0.862206 0.867931
5 1.85 1 22026.5 0 0.910438 0.908003 0.912856
5 1.85 1 59874.1 0 0.944581 0.942624 0.946477
5 1.85 1 162755 0 0.963643 0.96206 0.965249
5 1.85 1 442413 0 0.976632 0.975335 0.977928
5 1.85 1 1.2026e+06 0 0.986013 0.985026 0.987027
5 2.05 0.01 1 0 0 0 0
5 2.05 0.01 1.64872 0 0.00522284 0.00517409 0.0052716
5 2.05 0.01 2.71828 0 0.00851566 0.00843796 0.00859359
5 2.05 0.01 4.48169 0 0.0130017 0.0128857 0.0131201
5 2.05 0.01 7.38906 0 0.0175603 0.0174008 0.0177235
5 2.05 0.01 12.1825 0 0.0227631 0.0225519 0.0229742
5 2.05 0.01 20.0855 0 0.028587 0.0283278 0.0288338
5 2.05 0.01 33.1155 0 0.0351858 0.0348747 0.0355108
5 2.05 0.01 54.5982 0 0.0429167 0.0425389 0.0432894
5 2.05 0.01 90.0171 0 0.052446 0.0519881 0.0528972
5 2.05 0.01 148.413 0 0.0634153 0.0628707 0.0639586
5 2.05 0.01 244.692 0 0.0763124 0.0756831 0.0769582
5 2.05 0.01 403.429 0 0.0917416 0.0909811 0.0925
5 2.05 0.01 665.142 0 0.110302 0.109453 0.111192
5 2.05 0.01 1096.63 0 0.133166 0.132159 0.134174
5 2.05 0.01 1808.04 0 0.159701 0.15851 0.160884
5 2.05 0.01 2980.96 0 0.191265 0.189877 0.192624
5 2.05 0.01 4914.77 0 0.229211 0.227585 0.230798
5 2.05 0.01 8103.08 0 0.271529 0.269737 0.273317
5 2.05 0.01 13359.7 0 0.318421 0.316351 0.320388
5 2.05 0.01 22026.5 0 0.372397 0.370153 0.374703
5 2.05 0.01 36315.5 0 0.42888 0.426399 0.431307
5 2.05 0.01 59874.1 0 0.487727 0.485148 0.490404
5 2.05 0.01 98715.8 0 0.546275 0.54354 0.549067
5 2.05 0.01 162755 0 0.607196 0.60439 0.609973
5 2.05 0.01 268337 0 0.66443 0.661589 0.667262
5 2.05 0.01 442413 0 0.71763 0.714863 0.720366
5 2.05 0.01 729416 0 0.765268 0.76265 0.767898
5 2.05 0.01 1.2026e+06 0 0.808259 0.805715 0.810824
5 2.05 0.1 1 0 0 0 0
5 2.05 0.1 1.64872 0 0.0499508 0.049475 0.0504362
5 2.05 0.1 2.71828 0 0.0794313 0.0787012 0.0801274
5 2.05 0.1 4.48169 0 0.117101 0.116071 0.118119
5 2.05 0.1 7.38906 0 0.152633 0.151314 0.153915
5 2.05 0.1 12.1825 0 0.190132 0.18855 0.191697
5 2.05 0.1 20.0855 0 0.229239 0.227446 0.231051
5 2.05 0.1 33.1155 0 0.270048 0.268042 0.272081
5 2.05 0.1 54.5982 0 0.313862 0.311593 0.316107
5 2.05 0.1 90.0171 0 0.361972 0.359477 0.364403
5 2.05 0.1 148.413 0 0.411478 0.408773 0.414094
5 2.05 0.1 244.692 0 0.463024 0.460251 0.465744
5 2.05 0.1 403.429 0 0.515264 0.512343 0.518116
5 2.05 0.1 665.142 0 0.570282 0.567365 0.57318
5 2.05 0.1 1096.63 0 0.625021 0.622009 0.627997
5 2.05 0.1 1808.04 0 0.676166 0.673239 0.679115
5 2.05 0.1 2980.96 0 0.724987 0.72221 0.727791
5 2.05 0.1 4914.77 0 0.770463 0.767653 0.77315
5 2.05 0.1 8103.08 0 0.810516 0.807926 0.81308
5 2.05 0.1 13359.7 0 0.843445 0.841001 0.845983
5 2.05 0.1 22026.5 0 0.871734 0.869438 0.874005
5 2.05 0.1 36315.5 0 0.895237 0.89317 0.897343
5 2.05 0.1 59874.1 0 0.916629 0.914749 0.918509
5 2.05 0.1 98715.8 0 0.933384 0.931631 0.935134
5 2.05 0.1 162755 0 0.947584 0.946035 0.949159
5 2.05 0.1 268337 0 0.958127 0.956703 0.95954
5 2.05 0.1 442413 0 0.966433 0.965166 0.967709
5 2.05 0.1 729416 0 0.973238 0.972129 0.974368
5 2.05 0.1 1.2026e+06 0 0.979142 0.978145 0.980135
5 2.05 1 1 0 0 0 0
5 2.05 1 2.71828 0 0.443414 0.439874 0.447087
5 2.05 1 7.38906 0 0.60812 0.604274 0.611991
5 2.05 1 20.0855 0 0.709816 0.706172 0.713483
5 2.05 1 54.5982 0 0.787913 0.784647 0.791304
5 2.05 1 148.413 0 0.847617 0.844578 0.85056
5 2.05 1 403.429 0 0.894133 0.891604 0.89669
5 2.05 1 1096.63 0 0.928943 0.926757 0.931099
5 2.05 1 2980.96 0 0.953897 0.952154 0.955664
5 2.05 1 8103.08 0 0.970155 0.968731 0.97158
5 2.05 1 22026.5 0 0.98069 0.979536 0.98187
5 2.05 1 59874.1 0 0.98786 0.986925 0.988761
5 2.05 1 162755 0 0.993052 0.992376 0.993733
5 2.05 1 442413 0 0.996085 0.995593 0.996578
5 2.05 1 1.2026e+06 0 0.997837 0.997462 0.998217
c alpha coal T x0 cdf cdfLow cdfHigh
1 0.5 0.0001 1 0 0 0 0
1 0.5 0.0001 1.64872 0 3.32583e-05 3.25984e-05 3.39183e-05
1 0.5 0.0001 2.71828 0 4.60367e-05 4.50967e-05 4.69966e-05
1 0.5 0.0001 4.48169 0 5.56549e-05 5.4495e-05 5.68349e-05
1 0.5 0.0001 7.38906 0 6.09337e-05 5.96539e-05 6.23134e-05
1 0.5 0.0001 12.1825 0 6.4253e-05 6.28333e-05 6.56732e-05
1 0.5 0.0001 20.0855 0 6.62525e-05 6.48125e-05 6.77321e-05
1 0.5 0.0001 33.1155 0 6.72123e-05 6.57326e-05 6.8652e-05
1 0.5 0.0001 54.5982 0 6.78522e-05 6.63325e-05 6.9312e-05
1 0.5 0.0001 90.0171 0 6.8512e-05 6.70122e-05 7.00115e-05
1 0.5 0.0001 148.413 0 6.89119e-05 6.74122e-05 7.03719e-05
1 0.5 0.0001 244.692 0 6.90119e-05 6.74923e-05 7.05118e-05
1 0.5 0.0001 403.429 0 6.91319e-05 6.7652e-05 7.06513e-05
1 0.5 0.0001 665.142 0 6.92719e-05 6.77722e-05 7.0752e-05
1 0.5 0.0001 1096.63 0 6.93319e-05 6.7832e-05 7.08117e-05
1 0.5 0.0001 1808.04 0 6.93918e-05 6.78522e-05 7.08918e-05
1 0.5 0.0001 2980.96 0 6.93918e-05 6.78921e-05 7.08716e-05
1 0.5 0.0001 4914.77 0 6.93918e-05 6.78721e-05 7.08916e-05
1 0.5 0.0001 8103.08 0 6.93918e-05 6.79121e-05 7.08515e-05
1 0.5 0.0001 13359.7 0 6.93918e-05 6.7912e-05 7.09116e-05
1 0.5 0.0001 22026.5 0 6.93918e-05 6.78922e-05 7.09115e-05
1 0.5 0.0001 36315.5 0 6.93918e-05 6.78923e-05 7.09514e-05
1 0.5 0.0001 59874.1 0 6.93918e-05 6.78923e-05 7.09512e-05
1 0.5 0.0001 98715.8 0 6.93918e-05 6.78519e-05 7.09314e-05
1 0.5 0.0001 162755 0 6.93918e-05 6.78523e-05 7.08916e-05
1 0.5 0.0001 268337 0 6.93918e-05 6.79118e-05 7.08915e-05
1 0.5 0.0001 442413 0 6.93918e-05 6.79122e-05 7.08917e-05
1 0.5 0.0001 729416 0 6.93918e-05 6.78521e-05 7.08916e-05
1 0.5 0.0001 1.2026e+06 0 6.93918e-05 6.78522e-05 7.08712e-05
1 0.5 0.001 1 0 0 0 0
1 0.5 0.001 1.64872 0 0.000332434 0.000325637 0.000338831
1 0.5 0.001 2.71828 0 0.000460069 0.000450875 0.000469458
1 0.5 0.001 4.48169 0 0.000556092 0.00054391 0.000567684
1 0.5 0.001 7.38906 0 0.00060877 0.000595579 0.00062197
1 0.5 0.001 12.1825 0 0.000641896 0.000628299 0.000656272
1 0.5 0.001 20.0855 0 0.000661851 0.000647645 0.000676206
1 0.5 0.001 33.1155 0 0.000671431 0.000656648 0.000686017
1 0.5 0.001 54.5982 0 0.000677819 0.000663252 0.000692614
1 0.5 0.001 90.0171 0 0.000684403 0.000669033 0.000699574
1 0.5 0.001 148.413 0 0.000688394 0.00067344 0.000703713
1 0.5 0.001 244.692 0 0.000689392 0.000674246 0.000704197
1 0.5 0.001 403.429 0 0.000690589 0.000675024 0.00070577
1 0.5 0.001 665.142 0 0.000691987 0.000677196 0.000706987
1 0.5 0.001 1096.63 0 0.000692586 0.00067723 0.000707579
1 0.5 0.001 1808.04 0 0.000693185 0.00067782 0.000707949
1 0.5 0.001 2980.96 0 0.000693185 0.000678395 0.000708158
1 0.5 0.001 4914.77 0 0.000693185 0.000678037 0.000708375
1 0.5 0.001 8103.08 0 0.000693185 0.000678202 0.000708536
1 0.5 0.001 13359.7 0 0.000693185 0.000678209 0.000708159
1 0.5 0.001 22026.5 0 0.000693185 0.000678018 0.00070835
1 0.5 0.001 36315.5 0 0.000693185 0.000678205 0.000708371
1 0.5 0.001 59874.1 0 0.000693185 0.000679017 0.000708562
1 0.5 0.001 98715.8 0 0.000693185 0.000677801 0.000708529
1 0.5 0.001 162755 0 0.000693185 0.000678224 0.000707988
1 0.5 0.001 268337 0 0.000693185 0.000678204 0.000708755
1 0.5 0.001 442413 0 0.000693185 0.000677995 0.000708379
1 0.5 0.001 729416 0 0.000693185 0.000678402 0.000708564
1 0.5 0.001 1.2026e+06 0 0.000693185 0.000678008 0.00070817
1 0.5 0.01 1 0 0 0 0
1 0.5 0.01 1.64872 0 0.00330943 0.00324375 0.00337709
1 0.5 0.01 2.71828 0 0.00457106 0.00447758 0.00466419
1 0.5 0.01 4.48169 0 0.00551553 0.00539745 0.00563379
1 0.5 0.01 7.38906 0 0.00603153 0.00590416 0.00616351
1 0.5 0.01 12.1825 0 0.00635626 0.00621658 0.00649612
1 0.5 0.01 20.0855 0 0.00655186 0.00640609 0.00669183
1 0.5 0.01 33.1155 0 0.00664579 0.00649874 0.00679271
1 0.5 0.01 54.5982 0 0.00670865 0.00655833 0.00685297
1 0.5 0.01 90.0171 0 0.00677305 0.00662783 0.00691947
1 0.5 0.01 148.413 0 0.00681221 0.00666227 0.00695662
1 0.5 0.01 244.692 0 0.006822 0.00667436 0.00697131
1 0.5 0.01 403.429 0 0.00683374 0.0066846 0.00697961
1 0.5 0.01 665.142 0 0.00684746 0.00670134 0.00699504
1 0.5 0.01 1096.63 0 0.00685341 0.00670488 0.00700261
1 0.5 0.01 1808.04 0 0.00685932 0.00671171 0.00700491
1 0.5 0.01 2980.96 0 0.00685932 0.0067132 0.00700729
1 0.5 0.01 4914.77 0 0.00685932 0.00671202 0.00701099
1 0.5 0.01 8103.08 0 0.00685932 0.00671427 0.00701117
1 0.5 0.01 13359.7 0 0.00685932 0.00670849 0.00700744
1 0.5 0.01 22026.5 0 0.00685932 0.00670989 0.00700972
1 0.5 0.01 36315.5 0 0.00685932 0.00671028 0.00700301
1 0.5 0.01 59874.1 0 0.00685932 0.00670713 0.00700647
1 0.5 0.01 98715.8 0 0.00685932 0.00671112 0.00701065
1 0.5 0.01 162755 0 0.00685932 0.00670986 0.00700354
1 0.5 0.01 268337 0 0.00685932 0.00670867 0.00700486
1 0.5 0.01 442413 0 0.00685932 0.00671238 0.00700659
1 0.5 0.01 729416 0 0.00685932 0.00671128 0.00700557
1 0.5 0.01 1.2026e+06 0 0.00685932 0.00671428 0.00700555
1 0.5 0.1 1 0 0 0 0
1 0.5 0.1 1.64872 0 0.0316511 0.031023 0.0322601
1 0.5 0.1 2.71828 0 0.0428982 0.0420254 0.0437619
1 0.5 0.1 4.48169 0 0.0509369 0.0498841 0.0520043
1 0.5 0.1 7.38906 0 0.0551742 0.054058 0.0563286
1 0.5 0.1 12.1825 0 0.057864 0.0566378 0.0590534
1 0.5 0.1 20.0855 0 0.059486 0.0582298 0.0607024
1 0.5 0.1 33.1155 0 0.0602665 0.0590214 0.0614906
1 0.5 0.1 54.5982 0 0.0608062 0.0595872 0.062083
1 0.5 0.1 90.0171 0 0.0613318 0.0600514 0.062579
1 0.5 0.1 148.413 0 0.0616587 0.0604021 0.0629141
1 0.5 0.1 244.692 0 0.0617402 0.0604662 0.0630095
1 0.5 0.1 403.429 0 0.0618387 0.0605662 0.0631268
1 0.5 0.1 665.142 0 0.0619531 0.0606533 0.0631964
1 0.5 0.1 1096.63 0 0.0620083 0.0607146 0.0632946
1 0.5 0.1 1808.04 0 0.0620602 0.060801 0.0633261
1 0.5 0.1 2980.96 0 0.0620602 0.0608004 0.0633171
1 0.5 0.1 4914.77 0 0.0620602 0.0607954 0.0633132
1 0.5 0.1 8103.08 0 0.0620602 0.0607956 0.0633643
1 0.5 0.1 13359.7 0 0.0620602 0.0607706 0.0633184
1 0.5 0.1 22026.5 0 0.0620602 0.0608043 0.0633689
1 0.5 0.1 36315.5 0 0.0620602 0.0607963 0.0633279
1 0.5 0.1 59874.1 0 0.0620602 0.0607702 0.0632915
1 0.5 0.1 98715.8 0 0.0620602 0.0607999 0.0633261
1 0.5 0.1 162755 0 0.0620602 0.0607722 0.063381
1 0.5 0.1 268337 0 0.0620602 0.0607852 0.0633487
1 0.5 0.1 442413 0 0.0620602 0.0607832 0.0633223
1 0.5 0.1 729416 0 0.0620602 0.0608175 0.063341
1 0.5 0.1 1.2026e+06 0 0.0620602 0.0607854 0.0633346
1 0.5 1e-05 1 0 0 0 0
1 0.5 1e-05 1.64872 0 3.32598e-06 3.25798e-06 3.39198e-06
1 0.5 1e-05 2.71828 0 4.60397e-06 4.50997e-06 4.69797e-06
1 0.5 1e-05 4.48169 0 5.56595e-06 5.44595e-06 5.68595e-06
1 0.5 1e-05 7.38906 0 6.09394e-06 5.95994e-06 6.22393e-06
1 0.5 1e-05 12.1825 0 6.42593e-06 6.28593e-06 6.56593e-06
1 0.5 1e-05 20.0855 0 6.62593e-06 6.48393e-06 6.76992e-06
1 0.5 1e-05 33.1155 0 6.72192e-06 6.57593e-06 6.86992e-06
1 0.5 1e-05 54.5982 0 6.78592e-06 6.63992e-06 6.93392e-06
1 0.5 1e-05 90.0171 0 6.85192e-06 6.70192e-06 7.00192e-06
1 0.5 1e-05 148.413 0 6.89192e-06 6.74192e-06 7.04392e-06
1 0.5 1e-05 244.692 0 6.90192e-06 6.75392e-06 7.05391e-06
1 0.5 1e-05 403.429 0 6.91392e-06 6.76592e-06 7.06591e-06
1 0.5 1e-05 665.142 0 6.92792e-06 6.77792e-06 7.07392e-06
1 0.5 1e-05 1096.63 0 6.93392e-06 6.78392e-06 7.08191e-06
1 0.5 1e-05 1808.04 0 6.93992e-06 6.78992e-06 7.08992e-06
1 0.5 1e-05 2980.96 0 6.93992e-06 6.78992e-06 7.08992e-06
1 0.5 1e-05 4914.77 0 6.93992e-06 6.78792e-06 7.09192e-06
1 0.5 1e-05 8103.08 0 6.93992e-06 6.78992e-06 7.09192e-06
1 0.5 1e-05 13359.7 0 6.93992e-06 6.78992e-06 7.09192e-06
1 0.5 1e-05 22026.5 0 6.93992e-06 6.78392e-06 7.09191e-06
1 0.5 1e-05 36315.5 0 6.93992e-06 6.79392e-06 7.09191e-06
1 0.5 1e-05 59874.1 0 6.93992e-06 6.78592e-06 7.08992e-06
1 0.5 1e-05 98715.8 0 6.93992e-06 6.79192e-06 7.09392e-06
1 0.5 1e-05 162755 0 6.93992e-06 6.79392e-06 7.09391e-06
1 0.5 1e-05 268337 0 6.93992e-06 6.78592e-06 7.09191e-06
1 0.5 1e-05 442413 0 6.93992e-06 6.78992e-06 7.09191e-06
1 0.5 1e-05 729416 0 6.93992e-06 6.78792e-06 7.08991e-06
1 0.5 1e-05 1.2026e+06 0 6.93992e-06 6.78992e-06 7.09392e-06
1 0.75 0.0001 1 0 0 0 0
1 0.75 0.0001 1.64872 0 3.18784e-05 3.12184e-05 3.25384e-05
1 0.75 0.0001 2.71828 0 4.68967e-05 4.59368e-05 4.78366e-05
1 0.75 0.0001 4.48169 0 6.19142e-05 6.06742e-05 6.31341e-05
1 0.75 0.0001 7.38906 0 7.2612e-05 7.11321e-05 7.40318e-05
1 0.75 0.0001 12.1825 0 8.18099e-05 8.02101e-05 8.34297e-05
1 0.75 0.0001 20.0855 0 8.92682e-05 8.75488e-05 9.10279e-05
1 0.75 0.0001 33.1155 0 9.53268e-05 9.34873e-05 9.71863e-05
1 0.75 0.0001 54.5982 0 0.000100505 9.85458e-05 0.000102445
1 0.75 0.0001 90.0171 0 0.000105544 0.000103565 0.000107584
1 0.75 0.0001 148.413 0 0.000110363 0.000108243 0.000112462
1 0.75 0.0001 244.692 0 0.000113662 0.000111542 0.00011584
1 0.75 0.0001 403.429 0 0.000116321 0.000114141 0.00011854
1 0.75 0.0001 665.142 0 0.0001188 0.000116561 0.00012106
1 0.75 0.0001 1096.63 0 0.00012104 0.0001187 0.0001233
1 0.75 0.0001 1808.04 0 0.000122879 0.000120559 0.000125178
1 0.75 0.0001 2980.96 0 0.000124119 0.0001218 0.000126478
1 0.75 0.0001 4914.77 0 0.000125418 0.000123119 0.000127737
1 0.75 0.0001 8103.08 0 0.000126178 0.000123818 0.000128538
1 0.75 0.0001 13359.7 0 0.000126958 0.000124539 0.000129278
1 0.75 0.0001 22026.5 0 0.000128237 0.000125838 0.000130656
1 0.75 0.0001 36315.5 0 0.000128877 0.000126438 0.000131277
1 0.75 0.0001 59874.1 0 0.000129437 0.000127018 0.000131816
1 0.75 0.0001 98715.8 0 0.000130077 0.000127698 0.000132475
1 0.75 0.0001 162755 0 0.000130477 0.000128058 0.000132897
1 0.75 0.0001 268337 0 0.000130617 0.000128137 0.000133016
1 0.75 0.0001 442413 0 0.000130797 0.000128437 0.000133236
1 0.75 0.0001 729416 0 0.000131037 0.000128638 0.000133476
1 0.75 0.0001 1.2026e+06 0 0.000131257 0.000128857 0.000133736
1 0.75 0.001 1 0 0 0 0
1 0.75 0.001 1.64872 0 0.000318641 0.000312044 0.000325237
1 0.75 0.001 2.71828 0 0.000468667 0.000459274 0.000477863
1 0.75 0.001 4.48169 0 0.000618616 0.000606032 0.000630803
1 0.75 0.001 7.38906 0 0.000725397 0.000710639 0.000739978
1 0.75 0.001 12.1825 0 0.000817196 0.000801232 0.000833579
1 0.75 0.001 20.0855 0 0.000891625 0.000874052 0.000909182
1 0.75 0.001 33.1155 0 0.000952081 0.000933112 0.000970432
1 0.75 0.001 54.5982 0 0.00100373 0.000984004 0.00102289
1 0.75 0.001 90.0171 0 0.00105401 0.0010339 0.00107379
1 0.75 0.001 148.413 0 0.00110206 0.00108034 0.0011232
1 0.75 0.001 244.692 0 0.00113496 0.0011133 0.00115694
1 0.75 0.001 403.429 0 0.00116148 0.00113974 0.00118357
1 0.75 0.001 665.142 0 0.00118622 0.00116345 0.00120874
1 0.75 0.001 1096.63 0 0.00120856 0.00118565 0.00123168
1 0.75 0.001 1808.04 0 0.0012269 0.00120359 0.00125018
1 0.75 0.001 2980.96 0 0.00123927 0.00121573 0.00126264
1 0.75 0.001 4914.77 0 0.00125224 0.00122869 0.00127612
1 0.75 0.001 8103.08 0 0.00125982 0.00123646 0.00128299
1 0.75 0.001 13359.7 0 0.00126759 0.00124479 0.00129117
1 0.75 0.001 22026.5 0 0.00128035 0.00125621 0.00130393
1 0.75 0.001 36315.5 0 0.00128672 0.00126377 0.00131124
1 0.75 0.001 59874.1 0 0.00129231 0.00126798 0.00131666
1 0.75 0.001 98715.8 0 0.00129869 0.00127472 0.0013228
1 0.75 0.001 162755 0 0.00130268 0.00127806 0.00132625
1 0.75 0.001 268337 0 0.00130408 0.00128073 0.00132865
1 0.75 0.001 442413 0 0.00130587 0.0012818 0.00133003
1 0.75 0.001 729416 0 0.00130827 0.00128418 0.00133319
1 0.75 0.001 1.2026e+06 0 0.00131046 0.00128593 0.00133439
1 0.75 0.01 1 0 0 0 0
1 0.75 0.01 1.64872 0 0.00317211 0.00310843 0.00323778
1 0.75 0.01 2.71828 0 0.00465689 0.00456182 0.00474773
1 0.75 0.01 4.48169 0 0.00613405 0.00601169 0.00625574
1 0.75 0.01 7.38906 0 0.0071824 0.00703867 0.00732622
1 0.75 0.01 12.1825 0 0.00808258 0.00792202 0.00824247
1 0.75 0.01 20.0855 0 0.00881176 0.00864426 0.00898373
1 0.75 0.01 33.1155 0 0.00940362 0.00922412 0.0095856
1 0.75 0.01 54.5982 0 0.00990727 0.00971527 0.0100972
1 0.75 0.01 90.0171 0 0.010399 0.0101963 0.0106009
1 0.75 0.01 148.413 0 0.0108668 0.0106574 0.0110664
1 0.75 0.01 244.692 0 0.0111868 0.0109728 0.0113993
1 0.75 0.01 403.429 0 0.0114449 0.0112274 0.0116594
1 0.75 0.01 665.142 0 0.0116865 0.0114664 0.0119049
1 0.75 0.01 1096.63 0 0.0119052 0.0116844 0.012129
1 0.75 0.01 1808.04 0 0.012083 0.0118517 0.0123012
1 0.75 0.01 2980.96 0 0.0122041 0.0119794 0.0124332
1 0.75 0.01 4914.77 0 0.0123308 0.0121068 0.0125552
1 0.75 0.01 8103.08 0 0.0124053 0.0121779 0.0126276
1 0.75 0.01 13359.7 0 0.0124805 0.0122505 0.0127057
1 0.75 0.01 22026.5 0 0.012604 0.0123727 0.0128367
1 0.75 0.01 36315.5 0 0.0126657 0.0124389 0.0129023
1 0.75 0.01 59874.1 0 0.0127201 0.0124871 0.0129473
1 0.75 0.01 98715.8 0 0.0127827 0.0125538 0.0130138
1 0.75 0.01 162755 0 0.0128217 0.0125857 0.0130563
1 0.75 0.01 268337 0 0.0128355 0.012601 0.0130701
1 0.75 0.01 442413 0 0.012853 0.0126182 0.0130939
1 0.75 0.01 729416 0 0.0128762 0.0126426 0.0131117
1 0.75 0.01 1.2026e+06 0 0.0128976 0.0126571 0.0131342
1 0.75 0.1 1 0 0 0 0
1 0.75 0.1 1.64872 0 0.0303378 0.0297288 0.0309659
1 0.75 0.1 2.71828 0 0.0437401 0.0428891 0.044612
1 0.75 0.1 4.48169 0 0.0565076 0.0554108 0.0576241
1 0.75 0.1 7.38906 0 0.0652995 0.0640327 0.0665823
1 0.75 0.1 12.1825 0 0.0727792 0.0714086 0.0741662
1 0.75 0.1 20.0855 0 0.0787996 0.0773999 0.0802493
1 0.75 0.1 33.1155 0 0.083653 0.0820988 0.0852035
1 0.75 0.1 54.5982 0 0.0876523 0.0860666 0.0891645
1 0.75 0.1 90.0171 0 0.0916585 0.0900549 0.093251
1 0.75 0.1 148.413 0 0.095308 0.0936684 0.0969962
1 0.75 0.1 244.692 0 0.0977931 0.0960948 0.0994907
1 0.75 0.1 403.429 0 0.0998036 0.0980313 0.101522
1 0.75 0.1 665.142 0 0.101747 0.0999772 0.10345
1 0.75 0.1 1096.63 0 0.103534 0.10175 0.105348
1 0.75 0.1 1808.04 0 0.104878 0.103091 0.10667
1 0.75 0.1 2980.96 0 0.105876 0.104021 0.107648
1 0.75 0.1 4914.77 0 0.106897 0.10513 0.108691
1 0.75 0.1 8103.08 0 0.107525 0.105757 0.109315
1 0.75 0.1 13359.7 0 0.10808 0.106289 0.109867
1 0.75 0.1 22026.5 0 0.108993 0.107158 0.110818
1 0.75 0.1 36315.5 0 0.109456 0.107651 0.111254
1 0.75 0.1 59874.1 0 0.109888 0.108004 0.11172
1 0.75 0.1 98715.8 0 0.11041 0.10856 0.112275
1 0.75 0.1 162755 0 0.110723 0.108862 0.112562
1 0.75 0.1 268337 0 0.110843 0.109061 0.112702
1 0.75 0.1 442413 0 0.110981 0.10913 0.11281
1 0.75 0.1 729416 0 0.111154 0.109267 0.112995
1 0.75 0.1 1.2026e+06 0 0.111324 0.109496 0.113182
1 0.75 1e-05 1 0 0 0 0
1 0.75 1e-05 1.64872 0 3.18798e-06 3.12198e-06 3.25398e-06
1 0.75 1e-05 2.71828 0 4.68997e-06 4.59597e-06 4.78597e-06
1 0.75 1e-05 4.48169 0 6.19194e-06 6.06594e-06 6.31794e-06
1 0.75 1e-05 7.38906 0 7.26192e-06 7.11192e-06 7.40792e-06
1 0.75 1e-05 12.1825 0 8.1819e-06 8.01991e-06 8.3439e-06
1 0.75 1e-05 20.0855 0 8.92788e-06 8.75589e-06 9.10188e-06
1 0.75 1e-05 33.1155 0 9.53387e-06 9.34787e-06 9.71586e-06
1 0.75 1e-05 54.5982 0 1.00519e-05 9.86186e-06 1.02518e-05
1 0.75 1e-05 90.0171 0 1.05558e-05 1.03558e-05 1.07578e-05
1 0.75 1e-05 148.413 0 1.10378e-05 1.08258e-05 1.12498e-05
1 0.75 1e-05 244.692 0 1.13678e-05 1.11518e-05 1.15838e-05
1 0.75 1e-05 403.429 0 1.16338e-05 1.14098e-05 1.18558e-05
1 0.75 1e-05 665.142 0 1.18818e-05 1.16578e-05 1.21078e-05
1 0.75 1e-05 1096.63 0 1.21058e-05 1.18778e-05 1.23278e-05
1 0.75 1e-05 1808.04 0 1.22898e-05 1.20638e-05 1.25298e-05
1 0.75 1e-05 2980.96 0 1.24138e-05 1.21858e-05 1.26458e-05
1 0.75 1e-05 4914.77 0 1.25438e-05 1.23078e-05 1.27758e-05
1 0.75 1e-05 8103.08 0 1.26198e-05 1.23858e-05 1.28538e-05
1 0.75 1e-05 13359.7 0 1.26978e-05 1.24658e-05 1.29318e-05
1 0.75 1e-05 22026.5 0 1.28258e-05 1.25898e-05 1.30658e-05
1 0.75 1e-05 36315.5 0 1.28898e-05 1.26538e-05 1.31238e-05
1 0.75 1e-05 59874.1 0 1.29458e-05 1.27018e-05 1.31858e-05
1 0.75 1e-05 98715.8 0 1.30098e-05 1.27758e-05 1.32558e-05
1 0.75 1e-05 162755 0 1.30498e-05 1.28078e-05 1.32818e-05
1 0.75 1e-05 268337 0 1.30638e-05 1.28238e-05 1.33078e-05
1 0.75 1e-05 442413 0 1.30818e-05 1.28398e-05 1.33218e-05
1 0.75 1e-05 729416 0 1.31058e-05 1.28638e-05 1.33498e-05
1 0.75 1e-05 1.2026e+06 0 1.31278e-05 1.28878e-05 1.33718e-05
