0 -7.94179123472755 -7.95082879805954 -7.93266181923479
0.993251773010283 -7.9682397591921 -7.97738077363441 -7.95907852960708
2.00012773496011 -7.97046871191493 -7.97990481536491 -7.96106633989019
3.00022217882684 -7.96971071530409 -7.97883022465716 -7.96032975916763
4.00003388275086 -7.96585153993306 -7.9750549644113 -7.95651511077071
4.99997871390773 -7.98246453498876 -7.99192634586119 -7.97324231721842
6.00000299062804 -8.01454692759853 -8.0241354863706 -8.0052232226628
6.9999971198819 -8.13256364389621 -8.14217698156757 -8.12264411363225
8.00000067527204 -8.44539824939828 -8.45620157812588 -8.43448020595605
8.99999951529857 -9.29754122146005 -9.31275301466195 -9.28314227433358
9.99997885272489 -11.4897168798333 -11.5263258504234 -11.4540623937735
10.9999976331124 -15.7674458216235 -15.9177622851127 -15.636682360161
12.0000012815651 -18.6330859086743 -19.8558250710298 -18.0991843736314
