0.5 0.0001 1 0 0 0 0
0.5 0.0001 1.64872 0 3.32583e-05 3.25984e-05 3.39183e-05
0.5 0.0001 2.71828 0 4.60367e-05 4.50967e-05 4.69966e-05
0.5 0.0001 4.48169 0 5.56549e-05 5.4495e-05 5.68349e-05
0.5 0.0001 7.38906 0 6.09337e-05 5.96539e-05 6.23134e-05
0.5 0.0001 12.1825 0 6.4253e-05 6.28333e-05 6.56732e-05
0.5 0.0001 20.0855 0 6.62525e-05 6.48125e-05 6.77321e-05
0.5 0.0001 33.1155 0 6.72123e-05 6.57326e-05 6.8652e-05
0.5 0.0001 54.5982 0 6.78522e-05 6.63325e-05 6.9312e-05
0.5 0.0001 90.0171 0 6.8512e-05 6.70122e-05 7.00115e-05
0.5 0.0001 148.413 0 6.89119e-05 6.74122e-05 7.03719e-05
0.5 0.0001 244.692 0 6.90119e-05 6.74923e-05 7.05118e-05
0.5 0.0001 403.429 0 6.91319e-05 6.7652e-05 7.06513e-05
0.5 0.0001 665.142 0 6.92719e-05 6.77722e-05 7.0752e-05
0.5 0.0001 1096.63 0 6.93319e-05 6.7832e-05 7.08117e-05
0.5 0.0001 1808.04 0 6.93918e-05 6.78522e-05 7.08918e-05
0.5 0.0001 2980.96 0 6.93918e-05 6.78921e-05 7.08716e-05
0.5 0.0001 4914.77 0 6.93918e-05 6.78721e-05 7.08916e-05
0.5 0.0001 8103.08 0 6.93918e-05 6.79121e-05 7.08515e-05
0.5 0.0001 13359.7 0 6.93918e-05 6.7912e-05 7.09116e-05
0.5 0.0001 22026.5 0 6.93918e-05 6.78922e-05 7.09115e-05
0.5 0.0001 36315.5 0 6.93918e-05 6.78923e-05 7.09514e-05
0.5 0.0001 59874.1 0 6.93918e-05 6.78923e-05 7.09512e-05
0.5 0.0001 98715.8 0 6.93918e-05 6.78519e-05 7.09314e-05
0.5 0.0001 162755 0 6.93918e-05 6.78523e-05 7.08916e-05
0.5 0.0001 268337 0 6.93918e-05 6.79118e-05 7.08915e-05
0.5 0.0001 442413 0 6.93918e-05 6.79122e-05 7.08917e-05
0.5 0.0001 729416 0 6.93918e-05 6.78521e-05 7.08916e-05
0.5 0.0001 1.2026e+06 0 6.93918e-05 6.78522e-05 7.08712e-05
0.5 0.001 1 0 0 0 0
0.5 0.001 1.64872 0 0.000332434 0.000325637 0.000338831
0.5 0.001 2.71828 0 0.000460069 0.000450875 0.000469458
0.5 0.001 4.48169 0 0.000556092 0.00054391 0.000567684
0.5 0.001 7.38906 0 0.00060877 0.000595579 0.00062197
0.5 0.001 12.1825 0 0.000641896 0.000628299 0.000656272
0.5 0.001 20.0855 0 0.000661851 0.000647645 0.000676206
0.5 0.001 33.1155 0 0.000671431 0.000656648 0.000686017
0.5 0.001 54.5982 0 0.000677819 0.000663252 0.000692614
0.5 0.001 90.0171 0 0.000684403 0.000669033 0.000699574
0.5 0.001 148.413 0 0.000688394 0.00067344 0.000703713
0.5 0.001 244.692 0 0.000689392 0.000674246 0.000704197
0.5 0.001 403.429 0 0.000690589 0.000675024 0.00070577
0.5 0.001 665.142 0 0.000691987 0.000677196 0.000706987
0.5 0.001 1096.63 0 0.000692586 0.00067723 0.000707579
0.5 0.001 1808.04 0 0.000693185 0.00067782 0.000707949
0.5 0.001 2980.96 0 0.000693185 0.000678395 0.000708158
0.5 0.001 4914.77 0 0.000693185 0.000678037 0.000708375
0.5 0.001 8103.08 0 0.000693185 0.000678202 0.000708536
0.5 0.001 13359.7 0 0.000693185 0.000678209 0.000708159
0.5 0.001 22026.5 0 0.000693185 0.000678018 0.00070835
0.5 0.001 36315.5 0 0.000693185 0.000678205 0.000708371
0.5 0.001 59874.1 0 0.000693185 0.000679017 0.000708562
0.5 0.001 98715.8 0 0.000693185 0.000677801 0.000708529
0.5 0.001 162755 0 0.000693185 0.000678224 0.000707988
0.5 0.001 268337 0 0.000693185 0.000678204 0.000708755
0.5 0.001 442413 0 0.000693185 0.000677995 0.000708379
0.5 0.001 729416 0 0.000693185 0.000678402 0.000708564
0.5 0.001 1.2026e+06 0 0.000693185 0.000678008 0.00070817
0.5 0.01 1 0 0 0 0
0.5 0.01 1.64872 0 0.00330943 0.00324375 0.00337709
0.5 0.01 2.71828 0 0.00457106 0.00447758 0.00466419
0.5 0.01 4.48169 0 0.00551553 0.00539745 0.00563379
0.5 0.01 7.38906 0 0.00603153 0.00590416 0.00616351
0.5 0.01 12.1825 0 0.00635626 0.00621658 0.00649612
0.5 0.01 20.0855 0 0.00655186 0.00640609 0.00669183
0.5 0.01 33.1155 0 0.00664579 0.00649874 0.00679271
0.5 0.01 54.5982 0 0.00670865 0.00655833 0.00685297
0.5 0.01 90.0171 0 0.00677305 0.00662783 0.00691947
0.5 0.01 148.413 0 0.00681221 0.00666227 0.00695662
0.5 0.01 244.692 0 0.006822 0.00667436 0.00697131
0.5 0.01 403.429 0 0.00683374 0.0066846 0.00697961
0.5 0.01 665.142 0 0.00684746 0.00670134 0.00699504
0.5 0.01 1096.63 0 0.00685341 0.00670488 0.00700261
0.5 0.01 1808.04 0 0.00685932 0.00671171 0.00700491
0.5 0.01 2980.96 0 0.00685932 0.0067132 0.00700729
0.5 0.01 4914.77 0 0.00685932 0.00671202 0.00701099
0.5 0.01 8103.08 0 0.00685932 0.00671427 0.00701117
0.5 0.01 13359.7 0 0.00685932 0.00670849 0.00700744
0.5 0.01 22026.5 0 0.00685932 0.00670989 0.00700972
0.5 0.01 36315.5 0 0.00685932 0.00671028 0.00700301
0.5 0.01 59874.1 0 0.00685932 0.00670713 0.00700647
0.5 0.01 98715.8 0 0.00685932 0.00671112 0.00701065
0.5 0.01 162755 0 0.00685932 0.00670986 0.00700354
0.5 0.01 268337 0 0.00685932 0.00670867 0.00700486
0.5 0.01 442413 0 0.00685932 0.00671238 0.00700659
0.5 0.01 729416 0 0.00685932 0.00671128 0.00700557
0.5 0.01 1.2026e+06 0 0.00685932 0.00671428 0.00700555
0.5 0.1 1 0 0 0 0
0.5 0.1 1.64872 0 0.0316511 0.031023 0.0322601
0.5 0.1 2.71828 0 0.0428982 0.0420254 0.0437619
0.5 0.1 4.48169 0 0.0509369 0.0498841 0.0520043
0.5 0.1 7.38906 0 0.0551742 0.054058 0.0563286
0.5 0.1 12.1825 0 0.057864 0.0566378 0.0590534
0.5 0.1 20.0855 0 0.059486 0.0582298 0.0607024
0.5 0.1 33.1155 0 0.0602665 0.0590214 0.0614906
0.5 0.1 54.5982 0 0.0608062 0.0595872 0.062083
0.5 0.1 90.0171 0 0.0613318 0.0600514 0.062579
0.5 0.1 148.413 0 0.0616587 0.0604021 0.0629141
0.5 0.1 244.692 0 0.0617402 0.0604662 0.0630095
0.5 0.1 403.429 0 0.0618387 0.0605662 0.0631268
0.5 0.1 665.142 0 0.0619531 0.0606533 0.0631964
0.5 0.1 1096.63 0 0.0620083 0.0607146 0.0632946
0.5 0.1 1808.04 0 0.0620602 0.060801 0.0633261
0.5 0.1 2980.96 0 0.0620602 0.0608004 0.0633171
0.5 0.1 4914.77 0 0.0620602 0.0607954 0.0633132
0.5 0.1 8103.08 0 0.0620602 0.0607956 0.0633643
0.5 0.1 13359.7 0 0.0620602 0.0607706 0.0633184
0.5 0.1 22026.5 0 0.0620602 0.0608043 0.0633689
0.5 0.1 36315.5 0 0.0620602 0.0607963 0.0633279
0.5 0.1 59874.1 0 0.0620602 0.0607702 0.0632915
0.5 0.1 98715.8 0 0.0620602 0.0607999 0.0633261
0.5 0.1 162755 0 0.0620602 0.0607722 0.063381
0.5 0.1 268337 0 0.0620602 0.0607852 0.0633487
0.5 0.1 442413 0 0.0620602 0.0607832 0.0633223
0.5 0.1 729416 0 0.0620602 0.0608175 0.063341
0.5 0.1 1.2026e+06 0 0.0620602 0.0607854 0.0633346
0.5 1e-05 1 0 0 0 0
0.5 1e-05 1.64872 0 3.32598e-06 3.25798e-06 3.39198e-06
0.5 1e-05 2.71828 0 4.60397e-06 4.50997e-06 4.69797e-06
0.5 1e-05 4.48169 0 5.56595e-06 5.44595e-06 5.68595e-06
0.5 1e-05 7.38906 0 6.09394e-06 5.95994e-06 6.22393e-06
0.5 1e-05 12.1825 0 6.42593e-06 6.28593e-06 6.56593e-06
0.5 1e-05 20.0855 0 6.62593e-06 6.48393e-06 6.76992e-06
0.5 1e-05 33.1155 0 6.72192e-06 6.57593e-06 6.86992e-06
0.5 1e-05 54.5982 0 6.78592e-06 6.63992e-06 6.93392e-06
0.5 1e-05 90.0171 0 6.85192e-06 6.70192e-06 7.00192e-06
0.5 1e-05 148.413 0 6.89192e-06 6.74192e-06 7.04392e-06
0.5 1e-05 244.692 0 6.90192e-06 6.75392e-06 7.05391e-06
0.5 1e-05 403.429 0 6.91392e-06 6.76592e-06 7.06591e-06
0.5 1e-05 665.142 0 6.92792e-06 6.77792e-06 7.07392e-06
0.5 1e-05 1096.63 0 6.93392e-06 6.78392e-06 7.08191e-06
0.5 1e-05 1808.04 0 6.93992e-06 6.78992e-06 7.08992e-06
0.5 1e-05 2980.96 0 6.93992e-06 6.78992e-06 7.08992e-06
0.5 1e-05 4914.77 0 6.93992e-06 6.78792e-06 7.09192e-06
0.5 1e-05 8103.08 0 6.93992e-06 6.78992e-06 7.09192e-06
0.5 1e-05 13359.7 0 6.93992e-06 6.78992e-06 7.09192e-06
0.5 1e-05 22026.5 0 6.93992e-06 6.78392e-06 7.09191e-06
0.5 1e-05 36315.5 0 6.93992e-06 6.79392e-06 7.09191e-06
0.5 1e-05 59874.1 0 6.93992e-06 6.78592e-06 7.08992e-06
0.5 1e-05 98715.8 0 6.93992e-06 6.79192e-06 7.09392e-06
0.5 1e-05 162755 0 6.93992e-06 6.79392e-06 7.09391e-06
0.5 1e-05 268337 0 6.93992e-06 6.78592e-06 7.09191e-06
0.5 1e-05 442413 0 6.93992e-06 6.78992e-06 7.09191e-06
0.5 1e-05 729416 0 6.93992e-06 6.78792e-06 7.08991e-06
0.5 1e-05 1.2026e+06 0 6.93992e-06 6.78992e-06 7.09392e-06
0.75 0.0001 1 0 0 0 0
0.75 0.0001 1.64872 0 3.18784e-05 3.12184e-05 3.25384e-05
0.75 0.0001 2.71828 0 4.68967e-05 4.59368e-05 4.78366e-05
0.75 0.0001 4.48169 0 6.19142e-05 6.06742e-05 6.31341e-05
0.75 0.0001 7.38906 0 7.2612e-05 7.11321e-05 7.40318e-05
0.75 0.0001 12.1825 0 8.18099e-05 8.02101e-05 8.34297e-05
0.75 0.0001 20.0855 0 8.92682e-05 8.75488e-05 9.10279e-05
0.75 0.0001 33.1155 0 9.53268e-05 9.34873e-05 9.71863e-05
0.75 0.0001 54.5982 0 0.000100505 9.85458e-05 0.000102445
0.75 0.0001 90.0171 0 0.000105544 0.000103565 0.000107584
0.75 0.0001 148.413 0 0.000110363 0.000108243 0.000112462
0.75 0.0001 244.692 0 0.000113662 0.000111542 0.00011584
0.75 0.0001 403.429 0 0.000116321 0.000114141 0.00011854
0.75 0.0001 665.142 0 0.0001188 0.000116561 0.00012106
0.75 0.0001 1096.63 0 0.00012104 0.0001187 0.0001233
0.75 0.0001 1808.04 0 0.000122879 0.000120559 0.000125178
0.75 0.0001 2980.96 0 0.000124119 0.0001218 0.000126478
0.75 0.0001 4914.77 0 0.000125418 0.000123119 0.000127737
0.75 0.0001 8103.08 0 0.000126178 0.000123818 0.000128538
0.75 0.0001 13359.7 0 0.000126958 0.000124539 0.000129278
0.75 0.0001 22026.5 0 0.000128237 0.000125838 0.000130656
0.75 0.0001 36315.5 0 0.000128877 0.000126438 0.000131277
0.75 0.0001 59874.1 0 0.000129437 0.000127018 0.000131816
0.75 0.0001 98715.8 0 0.000130077 0.000127698 0.000132475
0.75 0.0001 162755 0 0.000130477 0.000128058 0.000132897
0.75 0.0001 268337 0 0.000130617 0.000128137 0.000133016
0.75 0.0001 442413 0 0.000130797 0.000128437 0.000133236
0.75 0.0001 729416 0 0.000131037 0.000128638 0.000133476
0.75 0.0001 1.2026e+06 0 0.000131257 0.000128857 0.000133736
0.75 0.001 1 0 0 0 0
0.75 0.001 1.64872 0 0.000318641 0.000312044 0.000325237
0.75 0.001 2.71828 0 0.000468667 0.000459274 0.000477863
0.75 0.001 4.48169 0 0.000618616 0.000606032 0.000630803
0.75 0.001 7.38906 0 0.000725397 0.000710639 0.000739978
0.75 0.001 12.1825 0 0.000817196 0.000801232 0.000833579
0.75 0.001 20.0855 0 0.000891625 0.000874052 0.000909182
0.75 0.001 33.1155 0 0.000952081 0.000933112 0.000970432
0.75 0.001 54.5982 0 0.00100373 0.000984004 0.00102289
0.75 0.001 90.0171 0 0.00105401 0.0010339 0.00107379
0.75 0.001 148.413 0 0.00110206 0.00108034 0.0011232
0.75 0.001 244.692 0 0.00113496 0.0011133 0.00115694
0.75 0.001 403.429 0 0.00116148 0.00113974 0.00118357
0.75 0.001 665.142 0 0.00118622 0.00116345 0.00120874
0.75 0.001 1096.63 0 0.00120856 0.00118565 0.00123168
0.75 0.001 1808.04 0 0.0012269 0.00120359 0.00125018
0.75 0.001 2980.96 0 0.00123927 0.00121573 0.00126264
0.75 0.001 4914.77 0 0.00125224 0.00122869 0.00127612
0.75 0.001 8103.08 0 0.00125982 0.00123646 0.00128299
0.75 0.001 13359.7 0 0.00126759 0.00124479 0.00129117
0.75 0.001 22026.5 0 0.00128035 0.00125621 0.00130393
0.75 0.001 36315.5 0 0.00128672 0.00126377 0.00131124
0.75 0.001 59874.1 0 0.00129231 0.00126798 0.00131666
0.75 0.001 98715.8 0 0.00129869 0.00127472 0.0013228
0.75 0.001 162755 0 0.00130268 0.00127806 0.00132625
0.75 0.001 268337 0 0.00130408 0.00128073 0.00132865
0.75 0.001 442413 0 0.00130587 0.0012818 0.00133003
0.75 0.001 729416 0 0.00130827 0.00128418 0.00133319
0.75 0.001 1.2026e+06 0 0.00131046 0.00128593 0.00133439
0.75 0.01 1 0 0 0 0
0.75 0.01 1.64872 0 0.00317211 0.00310843 0.00323778
0.75 0.01 2.71828 0 0.00465689 0.00456182 0.00474773
0.75 0.01 4.48169 0 0.00613405 0.00601169 0.00625574
0.75 0.01 7.38906 0 0.0071824 0.00703867 0.00732622
0.75 0.01 12.1825 0 0.00808258 0.00792202 0.00824247
0.75 0.01 20.0855 0 0.00881176 0.00864426 0.00898373
0.75 0.01 33.1155 0 0.00940362 0.00922412 0.0095856
0.75 0.01 54.5982 0 0.00990727 0.00971527 0.0100972
0.75 0.01 90.0171 0 0.010399 0.0101963 0.0106009
0.75 0.01 148.413 0 0.0108668 0.0106574 0.0110664
0.75 0.01 244.692 0 0.0111868 0.0109728 0.0113993
0.75 0.01 403.429 0 0.0114449 0.0112274 0.0116594
0.75 0.01 665.142 0 0.0116865 0.0114664 0.0119049
0.75 0.01 1096.63 0 0.0119052 0.0116844 0.012129
0.75 0.01 1808.04 0 0.012083 0.0118517 0.0123012
0.75 0.01 2980.96 0 0.0122041 0.0119794 0.0124332
0.75 0.01 4914.77 0 0.0123308 0.0121068 0.0125552
0.75 0.01 8103.08 0 0.0124053 0.0121779 0.0126276
0.75 0.01 13359.7 0 0.0124805 0.0122505 0.0127057
0.75 0.01 22026.5 0 0.012604 0.0123727 0.0128367
0.75 0.01 36315.5 0 0.0126657 0.0124389 0.0129023
0.75 0.01 59874.1 0 0.0127201 0.0124871 0.0129473
0.75 0.01 98715.8 0 0.0127827 0.0125538 0.0130138
0.75 0.01 162755 0 0.0128217 0.0125857 0.0130563
0.75 0.01 268337 0 0.0128355 0.012601 0.0130701
0.75 0.01 442413 0 0.012853 0.0126182 0.0130939
0.75 0.01 729416 0 0.0128762 0.0126426 0.0131117
0.75 0.01 1.2026e+06 0 0.0128976 0.0126571 0.0131342
0.75 0.1 1 0 0 0 0
0.75 0.1 1.64872 0 0.0303378 0.0297288 0.0309659
0.75 0.1 2.71828 0 0.0437401 0.0428891 0.044612
0.75 0.1 4.48169 0 0.0565076 0.0554108 0.0576241
0.75 0.1 7.38906 0 0.0652995 0.0640327 0.0665823
0.75 0.1 12.1825 0 0.0727792 0.0714086 0.0741662
0.75 0.1 20.0855 0 0.0787996 0.0773999 0.0802493
0.75 0.1 33.1155 0 0.083653 0.0820988 0.0852035
0.75 0.1 54.5982 0 0.0876523 0.0860666 0.0891645
0.75 0.1 90.0171 0 0.0916585 0.0900549 0.093251
0.75 0.1 148.413 0 0.095308 0.0936684 0.0969962
0.75 0.1 244.692 0 0.0977931 0.0960948 0.0994907
0.75 0.1 403.429 0 0.0998036 0.0980313 0.101522
0.75 0.1 665.142 0 0.101747 0.0999772 0.10345
0.75 0.1 1096.63 0 0.103534 0.10175 0.105348
0.75 0.1 1808.04 0 0.104878 0.103091 0.10667
0.75 0.1 2980.96 0 0.105876 0.104021 0.107648
0.75 0.1 4914.77 0 0.106897 0.10513 0.108691
0.75 0.1 8103.08 0 0.107525 0.105757 0.109315
0.75 0.1 13359.7 0 0.10808 0.106289 0.109867
0.75 0.1 22026.5 0 0.108993 0.107158 0.110818
0.75 0.1 36315.5 0 0.109456 0.107651 0.111254
0.75 0.1 59874.1 0 0.109888 0.108004 0.11172
0.75 0.1 98715.8 0 0.11041 0.10856 0.112275
0.75 0.1 162755 0 0.110723 0.108862 0.112562
0.75 0.1 268337 0 0.110843 0.109061 0.112702
0.75 0.1 442413 0 0.110981 0.10913 0.11281
0.75 0.1 729416 0 0.111154 0.109267 0.112995
0.75 0.1 1.2026e+06 0 0.111324 0.109496 0.113182
0.75 1e-05 1 0 0 0 0
0.75 1e-05 1.64872 0 3.18798e-06 3.12198e-06 3.25398e-06
0.75 1e-05 2.71828 0 4.68997e-06 4.59597e-06 4.78597e-06
0.75 1e-05 4.48169 0 6.19194e-06 6.06594e-06 6.31794e-06
0.75 1e-05 7.38906 0 7.26192e-06 7.11192e-06 7.40792e-06
0.75 1e-05 12.1825 0 8.1819e-06 8.01991e-06 8.3439e-06
0.75 1e-05 20.0855 0 8.92788e-06 8.75589e-06 9.10188e-06
0.75 1e-05 33.1155 0 9.53387e-06 9.34787e-06 9.71586e-06
0.75 1e-05 54.5982 0 1.00519e-05 9.86186e-06 1.02518e-05
0.75 1e-05 90.0171 0 1.05558e-05 1.03558e-05 1.07578e-05
0.75 1e-05 148.413 0 1.10378e-05 1.08258e-05 1.12498e-05
0.75 1e-05 244.692 0 1.13678e-05 1.11518e-05 1.15838e-05
0.75 1e-05 403.429 0 1.16338e-05 1.14098e-05 1.18558e-05
0.75 1e-05 665.142 0 1.18818e-05 1.16578e-05 1.21078e-05
0.75 1e-05 1096.63 0 1.21058e-05 1.18778e-05 1.23278e-05
0.75 1e-05 1808.04 0 1.22898e-05 1.20638e-05 1.25298e-05
0.75 1e-05 2980.96 0 1.24138e-05 1.21858e-05 1.26458e-05
0.75 1e-05 4914.77 0 1.25438e-05 1.23078e-05 1.27758e-05
0.75 1e-05 8103.08 0 1.26198e-05 1.23858e-05 1.28538e-05
0.75 1e-05 13359.7 0 1.26978e-05 1.24658e-05 1.29318e-05
0.75 1e-05 22026.5 0 1.28258e-05 1.25898e-05 1.30658e-05
0.75 1e-05 36315.5 0 1.28898e-05 1.26538e-05 1.31238e-05
0.75 1e-05 59874.1 0 1.29458e-05 1.27018e-05 1.31858e-05
0.75 1e-05 98715.8 0 1.30098e-05 1.27758e-05 1.32558e-05
0.75 1e-05 162755 0 1.30498e-05 1.28078e-05 1.32818e-05
0.75 1e-05 268337 0 1.30638e-05 1.28238e-05 1.33078e-05
0.75 1e-05 442413 0 1.30818e-05 1.28398e-05 1.33218e-05
0.75 1e-05 729416 0 1.31058e-05 1.28638e-05 1.33498e-05
0.75 1e-05 1.2026e+06 0 1.31278e-05 1.28878e-05 1.33718e-05
