c alpha coal mu x0 hom homLow homHigh
10 0.5 1 1 0 0.000571159 0.000570497 0.000571854
10 0.5 1 1 46 1.25088e-06 1.22133e-06 1.28057e-06
10 0.5 1 1 15.4 1.06523e-05 1.05601e-05 1.07373e-05
10 0.5 1 1 18.5 7.84258e-06 7.76291e-06 7.91935e-06
10 0.5 1 1 22.2 5.38538e-06 5.32106e-06 5.44849e-06
10 0.5 1 1 26.2 3.91084e-06 3.85443e-06 3.96423e-06
10 0.5 1 1 31.9 2.6304e-06 2.58732e-06 2.67426e-06
10 0.5 1 1 38.4 1.87706e-06 1.84166e-06 1.91759e-06
10 0.5 1 1 55.2 8.59536e-07 8.35285e-07 8.84314e-07
10 0.5 1 1 66.2 6.01703e-07 5.80695e-07 6.24506e-07
10 0.5 1 1 79.5 4.13759e-07 3.96689e-07 4.30595e-07
10 0.5 1 1 95.4 2.71619e-07 2.57547e-07 2.84311e-07
10 0.5 1 1 114.5 1.81942e-07 1.70842e-07 1.93221e-07
10 0.5 1 1 137.4 1.15282e-07 1.06981e-07 1.24332e-07
10 0.5 1 1 164.8 8.48537e-08 7.64966e-08 9.36275e-08
10 0.5 1 1 197.8 5.58009e-08 4.94742e-08 6.1812e-08
10 0.5 1 1 237.4 2.57273e-08 2.21114e-08 2.95875e-08
10 1 1 1 0 0.000239265 0.000238807 0.000239687
10 1 1 1 46 1.88035e-06 1.84576e-06 1.91892e-06
10 1 1 1 15.4 2.18967e-05 2.17763e-05 2.20289e-05
10 1 1 1 18.5 1.56551e-05 1.55519e-05 1.57586e-05
10 1 1 1 22.2 1.0933e-05 1.08409e-05 1.10235e-05
10 1 1 1 26.2 7.4389e-06 7.36502e-06 7.50952e-06
10 1 1 1 31.9 4.83924e-06 4.7862e-06 4.8997e-06
10 1 1 1 38.4 3.00166e-06 2.95841e-06 3.05236e-06
10 1 1 1 55.2 1.24139e-06 1.21178e-06 1.27023e-06
10 1 1 1 66.2 7.00495e-07 6.78677e-07 7.22958e-07
10 1 1 1 79.5 4.20166e-07 4.02054e-07 4.37039e-07
10 1 1 1 95.4 2.63603e-07 2.51189e-07 2.76974e-07
10 1 1 1 114.5 1.4847e-07 1.38125e-07 1.58409e-07
10 1 1 1 137.4 9.49467e-08 8.67175e-08 1.03123e-07
10 1 1 1 164.8 5.00192e-08 4.43595e-08 5.615e-08
10 1 1 1 197.8 2.95095e-08 2.4868e-08 3.41204e-08
10 1 1 1 237.4 1.46941e-08 1.15134e-08 1.75713e-08
10 1.25 1 1 0 0.000220548 0.000220138 0.000220978
10 1.25 1 1 46 1.81589e-06 1.78127e-06 1.8512e-06
10 1.25 1 1 15.4 2.67906e-05 2.66513e-05 2.69311e-05
10 1.25 1 1 18.5 1.93379e-05 1.92124e-05 1.94581e-05
10 1.25 1 1 22.2 1.32005e-05 1.30982e-05 1.3296e-05
10 1.25 1 1 26.2 9.06019e-06 8.97783e-06 9.13871e-06
10 1.25 1 1 31.9 5.50637e-06 5.43889e-06 5.569e-06
10 1.25 1 1 38.4 3.22162e-06 3.1728e-06 3.27108e-06
10 1.25 1 1 55.2 1.03086e-06 1.00425e-06 1.05709e-06
10 1.25 1 1 66.2 5.7686e-07 5.58012e-07 5.96731e-07
10 1.25 1 1 79.5 3.40813e-07 3.25088e-07 3.5695e-07
10 1.25 1 1 95.4 1.71284e-07 1.61465e-07 1.8113e-07
10 1.25 1 1 114.5 9.87683e-08 9.00465e-08 1.06378e-07
10 1.25 1 1 137.4 4.54934e-08 3.96941e-08 5.0918e-08
10 1.25 1 1 164.8 2.68753e-08 2.27662e-08 3.09639e-08
10 1.25 1 1 197.8 1.51891e-08 1.20098e-08 1.83545e-08
10 1.25 1 1 237.4 9.6883e-09 7.06268e-09 1.23301e-08
10 1.5 1 1 0 0.000214 0.00021358 0.000214417
10 1.5 1 1 46 1.65051e-06 1.61792e-06 1.68576e-06
10 1.5 1 1 15.4 3.07558e-05 3.0601e-05 3.09115e-05
10 1.5 1 1 18.5 2.25846e-05 2.24573e-05 2.27135e-05
10 1.5 1 1 22.2 1.53568e-05 1.5253e-05 1.54625e-05
10 1.5 1 1 26.2 1.04316e-05 1.03486e-05 1.05169e-05
10 1.5 1 1 31.9 5.85395e-06 5.79092e-06 5.91971e-06
10 1.5 1 1 38.4 3.15131e-06 3.10643e-06 3.19852e-06
10 1.5 1 1 55.2 8.86286e-07 8.61888e-07 9.11069e-07
10 1.5 1 1 66.2 4.63387e-07 4.46719e-07 4.80244e-07
10 1.5 1 1 79.5 2.11977e-07 2.0045e-07 2.23031e-07
10 1.5 1 1 95.4 1.11103e-07 1.0284e-07 1.20286e-07
10 1.5 1 1 114.5 4.98188e-08 4.4066e-08 5.48214e-08
10 1.5 1 1 137.4 2.79869e-08 2.35786e-08 3.22907e-08
10 1.5 1 1 164.8 1.64889e-08 1.31732e-08 1.97904e-08
10 1.5 1 1 197.8 7.98217e-09 5.5663e-09 1.03662e-08
10 1.5 1 1 237.4 3.92447e-09 2.36692e-09 5.32003e-09
10 2 1 1 0 3.69252e-05 3.67452e-05 3.71052e-05
10 2 1 1 46 3.15269e-06 3.10436e-06 3.19984e-06
10 2 1 1 15.4 2.75085e-05 2.7362e-05 2.76569e-05
10 2 1 1 18.5 2.42148e-05 2.40723e-05 2.43575e-05
10 2 1 1 22.2 2.04552e-05 2.03206e-05 2.05723e-05
10 2 1 1 26.2 1.60845e-05 1.59759e-05 1.61917e-05
10 2 1 1 31.9 1.10475e-05 1.09492e-05 1.11319e-05
10 2 1 1 38.4 6.47194e-06 6.40688e-06 6.54008e-06
10 2 1 1 55.2 1.185e-06 1.15907e-06 1.21233e-06
10 2 1 1 66.2 3.33383e-07 3.21826e-07 3.44719e-07
10 2 1 1 79.5 7.68822e-08 7.28509e-08 8.11171e-08
10 2 1 1 95.4 1.39525e-08 1.28175e-08 1.49226e-08
10 2 1 1 114.5 2.00238e-09 1.71684e-09 2.24842e-09
10 2 1 1 137.4 2.203e-10 9.59107e-11 3.3756e-10
10 2 1 1 164.8 9.28405e-12 5.2572e-12 1.29925e-11
10 2 1 1 197.8 4.03362e-13 1.01103e-13 6.89755e-13
10 2 1 1 237.4 5.37859e-15 1.09301e-16 1.06218e-14
10 2.05 1 1 0 0.00486155 0.00485956 0.00486354
10 2.05 1 1 46 2.57264e-07 2.43583e-07 2.70321e-07
10 2.05 1 1 15.4 1.17478e-05 1.16633e-05 1.18332e-05
10 2.05 1 1 18.5 6.59246e-06 6.52285e-06 6.66179e-06
10 2.05 1 1 22.2 3.59881e-06 3.54869e-06 3.64778e-06
10 2.05 1 1 26.2 2.008e-06 1.97205e-06 2.04545e-06
10 2.05 1 1 31.9 9.59809e-07 9.35199e-07 9.86925e-07
10 2.05 1 1 38.4 4.91488e-07 4.73433e-07 5.08952e-07
10 2.05 1 1 55.2 1.24028e-07 1.15025e-07 1.33505e-07
10 2.05 1 1 66.2 5.38384e-08 4.7813e-08 5.97734e-08
10 2.05 1 1 79.5 2.9834e-08 2.53489e-08 3.39775e-08
10 2.05 1 1 95.4 1.51328e-08 1.21384e-08 1.82694e-08
10 2.05 1 1 114.5 7.66206e-09 5.62001e-09 9.88535e-09
10 2.05 1 1 137.4 2.4262e-09 1.28343e-09 3.61757e-09
10 2.05 1 1 164.8 4.30909e-09 2.56706e-09 6.02969e-09
10 2.05 1 1 197.8 9.27238e-10 6.72274e-11 1.78683e-09
10 2.05 1 1 237.4 3.59134e-11 1.78311e-11 5.3739e-11
10 0.5 1 0.001 0 0.00442298 0.0044068 0.00443888
10 0.5 1 0.01 0 0.00433664 0.00432151 0.0043533
10 0.5 1 0.1 0 0.00358506 0.00357187 0.00359841
10 0.5 1 0.001 46 3.37462e-05 3.23397e-05 3.52186e-05
10 0.5 1 0.01 46 2.96897e-05 2.827e-05 3.09072e-05
10 0.5 1 0.1 46 1.83017e-05 1.73858e-05 1.92067e-05
10 0.5 1 0.001 15.4 0.000154765 0.000151346 0.000157929
10 0.5 1 0.01 15.4 0.000147288 0.00014413 0.00015047
10 0.5 1 0.1 15.4 0.000106906 0.000104785 0.000109221
10 0.5 1 0.001 18.5 0.000111006 0.000108364 0.000113545
10 0.5 1 0.01 18.5 0.000104484 0.000101871 0.000107002
10 0.5 1 0.1 18.5 7.45682e-05 7.2683e-05 7.64489e-05
10 0.5 1 0.001 22.2 9.05073e-05 8.791e-05 9.27228e-05
10 0.5 1 0.01 22.2 8.41208e-05 8.1958e-05 8.63977e-05
10 0.5 1 0.1 22.2 5.85195e-05 5.68682e-05 6.01786e-05
10 0.5 1 0.001 26.2 6.8204e-05 6.6218e-05 7.03341e-05
10 0.5 1 0.01 26.2 6.33502e-05 6.15603e-05 6.52066e-05
10 0.5 1 0.1 26.2 4.32493e-05 4.18741e-05 4.46291e-05
10 0.5 1 0.001 31.9 5.15388e-05 4.97861e-05 5.32815e-05
10 0.5 1 0.01 31.9 4.69818e-05 4.53228e-05 4.87096e-05
10 0.5 1 0.1 31.9 3.09239e-05 2.97403e-05 3.22064e-05
10 0.5 1 0.001 38.4 4.07974e-05 3.92205e-05 4.25417e-05
10 0.5 1 0.01 38.4 3.67508e-05 3.52782e-05 3.82457e-05
10 0.5 1 0.1 38.4 2.3531e-05 2.25401e-05 2.44929e-05
10 0.5 1 0.001 55.2 2.72358e-05 2.59422e-05 2.84381e-05
10 0.5 1 0.01 55.2 2.4004e-05 2.27881e-05 2.52292e-05
10 0.5 1 0.1 55.2 1.4602e-05 1.3881e-05 1.53814e-05
10 0.5 1 0.001 66.2 1.982e-05 1.87669e-05 2.09751e-05
10 0.5 1 0.01 66.2 1.65904e-05 1.56769e-05 1.766e-05
10 0.5 1 0.1 66.2 9.50251e-06 8.90877e-06 1.0135e-05
10 0.5 1 0.001 79.5 1.38199e-05 1.29812e-05 1.47317e-05
10 0.5 1 0.01 79.5 1.12237e-05 1.04139e-05 1.2018e-05
10 0.5 1 0.1 79.5 6.45755e-06 5.95598e-06 6.95136e-06
10 0.5 1 0.001 95.4 1.52903e-05 1.43324e-05 1.61735e-05
10 0.5 1 0.01 95.4 1.14166e-05 1.06532e-05 1.2185e-05
10 0.5 1 0.1 95.4 6.24182e-06 5.7527e-06 6.73373e-06
10 0.5 1 0.001 114.5 1.08848e-05 1.01478e-05 1.16835e-05
10 0.5 1 0.01 114.5 7.65705e-06 7.04644e-06 8.31529e-06
10 0.5 1 0.1 114.5 3.72743e-06 3.37309e-06 4.11824e-06
10 0.5 1 0.001 137.4 7.47936e-06 6.85106e-06 8.0994e-06
10 0.5 1 0.01 137.4 4.96729e-06 4.43827e-06 5.49165e-06
10 0.5 1 0.1 137.4 2.37737e-06 2.0733e-06 2.68559e-06
10 0.5 1 0.001 164.8 7.28597e-06 6.70634e-06 7.89033e-06
10 0.5 1 0.01 164.8 4.4777e-06 3.98302e-06 4.95292e-06
10 0.5 1 0.1 164.8 2.01941e-06 1.74849e-06 2.2589e-06
10 0.5 1 0.001 197.8 6.50191e-06 5.94106e-06 7.09852e-06
10 0.5 1 0.01 197.8 3.79961e-06 3.33884e-06 4.25397e-06
10 0.5 1 0.1 197.8 1.57559e-06 1.36659e-06 1.81043e-06
10 0.5 1 0.001 237.4 5.25887e-06 4.7239e-06 5.75078e-06
10 0.5 1 0.01 237.4 2.52962e-06 2.14516e-06 2.92338e-06
10 0.5 1 0.1 237.4 9.16438e-07 7.4374e-07 1.07793e-06
10 1 1 0.001 0 0.00218557 0.0021742 0.00219706
10 1 1 0.01 0 0.00210934 0.00209808 0.00212081
10 1 1 0.1 0 0.00163918 0.00163086 0.00164838
10 1 1 0.001 46 0.000169773 0.000166538 0.000173009
10 1 1 0.01 46 0.000139215 0.000136693 0.000141821
10 1 1 0.1 46 5.4151e-05 5.29426e-05 5.55182e-05
10 1 1 0.001 15.4 0.000470114 0.000464729 0.000475349
10 1 1 0.01 15.4 0.000427733 0.000422698 0.000432432
10 1 1 0.1 15.4 0.000257904 0.000254524 0.000260972
10 1 1 0.001 18.5 0.000394973 0.000390142 0.000399894
10 1 1 0.01 18.5 0.000355957 0.000351055 0.000360438
10 1 1 0.1 18.5 0.000204178 0.000201159 0.000206833
10 1 1 0.001 22.2 0.000343969 0.000339829 0.000348539
10 1 1 0.01 22.2 0.000305199 0.000300922 0.000309462
10 1 1 0.1 22.2 0.000164268 0.000161813 0.000166557
10 1 1 0.001 26.2 0.000283816 0.000279915 0.000288217
10 1 1 0.01 26.2 0.00024777 0.000244044 0.00025135
10 1 1 0.1 26.2 0.000125331 0.000123193 0.000127359
10 1 1 0.001 31.9 0.000243871 0.000239939 0.000247918
10 1 1 0.01 31.9 0.000209551 0.000206011 0.000213178
10 1 1 0.1 31.9 9.82747e-05 9.6265e-05 0.000100113
10 1 1 0.001 38.4 0.000194656 0.000191151 0.000198195
10 1 1 0.01 38.4 0.000163244 0.000160411 0.000166417
10 1 1 0.1 38.4 7.05278e-05 6.89265e-05 7.20866e-05
10 1 1 0.001 55.2 0.000139418 0.000136509 0.000142204
10 1 1 0.01 55.2 0.000110312 0.000107992 0.000112765
10 1 1 0.1 55.2 3.77487e-05 3.65991e-05 3.87909e-05
10 1 1 0.001 66.2 0.000116143 0.000113686 0.000118719
10 1 1 0.01 66.2 8.94783e-05 8.73416e-05 9.15927e-05
10 1 1 0.1 66.2 2.81156e-05 2.71176e-05 2.89836e-05
10 1 1 0.001 79.5 9.62277e-05 9.37765e-05 9.87151e-05
10 1 1 0.01 79.5 7.06969e-05 6.88826e-05 7.2466e-05
10 1 1 0.1 79.5 1.97691e-05 1.90087e-05 2.05412e-05
10 1 1 0.001 95.4 8.05902e-05 7.83567e-05 8.27754e-05
10 1 1 0.01 95.4 5.71597e-05 5.54934e-05 5.88019e-05
10 1 1 0.1 95.4 1.34651e-05 1.28972e-05 1.40704e-05
10 1 1 0.001 114.5 6.38403e-05 6.18914e-05 6.58889e-05
10 1 1 0.01 114.5 4.32385e-05 4.17263e-05 4.46825e-05
10 1 1 0.1 114.5 8.93057e-06 8.46105e-06 9.44359e-06
10 1 1 0.001 137.4 5.05273e-05 4.87795e-05 5.22799e-05
10 1 1 0.01 137.4 3.21676e-05 3.09002e-05 3.34174e-05
10 1 1 0.1 137.4 5.41863e-06 5.0815e-06 5.76824e-06
10 1 1 0.001 164.8 4.25161e-05 4.09907e-05 4.41068e-05
10 1 1 0.01 164.8 2.59731e-05 2.48245e-05 2.70787e-05
10 1 1 0.1 164.8 4.08437e-06 3.77243e-06 4.41166e-06
10 1 1 0.001 197.8 3.87246e-05 3.72458e-05 4.01246e-05
10 1 1 0.01 197.8 2.19278e-05 2.10129e-05 2.29439e-05
10 1 1 0.1 197.8 2.81991e-06 2.58837e-06 3.06095e-06
10 1 1 0.001 237.4 3.14837e-05 3.01388e-05 3.27918e-05
10 1 1 0.01 237.4 1.66164e-05 1.58445e-05 1.74723e-05
10 1 1 0.1 237.4 1.46699e-06 1.29323e-06 1.62231e-06
10 1.25 1 0.001 0 0.00231396 0.00230184 0.00232611
10 1.25 1 0.01 0 0.00216538 0.00215479 0.00217763
10 1.25 1 0.1 0 0.00158179 0.0015727 0.0015913
10 1.25 1 0.001 46 0.000322484 0.000318226 0.000326859
10 1.25 1 0.01 46 0.000230205 0.000226899 0.000233629
10 1.25 1 0.1 46 6.91095e-05 6.76305e-05 7.0486e-05
10 1.25 1 0.001 15.4 0.000762179 0.000755288 0.000769023
10 1.25 1 0.01 15.4 0.000647312 0.000640915 0.000653479
10 1.25 1 0.1 15.4 0.000344676 0.000341105 0.000348354
10 1.25 1 0.001 18.5 0.000669037 0.000662748 0.000675168
10 1.25 1 0.01 18.5 0.000556834 0.000551581 0.000562544
10 1.25 1 0.1 18.5 0.000276946 0.000273685 0.000280638
10 1.25 1 0.001 22.2 0.000596175 0.000589595 0.00060158
10 1.25 1 0.01 22.2 0.000484284 0.000479252 0.000489324
10 1.25 1 0.1 22.2 0.000226338 0.000223306 0.000229237
10 1.25 1 0.001 26.2 0.000516551 0.000511451 0.000522084
10 1.25 1 0.01 26.2 0.000410735 0.000406195 0.000415414
10 1.25 1 0.1 26.2 0.000175667 0.000173195 0.000178174
10 1.25 1 0.001 31.9 0.000445716 0.000440463 0.000450809
10 1.25 1 0.01 31.9 0.00034303 0.000338719 0.000347085
10 1.25 1 0.1 31.9 0.000129891 0.000127921 0.000131904
10 1.25 1 0.001 38.4 0.000382398 0.000377771 0.000387235
10 1.25 1 0.01 38.4 0.00028407 0.000280134 0.000287757
10 1.25 1 0.1 38.4 9.78842e-05 9.61708e-05 9.9792e-05
10 1.25 1 0.001 55.2 0.000280417 0.000276488 0.000284728
10 1.25 1 0.01 55.2 0.000191449 0.000188384 0.000194724
10 1.25 1 0.1 55.2 4.85332e-05 4.73302e-05 4.9616e-05
10 1.25 1 0.001 66.2 0.000234814 0.000231019 0.000238783
10 1.25 1 0.01 66.2 0.000151489 0.000148619 0.000154132
10 1.25 1 0.1 66.2 3.37544e-05 3.28242e-05 3.47442e-05
10 1.25 1 0.001 79.5 0.000204913 0.000201482 0.000208449
10 1.25 1 0.01 79.5 0.000126956 0.000124584 0.00012972
10 1.25 1 0.1 79.5 2.36377e-05 2.29309e-05 2.44062e-05
10 1.25 1 0.001 95.4 0.000183525 0.000180173 0.00018648
10 1.25 1 0.01 95.4 0.000104536 0.000102411 0.000106693
10 1.25 1 0.1 95.4 1.60617e-05 1.54748e-05 1.66691e-05
10 1.25 1 0.001 114.5 0.000145813 0.000142964 0.000148745
10 1.25 1 0.01 114.5 7.81872e-05 7.6518e-05 7.99022e-05
10 1.25 1 0.1 114.5 9.40525e-06 9.00581e-06 9.82852e-06
10 1.25 1 0.001 137.4 0.000127487 0.000124905 0.000130217
10 1.25 1 0.01 137.4 6.14747e-05 5.9837e-05 6.30545e-05
10 1.25 1 0.1 137.4 5.53869e-06 5.22375e-06 5.87509e-06
10 1.25 1 0.001 164.8 0.000108845 0.000106263 0.000111355
10 1.25 1 0.01 164.8 4.86127e-05 4.72803e-05 4.99152e-05
10 1.25 1 0.1 164.8 4.09785e-06 3.82959e-06 4.40227e-06
10 1.25 1 0.001 197.8 8.53405e-05 8.3191e-05 8.73517e-05
10 1.25 1 0.01 197.8 3.36459e-05 3.254e-05 3.47128e-05
10 1.25 1 0.1 197.8 1.88326e-06 1.71332e-06 2.06647e-06
10 1.25 1 0.001 237.4 7.23998e-05 7.03951e-05 7.42217e-05
10 1.25 1 0.01 237.4 2.59241e-05 2.50282e-05 2.68901e-05
10 1.25 1 0.1 237.4 1.23762e-06 1.0933e-06 1.37757e-06
10 1.5 1 0.001 0 0.00268599 0.00267377 0.00269873
10 1.5 1 0.01 0 0.00237164 0.00236011 0.0023845
10 1.5 1 0.1 0 0.00161024 0.00160147 0.00161905
10 1.5 1 0.001 46 0.000613094 0.000607325 0.000618853
10 1.5 1 0.01 46 0.000369624 0.000365518 0.000373956
10 1.5 1 0.1 46 8.68242e-05 8.52276e-05 8.85082e-05
10 1.5 1 0.001 15.4 0.00120526 0.0011965 0.0012137
10 1.5 1 0.01 15.4 0.00092012 0.000913146 0.00092728
10 1.5 1 0.1 15.4 0.000429909 0.000425701 0.000433732
10 1.5 1 0.001 18.5 0.00109941 0.00109138 0.00110719
10 1.5 1 0.01 18.5 0.000816708 0.000809859 0.000823131
10 1.5 1 0.1 18.5 0.000354094 0.000350185 0.00035757
10 1.5 1 0.001 22.2 0.000991838 0.000984099 0.000999175
10 1.5 1 0.01 22.2 0.000717592 0.000711229 0.000723768
10 1.5 1 0.1 22.2 0.000288356 0.000285095 0.000291546
10 1.5 1 0.001 26.2 0.000902949 0.000895397 0.000910613
10 1.5 1 0.01 26.2 0.000630229 0.000624663 0.000635549
10 1.5 1 0.1 26.2 0.00022733 0.000224602 0.000230253
10 1.5 1 0.001 31.9 0.000781629 0.000774355 0.000788157
10 1.5 1 0.01 31.9 0.000519717 0.000514597 0.00052512
10 1.5 1 0.1 31.9 0.000163707 0.000161199 0.000166216
10 1.5 1 0.001 38.4 0.000702003 0.000695814 0.000708145
10 1.5 1 0.01 38.4 0.000444975 0.000440053 0.000449821
10 1.5 1 0.1 38.4 0.00012107 0.000119061 0.000122967
10 1.5 1 0.001 55.2 0.000542222 0.000536491 0.000548093
10 1.5 1 0.01 55.2 0.000306075 0.000302378 0.000309651
10 1.5 1 0.1 55.2 5.91511e-05 5.77904e-05 6.04023e-05
10 1.5 1 0.001 66.2 0.000473962 0.000468363 0.000478779
10 1.5 1 0.01 66.2 0.000245328 0.000241749 0.000248313
10 1.5 1 0.1 66.2 3.77223e-05 3.67518e-05 3.86504e-05
10 1.5 1 0.001 79.5 0.000412433 0.000407765 0.000417081
10 1.5 1 0.01 79.5 0.000198029 0.000195276 0.000200839
10 1.5 1 0.1 79.5 2.45757e-05 2.38359e-05 2.53414e-05
10 1.5 1 0.001 95.4 0.000355017 0.000351021 0.000359277
10 1.5 1 0.01 95.4 0.000153714 0.000151418 0.000156017
10 1.5 1 0.1 95.4 1.40812e-05 1.36123e-05 1.45654e-05
10 1.5 1 0.001 114.5 0.000312823 0.000308419 0.000317243
10 1.5 1 0.01 114.5 0.000122256 0.000120177 0.000124294
10 1.5 1 0.1 114.5 8.47699e-06 8.11149e-06 8.86639e-06
10 1.5 1 0.001 137.4 0.000260104 0.000256433 0.000263895
10 1.5 1 0.01 137.4 9.09512e-05 8.91547e-05 9.27332e-05
10 1.5 1 0.1 137.4 5.10763e-06 4.82394e-06 5.39317e-06
10 1.5 1 0.001 164.8 0.000214057 0.000210759 0.000217196
10 1.5 1 0.01 164.8 6.39894e-05 6.24651e-05 6.54064e-05
10 1.5 1 0.1 164.8 2.39107e-06 2.20664e-06 2.56439e-06
10 1.5 1 0.001 197.8 0.000186236 0.000183338 0.000189367
10 1.5 1 0.01 197.8 4.67475e-05 4.55656e-05 4.79127e-05
10 1.5 1 0.1 197.8 1.11367e-06 9.89423e-07 1.23498e-06
10 1.5 1 0.001 237.4 0.000149146 0.000146294 0.000151853
10 1.5 1 0.01 237.4 3.0942e-05 3.00272e-05 3.17716e-05
10 1.5 1 0.1 237.4 4.86069e-07 4.03954e-07 5.64706e-07
10 2 1 0.001 0 0.00156334 0.00155432 0.00157336
10 2 1 0.01 0 0.000990101 0.00098292 0.000997325
10 2 1 0.1 0 0.000431128 0.000427069 0.000435535
10 2 1 0.001 46 0.00102693 0.00101977 0.00103388
10 2 1 0.01 46 0.000502513 0.000497875 0.000507195
10 2 1 0.1 46 0.000115872 0.00011391 0.000117524
10 2 1 0.001 15.4 0.00143726 0.00142871 0.0014462
10 2 1 0.01 15.4 0.000886615 0.0008801 0.000893264
10 2 1 0.1 15.4 0.000358003 0.00035378 0.000361681
10 2 1 0.001 18.5 0.00139771 0.00138926 0.00140614
10 2 1 0.01 18.5 0.000844524 0.000837936 0.000850857
10 2 1 0.1 18.5 0.000329245 0.000325624 0.000332749
10 2 1 0.001 22.2 0.00134247 0.00133315 0.00135185
10 2 1 0.01 22.2 0.000794126 0.000787689 0.000800013
10 2 1 0.1 22.2 0.000292402 0.000289036 0.000295802
10 2 1 0.001 26.2 0.00127782 0.00126963 0.00128593
10 2 1 0.01 26.2 0.000729538 0.000723281 0.000735638
10 2 1 0.1 26.2 0.000253672 0.000250858 0.00025685
10 2 1 0.001 31.9 0.00119505 0.00118692 0.00120314
10 2 1 0.01 31.9 0.000658659 0.000652524 0.000664054
10 2 1 0.1 31.9 0.00020646 0.000203861 0.000209517
10 2 1 0.001 38.4 0.00111972 0.00111166 0.00112687
10 2 1 0.01 38.4 0.000581531 0.000575766 0.000586605
10 2 1 0.1 38.4 0.000156359 0.000154134 0.000158671
10 2 1 0.001 55.2 0.000925854 0.000918501 0.00093253
10 2 1 0.01 55.2 0.000421475 0.000416935 0.000425815
10 2 1 0.1 55.2 7.86194e-05 7.71644e-05 8.0007e-05
10 2 1 0.001 66.2 0.000845598 0.000839176 0.000852381
10 2 1 0.01 66.2 0.000352118 0.000348458 0.000356003
10 2 1 0.1 66.2 5.0864e-05 4.9813e-05 5.19564e-05
10 2 1 0.001 79.5 0.000756713 0.000750235 0.000763021
10 2 1 0.01 79.5 0.000282325 0.000279055 0.000285622
10 2 1 0.1 79.5 3.01613e-05 2.94054e-05 3.09324e-05
10 2 1 0.001 95.4 0.000671156 0.000665454 0.00067728
10 2 1 0.01 95.4 0.000223178 0.00022028 0.000226017
10 2 1 0.1 95.4 1.71461e-05 1.65853e-05 1.76481e-05
10 2 1 0.001 114.5 0.000585582 0.00058075 0.000590749
10 2 1 0.01 114.5 0.00017065 0.000168329 0.000173078
10 2 1 0.1 114.5 8.31377e-06 8.01368e-06 8.60918e-06
10 2 1 0.001 137.4 0.000507953 0.000503503 0.000512667
10 2 1 0.01 137.4 0.000125937 0.000123875 0.000127874
10 2 1 0.1 137.4 3.62573e-06 3.45739e-06 3.79158e-06
10 2 1 0.001 164.8 0.000443526 0.000438898 0.000447829
10 2 1 0.01 164.8 9.21811e-05 9.05548e-05 9.37936e-05
10 2 1 0.1 164.8 1.74288e-06 1.64025e-06 1.84969e-06
10 2 1 0.001 197.8 0.000372325 0.000368333 0.000376438
10 2 1 0.01 197.8 6.00009e-05 5.87943e-05 6.12577e-05
10 2 1 0.1 197.8 4.85905e-07 4.435e-07 5.30173e-07
10 2 1 0.001 237.4 0.000294894 0.000291702 0.00029813
10 2 1 0.01 237.4 3.62076e-05 3.53097e-05 3.7027e-05
10 2 1 0.1 237.4 1.2383e-07 1.08288e-07 1.39738e-07
10 2.05 1 0.001 0 0.0506156 0.0505572 0.0506727
10 2.05 1 0.01 0 0.0467901 0.0467353 0.0468418
10 2.05 1 0.1 0 0.0345648 0.0345218 0.0346044
10 2.05 1 0.001 46 0.0026407 0.00262805 0.00265208
10 2.05 1 0.01 46 0.000820006 0.000814483 0.000825278
10 2.05 1 0.1 46 3.86699e-05 3.78471e-05 3.94715e-05
10 2.05 1 0.001 15.4 0.00594514 0.00592466 0.00596469
10 2.05 1 0.01 15.4 0.00333446 0.00332294 0.00334824
10 2.05 1 0.1 15.4 0.000665271 0.000660719 0.000669388
10 2.05 1 0.001 18.5 0.00523183 0.00521379 0.00524838
10 2.05 1 0.01 18.5 0.00272219 0.00271074 0.00273273
10 2.05 1 0.1 18.5 0.000446537 0.000443178 0.000449655
10 2.05 1 0.001 22.2 0.00462432 0.00460747 0.00464007
10 2.05 1 0.01 22.2 0.00223161 0.00222099 0.00224105
10 2.05 1 0.1 22.2 0.000300828 0.000298202 0.000303368
10 2.05 1 0.001 26.2 0.00409983 0.00408459 0.0041144
10 2.05 1 0.01 26.2 0.00181336 0.00180483 0.00182217
10 2.05 1 0.1 26.2 0.000195578 0.000193624 0.000197474
10 2.05 1 0.001 31.9 0.00353054 0.00351691 0.00354373
10 2.05 1 0.01 31.9 0.00140391 0.00139657 0.00141084
10 2.05 1 0.1 31.9 0.000117102 0.000115512 0.000118519
10 2.05 1 0.001 38.4 0.00306955 0.00305701 0.00308293
10 2.05 1 0.01 38.4 0.00108115 0.00107416 0.00108689
10 2.05 1 0.1 38.4 6.8168e-05 6.71408e-05 6.93348e-05
10 2.05 1 0.001 55.2 0.00224869 0.00223769 0.00225945
10 2.05 1 0.01 55.2 0.000598758 0.000594497 0.000603157
10 2.05 1 0.1 55.2 1.97351e-05 1.91473e-05 2.02515e-05
10 2.05 1 0.001 66.2 0.00188862 0.00187842 0.00189789
10 2.05 1 0.01 66.2 0.000428089 0.000424395 0.000431423
10 2.05 1 0.1 66.2 1.03577e-05 9.95942e-06 1.07316e-05
10 2.05 1 0.001 79.5 0.00157512 0.00156677 0.0015837
10 2.05 1 0.01 79.5 0.000292252 0.000289505 0.000294914
10 2.05 1 0.1 79.5 5.22798e-06 4.94875e-06 5.50389e-06
10 2.05 1 0.001 95.4 0.00128223 0.00127509 0.00129002
10 2.05 1 0.01 95.4 0.000188903 0.000186721 0.000191014
10 2.05 1 0.1 95.4 2.34627e-06 2.18168e-06 2.50685e-06
10 2.05 1 0.001 114.5 0.00103344 0.00102597 0.0010405
10 2.05 1 0.01 114.5 0.000120007 0.000118361 0.000121526
10 2.05 1 0.1 114.5 1.30462e-06 1.17948e-06 1.43704e-06
10 2.05 1 0.001 137.4 0.000805866 0.000800207 0.000811068
10 2.05 1 0.01 137.4 7.08915e-05 6.96673e-05 7.19819e-05
10 2.05 1 0.1 137.4 4.62668e-07 3.81711e-07 5.46594e-07
10 2.05 1 0.001 164.8 0.000615342 0.000610455 0.000619643
10 2.05 1 0.01 164.8 4.03056e-05 3.94525e-05 4.1096e-05
10 2.05 1 0.1 164.8 1.84877e-07 1.41012e-07 2.27802e-07
10 2.05 1 0.001 197.8 0.000453158 0.000449281 0.000457119
10 2.05 1 0.01 197.8 2.16487e-05 2.10676e-05 2.21739e-05
10 2.05 1 0.1 197.8 1.80333e-07 1.16208e-07 2.37031e-07
10 2.05 1 0.001 237.4 0.000327632 0.000324322 0.000330723
10 2.05 1 0.01 237.4 1.05048e-05 1.01271e-05 1.08833e-05
10 2.05 1 0.1 237.4 4.05254e-08 2.51364e-08 5.56874e-08
