0 -9.60160084529239 -9.6233861408248 -9.57983282462553
0.993251773010283 -9.63760793570487 -9.65986395636601 -9.61593248814953
2.00012773496011 -9.61248649401714 -9.63392159035022 -9.59139290670129
3.00022217882684 -9.62066175271152 -9.64212224840187 -9.59904423782026
4.00003388275086 -9.62596339748211 -9.64735806859745 -9.60462669616792
4.99997871390773 -9.66972379577494 -9.69194381973217 -9.64878332058155
6.00000299062804 -9.82826134869372 -9.85111144460282 -9.80537765922613
6.9999971198819 -10.1518899392146 -10.1774771298563 -10.1266661044629
8.00000067527204 -10.815387936109 -10.8491504540688 -10.7837839241869
8.99999951529857 -11.8297150814958 -11.8761920863584 -11.7856493050201
9.99997885272489 -13.258257559218 -13.3453819365304 -13.1794259134878
10.9999976331124 -15.7640431425999 -15.8933693528489 -15.653971773625
12.0000012815651 -18.0515546384499 -18.4637062059918 -17.7687358385435
