1.85 0.01 0.001 0 -7.94179123472755 -7.95082879805954 -7.93266181923479
1.85 0.01 0.001 0.993251773010283 -7.9682397591921 -7.97738077363441 -7.95907852960708
1.85 0.01 0.001 2.00012773496011 -7.97046871191493 -7.97990481536491 -7.96106633989019
1.85 0.01 0.001 3.00022217882684 -7.96971071530409 -7.97883022465716 -7.96032975916763
1.85 0.01 0.001 4.00003388275086 -7.96585153993306 -7.9750549644113 -7.95651511077071
1.85 0.01 0.001 4.99997871390773 -7.98246453498876 -7.99192634586119 -7.97324231721842
1.85 0.01 0.001 6.00000299062804 -8.01454692759853 -8.0241354863706 -8.0052232226628
1.85 0.01 0.001 6.9999971198819 -8.13256364389621 -8.14217698156757 -8.12264411363225
1.85 0.01 0.001 8.00000067527204 -8.44539824939828 -8.45620157812588 -8.43448020595605
1.85 0.01 0.001 8.99999951529857 -9.29754122146005 -9.31275301466195 -9.28314227433358
1.85 0.01 0.001 9.99997885272489 -11.4897168798333 -11.5263258504234 -11.4540623937735
1.85 0.01 0.001 10.9999976331124 -15.7674458216235 -15.9177622851127 -15.636682360161
1.85 0.01 0.001 12.0000012815651 -18.6330859086743 -19.8558250710298 -18.0991843736314
1.85 0.01 0.01 0 -9.03871750932269 -9.05400351215422 -9.02367824908381
1.85 0.01 0.01 0.993251773010283 -9.07854924273196 -9.09389155933294 -9.06324020297578
1.85 0.01 0.01 2.00012773496011 -9.07789206567796 -9.09417642411311 -9.06256712768675
1.85 0.01 0.01 3.00022217882684 -9.06813793177906 -9.08337297531431 -9.0530289781864
1.85 0.01 0.01 4.00003388275086 -9.07979468212954 -9.09544149149966 -9.0645531399102
1.85 0.01 0.01 4.99997871390773 -9.10860542074141 -9.12417185008914 -9.09317975220261
1.85 0.01 0.01 6.00000299062804 -9.20689630957363 -9.22247165938707 -9.1909201707367
1.85 0.01 0.01 6.9999971198819 -9.56093100578312 -9.57861374699661 -9.54294449938711
1.85 0.01 0.01 8.00000067527204 -10.5218055924754 -10.5460442856476 -10.4983652998409
1.85 0.01 0.01 8.99999951529857 -12.8416303940408 -12.893472374379 -12.7913129551484
1.85 0.01 0.01 9.99997885272489 -16.0953366138378 -16.3670301991161 -15.8870315501764
1.85 0.01 0.01 10.9999976331124 -20.9185522757906 -21.8100157624745 -20.4687864225223
1.85 0.01 0.01 12.0000012815651 -22.0236651105627 -30.7638247547089 -21.3305968545005
1.85 0.01 0.1 0 -10.4501096256112 -10.4784748795556 -10.4227520166994
1.85 0.01 0.1 0.993251773010283 -10.5098883912251 -10.5381696178069 -10.481789341427
1.85 0.01 0.1 2.00012773496011 -10.4875435849094 -10.5166043331906 -10.4589305586478
1.85 0.01 0.1 3.00022217882684 -10.4851398710728 -10.5138867648649 -10.4570397611814
1.85 0.01 0.1 4.00003388275086 -10.5210820906954 -10.5503467443773 -10.4928262211732
1.85 0.01 0.1 4.99997871390773 -10.5446230967779 -10.5747010447909 -10.5162610032933
1.85 0.01 0.1 6.00000299062804 -10.8119093260316 -10.843205572861 -10.7805912256695
1.85 0.01 0.1 6.9999971198819 -11.9401577688762 -11.9856592176136 -11.8978499828497
1.85 0.01 0.1 8.00000067527204 -14.7106613218869 -14.8553399196953 -14.5853638521571
1.85 0.01 0.1 8.99999951529857 -20.7066840773547 -21.4532014909542 -20.2941232654839
1.85 0.01 0.1 9.99997885272489 -28.8409482789827 -30.0227391074758 -28.3254531215228
1.85 0.01 0.1 10.9999976331124 -50.8401736827846 -51.6438240044468 -50.3452122504459
1.85 0.01 0.1 12.0000012815651 -52.4438230941048 -139.843824823005 -51.7506759135448
1.85 0.01 1 0 -13.2984265587478 -13.354844135071 -13.2463801776603
1.85 0.01 1 0.993251773010283 -13.3730836964888 -13.4315483217493 -13.3187858869774
1.85 0.01 1 2.00012773496011 -13.3089761282155 -13.3638745860767 -13.2568323522789
1.85 0.01 1 3.00022217882684 -13.2673544679751 -13.3218819590268 -13.2151532358883
1.85 0.01 1 4.00003388275086 -13.3409050336989 -13.3968002231061 -13.2881169444709
1.85 0.01 1 4.99997871390773 -13.3766815982708 -13.4346182362926 -13.3231279661632
1.85 0.01 1 6.00000299062804 -13.9420742812732 -14.0186934062416 -13.8700248235884
1.85 0.01 1 6.9999971198819 -16.5756080218273 -16.8712094198862 -16.3457192225942
1.85 0.01 1 8.00000067527204 -21.0276885892437 -26.157700794592 -20.3377109619237
1.85 0.01 1 8.99999951529857 -61.0343841005366 -75.0159013047381 -60.3412385264243
1.85 0.01 1 9.99997885272489 -139.034049950018 -147.034388347699 -138.341071368592
1.85 0.01 1 10.9999976331124 -346.516895240862 -348.643825159813 -345.885201264254
1.85 0.01 1 12.0000012815651 -356.643824860719 -Inf -355.950677680159
