0 0
1 1.088e-05
2 7.88e-06
3 4.7196e-06
4 3.44e-06
5 3.76e-06
6 2.68e-06
7 2.9196e-06
8 2.12e-06
9 2.24e-06
10 1.6796e-06
11 1.8796e-06
12 1.72e-06
13 1.12e-06
14 1.12e-06
15 1.4396e-06
16 1.2e-06
17 8.4e-07
18 1.1996e-06
19 1.36e-06
20 1.12e-06
21 1.08e-06
22 7.6e-07
23 1.16e-06
24 8.79602e-07
25 7.2e-07
26 9.19602e-07
27 1e-06
28 8e-07
29 8.8e-07
30 8.8e-07
31 3.6e-07
32 4.8e-07
33 6.8e-07
34 7.2e-07
35 4.8e-07
36 6.8e-07
37 4.8e-07
38 1.04e-06
39 6e-07
40 7.99204e-07
41 7.19602e-07
42 5.19602e-07
43 5.58806e-07
44 8.79602e-07
45 4e-07
46 4e-07
47 6.4e-07
48 3.6e-07
49 4e-07
50 5.2e-07
51 3.6e-07
52 3.2e-07
53 5.99602e-07
54 4.4e-07
55 3.6e-07
56 4.4e-07
57 4e-07
58 3.2e-07
59 4e-07
60 5.2e-07
61 3.6e-07
62 3.6e-07
63 2.8e-07
64 5.2e-07
65 3.6e-07
66 4e-07
67 5.2e-07
68 6e-07
69 4.4e-07
70 3.2e-07
71 4e-07
72 2.8e-07
73 2e-07
74 6.39602e-07
75 4.4e-07
76 2.8e-07
77 2.79602e-07
78 6.39602e-07
79 3.2e-07
80 3.2e-07
81 2e-07
82 2.8e-07
83 2.8e-07
84 2.4e-07
85 3.2e-07
86 3.6e-07
87 3.6e-07
88 4e-07
89 4.4e-07
90 2e-07
91 2e-07
92 3.2e-07
93 2.79602e-07
94 2.4e-07
95 1.6e-07
96 2e-07
97 2.8e-07
98 4.8e-07
99 2.4e-07
100 2.8e-07
101 2e-07
102 2.4e-07
103 3.2e-07
104 3.2e-07
105 2.4e-07
106 4.8e-07
107 2.4e-07
108 3.6e-07
109 3.6e-07
110 1.2e-07
111 4e-08
112 2.4e-07
113 4e-08
114 2.4e-07
115 3.6e-07
116 1.6e-07
117 3.2e-07
118 8e-08
119 2e-07
120 3.2e-07
121 3.2e-07
122 4.8e-07
123 2.4e-07
124 4.4e-07
125 4e-07
126 1.6e-07
127 2.79602e-07
128 1.6e-07
129 2.39602e-07
130 2e-07
131 2.4e-07
132 2.4e-07
133 2.8e-07
134 2e-07
135 1.2e-07
136 2.79602e-07
137 1.6e-07
138 1.2e-07
139 2e-07
140 2e-07
141 3.2e-07
142 2e-07
143 1.6e-07
144 1.2e-07
145 2.79602e-07
146 3.2e-07
147 2e-07
148 4e-08
149 1.6e-07
150 2e-07
151 4e-07
152 1.2e-07
153 3.2e-07
154 2.4e-07
155 3.2e-07
156 8e-08
157 1.2e-07
158 2.8e-07
159 1.2e-07
160 2.4e-07
161 1.6e-07
162 2.8e-07
163 2e-07
164 1.99602e-07
165 2.4e-07
166 3.2e-07
167 4e-08
168 4e-07
169 1.59602e-07
170 1.2e-07
171 2e-07
172 2.4e-07
173 4e-08
174 1.2e-07
175 2e-07
176 1.59602e-07
177 1.2e-07
178 1.6e-07
179 1.2e-07
180 2.8e-07
181 1.6e-07
182 2e-07
183 1.6e-07
184 2.8e-07
185 4e-07
186 1.6e-07
187 3.6e-07
188 2.8e-07
189 7.9602e-08
190 1.2e-07
191 5.2e-07
192 2.39602e-07
193 4e-08
194 4e-08
195 1.6e-07
196 2.4e-07
197 1.59602e-07
198 2.4e-07
199 1.6e-07
200 4e-08
201 4e-08
202 0
203 2e-07
204 1.2e-07
205 4e-08
206 2e-07
207 4e-08
208 2e-07
209 2.39602e-07
210 1.6e-07
211 0
212 2e-07
213 8e-08
214 8e-08
215 1.2e-07
216 1.19602e-07
217 3.2e-07
218 1.6e-07
219 8e-08
220 2e-07
221 1.6e-07
222 8e-08
223 3.9602e-08
224 1.2e-07
225 2e-07
226 1.6e-07
227 1.2e-07
228 2.4e-07
229 8e-08
230 1.6e-07
231 2.4e-07
232 2e-07
233 2.79602e-07
234 4e-08
235 4e-08
236 1.6e-07
237 2e-07
238 3.2e-07
239 1.6e-07
240 2e-07
241 2.39602e-07
242 4e-08
243 0
244 1.6e-07
245 1.6e-07
246 4e-08
247 1.99602e-07
248 1.2e-07
249 2e-07
250 1.6e-07
251 2e-07
252 1.2e-07
253 1.6e-07
254 1.6e-07
255 8e-08
256 8e-08
257 2e-07
258 1.6e-07
259 1.19602e-07
260 4e-08
261 1.6e-07
262 1.2e-07
263 1.6e-07
264 4e-08
265 8e-08
266 1.2e-07
267 8e-08
268 1.2e-07
269 8e-08
270 2.4e-07
271 8e-08
272 2e-07
273 1.2e-07
274 2.4e-07
275 1.2e-07
276 1.6e-07
277 2e-07
278 8e-08
279 8e-08
280 2e-07
281 1.6e-07
282 8e-08
283 2.4e-07
284 1.59602e-07
285 2e-07
286 2e-07
287 4e-08
288 2e-07
289 2e-07
290 4e-08
291 2.4e-07
292 8e-08
293 3.6e-07
294 1.2e-07
295 2e-07
296 8e-08
297 4e-08
298 8e-08
299 8e-08
300 1.19602e-07
301 8e-08
302 4e-08
303 1.6e-07
304 1.2e-07
305 1.6e-07
306 1.6e-07
307 8e-08
308 1.2e-07
309 1.2e-07
310 2.39602e-07
311 2e-07
312 1.2e-07
313 1.6e-07
314 4e-08
315 1.2e-07
316 1.2e-07
317 8e-08
318 8e-08
319 1.6e-07
320 1.2e-07
321 2e-07
322 8e-08
323 1.2e-07
324 1.6e-07
325 2e-07
326 4e-08
327 2e-07
328 1.6e-07
329 8e-08
330 2e-07
331 0
332 8e-08
333 1.2e-07
334 0
335 1.6e-07
336 8e-08
337 1.6e-07
338 8e-08
339 2e-07
340 4e-08
341 8e-08
342 4e-08
343 2.79602e-07
344 1.6e-07
345 4e-08
346 8e-08
347 8e-08
348 8e-08
349 1.2e-07
350 4e-08
351 4e-08
352 8e-08
353 8e-08
354 1.6e-07
355 4e-08
356 8e-08
357 4e-08
358 4e-08
359 1.2e-07
360 1.2e-07
361 2e-07
362 3.9602e-08
363 2e-07
364 1.6e-07
365 1.2e-07
366 3.9602e-08
367 1.2e-07
368 1.2e-07
369 4e-08
370 4e-08
371 1.6e-07
372 4e-08
373 8e-08
374 4e-08
375 3.6e-07
376 1.2e-07
377 4e-08
378 1.2e-07
379 8e-08
380 1.2e-07
381 2e-07
382 8e-08
383 8e-08
384 0
385 8e-08
386 1.2e-07
387 8e-08
388 4e-08
389 8e-08
390 8e-08
391 8e-08
392 4e-08
393 1.2e-07
394 4e-08
395 8e-08
396 2e-07
397 1.2e-07
398 1.2e-07
399 1.19602e-07
400 1.2e-07
401 2e-07
402 0
403 8e-08
404 0
405 1.19602e-07
406 8e-08
407 1.2e-07
408 1.2e-07
409 8e-08
410 1.2e-07
411 1.2e-07
412 8e-08
413 4e-08
414 4e-08
415 7.9602e-08
416 1.2e-07
417 7.9602e-08
418 1.2e-07
419 8e-08
420 0
421 1.2e-07
422 1.2e-07
423 1.59602e-07
424 0
425 1.2e-07
426 1.2e-07
427 1.2e-07
428 8e-08
429 4e-08
430 4e-08
431 1.2e-07
432 0
433 0
434 0
435 4e-08
436 4e-08
437 8e-08
438 8e-08
439 0
440 8e-08
441 1.6e-07
442 8e-08
443 8e-08
444 8e-08
445 4e-08
446 1.6e-07
447 4e-08
448 4e-08
449 8e-08
450 4e-08
451 8e-08
452 4e-08
453 1.59602e-07
454 8e-08
455 1.2e-07
456 4e-08
457 8e-08
458 4e-08
459 1.2e-07
460 0
461 4e-08
462 1.2e-07
463 1.19602e-07
464 8e-08
465 4e-08
466 1.2e-07
467 8e-08
468 8e-08
469 8e-08
470 2e-07
471 8e-08
472 1.2e-07
473 0
474 4e-08
475 4e-08
476 8e-08
477 8e-08
478 0
479 8e-08
480 0
481 8e-08
482 8e-08
483 8e-08
484 1.6e-07
485 1.2e-07
486 8e-08
487 8e-08
488 1.2e-07
489 1.6e-07
490 8e-08
491 4e-08
492 1.2e-07
493 8e-08
494 1.19602e-07
495 1.19602e-07
496 8e-08
497 8e-08
498 1.2e-07
499 0
500 2.39602e-07
501 4e-08
502 1.6e-07
503 1.2e-07
504 4e-08
505 0
506 4e-08
507 4e-08
508 1.2e-07
509 8e-08
510 1.19602e-07
511 0
512 1.2e-07
513 1.2e-07
514 4e-08
515 4e-08
516 8e-08
517 8e-08
518 4e-08
519 4e-08
520 8e-08
521 4e-08
522 4e-08
523 4e-08
524 8e-08
525 1.6e-07
526 1.6e-07
527 0
528 4e-08
529 0
530 8e-08
531 2.4e-07
532 1.2e-07
533 8e-08
534 3.9602e-08
535 2e-07
536 1.6e-07
537 8e-08
538 0
539 1.6e-07
540 1.19204e-07
541 1.2e-07
542 1.2e-07
543 1.59602e-07
544 2e-07
545 1.99602e-07
546 1.2e-07
547 0
548 4e-08
549 1.2e-07
550 8e-08
551 8e-08
552 0
553 8e-08
554 1.2e-07
555 8e-08
556 1.2e-07
557 4e-08
558 4e-08
559 0
560 8e-08
561 1.6e-07
562 0
563 8e-08
564 1.2e-07
565 4e-08
566 4e-08
567 8e-08
568 4e-08
569 4e-08
570 4e-08
571 0
572 7.9602e-08
573 1.2e-07
574 1.6e-07
575 4e-08
576 1.2e-07
577 1.19602e-07
578 0
579 8e-08
580 4e-08
581 8e-08
582 0
583 8e-08
584 1.59602e-07
585 8e-08
586 4e-08
587 0
588 1.2e-07
589 4e-08
590 8e-08
591 2.4e-07
592 8e-08
593 1.6e-07
594 8e-08
595 4e-08
596 3.9602e-08
597 4e-08
598 1.2e-07
599 4e-08
600 1.6e-07
601 4e-08
602 8e-08
603 8e-08
604 4e-08
605 2e-07
606 4e-08
607 0
608 4e-08
609 1.2e-07
610 8e-08
611 4e-08
612 4e-08
613 4e-08
614 8e-08
615 4e-08
616 4e-08
617 8e-08
618 0
619 4e-08
620 2e-07
621 0
622 4e-08
623 4e-08
624 4e-08
625 1.6e-07
626 1.6e-07
627 8e-08
628 1.2e-07
629 8e-08
630 1.2e-07
631 8e-08
632 4e-08
633 8e-08
634 4e-08
635 4e-08
636 0
637 1.6e-07
638 8e-08
639 8e-08
640 1.2e-07
641 4e-08
642 8e-08
643 0
644 1.2e-07
645 8e-08
646 0
647 8e-08
648 1.2e-07
649 0
650 8e-08
651 1.2e-07
652 8e-08
653 0
654 0
655 4e-08
656 8e-08
657 8e-08
658 1.2e-07
659 8e-08
660 1.2e-07
661 8e-08
662 0
663 0
664 4e-08
665 1.2e-07
666 4e-08
667 0
668 0
669 1.6e-07
670 0
671 8e-08
672 4e-08
673 0
674 8e-08
675 8e-08
676 8e-08
677 1.2e-07
678 3.9602e-08
679 4e-08
680 4e-08
681 1.6e-07
682 1.2e-07
683 4e-08
684 0
685 4e-08
686 8e-08
687 1.2e-07
688 1.2e-07
689 0
690 8e-08
691 2.39602e-07
692 1.99602e-07
693 3.9602e-08
694 0
695 1.2e-07
696 4e-08
697 2e-07
698 0
699 8e-08
700 2e-07
701 1.6e-07
702 8e-08
703 8e-08
704 1.2e-07
705 4e-08
706 4e-08
707 0
708 4e-08
709 1.6e-07
710 1.19602e-07
711 0
712 4e-08
713 4e-08
714 4e-08
715 1.2e-07
716 0
717 4e-08
718 4e-08
719 1.2e-07
720 8e-08
721 8e-08
722 4e-08
723 4e-08
724 1.2e-07
725 4e-08
726 8e-08
727 4e-08
728 0
729 0
730 0
731 1.6e-07
732 4e-08
733 4e-08
734 8e-08
735 2e-07
736 8e-08
737 0
738 1.2e-07
739 4e-08
740 0
741 8e-08
742 8e-08
743 4e-08
744 0
745 4e-08
746 0
747 8e-08
748 1.2e-07
749 0
750 0
751 4e-08
752 0
753 4e-08
754 4e-08
755 8e-08
756 4e-08
757 4e-08
758 0
759 4e-08
760 4e-08
761 0
762 4e-08
763 4e-08
764 0
765 0
766 0
767 0
768 4e-08
769 0
770 2.39602e-07
771 4e-08
772 8e-08
773 4e-08
774 0
775 4e-08
776 1.6e-07
777 4e-08
778 4e-08
779 4e-08
780 4e-08
781 0
782 0
783 4e-08
784 4e-08
785 0
786 4e-08
787 1.2e-07
788 7.9602e-08
789 4e-08
790 4e-08
791 4e-08
792 8e-08
793 8e-08
794 4e-08
795 4e-08
796 4e-08
797 1.6e-07
798 0
799 8e-08
800 8e-08
801 4e-08
802 1.6e-07
803 4e-08
804 0
805 8e-08
806 0
807 0
808 8e-08
809 4e-08
810 4e-08
811 0
812 4e-08
813 3.9602e-08
814 1.2e-07
815 4e-08
816 0
817 1.2e-07
818 4e-08
819 1.2e-07
820 0
821 3.9602e-08
822 4e-08
823 4e-08
824 0
825 1.2e-07
826 8e-08
827 4e-08
828 8e-08
829 0
830 4e-08
831 8e-08
832 4e-08
833 8e-08
834 4e-08
835 4e-08
836 4e-08
837 2e-07
838 4e-08
839 8e-08
840 0
841 3.9602e-08
842 4e-08
843 4e-08
844 4e-08
845 8e-08
846 1.2e-07
847 4e-08
848 3.9602e-08
849 8e-08
850 8e-08
851 0
852 4e-08
853 4e-08
854 0
855 0
856 8e-08
857 8e-08
858 1.2e-07
859 4e-08
860 0
861 1.6e-07
862 1.2e-07
863 4e-08
864 3.9602e-08
865 4e-08
866 0
867 8e-08
868 1.2e-07
869 4e-08
870 4e-08
871 1.2e-07
872 4e-08
873 4e-08
874 8e-08
875 8e-08
876 1.19602e-07
877 0
878 0
879 0
880 4e-08
881 0
882 4e-08
883 1.2e-07
884 4e-08
885 0
886 8e-08
887 8e-08
888 4e-08
889 1.2e-07
890 8e-08
891 8e-08
892 8e-08
893 4e-08
894 1.2e-07
895 0
896 0
897 4e-08
898 4e-08
899 4e-08
900 0
901 0
902 1.2e-07
903 4e-08
904 0
905 0
906 0
907 1.2e-07
908 4e-08
909 1.2e-07
910 8e-08
911 4e-08
912 1.2e-07
913 4e-08
914 0
915 8e-08
916 1.2e-07
917 0
918 0
919 8e-08
920 4e-08
921 0
922 8e-08
923 4e-08
924 1.2e-07
925 0
926 0
927 0
928 8e-08
929 4e-08
930 8e-08
931 0
932 1.2e-07
933 4e-08
934 4e-08
935 1.2e-07
936 4e-08
937 1.2e-07
938 4e-08
939 4e-08
940 4e-08
941 4e-08
942 1.2e-07
943 4e-08
944 8e-08
945 8e-08
946 4e-08
947 0
948 1.6e-07
949 8e-08
950 1.2e-07
951 0
952 4e-08
953 8e-08
954 8e-08
955 4e-08
956 4e-08
957 0
958 0
959 4e-08
960 4e-08
961 8e-08
962 1.2e-07
963 4e-08
964 0
965 4e-08
966 8e-08
967 8e-08
968 3.9602e-08
969 4e-08
970 4e-08
971 8e-08
972 0
973 0
974 1.2e-07
975 4e-08
976 4e-08
977 4e-08
978 4e-08
979 4e-08
980 4e-08
981 8e-08
982 0
983 4e-08
984 4e-08
985 4e-08
986 0
987 4e-08
988 1.2e-07
989 0
990 1.2e-07
991 8e-08
992 4e-08
993 0
994 0
995 1.2e-07
996 8e-08
997 4e-08
998 4e-08
999 0
