0 0
1 0.001312
2 0.00068
3 0.000488
4 0.000354943
5 0.000389472
6 0.000288
7 0.000281472
8 0.000256
9 0.000172
10 0.000204
11 0.000168
12 0.000124
13 0.000204
14 0.000149472
15 0.000164
16 0.000148
17 8.4e-05
18 0.000128
19 0.000112
20 0.000108
21 9.6e-05
22 9.6e-05
23 8.94715e-05
24 5.6e-05
25 8.8e-05
26 0.000112
27 8.4e-05
28 5.2e-05
29 9.6e-05
30 9.34715e-05
31 0.000112
32 5.6e-05
33 6e-05
34 9.34715e-05
35 5.2e-05
36 7.2e-05
37 6.4e-05
38 7.2e-05
39 8e-05
40 9.6e-05
41 6.4e-05
42 8.8e-05
43 4.8e-05
44 5.6e-05
45 6e-05
46 5.74715e-05
47 4.94715e-05
48 5.2e-05
49 3.6e-05
50 4.14715e-05
51 4.4e-05
52 4.8e-05
53 6e-05
54 3.2e-05
55 5.2e-05
56 3.74715e-05
57 5.2e-05
58 3.2e-05
59 5.2e-05
60 4.8e-05
61 5.74715e-05
62 4.8e-05
63 6e-05
64 4e-05
65 3.2e-05
66 2.54715e-05
67 6e-05
68 2.4e-05
69 4.8e-05
70 3.6e-05
71 2.05413e-05
72 2e-05
73 4.14715e-05
74 2e-05
75 4e-05
76 4e-05
77 5.6e-05
78 5.2e-05
79 2.14715e-05
80 4.4e-05
81 5.2e-05
82 6.4e-05
83 3.2e-05
84 2.54715e-05
85 4.4e-05
86 4e-05
87 3.74715e-05
88 2.8e-05
89 4e-05
90 4.8e-05
91 2.8e-05
92 4.8e-05
93 2.8e-05
94 3.2e-05
95 4e-05
96 4e-05
97 5.6e-05
98 1.6e-05
99 2.8e-05
100 2e-05
101 2.8e-05
102 3.2e-05
103 3.6e-05
104 1.34715e-05
105 4.2943e-05
106 2.54715e-05
107 2.4e-05
108 1.6e-05
109 3.6e-05
110 2e-05
111 4.8e-05
112 2e-05
113 2.8e-05
114 1.6e-05
115 2.94715e-05
116 4e-05
117 2e-05
118 2.8e-05
119 2.8e-05
120 2e-05
121 3.2e-05
122 4e-05
123 8e-06
124 1.2e-05
125 2e-05
126 2.4e-05
127 3.2e-05
128 1.6e-05
129 2.8e-05
130 1.2e-05
131 5.2e-05
132 5.47152e-06
133 2e-05
134 2.8e-05
135 2e-05
136 2.8e-05
137 2.4e-05
138 5.2e-05
139 2.94715e-05
140 2e-05
141 2.4e-05
142 2.4e-05
143 3.2e-05
144 2.4e-05
145 2.4e-05
146 2.8e-05
147 2.4e-05
148 1.6e-05
149 4.4e-05
150 2.4e-05
151 2.8e-05
152 2.8e-05
153 3.2e-05
154 8e-06
155 1.2e-05
156 4e-06
157 3.2e-05
158 2e-05
159 1.2e-05
160 3.2e-05
161 2.8e-05
162 1.6e-05
163 1.2e-05
164 2e-05
165 1.6e-05
166 2.8e-05
167 2.4e-05
168 1.2e-05
169 2e-05
170 1.6e-05
171 2e-05
172 2.54715e-05
173 1.6e-05
174 2.54715e-05
175 2.54715e-05
176 4e-06
177 2.8e-05
178 1.6e-05
179 2.54715e-05
180 1.2e-05
181 2.4e-05
182 1.2e-05
183 4e-06
184 1.6e-05
185 8e-06
186 1.2e-05
187 8e-06
188 9.47152e-06
189 1.2e-05
190 2e-05
191 8e-06
192 3.2e-05
193 1.34715e-05
194 2e-05
195 2.4e-05
196 2.8e-05
197 8e-06
198 3.2e-05
199 5.47152e-06
200 2.4e-05
201 1.6e-05
202 2.4e-05
203 1.6e-05
204 1.2e-05
205 2e-05
206 2.4e-05
207 1.6e-05
208 2e-05
209 1.6e-05
210 2.8e-05
211 1.6e-05
212 2.54715e-05
213 2.54715e-05
214 9.47152e-06
215 1.6e-05
216 8e-06
217 8e-06
218 1.6e-05
219 8e-06
220 2e-05
221 8e-06
222 8e-06
223 8e-06
224 3.2e-05
225 1.2e-05
226 1.2e-05
227 1.34715e-05
228 2.8e-05
229 2e-05
230 1.6e-05
231 8e-06
232 1.2e-05
233 2e-05
234 2e-05
235 1.6e-05
236 2e-05
237 1.2e-05
238 1.2e-05
239 1.34715e-05
240 1.2e-05
241 3.2e-05
242 2e-05
243 1.6e-05
244 2.4e-05
245 2.8e-05
246 1.2e-05
247 1.2e-05
248 8e-06
249 1.2e-05
250 1.6e-05
251 9.47152e-06
252 1.6e-05
253 1.2e-05
254 8e-06
255 2.8e-05
256 1.6e-05
257 8e-06
258 1.6e-05
259 1.2e-05
260 4e-06
261 4e-06
262 8e-06
263 1.6e-05
264 0
265 2.94715e-05
266 1.6e-05
267 2e-05
268 2.4e-05
269 1.6e-05
270 4e-06
271 2.8e-05
272 8e-06
273 1.6e-05
274 1.6e-05
275 1.2e-05
276 1.6e-05
277 2.4e-05
278 1.6e-05
279 0
280 1.2e-05
281 8e-06
282 8e-06
283 1.6e-05
284 2e-05
285 8e-06
286 8e-06
287 8e-06
288 1.6e-05
289 1.2e-05
290 8e-06
291 8e-06
292 1.6e-05
293 1.6e-05
294 2.4e-05
295 8e-06
296 1.2e-05
297 4e-06
298 2e-05
299 2e-05
300 2e-05
301 1.2e-05
302 2.4e-05
303 2e-05
304 8e-06
305 1.2e-05
306 0
307 1.2e-05
308 2.4e-05
309 8e-06
310 8e-06
311 4e-06
312 1.6e-05
313 1.2e-05
314 8e-06
315 1.6e-05
316 1.2e-05
317 1.2e-05
318 2e-05
319 1.6e-05
320 1.2e-05
321 4e-06
322 1.6e-05
323 0
324 4e-06
325 8e-06
326 2.8e-05
327 1.6e-05
328 1.6e-05
329 1.6e-05
330 1.6e-05
331 1.2e-05
332 8e-06
333 2e-05
334 1.6e-05
335 8e-06
336 1.2e-05
337 8e-06
338 1.6e-05
339 8e-06
340 5.47152e-06
341 4e-06
342 1.2e-05
343 4e-06
344 1.34715e-05
345 8e-06
346 1.2e-05
347 9.47152e-06
348 4e-06
349 1.2e-05
350 1.6e-05
351 8e-06
352 4e-06
353 4e-06
354 8e-06
355 0
356 1.74715e-05
357 4e-06
358 1.2e-05
359 1.2e-05
360 2.4e-05
361 2.4e-05
362 5.47152e-06
363 1.6e-05
364 1.6e-05
365 1.4943e-05
366 1.6e-05
367 4e-06
368 2e-05
369 8e-06
370 8e-06
371 1.2e-05
372 1.6e-05
373 4e-06
374 1.2e-05
375 1.2e-05
376 8e-06
377 8e-06
378 1.2e-05
379 1.6e-05
380 2e-05
381 8e-06
382 1.2e-05
383 2.14715e-05
384 2e-05
385 1.2e-05
386 2.4e-05
387 1.6e-05
388 4e-06
389 0
390 1.2e-05
391 1.2e-05
392 0
393 4e-06
394 4e-06
395 0
396 0
397 8e-06
398 0
399 4e-06
400 1.2e-05
401 1.2e-05
402 2.4e-05
403 8e-06
404 4e-06
405 1.2e-05
406 0
407 5.47152e-06
408 1.6e-05
409 1.2e-05
410 1.6e-05
411 4e-06
412 8e-06
413 1.2e-05
414 8e-06
415 8e-06
416 8e-06
417 1.2e-05
418 4e-06
419 4e-06
420 4e-06
421 4e-06
422 4e-06
423 1.2e-05
424 2.8e-05
425 1.2e-05
426 1.2e-05
427 4e-06
428 1.6e-05
429 1.6e-05
430 8e-06
431 4e-06
432 1.2e-05
433 1.6e-05
434 1.6e-05
435 4e-06
436 2.4e-05
437 5.47152e-06
438 8e-06
439 4e-06
440 0
441 4e-06
442 1.2e-05
443 0
444 1.74715e-05
445 1.2e-05
446 1.6e-05
447 0
448 1.6e-05
449 1.2e-05
450 8e-06
451 8e-06
452 4e-06
453 8e-06
454 8e-06
455 1.2e-05
456 1.2e-05
457 8e-06
458 1.2e-05
459 8e-06
460 2.4e-05
461 1.2e-05
462 2e-05
463 1.6e-05
464 1.8943e-05
465 4e-06
466 1.34715e-05
467 1.2e-05
468 8e-06
469 0
470 4e-06
471 1.2e-05
472 4e-06
473 8e-06
474 1.2e-05
475 4e-06
476 4e-06
477 2.4e-05
478 1.6e-05
479 0
480 8e-06
481 4e-06
482 8e-06
483 5.47152e-06
484 8e-06
485 4e-06
486 4e-06
487 8e-06
488 2e-05
489 4e-06
490 1.2e-05
491 5.47152e-06
492 8e-06
493 4e-06
494 0
495 8e-06
496 4e-06
497 4e-06
498 1.47152e-06
499 4e-06
500 1.2e-05
501 4e-06
502 1.2e-05
503 1.2e-05
504 8e-06
505 4e-06
506 8e-06
507 8e-06
508 1.2e-05
509 8e-06
510 1.2e-05
511 1.2e-05
512 1.34715e-05
513 8e-06
514 8e-06
515 1.2e-05
516 0
517 5.47152e-06
518 8e-06
519 1.6e-05
520 0
521 4e-06
522 0
523 1.2e-05
524 8e-06
525 1.6e-05
526 2e-05
527 4e-06
528 1.6e-05
529 1.6e-05
530 5.47152e-06
531 4e-06
532 8e-06
533 4e-06
534 0
535 1.2e-05
536 0
537 8e-06
538 1.2e-05
539 1.6e-05
540 1.6e-05
541 1.47152e-06
542 1.2e-05
543 1.2e-05
544 4e-06
545 1.2e-05
546 4e-06
547 1.6e-05
548 4e-06
549 8e-06
550 8e-06
551 4e-06
552 1.6e-05
553 8e-06
554 1.2e-05
555 0
556 1.2e-05
557 0
558 4e-06
559 0
560 1.2e-05
561 1.2e-05
562 8e-06
563 4e-06
564 8e-06
565 1.2e-05
566 4e-06
567 1.2e-05
568 4e-06
569 4e-06
570 1.2e-05
571 0
572 2e-05
573 1.47152e-06
574 4e-06
575 8e-06
576 0
577 0
578 4e-06
579 8e-06
580 8e-06
581 8e-06
582 0
583 4e-06
584 8e-06
585 1.2e-05
586 1.74715e-05
587 8e-06
588 1.2e-05
589 4e-06
590 0
591 1.6e-05
592 1.2e-05
593 8e-06
594 1.2e-05
595 0
596 4e-06
597 8e-06
598 8e-06
599 4e-06
600 8e-06
601 4e-06
602 4e-06
603 1.6e-05
604 8e-06
605 4e-06
606 8e-06
607 0
608 4e-06
609 4e-06
610 2.4e-05
611 4e-06
612 4e-06
613 0
614 9.47152e-06
615 4e-06
616 4e-06
617 8e-06
618 4e-06
619 8e-06
620 1.2e-05
621 4e-06
622 0
623 4e-06
624 4e-06
625 8e-06
626 1.6e-05
627 1.6e-05
628 4e-06
629 2.8e-05
630 9.47152e-06
631 0
632 0
633 4e-06
634 0
635 1.2e-05
636 0
637 4e-06
638 1.6e-05
639 2e-05
640 1.2e-05
641 8e-06
642 0
643 0
644 8e-06
645 1.2e-05
646 4e-06
647 1.2e-05
648 4e-06
649 4e-06
650 8e-06
651 4e-06
652 4e-06
653 8e-06
654 0
655 1.2e-05
656 4e-06
657 1.74715e-05
658 4e-06
659 4e-06
660 4e-06
661 0
662 0
663 4e-06
664 4e-06
665 4e-06
666 8e-06
667 4e-06
668 4e-06
669 4e-06
670 8e-06
671 0
672 0
673 4e-06
674 4e-06
675 1.6e-05
676 4e-06
677 0
678 8e-06
679 8e-06
680 4e-06
681 8e-06
682 4e-06
683 8e-06
684 0
685 8e-06
686 8e-06
687 4e-06
688 1.2e-05
689 0
690 1.2e-05
691 4e-06
692 8e-06
693 4e-06
694 4e-06
695 4e-06
696 4e-06
697 0
698 4e-06
699 1.2e-05
700 1.6e-05
701 0
702 0
703 8e-06
704 4e-06
705 1.2e-05
706 1.34715e-05
707 8e-06
708 4e-06
709 4e-06
710 4e-06
711 0
712 4e-06
713 4e-06
714 8e-06
715 4e-06
716 4e-06
717 4e-06
718 0
719 4e-06
720 2.4e-05
721 4e-06
722 4e-06
723 8e-06
724 8e-06
725 1.2e-05
726 8e-06
727 1.2e-05
728 0
729 4e-06
730 0
731 0
732 8e-06
733 0
734 0
735 4e-06
736 4e-06
737 4e-06
738 4e-06
739 8e-06
740 4e-06
741 0
742 8e-06
743 0
744 0
745 8e-06
746 8e-06
747 0
748 4e-06
749 8e-06
750 1.2e-05
751 8e-06
752 0
753 0
754 8e-06
755 0
756 0
757 0
758 8e-06
759 8e-06
760 4e-06
761 4e-06
762 0
763 8e-06
764 0
765 1.2e-05
766 4e-06
767 1.6e-05
768 4e-06
769 4e-06
770 1.2e-05
771 8e-06
772 1.2e-05
773 2e-05
774 8e-06
775 4e-06
776 4e-06
777 0
778 4e-06
779 0
780 0
781 0
782 4e-06
783 1.2e-05
784 0
785 4e-06
786 0
787 4e-06
788 8e-06
789 8e-06
790 9.47152e-06
791 4e-06
792 4e-06
793 0
794 1.6e-05
795 8e-06
796 4e-06
797 2e-05
798 4e-06
799 4e-06
800 0
801 4e-06
802 8e-06
803 8e-06
804 0
805 4e-06
806 4e-06
807 8e-06
808 0
809 5.47152e-06
810 0
811 8e-06
812 8e-06
813 2e-05
814 8e-06
815 4e-06
816 1.6e-05
817 4e-06
818 0
819 8e-06
820 4e-06
821 8e-06
822 8e-06
823 0
824 4e-06
825 8e-06
826 8e-06
827 4e-06
828 8e-06
829 0
830 0
831 4e-06
832 0
833 8e-06
834 8e-06
835 0
836 4e-06
837 1.47152e-06
838 0
839 4e-06
840 4e-06
841 1.2e-05
842 8e-06
843 0
844 0
845 1.6e-05
846 8e-06
847 4e-06
848 8e-06
849 4e-06
850 4e-06
851 4e-06
852 4e-06
853 0
854 0
855 0
856 0
857 4e-06
858 8e-06
859 8e-06
860 4e-06
861 8e-06
862 4e-06
863 4e-06
864 0
865 4e-06
866 1.34715e-05
867 8e-06
868 8e-06
869 1.2e-05
870 4e-06
871 4e-06
872 4e-06
873 0
874 4e-06
875 8e-06
876 4e-06
877 8e-06
878 4e-06
879 4e-06
880 8e-06
881 4e-06
882 8e-06
883 0
884 1.6e-05
885 4e-06
886 8e-06
887 0
888 5.47152e-06
889 1.2e-05
890 1.34715e-05
891 4e-06
892 1.6e-05
893 1.2e-05
894 1.2e-05
895 0
896 0
897 4e-06
898 8e-06
899 8e-06
900 4e-06
901 8e-06
902 0
903 4e-06
904 1.6e-05
905 1.6e-05
906 4e-06
907 4e-06
908 8e-06
909 4e-06
910 4e-06
911 4e-06
912 8e-06
913 1.2e-05
914 4e-06
915 4e-06
916 1.47152e-06
917 0
918 1.2e-05
919 4e-06
920 4e-06
921 8e-06
922 1.47152e-06
923 4e-06
924 5.41341e-07
925 1.2e-05
926 4e-06
927 8e-06
928 8e-06
929 8e-06
930 0
931 2e-05
932 1.2e-05
933 4e-06
934 4e-06
935 0
936 4e-06
937 8e-06
938 0
939 4e-06
940 0
941 4e-06
942 4e-06
943 4e-06
944 0
945 0
946 1.2e-05
947 0
948 8e-06
949 0
950 5.47152e-06
951 0
952 8e-06
953 1.6e-05
954 4e-06
955 4e-06
956 4e-06
957 0
958 8e-06
959 0
960 0
961 8e-06
962 1.47152e-06
963 0
964 0
965 0
966 4e-06
967 4e-06
968 4e-06
969 4e-06
970 4e-06
971 4e-06
972 0
973 4e-06
974 4e-06
975 4e-06
976 4e-06
977 0
978 0
979 4e-06
980 4e-06
981 4e-06
982 4e-06
983 8e-06
984 4e-06
985 8e-06
986 4e-06
987 1.2e-05
988 4e-06
989 0
990 4e-06
991 4e-06
992 4e-06
993 4e-06
994 0
995 0
996 8e-06
997 0
998 8e-06
999 0
