0 0
1 1.264e-05
2 6.28e-06
3 4.28e-06
4 3.68e-06
5 3.4e-06
6 2.5592e-06
7 3.44e-06
8 2.4e-06
9 2e-06
10 1.9196e-06
11 1.6e-06
12 1.68e-06
13 1.2396e-06
14 1.04e-06
15 1.16e-06
16 1.52e-06
17 7.99602e-07
18 1.0796e-06
19 6.79602e-07
20 1.36e-06
21 8e-07
22 6e-07
23 1.3996e-06
24 6e-07
25 9.6e-07
26 1e-06
27 1.12e-06
28 9.2e-07
29 6.4e-07
30 6.4e-07
31 7.2e-07
32 5.19602e-07
33 6.8e-07
34 7.99204e-07
35 1.04e-06
36 5.99602e-07
37 4.4e-07
38 9.6e-07
39 5.2e-07
40 4.8e-07
41 5.6e-07
42 4.8e-07
43 6e-07
44 7.2e-07
45 5.6e-07
46 3.6e-07
47 2.8e-07
48 8e-07
49 4.8e-07
50 3.2e-07
51 4.4e-07
52 4e-07
53 6.4e-07
54 6e-07
55 3.6e-07
56 4e-07
57 4.4e-07
58 5.2e-07
59 6e-07
60 7.6e-07
61 6.4e-07
62 3.6e-07
63 4.8e-07
64 4e-07
65 4e-07
66 4.4e-07
67 3.19602e-07
68 2.8e-07
69 6.8e-07
70 6e-07
71 2.8e-07
72 4.4e-07
73 5.2e-07
74 2.4e-07
75 4.4e-07
76 4.8e-07
77 4.8e-07
78 2.8e-07
79 1.2e-07
80 3.6e-07
81 2.8e-07
82 8e-08
83 5.2e-07
84 1.6e-07
85 2.8e-07
86 3.2e-07
87 2.79204e-07
88 2e-07
89 3.2e-07
90 5.2e-07
91 2.4e-07
92 1.2e-07
93 2.4e-07
94 1.59602e-07
95 3.6e-07
96 2.8e-07
97 3.99602e-07
98 2.79602e-07
99 2.4e-07
100 4e-08
101 3.2e-07
102 3.6e-07
103 3.6e-07
104 1.2e-07
105 8e-08
106 2e-07
107 3.6e-07
108 2e-07
109 2.8e-07
110 1.6e-07
111 1.2e-07
112 2.79602e-07
113 2e-07
114 1.6e-07
115 1.2e-07
116 4.8e-07
117 1.6e-07
118 1.6e-07
119 2.8e-07
120 2.8e-07
121 1.6e-07
122 4.8e-07
123 2e-07
124 1.2e-07
125 2.4e-07
126 1.6e-07
127 3.59602e-07
128 2.4e-07
129 2e-07
130 0
131 2.4e-07
132 2e-07
133 3.2e-07
134 3.6e-07
135 2.8e-07
136 3.6e-07
137 3.2e-07
138 2.4e-07
139 2e-07
140 3.2e-07
141 3.2e-07
142 2.8e-07
143 2.8e-07
144 2.4e-07
145 2.8e-07
146 2e-07
147 2.4e-07
148 1.6e-07
149 3.2e-07
150 1.2e-07
151 1.6e-07
152 2.4e-07
153 2.79602e-07
154 3.6e-07
155 1.99602e-07
156 2e-07
157 2.8e-07
158 2.39602e-07
159 3.6e-07
160 3.2e-07
161 1.6e-07
162 2e-07
163 2e-07
164 1.2e-07
165 3.6e-07
166 1.6e-07
167 1.2e-07
168 1.2e-07
169 2.4e-07
170 2.8e-07
171 4.4e-07
172 1.6e-07
173 2.4e-07
174 1.2e-07
175 2.4e-07
176 2.8e-07
177 2e-07
178 2.79602e-07
179 1.99602e-07
180 2e-07
181 4e-08
182 2e-07
183 3.2e-07
184 4e-08
185 2.4e-07
186 4e-08
187 1.99602e-07
188 1.6e-07
189 2e-07
190 1.6e-07
191 2.8e-07
192 8e-08
193 2e-07
194 8e-08
195 1.6e-07
196 4e-08
197 1.59602e-07
198 1.59602e-07
199 1.6e-07
200 1.2e-07
201 8e-08
202 0
203 2e-07
204 1.2e-07
205 2e-07
206 2e-07
207 2e-07
208 1.6e-07
209 1.6e-07
210 8e-08
211 2e-07
212 0
213 3.2e-07
214 8e-08
215 8e-08
216 1.2e-07
217 4e-08
218 2.8e-07
219 1.6e-07
220 4e-08
221 8e-08
222 2e-07
223 1.6e-07
224 8e-08
225 1.2e-07
226 7.9602e-08
227 8e-08
228 8e-08
229 1.6e-07
230 1.6e-07
231 2e-07
232 4e-08
233 2e-07
234 1.2e-07
235 1.6e-07
236 2.4e-07
237 8e-08
238 2e-07
239 2e-07
240 3.2e-07
241 1.2e-07
242 1.19602e-07
243 8e-08
244 1.6e-07
245 1.6e-07
246 1.2e-07
247 1.6e-07
248 1.6e-07
249 2e-07
250 4e-08
251 2e-07
252 2e-07
253 1.2e-07
254 4e-08
255 2.4e-07
256 8e-08
257 1.6e-07
258 2.4e-07
259 4e-08
260 2e-07
261 1.2e-07
262 8e-08
263 1.99602e-07
264 8e-08
265 2.8e-07
266 2e-07
267 1.6e-07
268 1.6e-07
269 2e-07
270 1.6e-07
271 1.2e-07
272 2e-07
273 1.2e-07
274 8e-08
275 8e-08
276 1.2e-07
277 8e-08
278 1.6e-07
279 1.6e-07
280 4e-08
281 4e-08
282 1.2e-07
283 1.2e-07
284 8e-08
285 4e-08
286 1.2e-07
287 1.2e-07
288 1.2e-07
289 8e-08
290 4e-08
291 1.6e-07
292 4e-08
293 1.2e-07
294 1.2e-07
295 2.4e-07
296 2.8e-07
297 1.2e-07
298 2.4e-07
299 1.19602e-07
300 8e-08
301 8e-08
302 2e-07
303 8e-08
304 1.2e-07
305 0
306 4e-08
307 1.6e-07
308 1.2e-07
309 1.59602e-07
310 2e-07
311 8e-08
312 4e-08
313 8e-08
314 1.59208e-07
315 3.2e-07
316 1.2e-07
317 8e-08
318 8e-08
319 4e-08
320 4e-08
321 8e-08
322 1.2e-07
323 1.2e-07
324 2e-07
325 0
326 4e-08
327 8e-08
328 0
329 1.2e-07
330 2e-07
331 8e-08
332 1.6e-07
333 1.2e-07
334 2e-07
335 1.6e-07
336 1.2e-07
337 1.2e-07
338 1.2e-07
339 1.6e-07
340 1.6e-07
341 1.6e-07
342 8e-08
343 1.59602e-07
344 1.2e-07
345 8e-08
346 4e-08
347 8e-08
348 4e-08
349 4e-08
350 2.39602e-07
351 8e-08
352 4e-08
353 4e-08
354 4e-08
355 8e-08
356 1.2e-07
357 8e-08
358 4e-08
359 2.8e-07
360 0
361 7.9602e-08
362 8e-08
363 8e-08
364 8e-08
365 1.19602e-07
366 1.2e-07
367 4e-08
368 1.2e-07
369 1.2e-07
370 8e-08
371 1.2e-07
372 4e-08
373 1.6e-07
374 2e-07
375 1.2e-07
376 1.2e-07
377 1.59602e-07
378 1.2e-07
379 4e-08
380 2.4e-07
381 1.2e-07
382 0
383 4e-08
384 1.6e-07
385 1.19602e-07
386 2.4e-07
387 4e-08
388 1.6e-07
389 0
390 1.6e-07
391 4e-08
392 2e-07
393 4e-08
394 1.6e-07
395 4e-08
396 4e-08
397 2.39602e-07
398 4e-08
399 4e-08
400 4e-08
401 1.19602e-07
402 4e-08
403 1.2e-07
404 1.2e-07
405 8e-08
406 4e-08
407 0
408 1.19602e-07
409 8e-08
410 8e-08
411 1.6e-07
412 4e-08
413 1.2e-07
414 8e-08
415 0
416 1.2e-07
417 8e-08
418 0
419 0
420 4e-08
421 8e-08
422 1.2e-07
423 2.79602e-07
424 8e-08
425 8e-08
426 8e-08
427 4e-08
428 8e-08
429 1.19602e-07
430 4e-08
431 7.9602e-08
432 4e-08
433 2.4e-07
434 8e-08
435 2e-07
436 1.6e-07
437 0
438 4e-08
439 1.2e-07
440 8e-08
441 8e-08
442 4e-08
443 8e-08
444 1.6e-07
445 8e-08
446 8e-08
447 8e-08
448 4e-08
449 8e-08
450 4e-08
451 1.2e-07
452 1.2e-07
453 1.6e-07
454 1.2e-07
455 0
456 8e-08
457 4e-08
458 1.6e-07
459 7.9602e-08
460 8e-08
461 8e-08
462 1.6e-07
463 1.2e-07
464 1.2e-07
465 2e-07
466 1.2e-07
467 2.4e-07
468 1.2e-07
469 1.2e-07
470 4e-08
471 8e-08
472 4e-08
473 1.6e-07
474 1.6e-07
475 4e-08
476 1.59602e-07
477 8e-08
478 0
479 4e-08
480 8e-08
481 4e-08
482 0
483 4e-08
484 0
485 4e-08
486 0
487 1.2e-07
488 4e-08
489 1.6e-07
490 0
491 8e-08
492 4e-08
493 8e-08
494 1.2e-07
495 8e-08
496 1.2e-07
497 4e-08
498 4e-08
499 8e-08
500 7.9602e-08
501 4e-08
502 1.2e-07
503 1.2e-07
504 1.2e-07
505 8e-08
506 8e-08
507 8e-08
508 8e-08
509 0
510 4e-08
511 4e-08
512 4e-08
513 1.6e-07
514 1.2e-07
515 4e-08
516 4e-08
517 4e-08
518 1.2e-07
519 4e-08
520 2e-07
521 4e-08
522 1.2e-07
523 1.2e-07
524 8e-08
525 4e-08
526 4e-08
527 1.2e-07
528 1.6e-07
529 4e-08
530 4e-08
531 8e-08
532 4e-08
533 1.2e-07
534 1.2e-07
535 8e-08
536 1.6e-07
537 4e-08
538 4e-08
539 1.2e-07
540 4e-08
541 0
542 0
543 8e-08
544 1.2e-07
545 0
546 1.2e-07
547 8e-08
548 1.2e-07
549 4e-08
550 1.2e-07
551 7.9602e-08
552 4e-08
553 4e-08
554 1.2e-07
555 3.2e-07
556 4e-08
557 1.6e-07
558 1.6e-07
559 4e-08
560 7.9602e-08
561 1.2e-07
562 1.2e-07
563 4e-08
564 4e-08
565 4e-08
566 4e-08
567 2.8e-07
568 4e-08
569 1.2e-07
570 4e-08
571 1.6e-07
572 1.2e-07
573 7.9602e-08
574 8e-08
575 4e-08
576 4e-08
577 1.6e-07
578 4e-08
579 8e-08
580 4e-08
581 1.2e-07
582 1.6e-07
583 8e-08
584 1.2e-07
585 8e-08
586 8e-08
587 1.6e-07
588 4e-08
589 0
590 8e-08
591 8e-08
592 8e-08
593 0
594 1.2e-07
595 1.2e-07
596 1.6e-07
597 8e-08
598 8e-08
599 1.59204e-07
600 1.2e-07
601 4e-08
602 1.2e-07
603 3.9602e-08
604 8e-08
605 8e-08
606 1.19602e-07
607 4e-08
608 8e-08
609 4e-08
610 4e-08
611 2e-07
612 8e-08
613 0
614 1.2e-07
615 1.2e-07
616 1.19208e-07
617 1.6e-07
618 0
619 4e-08
620 2.39602e-07
621 0
622 8e-08
623 8e-08
624 7.9602e-08
625 1.2e-07
626 8e-08
627 0
628 4e-08
629 4e-08
630 0
631 4e-08
632 4e-08
633 4e-08
634 8e-08
635 8e-08
636 4e-08
637 1.2e-07
638 2e-07
639 1.2e-07
640 4e-08
641 0
642 1.2e-07
643 4e-08
644 4e-08
645 8e-08
646 1.6e-07
647 4e-08
648 8e-08
649 0
650 1.2e-07
651 8e-08
652 0
653 4e-08
654 0
655 4e-08
656 8e-08
657 8e-08
658 4e-08
659 4e-08
660 1.2e-07
661 4e-08
662 1.2e-07
663 8e-08
664 0
665 1.6e-07
666 1.99602e-07
667 8e-08
668 0
669 8e-08
670 4e-08
671 4e-08
672 0
673 4e-08
674 4e-08
675 8e-08
676 0
677 1.2e-07
678 0
679 4e-08
680 1.2e-07
681 4e-08
682 8e-08
683 4e-08
684 1.2e-07
685 0
686 4e-08
687 1.6e-07
688 0
689 4e-08
690 0
691 4e-08
692 0
693 8e-08
694 0
695 4e-08
696 8e-08
697 4e-08
698 8e-08
699 4e-08
700 4e-08
701 0
702 8e-08
703 8e-08
704 0
705 8e-08
706 8e-08
707 1.2e-07
708 0
709 4e-08
710 8e-08
711 4e-08
712 3.9602e-08
713 1.2e-07
714 0
715 4e-08
716 0
717 1.2e-07
718 4e-08
719 1.2e-07
720 8e-08
721 4e-08
722 0
723 8e-08
724 1.2e-07
725 0
726 0
727 4e-08
728 0
729 1.6e-07
730 4e-08
731 4e-08
732 1.2e-07
733 1.2e-07
734 1.2e-07
735 0
736 1.2e-07
737 1.2e-07
738 1.2e-07
739 0
740 8e-08
741 4e-08
742 4e-08
743 0
744 4e-08
745 4e-08
746 4e-08
747 1.2e-07
748 8e-08
749 3.9602e-08
750 4e-08
751 8e-08
752 4e-08
753 8e-08
754 0
755 8e-08
756 8e-08
757 1.2e-07
758 8e-08
759 8e-08
760 8e-08
761 8e-08
762 0
763 0
764 1.2e-07
765 4e-08
766 8e-08
767 4e-08
768 8e-08
769 1.2e-07
770 8e-08
771 1.2e-07
772 4e-08
773 1.2e-07
774 0
775 4e-08
776 0
777 4e-08
778 8e-08
779 0
780 1.2e-07
781 1.2e-07
782 0
783 8e-08
784 8e-08
785 1.2e-07
786 8e-08
787 1.2e-07
788 0
789 4e-08
790 0
791 0
792 4e-08
793 0
794 0
795 8e-08
796 0
797 8e-08
798 8e-08
799 8e-08
800 4e-08
801 0
802 1.2e-07
803 7.9602e-08
804 4e-08
805 1.6e-07
806 8e-08
807 1.2e-07
808 1.6e-07
809 0
810 4e-08
811 4e-08
812 8e-08
813 0
814 1.2e-07
815 4e-08
816 1.2e-07
817 4e-08
818 8e-08
819 4e-08
820 0
821 0
822 4e-08
823 4e-08
824 4e-08
825 8e-08
826 8e-08
827 1.2e-07
828 4e-08
829 4e-08
830 3.92079e-08
831 1.2e-07
832 8e-08
833 8e-08
834 4e-08
835 8e-08
836 4e-08
837 1.2e-07
838 8e-08
839 8e-08
840 0
841 4e-08
842 4e-08
843 8e-08
844 4e-08
845 8e-08
846 4e-08
847 0
848 0
849 2e-07
850 8e-08
851 8e-08
852 1.6e-07
853 0
854 1.2e-07
855 0
856 4e-08
857 0
858 4e-08
859 2e-07
860 8e-08
861 0
862 4e-08
863 0
864 0
865 4e-08
866 8e-08
867 8e-08
868 0
869 4e-08
870 4e-08
871 4e-08
872 4e-08
873 4e-08
874 4e-08
875 0
876 0
877 8e-08
878 1.2e-07
879 4e-08
880 1.6e-07
881 0
882 1.99602e-07
883 1.2e-07
884 8e-08
885 0
886 8e-08
887 8e-08
888 0
889 3.9602e-08
890 4e-08
891 0
892 4e-08
893 1.2e-07
894 4e-08
895 8e-08
896 1.2e-07
897 4e-08
898 4e-08
899 8e-08
900 1.2e-07
901 4e-08
902 4e-08
903 8e-08
904 8e-08
905 0
906 0
907 8e-08
908 4e-08
909 8e-08
910 8e-08
911 4e-08
912 0
913 0
914 1.6e-07
915 8e-08
916 4e-08
917 1.2e-07
918 8e-08
919 7.9602e-08
920 4e-08
921 8e-08
922 8e-08
923 1.2e-07
924 1.6e-07
925 0
926 0
927 7.9602e-08
928 0
929 4e-08
930 8e-08
931 8e-08
932 4e-08
933 0
934 0
935 3.9602e-08
936 8e-08
937 4e-08
938 4e-08
939 4e-08
940 8e-08
941 4e-08
942 1.2e-07
943 1.19602e-07
944 0
945 8e-08
946 4e-08
947 8e-08
948 4e-08
949 4e-08
950 0
951 1.6e-07
952 8e-08
953 0
954 1.19602e-07
955 1.6e-07
956 4e-08
957 4e-08
958 8e-08
959 4e-08
960 4e-08
961 3.9602e-08
962 4e-08
963 0
964 1.2e-07
965 4e-08
966 0
967 0
968 1.2e-07
969 8e-08
970 0
971 4e-08
972 8e-08
973 4e-08
974 4e-08
975 2e-07
976 8e-08
977 0
978 0
979 0
980 7.9602e-08
981 0
982 0
983 0
984 8e-08
985 4e-08
986 4e-08
987 4e-08
988 4e-08
989 4e-08
990 8e-08
991 8e-08
992 4e-08
993 8e-08
994 0
995 4e-08
996 8e-08
997 0
998 4e-08
999 0
