0 0
1 0.0001096
2 7.4e-05
3 4.83619e-05
4 4.08e-05
5 3.35619e-05
6 3.12e-05
7 2.83619e-05
8 1.96e-05
9 1.96e-05
10 1.87619e-05
11 1.96e-05
12 1.28e-05
13 1.55619e-05
14 1.56e-05
15 1.63619e-05
16 1.72e-05
17 7.56193e-06
18 1.15619e-05
19 1.04e-05
20 1.72e-05
21 7.56193e-06
22 1.04e-05
23 1e-05
24 1e-05
25 7.96193e-06
26 1.07275e-05
27 1.08e-05
28 1.04e-05
29 9.2e-06
30 1.19619e-05
31 8.8e-06
32 3.6e-06
33 7.2e-06
34 6e-06
35 7.56193e-06
36 3.6e-06
37 6.4e-06
38 5.96193e-06
39 9.6e-06
40 8.8e-06
41 8.4e-06
42 4.36193e-06
43 6.76193e-06
44 5.56193e-06
45 3.2e-06
46 4e-06
47 6.8e-06
48 3.2e-06
49 5.2e-06
50 4.4e-06
51 5.6e-06
52 7.6e-06
53 3.2e-06
54 5.56193e-06
55 2.4e-06
56 4.4e-06
57 2.8e-06
58 4e-06
59 1.56193e-06
60 7.6e-06
61 5.16193e-06
62 7.2e-06
63 5.6e-06
64 5.56193e-06
65 3.96193e-06
66 5.2e-06
67 6.28943e-06
68 2.8e-06
69 4.4e-06
70 4.36193e-06
71 3.96193e-06
72 3.2e-06
73 4.8e-06
74 2e-06
75 6e-06
76 3.6e-06
77 3.2e-06
78 4.8e-06
79 2.4e-06
80 4.4e-06
81 2.4e-06
82 2e-06
83 2e-06
84 4e-06
85 2.8e-06
86 1.6e-06
87 6e-06
88 3.16193e-06
89 3.6e-06
90 1.2e-06
91 4e-06
92 4e-06
93 2.4e-06
94 2e-06
95 2e-06
96 3.6e-06
97 4e-06
98 1.2e-06
99 4e-06
100 3.2e-06
101 4e-06
102 3.6e-06
103 2.8e-06
104 4e-06
105 2e-06
106 2.4e-06
107 3.2e-06
108 3.6e-06
109 2.4e-06
110 3.2e-06
111 2.4e-06
112 2.8e-06
113 2.8e-06
114 1.6e-06
115 4.8e-06
116 2e-06
117 4e-06
118 2.8e-06
119 1.2e-06
120 3.16193e-06
121 2e-06
122 2e-06
123 3.6e-06
124 4e-06
125 2e-06
126 1.6e-06
127 3.2e-06
128 2e-06
129 1.96193e-06
130 2.4e-06
131 8e-07
132 4e-06
133 4.4e-06
134 2.8e-06
135 2e-06
136 8e-07
137 2e-06
138 4.4e-06
139 2.4e-06
140 2.36193e-06
141 3.2e-06
142 2e-06
143 8e-07
144 2.4e-06
145 1.6e-06
146 1.6e-06
147 3.6e-06
148 1.2e-06
149 1.6e-06
150 1.2e-06
151 3.2e-06
152 3.2e-06
153 1.2e-06
154 1.6e-06
155 2e-06
156 1.2e-06
157 1.2e-06
158 1.56193e-06
159 2.36193e-06
160 4e-07
161 8e-07
162 1.6e-06
163 2.36193e-06
164 1.6e-06
165 2.4e-06
166 1.2e-06
167 8e-07
168 3.16193e-06
169 3.96193e-06
170 3.2e-06
171 4e-06
172 1.6e-06
173 1.2e-06
174 2.4e-06
175 8e-07
176 2e-06
177 2.76193e-06
178 1.2e-06
179 1.6e-06
180 2e-06
181 2.8e-06
182 1.6e-06
183 1.2e-06
184 2.4e-06
185 2e-06
186 3.6e-06
187 8e-07
188 2e-06
189 1.2e-06
190 1.2e-06
191 2e-06
192 1.2e-06
193 1.2e-06
194 3.6e-06
195 2e-06
196 1.6e-06
197 2.36193e-06
198 1.6e-06
199 2e-06
200 1.2e-06
201 2e-06
202 2e-06
203 2.8e-06
204 2e-06
205 2e-06
206 2.4e-06
207 1.2e-06
208 3.2e-06
209 1.2e-06
210 1.16193e-06
211 2e-06
212 8e-07
213 4e-07
214 4e-07
215 2e-06
216 8e-07
217 1.2e-06
218 1.2e-06
219 2.4e-06
220 8e-07
221 1.2e-06
222 1.6e-06
223 1.6e-06
224 2e-06
225 8e-07
226 1.6e-06
227 2.36193e-06
228 2.4e-06
229 1.2e-06
230 1.6e-06
231 1.6e-06
232 1.6e-06
233 2e-06
234 2e-06
235 1.6e-06
236 1.2e-06
237 8e-07
238 4e-07
239 7.61935e-07
240 1.16193e-06
241 1.2e-06
242 1.2e-06
243 2.4e-06
244 1.6e-06
245 2e-06
246 1.2e-06
247 2e-06
248 2e-06
249 2.76193e-06
250 1.6e-06
251 1.6e-06
252 1.2e-06
253 8e-07
254 3.2e-06
255 4e-07
256 8e-07
257 1.2e-06
258 1.56193e-06
259 1.2e-06
260 2.4e-06
261 1.6e-06
262 1.56193e-06
263 4e-07
264 1.6e-06
265 2e-06
266 3.2e-06
267 8e-07
268 1.6e-06
269 1.6e-06
270 2e-06
271 1.6e-06
272 2e-06
273 1.2e-06
274 1.2e-06
275 1.6e-06
276 1.2e-06
277 8e-07
278 4e-07
279 2e-06
280 2e-06
281 0
282 2e-06
283 1.2e-06
284 2e-06
285 1.6e-06
286 0
287 1.2e-06
288 1.6e-06
289 1.6e-06
290 8e-07
291 1.56193e-06
292 1.2e-06
293 4e-06
294 1.6e-06
295 1.2e-06
296 2.4e-06
297 8e-07
298 8e-07
299 8e-07
300 4e-07
301 1.6e-06
302 8e-07
303 1.6e-06
304 8e-07
305 1.2e-06
306 8e-07
307 1.2e-06
308 0
309 1.16193e-06
310 7.61935e-07
311 1.2e-06
312 4e-07
313 1.2e-06
314 8e-07
315 1.2e-06
316 4e-07
317 1.2e-06
318 1.6e-06
319 8e-07
320 2e-06
321 1.6e-06
322 0
323 8e-07
324 3.6e-06
325 1.2e-06
326 8e-07
327 8e-07
328 1.6e-06
329 1.12387e-06
330 2e-06
331 2e-06
332 4e-07
333 2.4e-06
334 0
335 1.2e-06
336 2e-06
337 8e-07
338 4e-07
339 8e-07
340 1.2e-06
341 4e-07
342 8e-07
343 8e-07
344 0
345 8e-07
346 1.2e-06
347 8e-07
348 1.2e-06
349 1.6e-06
350 1.6e-06
351 4e-07
352 8e-07
353 8e-07
354 1.2e-06
355 8e-07
356 1.2e-06
357 1.6e-06
358 8e-07
359 1.6e-06
360 8e-07
361 4e-07
362 4e-07
363 1.2e-06
364 1.6e-06
365 8e-07
366 4e-07
367 1.56193e-06
368 1.2e-06
369 4e-07
370 2.4e-06
371 4e-07
372 2e-06
373 2.32387e-06
374 8e-07
375 1.2e-06
376 2.8e-06
377 8e-07
378 8e-07
379 0
380 8e-07
381 1.2e-06
382 8e-07
383 1.2e-06
384 1.2e-06
385 1.6e-06
386 1.2e-06
387 8e-07
388 8e-07
389 2e-06
390 8e-07
391 4e-07
392 1.6e-06
393 1.6e-06
394 3.61935e-07
395 4e-07
396 0
397 8e-07
398 1.2e-06
399 8e-07
400 7.61935e-07
401 8e-07
402 8e-07
403 1.2e-06
404 1.2e-06
405 8e-07
406 1.2e-06
407 4e-07
408 1.2e-06
409 8e-07
410 4e-07
411 1.6e-06
412 1.2e-06
413 2e-06
414 1.6e-06
415 8e-07
416 8e-07
417 8e-07
418 2.4e-06
419 8e-07
420 8e-07
421 1.2e-06
422 4e-07
423 8e-07
424 1.56193e-06
425 1.2e-06
426 1.2e-06
427 1.6e-06
428 8e-07
429 8e-07
430 1.2e-06
431 4e-07
432 8e-07
433 1.2e-06
434 4e-07
435 1.2e-06
436 4e-07
437 8e-07
438 8e-07
439 0
440 1.2e-06
441 1.6e-06
442 1.6e-06
443 1.6e-06
444 1.6e-06
445 8e-07
446 8e-07
447 1.2e-06
448 0
449 4e-07
450 0
451 4e-07
452 8e-07
453 1.6e-06
454 8e-07
455 7.61935e-07
456 1.6e-06
457 0
458 8e-07
459 8e-07
460 4e-07
461 8e-07
462 3.61935e-07
463 4e-07
464 1.6e-06
465 1.2e-06
466 8e-07
467 1.2e-06
468 8e-07
469 1.6e-06
470 0
471 8e-07
472 0
473 2e-06
474 8e-07
475 2.4e-06
476 1.2e-06
477 4e-07
478 0
479 8e-07
480 0
481 0
482 2e-06
483 8e-07
484 4e-07
485 1.6e-06
486 4e-07
487 2e-06
488 4e-07
489 4e-07
490 4e-07
491 1.6e-06
492 1.2e-06
493 8e-07
494 1.2e-06
495 1.6e-06
496 8e-07
497 4e-07
498 8e-07
499 1.2e-06
500 1.2e-06
501 1.16193e-06
502 8e-07
503 8e-07
504 2e-06
505 4e-07
506 7.61935e-07
507 1.2e-06
508 8e-07
509 3.61935e-07
510 4e-07
511 4e-07
512 1.2e-06
513 8e-07
514 1.2e-06
515 0
516 4e-07
517 0
518 0
519 8e-07
520 1.2e-06
521 4e-07
522 4e-07
523 4e-07
524 1.16193e-06
525 8e-07
526 1.96193e-06
527 4e-07
528 8e-07
529 8e-07
530 1.2e-06
531 8e-07
532 1.6e-06
533 4e-07
534 4e-07
535 4e-07
536 0
537 0
538 0
539 4e-07
540 3.61935e-07
541 1.2e-06
542 0
543 0
544 4e-07
545 8e-07
546 8e-07
547 8e-07
548 8e-07
549 8e-07
550 4e-07
551 8e-07
552 8e-07
553 8e-07
554 4e-07
555 0
556 8e-07
557 4e-07
558 8e-07
559 0
560 4e-07
561 4e-07
562 1.2e-06
563 1.6e-06
564 4e-07
565 8e-07
566 1.2e-06
567 0
568 1.2e-06
569 4e-07
570 4e-07
571 1.2e-06
572 1.6e-06
573 4e-07
574 1.2e-06
575 4e-07
576 7.61935e-07
577 1.2e-06
578 4e-07
579 4e-07
580 4e-07
581 0
582 0
583 0
584 8e-07
585 2e-06
586 1.2e-06
587 4e-07
588 4e-07
589 1.2e-06
590 8e-07
591 7.61935e-07
592 1.6e-06
593 1.56193e-06
594 8e-07
595 4e-07
596 1.2e-06
597 1.2e-06
598 8e-07
599 8e-07
600 7.61935e-07
601 8e-07
602 8e-07
603 1.2e-06
604 1.6e-06
605 4e-07
606 1.6e-06
607 4e-07
608 8e-07
609 0
610 7.61935e-07
611 8e-07
612 4e-07
613 0
614 8e-07
615 0
616 8e-07
617 0
618 0
619 8e-07
620 1.2e-06
621 0
622 0
623 2.4e-06
624 1.6e-06
625 8e-07
626 4e-07
627 8e-07
628 7.61935e-07
629 8e-07
630 1.2e-06
631 1.2e-06
632 4e-07
633 4e-07
634 1.2e-06
635 4e-07
636 1.6e-06
637 4e-07
638 0
639 4e-07
640 1.6e-06
641 4e-07
642 4e-07
643 0
644 4e-07
645 0
646 4e-07
647 4e-07
648 0
649 8e-07
650 8e-07
651 8e-07
652 8e-07
653 4e-07
654 0
655 4e-07
656 4e-07
657 4e-07
658 4e-07
659 4e-07
660 4e-07
661 8e-07
662 0
663 4e-07
664 0
665 1.2e-06
666 8e-07
667 0
668 4e-07
669 4e-07
670 8e-07
671 0
672 4e-07
673 0
674 0
675 8e-07
676 1.2e-06
677 4e-07
678 8e-07
679 4e-07
680 4e-07
681 1.2e-06
682 4e-07
683 1.6e-06
684 8e-07
685 1.2e-06
686 1.2e-06
687 0
688 4e-07
689 1.2e-06
690 4e-07
691 1.2e-06
692 4e-07
693 1.16193e-06
694 8e-07
695 8e-07
696 0
697 4e-07
698 4e-07
699 0
700 8e-07
701 7.61935e-07
702 0
703 8e-07
704 1.2e-06
705 1.6e-06
706 8e-07
707 1.2e-06
708 1.6e-06
709 8e-07
710 0
711 4e-07
712 8e-07
713 3.61935e-07
714 4e-07
715 0
716 0
717 8e-07
718 1.2e-06
719 8e-07
720 8e-07
721 0
722 0
723 4e-07
724 0
725 8e-07
726 8e-07
727 0
728 0
729 4e-07
730 4e-07
731 4e-07
732 4e-07
733 8e-07
734 1.2e-06
735 1.6e-06
736 4e-07
737 1.2e-06
738 4e-07
739 0
740 1.2e-06
741 0
742 8e-07
743 0
744 0
745 8e-07
746 0
747 1.2e-06
748 4e-07
749 2.4e-06
750 0
751 4e-07
752 0
753 4e-07
754 1.56193e-06
755 0
756 4e-07
757 4e-07
758 1.2e-06
759 1.2e-06
760 8e-07
761 0
762 4e-07
763 4e-07
764 4e-07
765 1.2e-06
766 0
767 1.2e-06
768 8e-07
769 4e-07
770 0
771 8e-07
772 4e-07
773 4e-07
774 8e-07
775 4e-07
776 8e-07
777 1.2e-06
778 0
779 4e-07
780 4e-07
781 0
782 0
783 1.2e-06
784 1.16193e-06
785 8e-07
786 8e-07
787 4e-07
788 0
789 4e-07
790 1.2e-06
791 0
792 0
793 4e-07
794 8e-07
795 4e-07
796 7.61935e-07
797 7.61935e-07
798 4e-07
799 0
800 1.6e-06
801 8e-07
802 1.2e-06
803 4e-07
804 8e-07
805 0
806 1.6e-06
807 1.6e-06
808 0
809 4e-07
810 0
811 1.2e-06
812 8e-07
813 4e-07
814 0
815 1.16193e-06
816 8e-07
817 0
818 8e-07
819 0
820 0
821 4e-07
822 4e-07
823 8e-07
824 1.2e-06
825 8e-07
826 1.2e-06
827 0
828 1.6e-06
829 8e-07
830 0
831 0
832 1.6e-06
833 1.2e-06
834 4e-07
835 0
836 0
837 4e-07
838 0
839 4e-07
840 4e-07
841 4e-07
842 3.61935e-07
843 4e-07
844 8e-07
845 0
846 0
847 8e-07
848 4e-07
849 8e-07
850 2e-06
851 0
852 4e-07
853 8e-07
854 8e-07
855 4e-07
856 0
857 4e-07
858 2e-06
859 4e-07
860 8e-07
861 1.2e-06
862 0
863 4e-07
864 0
865 8e-07
866 0
867 0
868 4e-07
869 0
870 0
871 4e-07
872 8e-07
873 4e-07
874 4e-07
875 4e-07
876 4e-07
877 0
878 7.61935e-07
879 8e-07
880 0
881 0
882 4e-07
883 8e-07
884 0
885 0
886 4e-07
887 1.6e-06
888 4e-07
889 4e-07
890 4e-07
891 1.2e-06
892 4e-07
893 4e-07
894 4e-07
895 4e-07
896 0
897 7.61935e-07
898 4e-07
899 0
900 4e-07
901 4e-07
902 4e-07
903 8e-07
904 1.2e-06
905 4e-07
906 8e-07
907 4e-07
908 1.2e-06
909 4e-07
910 8e-07
911 8e-07
912 0
913 0
914 8e-07
915 3.61935e-07
916 0
917 8e-07
918 8e-07
919 4e-07
920 4e-07
921 4e-07
922 4e-07
923 4e-07
924 0
925 4e-07
926 8e-07
927 8e-07
928 0
929 8e-07
930 0
931 8e-07
932 4e-07
933 4e-07
934 1.2e-06
935 0
936 4e-07
937 8e-07
938 0
939 4e-07
940 0
941 0
942 4e-07
943 4e-07
944 4e-07
945 1.2e-06
946 4e-07
947 0
948 8e-07
949 0
950 0
951 0
952 0
953 1.2e-06
954 4e-07
955 8e-07
956 8e-07
957 0
958 0
959 4e-07
960 4e-07
961 4e-07
962 8e-07
963 8e-07
964 0
965 4e-07
966 8e-07
967 0
968 4e-07
969 4e-07
970 4e-07
971 0
972 1.2e-06
973 8e-07
974 8e-07
975 4e-07
976 8e-07
977 0
978 4e-07
979 8e-07
980 8e-07
981 0
982 4e-07
983 4e-07
984 4e-07
985 4e-07
986 1.52749e-06
987 4e-07
988 0
989 4e-07
990 4e-07
991 1.2e-06
992 2e-06
993 0
994 0
995 4e-07
996 8e-07
997 0
998 1.2e-06
999 0
