0 0
1 1.096e-05
2 7.4e-06
3 4.8396e-06
4 4.08e-06
5 3.3596e-06
6 3.12e-06
7 2.8396e-06
8 1.96e-06
9 1.96e-06
10 1.8796e-06
11 1.96e-06
12 1.28e-06
13 1.5596e-06
14 1.56e-06
15 1.6396e-06
16 1.72e-06
17 7.59602e-07
18 1.1596e-06
19 1.04e-06
20 1.72e-06
21 7.59602e-07
22 1.04e-06
23 1e-06
24 1e-06
25 7.99602e-07
26 1.07921e-06
27 1.08e-06
28 1.04e-06
29 9.2e-07
30 1.1996e-06
31 8.8e-07
32 3.6e-07
33 7.2e-07
34 6e-07
35 7.59602e-07
36 3.6e-07
37 6.4e-07
38 5.99602e-07
39 9.6e-07
40 8.8e-07
41 8.4e-07
42 4.39602e-07
43 6.79602e-07
44 5.59602e-07
45 3.2e-07
46 4e-07
47 6.8e-07
48 3.2e-07
49 5.2e-07
50 4.4e-07
51 5.6e-07
52 7.6e-07
53 3.2e-07
54 5.59602e-07
55 2.4e-07
56 4.4e-07
57 2.8e-07
58 4e-07
59 1.59602e-07
60 7.6e-07
61 5.19602e-07
62 7.2e-07
63 5.6e-07
64 5.59602e-07
65 3.99602e-07
66 5.2e-07
67 6.3881e-07
68 2.8e-07
69 4.4e-07
70 4.39602e-07
71 3.99602e-07
72 3.2e-07
73 4.8e-07
74 2e-07
75 6e-07
76 3.6e-07
77 3.2e-07
78 4.8e-07
79 2.4e-07
80 4.4e-07
81 2.4e-07
82 2e-07
83 2e-07
84 4e-07
85 2.8e-07
86 1.6e-07
87 6e-07
88 3.19602e-07
89 3.6e-07
90 1.2e-07
91 4e-07
92 4e-07
93 2.4e-07
94 2e-07
95 2e-07
96 3.6e-07
97 4e-07
98 1.2e-07
99 4e-07
100 3.2e-07
101 4e-07
102 3.6e-07
103 2.8e-07
104 4e-07
105 2e-07
106 2.4e-07
107 3.2e-07
108 3.6e-07
109 2.4e-07
110 3.2e-07
111 2.4e-07
112 2.8e-07
113 2.8e-07
114 1.6e-07
115 4.8e-07
116 2e-07
117 4e-07
118 2.8e-07
119 1.2e-07
120 3.19602e-07
121 2e-07
122 2e-07
123 3.6e-07
124 4e-07
125 2e-07
126 1.6e-07
127 3.2e-07
128 2e-07
129 1.99602e-07
130 2.4e-07
131 8e-08
132 4e-07
133 4.4e-07
134 2.8e-07
135 2e-07
136 8e-08
137 2e-07
138 4.4e-07
139 2.4e-07
140 2.39602e-07
141 3.2e-07
142 2e-07
143 8e-08
144 2.4e-07
145 1.6e-07
146 1.6e-07
147 3.6e-07
148 1.2e-07
149 1.6e-07
150 1.2e-07
151 3.2e-07
152 3.2e-07
153 1.2e-07
154 1.6e-07
155 2e-07
156 1.2e-07
157 1.2e-07
158 1.59602e-07
159 2.39602e-07
160 4e-08
161 8e-08
162 1.6e-07
163 2.39602e-07
164 1.6e-07
165 2.4e-07
166 1.2e-07
167 8e-08
168 3.19602e-07
169 3.99602e-07
170 3.2e-07
171 4e-07
172 1.6e-07
173 1.2e-07
174 2.4e-07
175 8e-08
176 2e-07
177 2.79602e-07
178 1.2e-07
179 1.6e-07
180 2e-07
181 2.8e-07
182 1.6e-07
183 1.2e-07
184 2.4e-07
185 2e-07
186 3.6e-07
187 8e-08
188 2e-07
189 1.2e-07
190 1.2e-07
191 2e-07
192 1.2e-07
193 1.2e-07
194 3.6e-07
195 2e-07
196 1.6e-07
197 2.39602e-07
198 1.6e-07
199 2e-07
200 1.2e-07
201 2e-07
202 2e-07
203 2.8e-07
204 2e-07
205 2e-07
206 2.4e-07
207 1.2e-07
208 3.2e-07
209 1.2e-07
210 1.19602e-07
211 2e-07
212 8e-08
213 4e-08
214 4e-08
215 2e-07
216 8e-08
217 1.2e-07
218 1.2e-07
219 2.4e-07
220 8e-08
221 1.2e-07
222 1.6e-07
223 1.6e-07
224 2e-07
225 8e-08
226 1.6e-07
227 2.39602e-07
228 2.4e-07
229 1.2e-07
230 1.6e-07
231 1.6e-07
232 1.6e-07
233 2e-07
234 2e-07
235 1.6e-07
236 1.2e-07
237 8e-08
238 4e-08
239 7.9602e-08
240 1.19602e-07
241 1.2e-07
242 1.2e-07
243 2.4e-07
244 1.6e-07
245 2e-07
246 1.2e-07
247 2e-07
248 2e-07
249 2.79602e-07
250 1.6e-07
251 1.6e-07
252 1.2e-07
253 8e-08
254 3.2e-07
255 4e-08
256 8e-08
257 1.2e-07
258 1.59602e-07
259 1.2e-07
260 2.4e-07
261 1.6e-07
262 1.59602e-07
263 4e-08
264 1.6e-07
265 2e-07
266 3.2e-07
267 8e-08
268 1.6e-07
269 1.6e-07
270 2e-07
271 1.6e-07
272 2e-07
273 1.2e-07
274 1.2e-07
275 1.6e-07
276 1.2e-07
277 8e-08
278 4e-08
279 2e-07
280 2e-07
281 0
282 2e-07
283 1.2e-07
284 2e-07
285 1.6e-07
286 0
287 1.2e-07
288 1.6e-07
289 1.6e-07
290 8e-08
291 1.59602e-07
292 1.2e-07
293 4e-07
294 1.6e-07
295 1.2e-07
296 2.4e-07
297 8e-08
298 8e-08
299 8e-08
300 4e-08
301 1.6e-07
302 8e-08
303 1.6e-07
304 8e-08
305 1.2e-07
306 8e-08
307 1.2e-07
308 0
309 1.19602e-07
310 7.9602e-08
311 1.2e-07
312 4e-08
313 1.2e-07
314 8e-08
315 1.2e-07
316 4e-08
317 1.2e-07
318 1.6e-07
319 8e-08
320 2e-07
321 1.6e-07
322 0
323 8e-08
324 3.6e-07
325 1.2e-07
326 8e-08
327 8e-08
328 1.6e-07
329 1.19204e-07
330 2e-07
331 2e-07
332 4e-08
333 2.4e-07
334 0
335 1.2e-07
336 2e-07
337 8e-08
338 4e-08
339 8e-08
340 1.2e-07
341 4e-08
342 8e-08
343 8e-08
344 0
345 8e-08
346 1.2e-07
347 8e-08
348 1.2e-07
349 1.6e-07
350 1.6e-07
351 4e-08
352 8e-08
353 8e-08
354 1.2e-07
355 8e-08
356 1.2e-07
357 1.6e-07
358 8e-08
359 1.6e-07
360 8e-08
361 4e-08
362 4e-08
363 1.2e-07
364 1.6e-07
365 8e-08
366 4e-08
367 1.59602e-07
368 1.2e-07
369 4e-08
370 2.4e-07
371 4e-08
372 2e-07
373 2.39204e-07
374 8e-08
375 1.2e-07
376 2.8e-07
377 8e-08
378 8e-08
379 0
380 8e-08
381 1.2e-07
382 8e-08
383 1.2e-07
384 1.2e-07
385 1.6e-07
386 1.2e-07
387 8e-08
388 8e-08
389 2e-07
390 8e-08
391 4e-08
392 1.6e-07
393 1.6e-07
394 3.9602e-08
395 4e-08
396 0
397 8e-08
398 1.2e-07
399 8e-08
400 7.9602e-08
401 8e-08
402 8e-08
403 1.2e-07
404 1.2e-07
405 8e-08
406 1.2e-07
407 4e-08
408 1.2e-07
409 8e-08
410 4e-08
411 1.6e-07
412 1.2e-07
413 2e-07
414 1.6e-07
415 8e-08
416 8e-08
417 8e-08
418 2.4e-07
419 8e-08
420 8e-08
421 1.2e-07
422 4e-08
423 8e-08
424 1.59602e-07
425 1.2e-07
426 1.2e-07
427 1.6e-07
428 8e-08
429 8e-08
430 1.2e-07
431 4e-08
432 8e-08
433 1.2e-07
434 4e-08
435 1.2e-07
436 4e-08
437 8e-08
438 8e-08
439 0
440 1.2e-07
441 1.6e-07
442 1.6e-07
443 1.6e-07
444 1.6e-07
445 8e-08
446 8e-08
447 1.2e-07
448 0
449 4e-08
450 0
451 4e-08
452 8e-08
453 1.6e-07
454 8e-08
455 7.9602e-08
456 1.6e-07
457 0
458 8e-08
459 8e-08
460 4e-08
461 8e-08
462 3.9602e-08
463 4e-08
464 1.6e-07
465 1.2e-07
466 8e-08
467 1.2e-07
468 8e-08
469 1.6e-07
470 0
471 8e-08
472 0
473 2e-07
474 8e-08
475 2.4e-07
476 1.2e-07
477 4e-08
478 0
479 8e-08
480 0
481 0
482 2e-07
483 8e-08
484 4e-08
485 1.6e-07
486 4e-08
487 2e-07
488 4e-08
489 4e-08
490 4e-08
491 1.6e-07
492 1.2e-07
493 8e-08
494 1.2e-07
495 1.6e-07
496 8e-08
497 4e-08
498 8e-08
499 1.2e-07
500 1.2e-07
501 1.19602e-07
502 8e-08
503 8e-08
504 2e-07
505 4e-08
506 7.9602e-08
507 1.2e-07
508 8e-08
509 3.9602e-08
510 4e-08
511 4e-08
512 1.2e-07
513 8e-08
514 1.2e-07
515 0
516 4e-08
517 0
518 0
519 8e-08
520 1.2e-07
521 4e-08
522 4e-08
523 4e-08
524 1.19602e-07
525 8e-08
526 1.99602e-07
527 4e-08
528 8e-08
529 8e-08
530 1.2e-07
531 8e-08
532 1.6e-07
533 4e-08
534 4e-08
535 4e-08
536 0
537 0
538 0
539 4e-08
540 3.9602e-08
541 1.2e-07
542 0
543 0
544 4e-08
545 8e-08
546 8e-08
547 8e-08
548 8e-08
549 8e-08
550 4e-08
551 8e-08
552 8e-08
553 8e-08
554 4e-08
555 0
556 8e-08
557 4e-08
558 8e-08
559 0
560 4e-08
561 4e-08
562 1.2e-07
563 1.6e-07
564 4e-08
565 8e-08
566 1.2e-07
567 0
568 1.2e-07
569 4e-08
570 4e-08
571 1.2e-07
572 1.6e-07
573 4e-08
574 1.2e-07
575 4e-08
576 7.9602e-08
577 1.2e-07
578 4e-08
579 4e-08
580 4e-08
581 0
582 0
583 0
584 8e-08
585 2e-07
586 1.2e-07
587 4e-08
588 4e-08
589 1.2e-07
590 8e-08
591 7.9602e-08
592 1.6e-07
593 1.59602e-07
594 8e-08
595 4e-08
596 1.2e-07
597 1.2e-07
598 8e-08
599 8e-08
600 7.9602e-08
601 8e-08
602 8e-08
603 1.2e-07
604 1.6e-07
605 4e-08
606 1.6e-07
607 4e-08
608 8e-08
609 0
610 7.9602e-08
611 8e-08
612 4e-08
613 0
614 8e-08
615 0
616 8e-08
617 0
618 0
619 8e-08
620 1.2e-07
621 0
622 0
623 2.4e-07
624 1.6e-07
625 8e-08
626 4e-08
627 8e-08
628 7.9602e-08
629 8e-08
630 1.2e-07
631 1.2e-07
632 4e-08
633 4e-08
634 1.2e-07
635 4e-08
636 1.6e-07
637 4e-08
638 0
639 4e-08
640 1.6e-07
641 4e-08
642 4e-08
643 0
644 4e-08
645 0
646 4e-08
647 4e-08
648 0
649 8e-08
650 8e-08
651 8e-08
652 8e-08
653 4e-08
654 0
655 4e-08
656 4e-08
657 4e-08
658 4e-08
659 4e-08
660 4e-08
661 8e-08
662 0
663 4e-08
664 0
665 1.2e-07
666 8e-08
667 0
668 4e-08
669 4e-08
670 8e-08
671 0
672 4e-08
673 0
674 0
675 8e-08
676 1.2e-07
677 4e-08
678 8e-08
679 4e-08
680 4e-08
681 1.2e-07
682 4e-08
683 1.6e-07
684 8e-08
685 1.2e-07
686 1.2e-07
687 0
688 4e-08
689 1.2e-07
690 4e-08
691 1.2e-07
692 4e-08
693 1.19602e-07
694 8e-08
695 8e-08
696 0
697 4e-08
698 4e-08
699 0
700 8e-08
701 7.9602e-08
702 0
703 8e-08
704 1.2e-07
705 1.6e-07
706 8e-08
707 1.2e-07
708 1.6e-07
709 8e-08
710 0
711 4e-08
712 8e-08
713 3.9602e-08
714 4e-08
715 0
716 0
717 8e-08
718 1.2e-07
719 8e-08
720 8e-08
721 0
722 0
723 4e-08
724 0
725 8e-08
726 8e-08
727 0
728 0
729 4e-08
730 4e-08
731 4e-08
732 4e-08
733 8e-08
734 1.2e-07
735 1.6e-07
736 4e-08
737 1.2e-07
738 4e-08
739 0
740 1.2e-07
741 0
742 8e-08
743 0
744 0
745 8e-08
746 0
747 1.2e-07
748 4e-08
749 2.4e-07
750 0
751 4e-08
752 0
753 4e-08
754 1.59602e-07
755 0
756 4e-08
757 4e-08
758 1.2e-07
759 1.2e-07
760 8e-08
761 0
762 4e-08
763 4e-08
764 4e-08
765 1.2e-07
766 0
767 1.2e-07
768 8e-08
769 4e-08
770 0
771 8e-08
772 4e-08
773 4e-08
774 8e-08
775 4e-08
776 8e-08
777 1.2e-07
778 0
779 4e-08
780 4e-08
781 0
782 0
783 1.2e-07
784 1.19602e-07
785 8e-08
786 8e-08
787 4e-08
788 0
789 4e-08
790 1.2e-07
791 0
792 0
793 4e-08
794 8e-08
795 4e-08
796 7.9602e-08
797 7.9602e-08
798 4e-08
799 0
800 1.6e-07
801 8e-08
802 1.2e-07
803 4e-08
804 8e-08
805 0
806 1.6e-07
807 1.6e-07
808 0
809 4e-08
810 0
811 1.2e-07
812 8e-08
813 4e-08
814 0
815 1.19602e-07
816 8e-08
817 0
818 8e-08
819 0
820 0
821 4e-08
822 4e-08
823 8e-08
824 1.2e-07
825 8e-08
826 1.2e-07
827 0
828 1.6e-07
829 8e-08
830 0
831 0
832 1.6e-07
833 1.2e-07
834 4e-08
835 0
836 0
837 4e-08
838 0
839 4e-08
840 4e-08
841 4e-08
842 3.9602e-08
843 4e-08
844 8e-08
845 0
846 0
847 8e-08
848 4e-08
849 8e-08
850 2e-07
851 0
852 4e-08
853 8e-08
854 8e-08
855 4e-08
856 0
857 4e-08
858 2e-07
859 4e-08
860 8e-08
861 1.2e-07
862 0
863 4e-08
864 0
865 8e-08
866 0
867 0
868 4e-08
869 0
870 0
871 4e-08
872 8e-08
873 4e-08
874 4e-08
875 4e-08
876 4e-08
877 0
878 7.9602e-08
879 8e-08
880 0
881 0
882 4e-08
883 8e-08
884 0
885 0
886 4e-08
887 1.6e-07
888 4e-08
889 4e-08
890 4e-08
891 1.2e-07
892 4e-08
893 4e-08
894 4e-08
895 4e-08
896 0
897 7.9602e-08
898 4e-08
899 0
900 4e-08
901 4e-08
902 4e-08
903 8e-08
904 1.2e-07
905 4e-08
906 8e-08
907 4e-08
908 1.2e-07
909 4e-08
910 8e-08
911 8e-08
912 0
913 0
914 8e-08
915 3.9602e-08
916 0
917 8e-08
918 8e-08
919 4e-08
920 4e-08
921 4e-08
922 4e-08
923 4e-08
924 0
925 4e-08
926 8e-08
927 8e-08
928 0
929 8e-08
930 0
931 8e-08
932 4e-08
933 4e-08
934 1.2e-07
935 0
936 4e-08
937 8e-08
938 0
939 4e-08
940 0
941 0
942 4e-08
943 4e-08
944 4e-08
945 1.2e-07
946 4e-08
947 0
948 8e-08
949 0
950 0
951 0
952 0
953 1.2e-07
954 4e-08
955 8e-08
956 8e-08
957 0
958 0
959 4e-08
960 4e-08
961 4e-08
962 8e-08
963 8e-08
964 0
965 4e-08
966 8e-08
967 0
968 4e-08
969 4e-08
970 4e-08
971 0
972 1.2e-07
973 8e-08
974 8e-08
975 4e-08
976 8e-08
977 0
978 4e-08
979 8e-08
980 8e-08
981 0
982 4e-08
983 4e-08
984 4e-08
985 4e-08
986 1.59208e-07
987 4e-08
988 0
989 4e-08
990 4e-08
991 1.2e-07
992 2e-07
993 0
994 0
995 4e-08
996 8e-08
997 0
998 1.2e-07
999 0
