0 0
1 0.00446033
2 0.263156
3 0.5231
4 0.360636
5 0.183356
6 0.149846
7 0.161889
8 0.123146
9 0.0819871
10 0.0592988
11 0.0628857
12 0.0521383
13 0.0541924
14 0.0681154
15 0.0264803
16 0.0163747
17 0.0391159
18 0.0259791
19 0.0266779
20 0.0129593
21 0.0103784
22 0.0131559
23 0.00765817
24 0.0090093
25 0.011209
26 0.011962
27 0.00789502
28 0.00152613
29 0.0067619
30 0.000980546
31 0.00450044
32 0.00384571
33 0.00024675
34 0.000213899
35 0.00362715
36 0.00339808
37 0.002487
38 0.000307268
39 0.00101178
40 0.00205909
41 0.00143472
42 0.000944016
43 0.000301283
44 0.00029288
45 0.00219524
46 0.000296394
47 0.000575317
48 0.000327435
49 0.00174933
50 0.000605675
51 0.000133449
52 0.00135237
53 0.000162766
54 0.00021681
55 6.08225e-05
56 0.000108504
57 5.80406e-06
58 0.000138708
59 0.000328078
60 0.000183788
61 0.00127078
62 0.000650578
63 0.000145724
64 1.83235e-05
65 4.02465e-05
66 0.000133138
67 0.000212934
68 7.28676e-05
69 9.18052e-05
70 2.16014e-06
71 0.000757316
72 0.000202847
73 0.000110966
74 0.000100562
75 0.000110032
76 0.000238304
77 7.86309e-05
78 7.83262e-05
79 2.2328e-05
80 0.000257602
81 0.000144323
82 3.38945e-05
83 6.11346e-05
84 0.000133384
85 5.8946e-05
86 7.73356e-06
87 2.1641e-05
88 0.000106354
89 0.000101316
90 2.48952e-05
91 1.30847e-06
92 4.54787e-06
93 7.3081e-06
94 6.39685e-06
95 6.02984e-05
96 1.70611e-06
97 1.76311e-06
98 4.23041e-06
99 6.53752e-06
100 5.97363e-05
101 0.000143555
102 2.27245e-05
103 3.59599e-05
104 0.000124134
105 0.000130093
106 3.04644e-05
107 0.000167442
108 1.40488e-07
109 2.22344e-06
110 5.17599e-05
111 0.00017404
112 0.000121715
113 6.81223e-05
114 6.42703e-06
115 2.53114e-05
116 9.83908e-05
117 2.39826e-06
118 2.91552e-06
119 1.92114e-05
120 1.57475e-05
121 7.98137e-06
122 6.91529e-06
123 2.56129e-08
124 4.60882e-07
125 0
126 2.46781e-05
127 0
128 3.4798e-05
129 6.61926e-05
130 3.72268e-06
131 5.43573e-05
132 1.37188e-05
133 3.93017e-05
134 6.58635e-05
135 1.6186e-05
136 6.78361e-07
137 1.16264e-05
138 2.40515e-06
139 2.00869e-05
140 0
141 3.56873e-08
142 0
143 6.39793e-06
144 5.24375e-06
145 8.00243e-06
146 0.000107323
147 0
148 0.000165302
149 8.70149e-05
150 2.72023e-05
151 4.23821e-05
152 2.68626e-07
153 4.70952e-06
154 0
155 1.25338e-08
156 4.92707e-05
157 0
158 0.000101677
159 3.73904e-06
160 0.000151608
161 3.53685e-05
162 2.89483e-06
163 7.49702e-05
164 0
165 5.79166e-05
166 0.00010586
167 8.75158e-05
168 1.57857e-05
169 9.07413e-07
170 1.74607e-06
171 0.000177025
172 2.06631e-07
173 2.91239e-05
174 1.48254e-06
175 2.36824e-05
176 7.00851e-05
177 2.34083e-07
178 0.000120615
179 2.01523e-07
180 3.87971e-05
181 2.01417e-07
182 1.90374e-06
183 9.64637e-05
184 0
185 3.12913e-05
186 2.50584e-06
187 2.0747e-05
188 2.51517e-05
189 7.22809e-05
190 1.39859e-05
191 0
192 4.4173e-06
193 0
194 1.6374e-05
195 0.000107292
196 5.14028e-07
197 5.56539e-05
198 1.72658e-05
199 0.000107008
200 0
201 4.9973e-06
202 0.000101831
203 0.000106673
204 0
205 0
206 0
207 0
208 0
209 9.61171e-07
210 0.0001036
211 3.80964e-05
212 1.33218e-08
213 9.95502e-06
214 6.32993e-05
215 1.44756e-06
216 7.84493e-05
217 1.96736e-06
218 0
219 1.038e-05
220 0.000154574
221 8.38485e-09
222 4.07745e-05
223 9.54954e-08
224 9.18217e-06
225 0
226 4.60641e-10
227 3.62681e-05
228 5.29051e-05
229 1.89628e-06
230 0
231 5.23926e-05
232 3.33902e-05
233 0.000121067
234 7.82167e-05
235 0.00011237
236 0.000106378
237 0
238 3.2238e-07
239 8.24166e-06
240 4.5519e-05
241 6.72023e-05
242 1.03455e-05
243 3.41664e-06
244 3.2043e-05
245 5.1496e-05
246 2.69407e-05
247 0
248 3.39816e-07
249 0
