0 -10.9372563665697 -10.9900151560432 -10.8863348404112
0.993251773010283 -11.0215212211844 -11.0783612071701 -10.9674375789422
2.00012773496011 -11.0099344517728 -11.066344005669 -10.9557354740456
3.00022217882684 -11.0451555786717 -11.1039332510859 -10.9914566811058
4.00003388275086 -10.9545561678675 -11.0096744563062 -10.9025676774394
4.99997871390773 -11.1283027245009 -11.1878609063311 -11.0729558758737
6.00000299062804 -11.6845076953192 -11.7616971288185 -11.6132520057009
6.9999971198819 -14.2202014658428 -14.5068713350934 -14.0039157827965
8.00000067527204 -16.4514182528905 -17.9399968522985 -15.8829681943414
8.99999951529857 -22.7261390071674 -28.0192884570335 -22.0358414445055
9.99997885272489 -30.7317961778433 -42.7318013053047 -30.038651218802
10.9999976331124 -52.3412382668407 -94.3230917211764 -51.6480910862808
12.0000012815651 -180.341238928067 -204.341237162432 -179.648091747508
