8103.08 0 1.06892e-05 -0.00109057 0.00111195
8103.08 0.01 9.36365e-21 -2.87065e-19 3.05792e-19
8103.08 0.02 3.02104e-34 -5.39242e-33 5.99663e-33
8103.08 0.03 1.07253e-47 -1.3469e-46 1.5614e-46
8103.08 0.04 3.88773e-61 -3.78611e-60 4.56366e-60
8103.08 0.05 1.42192e-74 -1.13598e-73 1.42037e-73
8103.08 0.06 5.23372e-88 -3.55217e-87 4.59891e-87
8103.08 0.07 1.93639e-101 -1.14281e-100 1.53009e-100
8103.08 0.08 7.19513e-115 -3.75373e-114 5.19276e-114
8103.08 0.09 2.68307e-128 -1.25256e-127 1.78918e-127
