0 -3.28414794835952 -3.34295907652017 -3.22533682019887
0.993251773010283 -3.45254962515559 -3.51519647591732 -3.38990277439386
2.00012773496011 -3.75358865648339 -3.82315572926381 -3.68402158370297
3.00022217882684 -4.29039594316443 -4.37304859472106 -4.20774329160781
4.00003388275086 -5.36841799422753 -5.48667177519932 -5.25016635848796
4.99997871390773 -7.47272738641884 -7.74152480221402 -7.20392821122496
6.00000299062804 -10.458958442442 -11.6728590562426 -9.24506235982121
6.9999971198819 -13.405091076391 -19.2946396517998 -7.51557566957815
8.00000067527204 -17.3595142112731 -34.7433065247684 0.0242504180707392
8.99999951529857 -46.1174517811341 -77.7748343189265 -14.4601012821299
