0 0
1 0
2 0
3 0
4 0
5 0
6 0
7 0
8 0
9 0
10 0
11 0
12 0
13 0
14 4e-07
15 0
16 0
17 0
18 0
19 0
20 0
21 0
22 0
23 0
24 0
25 0
26 0
27 0
28 0
29 0
30 0
31 0
32 0
33 0
34 0
35 0
36 0
37 0
38 0
39 0
40 4e-07
41 0
42 0
43 0
44 0
45 0
46 0
47 0
48 0
49 0
50 0
51 0
52 0
53 0
54 4e-07
55 0
56 0
57 0
58 0
59 0
60 0
61 0
62 0
63 0
64 0
65 0
66 0
67 0
68 4e-07
69 0
70 4e-07
71 0
72 4e-07
73 0
74 0
75 4e-07
76 0
77 0
78 4e-07
79 0
80 0
81 4e-07
82 0
83 0
84 0
85 0
86 4e-07
87 4e-07
88 0
89 0
90 0
91 4e-07
92 0
93 0
94 4e-07
95 4e-07
96 0
97 0
98 0
99 0
100 0
101 0
102 0
103 4e-07
104 0
105 0
106 4e-07
107 8e-07
108 0
109 4e-07
110 4e-07
111 0
112 0
113 0
114 4e-07
115 4e-07
116 0
117 0
118 4e-07
119 4e-07
120 4e-07
121 4e-07
122 0
123 0
124 0
125 4e-07
126 0
127 0
128 0
129 4e-07
130 0
131 0
132 4e-07
133 0
134 0
135 0
136 4e-07
137 4e-07
138 0
139 0
140 0
141 8e-07
142 0
143 4e-07
144 0
145 8e-07
146 0
147 8e-07
148 0
149 0
150 0
151 0
152 0
153 0
154 0
155 0
156 0
157 0
158 4e-07
159 1.2e-06
160 8e-07
161 4e-07
162 0
163 0
164 4e-07
165 0
166 4e-07
167 0
168 4e-07
169 0
170 0
171 0
172 8e-07
173 0
174 0
175 0
176 0
177 4e-07
178 0
179 0
180 4e-07
181 8e-07
182 0
183 0
184 8e-07
185 0
186 4e-07
187 0
188 4e-07
189 0
190 0
191 0
192 4e-07
193 4e-07
194 4e-07
195 4e-07
196 0
197 8e-07
198 4e-07
199 0
200 0
201 0
202 4e-07
203 0
204 0
205 0
206 0
207 0
208 8e-07
209 0
210 0
211 4e-07
212 4e-07
213 0
214 0
215 4e-07
216 4e-07
217 0
218 4e-07
219 0
220 4e-07
221 0
222 4e-07
223 4e-07
224 0
225 0
226 0
227 0
228 0
229 0
230 4e-07
231 4e-07
232 7.61935e-07
233 8e-07
234 4e-07
235 4e-07
236 0
237 8e-07
238 4e-07
239 4e-07
240 4e-07
241 0
242 8e-07
243 0
244 4e-07
245 0
246 0
247 4e-07
248 4e-07
249 4e-07
250 0
251 4e-07
252 4e-07
253 8e-07
254 4e-07
255 0
256 4e-07
257 4e-07
258 8e-07
259 0
260 3.61935e-07
261 4e-07
262 0
263 1.2e-06
264 8e-07
265 0
266 4e-07
267 0
268 8e-07
269 0
270 4e-07
271 0
272 0
273 0
274 4e-07
275 1.6e-06
276 0
277 4e-07
278 8e-07
279 4e-07
280 0
281 4e-07
282 8e-07
283 4e-07
284 8e-07
285 0
286 4e-07
287 0
288 4e-07
289 4e-07
290 4e-07
291 0
292 0
293 4e-07
294 8e-07
295 1.2e-06
296 0
297 0
298 4e-07
299 0
300 1.2e-06
301 0
302 0
303 4e-07
304 0
305 8e-07
306 4e-07
307 0
308 0
309 8e-07
310 1.6e-06
311 4e-07
312 4e-07
313 0
314 8e-07
315 4e-07
316 4e-07
317 1.6e-06
318 4e-07
319 1.2e-06
320 0
321 0
322 8e-07
323 4e-07
324 4e-07
325 2e-06
326 1.2e-06
327 1.2e-06
328 8e-07
329 4e-07
330 0
331 4e-07
332 4e-07
333 0
334 8e-07
335 1.6e-06
336 7.61935e-07
337 0
338 0
339 4e-07
340 4e-07
341 4e-07
342 4e-07
343 0
344 8e-07
345 4e-07
346 1.2e-06
347 1.16193e-06
348 4e-07
349 4e-07
350 1.2e-06
351 0
352 4e-07
353 1.6e-06
354 8e-07
355 3.61935e-07
356 0
357 4e-07
358 4e-07
359 8e-07
360 4e-07
361 4e-07
362 0
363 8e-07
364 4e-07
365 4e-07
366 4e-07
367 4e-07
368 4e-07
369 1.2e-06
370 0
371 0
372 4e-07
373 8e-07
374 4e-07
375 8e-07
376 8e-07
377 8e-07
378 1.6e-06
379 1.2e-06
380 1.6e-06
381 4e-07
382 0
383 8e-07
384 0
385 8e-07
386 8e-07
387 0
388 0
389 1.2e-06
390 8e-07
391 8e-07
392 8e-07
393 4e-07
394 4e-07
395 4e-07
396 0
397 1.2e-06
398 1.6e-06
399 4e-07
400 1.6e-06
401 0
402 4e-07
403 1.2e-06
404 1.2e-06
405 0
406 0
407 4e-07
408 8e-07
409 1.6e-06
410 1.2e-06
411 8e-07
412 1.2e-06
413 8e-07
414 4e-07
415 1.2e-06
416 0
417 4e-07
418 4e-07
419 1.2e-06
420 4e-07
421 1.56193e-06
422 1.2e-06
423 4e-07
424 1.2e-06
425 0
426 8e-07
427 0
428 4e-07
429 1.2e-06
430 4e-07
431 1.2e-06
432 8e-07
433 1.6e-06
434 4e-07
435 2e-06
436 8e-07
437 8e-07
438 8e-07
439 1.2e-06
440 1.2e-06
441 4e-07
442 0
443 8e-07
444 0
445 4e-07
446 8e-07
447 4e-07
448 1.6e-06
449 4e-07
450 1.2e-06
451 1.16193e-06
452 8e-07
453 4e-07
454 0
455 8e-07
456 8e-07
457 1.2e-06
458 0
459 8e-07
460 4e-07
461 4e-07
462 8e-07
463 1.2e-06
464 4e-07
465 1.2e-06
466 1.2e-06
467 8e-07
468 1.2e-06
469 8e-07
470 1.2e-06
471 1.6e-06
472 8e-07
473 1.2e-06
474 8e-07
475 1.2e-06
476 4e-07
477 0
478 0
479 8e-07
480 1.2e-06
481 8e-07
482 4e-07
483 8e-07
484 0
485 4e-07
486 1.2e-06
487 8e-07
488 0
489 4e-07
490 4e-07
491 1.56193e-06
492 2.4e-06
493 0
494 0
495 4e-07
496 1.2e-06
497 8e-07
498 8e-07
499 1.2e-06
500 8e-07
501 4e-07
502 8e-07
503 8e-07
504 8e-07
505 2.4e-06
506 8e-07
507 1.2e-06
508 7.61935e-07
509 1.2e-06
510 4e-07
511 1.2e-06
512 1.6e-06
513 1.2e-06
514 8e-07
515 4e-07
516 8e-07
517 8e-07
518 1.6e-06
519 0
520 4e-07
521 8e-07
522 1.2e-06
523 8e-07
524 4e-07
525 1.6e-06
526 1.2e-06
527 8e-07
528 4e-07
529 8e-07
530 0
531 1.6e-06
532 4e-07
533 0
534 1.6e-06
535 2e-06
536 1.2e-06
537 7.61935e-07
538 8e-07
539 4e-07
540 7.61935e-07
541 0
542 8e-07
543 8e-07
544 0
545 8e-07
546 8e-07
547 2.32749e-06
548 8e-07
549 1.2e-06
550 8e-07
551 0
552 1.6e-06
553 0
554 1.2e-06
555 8e-07
556 2e-06
557 8e-07
558 8e-07
559 1.2e-06
560 0
561 4e-07
562 1.2e-06
563 4e-07
564 1.2e-06
565 2e-06
566 4e-07
567 0
568 1.2e-06
569 1.2e-06
570 0
571 0
572 0
573 2.36193e-06
574 0
575 8e-07
576 8e-07
577 8e-07
578 4e-07
579 8e-07
580 1.2e-06
581 2e-06
582 2.4e-06
583 4e-07
584 0
585 1.2e-06
586 8e-07
587 4e-07
588 0
589 8e-07
590 8e-07
591 8e-07
592 1.2e-06
593 8e-07
594 1.6e-06
595 4e-07
596 8e-07
597 4e-07
598 1.6e-06
599 4e-07
600 2.4e-06
601 1.6e-06
602 1.2e-06
603 2e-06
604 8e-07
605 4e-07
606 1.6e-06
607 4e-07
608 1.6e-06
609 1.2e-06
610 1.2e-06
611 1.2e-06
612 4e-07
613 1.2e-06
614 1.96193e-06
615 1.6e-06
616 1.2e-06
617 4e-07
618 8e-07
619 8e-07
620 0
621 1.16193e-06
622 4e-07
623 8e-07
624 0
625 1.6e-06
626 2.4e-06
627 8e-07
628 1.2e-06
629 2e-06
630 8e-07
631 4e-07
632 4e-07
633 8e-07
634 8e-07
635 1.6e-06
636 1.2e-06
637 1.2e-06
638 4e-07
639 4e-07
640 8e-07
641 1.2e-06
642 1.6e-06
643 1.6e-06
644 8e-07
645 2e-06
646 1.2e-06
647 4e-07
648 1.2e-06
649 7.61935e-07
650 1.2e-06
651 1.2e-06
652 1.2e-06
653 4e-07
654 4e-07
655 1.2e-06
656 8e-07
657 8e-07
658 4e-07
659 1.2e-06
660 1.56193e-06
661 1.2e-06
662 0
663 1.56193e-06
664 8e-07
665 1.6e-06
666 4e-07
667 1.6e-06
668 0
669 2e-06
670 2.4e-06
671 1.6e-06
672 3.61935e-07
673 1.2e-06
674 8e-07
675 4e-07
676 4e-07
677 8e-07
678 0
679 8e-07
680 1.6e-06
681 7.61935e-07
682 8e-07
683 1.6e-06
684 3.61935e-07
685 4e-07
686 1.6e-06
687 4e-07
688 2.8e-06
689 8e-07
690 8e-07
691 0
692 4e-07
693 1.16193e-06
694 0
695 1.2e-06
696 4e-07
697 8e-07
698 4e-07
699 1.6e-06
700 4e-07
701 8e-07
702 4e-07
703 8e-07
704 8e-07
705 1.2e-06
706 8e-07
707 2.8e-06
708 1.2e-06
709 1.6e-06
710 0
711 4e-07
712 8e-07
713 8e-07
714 0
715 2.4e-06
716 2.4e-06
717 8e-07
718 1.16193e-06
719 0
720 1.6e-06
721 1.6e-06
722 1.6e-06
723 4e-07
724 2.4e-06
725 4e-07
726 1.2e-06
727 1.6e-06
728 8e-07
729 1.2e-06
730 1.2e-06
731 1.2e-06
732 0
733 1.6e-06
734 1.6e-06
735 1.6e-06
736 4e-07
737 4e-07
738 1.2e-06
739 1.6e-06
740 4e-07
741 0
742 8e-07
743 1.2e-06
744 8e-07
745 8e-07
746 1.6e-06
747 1.2e-06
748 8e-07
749 8e-07
750 0
751 8e-07
752 1.2e-06
753 8e-07
754 1.2e-06
755 4e-07
756 0
757 8e-07
758 2.8e-06
759 8e-07
760 2e-06
761 1.2e-06
762 4e-07
763 4e-07
764 1.2e-06
765 4e-07
766 1.2e-06
767 1.6e-06
768 0
769 8e-07
770 1.2e-06
771 3.61935e-07
772 8e-07
773 1.16193e-06
774 8e-07
775 4e-07
776 8e-07
777 1.6e-06
778 1.2e-06
779 1.2e-06
780 4e-07
781 8e-07
782 4e-07
783 8e-07
784 1.6e-06
785 1.6e-06
786 4e-07
787 2.76193e-06
788 1.2e-06
789 8e-07
790 8e-07
791 0
792 4e-07
793 7.61935e-07
794 8e-07
795 8e-07
796 0
797 8e-07
798 1.96193e-06
799 8e-07
800 8e-07
801 1.2e-06
802 4e-07
803 1.6e-06
804 1.2e-06
805 8e-07
806 1.2e-06
807 4e-07
808 2e-06
809 2e-06
810 1.2e-06
811 4e-07
812 1.2e-06
813 0
814 4e-07
815 8e-07
816 8e-07
817 1.56193e-06
818 7.61935e-07
819 1.2e-06
820 1.6e-06
821 1.2e-06
822 2.4e-06
823 3.61935e-07
824 8e-07
825 1.6e-06
826 1.2e-06
827 4e-07
828 4e-07
829 1.6e-06
830 1.16193e-06
831 1.2e-06
832 4e-07
833 1.2e-06
834 1.2e-06
835 2e-06
836 4e-07
837 8e-07
838 8e-07
839 1.2e-06
840 1.6e-06
841 4e-07
842 8e-07
843 4e-07
844 4e-07
845 4e-07
846 2e-06
847 4e-07
848 1.56193e-06
849 1.2e-06
850 1.2e-06
851 1.6e-06
852 4e-07
853 8e-07
854 2e-06
855 0
856 2e-06
857 4e-07
858 8e-07
859 1.6e-06
860 4e-07
861 0
862 1.2e-06
863 2.36193e-06
864 0
865 4e-07
866 1.2e-06
867 8e-07
868 4e-07
869 4e-07
870 1.2e-06
871 1.2e-06
872 2.4e-06
873 1.2e-06
874 1.2e-06
875 4e-07
876 0
877 8e-07
878 4e-07
879 8e-07
880 8e-07
881 1.2e-06
882 1.2e-06
883 1.2e-06
884 4e-07
885 8e-07
886 1.2e-06
887 1.6e-06
888 1.2e-06
889 4e-07
890 3.61935e-07
891 0
892 4e-07
893 1.2e-06
894 4e-07
895 1.2e-06
896 2.36193e-06
897 1.2e-06
898 1.6e-06
899 4e-07
900 2.8e-06
901 1.2e-06
902 1.2e-06
903 1.2e-06
904 0
905 2.8e-06
906 8e-07
907 1.6e-06
908 1.6e-06
909 1.2e-06
910 1.2e-06
911 8e-07
912 8e-07
913 1.2e-06
914 4e-07
915 4e-07
916 1.2e-06
917 4e-07
918 1.2e-06
919 1.2e-06
920 1.2e-06
921 1.56193e-06
922 0
923 8e-07
924 1.6e-06
925 1.2e-06
926 1.6e-06
927 2e-06
928 4e-07
929 1.2e-06
930 1.2e-06
931 1.2e-06
932 1.2e-06
933 1.96193e-06
934 4e-07
935 0
936 4e-07
937 2e-06
938 8e-07
939 1.6e-06
940 8e-07
941 8e-07
942 1.6e-06
943 4e-07
944 1.2e-06
945 1.2e-06
946 8e-07
947 3.61935e-07
948 8e-07
949 2.4e-06
950 4e-07
951 4e-07
952 4e-07
953 8e-07
954 2e-06
955 0
956 1.6e-06
957 0
958 8e-07
959 1.2e-06
960 1.2e-06
961 8e-07
962 4e-07
963 8e-07
964 4e-07
965 2.76193e-06
966 8e-07
967 0
968 4e-07
969 0
970 0
971 1.16193e-06
972 2e-06
973 1.2e-06
974 4e-07
975 8e-07
976 1.2e-06
977 4e-07
978 8e-07
979 2.4e-06
980 8e-07
981 8e-07
982 1.6e-06
983 1.6e-06
984 8e-07
985 2e-06
986 8e-07
987 0
988 1.16193e-06
989 0
990 1.2e-06
991 8e-07
992 4e-07
993 4e-07
994 0
995 1.2e-06
996 8e-07
997 8e-07
998 1.6e-06
999 0
