0 0
1 0
2 0
3 0
4 0
5 0
6 0
7 0
8 0
9 0
10 0
11 0
12 0
13 0
14 0
15 0
16 0
17 0
18 0
19 0
20 0
21 0
22 0
23 0
24 0
25 0
26 0
27 0
28 0
29 0
30 0
31 0
32 0
33 0
34 0
35 0
36 0
37 0
38 0
39 0
40 0
41 0
42 0
43 0
44 0
45 0
46 0
47 0
48 0
49 0
50 0
51 0
52 0
53 0
54 0
55 0
56 0
57 0
58 0
59 0
60 0
61 0
62 0
63 0
64 0
65 0
66 0
67 0
68 0
69 0
70 0
71 0
72 0
73 0
74 0
75 0
76 0
77 0
78 0
79 0
80 0
81 0
82 0
83 0
84 0
85 0
86 0
87 0
88 0
89 0
90 0
91 0
92 0
93 0
94 0
95 0
96 0
97 0
98 0
99 0
100 0
101 0
102 0
103 0
104 0
105 0
106 0
107 8e-08
108 0
109 0
110 0
111 0
112 0
113 0
114 0
115 0
116 0
117 0
118 8e-08
119 8e-08
120 0
121 0
122 0
123 0
124 0
125 0
126 0
127 0
128 0
129 0
130 0
131 0
132 0
133 0
134 0
135 0
136 0
137 0
138 0
139 0
140 0
141 0
142 0
143 0
144 0
145 0
146 0
147 0
148 0
149 0
150 0
151 0
152 0
153 0
154 0
155 0
156 0
157 0
158 0
159 0
160 0
161 0
162 0
163 8e-08
164 0
165 0
166 0
167 0
168 0
169 0
170 0
171 0
172 0
173 0
174 0
175 0
176 0
177 0
178 0
179 0
180 8e-08
181 0
182 8e-08
183 0
184 0
185 0
186 0
187 0
188 0
189 0
190 0
191 0
192 0
193 8e-08
194 8e-08
195 0
196 0
197 0
198 0
199 0
200 0
201 0
202 0
203 0
204 0
205 0
206 0
207 8e-08
208 0
209 0
210 0
211 0
212 0
213 0
214 0
215 0
216 8e-08
217 0
218 0
219 0
220 0
221 8e-08
222 0
223 0
224 8e-08
225 0
226 0
227 0
228 0
229 0
230 8e-08
231 8e-08
232 0
233 0
234 0
235 0
236 0
237 0
238 0
239 8e-08
240 0
241 0
242 0
243 0
244 0
245 0
246 0
247 0
248 0
249 0
250 8e-08
251 8e-08
252 0
253 0
254 0
255 8e-08
256 0
257 0
258 0
259 0
260 0
261 8e-08
262 8e-08
263 0
264 0
265 0
266 0
267 0
268 0
269 0
270 0
271 1.6e-07
272 0
273 0
274 0
275 0
276 0
277 0
278 8e-08
279 0
280 0
281 0
282 0
283 0
284 0
285 0
286 0
287 0
288 0
289 0
290 0
291 0
292 0
293 0
294 0
295 0
296 0
297 0
298 8e-08
299 8e-08
300 8e-08
301 8e-08
302 0
303 8e-08
304 0
305 0
306 0
307 0
308 0
309 0
310 0
311 8e-08
312 0
313 0
314 0
315 0
316 0
317 0
318 1.6e-07
319 0
320 0
321 0
322 1.6e-07
323 0
324 7.2387e-08
325 0
326 0
327 0
328 0
329 0
330 0
331 8e-08
332 8e-08
333 0
334 0
335 0
336 0
337 0
338 0
339 8e-08
340 8e-08
341 0
342 0
343 0
344 0
345 0
346 0
347 0
348 8e-08
349 0
350 8e-08
351 8e-08
352 1.6e-07
353 0
354 0
355 0
356 8e-08
357 0
358 8e-08
359 8e-08
360 0
361 0
362 8e-08
363 1.6e-07
364 0
365 8e-08
366 0
367 0
368 8e-08
369 8e-08
370 8e-08
371 0
372 0
373 0
374 0
375 0
376 8e-08
377 0
378 8e-08
379 0
380 0
381 8e-08
382 8e-08
383 0
384 0
385 0
386 1.6e-07
387 0
388 8e-08
389 1.6e-07
390 0
391 2.4e-07
392 8e-08
393 8e-08
394 8e-08
395 0
396 0
397 8e-08
398 0
399 8e-08
400 0
401 2.4e-07
402 0
403 0
404 1.6e-07
405 8e-08
406 0
407 8e-08
408 0
409 0
410 0
411 0
412 0
413 0
414 0
415 8e-08
416 0
417 0
418 0
419 0
420 0
421 0
422 0
423 0
424 0
425 0
426 0
427 0
428 0
429 0
430 8e-08
431 8e-08
432 8e-08
433 0
434 0
435 1.6e-07
436 0
437 0
438 0
439 8e-08
440 1.6e-07
441 0
442 8e-08
443 1.6e-07
444 0
445 8e-08
446 0
447 0
448 0
449 8e-08
450 0
451 0
452 8e-08
453 0
454 0
455 8e-08
456 8e-08
457 1.6e-07
458 8e-08
459 0
460 0
461 0
462 0
463 0
464 0
465 0
466 0
467 0
468 0
469 8e-08
470 0
471 8e-08
472 0
473 8e-08
474 0
475 8e-08
476 0
477 0
478 0
479 8e-08
480 8e-08
481 0
482 8e-08
483 0
484 8e-08
485 8e-08
486 0
487 8e-08
488 0
489 0
490 8e-08
491 0
492 0
493 0
494 0
495 0
496 0
497 0
498 8e-08
499 8e-08
500 0
501 8e-08
502 0
503 0
504 8e-08
505 0
506 2.4e-07
507 0
508 8e-08
509 1.6e-07
510 0
511 8e-08
512 0
513 8e-08
514 0
515 1.6e-07
516 1.6e-07
517 0
518 0
519 0
520 0
521 8e-08
522 0
523 8e-08
524 0
525 0
526 0
527 8e-08
528 0
529 0
530 8e-08
531 0
532 0
533 0
534 0
535 0
536 0
537 8e-08
538 0
539 0
540 8e-08
541 0
542 0
543 8e-08
544 0
545 8e-08
546 8e-08
547 0
548 0
549 0
550 8e-08
551 0
552 0
553 0
554 8e-08
555 8e-08
556 8e-08
557 1.6e-07
558 0
559 0
560 0
561 0
562 0
563 8e-08
564 7.2387e-08
565 0
566 0
567 0
568 0
569 8e-08
570 0
571 0
572 0
573 0
574 0
575 8e-08
576 0
577 0
578 0
579 1.6e-07
580 8e-08
581 0
582 0
583 0
584 0
585 8e-08
586 8e-08
587 8e-08
588 0
589 2.4e-07
590 0
591 8e-08
592 8e-08
593 0
594 0
595 1.6e-07
596 8e-08
597 0
598 8e-08
599 8e-08
600 1.6e-07
601 0
602 8e-08
603 8e-08
604 8e-08
605 8e-08
606 0
607 1.6e-07
608 0
609 0
610 0
611 0
612 8e-08
613 0
614 0
615 0
616 8e-08
617 8e-08
618 8e-08
619 0
620 1.6e-07
621 0
622 0
623 0
624 8e-08
625 0
626 0
627 0
628 1.6e-07
629 8e-08
630 8e-08
631 8e-08
632 0
633 0
634 0
635 8e-08
636 0
637 8e-08
638 0
639 0
640 0
641 8e-08
642 0
643 1.6e-07
644 0
645 1.6e-07
646 8e-08
647 1.6e-07
648 8e-08
649 0
650 8e-08
651 2.4e-07
652 8e-08
653 8e-08
654 1.6e-07
655 8e-08
656 1.52387e-07
657 0
658 0
659 8e-08
660 0
661 8e-08
662 0
663 8e-08
664 8e-08
665 0
666 8e-08
667 2.4e-07
668 0
669 1.6e-07
670 8e-08
671 1.6e-07
672 0
673 0
674 8e-08
675 8e-08
676 8e-08
677 0
678 0
679 8e-08
680 8e-08
681 0
682 8e-08
683 8e-08
684 0
685 0
686 8e-08
687 8e-08
688 0
689 1.6e-07
690 0
691 0
692 0
693 8e-08
694 0
695 0
696 2.4e-07
697 0
698 0
699 0
700 0
701 0
702 0
703 1.6e-07
704 1.6e-07
705 0
706 0
707 8e-08
708 8e-08
709 8e-08
710 8e-08
711 0
712 0
713 0
714 8e-08
715 0
716 2.4e-07
717 0
718 1.6e-07
719 0
720 0
721 0
722 0
723 8e-08
724 0
725 0
726 1.6e-07
727 1.6e-07
728 8e-08
729 0
730 8e-08
731 0
732 1.6e-07
733 8e-08
734 8e-08
735 8e-08
736 8e-08
737 0
738 0
739 8e-08
740 8e-08
741 1.6e-07
742 0
743 8e-08
744 0
745 0
746 8e-08
747 0
748 8e-08
749 0
750 8e-08
751 0
752 1.6e-07
753 8e-08
754 0
755 0
756 0
757 2.32387e-07
758 0
759 8e-08
760 8e-08
761 1.6e-07
762 8e-08
763 0
764 8e-08
765 0
766 8e-08
767 8e-08
768 0
769 2.4e-07
770 0
771 8e-08
772 0
773 0
774 1.6e-07
775 0
776 0
777 0
778 0
779 8e-08
780 0
781 8e-08
782 0
783 1.6e-07
784 8e-08
785 8e-08
786 8e-08
787 8e-08
788 8e-08
789 0
790 0
791 0
792 8e-08
793 8e-08
794 2.4e-07
795 0
796 8e-08
797 2.4e-07
798 1.6e-07
799 1.6e-07
800 0
801 8e-08
802 0
803 8e-08
804 8e-08
805 8e-08
806 0
807 0
808 0
809 1.6e-07
810 0
811 0
812 0
813 8e-08
814 0
815 0
816 0
817 0
818 1.6e-07
819 0
820 8e-08
821 8e-08
822 0
823 0
824 8e-08
825 8e-08
826 0
827 0
828 0
829 8e-08
830 1.6e-07
831 0
832 1.6e-07
833 0
834 0
835 0
836 0
837 3.2e-07
838 8e-08
839 8e-08
840 0
841 8e-08
842 8e-08
843 0
844 8e-08
845 1.6e-07
846 8e-08
847 1.6e-07
848 8e-08
849 8e-08
850 0
851 0
852 1.6e-07
853 8e-08
854 0
855 0
856 0
857 8e-08
858 8e-08
859 8e-08
860 0
861 0
862 1.6e-07
863 2.4e-07
864 8e-08
865 2.4e-07
866 1.6e-07
867 0
868 0
869 0
870 0
871 2.4e-07
872 8e-08
873 8e-08
874 0
875 0
876 0
877 2.4e-07
878 8e-08
879 1.6e-07
880 8e-08
881 0
882 0
883 8e-08
884 1.6e-07
885 1.6e-07
886 1.6e-07
887 1.6e-07
888 3.2e-07
889 8e-08
890 1.6e-07
891 0
892 8e-08
893 8e-08
894 0
895 8e-08
896 0
897 8e-08
898 8e-08
899 8e-08
900 2.4e-07
901 8e-08
902 8e-08
903 1.52387e-07
904 2.4e-07
905 8e-08
906 8e-08
907 8e-08
908 1.6e-07
909 8e-08
910 2.4e-07
911 0
912 0
913 3.2e-07
914 1.6e-07
915 1.52387e-07
916 8e-08
917 8e-08
918 8e-08
919 0
920 1.6e-07
921 1.6e-07
922 8e-08
923 0
924 0
925 0
926 2.4e-07
927 0
928 1.6e-07
929 7.2387e-08
930 8e-08
931 0
932 2.4e-07
933 0
934 8e-08
935 4e-07
936 8e-08
937 2.4e-07
938 0
939 0
940 0
941 1.6e-07
942 1.6e-07
943 8e-08
944 2.4e-07
945 0
946 0
947 8e-08
948 0
949 8e-08
950 8e-08
951 8e-08
952 8e-08
953 8e-08
954 8e-08
955 0
956 0
957 0
958 0
959 0
960 0
961 0
962 1.6e-07
963 1.6e-07
964 0
965 1.6e-07
966 1.6e-07
967 8e-08
968 8e-08
969 8e-08
970 8e-08
971 1.6e-07
972 8e-08
973 1.6e-07
974 1.6e-07
975 1.6e-07
976 1.6e-07
977 0
978 1.6e-07
979 3.2e-07
980 2.4e-07
981 0
982 8e-08
983 1.6e-07
984 8e-08
985 1.6e-07
986 1.6e-07
987 2.4e-07
988 8e-08
989 1.52387e-07
990 1.6e-07
991 8e-08
992 1.6e-07
993 8e-08
994 7.2387e-08
995 8e-08
996 1.6e-07
997 8e-08
998 1.6e-07
999 0
