0 0
1 0.001152
2 0.000685472
3 0.000544
4 0.00046
5 0.000504
6 0.000384
7 0.000342943
8 0.000292
9 0.000308
10 0.000281472
11 0.000334943
12 0.000284
13 0.000244
14 0.000233472
15 0.000232
16 0.000242943
17 0.000180415
18 0.000245472
19 0.00022
20 0.00016
21 0.000172
22 0.000208415
23 0.000158943
24 0.000164
25 0.000164
26 0.000149472
27 0.000204415
28 0.000156
29 0.000169472
30 0.000117472
31 0.000137472
32 0.000129472
33 0.000148
34 0.000164
35 0.000126943
36 0.000164
37 0.000104
38 0.000105472
39 0.000133472
40 0.000112
41 0.000189472
42 0.000133472
43 8.4e-05
44 0.000132
45 0.000116
46 8.2943e-05
47 0.00012
48 0.000114943
49 0.000128
50 8.4e-05
51 7.2e-05
52 0.000128
53 0.000133472
54 9.6e-05
55 0.000114943
56 8.94715e-05
57 8.4e-05
58 8.45413e-05
59 7.2e-05
60 7.6e-05
61 9.34715e-05
62 9.6e-05
63 8.2943e-05
64 9.74715e-05
65 8.8e-05
66 0.000101472
67 9.2e-05
68 5.74715e-05
69 8.8e-05
70 8.54715e-05
71 8.4e-05
72 5.6e-05
73 0.000116
74 8.8e-05
75 0.0001
76 9.2e-05
77 9.2e-05
78 8.54715e-05
79 6.8e-05
80 0.000108
81 0.000102943
82 6.8e-05
83 0.000106943
84 0.0001
85 5.8943e-05
86 6.8e-05
87 8.14715e-05
88 7.34715e-05
89 5.74715e-05
90 8e-05
91 6.84146e-05
92 7.2e-05
93 7.2e-05
94 5.34715e-05
95 7.74715e-05
96 9.6e-05
97 4.94715e-05
98 8e-05
99 5.6e-05
100 8e-05
101 7.6e-05
102 6.4e-05
103 3.2e-05
104 4.8e-05
105 8.4e-05
106 3.0943e-05
107 8.94715e-05
108 5.34715e-05
109 6.14715e-05
110 7.34715e-05
111 3.2e-05
112 9.34715e-05
113 8e-05
114 5.2e-05
115 7.4943e-05
116 7.74715e-05
117 5.6e-05
118 8.6943e-05
119 4.94715e-05
120 5.34715e-05
121 5.6e-05
122 7.2e-05
123 7.34715e-05
124 6e-05
125 3.74715e-05
126 5.6e-05
127 5.2e-05
128 3.65413e-05
129 7.34715e-05
130 6.4e-05
131 8.2943e-05
132 3.6e-05
133 4.8e-05
134 4.4e-05
135 4.2943e-05
136 6.54715e-05
137 8.8e-05
138 6.4e-05
139 4.2943e-05
140 2.4e-05
141 0.0001
142 4.4e-05
143 6.54715e-05
144 5.2e-05
145 3.2e-05
146 8e-05
147 3.34715e-05
148 4.8e-05
149 4.54715e-05
150 7.2e-05
151 4e-05
152 3.2e-05
153 6e-05
154 4.14715e-05
155 5.2e-05
156 9.6e-05
157 6.8e-05
158 4.8e-05
159 3.6e-05
160 7.2e-05
161 7.2e-05
162 4.45413e-05
163 2.4e-05
164 6.4e-05
165 5.6e-05
166 5.2e-05
167 6.8e-05
168 4.4e-05
169 7.6e-05
170 5.6e-05
171 6.94715e-05
172 3.6e-05
173 5.6e-05
174 2.94715e-05
175 5.4943e-05
176 4.8e-05
177 4e-05
178 5.0943e-05
179 5.34715e-05
180 3.34715e-05
181 5.2e-05
182 2.8e-05
183 6.4e-05
184 3.74715e-05
185 2.4e-05
186 4.8e-05
187 2.8e-05
188 2.94715e-05
189 4.94715e-05
190 3.2e-05
191 4.8e-05
192 4.8e-05
193 5.2e-05
194 3.2e-05
195 2.8e-05
196 3.74715e-05
197 4e-05
198 3.74715e-05
199 6.8e-05
200 4e-05
201 5.2e-05
202 6e-05
203 5.2e-05
204 4.4e-05
205 3.6e-05
206 4.54715e-05
207 4e-05
208 4.8e-05
209 5.2e-05
210 5.2e-05
211 3.74715e-05
212 4.44146e-05
213 4.4e-05
214 5.2e-05
215 4e-05
216 3.8943e-05
217 3.6e-05
218 2.54715e-05
219 3.74715e-05
220 4e-05
221 4.54715e-05
222 4.94715e-05
223 4.4e-05
224 4e-05
225 4e-05
226 2.4e-05
227 4.4e-05
228 5.2e-05
229 5.2e-05
230 2.94715e-05
231 2e-05
232 6e-05
233 3.34715e-05
234 6e-05
235 4.14715e-05
236 2.54715e-05
237 2.94715e-05
238 4.14715e-05
239 2.54715e-05
240 6.94715e-05
241 5.6e-05
242 3.2e-05
243 1.74715e-05
244 4.94715e-05
245 4.94715e-05
246 4e-05
247 4e-05
248 2.4e-05
249 4e-05
250 3.2e-05
251 4.54715e-05
252 4.4e-05
253 6.8e-05
254 2.4e-05
255 4e-05
256 5.2e-05
257 3.2e-05
258 3.2e-05
259 4e-05
260 3.2e-05
261 2.8e-05
262 6.54715e-05
263 4.8e-05
264 3.2e-05
265 6e-05
266 2.4e-05
267 2.4e-05
268 2.4e-05
269 3.6e-05
270 4.54715e-05
271 6.8e-05
272 5.2e-05
273 5.6e-05
274 3.34715e-05
275 3.74715e-05
276 4e-05
277 4e-05
278 2.94715e-05
279 1.6e-05
280 3.6e-05
281 4.4e-05
282 2.4e-05
283 4.14715e-05
284 4e-05
285 3.6e-05
286 6e-05
287 4.54715e-05
288 2e-05
289 3.34715e-05
290 3.6e-05
291 3.8943e-05
292 2.4e-05
293 4.6943e-05
294 4.4e-05
295 3.74715e-05
296 2.8e-05
297 2.4e-05
298 4e-05
299 2.8e-05
300 3.6e-05
301 4.54134e-06
302 3.8943e-05
303 2.8e-05
304 4.45413e-05
305 2.54715e-05
306 2.6943e-05
307 4.54715e-05
308 3.8943e-05
309 3.34715e-05
310 3.2e-05
311 4.4e-05
312 3.2e-05
313 2.8e-05
314 1.6e-05
315 2.4e-05
316 2.4e-05
317 3.2e-05
318 2e-05
319 2.8e-05
320 3.6e-05
321 2.4e-05
322 4.14715e-05
323 2.94715e-05
324 1.2e-05
325 5.2e-05
326 2.54715e-05
327 2.54715e-05
328 5.2e-05
329 4.4e-05
330 2.94715e-05
331 3.6e-05
332 4.4e-05
333 2.94715e-05
334 2.8e-05
335 1.2e-05
336 2.94715e-05
337 2.54715e-05
338 3.34715e-05
339 5.6e-05
340 3.6e-05
341 2.94715e-05
342 2.8e-05
343 3.34715e-05
344 3.2e-05
345 6e-05
346 5.34715e-05
347 2.4e-05
348 2.4e-05
349 2.94715e-05
350 3.34715e-05
351 2.4e-05
352 9.47152e-06
353 4.14715e-05
354 4.14715e-05
355 4.8e-05
356 3.2e-05
357 2.8e-05
358 1.2e-05
359 2.4e-05
360 1.6e-05
361 4.14715e-05
362 3.6e-05
363 4e-05
364 3.6e-05
365 8e-06
366 2.8e-05
367 2.54715e-05
368 2.2943e-05
369 1.40129e-05
370 9.47152e-06
371 2.4e-05
372 2.4e-05
373 2.54715e-05
374 3.6e-05
375 2.8e-05
376 4.8e-05
377 3.2e-05
378 4e-05
379 3.2e-05
380 1.4943e-05
381 1.6e-05
382 2.8e-05
383 3.6e-05
384 2e-05
385 4.04146e-05
386 4e-05
387 2.8e-05
388 3.34715e-05
389 3.6e-05
390 3.6e-05
391 5.36707e-05
392 4.54715e-05
393 4e-05
394 2.4e-05
395 4e-05
396 3.34715e-05
397 2.4e-05
398 2.54715e-05
399 3.2e-05
400 2.8e-05
401 3.74715e-05
402 2.94715e-05
403 2.14715e-05
404 2.4e-05
405 3.74715e-05
406 3.74715e-05
407 2.4e-05
408 9.47152e-06
409 3.2e-05
410 4.4e-05
411 2.94715e-05
412 6.94304e-06
413 3.2e-05
414 2.8e-05
415 3.6e-05
416 2.94715e-05
417 4e-05
418 2e-05
419 3.94844e-05
420 2e-05
421 3.25413e-05
422 4e-05
423 3.2e-05
424 2.14715e-05
425 4.2943e-05
426 1.2e-05
427 4.4e-05
428 1.34715e-05
429 3.6e-05
430 2e-05
431 5.2e-05
432 2e-05
433 3.6e-05
434 3.2e-05
435 2.54715e-05
436 1.64146e-05
437 2.4e-05
438 2.8e-05
439 1.2e-05
440 2.4e-05
441 1.74715e-05
442 1.74715e-05
443 4e-05
444 1.34715e-05
445 2.8e-05
446 2.14715e-05
447 2.4e-05
448 2.8e-05
449 1.2e-05
450 1.2e-05
451 3.74715e-05
452 2.94715e-05
453 2.8e-05
454 2e-05
455 2e-05
456 1.6e-05
457 2.94715e-05
458 2.8e-05
459 2.8e-05
460 2e-05
461 2.4e-05
462 2e-05
463 4e-06
464 2e-05
465 2.54715e-05
466 3.2e-05
467 2.4e-05
468 1.2e-05
469 2.8e-05
470 5.6e-05
471 2.4e-05
472 3.6e-05
473 1.2e-05
474 2.14715e-05
475 1.34715e-05
476 2e-05
477 3.2e-05
478 9.47152e-06
479 3.34715e-05
480 3.6e-05
481 2.05413e-05
482 5.2e-05
483 2.4e-05
484 2.54715e-05
485 1.2e-05
486 1.2e-05
487 1.6e-05
488 1.2e-05
489 2.4e-05
490 2e-05
491 2.14715e-05
492 1.2e-05
493 2.8e-05
494 2.4e-05
495 1.6e-05
496 4.8e-05
497 2e-05
498 1.6e-05
499 3.2e-05
500 8e-06
501 2.94715e-05
502 1.6e-05
503 1.6e-05
504 2e-05
505 2.14715e-05
506 1.74715e-05
507 2.2943e-05
508 2e-05
509 2e-05
510 2e-05
511 3.6e-05
512 3.2e-05
513 3.2e-05
514 2.54715e-05
515 2.4e-05
516 2.8e-05
517 4.8e-05
518 2.4e-05
519 3.2e-05
520 3.2e-05
521 2.4e-05
522 2e-05
523 4e-05
524 3.34715e-05
525 2.14715e-05
526 2.8e-05
527 2.94715e-05
528 2.8e-05
529 4e-05
530 2.4e-05
531 4e-05
532 2.4e-05
533 1.2e-05
534 2.54715e-05
535 2.14715e-05
536 2.14715e-05
537 2.94715e-05
538 2.8e-05
539 1.6e-05
540 1.74715e-05
541 2.6943e-05
542 2.8e-05
543 2.94715e-05
544 2.4e-05
545 1.6e-05
546 3.2e-05
547 1.6e-05
548 3.2e-05
549 2.14715e-05
550 2e-05
551 9.47152e-06
552 8e-06
553 2.4e-05
554 3.6e-05
555 2.4e-05
556 2.54715e-05
557 4e-05
558 3.6e-05
559 4e-06
560 2.8e-05
561 3.2e-05
562 1.0943e-05
563 2.60129e-05
564 3.34715e-05
565 3.2e-05
566 2.14715e-05
567 2.4e-05
568 2.01991e-05
569 1.6e-05
570 2.4e-05
571 2.94715e-05
572 2e-05
573 3.6e-05
574 2.54715e-05
575 2e-05
576 1.8943e-05
577 2.2943e-05
578 8e-06
579 2.94715e-05
580 2e-05
581 1.6e-05
582 1.6e-05
583 3.6e-05
584 4e-06
585 2.4e-05
586 3.34715e-05
587 3.6e-05
588 2.4e-05
589 9.47152e-06
590 2.54715e-05
591 1.6e-05
592 8e-06
593 2e-05
594 2e-05
595 1.74715e-05
596 4.14715e-05
597 2.8e-05
598 9.47152e-06
599 2.14715e-05
600 2.4e-05
601 1.2e-05
602 2e-05
603 1.2e-05
604 8e-06
605 1.6e-05
606 2.8e-05
607 2.4e-05
608 9.47152e-06
609 2.14715e-05
610 2e-05
611 2.8e-05
612 2.4e-05
613 4e-06
614 1.2e-05
615 3.2e-05
616 4.4e-05
617 1.6e-05
618 1.6e-05
619 2.8e-05
620 2.4e-05
621 4e-06
622 8e-06
623 9.47152e-06
624 3.6e-05
625 1.2e-05
626 2e-05
627 2e-05
628 2e-05
629 1.0943e-05
630 2.8e-05
631 2.8e-05
632 1.74715e-05
633 2.8e-05
634 2.4e-05
635 4e-06
636 1.34715e-05
637 8e-06
638 2e-05
639 1.74715e-05
640 3.2e-05
641 3.6e-05
642 2e-05
643 3.2e-05
644 2.4e-05
645 1.74715e-05
646 4.8e-05
647 4e-06
648 2.54715e-05
649 2.4e-05
650 1.2e-05
651 4e-06
652 4.8e-05
653 2.8e-05
654 1.2e-05
655 1.6e-05
656 1.6e-05
657 4.8e-05
658 2.54715e-05
659 3.74715e-05
660 8e-06
661 5.47152e-06
662 3.2e-05
663 3.34715e-05
664 2e-05
665 1.34715e-05
666 8e-06
667 1.6e-05
668 8e-06
669 3.2e-05
670 2e-05
671 1.2e-05
672 3.0943e-05
673 2.8e-05
674 2e-05
675 2.14715e-05
676 3.4943e-05
677 2.8e-05
678 1.6e-05
679 2e-05
680 5.47152e-06
681 2.4e-05
682 4.4e-05
683 8e-06
684 1.8943e-05
685 4.14715e-05
686 1.2e-05
687 2e-05
688 2e-05
689 2e-05
690 2e-05
691 1.6e-05
692 2e-05
693 2e-05
694 2e-05
695 1.2e-05
696 2.4e-05
697 3.34715e-05
698 2e-05
699 2.4e-05
700 2.8e-05
701 3.4943e-05
702 1.74715e-05
703 2.14715e-05
704 2.8e-05
705 4e-05
706 2e-05
707 2.8e-05
708 2.4e-05
709 1.6e-05
710 4e-06
711 2.94715e-05
712 2.8e-05
713 2.94715e-05
714 1.74715e-05
715 2e-05
716 2.4e-05
717 1.6e-05
718 1.2e-05
719 1.2e-05
720 1.6e-05
721 1.6e-05
722 2.8e-05
723 1.2e-05
724 8e-06
725 2.4e-05
726 4e-06
727 2.2943e-05
728 3.2e-05
729 3.2e-05
730 1.6e-05
731 3.2e-05
732 9.47152e-06
733 2e-05
734 1.2e-05
735 3.34715e-05
736 2.54715e-05
737 2.4e-05
738 1.6e-05
739 8e-06
740 1.25413e-05
741 3.2e-05
742 8e-06
743 2.14715e-05
744 2.8e-05
745 2e-05
746 2.4e-05
747 2.14715e-05
748 3.2e-05
749 2.4e-05
750 2e-05
751 5.47152e-06
752 1.2e-05
753 1.6e-05
754 3.34715e-05
755 2.8e-05
756 3.8943e-05
757 1.2e-05
758 3.6e-05
759 2e-05
760 1.6e-05
761 1.74715e-05
762 2.8e-05
763 1.6e-05
764 4e-06
765 1.6e-05
766 1.6e-05
767 5.47152e-06
768 8e-06
769 2e-05
770 2.6943e-05
771 1.4943e-05
772 1.2e-05
773 2.4e-05
774 1.6e-05
775 2.14715e-05
776 8e-06
777 1.2e-05
778 2.4e-05
779 2e-05
780 2e-05
781 1.6e-05
782 1.6e-05
783 2e-05
784 2.54715e-05
785 2.4e-05
786 1.6e-05
787 2.4e-05
788 3.0943e-05
789 3.2e-05
790 1.74715e-05
791 1.2e-05
792 2e-05
793 1.6e-05
794 2e-05
795 2.4e-05
796 1.6e-05
797 3.2e-05
798 4e-05
799 4e-06
800 2.4e-05
801 1.34715e-05
802 2.4e-05
803 4e-05
804 1.34715e-05
805 2e-05
806 0
807 2e-05
808 8e-06
809 2e-05
810 2.8e-05
811 2e-05
812 1.4943e-05
813 2.8e-05
814 2.8e-05
815 3.34715e-05
816 1.6e-05
817 2.14715e-05
818 8e-06
819 1.34715e-05
820 5.47152e-06
821 2e-05
822 1.2e-05
823 4e-06
824 2e-05
825 4e-06
826 2.14715e-05
827 3.2e-05
828 1.6e-05
829 1.4943e-05
830 8e-06
831 8e-06
832 1.2e-05
833 2.4e-05
834 8e-06
835 2.94715e-05
836 2e-05
837 1.34715e-05
838 1.2e-05
839 2e-05
840 2.4e-05
841 2.94715e-05
842 2e-05
843 2e-05
844 1.6e-05
845 3.74715e-05
846 1.2e-05
847 1.74715e-05
848 2e-05
849 8e-06
850 4e-05
851 1.2e-05
852 1.2e-05
853 2e-05
854 3.2e-05
855 1.6e-05
856 1.6e-05
857 2e-05
858 2e-05
859 4e-06
860 2.45413e-05
861 8e-06
862 3.6e-05
863 9.47152e-06
864 1.2e-05
865 3.2e-05
866 1.6e-05
867 1.2e-05
868 2.4e-05
869 1.4943e-05
870 2e-05
871 2.14715e-05
872 2.8e-05
873 1.2e-05
874 9.47152e-06
875 1.6e-05
876 1.6e-05
877 2.4e-05
878 3.34715e-05
879 2.8e-05
880 4.54134e-06
881 2.4e-05
882 1.2e-05
883 2.8e-05
884 1.74715e-05
885 2.14715e-05
886 1.2e-05
887 1.6e-05
888 8e-06
889 2e-05
890 8.54134e-06
891 2.4e-05
892 2.4e-05
893 2e-05
894 4e-06
895 2e-05
896 2.8e-05
897 1.6e-05
898 2e-05
899 2.54715e-05
900 1.6e-05
901 2.8e-05
902 2e-05
903 4e-06
904 1.6e-05
905 1.8943e-05
906 1.2e-05
907 1.2e-05
908 2e-05
909 2.4e-05
910 2e-05
911 1.6e-05
912 2.4e-05
913 2e-05
914 1.6e-05
915 8e-06
916 3.6e-05
917 1.6e-05
918 1.6e-05
919 1.2e-05
920 8e-06
921 2.94715e-05
922 1.6e-05
923 1.47152e-06
924 2e-05
925 5.47152e-06
926 1.2e-05
927 4e-06
928 3.74715e-05
929 2.2943e-05
930 2e-05
931 1.2e-05
932 5.47152e-06
933 1.6e-05
934 2.4e-05
935 2.4e-05
936 1.2e-05
937 4e-06
938 4.4e-05
939 2.8e-05
940 1.65413e-05
941 4e-06
942 1.2e-05
943 1.6e-05
944 8e-06
945 2.2943e-05
946 1.6e-05
947 2.14715e-05
948 8e-06
949 8e-06
950 5.34715e-05
951 8e-06
952 1.2e-05
953 2e-05
954 1.2e-05
955 8e-06
956 2.2943e-05
957 1.6e-05
958 3.2e-05
959 8e-06
960 1.2e-05
961 1.6e-05
962 2.4e-05
963 2.4e-05
964 2.8e-05
965 1.74715e-05
966 1.2e-05
967 1.2e-05
968 4e-06
969 2e-05
970 3.2e-05
971 2e-05
972 1.74715e-05
973 2.14715e-05
974 9.47152e-06
975 0
976 8e-06
977 1.2e-05
978 2.8e-05
979 2.8e-05
980 2.14715e-05
981 9.47152e-06
982 4e-06
983 1.6e-05
984 1.6e-05
985 4.4e-05
986 9.47152e-06
987 2.8e-05
988 4e-06
989 4e-06
990 2.94715e-05
991 2e-05
992 1.6e-05
993 2.45413e-05
994 2.05413e-05
995 2.8e-05
996 1.6e-05
997 1.2e-05
998 8e-06
999 0
