0 0
1 0.000116
2 8e-05
3 5.94858e-05
4 5.46858e-05
5 4.23619e-05
6 3.47239e-05
7 3.48e-05
8 3.15619e-05
9 2.51619e-05
10 2.79619e-05
11 2.56e-05
12 2.75619e-05
13 2.8e-05
14 2.16e-05
15 2.31619e-05
16 1.87239e-05
17 2.44e-05
18 2.11619e-05
19 1.72e-05
20 2.16e-05
21 1.6e-05
22 2.11619e-05
23 1.59619e-05
24 1.56e-05
25 1.44e-05
26 1.64e-05
27 1.68e-05
28 1.4e-05
29 1.24e-05
30 1.51619e-05
31 1.67275e-05
32 1.48e-05
33 1.2e-05
34 1.16e-05
35 1.71239e-05
36 1.19619e-05
37 1.28e-05
38 1.12e-05
39 1.19239e-05
40 1.28e-05
41 1.44e-05
42 1.24e-05
43 1.47619e-05
44 7.6e-06
45 9.2e-06
46 8e-06
47 1.6e-05
48 1e-05
49 1e-05
50 1.03619e-05
51 9.2e-06
52 9.6e-06
53 1e-05
54 1.12e-05
55 8.4e-06
56 8.8e-06
57 1.04e-05
58 8.8e-06
59 9.96193e-06
60 1.04e-05
61 1.2e-05
62 1e-05
63 5.6e-06
64 8.36193e-06
65 8.8e-06
66 1.12e-05
67 1.07619e-05
68 6.8e-06
69 8.2858e-06
70 5.6e-06
71 7.6e-06
72 5.96193e-06
73 7.56193e-06
74 8.76193e-06
75 9.12387e-06
76 1.19619e-05
77 7.96193e-06
78 9.2e-06
79 6.76193e-06
80 9.2e-06
81 9.2e-06
82 8e-06
83 9.2e-06
84 5.16193e-06
85 6.36193e-06
86 1.04e-05
87 1.07619e-05
88 5.6e-06
89 9.12387e-06
90 9.12387e-06
91 6.4e-06
92 7.56193e-06
93 8.4e-06
94 7.12387e-06
95 7.2e-06
96 6.76193e-06
97 6.6858e-06
98 7.2e-06
99 6.8e-06
100 6.76193e-06
101 8e-06
102 7.2e-06
103 7.6e-06
104 5.96193e-06
105 8.4e-06
106 8e-06
107 6e-06
108 5.56193e-06
109 6.8e-06
110 6.76193e-06
111 5.4858e-06
112 5.2e-06
113 7.12749e-06
114 6.8e-06
115 9.16193e-06
116 5.56193e-06
117 8e-06
118 7.6e-06
119 6e-06
120 3.2e-06
121 5.6e-06
122 6.8e-06
123 7.56193e-06
124 5.16193e-06
125 7.96193e-06
126 6.36193e-06
127 4.8e-06
128 6.76193e-06
129 4.4e-06
130 7.2e-06
131 6.4e-06
132 7.16193e-06
133 4.8e-06
134 7.6e-06
135 5.56193e-06
136 5.6e-06
137 6.4e-06
138 3.6e-06
139 4e-06
140 3.96193e-06
141 5.16193e-06
142 6.76193e-06
143 6e-06
144 5.6e-06
145 7.12387e-06
146 3.2e-06
147 3.16193e-06
148 7.2e-06
149 3.16193e-06
150 6.8e-06
151 4.8e-06
152 5.16193e-06
153 6.8e-06
154 7.2e-06
155 7.2e-06
156 9.2e-06
157 4.76193e-06
158 4.2858e-06
159 7.56193e-06
160 3.6e-06
161 2.8e-06
162 6.8e-06
163 5.6e-06
164 6.8e-06
165 4.32387e-06
166 4.36193e-06
167 4.4e-06
168 3.2e-06
169 5.56193e-06
170 5.2e-06
171 4.4e-06
172 2e-06
173 4e-06
174 4e-06
175 5.2e-06
176 4.76193e-06
177 3.2e-06
178 2e-06
179 4e-06
180 4.8e-06
181 4.76193e-06
182 4.76193e-06
183 3.2e-06
184 3.2e-06
185 1.6e-06
186 5.16193e-06
187 4e-06
188 5.6e-06
189 6e-06
190 7.56193e-06
191 6.72387e-06
192 5.6e-06
193 4.4e-06
194 3.2e-06
195 4.8e-06
196 4.4e-06
197 4.72387e-06
198 6e-06
199 6e-06
200 5.6e-06
201 4.4e-06
202 3.56193e-06
203 5.2e-06
204 5.6e-06
205 4.36193e-06
206 4e-06
207 5.2e-06
208 3.6e-06
209 7.16193e-06
210 3.2e-06
211 5.2e-06
212 5.16193e-06
213 2.4e-06
214 4.4e-06
215 2.4e-06
216 2.36193e-06
217 2.8e-06
218 3.56193e-06
219 2.8e-06
220 3.6e-06
221 3.2e-06
222 4.36193e-06
223 4.4e-06
224 4.8e-06
225 4.8e-06
226 2.4e-06
227 3.96193e-06
228 3.12749e-06
229 6e-06
230 5.16193e-06
231 3.6e-06
232 3.6e-06
233 3.6e-06
234 3.6e-06
235 3.6e-06
236 5.16193e-06
237 4e-06
238 2.8e-06
239 5.16193e-06
240 4.8e-06
241 3.6e-06
242 4.76193e-06
243 2.8e-06
244 3.2e-06
245 3.96193e-06
246 5.96193e-06
247 4.4e-06
248 3.6e-06
249 2.8e-06
250 4e-06
251 4e-06
252 3.2e-06
253 3.56193e-06
254 2e-06
255 3.16193e-06
256 4.32387e-06
257 5.2e-06
258 1.6e-06
259 3.56193e-06
260 4e-06
261 4.76193e-06
262 5.52387e-06
263 3.6e-06
264 2.8e-06
265 6.76193e-06
266 4.76193e-06
267 4e-06
268 3.96193e-06
269 4.76193e-06
270 3.2e-06
271 2.76193e-06
272 5.16193e-06
273 2.8e-06
274 4e-06
275 4e-06
276 4.36193e-06
277 3.6e-06
278 5.56193e-06
279 3.96193e-06
280 3.2e-06
281 2.8e-06
282 2.8e-06
283 5.2e-06
284 3.2e-06
285 3.2e-06
286 4.76193e-06
287 2.4e-06
288 3.2e-06
289 4.32387e-06
290 4.36193e-06
291 2.76193e-06
292 4.36193e-06
293 4.4e-06
294 2.36193e-06
295 3.2e-06
296 3.12387e-06
297 5.48943e-06
298 4.8e-06
299 5.96193e-06
300 3.16193e-06
301 3.96193e-06
302 3.2e-06
303 3.96193e-06
304 3.96193e-06
305 4.4e-06
306 3.6e-06
307 3.2e-06
308 4.4e-06
309 4.72387e-06
310 2.8e-06
311 5.6e-06
312 3.16193e-06
313 4.8e-06
314 4e-06
315 3.92387e-06
316 2.8e-06
317 2.8e-06
318 3.52387e-06
319 4.36193e-06
320 2.76193e-06
321 2.8e-06
322 4e-06
323 4e-06
324 4.36193e-06
325 3.2e-06
326 3.6e-06
327 4.4e-06
328 3.88943e-06
329 2e-06
330 2.4e-06
331 2.8e-06
332 2e-06
333 3.96193e-06
334 3.2e-06
335 3.6e-06
336 2.76193e-06
337 3.6e-06
338 5.2e-06
339 4e-06
340 3.96193e-06
341 3.2e-06
342 2.76193e-06
343 2.4e-06
344 3.16193e-06
345 3.2e-06
346 2.4e-06
347 3.6e-06
348 2.72387e-06
349 2.4e-06
350 3.16193e-06
351 3.2e-06
352 2.8e-06
353 8e-07
354 3.56193e-06
355 3.12387e-06
356 2e-06
357 2.8e-06
358 2.76193e-06
359 3.56193e-06
360 3.16193e-06
361 4.4e-06
362 2e-06
363 3.2e-06
364 3.2e-06
365 8e-07
366 1.2e-06
367 3.2e-06
368 3.96193e-06
369 2.8e-06
370 2.36193e-06
371 2.76193e-06
372 3.16193e-06
373 2.32387e-06
374 3.2e-06
375 2.8e-06
376 2.8e-06
377 3.2e-06
378 3.6e-06
379 3.6e-06
380 3.6e-06
381 2.4e-06
382 3.16193e-06
383 3.2e-06
384 5.0858e-06
385 5.6e-06
386 3.2e-06
387 2.8e-06
388 2.8e-06
389 4.4e-06
390 2e-06
391 3.2e-06
392 1.6e-06
393 3.2e-06
394 2.4e-06
395 1.6e-06
396 2.76193e-06
397 2e-06
398 4.4e-06
399 3.56193e-06
400 1.2e-06
401 2.8e-06
402 1.96193e-06
403 2.8e-06
404 2.4e-06
405 3.56193e-06
406 4.76193e-06
407 2.68943e-06
408 4.32387e-06
409 4.72387e-06
410 5.6e-06
411 1.6e-06
412 1.6e-06
413 4e-06
414 2.8e-06
415 3.6e-06
416 2.4e-06
417 5.2e-06
418 2.4e-06
419 2.8e-06
420 2e-06
421 2.8e-06
422 2.8e-06
423 2e-06
424 2.8e-06
425 2.8e-06
426 1.6e-06
427 1.6e-06
428 3.6e-06
429 3.2e-06
430 2.4e-06
431 2.76193e-06
432 3.6e-06
433 1.6e-06
434 3.6e-06
435 3.16193e-06
436 1.56193e-06
437 3.6e-06
438 3.96193e-06
439 3.2e-06
440 2.4e-06
441 3.96193e-06
442 2.36193e-06
443 2.8e-06
444 2.8e-06
445 2.8e-06
446 4.8e-06
447 1.6e-06
448 1.2e-06
449 2.8e-06
450 3.2e-06
451 2.8e-06
452 4e-06
453 2.8e-06
454 3.6e-06
455 1.96193e-06
456 3.2e-06
457 1.6e-06
458 4.8e-06
459 1.2e-06
460 2.4e-06
461 3.2e-06
462 2.4e-06
463 3.2e-06
464 2.8e-06
465 2e-06
466 1.6e-06
467 2e-06
468 3.6e-06
469 3.6e-06
470 2.4e-06
471 1.12387e-06
472 3.56193e-06
473 2.4e-06
474 1.2e-06
475 1.2e-06
476 3.2e-06
477 2.8e-06
478 2e-06
479 3.4858e-06
480 1.2e-06
481 2.36193e-06
482 3.6e-06
483 4.36193e-06
484 2.8e-06
485 2.76193e-06
486 1.2e-06
487 2.8e-06
488 2.8e-06
489 1.2e-06
490 2.8e-06
491 2.4e-06
492 1.2e-06
493 2.8e-06
494 2.4e-06
495 4.36193e-06
496 5.2e-06
497 3.6e-06
498 1.56193e-06
499 1.6e-06
500 1.2e-06
501 3.96193e-06
502 8e-07
503 2.8e-06
504 2.8e-06
505 2e-06
506 3.6e-06
507 1.6e-06
508 2.8e-06
509 3.16193e-06
510 2.8e-06
511 8e-07
512 1.6e-06
513 1.2e-06
514 3.2e-06
515 1.96193e-06
516 8e-07
517 1.6e-06
518 2.36193e-06
519 2.4e-06
520 4.36193e-06
521 2.76193e-06
522 2.8e-06
523 2.72387e-06
524 3.6e-06
525 4.4e-06
526 1.2e-06
527 2.4e-06
528 1.6e-06
529 1.6e-06
530 2e-06
531 1.56193e-06
532 3.2e-06
533 2e-06
534 2.4e-06
535 2e-06
536 2.36193e-06
537 2e-06
538 2.4e-06
539 2e-06
540 2.76193e-06
541 3.2e-06
542 3.2e-06
543 1.16193e-06
544 2.4e-06
545 3.16193e-06
546 1.2e-06
547 3.2e-06
548 3.56193e-06
549 2.76193e-06
550 1.56193e-06
551 3.2e-06
552 1.96193e-06
553 2.8e-06
554 6.96327e-07
555 3.16193e-06
556 2e-06
557 2.4e-06
558 1.2e-06
559 2.8e-06
560 2.8e-06
561 4e-06
562 2.8e-06
563 1.6e-06
564 1.2e-06
565 8e-07
566 2e-06
567 2.8e-06
568 2.8e-06
569 1.2e-06
570 4.36193e-06
571 2.8e-06
572 1.6e-06
573 2.36193e-06
574 3.16193e-06
575 2.4e-06
576 2e-06
577 3.16193e-06
578 1.6e-06
579 2e-06
580 1.56193e-06
581 4.32387e-06
582 5.4858e-06
583 2.8e-06
584 2.72387e-06
585 1.6e-06
586 2.4e-06
587 2e-06
588 1.6e-06
589 2e-06
590 4.36193e-06
591 2e-06
592 3.2e-06
593 8e-07
594 2.8e-06
595 2.76193e-06
596 1.6e-06
597 3.56193e-06
598 4e-06
599 1.6e-06
600 8e-07
601 1.96193e-06
602 3.16193e-06
603 2e-06
604 3.6e-06
605 2e-06
606 2.4e-06
607 1.6e-06
608 2e-06
609 1.2e-06
610 2.76193e-06
611 2.4e-06
612 2.76193e-06
613 2.72387e-06
614 1.2e-06
615 1.6e-06
616 1.96193e-06
617 2.36193e-06
618 2.36193e-06
619 1.6e-06
620 2e-06
621 2.36193e-06
622 1.16193e-06
623 2.4e-06
624 1.2e-06
625 1.2e-06
626 8e-07
627 2.8e-06
628 1.96193e-06
629 3.2e-06
630 4e-06
631 1.96193e-06
632 2e-06
633 3.2e-06
634 2.36193e-06
635 1.6e-06
636 4e-06
637 1.2e-06
638 1.96193e-06
639 8e-07
640 4e-06
641 1.2e-06
642 2.4e-06
643 3.2e-06
644 2.4e-06
645 2.36193e-06
646 8e-07
647 2.4e-06
648 2e-06
649 1.96193e-06
650 2.4e-06
651 2e-06
652 3.2e-06
653 1.6e-06
654 1.6e-06
655 2.4e-06
656 1.2e-06
657 2.8e-06
658 3.6e-06
659 2.76193e-06
660 3.2e-06
661 1.6e-06
662 2.4e-06
663 2.36193e-06
664 2.4e-06
665 2.8e-06
666 3.2e-06
667 1.2e-06
668 2e-06
669 8e-07
670 8e-07
671 2e-06
672 3.6e-06
673 1.16193e-06
674 2.32749e-06
675 2.4e-06
676 1.2e-06
677 2.36193e-06
678 4e-07
679 3.2e-06
680 2.8e-06
681 1.2e-06
682 1.6e-06
683 1.2e-06
684 3.16193e-06
685 2.36193e-06
686 1.2e-06
687 2.76193e-06
688 3.6e-06
689 2.4e-06
690 1.96193e-06
691 3.2e-06
692 1.6e-06
693 3.2e-06
694 3.52387e-06
695 2e-06
696 1.6e-06
697 1.2e-06
698 2.8e-06
699 3.2e-06
700 2.36193e-06
701 2e-06
702 1.56193e-06
703 3.2e-06
704 1.56193e-06
705 2.4e-06
706 3.16193e-06
707 2e-06
708 1.6e-06
709 2.8e-06
710 2e-06
711 4.68943e-06
712 8e-07
713 1.6e-06
714 8e-07
715 2.4e-06
716 1.6e-06
717 1.2e-06
718 2.36193e-06
719 2.4e-06
720 2e-06
721 1.96193e-06
722 2.36193e-06
723 8e-07
724 3.2e-06
725 1.6e-06
726 3.96193e-06
727 2e-06
728 8e-07
729 1.2e-06
730 2e-06
731 1.2e-06
732 8e-07
733 4e-07
734 8e-07
735 1.6e-06
736 3.56193e-06
737 1.2e-06
738 3.2e-06
739 7.61935e-07
740 2.4e-06
741 2e-06
742 2e-06
743 7.61935e-07
744 2.76193e-06
745 3.2e-06
746 8e-07
747 1.16193e-06
748 1.56193e-06
749 2.36193e-06
750 2.4e-06
751 2.72387e-06
752 2.8e-06
753 4.4e-06
754 2.36193e-06
755 1.6e-06
756 8e-07
757 1.2e-06
758 1.56193e-06
759 1.2e-06
760 2.4e-06
761 2e-06
762 2.8e-06
763 1.6e-06
764 2.8e-06
765 2e-06
766 1.96193e-06
767 8e-07
768 1.2e-06
769 1.16193e-06
770 1.96193e-06
771 4e-07
772 2.4e-06
773 1.2e-06
774 1.6e-06
775 1.2e-06
776 1.2e-06
777 1.6e-06
778 2.4e-06
779 2e-06
780 1.6e-06
781 3.2e-06
782 2.8e-06
783 1.56193e-06
784 1.2e-06
785 2.4e-06
786 2.4e-06
787 2.8e-06
788 1.2e-06
789 2.4e-06
790 1.56193e-06
791 2e-06
792 2e-06
793 2.8e-06
794 2e-06
795 3.16193e-06
796 2.8e-06
797 1.6e-06
798 8e-07
799 3.2e-06
800 2.36193e-06
801 2e-06
802 1.6e-06
803 2.4e-06
804 1.6e-06
805 2e-06
806 4.72387e-06
807 3.2e-06
808 2.36193e-06
809 4e-07
810 1.96193e-06
811 1.16193e-06
812 1.2e-06
813 2.72387e-06
814 2.8e-06
815 3.2e-06
816 2e-06
817 2e-06
818 1.56193e-06
819 3.6e-06
820 2.8e-06
821 1.2e-06
822 1.2e-06
823 2e-06
824 4e-07
825 1.96193e-06
826 8e-07
827 1.6e-06
828 2.8e-06
829 2e-06
830 1.6e-06
831 1.6e-06
832 1.2e-06
833 1.6e-06
834 2.76193e-06
835 1.6e-06
836 2e-06
837 1.96193e-06
838 3.2e-06
839 2.4e-06
840 2.4e-06
841 1.2e-06
842 4e-07
843 2.72387e-06
844 2.8e-06
845 8e-07
846 2.72387e-06
847 1.2e-06
848 1.2e-06
849 2.8e-06
850 1.6e-06
851 1.6e-06
852 2e-06
853 2e-06
854 1.2e-06
855 1.2e-06
856 3.2e-06
857 2.4e-06
858 8e-07
859 1.96193e-06
860 2.8e-06
861 1.2e-06
862 2.36193e-06
863 1.16193e-06
864 1.16193e-06
865 1.2e-06
866 1.6e-06
867 2e-06
868 1.2e-06
869 3.2e-06
870 2e-06
871 1.56193e-06
872 3.16193e-06
873 1.6e-06
874 2.36193e-06
875 1.6e-06
876 2e-06
877 2.36193e-06
878 1.16193e-06
879 1.6e-06
880 1.2e-06
881 2e-06
882 8e-07
883 1.96193e-06
884 1.56193e-06
885 8e-07
886 2.4e-06
887 1.56193e-06
888 7.61935e-07
889 2.4e-06
890 2.4e-06
891 0
892 1.2e-06
893 2.4e-06
894 7.61935e-07
895 3.56193e-06
896 2.4e-06
897 1.6e-06
898 2.4e-06
899 2.8e-06
900 1.6e-06
901 8e-07
902 2e-06
903 1.6e-06
904 2.4e-06
905 2.4e-06
906 2.32387e-06
907 1.96193e-06
908 2.4e-06
909 1.96193e-06
910 8e-07
911 2e-06
912 1.16193e-06
913 2e-06
914 2.8e-06
915 4.36193e-06
916 2e-06
917 2.4e-06
918 2.4e-06
919 1.2e-06
920 1.2e-06
921 4e-07
922 8e-07
923 1.16193e-06
924 0
925 2.4e-06
926 8e-07
927 1.6e-06
928 8e-07
929 2e-06
930 1.16193e-06
931 2.36193e-06
932 2.4e-06
933 2.32387e-06
934 1.6e-06
935 1.6e-06
936 1.56193e-06
937 3.61935e-07
938 1.96193e-06
939 1.16193e-06
940 4e-07
941 1.6e-06
942 3.52387e-06
943 2e-06
944 2e-06
945 2e-06
946 4e-07
947 3.56193e-06
948 1.6e-06
949 1.6e-06
950 1.6e-06
951 1.6e-06
952 1.2e-06
953 1.16193e-06
954 2.32387e-06
955 2.4e-06
956 2.4e-06
957 1.16193e-06
958 2e-06
959 2.4e-06
960 1.2e-06
961 8e-07
962 1.6e-06
963 3.2e-06
964 2.8e-06
965 2e-06
966 1.6e-06
967 1.8858e-06
968 2.8e-06
969 3.16193e-06
970 2e-06
971 1.96193e-06
972 1.6e-06
973 1.96193e-06
974 1.6e-06
975 1.56193e-06
976 1.16193e-06
977 2.4e-06
978 1.6e-06
979 1.2e-06
980 3.6e-06
981 3.2e-06
982 4e-07
983 4e-07
984 8e-07
985 8e-07
986 1.6e-06
987 2.8e-06
988 4e-07
989 1.96193e-06
990 1.96193e-06
991 2e-06
992 2e-06
993 1.6e-06
994 3.16193e-06
995 2.8e-06
996 2e-06
997 1.6e-06
998 1.2e-06
999 0
