0 0
1 0
2 0
3 0
4 0
5 0
6 0
7 0
8 0
9 0
10 0
11 0
12 0
13 0
14 4e-06
15 0
16 0
17 0
18 0
19 0
20 0
21 0
22 0
23 0
24 0
25 0
26 0
27 0
28 0
29 0
30 0
31 0
32 0
33 0
34 0
35 0
36 0
37 0
38 0
39 0
40 4e-06
41 0
42 0
43 0
44 0
45 0
46 0
47 0
48 0
49 0
50 0
51 0
52 0
53 0
54 4e-06
55 0
56 0
57 0
58 0
59 0
60 0
61 0
62 0
63 0
64 0
65 0
66 0
67 0
68 4e-06
69 0
70 4e-06
71 0
72 4e-06
73 0
74 0
75 4e-06
76 0
77 0
78 4e-06
79 0
80 0
81 4e-06
82 0
83 0
84 0
85 0
86 4e-06
87 4e-06
88 0
89 0
90 0
91 4e-06
92 0
93 0
94 4e-06
95 4e-06
96 0
97 0
98 0
99 0
100 0
101 0
102 0
103 4e-06
104 0
105 0
106 4e-06
107 8e-06
108 0
109 4e-06
110 4e-06
111 0
112 0
113 0
114 4e-06
115 4e-06
116 0
117 0
118 4e-06
119 4e-06
120 4e-06
121 4e-06
122 0
123 0
124 0
125 4e-06
126 0
127 0
128 0
129 4e-06
130 0
131 0
132 4e-06
133 0
134 0
135 0
136 4e-06
137 4e-06
138 0
139 0
140 0
141 8e-06
142 0
143 4e-06
144 0
145 8e-06
146 0
147 8e-06
148 0
149 0
150 0
151 0
152 0
153 0
154 0
155 0
156 0
157 0
158 4e-06
159 1.2e-05
160 8e-06
161 4e-06
162 0
163 0
164 4e-06
165 0
166 4e-06
167 0
168 4e-06
169 0
170 0
171 0
172 8e-06
173 0
174 0
175 0
176 0
177 4e-06
178 0
179 0
180 4e-06
181 8e-06
182 0
183 0
184 8e-06
185 0
186 4e-06
187 0
188 4e-06
189 0
190 0
191 0
192 4e-06
193 4e-06
194 4e-06
195 4e-06
196 0
197 8e-06
198 4e-06
199 0
200 0
201 0
202 4e-06
203 0
204 0
205 0
206 0
207 0
208 8e-06
209 0
210 0
211 4e-06
212 4e-06
213 0
214 0
215 4e-06
216 4e-06
217 0
218 4e-06
219 0
220 4e-06
221 0
222 4e-06
223 4e-06
224 0
225 0
226 0
227 0
228 0
229 0
230 4e-06
231 4e-06
232 5.47152e-06
233 8e-06
234 4e-06
235 4e-06
236 0
237 8e-06
238 4e-06
239 4e-06
240 4e-06
241 0
242 8e-06
243 0
244 4e-06
245 0
246 0
247 4e-06
248 4e-06
249 4e-06
250 0
251 4e-06
252 4e-06
253 8e-06
254 4e-06
255 0
256 4e-06
257 4e-06
258 8e-06
259 0
260 1.47152e-06
261 4e-06
262 0
263 1.2e-05
264 8e-06
265 0
266 4e-06
267 0
268 8e-06
269 0
270 4e-06
271 0
272 0
273 0
274 4e-06
275 1.6e-05
276 0
277 4e-06
278 8e-06
279 4e-06
280 0
281 4e-06
282 8e-06
283 4e-06
284 8e-06
285 0
286 4e-06
287 0
288 4e-06
289 4e-06
290 4e-06
291 0
292 0
293 4e-06
294 8e-06
295 1.2e-05
296 0
297 0
298 4e-06
299 0
300 1.2e-05
301 0
302 0
303 4e-06
304 0
305 8e-06
306 4e-06
307 0
308 0
309 8e-06
310 1.6e-05
311 4e-06
312 4e-06
313 0
314 8e-06
315 4e-06
316 4e-06
317 1.6e-05
318 4e-06
319 1.2e-05
320 0
321 0
322 8e-06
323 4e-06
324 4e-06
325 2e-05
326 1.2e-05
327 1.2e-05
328 8e-06
329 4e-06
330 0
331 4e-06
332 4e-06
333 0
334 8e-06
335 1.6e-05
336 5.47152e-06
337 0
338 0
339 4e-06
340 4e-06
341 4e-06
342 4e-06
343 0
344 8e-06
345 4e-06
346 1.2e-05
347 9.47152e-06
348 4e-06
349 4e-06
350 1.2e-05
351 0
352 4e-06
353 1.6e-05
354 8e-06
355 1.47152e-06
356 0
357 4e-06
358 4e-06
359 8e-06
360 4e-06
361 4e-06
362 0
363 8e-06
364 4e-06
365 4e-06
366 4e-06
367 4e-06
368 4e-06
369 1.2e-05
370 0
371 0
372 4e-06
373 8e-06
374 4e-06
375 8e-06
376 8e-06
377 8e-06
378 1.6e-05
379 1.2e-05
380 1.6e-05
381 4e-06
382 0
383 8e-06
384 0
385 8e-06
386 8e-06
387 0
388 0
389 1.2e-05
390 8e-06
391 8e-06
392 8e-06
393 4e-06
394 4e-06
395 4e-06
396 0
397 1.2e-05
398 1.6e-05
399 4e-06
400 1.6e-05
401 0
402 4e-06
403 1.2e-05
404 1.2e-05
405 0
406 0
407 4e-06
408 8e-06
409 1.6e-05
410 1.2e-05
411 8e-06
412 1.2e-05
413 8e-06
414 4e-06
415 1.2e-05
416 0
417 4e-06
418 4e-06
419 1.2e-05
420 4e-06
421 1.34715e-05
422 1.2e-05
423 4e-06
424 1.2e-05
425 0
426 8e-06
427 0
428 4e-06
429 1.2e-05
430 4e-06
431 1.2e-05
432 8e-06
433 1.6e-05
434 4e-06
435 2e-05
436 8e-06
437 8e-06
438 8e-06
439 1.2e-05
440 1.2e-05
441 4e-06
442 0
443 8e-06
444 0
445 4e-06
446 8e-06
447 4e-06
448 1.6e-05
449 4e-06
450 1.2e-05
451 9.47152e-06
452 8e-06
453 4e-06
454 0
455 8e-06
456 8e-06
457 1.2e-05
458 0
459 8e-06
460 4e-06
461 4e-06
462 8e-06
463 1.2e-05
464 4e-06
465 1.2e-05
466 1.2e-05
467 8e-06
468 1.2e-05
469 8e-06
470 1.2e-05
471 1.6e-05
472 8e-06
473 1.2e-05
474 8e-06
475 1.2e-05
476 4e-06
477 0
478 0
479 8e-06
480 1.2e-05
481 8e-06
482 4e-06
483 8e-06
484 0
485 4e-06
486 1.2e-05
487 8e-06
488 0
489 4e-06
490 4e-06
491 1.34715e-05
492 2.4e-05
493 0
494 0
495 4e-06
496 1.2e-05
497 8e-06
498 8e-06
499 1.2e-05
500 8e-06
501 4e-06
502 8e-06
503 8e-06
504 8e-06
505 2.4e-05
506 8e-06
507 1.2e-05
508 5.47152e-06
509 1.2e-05
510 4e-06
511 1.2e-05
512 1.6e-05
513 1.2e-05
514 8e-06
515 4e-06
516 8e-06
517 8e-06
518 1.6e-05
519 0
520 4e-06
521 8e-06
522 1.2e-05
523 8e-06
524 4e-06
525 1.6e-05
526 1.2e-05
527 8e-06
528 4e-06
529 8e-06
530 0
531 1.6e-05
532 4e-06
533 0
534 1.6e-05
535 2e-05
536 1.2e-05
537 5.47152e-06
538 8e-06
539 4e-06
540 5.47152e-06
541 0
542 8e-06
543 8e-06
544 0
545 8e-06
546 8e-06
547 2.05413e-05
548 8e-06
549 1.2e-05
550 8e-06
551 0
552 1.6e-05
553 0
554 1.2e-05
555 8e-06
556 2e-05
557 8e-06
558 8e-06
559 1.2e-05
560 0
561 4e-06
562 1.2e-05
563 4e-06
564 1.2e-05
565 2e-05
566 4e-06
567 0
568 1.2e-05
569 1.2e-05
570 0
571 0
572 0
573 2.14715e-05
574 0
575 8e-06
576 8e-06
577 8e-06
578 4e-06
579 8e-06
580 1.2e-05
581 2e-05
582 2.4e-05
583 4e-06
584 0
585 1.2e-05
586 8e-06
587 4e-06
588 0
589 8e-06
590 8e-06
591 8e-06
592 1.2e-05
593 8e-06
594 1.6e-05
595 4e-06
596 8e-06
597 4e-06
598 1.6e-05
599 4e-06
600 2.4e-05
601 1.6e-05
602 1.2e-05
603 2e-05
604 8e-06
605 4e-06
606 1.6e-05
607 4e-06
608 1.6e-05
609 1.2e-05
610 1.2e-05
611 1.2e-05
612 4e-06
613 1.2e-05
614 1.74715e-05
615 1.6e-05
616 1.2e-05
617 4e-06
618 8e-06
619 8e-06
620 0
621 9.47152e-06
622 4e-06
623 8e-06
624 0
625 1.6e-05
626 2.4e-05
627 8e-06
628 1.2e-05
629 2e-05
630 8e-06
631 4e-06
632 4e-06
633 8e-06
634 8e-06
635 1.6e-05
636 1.2e-05
637 1.2e-05
638 4e-06
639 4e-06
640 8e-06
641 1.2e-05
642 1.6e-05
643 1.6e-05
644 8e-06
645 2e-05
646 1.2e-05
647 4e-06
648 1.2e-05
649 5.47152e-06
650 1.2e-05
651 1.2e-05
652 1.2e-05
653 4e-06
654 4e-06
655 1.2e-05
656 8e-06
657 8e-06
658 4e-06
659 1.2e-05
660 1.34715e-05
661 1.2e-05
662 0
663 1.34715e-05
664 8e-06
665 1.6e-05
666 4e-06
667 1.6e-05
668 0
669 2e-05
670 2.4e-05
671 1.6e-05
672 1.47152e-06
673 1.2e-05
674 8e-06
675 4e-06
676 4e-06
677 8e-06
678 0
679 8e-06
680 1.6e-05
681 5.47152e-06
682 8e-06
683 1.6e-05
684 1.47152e-06
685 4e-06
686 1.6e-05
687 4e-06
688 2.8e-05
689 8e-06
690 8e-06
691 0
692 4e-06
693 9.47152e-06
694 0
695 1.2e-05
696 4e-06
697 8e-06
698 4e-06
699 1.6e-05
700 4e-06
701 8e-06
702 4e-06
703 8e-06
704 8e-06
705 1.2e-05
706 8e-06
707 2.8e-05
708 1.2e-05
709 1.6e-05
710 0
711 4e-06
712 8e-06
713 8e-06
714 0
715 2.4e-05
716 2.4e-05
717 8e-06
718 9.47152e-06
719 0
720 1.6e-05
721 1.6e-05
722 1.6e-05
723 4e-06
724 2.4e-05
725 4e-06
726 1.2e-05
727 1.6e-05
728 8e-06
729 1.2e-05
730 1.2e-05
731 1.2e-05
732 0
733 1.6e-05
734 1.6e-05
735 1.6e-05
736 4e-06
737 4e-06
738 1.2e-05
739 1.6e-05
740 4e-06
741 0
742 8e-06
743 1.2e-05
744 8e-06
745 8e-06
746 1.6e-05
747 1.2e-05
748 8e-06
749 8e-06
750 0
751 8e-06
752 1.2e-05
753 8e-06
754 1.2e-05
755 4e-06
756 0
757 8e-06
758 2.8e-05
759 8e-06
760 2e-05
761 1.2e-05
762 4e-06
763 4e-06
764 1.2e-05
765 4e-06
766 1.2e-05
767 1.6e-05
768 0
769 8e-06
770 1.2e-05
771 1.47152e-06
772 8e-06
773 9.47152e-06
774 8e-06
775 4e-06
776 8e-06
777 1.6e-05
778 1.2e-05
779 1.2e-05
780 4e-06
781 8e-06
782 4e-06
783 8e-06
784 1.6e-05
785 1.6e-05
786 4e-06
787 2.54715e-05
788 1.2e-05
789 8e-06
790 8e-06
791 0
792 4e-06
793 5.47152e-06
794 8e-06
795 8e-06
796 0
797 8e-06
798 1.74715e-05
799 8e-06
800 8e-06
801 1.2e-05
802 4e-06
803 1.6e-05
804 1.2e-05
805 8e-06
806 1.2e-05
807 4e-06
808 2e-05
809 2e-05
810 1.2e-05
811 4e-06
812 1.2e-05
813 0
814 4e-06
815 8e-06
816 8e-06
817 1.34715e-05
818 5.47152e-06
819 1.2e-05
820 1.6e-05
821 1.2e-05
822 2.4e-05
823 1.47152e-06
824 8e-06
825 1.6e-05
826 1.2e-05
827 4e-06
828 4e-06
829 1.6e-05
830 9.47152e-06
831 1.2e-05
832 4e-06
833 1.2e-05
834 1.2e-05
835 2e-05
836 4e-06
837 8e-06
838 8e-06
839 1.2e-05
840 1.6e-05
841 4e-06
842 8e-06
843 4e-06
844 4e-06
845 4e-06
846 2e-05
847 4e-06
848 1.34715e-05
849 1.2e-05
850 1.2e-05
851 1.6e-05
852 4e-06
853 8e-06
854 2e-05
855 0
856 2e-05
857 4e-06
858 8e-06
859 1.6e-05
860 4e-06
861 0
862 1.2e-05
863 2.14715e-05
864 0
865 4e-06
866 1.2e-05
867 8e-06
868 4e-06
869 4e-06
870 1.2e-05
871 1.2e-05
872 2.4e-05
873 1.2e-05
874 1.2e-05
875 4e-06
876 0
877 8e-06
878 4e-06
879 8e-06
880 8e-06
881 1.2e-05
882 1.2e-05
883 1.2e-05
884 4e-06
885 8e-06
886 1.2e-05
887 1.6e-05
888 1.2e-05
889 4e-06
890 1.47152e-06
891 0
892 4e-06
893 1.2e-05
894 4e-06
895 1.2e-05
896 2.14715e-05
897 1.2e-05
898 1.6e-05
899 4e-06
900 2.8e-05
901 1.2e-05
902 1.2e-05
903 1.2e-05
904 0
905 2.8e-05
906 8e-06
907 1.6e-05
908 1.6e-05
909 1.2e-05
910 1.2e-05
911 8e-06
912 8e-06
913 1.2e-05
914 4e-06
915 4e-06
916 1.2e-05
917 4e-06
918 1.2e-05
919 1.2e-05
920 1.2e-05
921 1.34715e-05
922 0
923 8e-06
924 1.6e-05
925 1.2e-05
926 1.6e-05
927 2e-05
928 4e-06
929 1.2e-05
930 1.2e-05
931 1.2e-05
932 1.2e-05
933 1.74715e-05
934 4e-06
935 0
936 4e-06
937 2e-05
938 8e-06
939 1.6e-05
940 8e-06
941 8e-06
942 1.6e-05
943 4e-06
944 1.2e-05
945 1.2e-05
946 8e-06
947 1.47152e-06
948 8e-06
949 2.4e-05
950 4e-06
951 4e-06
952 4e-06
953 8e-06
954 2e-05
955 0
956 1.6e-05
957 0
958 8e-06
959 1.2e-05
960 1.2e-05
961 8e-06
962 4e-06
963 8e-06
964 4e-06
965 2.54715e-05
966 8e-06
967 0
968 4e-06
969 0
970 0
971 9.47152e-06
972 2e-05
973 1.2e-05
974 4e-06
975 8e-06
976 1.2e-05
977 4e-06
978 8e-06
979 2.4e-05
980 8e-06
981 8e-06
982 1.6e-05
983 1.6e-05
984 8e-06
985 2e-05
986 8e-06
987 0
988 9.47152e-06
989 0
990 1.2e-05
991 8e-06
992 4e-06
993 4e-06
994 0
995 1.2e-05
996 8e-06
997 8e-06
998 1.6e-05
999 0
