0 0
1 0.0001152
2 6.87619e-05
3 5.44e-05
4 4.6e-05
5 5.04e-05
6 3.84e-05
7 3.47239e-05
8 2.92e-05
9 3.08e-05
10 2.83619e-05
11 3.39239e-05
12 2.84e-05
13 2.44e-05
14 2.35619e-05
15 2.32e-05
16 2.47239e-05
17 1.86858e-05
18 2.47619e-05
19 2.2e-05
20 1.6e-05
21 1.72e-05
22 2.14858e-05
23 1.63239e-05
24 1.64e-05
25 1.64e-05
26 1.51619e-05
27 2.10858e-05
28 1.56e-05
29 1.71619e-05
30 1.19619e-05
31 1.39619e-05
32 1.31619e-05
33 1.48e-05
34 1.64e-05
35 1.31239e-05
36 1.64e-05
37 1.04e-05
38 1.07619e-05
39 1.35619e-05
40 1.12e-05
41 1.91619e-05
42 1.35619e-05
43 8.4e-06
44 1.32e-05
45 1.16e-05
46 8.72387e-06
47 1.2e-05
48 1.19239e-05
49 1.28e-05
50 8.4e-06
51 7.2e-06
52 1.28e-05
53 1.35619e-05
54 9.6e-06
55 1.19239e-05
56 9.16193e-06
57 8.4e-06
58 8.72749e-06
59 7.2e-06
60 7.6e-06
61 9.56193e-06
62 9.6e-06
63 8.72387e-06
64 9.96193e-06
65 8.8e-06
66 1.03619e-05
67 9.2e-06
68 5.96193e-06
69 8.8e-06
70 8.76193e-06
71 8.4e-06
72 5.6e-06
73 1.16e-05
74 8.8e-06
75 1e-05
76 9.2e-06
77 9.2e-06
78 8.76193e-06
79 6.8e-06
80 1.08e-05
81 1.07239e-05
82 6.8e-06
83 1.11239e-05
84 1e-05
85 6.32387e-06
86 6.8e-06
87 8.36193e-06
88 7.56193e-06
89 5.96193e-06
90 8e-06
91 7.4858e-06
92 7.2e-06
93 7.2e-06
94 5.56193e-06
95 7.96193e-06
96 9.6e-06
97 5.16193e-06
98 8e-06
99 5.6e-06
100 8e-06
101 7.6e-06
102 6.4e-06
103 3.2e-06
104 4.8e-06
105 8.4e-06
106 3.52387e-06
107 9.16193e-06
108 5.56193e-06
109 6.36193e-06
110 7.56193e-06
111 3.2e-06
112 9.56193e-06
113 8e-06
114 5.2e-06
115 7.92387e-06
116 7.96193e-06
117 5.6e-06
118 9.12387e-06
119 5.16193e-06
120 5.56193e-06
121 5.6e-06
122 7.2e-06
123 7.56193e-06
124 6e-06
125 3.96193e-06
126 5.6e-06
127 5.2e-06
128 3.92749e-06
129 7.56193e-06
130 6.4e-06
131 8.72387e-06
132 3.6e-06
133 4.8e-06
134 4.4e-06
135 4.72387e-06
136 6.76193e-06
137 8.8e-06
138 6.4e-06
139 4.72387e-06
140 2.4e-06
141 1e-05
142 4.4e-06
143 6.76193e-06
144 5.2e-06
145 3.2e-06
146 8e-06
147 3.56193e-06
148 4.8e-06
149 4.76193e-06
150 7.2e-06
151 4e-06
152 3.2e-06
153 6e-06
154 4.36193e-06
155 5.2e-06
156 9.6e-06
157 6.8e-06
158 4.8e-06
159 3.6e-06
160 7.2e-06
161 7.2e-06
162 4.72749e-06
163 2.4e-06
164 6.4e-06
165 5.6e-06
166 5.2e-06
167 6.8e-06
168 4.4e-06
169 7.6e-06
170 5.6e-06
171 7.16193e-06
172 3.6e-06
173 5.6e-06
174 3.16193e-06
175 5.92387e-06
176 4.8e-06
177 4e-06
178 5.52387e-06
179 5.56193e-06
180 3.56193e-06
181 5.2e-06
182 2.8e-06
183 6.4e-06
184 3.96193e-06
185 2.4e-06
186 4.8e-06
187 2.8e-06
188 3.16193e-06
189 5.16193e-06
190 3.2e-06
191 4.8e-06
192 4.8e-06
193 5.2e-06
194 3.2e-06
195 2.8e-06
196 3.96193e-06
197 4e-06
198 3.96193e-06
199 6.8e-06
200 4e-06
201 5.2e-06
202 6e-06
203 5.2e-06
204 4.4e-06
205 3.6e-06
206 4.76193e-06
207 4e-06
208 4.8e-06
209 5.2e-06
210 5.2e-06
211 3.96193e-06
212 5.0858e-06
213 4.4e-06
214 5.2e-06
215 4e-06
216 4.32387e-06
217 3.6e-06
218 2.76193e-06
219 3.96193e-06
220 4e-06
221 4.76193e-06
222 5.16193e-06
223 4.4e-06
224 4e-06
225 4e-06
226 2.4e-06
227 4.4e-06
228 5.2e-06
229 5.2e-06
230 3.16193e-06
231 2e-06
232 6e-06
233 3.56193e-06
234 6e-06
235 4.36193e-06
236 2.76193e-06
237 3.16193e-06
238 4.36193e-06
239 2.76193e-06
240 7.16193e-06
241 5.6e-06
242 3.2e-06
243 1.96193e-06
244 5.16193e-06
245 5.16193e-06
246 4e-06
247 4e-06
248 2.4e-06
249 4e-06
250 3.2e-06
251 4.76193e-06
252 4.4e-06
253 6.8e-06
254 2.4e-06
255 4e-06
256 5.2e-06
257 3.2e-06
258 3.2e-06
259 4e-06
260 3.2e-06
261 2.8e-06
262 6.76193e-06
263 4.8e-06
264 3.2e-06
265 6e-06
266 2.4e-06
267 2.4e-06
268 2.4e-06
269 3.6e-06
270 4.76193e-06
271 6.8e-06
272 5.2e-06
273 5.6e-06
274 3.56193e-06
275 3.96193e-06
276 4e-06
277 4e-06
278 3.16193e-06
279 1.6e-06
280 3.6e-06
281 4.4e-06
282 2.4e-06
283 4.36193e-06
284 4e-06
285 3.6e-06
286 6e-06
287 4.76193e-06
288 2e-06
289 3.56193e-06
290 3.6e-06
291 4.32387e-06
292 2.4e-06
293 5.12387e-06
294 4.4e-06
295 3.96193e-06
296 2.8e-06
297 2.4e-06
298 4e-06
299 2.8e-06
300 3.6e-06
301 7.27492e-07
302 4.32387e-06
303 2.8e-06
304 4.72749e-06
305 2.76193e-06
306 3.12387e-06
307 4.76193e-06
308 4.32387e-06
309 3.56193e-06
310 3.2e-06
311 4.4e-06
312 3.2e-06
313 2.8e-06
314 1.6e-06
315 2.4e-06
316 2.4e-06
317 3.2e-06
318 2e-06
319 2.8e-06
320 3.6e-06
321 2.4e-06
322 4.36193e-06
323 3.16193e-06
324 1.2e-06
325 5.2e-06
326 2.76193e-06
327 2.76193e-06
328 5.2e-06
329 4.4e-06
330 3.16193e-06
331 3.6e-06
332 4.4e-06
333 3.16193e-06
334 2.8e-06
335 1.2e-06
336 3.16193e-06
337 2.76193e-06
338 3.56193e-06
339 5.6e-06
340 3.6e-06
341 3.16193e-06
342 2.8e-06
343 3.56193e-06
344 3.2e-06
345 6e-06
346 5.56193e-06
347 2.4e-06
348 2.4e-06
349 3.16193e-06
350 3.56193e-06
351 2.4e-06
352 1.16193e-06
353 4.36193e-06
354 4.36193e-06
355 4.8e-06
356 3.2e-06
357 2.8e-06
358 1.2e-06
359 2.4e-06
360 1.6e-06
361 4.36193e-06
362 3.6e-06
363 4e-06
364 3.6e-06
365 8e-07
366 2.8e-06
367 2.76193e-06
368 2.72387e-06
369 1.88943e-06
370 1.16193e-06
371 2.4e-06
372 2.4e-06
373 2.76193e-06
374 3.6e-06
375 2.8e-06
376 4.8e-06
377 3.2e-06
378 4e-06
379 3.2e-06
380 1.92387e-06
381 1.6e-06
382 2.8e-06
383 3.6e-06
384 2e-06
385 4.6858e-06
386 4e-06
387 2.8e-06
388 3.56193e-06
389 3.6e-06
390 3.6e-06
391 5.85826e-06
392 4.76193e-06
393 4e-06
394 2.4e-06
395 4e-06
396 3.56193e-06
397 2.4e-06
398 2.76193e-06
399 3.2e-06
400 2.8e-06
401 3.96193e-06
402 3.16193e-06
403 2.36193e-06
404 2.4e-06
405 3.96193e-06
406 3.96193e-06
407 2.4e-06
408 1.16193e-06
409 3.2e-06
410 4.4e-06
411 3.16193e-06
412 1.12387e-06
413 3.2e-06
414 2.8e-06
415 3.6e-06
416 3.16193e-06
417 4e-06
418 2e-06
419 4.65136e-06
420 2e-06
421 3.52749e-06
422 4e-06
423 3.2e-06
424 2.36193e-06
425 4.72387e-06
426 1.2e-06
427 4.4e-06
428 1.56193e-06
429 3.6e-06
430 2e-06
431 5.2e-06
432 2e-06
433 3.6e-06
434 3.2e-06
435 2.76193e-06
436 2.2858e-06
437 2.4e-06
438 2.8e-06
439 1.2e-06
440 2.4e-06
441 1.96193e-06
442 1.96193e-06
443 4e-06
444 1.56193e-06
445 2.8e-06
446 2.36193e-06
447 2.4e-06
448 2.8e-06
449 1.2e-06
450 1.2e-06
451 3.96193e-06
452 3.16193e-06
453 2.8e-06
454 2e-06
455 2e-06
456 1.6e-06
457 3.16193e-06
458 2.8e-06
459 2.8e-06
460 2e-06
461 2.4e-06
462 2e-06
463 4e-07
464 2e-06
465 2.76193e-06
466 3.2e-06
467 2.4e-06
468 1.2e-06
469 2.8e-06
470 5.6e-06
471 2.4e-06
472 3.6e-06
473 1.2e-06
474 2.36193e-06
475 1.56193e-06
476 2e-06
477 3.2e-06
478 1.16193e-06
479 3.56193e-06
480 3.6e-06
481 2.32749e-06
482 5.2e-06
483 2.4e-06
484 2.76193e-06
485 1.2e-06
486 1.2e-06
487 1.6e-06
488 1.2e-06
489 2.4e-06
490 2e-06
491 2.36193e-06
492 1.2e-06
493 2.8e-06
494 2.4e-06
495 1.6e-06
496 4.8e-06
497 2e-06
498 1.6e-06
499 3.2e-06
500 8e-07
501 3.16193e-06
502 1.6e-06
503 1.6e-06
504 2e-06
505 2.36193e-06
506 1.96193e-06
507 2.72387e-06
508 2e-06
509 2e-06
510 2e-06
511 3.6e-06
512 3.2e-06
513 3.2e-06
514 2.76193e-06
515 2.4e-06
516 2.8e-06
517 4.8e-06
518 2.4e-06
519 3.2e-06
520 3.2e-06
521 2.4e-06
522 2e-06
523 4e-06
524 3.56193e-06
525 2.36193e-06
526 2.8e-06
527 3.16193e-06
528 2.8e-06
529 4e-06
530 2.4e-06
531 4e-06
532 2.4e-06
533 1.2e-06
534 2.76193e-06
535 2.36193e-06
536 2.36193e-06
537 3.16193e-06
538 2.8e-06
539 1.6e-06
540 1.96193e-06
541 3.12387e-06
542 2.8e-06
543 3.16193e-06
544 2.4e-06
545 1.6e-06
546 3.2e-06
547 1.6e-06
548 3.2e-06
549 2.36193e-06
550 2e-06
551 1.16193e-06
552 8e-07
553 2.4e-06
554 3.6e-06
555 2.4e-06
556 2.76193e-06
557 4e-06
558 3.6e-06
559 4e-07
560 2.8e-06
561 3.2e-06
562 1.52387e-06
563 3.08943e-06
564 3.56193e-06
565 3.2e-06
566 2.36193e-06
567 2.4e-06
568 2.29633e-06
569 1.6e-06
570 2.4e-06
571 3.16193e-06
572 2e-06
573 3.6e-06
574 2.76193e-06
575 2e-06
576 2.32387e-06
577 2.72387e-06
578 8e-07
579 3.16193e-06
580 2e-06
581 1.6e-06
582 1.6e-06
583 3.6e-06
584 4e-07
585 2.4e-06
586 3.56193e-06
587 3.6e-06
588 2.4e-06
589 1.16193e-06
590 2.76193e-06
591 1.6e-06
592 8e-07
593 2e-06
594 2e-06
595 1.96193e-06
596 4.36193e-06
597 2.8e-06
598 1.16193e-06
599 2.36193e-06
600 2.4e-06
601 1.2e-06
602 2e-06
603 1.2e-06
604 8e-07
605 1.6e-06
606 2.8e-06
607 2.4e-06
608 1.16193e-06
609 2.36193e-06
610 2e-06
611 2.8e-06
612 2.4e-06
613 4e-07
614 1.2e-06
615 3.2e-06
616 4.4e-06
617 1.6e-06
618 1.6e-06
619 2.8e-06
620 2.4e-06
621 4e-07
622 8e-07
623 1.16193e-06
624 3.6e-06
625 1.2e-06
626 2e-06
627 2e-06
628 2e-06
629 1.52387e-06
630 2.8e-06
631 2.8e-06
632 1.96193e-06
633 2.8e-06
634 2.4e-06
635 4e-07
636 1.56193e-06
637 8e-07
638 2e-06
639 1.96193e-06
640 3.2e-06
641 3.6e-06
642 2e-06
643 3.2e-06
644 2.4e-06
645 1.96193e-06
646 4.8e-06
647 4e-07
648 2.76193e-06
649 2.4e-06
650 1.2e-06
651 4e-07
652 4.8e-06
653 2.8e-06
654 1.2e-06
655 1.6e-06
656 1.6e-06
657 4.8e-06
658 2.76193e-06
659 3.96193e-06
660 8e-07
661 7.61935e-07
662 3.2e-06
663 3.56193e-06
664 2e-06
665 1.56193e-06
666 8e-07
667 1.6e-06
668 8e-07
669 3.2e-06
670 2e-06
671 1.2e-06
672 3.52387e-06
673 2.8e-06
674 2e-06
675 2.36193e-06
676 3.92387e-06
677 2.8e-06
678 1.6e-06
679 2e-06
680 7.61935e-07
681 2.4e-06
682 4.4e-06
683 8e-07
684 2.32387e-06
685 4.36193e-06
686 1.2e-06
687 2e-06
688 2e-06
689 2e-06
690 2e-06
691 1.6e-06
692 2e-06
693 2e-06
694 2e-06
695 1.2e-06
696 2.4e-06
697 3.56193e-06
698 2e-06
699 2.4e-06
700 2.8e-06
701 3.92387e-06
702 1.96193e-06
703 2.36193e-06
704 2.8e-06
705 4e-06
706 2e-06
707 2.8e-06
708 2.4e-06
709 1.6e-06
710 4e-07
711 3.16193e-06
712 2.8e-06
713 3.16193e-06
714 1.96193e-06
715 2e-06
716 2.4e-06
717 1.6e-06
718 1.2e-06
719 1.2e-06
720 1.6e-06
721 1.6e-06
722 2.8e-06
723 1.2e-06
724 8e-07
725 2.4e-06
726 4e-07
727 2.72387e-06
728 3.2e-06
729 3.2e-06
730 1.6e-06
731 3.2e-06
732 1.16193e-06
733 2e-06
734 1.2e-06
735 3.56193e-06
736 2.76193e-06
737 2.4e-06
738 1.6e-06
739 8e-07
740 1.52749e-06
741 3.2e-06
742 8e-07
743 2.36193e-06
744 2.8e-06
745 2e-06
746 2.4e-06
747 2.36193e-06
748 3.2e-06
749 2.4e-06
750 2e-06
751 7.61935e-07
752 1.2e-06
753 1.6e-06
754 3.56193e-06
755 2.8e-06
756 4.32387e-06
757 1.2e-06
758 3.6e-06
759 2e-06
760 1.6e-06
761 1.96193e-06
762 2.8e-06
763 1.6e-06
764 4e-07
765 1.6e-06
766 1.6e-06
767 7.61935e-07
768 8e-07
769 2e-06
770 3.12387e-06
771 1.92387e-06
772 1.2e-06
773 2.4e-06
774 1.6e-06
775 2.36193e-06
776 8e-07
777 1.2e-06
778 2.4e-06
779 2e-06
780 2e-06
781 1.6e-06
782 1.6e-06
783 2e-06
784 2.76193e-06
785 2.4e-06
786 1.6e-06
787 2.4e-06
788 3.52387e-06
789 3.2e-06
790 1.96193e-06
791 1.2e-06
792 2e-06
793 1.6e-06
794 2e-06
795 2.4e-06
796 1.6e-06
797 3.2e-06
798 4e-06
799 4e-07
800 2.4e-06
801 1.56193e-06
802 2.4e-06
803 4e-06
804 1.56193e-06
805 2e-06
806 0
807 2e-06
808 8e-07
809 2e-06
810 2.8e-06
811 2e-06
812 1.92387e-06
813 2.8e-06
814 2.8e-06
815 3.56193e-06
816 1.6e-06
817 2.36193e-06
818 8e-07
819 1.56193e-06
820 7.61935e-07
821 2e-06
822 1.2e-06
823 4e-07
824 2e-06
825 4e-07
826 2.36193e-06
827 3.2e-06
828 1.6e-06
829 1.92387e-06
830 8e-07
831 8e-07
832 1.2e-06
833 2.4e-06
834 8e-07
835 3.16193e-06
836 2e-06
837 1.56193e-06
838 1.2e-06
839 2e-06
840 2.4e-06
841 3.16193e-06
842 2e-06
843 2e-06
844 1.6e-06
845 3.96193e-06
846 1.2e-06
847 1.96193e-06
848 2e-06
849 8e-07
850 4e-06
851 1.2e-06
852 1.2e-06
853 2e-06
854 3.2e-06
855 1.6e-06
856 1.6e-06
857 2e-06
858 2e-06
859 4e-07
860 2.72749e-06
861 8e-07
862 3.6e-06
863 1.16193e-06
864 1.2e-06
865 3.2e-06
866 1.6e-06
867 1.2e-06
868 2.4e-06
869 1.92387e-06
870 2e-06
871 2.36193e-06
872 2.8e-06
873 1.2e-06
874 1.16193e-06
875 1.6e-06
876 1.6e-06
877 2.4e-06
878 3.56193e-06
879 2.8e-06
880 7.27492e-07
881 2.4e-06
882 1.2e-06
883 2.8e-06
884 1.96193e-06
885 2.36193e-06
886 1.2e-06
887 1.6e-06
888 8e-07
889 2e-06
890 1.12749e-06
891 2.4e-06
892 2.4e-06
893 2e-06
894 4e-07
895 2e-06
896 2.8e-06
897 1.6e-06
898 2e-06
899 2.76193e-06
900 1.6e-06
901 2.8e-06
902 2e-06
903 4e-07
904 1.6e-06
905 2.32387e-06
906 1.2e-06
907 1.2e-06
908 2e-06
909 2.4e-06
910 2e-06
911 1.6e-06
912 2.4e-06
913 2e-06
914 1.6e-06
915 8e-07
916 3.6e-06
917 1.6e-06
918 1.6e-06
919 1.2e-06
920 8e-07
921 3.16193e-06
922 1.6e-06
923 3.61935e-07
924 2e-06
925 7.61935e-07
926 1.2e-06
927 4e-07
928 3.96193e-06
929 2.72387e-06
930 2e-06
931 1.2e-06
932 7.61935e-07
933 1.6e-06
934 2.4e-06
935 2.4e-06
936 1.2e-06
937 4e-07
938 4.4e-06
939 2.8e-06
940 1.92749e-06
941 4e-07
942 1.2e-06
943 1.6e-06
944 8e-07
945 2.72387e-06
946 1.6e-06
947 2.36193e-06
948 8e-07
949 8e-07
950 5.56193e-06
951 8e-07
952 1.2e-06
953 2e-06
954 1.2e-06
955 8e-07
956 2.72387e-06
957 1.6e-06
958 3.2e-06
959 8e-07
960 1.2e-06
961 1.6e-06
962 2.4e-06
963 2.4e-06
964 2.8e-06
965 1.96193e-06
966 1.2e-06
967 1.2e-06
968 4e-07
969 2e-06
970 3.2e-06
971 2e-06
972 1.96193e-06
973 2.36193e-06
974 1.16193e-06
975 0
976 8e-07
977 1.2e-06
978 2.8e-06
979 2.8e-06
980 2.36193e-06
981 1.16193e-06
982 4e-07
983 1.6e-06
984 1.6e-06
985 4.4e-06
986 1.16193e-06
987 2.8e-06
988 4e-07
989 4e-07
990 3.16193e-06
991 2e-06
992 1.6e-06
993 2.72749e-06
994 2.32749e-06
995 2.8e-06
996 1.6e-06
997 1.2e-06
998 8e-07
999 0
