0 0
1 6e-05
2 0.000112
3 0.000152
4 0.000172
5 0.000173472
6 0.000212
7 0.000172
8 0.000236
9 0.000188
10 0.00018
11 0.000224
12 0.000216
13 0.000168
14 0.000188
15 0.000168
16 0.000184
17 0.000156
18 0.000176
19 0.000177472
20 0.000176
21 0.000136
22 0.000128
23 0.000137472
24 0.000152
25 0.000164
26 0.000112
27 0.000193472
28 0.000136
29 0.000164
30 0.000124
31 0.000108
32 0.000142943
33 0.000112
34 0.00012
35 0.000126943
36 0.000101472
37 7.6e-05
38 0.000108
39 0.000116
40 9.6e-05
41 8.8e-05
42 9.6e-05
43 8e-05
44 9.6e-05
45 6.8e-05
46 0.000101472
47 9.6e-05
48 0.000108
49 0.000104
50 8.4e-05
51 8.4e-05
52 0.0001
53 9.34715e-05
54 0.000132
55 0.000112415
56 7.6e-05
57 6.8e-05
58 8e-05
59 0.0001
60 0.0001
61 6.14715e-05
62 0.000108
63 0.000109472
64 7.34715e-05
65 0.000104
66 9.2e-05
67 6.4e-05
68 0.0001
69 5.2e-05
70 8e-05
71 6.85413e-05
72 7.74715e-05
73 9.2e-05
74 0.000108
75 0.000109472
76 8e-05
77 7.2e-05
78 7.74715e-05
79 0.000108
80 7.2e-05
81 7.34715e-05
82 7.6e-05
83 6.94715e-05
84 6.8e-05
85 6.8e-05
86 8e-05
87 7.6e-05
88 7.2e-05
89 6.54715e-05
90 7.2e-05
91 5.4943e-05
92 0.000108
93 6.8e-05
94 0.000108
95 6.8e-05
96 7.2e-05
97 5.6e-05
98 6.94715e-05
99 6.8e-05
100 5.6e-05
101 8e-05
102 6.4e-05
103 7.6e-05
104 9.2e-05
105 6.4e-05
106 5.4943e-05
107 5.2e-05
108 6.2943e-05
109 6.4e-05
110 9.34715e-05
111 9.2e-05
112 4.54715e-05
113 5.6e-05
114 6.4e-05
115 6.54715e-05
116 8.54715e-05
117 5.6e-05
118 9.24146e-05
119 0.000112
120 8e-05
121 4.54715e-05
122 6.14715e-05
123 6e-05
124 4.8e-05
125 8e-05
126 5.34715e-05
127 5.6e-05
128 8.20129e-05
129 8.54715e-05
130 6.94715e-05
131 4.4e-05
132 6e-05
133 3.2e-05
134 7.2e-05
135 6e-05
136 6.8e-05
137 5.2e-05
138 4.8e-05
139 0.000108
140 5.34715e-05
141 5.6e-05
142 4e-05
143 4.2943e-05
144 6.94715e-05
145 3.6e-05
146 4.8e-05
147 6e-05
148 5.0943e-05
149 5.2e-05
150 5.2e-05
151 5.2e-05
152 5.74715e-05
153 6.6943e-05
154 5.74715e-05
155 6e-05
156 5.6e-05
157 4.4e-05
158 7.74715e-05
159 6.14715e-05
160 2.4e-05
161 4.2943e-05
162 4.54715e-05
163 6.4e-05
164 3.74715e-05
165 3.8943e-05
166 5.2e-05
167 6.4e-05
168 6e-05
169 1.2e-05
170 6.4e-05
171 2.94715e-05
172 2.8e-05
173 5.2e-05
174 2.8e-05
175 4.6943e-05
176 4e-05
177 7.2e-05
178 5.6e-05
179 5.2e-05
180 4.94715e-05
181 4e-05
182 3.6e-05
183 5.6e-05
184 2.8e-05
185 2.8e-05
186 6.54715e-05
187 7.2e-05
188 6.14715e-05
189 8.4e-05
190 4.4e-05
191 3.6e-05
192 3.6e-05
193 3.2e-05
194 5.6e-05
195 3.6e-05
196 4.4e-05
197 5.2e-05
198 4e-05
199 4.94715e-05
200 3.2e-05
201 6e-05
202 4.14715e-05
203 2.8e-05
204 3.74715e-05
205 4.54715e-05
206 4.8e-05
207 4.4e-05
208 4.4e-05
209 4e-05
210 2.54715e-05
211 4e-05
212 5.6e-05
213 3.2e-05
214 2.14715e-05
215 3.2e-05
216 4e-05
217 3.74715e-05
218 1.6e-05
219 2e-05
220 4.4e-05
221 3.65413e-05
222 4.14715e-05
223 4.8e-05
224 4.4e-05
225 2.8e-05
226 6e-05
227 4.94715e-05
228 3.6e-05
229 3.2e-05
230 5.34715e-05
231 4.4e-05
232 4.4e-05
233 1.74715e-05
234 5.34715e-05
235 4.94715e-05
236 3.6e-05
237 4.54715e-05
238 5.0943e-05
239 5.2e-05
240 6.4e-05
241 3.2e-05
242 6.4e-05
243 6e-05
244 6e-05
245 7.2e-05
246 3.2e-05
247 4.4e-05
248 5.6e-05
249 5.2e-05
250 8e-06
251 4.8e-05
252 3.6e-05
253 3.6e-05
254 5.2e-05
255 1.2e-05
256 3.2e-05
257 3.8943e-05
258 5.74715e-05
259 4.4e-05
260 3.2e-05
261 5.6e-05
262 3.6e-05
263 4.8e-05
264 3.0943e-05
265 3.34715e-05
266 2e-05
267 1.6e-05
268 4.4e-05
269 4.4e-05
270 4.4e-05
271 4e-05
272 4.8e-05
273 2.94715e-05
274 2.54715e-05
275 3.6e-05
276 4e-05
277 5.2e-05
278 4.8e-05
279 5.34715e-05
280 5.2e-05
281 2.8e-05
282 3.34715e-05
283 4.4e-05
284 2.94715e-05
285 3.74715e-05
286 2.41991e-05
287 4.14715e-05
288 3.6e-05
289 2e-05
290 4e-05
291 3.34715e-05
292 3.74715e-05
293 5.2e-05
294 2.4e-05
295 2e-05
296 2.4e-05
297 7.2e-05
298 3.6e-05
299 2.54715e-05
300 4.8e-05
301 5.74715e-05
302 3.74715e-05
303 1.74715e-05
304 4e-05
305 2.8e-05
306 3.74715e-05
307 4.94715e-05
308 2.4e-05
309 3.2e-05
310 3.6e-05
311 2e-05
312 4e-05
313 4e-05
314 5.2e-05
315 2.8e-05
316 2.8e-05
317 4.4e-05
318 1.2e-05
319 3.74715e-05
320 5.65413e-05
321 2.8e-05
322 3.34715e-05
323 5.6e-05
324 2.54715e-05
325 3.4943e-05
326 6e-05
327 2.54715e-05
328 4.8e-05
329 3.34715e-05
330 1.74715e-05
331 1.6e-05
332 3.6e-05
333 1.2e-05
334 2.4e-05
335 2.4e-05
336 4e-05
337 1.6e-05
338 4.4e-05
339 4.4e-05
340 2.4e-05
341 1.6e-05
342 4.4e-05
343 4e-05
344 4.8e-05
345 4.14715e-05
346 2.2943e-05
347 3.2e-05
348 2.8e-05
349 1.6e-05
350 3.2e-05
351 2.54715e-05
352 2e-05
353 3.2e-05
354 1.6e-05
355 3.34715e-05
356 2.8e-05
357 4.4e-05
358 3.34715e-05
359 3.6e-05
360 3.74715e-05
361 3.6e-05
362 3.2e-05
363 2.94715e-05
364 2e-05
365 5.2e-05
366 2.54715e-05
367 2.14715e-05
368 2.14715e-05
369 3.34715e-05
370 1.74715e-05
371 2.8e-05
372 2.8e-05
373 2.8e-05
374 3.6e-05
375 5.2e-05
376 2.54715e-05
377 2.8e-05
378 5.47152e-06
379 2.8e-05
380 2.4e-05
381 1.34715e-05
382 1.6e-05
383 4.14715e-05
384 2.4e-05
385 8e-06
386 4.4e-05
387 3.2e-05
388 2.8e-05
389 3.2e-05
390 2e-05
391 2.4e-05
392 2.4e-05
393 4e-05
394 3.2e-05
395 1.6e-05
396 4.4e-05
397 1.34715e-05
398 2.4e-05
399 3.6e-05
400 3.34715e-05
401 2.4e-05
402 1.34715e-05
403 3.2e-05
404 3.2e-05
405 3.2e-05
406 4.54715e-05
407 2.14715e-05
408 2.14715e-05
409 2.8e-05
410 3.34715e-05
411 2.4e-05
412 1.34715e-05
413 4.4e-05
414 2.4e-05
415 3.34715e-05
416 2.54715e-05
417 4e-05
418 3.74715e-05
419 2.4e-05
420 3.6e-05
421 3.2e-05
422 2.94715e-05
423 4e-05
424 4e-05
425 6e-05
426 2e-05
427 3.74715e-05
428 1.2e-05
429 2.94715e-05
430 4e-05
431 1.6e-05
432 3.0943e-05
433 2.14715e-05
434 2.14715e-05
435 1.6e-05
436 4e-05
437 8e-06
438 1.74715e-05
439 6.4e-05
440 2.14715e-05
441 2.4e-05
442 3.2e-05
443 2.8e-05
444 4.94715e-05
445 2.54715e-05
446 2.8e-05
447 2e-05
448 1.2e-05
449 4.4e-05
450 2.94715e-05
451 2.54715e-05
452 2.8e-05
453 2.6943e-05
454 4.4e-05
455 2.8e-05
456 3.2e-05
457 1.2e-05
458 2.4e-05
459 3.6e-05
460 3.2e-05
461 1.2e-05
462 3.0943e-05
463 4.4e-05
464 2.54715e-05
465 1.6e-05
466 2.94715e-05
467 2.54715e-05
468 3.6e-05
469 2.4e-05
470 1.6e-05
471 3.2e-05
472 4e-06
473 2.8e-05
474 3.2e-05
475 2.8e-05
476 3.2e-05
477 2.8e-05
478 8e-06
479 3.2e-05
480 4.8e-05
481 3.34715e-05
482 2.4e-05
483 2.8e-05
484 2.4e-05
485 2e-05
486 2e-05
487 3.34715e-05
488 3.34715e-05
489 2.8e-05
490 0
491 2e-05
492 8e-06
493 8e-06
494 2.54715e-05
495 2e-05
496 1.2e-05
497 2e-05
498 1.2e-05
499 4.54715e-05
500 3.2e-05
501 1.74715e-05
502 2.8e-05
503 5.2e-05
504 3.65413e-05
505 3.6e-05
506 2.4e-05
507 1.6e-05
508 2.94715e-05
509 8e-06
510 2e-05
511 1.2e-05
512 3.34715e-05
513 3.6e-05
514 2.20129e-05
515 1.6e-05
516 2.4e-05
517 2.8e-05
518 3.2e-05
519 3.2e-05
520 3.74715e-05
521 2.4e-05
522 2.8e-05
523 1.4943e-05
524 6e-05
525 2.4e-05
526 2.14715e-05
527 2.8e-05
528 1.6e-05
529 4.4e-05
530 3.74715e-05
531 4e-05
532 2e-05
533 2.54715e-05
534 1.6e-05
535 2.4e-05
536 2.4e-05
537 2e-05
538 2.14715e-05
539 4.4e-05
540 2.8e-05
541 2e-05
542 3.6e-05
543 2.4e-05
544 2.8e-05
545 1.2e-05
546 4.8e-05
547 4.4e-05
548 2.8e-05
549 3.6e-05
550 1.4943e-05
551 3.6e-05
552 1.2e-05
553 1.6e-05
554 3.2e-05
555 2e-05
556 3.74715e-05
557 4e-06
558 2.4e-05
559 1.34715e-05
560 1.6e-05
561 8e-06
562 1.2e-05
563 4e-06
564 2.14715e-05
565 1.6e-05
566 2.4e-05
567 2e-05
568 4.8e-05
569 3.6e-05
570 1.6e-05
571 1.34715e-05
572 2.8e-05
573 2.4e-05
574 2.14715e-05
575 2.8e-05
576 2.8e-05
577 1.6e-05
578 2.4e-05
579 2.54715e-05
580 3.2e-05
581 4.4e-05
582 1.6e-05
583 4e-05
584 2.94715e-05
585 2.8e-05
586 1.34715e-05
587 3.2e-05
588 3.6e-05
589 1.6e-05
590 1.2e-05
591 1.6e-05
592 2e-05
593 2.8e-05
594 2.4e-05
595 2.4e-05
596 2.8e-05
597 3.6e-05
598 2e-05
599 1.6e-05
600 1.8943e-05
601 9.47152e-06
602 4e-06
603 2.94715e-05
604 2.14715e-05
605 2.4e-05
606 2e-05
607 8e-06
608 1.2e-05
609 3.2e-05
610 2.2943e-05
611 1.34715e-05
612 3.2e-05
613 3.2e-05
614 1.2e-05
615 1.2e-05
616 1.34715e-05
617 3.2e-05
618 2e-05
619 2.54715e-05
620 1.74715e-05
621 1.4943e-05
622 2.54715e-05
623 2.8e-05
624 2.4e-05
625 2e-05
626 1.2e-05
627 4.4e-05
628 2e-05
629 2e-05
630 4e-06
631 3.2e-05
632 1.6e-05
633 2.54715e-05
634 2e-05
635 1.6e-05
636 4e-06
637 2.8e-05
638 9.47152e-06
639 2.94715e-05
640 1.74715e-05
641 4e-05
642 2e-05
643 1.6e-05
644 2e-05
645 2.8e-05
646 2e-05
647 2.4e-05
648 1.74715e-05
649 2.4e-05
650 3.2e-05
651 1.2e-05
652 3.2e-05
653 3.6e-05
654 2.54715e-05
655 1.2e-05
656 1.2e-05
657 1.6e-05
658 2.4e-05
659 1.74715e-05
660 2.4e-05
661 2.94715e-05
662 1.6e-05
663 2.4e-05
664 3.2e-05
665 1.74715e-05
666 2.8e-05
667 2.8e-05
668 2.54715e-05
669 3.34715e-05
670 2.4e-05
671 3.74715e-05
672 2.4e-05
673 2.4e-05
674 3.74715e-05
675 1.2e-05
676 8e-06
677 1.6e-05
678 4e-05
679 4e-06
680 2.8e-05
681 2e-05
682 2.8e-05
683 4e-06
684 1.6e-05
685 8e-06
686 1.74715e-05
687 2.4e-05
688 3.34715e-05
689 1.2e-05
690 3.6e-05
691 9.47152e-06
692 3.2e-05
693 2.54715e-05
694 1.6e-05
695 3.6e-05
696 9.47152e-06
697 2.54715e-05
698 2.4e-05
699 3.6e-05
700 2e-05
701 9.47152e-06
702 2.4e-05
703 2.94715e-05
704 2e-05
705 2.8e-05
706 1.2e-05
707 1.2e-05
708 2.4e-05
709 1.6e-05
710 2.14715e-05
711 1.2e-05
712 2.4e-05
713 2.4e-05
714 4.54715e-05
715 1.6e-05
716 1.6e-05
717 1.6e-05
718 3.34715e-05
719 1.34715e-05
720 2e-05
721 4e-06
722 2.4e-05
723 2.94715e-05
724 2.4e-05
725 2e-05
726 2.4e-05
727 1.6e-05
728 2.14715e-05
729 2e-05
730 9.47152e-06
731 1.2e-05
732 1.34715e-05
733 2.4e-05
734 4e-05
735 2.4e-05
736 2.8e-05
737 2.94715e-05
738 2.4e-05
739 2e-05
740 2e-05
741 1.2e-05
742 2.54715e-05
743 3.2e-05
744 2.54715e-05
745 2e-05
746 3.6e-05
747 1.2e-05
748 2.8e-05
749 4.4e-05
750 3.74715e-05
751 1.6e-05
752 1.8943e-05
753 2.14715e-05
754 1.2e-05
755 1.6e-05
756 2.4e-05
757 3.2e-05
758 2e-05
759 2.94715e-05
760 1.74715e-05
761 3.6e-05
762 2e-05
763 2.4e-05
764 2.8e-05
765 2e-05
766 8e-06
767 1.2e-05
768 2e-05
769 2.4e-05
770 1.6e-05
771 4e-06
772 2e-05
773 1.6e-05
774 3.34715e-05
775 2e-05
776 2e-05
777 2.14715e-05
778 2.8e-05
779 1.2e-05
780 1.2e-05
781 3.6e-05
782 8e-06
783 4e-06
784 1.6e-05
785 2.4e-05
786 1.2e-05
787 1.2e-05
788 2.4e-05
789 2.14715e-05
790 2.8e-05
791 1.2e-05
792 3.6e-05
793 2.54715e-05
794 8.54134e-06
795 8e-06
796 1.2e-05
797 2.4e-05
798 2.14715e-05
799 2e-05
800 2e-05
801 3.6e-05
802 1.2e-05
803 2.4e-05
804 1.2e-05
805 2.4e-05
806 2.4e-05
807 1.74715e-05
808 1.74715e-05
809 2.4e-05
810 3.2e-05
811 2.4e-05
812 1.6e-05
813 2.8e-05
814 2.4e-05
815 9.47152e-06
816 2e-05
817 2e-05
818 2.4e-05
819 1.74715e-05
820 2.4e-05
821 2.44146e-05
822 2.8e-05
823 2e-05
824 2e-05
825 2.2943e-05
826 4e-06
827 2.54715e-05
828 2e-05
829 2e-05
830 2e-05
831 2.94715e-05
832 4.4e-05
833 1.0943e-05
834 8e-06
835 2.8e-05
836 8e-06
837 1.2e-05
838 1.6e-05
839 1.34715e-05
840 1.2e-05
841 2.8e-05
842 1.6e-05
843 1.74715e-05
844 2.4e-05
845 1.6e-05
846 2e-05
847 2.4e-05
848 1.74715e-05
849 1.74715e-05
850 1.34715e-05
851 2.14715e-05
852 2e-05
853 1.6e-05
854 4e-06
855 2.14715e-05
856 1.74715e-05
857 5.47152e-06
858 3.34715e-05
859 1.2e-05
860 1.2e-05
861 1.65413e-05
862 5.47152e-06
863 1.2e-05
864 3.4943e-05
865 1.2e-05
866 2.8e-05
867 1.6e-05
868 9.47152e-06
869 2.94715e-05
870 1.4943e-05
871 4e-06
872 2.4e-05
873 2e-05
874 1.00129e-05
875 2.8e-05
876 2e-05
877 4e-06
878 2e-05
879 2.4e-05
880 2e-05
881 1.2e-05
882 2.14715e-05
883 1.6e-05
884 2.14715e-05
885 2.4e-05
886 2.4e-05
887 1.6e-05
888 3.6e-05
889 4.14715e-05
890 4e-06
891 2.14715e-05
892 8e-06
893 2e-05
894 1.2e-05
895 2.94715e-05
896 1.2e-05
897 2.8e-05
898 2.94715e-05
899 1.2e-05
900 1.2e-05
901 2.4e-05
902 8e-06
903 2.4e-05
904 2e-05
905 1.2e-05
906 2e-05
907 2.54715e-05
908 1.74715e-05
909 2.54715e-05
910 8e-06
911 3.2e-05
912 2.8e-05
913 1.2e-05
914 8e-06
915 2.45413e-05
916 2.54715e-05
917 2e-05
918 1.34715e-05
919 3.6e-05
920 8e-06
921 1.2e-05
922 1.6e-05
923 4.94715e-05
924 9.47152e-06
925 6.5542e-06
926 1.74715e-05
927 1.6e-05
928 1.2e-05
929 8e-06
930 9.47152e-06
931 1.2e-05
932 2.54715e-05
933 3.2e-05
934 2e-05
935 1.34715e-05
936 2e-05
937 3.2e-05
938 1.2e-05
939 2.4e-05
940 1.34715e-05
941 8e-06
942 2.54715e-05
943 1.6e-05
944 3.2e-05
945 2e-05
946 4e-06
947 2.05413e-05
948 1.2e-05
949 4e-06
950 1.6e-05
951 1.6e-05
952 1.2e-05
953 1.6e-05
954 1.6e-05
955 4e-06
956 2.14715e-05
957 2e-05
958 2.4e-05
959 1.74715e-05
960 1.34715e-05
961 1.6e-05
962 1.6e-05
963 8e-06
964 2.8e-05
965 1.74715e-05
966 1.34715e-05
967 2.54715e-05
968 4e-06
969 2.4e-05
970 1.6e-05
971 2.8e-05
972 2e-05
973 2.54715e-05
974 1.6e-05
975 2.4e-05
976 1.6e-05
977 1.6e-05
978 1.6e-05
979 1.2e-05
980 1.2e-05
981 1.74715e-05
982 2.8e-05
983 2.54715e-05
984 5.47152e-06
985 8e-06
986 8e-06
987 1.2e-05
988 4e-06
989 1.34715e-05
990 1.0943e-05
991 1.6e-05
992 2.4e-05
993 2.54715e-05
994 4e-06
995 2.14715e-05
996 1.4943e-05
997 1.2e-05
998 2.54715e-05
999 0
