0 0
1 0.0001016
2 7.03619e-05
3 6.56e-05
4 5.16e-05
5 3.95619e-05
6 4.24e-05
7 3.04e-05
8 3.71619e-05
9 3.08e-05
10 2.84e-05
11 2.76e-05
12 2.8e-05
13 2.52e-05
14 2.76e-05
15 2.04e-05
16 1.76e-05
17 2.2e-05
18 1.92e-05
19 1.6e-05
20 1.92e-05
21 1.64e-05
22 1.6e-05
23 1.56e-05
24 1.67239e-05
25 1.55619e-05
26 1.71239e-05
27 1.6e-05
28 1.87239e-05
29 1.31239e-05
30 1.04e-05
31 1.24e-05
32 9.2e-06
33 1.67619e-05
34 1.12e-05
35 1.68e-05
36 1.24e-05
37 9.6e-06
38 9.16193e-06
39 1.19619e-05
40 1.39619e-05
41 1.24e-05
42 8.4e-06
43 7.2e-06
44 1.12e-05
45 1.11619e-05
46 6.8e-06
47 1e-05
48 9.6e-06
49 9.2e-06
50 1e-05
51 1.35619e-05
52 1.04e-05
53 8.4e-06
54 9.56193e-06
55 8.4e-06
56 1e-05
57 3.6e-06
58 1.12e-05
59 1.16e-05
60 1e-05
61 7.6e-06
62 1.19619e-05
63 1e-05
64 6.4e-06
65 1.04e-05
66 7.6e-06
67 1.31619e-05
68 9.8858e-06
69 1.15619e-05
70 8e-06
71 9.6e-06
72 9.6e-06
73 7.52749e-06
74 1.03619e-05
75 7.2e-06
76 1.12e-05
77 5.56193e-06
78 8.32387e-06
79 6.72387e-06
80 5.2e-06
81 1e-05
82 6e-06
83 1.04e-05
84 9.6e-06
85 9.56193e-06
86 7.6e-06
87 7.2e-06
88 1.12e-05
89 7.96193e-06
90 8.76193e-06
91 7.6e-06
92 7.52387e-06
93 7.2e-06
94 7.12387e-06
95 6.76193e-06
96 6.32387e-06
97 6e-06
98 7.56193e-06
99 8e-06
100 9.6e-06
101 7.56193e-06
102 6.76193e-06
103 6.36193e-06
104 7.56193e-06
105 1e-05
106 8.4e-06
107 5.16193e-06
108 5.2e-06
109 9.2e-06
110 7.2e-06
111 3.96193e-06
112 8.4e-06
113 7.6e-06
114 7.96193e-06
115 6.8e-06
116 6.4e-06
117 6.8e-06
118 5.96193e-06
119 6.8e-06
120 6.8e-06
121 3.96193e-06
122 4.76193e-06
123 5.16193e-06
124 7.2e-06
125 4.36193e-06
126 3.6e-06
127 4.36193e-06
128 7.6e-06
129 9.16193e-06
130 6e-06
131 4e-06
132 5.6e-06
133 8.4e-06
134 8.36193e-06
135 6e-06
136 2.8e-06
137 6.76193e-06
138 5.52387e-06
139 5.2e-06
140 5.16193e-06
141 6e-06
142 9.2e-06
143 3.2e-06
144 5.6e-06
145 7.16193e-06
146 7.12387e-06
147 5.16193e-06
148 5.6e-06
149 5.96193e-06
150 7.52387e-06
151 4.36193e-06
152 5.6e-06
153 7.8858e-06
154 6e-06
155 5.6e-06
156 5.56193e-06
157 5.2e-06
158 5.6e-06
159 5.6e-06
160 5.6e-06
161 5.6e-06
162 3.92387e-06
163 4.8e-06
164 5.2e-06
165 4.8e-06
166 3.96193e-06
167 5.2e-06
168 9.08943e-06
169 4.4e-06
170 2.8e-06
171 3.96193e-06
172 8e-06
173 5.2e-06
174 7.4858e-06
175 6e-06
176 4e-06
177 4e-06
178 4e-06
179 4.8e-06
180 7.12387e-06
181 7.2e-06
182 6.32387e-06
183 6e-06
184 5.2e-06
185 4.4e-06
186 7.52749e-06
187 3.16193e-06
188 4.4e-06
189 5.2e-06
190 5.6e-06
191 6.4e-06
192 7.6e-06
193 4.4e-06
194 1.96193e-06
195 4.8e-06
196 6.4e-06
197 1.6e-06
198 2.76193e-06
199 3.56193e-06
200 4.4e-06
201 5.12387e-06
202 2.8e-06
203 6.4e-06
204 2.4e-06
205 1.6e-06
206 3.2e-06
207 2.4e-06
208 5.2e-06
209 4.36193e-06
210 4e-06
211 4.36193e-06
212 3.56193e-06
213 4.8e-06
214 5.16193e-06
215 3.56193e-06
216 5.16193e-06
217 4.4e-06
218 4.36193e-06
219 4.4e-06
220 5.2e-06
221 3.2e-06
222 6.4e-06
223 4.36193e-06
224 3.96193e-06
225 6.32387e-06
226 2.32387e-06
227 5.6e-06
228 5.2e-06
229 4.76193e-06
230 4.8e-06
231 4.8e-06
232 4.4e-06
233 4.4e-06
234 3.56193e-06
235 3.16193e-06
236 2.8e-06
237 2.4e-06
238 3.6e-06
239 2.4e-06
240 3.2e-06
241 4.36193e-06
242 3.2e-06
243 3.2e-06
244 2.4e-06
245 3.56193e-06
246 4.4e-06
247 3.2e-06
248 3.6e-06
249 4.8e-06
250 2.8e-06
251 5.56193e-06
252 4.76193e-06
253 2.4e-06
254 4.4e-06
255 4e-06
256 2.36193e-06
257 2.8e-06
258 3.6e-06
259 3.6e-06
260 4.4e-06
261 5.6e-06
262 5.2e-06
263 4e-06
264 4e-06
265 2.36193e-06
266 2.76193e-06
267 4.36193e-06
268 5.96193e-06
269 6.76193e-06
270 3.2e-06
271 5.56193e-06
272 2e-06
273 6e-06
274 3.2e-06
275 3.2e-06
276 3.16193e-06
277 3.56193e-06
278 4.76193e-06
279 4.4e-06
280 2e-06
281 3.16193e-06
282 7.56193e-06
283 4e-06
284 2.76193e-06
285 4e-06
286 2.4e-06
287 3.56193e-06
288 2.76193e-06
289 5.2e-06
290 5.16193e-06
291 3.2e-06
292 4.8e-06
293 2e-06
294 6.36193e-06
295 3.56193e-06
296 3.6e-06
297 2.8e-06
298 3.96193e-06
299 3.2e-06
300 3.16193e-06
301 4e-06
302 2.8e-06
303 2.4e-06
304 2.8e-06
305 3.6e-06
306 4e-06
307 2.8e-06
308 6.8e-06
309 2.8e-06
310 5.80967e-06
311 4.72387e-06
312 5.96193e-06
313 2.4e-06
314 2.8e-06
315 2e-06
316 3.6e-06
317 2e-06
318 3.2e-06
319 3.2e-06
320 3.56193e-06
321 5.2e-06
322 2.4e-06
323 8e-07
324 2.36193e-06
325 5.56193e-06
326 4.8e-06
327 3.56193e-06
328 2e-06
329 4.8e-06
330 3.6e-06
331 2.8e-06
332 3.6e-06
333 2.4e-06
334 2.76193e-06
335 3.92749e-06
336 3.6e-06
337 2.4e-06
338 2e-06
339 1.2e-06
340 4.4e-06
341 4e-06
342 6.36193e-06
343 2.4e-06
344 2.8e-06
345 2.36193e-06
346 8e-07
347 3.2e-06
348 3.6e-06
349 4e-06
350 2.8e-06
351 5.52387e-06
352 3.96193e-06
353 2.4e-06
354 2.4e-06
355 2.4e-06
356 4.4e-06
357 4.4e-06
358 3.6e-06
359 2e-06
360 2e-06
361 3.6e-06
362 4.32387e-06
363 4e-06
364 3.56193e-06
365 1.96193e-06
366 2.8e-06
367 1.96193e-06
368 4e-06
369 3.6e-06
370 3.92387e-06
371 3.16193e-06
372 3.16193e-06
373 4.36193e-06
374 2.4e-06
375 3.56193e-06
376 3.2e-06
377 2e-06
378 2.8e-06
379 1.6e-06
380 2.4e-06
381 1.96193e-06
382 1.6e-06
383 4.36193e-06
384 8e-07
385 2.8e-06
386 2e-06
387 4.36193e-06
388 2e-06
389 2e-06
390 3.96193e-06
391 3.96193e-06
392 3.12749e-06
393 1.2e-06
394 2.4e-06
395 3.12387e-06
396 2.4e-06
397 2e-06
398 2.8e-06
399 1.2e-06
400 2.8e-06
401 1.52387e-06
402 1.2e-06
403 4.8e-06
404 4.32387e-06
405 1.2e-06
406 2e-06
407 2e-06
408 4e-06
409 3.6e-06
410 2.8e-06
411 2.8e-06
412 1.2e-06
413 2.36193e-06
414 3.6e-06
415 4e-06
416 8e-07
417 3.6e-06
418 3.6e-06
419 4.4e-06
420 4e-06
421 2.8e-06
422 3.2e-06
423 2.4e-06
424 2e-06
425 5.6e-06
426 2.8e-06
427 1.2e-06
428 2e-06
429 2.8e-06
430 2e-06
431 1.6e-06
432 2.76193e-06
433 2.4e-06
434 1.6e-06
435 2e-06
436 1.2e-06
437 2.8e-06
438 7.61935e-07
439 2.36193e-06
440 2.4e-06
441 2.4e-06
442 4e-06
443 2.8e-06
444 4.8e-06
445 3.2e-06
446 1.56193e-06
447 2e-06
448 3.2e-06
449 2.8e-06
450 1.96193e-06
451 2.4e-06
452 4e-06
453 1.2e-06
454 2.8e-06
455 2.4e-06
456 1.6e-06
457 4.8e-06
458 2.8e-06
459 3.16193e-06
460 2e-06
461 2.4e-06
462 1.2e-06
463 3.2e-06
464 4.4e-06
465 2.4e-06
466 3.96193e-06
467 1.2e-06
468 3.6e-06
469 4.36193e-06
470 2.36193e-06
471 2.8e-06
472 3.16193e-06
473 2.8e-06
474 1.6e-06
475 3.6e-06
476 2.4e-06
477 1.6e-06
478 3.96193e-06
479 4e-06
480 4.32387e-06
481 1.6e-06
482 2.8e-06
483 2.36193e-06
484 1.2e-06
485 2.4e-06
486 4e-06
487 3.6e-06
488 1.6e-06
489 4.36193e-06
490 1.6e-06
491 4.8e-06
492 2.8e-06
493 2e-06
494 3.56193e-06
495 2.4e-06
496 1.6e-06
497 8e-07
498 3.16193e-06
499 3.6e-06
500 2e-06
501 2.4e-06
502 2e-06
503 2.4e-06
504 2.4e-06
505 8e-07
506 2e-06
507 3.2e-06
508 3.12387e-06
509 3.6e-06
510 2.4e-06
511 2.36193e-06
512 1.96193e-06
513 1.6e-06
514 2e-06
515 2.76193e-06
516 1.96193e-06
517 2.76193e-06
518 3.2e-06
519 3.56193e-06
520 2.8e-06
521 4e-06
522 1.6e-06
523 2.4e-06
524 2.4e-06
525 1.96193e-06
526 3.2e-06
527 2.4e-06
528 2.8e-06
529 3.2e-06
530 4.4e-06
531 2.4e-06
532 3.2e-06
533 2.4e-06
534 2e-06
535 2.4e-06
536 3.2e-06
537 2e-06
538 8e-07
539 2.8e-06
540 1.2e-06
541 1.6e-06
542 3.96193e-06
543 3.2e-06
544 2.76193e-06
545 1.96193e-06
546 3.2e-06
547 4e-06
548 3.16193e-06
549 3.56193e-06
550 2e-06
551 2.8e-06
552 2.4e-06
553 2.4e-06
554 2.4e-06
555 1.6e-06
556 1.6e-06
557 2e-06
558 2.36193e-06
559 1.96193e-06
560 2e-06
561 3.6e-06
562 2e-06
563 2e-06
564 3.56193e-06
565 2.4e-06
566 3.2e-06
567 2e-06
568 2.4e-06
569 2.4e-06
570 2.36193e-06
571 2.36193e-06
572 2e-06
573 2.4e-06
574 2e-06
575 3.6e-06
576 8e-07
577 3.2e-06
578 1.2e-06
579 3.6e-06
580 2e-06
581 2.4e-06
582 1.2e-06
583 2.8e-06
584 4e-06
585 2.76193e-06
586 2e-06
587 2e-06
588 2.8e-06
589 3.16193e-06
590 3.2e-06
591 3.56193e-06
592 4e-07
593 2.36193e-06
594 2e-06
595 2.76193e-06
596 2e-06
597 1.56193e-06
598 1.2e-06
599 1.6e-06
600 1.56193e-06
601 2.4e-06
602 2.36193e-06
603 3.2e-06
604 2.4e-06
605 4e-06
606 1.96193e-06
607 2.4e-06
608 2e-06
609 2e-06
610 1.2e-06
611 2e-06
612 2.36193e-06
613 1.6e-06
614 1.6e-06
615 1.6e-06
616 1.6e-06
617 2.4e-06
618 2.4e-06
619 2.4e-06
620 2.8e-06
621 2.8e-06
622 1.6e-06
623 1.6e-06
624 2.8e-06
625 1.96193e-06
626 4e-06
627 2e-06
628 1.6e-06
629 1.8858e-06
630 1.56193e-06
631 1.2e-06
632 2.4e-06
633 2.32387e-06
634 1.2e-06
635 2e-06
636 3.96193e-06
637 2e-06
638 2e-06
639 1.2e-06
640 2.4e-06
641 1.6e-06
642 2.8e-06
643 1.96193e-06
644 3.2e-06
645 2.36193e-06
646 1.2e-06
647 4e-07
648 2e-06
649 7.61935e-07
650 3.6e-06
651 8e-07
652 2.32749e-06
653 4e-07
654 2.36193e-06
655 8e-07
656 1.16193e-06
657 2e-06
658 4e-07
659 2.4e-06
660 3.56193e-06
661 2e-06
662 1.2e-06
663 3.56193e-06
664 2.4e-06
665 1.56193e-06
666 2e-06
667 3.16193e-06
668 8e-07
669 2.8e-06
670 3.2e-06
671 2.8e-06
672 2.8e-06
673 1.6e-06
674 2.76193e-06
675 2.8e-06
676 1.6e-06
677 3.56193e-06
678 2e-06
679 2.4e-06
680 2e-06
681 3.16193e-06
682 1.56193e-06
683 1.2e-06
684 1.12749e-06
685 2.4e-06
686 2e-06
687 4e-07
688 2.8e-06
689 2.8e-06
690 3.56193e-06
691 3.56193e-06
692 1.2e-06
693 3.16193e-06
694 8e-07
695 3.96193e-06
696 2.8e-06
697 1.56193e-06
698 3.16193e-06
699 1.2e-06
700 2.8e-06
701 2.4e-06
702 1.6e-06
703 3.6e-06
704 2e-06
705 2.4e-06
706 1.2e-06
707 1.2e-06
708 1.56193e-06
709 1.56193e-06
710 2.8e-06
711 3.96193e-06
712 3.16193e-06
713 3.2e-06
714 2.4e-06
715 1.2e-06
716 1.96193e-06
717 4e-07
718 1.6e-06
719 3.2e-06
720 1.2e-06
721 2.8e-06
722 2.8e-06
723 2.8e-06
724 1.6e-06
725 8e-07
726 2e-06
727 2.8e-06
728 2.8e-06
729 1.2e-06
730 2e-06
731 2e-06
732 2.76193e-06
733 2.76193e-06
734 1.16193e-06
735 1.96193e-06
736 3.16193e-06
737 2.8e-06
738 3.6e-06
739 2.4e-06
740 1.6e-06
741 1.16193e-06
742 2.4e-06
743 1.6e-06
744 2e-06
745 1.6e-06
746 1.6e-06
747 1.2e-06
748 1.2e-06
749 2.76193e-06
750 3.96193e-06
751 2.4e-06
752 1.2e-06
753 1.56193e-06
754 1.2e-06
755 2.76193e-06
756 1.2e-06
757 2.36193e-06
758 2e-06
759 1.6e-06
760 2e-06
761 2e-06
762 2e-06
763 8e-07
764 1.6e-06
765 8e-07
766 1.56193e-06
767 3.56193e-06
768 8e-07
769 2e-06
770 4e-07
771 3.6e-06
772 2.4e-06
773 2.4e-06
774 4e-07
775 1.2e-06
776 2e-06
777 1.2e-06
778 1.2e-06
779 1.6e-06
780 2.76193e-06
781 8e-07
782 3.6e-06
783 2.4e-06
784 1.6e-06
785 1.96193e-06
786 2.4e-06
787 1.6e-06
788 4e-07
789 0
790 8e-07
791 8e-07
792 1.56193e-06
793 2.4e-06
794 1.16193e-06
795 3.6e-06
796 8e-07
797 1.2e-06
798 2.4e-06
799 2.8e-06
800 2.8e-06
801 8e-07
802 8e-07
803 8e-07
804 1.6e-06
805 1.92387e-06
806 1.2e-06
807 8e-07
808 2e-06
809 1.2e-06
810 2e-06
811 1.96193e-06
812 2.4e-06
813 1.96193e-06
814 1.56193e-06
815 2.4e-06
816 2e-06
817 1.2e-06
818 2e-06
819 1.96193e-06
820 1.56193e-06
821 1.52387e-06
822 8e-07
823 3.16193e-06
824 8e-07
825 1.2e-06
826 1.2e-06
827 2e-06
828 1.52387e-06
829 4e-06
830 1.6e-06
831 8e-07
832 1.2e-06
833 2.4e-06
834 1.2e-06
835 4.36193e-06
836 2.4e-06
837 1.16193e-06
838 1.2e-06
839 2e-06
840 1.56193e-06
841 1.16193e-06
842 2.8e-06
843 2e-06
844 1.6e-06
845 1.16193e-06
846 1.6e-06
847 2e-06
848 2.4e-06
849 2.4e-06
850 1.2e-06
851 1.6e-06
852 8e-07
853 1.6e-06
854 1.6e-06
855 2e-06
856 1.2e-06
857 1.2e-06
858 2e-06
859 2.8e-06
860 4e-06
861 1.2e-06
862 2.8e-06
863 1.2e-06
864 2.8e-06
865 3.6e-06
866 2.8e-06
867 4e-07
868 2e-06
869 1.6e-06
870 1.6e-06
871 2e-06
872 3.16193e-06
873 1.2e-06
874 2.32387e-06
875 3.16193e-06
876 2.4e-06
877 2.4e-06
878 2.8e-06
879 2.4e-06
880 3.6e-06
881 2.36193e-06
882 1.56193e-06
883 1.6e-06
884 1.6e-06
885 2.4e-06
886 2.4e-06
887 2e-06
888 1.6e-06
889 1.2e-06
890 4e-07
891 8e-07
892 1.96193e-06
893 1.6e-06
894 1.2e-06
895 1.96193e-06
896 1.6e-06
897 1.2e-06
898 2e-06
899 1.6e-06
900 1.96193e-06
901 2.36193e-06
902 1.6e-06
903 3.6e-06
904 1.16193e-06
905 2.4e-06
906 1.16193e-06
907 2.4e-06
908 4e-07
909 1.6e-06
910 1.6e-06
911 1.96193e-06
912 2e-06
913 2.4e-06
914 1.16193e-06
915 1.56193e-06
916 2.4e-06
917 2.8e-06
918 8e-07
919 4e-07
920 4e-07
921 1.96193e-06
922 1.56193e-06
923 1.2e-06
924 7.61935e-07
925 1.16193e-06
926 8e-07
927 1.56193e-06
928 1.6e-06
929 2e-06
930 8e-07
931 2e-06
932 5.2e-06
933 2e-06
934 1.6e-06
935 1.2e-06
936 1.6e-06
937 1.16193e-06
938 1.2e-06
939 2.4e-06
940 2.72387e-06
941 4.8e-06
942 2e-06
943 2e-06
944 1.56193e-06
945 2.8e-06
946 2.4e-06
947 1.2e-06
948 4e-07
949 1.6e-06
950 1.6e-06
951 2e-06
952 2e-06
953 1.6e-06
954 3.2e-06
955 1.2e-06
956 1.2e-06
957 2.76193e-06
958 1.2e-06
959 1.2e-06
960 1.2e-06
961 1.96193e-06
962 3.52387e-06
963 1.6e-06
964 1.6e-06
965 3.2e-06
966 8e-07
967 1.6e-06
968 4e-07
969 2.4e-06
970 2.8e-06
971 1.16193e-06
972 2.4e-06
973 1.6e-06
974 1.6e-06
975 1.2e-06
976 2.76193e-06
977 8e-07
978 1.96193e-06
979 2e-06
980 1.2e-06
981 8e-07
982 1.6e-06
983 1.2e-06
984 1.6e-06
985 2.8e-06
986 1.6e-06
987 2e-06
988 2e-06
989 1.96193e-06
990 1.2e-06
991 8e-07
992 2e-06
993 4e-07
994 2e-06
995 1.6e-06
996 0
997 2.36193e-06
998 1.96193e-06
999 0
