0 0
1 0.001136
2 0.00078
3 0.00058
4 0.000521472
5 0.000401472
6 0.000468
7 0.000356
8 0.0003
9 0.000254943
10 0.000233472
11 0.000284
12 0.000269472
13 0.00018
14 0.000252
15 0.000225472
16 0.00018
17 0.00024
18 0.00022
19 0.000212
20 0.000184
21 0.000168
22 0.000184
23 0.000156
24 0.000137472
25 0.000136
26 0.000157472
27 0.000128
28 0.000169472
29 0.000146943
30 0.000150943
31 0.000132
32 0.0002
33 0.000112
34 0.000148
35 0.000136
36 0.000116
37 0.000128
38 0.000108
39 0.000101472
40 0.000101472
41 0.000129472
42 0.000126943
43 0.000105472
44 0.000136
45 0.000132
46 0.000116
47 0.000130943
48 0.00012
49 0.0001
50 6.4e-05
51 9.6e-05
52 8.8e-05
53 0.000116
54 6.8e-05
55 7.2e-05
56 0.000104
57 0.000116
58 0.000102943
59 8.4e-05
60 0.000116
61 0.000108
62 0.000116
63 6.8e-05
64 0.0001
65 8.8e-05
66 9.2e-05
67 9.6e-05
68 0.000105472
69 0.0001
70 0.000108
71 9.74715e-05
72 8.14715e-05
73 9.6e-05
74 6e-05
75 7.6e-05
76 8e-05
77 6.8e-05
78 6.6943e-05
79 6.8e-05
80 6.8e-05
81 8.8e-05
82 9.34715e-05
83 9.2e-05
84 6e-05
85 7.34715e-05
86 7.0943e-05
87 5.6e-05
88 9.34715e-05
89 9.34715e-05
90 8e-05
91 4.94715e-05
92 9.74715e-05
93 6.54715e-05
94 7.74715e-05
95 5.74715e-05
96 4.8e-05
97 7.6e-05
98 5.6e-05
99 4.4e-05
100 7.0943e-05
101 6.4e-05
102 7.6e-05
103 6.4e-05
104 0.000109472
105 6.14715e-05
106 7.6e-05
107 2.94715e-05
108 5.2e-05
109 5.34715e-05
110 8.8e-05
111 5.6e-05
112 6.54715e-05
113 7.2e-05
114 7.2e-05
115 7.8943e-05
116 6.4e-05
117 4.94715e-05
118 4.8e-05
119 6.8e-05
120 4.8e-05
121 3.2e-05
122 5.74715e-05
123 3.2e-05
124 6e-05
125 5.6e-05
126 6.4e-05
127 5.2e-05
128 6e-05
129 4.8e-05
130 8.2943e-05
131 2.4e-05
132 5.6e-05
133 5.6e-05
134 4e-05
135 4.6943e-05
136 4.14715e-05
137 7.74715e-05
138 5.2e-05
139 6.8e-05
140 5.25413e-05
141 5.2e-05
142 8.4e-05
143 4.8e-05
144 4.14715e-05
145 3.34715e-05
146 7.2e-05
147 4.54715e-05
148 5.74715e-05
149 4.8e-05
150 4.4e-05
151 4.8e-05
152 4.8e-05
153 6.8e-05
154 8.4e-05
155 3.6e-05
156 7.74715e-05
157 4.4e-05
158 4.4e-05
159 6.54715e-05
160 5.2e-05
161 7.34715e-05
162 3.4943e-05
163 5.8943e-05
164 5.0943e-05
165 5.2e-05
166 4.8e-05
167 5.34715e-05
168 6.54715e-05
169 9.74715e-05
170 4.4e-05
171 3.2e-05
172 6.14715e-05
173 4.4e-05
174 2.94715e-05
175 6e-05
176 3.6e-05
177 5.74715e-05
178 6.6943e-05
179 7.6e-05
180 2.8e-05
181 4.54715e-05
182 6.4e-05
183 3.6e-05
184 2.4e-05
185 4.8e-05
186 5.2e-05
187 6.8e-05
188 3.2e-05
189 5.2e-05
190 4.4e-05
191 4.8e-05
192 3.6e-05
193 4.8e-05
194 4.4e-05
195 4.94715e-05
196 2.8e-05
197 4e-05
198 7.6e-05
199 4.8e-05
200 3.6e-05
201 4e-05
202 4.4e-05
203 7.2e-05
204 4.8e-05
205 4.8e-05
206 4.94715e-05
207 4.8e-05
208 4.94715e-05
209 2.4e-05
210 4.4e-05
211 4.8e-05
212 4.4e-05
213 2.94715e-05
214 4.4e-05
215 4e-05
216 4.4e-05
217 6.4e-05
218 5.34715e-05
219 2e-05
220 4e-05
221 6.54715e-05
222 9.6e-05
223 4.94715e-05
224 4.45413e-05
225 2.8e-05
226 6e-05
227 3.34715e-05
228 3.4943e-05
229 6e-05
230 4.94715e-05
231 3.6e-05
232 3.6e-05
233 3.6e-05
234 5.6e-05
235 2e-05
236 6.14715e-05
237 3.2e-05
238 5.2e-05
239 5.2e-05
240 7.24146e-05
241 3.24146e-05
242 3.2e-05
243 4.14715e-05
244 2.4e-05
245 3.2e-05
246 3.34715e-05
247 3.2e-05
248 3.4943e-05
249 3.4943e-05
250 4e-05
251 4e-05
252 2.14715e-05
253 2.54715e-05
254 3.2e-05
255 4.4e-05
256 4.94715e-05
257 4e-05
258 3.74715e-05
259 4.4e-05
260 2.4e-05
261 2.14715e-05
262 3.2e-05
263 3.2e-05
264 4e-05
265 5.2e-05
266 3.34715e-05
267 3.34715e-05
268 2.04146e-05
269 6.54715e-05
270 4.8e-05
271 4.54715e-05
272 3.2e-05
273 7.2e-05
274 2.8e-05
275 4e-05
276 3.74715e-05
277 2.54715e-05
278 3.2e-05
279 6e-05
280 2.4e-05
281 4.4e-05
282 5.6e-05
283 2e-05
284 4.8e-05
285 4.4e-05
286 4.8e-05
287 5.34715e-05
288 3.74715e-05
289 2.8e-05
290 4e-05
291 4.8e-05
292 4.8e-05
293 4.54715e-05
294 3.2e-05
295 2.94715e-05
296 4.14715e-05
297 3.4943e-05
298 2.94715e-05
299 2.8e-05
300 3.6e-05
301 3.34715e-05
302 4.94715e-05
303 3.34715e-05
304 6.45413e-05
305 4.4e-05
306 4.4e-05
307 2.14715e-05
308 2.94715e-05
309 3.6e-05
310 3.65413e-05
311 2.4e-05
312 3.2e-05
313 2.14715e-05
314 3.34715e-05
315 2.8e-05
316 4e-05
317 2.8e-05
318 4e-05
319 2.4e-05
320 2.8e-05
321 3.2e-05
322 2.4e-05
323 2.4e-05
324 4.8e-05
325 4.14715e-05
326 4e-05
327 1.6e-05
328 3.34715e-05
329 3.2e-05
330 1.74715e-05
331 1.74715e-05
332 5.6e-05
333 3.6e-05
334 3.6e-05
335 3.2e-05
336 3.2e-05
337 2.4e-05
338 3.6e-05
339 2e-05
340 4e-06
341 8e-06
342 3.6e-05
343 4e-05
344 1.74715e-05
345 1.6e-05
346 1.6e-05
347 2.4e-05
348 1.6e-05
349 2.8e-05
350 2.54715e-05
351 1.6e-05
352 3.2e-05
353 2.54715e-05
354 2.94715e-05
355 3.2e-05
356 5.34715e-05
357 4e-05
358 2.8e-05
359 3.34715e-05
360 2.2943e-05
361 3.6e-05
362 2.8e-05
363 2.8e-05
364 3.2e-05
365 2.8e-05
366 2.14715e-05
367 3.8943e-05
368 4.4e-05
369 2.4e-05
370 4.94715e-05
371 2.14715e-05
372 2.54715e-05
373 4.8e-05
374 4.8e-05
375 3.0943e-05
376 2.14715e-05
377 4.94715e-05
378 4e-06
379 4.14715e-05
380 3.6e-05
381 2.4e-05
382 7.2e-05
383 3.6e-05
384 3.2e-05
385 3.74715e-05
386 4e-05
387 8e-06
388 1.2e-05
389 2.8e-05
390 2.94715e-05
391 2.8e-05
392 2.4e-05
393 2.8e-05
394 3.2e-05
395 4.14715e-05
396 2.4e-05
397 3.2e-05
398 3.00129e-05
399 8e-06
400 2.8e-05
401 2.8e-05
402 2.94715e-05
403 1.6e-05
404 3.4943e-05
405 2.4e-05
406 2.8e-05
407 3.2e-05
408 2e-05
409 3.34715e-05
410 3.6e-05
411 2.4e-05
412 2e-05
413 1.6e-05
414 1.2e-05
415 2.54715e-05
416 2.8e-05
417 3.2e-05
418 4.14715e-05
419 3.2e-05
420 3.74715e-05
421 1.74715e-05
422 2.8e-05
423 4e-06
424 3.2e-05
425 2.14715e-05
426 1.6e-05
427 3.0943e-05
428 2.8e-05
429 2.8e-05
430 3.2e-05
431 4.54715e-05
432 2.8e-05
433 3.6e-05
434 4.8e-05
435 2.14715e-05
436 2.4e-05
437 4e-05
438 2.8e-05
439 2.4e-05
440 3.2e-05
441 1.2e-05
442 4.4e-05
443 2.14715e-05
444 2.4e-05
445 9.47152e-06
446 2e-05
447 3.2e-05
448 4.4e-05
449 4.8e-05
450 3.0943e-05
451 2.4e-05
452 2.54715e-05
453 4e-05
454 2.4e-05
455 2e-05
456 2.4e-05
457 8e-06
458 1.6e-05
459 3.2e-05
460 1.74715e-05
461 4.4e-05
462 3.34715e-05
463 2e-05
464 4.8e-05
465 3.2e-05
466 4.6943e-05
467 5.2e-05
468 4.4e-05
469 2.54715e-05
470 4.54715e-05
471 5.4943e-05
472 3.6e-05
473 9.47152e-06
474 1.6e-05
475 1.8943e-05
476 2.8e-05
477 4.14715e-05
478 2.8e-05
479 2.94715e-05
480 2.94715e-05
481 2.05413e-05
482 8e-06
483 1.2e-05
484 3.6e-05
485 1.2e-05
486 6.94304e-06
487 2.8e-05
488 4.14715e-05
489 3.2e-05
490 2.94715e-05
491 2.94715e-05
492 2.81991e-05
493 2e-05
494 1.2e-05
495 2e-05
496 5.2e-05
497 8e-06
498 2.8e-05
499 2.84146e-05
500 2e-05
501 2.4e-05
502 1.2e-05
503 1.6e-05
504 1.2e-05
505 9.47152e-06
506 2.4e-05
507 2.4e-05
508 4e-05
509 9.47152e-06
510 3.6e-05
511 2.8e-05
512 2.4e-05
513 1.6e-05
514 1.74715e-05
515 2.4e-05
516 4e-05
517 1.6e-05
518 1.74715e-05
519 2.4e-05
520 4e-05
521 1.6e-05
522 4e-05
523 1.2e-05
524 3.6e-05
525 3.74715e-05
526 1.2e-05
527 3.2e-05
528 3.6e-05
529 1.6e-05
530 3.6e-05
531 2.8e-05
532 2e-05
533 3.2e-05
534 2.94715e-05
535 8e-06
536 2.4e-05
537 1.74715e-05
538 2.8e-05
539 1.6e-05
540 3.2e-05
541 2.8e-05
542 4.8e-05
543 3.6e-05
544 3.2e-05
545 1.2e-05
546 8.54134e-06
547 3.6e-05
548 2.8e-05
549 4e-06
550 2.54715e-05
551 1.6e-05
552 2.4e-05
553 2e-05
554 2.4e-05
555 3.2e-05
556 2e-05
557 1.74715e-05
558 2.14715e-05
559 1.6e-05
560 3.2e-05
561 3.2e-05
562 2e-05
563 3.2e-05
564 1.6e-05
565 8e-06
566 8e-06
567 1.2e-05
568 1.6e-05
569 2.54715e-05
570 2e-05
571 1.6e-05
572 1.74715e-05
573 2.4e-05
574 2e-05
575 1.6e-05
576 2e-05
577 2e-05
578 2.94715e-05
579 2.8e-05
580 2.8e-05
581 2.4e-05
582 9.47152e-06
583 3.34715e-05
584 9.47152e-06
585 2.8e-05
586 1.2e-05
587 4.14715e-05
588 2e-05
589 3.2e-05
590 2e-05
591 1.2e-05
592 2.4e-05
593 2.4e-05
594 3.2e-05
595 1.8943e-05
596 2.8e-05
597 1.2e-05
598 1.6e-05
599 1.6e-05
600 1.6e-05
601 1.2e-05
602 1.4943e-05
603 2.4e-05
604 2.4e-05
605 3.65413e-05
606 2.4e-05
607 1.4943e-05
608 2.4e-05
609 8e-06
610 4e-05
611 1.2e-05
612 2.8e-05
613 2.4e-05
614 1.6e-05
615 4.4e-05
616 3.6e-05
617 3.74715e-05
618 2.8e-05
619 3.2e-05
620 2e-05
621 2.4e-05
622 1.2e-05
623 2e-05
624 2.8e-05
625 1.74715e-05
626 2.94715e-05
627 8e-06
628 1.74715e-05
629 9.47152e-06
630 3.2e-05
631 2.4e-05
632 2.14715e-05
633 2.94715e-05
634 1.6e-05
635 4e-06
636 4.14715e-05
637 3.2e-05
638 1.2e-05
639 8e-06
640 1.2e-05
641 2.14715e-05
642 2e-05
643 3.2e-05
644 2.54715e-05
645 2.8e-05
646 8e-06
647 2.8e-05
648 2e-05
649 2.8e-05
650 4.2943e-05
651 2.4e-05
652 3.34715e-05
653 2.05413e-05
654 1.6e-05
655 2.54715e-05
656 4e-06
657 8e-06
658 4e-05
659 1.2e-05
660 2.8e-05
661 1.2e-05
662 2.4e-05
663 3.74715e-05
664 2e-05
665 1.6e-05
666 2.8e-05
667 4.4e-05
668 2.8e-05
669 3.24146e-05
670 1.2e-05
671 1.6e-05
672 1.2e-05
673 3.6e-05
674 1.74715e-05
675 1.34715e-05
676 3.2e-05
677 1.6e-05
678 9.47152e-06
679 3.6e-05
680 1.6e-05
681 8e-06
682 8e-06
683 2.14715e-05
684 1.74715e-05
685 1.0943e-05
686 1.2e-05
687 1.6e-05
688 2e-05
689 2.20129e-05
690 2.14715e-05
691 2.8e-05
692 2.4e-05
693 1.47152e-06
694 1.6e-05
695 1.6e-05
696 4e-05
697 2.8e-05
698 3.2e-05
699 4e-06
700 3.2e-05
701 2.4e-05
702 4e-05
703 2.8e-05
704 4e-06
705 2.54715e-05
706 2.4e-05
707 4e-06
708 2.4e-05
709 1.2e-05
710 2e-05
711 1.2e-05
712 8e-06
713 8e-06
714 2e-05
715 2e-05
716 9.47152e-06
717 2.4e-05
718 1.6e-05
719 2e-05
720 4e-05
721 1.2e-05
722 1.6e-05
723 1.6e-05
724 8e-06
725 3.6e-05
726 5.47152e-06
727 1.2e-05
728 1.6e-05
729 3.0943e-05
730 2.4e-05
731 8e-06
732 2.4e-05
733 2.2943e-05
734 2.54715e-05
735 2.14715e-05
736 1.8943e-05
737 8e-06
738 1.34715e-05
739 3.34715e-05
740 1.74715e-05
741 4e-05
742 2e-05
743 4e-05
744 8e-06
745 9.47152e-06
746 1.74715e-05
747 1.2e-05
748 1.74715e-05
749 1.6e-05
750 3.74715e-05
751 2.94715e-05
752 2.54715e-05
753 1.2e-05
754 8e-06
755 2e-05
756 8e-06
757 1.74715e-05
758 2.4e-05
759 3.2e-05
760 4.2943e-05
761 1.2e-05
762 2.8e-05
763 4e-06
764 2.54715e-05
765 2e-05
766 8.54134e-06
767 2e-05
768 1.2e-05
769 2e-05
770 2e-05
771 4e-06
772 1.34715e-05
773 3.2e-05
774 1.2e-05
775 3.34715e-05
776 2.14715e-05
777 2.8e-05
778 2.54715e-05
779 3.6e-05
780 2e-05
781 2.20129e-05
782 2.4e-05
783 2e-05
784 2.2943e-05
785 3.74715e-05
786 2.4e-05
787 5.47152e-06
788 4e-06
789 1.2e-05
790 8e-06
791 1.8943e-05
792 9.47152e-06
793 2.14715e-05
794 2.8e-05
795 2.8e-05
796 1.2e-05
797 2.8e-05
798 2.14715e-05
799 3.34715e-05
800 2.94715e-05
801 2.8e-05
802 9.47152e-06
803 2e-05
804 2.45413e-05
805 2.14715e-05
806 9.47152e-06
807 3.2e-05
808 2.4e-05
809 9.47152e-06
810 9.47152e-06
811 4e-06
812 8e-06
813 2.94715e-05
814 2.4e-05
815 1.6e-05
816 4.4e-05
817 1.2e-05
818 1.6e-05
819 1.6e-05
820 8e-06
821 1.34715e-05
822 2.14715e-05
823 2.8e-05
824 1.6e-05
825 2e-05
826 2.94715e-05
827 2.4e-05
828 2.14715e-05
829 4e-05
830 1.6e-05
831 2.54715e-05
832 1.2e-05
833 2.8e-05
834 8e-06
835 2.4e-05
836 2.4e-05
837 1.6e-05
838 1.2e-05
839 2.4e-05
840 8e-06
841 9.47152e-06
842 1.6e-05
843 2.14715e-05
844 1.6e-05
845 2.8e-05
846 1.2e-05
847 2.54715e-05
848 1.2e-05
849 2e-05
850 1.8943e-05
851 1.34715e-05
852 1.6e-05
853 2.60129e-05
854 8e-06
855 2e-05
856 2e-05
857 2.4e-05
858 4e-06
859 2.54715e-05
860 1.6e-05
861 1.6e-05
862 2e-05
863 2.4e-05
864 3.6e-05
865 2e-05
866 2e-05
867 8e-06
868 8e-06
869 1.2e-05
870 1.0943e-05
871 8e-06
872 3.6e-05
873 2.4e-05
874 2e-05
875 3.2e-05
876 8e-06
877 2.8e-05
878 1.6e-05
879 3.2e-05
880 2e-05
881 1.2e-05
882 1.2e-05
883 2.14715e-05
884 1.74715e-05
885 2.4e-05
886 2.94715e-05
887 2.8e-05
888 1.34715e-05
889 2e-05
890 1.2e-05
891 2.4e-05
892 9.47152e-06
893 3.2e-05
894 1.8943e-05
895 1.6e-05
896 1.34715e-05
897 2.4e-05
898 4e-06
899 8e-06
900 2e-05
901 2.4e-05
902 1.2e-05
903 1.0943e-05
904 8e-06
905 2.14715e-05
906 1.34715e-05
907 2.4e-05
908 2e-05
909 8e-06
910 2e-05
911 4e-06
912 2.4e-05
913 1.6e-05
914 2.14715e-05
915 4e-06
916 2.04146e-05
917 1.6e-05
918 8e-06
919 8e-06
920 1.74715e-05
921 1.34715e-05
922 1.6e-05
923 2e-05
924 1.2e-05
925 1.34715e-05
926 1.6e-05
927 4e-06
928 1.6e-05
929 2.4e-05
930 2e-05
931 8e-06
932 2e-05
933 2.94715e-05
934 8e-06
935 2e-05
936 2e-05
937 3.6e-05
938 1.6e-05
939 8e-06
940 1.4943e-05
941 8e-06
942 1.6e-05
943 1.6e-05
944 2.54715e-05
945 2.8e-05
946 1.74715e-05
947 1.2e-05
948 1.74715e-05
949 2.14715e-05
950 2.8e-05
951 3.74715e-05
952 1.2e-05
953 8e-06
954 2e-05
955 1.2e-05
956 1.6e-05
957 1.6e-05
958 4e-06
959 1.4943e-05
960 2.14715e-05
961 3.34715e-05
962 3.2e-05
963 2e-05
964 4e-05
965 1.2e-05
966 8e-06
967 2e-05
968 8e-06
969 2.8e-05
970 2.4e-05
971 5.47152e-06
972 2e-05
973 8e-06
974 1.6e-05
975 1.2e-05
976 2e-05
977 9.47152e-06
978 8e-06
979 8e-06
980 1.6e-05
981 1.6e-05
982 8e-06
983 1.6e-05
984 1.2e-05
985 1.2e-05
986 2.8e-05
987 2.14715e-05
988 4e-06
989 1.74715e-05
990 3.2e-05
991 2.4e-05
992 1.6e-05
993 8e-06
994 5.47152e-06
995 8e-06
996 2.8e-05
997 1.6e-05
998 2e-05
999 0
