0 -5.93990488819861 -5.95080640601097 -5.92906080298627
0.993251773010283 -5.94492834978583 -5.95551456157291 -5.9339997357681
2.00012773496011 -5.92443039265539 -5.93516739293458 -5.91366681905496
3.00022217882684 -5.92281200019154 -5.93336169050565 -5.91239831603258
4.00003388275086 -5.94012145396041 -5.950645112591 -5.92960210347388
4.99997871390773 -5.94847019386847 -5.95940789621566 -5.93754849515795
6.00000299062804 -5.98321467111002 -5.99418825302958 -5.97235627847005
6.9999971198819 -6.12257145260667 -6.13379338113247 -6.11096455591953
8.00000067527204 -6.39414752892105 -6.40683454710168 -6.38175536924524
8.99999951529857 -7.04768883608226 -7.06361642081585 -7.03212986626124
9.99997885272489 -8.51890465513512 -8.54726587567253 -8.49110155791216
10.9999976331124 -11.4172971539568 -11.4697414621891 -11.3690848949946
12.0000012815651 -14.4161332533486 -14.6628280852115 -14.2176222949116
