0 -1.68723190037412 -1.80457439973909 -1.56989480550894
0.993251773010283 -1.73635125275705 -1.85552564905137 -1.61717685646273
2.00012773496011 -1.87603713167708 -2.00072054377662 -1.75134719199197
3.00022217882684 -2.20419783407542 -2.34203939508286 -2.06634992898293
4.00003388275086 -3.00020827592349 -3.17603953834145 -2.82437701350553
4.99997871390773 -4.88924410898046 -5.21837972676737 -4.56011513384924
6.00000299062804 -8.46236415513756 -10.2516594711283 -6.6730688391468
6.9999971198819 -11.7588093795043 -20.6636396061118 -2.85397403789234
8.00000067527204 -17.0861376768227 -40.7054949614741 6.53321434225975
8.99999951529857 -44.1443365381555 -92.0056586431186 3.7170390163839
