0 0
1 0.000296922
2 0.0430619
3 0.156123
4 0.144533
5 0.0956921
6 0.0918828
7 0.108354
8 0.0932108
9 0.0629115
10 0.0461192
11 0.0504182
12 0.0491887
13 0.0514457
14 0.0611868
15 0.0215539
16 0.014864
17 0.0340555
18 0.020872
19 0.0232736
20 0.0116986
21 0.00889623
22 0.0121543
23 0.00687089
24 0.0075702
25 0.00952306
26 0.0108349
27 0.00646401
28 0.000983913
29 0.00819172
30 0.0010467
31 0.00389395
32 0.00353601
33 0.000371414
34 0.000266064
35 0.00221648
36 0.00229117
37 0.00273357
38 0.000354588
39 0.000449861
40 0.00146645
41 0.00168901
42 0.00123642
43 0.000263253
44 0.000149679
45 0.00107094
46 0.000169788
47 0.000386747
48 9.4074e-05
49 0.00223267
50 0.00044555
51 4.05572e-05
52 0.00173755
53 7.0744e-05
54 0.000135085
55 6.26724e-05
56 3.02739e-05
57 4.24018e-05
58 3.4616e-06
59 7.67426e-05
60 0.000110744
61 0.00109184
62 0.000605649
63 1.29212e-05
64 1.55751e-05
65 1.00743e-05
66 1.77983e-05
67 6.75999e-07
68 0.000167336
69 4.78146e-06
70 0.000100611
71 0.000713001
72 1.90285e-05
73 4.29537e-05
74 4.39399e-06
75 6.889e-05
76 2.46829e-05
77 1.98739e-05
78 3.42291e-05
79 2.38514e-07
80 8.82454e-06
81 4.91604e-05
82 4.11941e-06
83 1.57159e-05
84 0.000135112
85 2.06156e-05
86 6.52565e-05
87 3.68177e-05
88 0.000128609
89 7.02297e-06
90 2.22106e-05
91 0.00014229
92 0.000113544
93 5.90132e-06
94 4.68838e-07
95 4.72054e-05
96 0.000200343
97 7.31777e-06
98 1.47832e-05
99 3.0576e-07
100 6.75847e-07
101 7.33079e-06
102 0.000139864
103 1.26435e-05
104 2.52098e-05
105 2.33907e-05
106 1.64959e-06
107 0.000118629
108 5.25956e-05
109 1.65795e-05
110 0.000109407
111 2.27119e-06
112 1.29534e-06
113 0.000141361
114 2.68286e-05
115 7.28897e-05
116 3.99929e-06
117 4.61967e-06
118 0
119 7.34376e-06
120 3.53445e-06
121 0
122 3.40243e-08
123 5.55024e-06
124 0
125 1.59061e-05
126 2.89107e-06
127 1.78078e-08
128 1.37267e-05
129 4.59905e-05
130 8.65194e-06
131 3.68958e-07
132 1.31739e-06
133 1.88924e-06
134 7.62777e-06
135 2.64239e-06
136 0
137 9.35791e-06
138 6.34665e-05
139 0.000163909
140 6.46354e-05
141 2.09659e-06
142 3.77303e-08
143 3.38265e-05
144 2.77235e-06
145 0.000152781
146 2.78337e-06
147 5.79712e-05
148 9.94258e-05
149 1.09427e-05
150 0.000107532
151 1.71072e-06
152 2.7281e-10
153 0.000127513
154 9.01115e-06
155 7.04862e-06
156 3.84955e-06
157 0
158 7.68167e-06
159 0
160 5.05135e-06
161 6.16343e-06
162 5.50832e-07
163 0
164 2.60459e-07
165 0
166 7.97636e-06
167 3.68662e-07
168 0.000183514
169 0
170 0
171 0
172 6.32838e-07
173 3.0052e-06
174 4.97987e-05
175 1.12087e-06
176 3.35471e-05
177 7.5765e-06
178 2.54018e-08
179 9.04099e-07
180 0
181 0.000144381
182 7.36275e-07
183 1.11809e-06
184 3.55378e-05
185 1.69047e-06
186 4.62373e-06
187 0.000103409
188 5.79874e-05
189 0.000103662
190 2.69561e-05
191 0
192 0
193 4.55122e-06
194 1.0048e-06
195 0
196 0.00015026
197 4.12923e-06
198 0.000102045
199 4.20638e-06
200 1.35998e-07
201 0
202 1.40759e-06
203 0
204 7.58279e-06
205 1.68998e-06
206 3.94309e-06
207 3.19971e-06
208 3.0905e-06
209 7.83044e-06
210 1.69414e-05
211 0
212 9.31296e-05
213 2.96009e-05
214 1.00677e-05
215 8.44511e-06
216 0
217 5.82545e-06
218 1.74602e-06
219 5.88542e-06
220 0
221 4.91904e-06
222 2.16826e-06
223 0
224 3.28151e-06
225 5.48089e-06
226 0
227 5.83699e-05
228 5.32717e-05
229 6.01442e-07
230 0
231 1.68023e-08
232 2.50475e-05
233 2.7089e-06
234 7.46022e-05
235 0
236 3.07725e-07
237 7.27681e-05
238 6.22169e-06
239 2.06034e-05
240 0
241 5.9441e-05
242 0
243 4.72894e-05
244 1.31327e-06
245 1.88699e-06
246 1.10558e-06
247 6.0418e-07
248 2.1837e-05
249 0
