0 0
1 0.00336729
2 0.262335
3 0.508419
4 0.361061
5 0.17696
6 0.15047
7 0.165505
8 0.128621
9 0.0860431
10 0.0600026
11 0.0637539
12 0.059652
13 0.0532019
14 0.0672948
15 0.026306
16 0.0193038
17 0.0404454
18 0.0255797
19 0.0267967
20 0.0129422
21 0.0106193
22 0.0143699
23 0.00684058
24 0.00914675
25 0.0128193
26 0.0106816
27 0.00763789
28 0.00113857
29 0.0074447
30 0.00112079
31 0.00425469
32 0.00343515
33 0.000610624
34 0.000338519
35 0.00310314
36 0.00266222
37 0.00205883
38 0.00032247
39 0.000635252
40 0.00122769
41 0.00107566
42 0.00123444
43 0.000264689
44 0.000469765
45 0.00127136
46 0.000251458
47 0.000444802
48 0.00022392
49 0.00181001
50 0.000574847
51 4.10323e-05
52 0.00116488
53 8.39784e-05
54 0.000171193
55 4.22518e-05
56 0.000190593
57 8.6375e-05
58 1.02993e-05
59 0.000164551
60 0.000175765
61 0.000942491
62 0.00118726
63 0.000227692
64 0.000113072
65 0.000123408
66 0.000303735
67 1.53622e-05
68 3.68153e-05
69 1.92554e-05
70 0.000159765
71 0.000592898
72 7.54196e-05
73 0.000262334
74 0.000206821
75 0.000102591
76 0.000217389
77 0.000135105
78 8.50076e-05
79 3.55372e-06
80 5.7096e-05
81 2.29461e-05
82 0.000146847
83 7.63785e-05
84 0.000114113
85 2.64219e-05
86 5.29826e-05
87 9.14935e-05
88 8.06088e-06
89 0.000163124
90 7.51258e-05
91 0.000213449
92 3.0443e-05
93 5.33298e-06
94 0.00012811
95 0.000129698
96 4.61499e-05
97 8.62259e-05
98 7.66569e-06
99 3.74423e-06
100 0
101 1.7462e-06
102 6.91443e-09
103 2.11971e-05
104 0.000131434
105 0
106 2.06962e-06
107 5.06043e-06
108 9.13935e-05
109 0
110 1.96369e-06
111 0
112 0.000158636
113 0.000106298
114 5.45656e-05
115 3.81812e-05
116 7.7789e-06
117 0.000150711
118 4.60947e-06
119 5.96102e-05
120 1.85161e-06
121 0.000174565
122 0
123 3.6018e-05
124 5.26846e-06
125 7.50961e-05
126 5.43433e-05
127 5.12237e-05
128 9.34333e-05
129 1.66886e-06
130 0
131 7.46046e-06
132 7.99554e-08
133 0.000108629
134 7.07564e-07
135 0
136 6.43206e-06
137 5.84834e-05
138 2.56488e-05
139 4.83702e-07
140 6.28075e-07
141 1.69162e-06
142 6.59366e-06
143 1.19807e-05
144 1.50979e-07
145 5.72432e-05
146 4.662e-06
147 4.15485e-07
148 4.51977e-05
149 2.70217e-06
150 2.3196e-05
151 5.95741e-05
152 0.000122069
153 0.000106367
154 3.14686e-07
155 5.75761e-07
156 4.42613e-06
157 4.45446e-06
158 0
159 0
160 0.000109801
161 8.17276e-09
162 6.30361e-05
163 8.2078e-08
164 0
165 6.67005e-05
166 8.81079e-06
167 3.32392e-07
168 2.05418e-05
169 0
170 3.32502e-05
171 5.22804e-08
172 6.74032e-05
173 2.20323e-05
174 0.000120495
175 8.42592e-06
176 3.42166e-07
177 9.39433e-05
178 0
179 1.00832e-07
180 3.63376e-08
181 0
182 8.38162e-09
183 7.81563e-09
184 9.43567e-11
185 0
186 3.60998e-06
187 9.94037e-05
188 4.62427e-06
189 7.00615e-08
190 1.72086e-05
191 2.56751e-05
192 1.90095e-05
193 1.1006e-06
194 1.45337e-08
195 0.000133418
196 4.66921e-06
197 0
198 1.05704e-05
199 7.2648e-07
200 0
201 5.69232e-05
202 7.97222e-05
203 5.82205e-05
204 1.29394e-07
205 2.08949e-05
206 1.04719e-07
207 8.92266e-05
208 8.68642e-07
209 9.26691e-07
210 8.81175e-05
211 1.09265e-05
212 3.78253e-05
213 4.62829e-05
214 0
215 7.64826e-06
216 0.000104111
217 8.88659e-07
218 7.64919e-07
219 4.21509e-06
220 0.00010076
221 1.40706e-05
222 0
223 6.98764e-05
224 1.48666e-06
225 0
226 1.00397e-06
227 3.10194e-07
228 1.09672e-05
229 0
230 0
231 2.02419e-06
232 0
233 2.18384e-07
234 1.37102e-06
235 9.86556e-05
236 0.000134952
237 0
238 0
239 5.81355e-06
240 2.78616e-06
241 0
242 4.80348e-06
243 1.46755e-05
244 1.49871e-05
245 0
246 3.93537e-08
247 7.65756e-07
248 0.000171877
249 0
