1 0.1 0 0.000937001
1 0.1 0 4.9998e-06
1 0.1 0 3.17786e-05
1 0.1 0 6.51795e-05
1 0.1 0 0.00017042
1 0.1 0 0.00112251
1 0.1 0 0.000165628
1 0.1 0 5.44401e-05
1 0.1 0 2.55478e-05
1 0.1 0 6.69576e-06
1 0.1 0 0.000171765
1 0.1 0 6.4824e-05
1 0.1 0 0.000374264
1 0.1 0 0.00117493
1 0.1 0 3.36987e-06
1 0.1 0 8.22418e-05
1 0.1 0 3.69347e-06
1 0.1 0 0.0004659
1 0.1 0 8.43715e-05
1 0.1 0 3.55687e-05
1 0.1 0 0.000339156
1 0.1 0 6.18156e-05
1 0.1 0 4.13154e-06
1 0.1 0 0.000397928
1 0.1 0 0.000147623
1 0.1 0 1.35994e-05
1 0.1 0 0.00118075
1 0.1 0 6.59841e-13
1 0.1 0 6.70484e-05
1 0.1 0 0.000572926
1 0.1 0 1.43536e-06
1 0.1 0 0.00117012
1 0.1 0 0.000114215
1 0.1 0 2.91016e-05
1 0.1 0 0.000381506
1 0.1 0 3.83291e-05
1 0.1 0 9.01159e-07
1 0.1 0 2.83394e-05
1 0.1 0 3.64583e-07
1 0.1 0 1.54819e-06
1 0.1 0 0.000450961
1 0.1 0 0.000767983
1 0.1 0 5.186e-06
1 0.1 0 2.58758e-05
1 0.1 0 1.42322e-05
1 0.1 0 1.28964e-05
1 0.1 0 0.0011713
1 0.1 0 0.00118674
1 0.1 0 1.88919e-06
1 0.1 0 6.78021e-06
1 0.1 0 0.00109927
1 0.1 0 0.00036011
1 0.1 0 1.80301e-07
1 0.1 0 0.000757184
1 0.1 0 0.000407548
1 0.1 0 0.000562933
1 0.1 0 5.50935e-06
1 0.1 0 1.92485e-09
1 0.1 0 0.000995566
1 0.1 0 0.000732486
1 0.1 0 2.80072e-10
1 0.1 0 1.33071e-05
1 0.1 0 0.00011472
1 0.1 0.00367879 0.000158174
1 0.1 0 0.000771445
1 0.1 0 4.04822e-06
1 0.1 0 0.00106434
1 0.1 0 0.000294661
1 0.1 0 4.19826e-06
1 0.1 0 1.04211e-05
1 0.1 0 1.8417e-06
1 0.1 0 7.9994e-05
1 0.1 0.00449329 9.33735e-09
1 0.1 0 3.79144e-05
1 0.1 0 6.92069e-06
1 0.1 0 0.000150941
1 0.1 0 0.000482252
1 0.1 0 3.30422e-08
1 0.1 0 7.15037e-05
1 0.1 0 2.44032e-07
1 0.1 0 0.000626201
1 0.1 0 4.16746e-07
1 0.1 0 0.00104246
1 0.1 0 2.16732e-06
1 0.1 0 6.41862e-05
1 0.1 0 0.000286588
1 0.1 0 9.62152e-07
1 0.1 0 0.000108733
1 0.1 0 9.53113e-06
1 0.1 0 1.66299e-06
1 0.1 0 0.000120996
1 0.1 0 1.93598e-07
1 0.1 0 9.39869e-09
1 0.1 0 2.06379e-05
1 0.1 0 3.60508e-06
1 0.1 0 0.000634914
1 0.1 0 3.39994e-05
1 0.1 0 6.06618e-06
1 0.1 0 1.7937e-11
1 0.1 0 1.48139e-06
1 0.1 0 2.52613e-06
1 0.1 0 2.34754e-05
1 0.1 0 3.2823e-06
1 0.1 0 7.05817e-05
1 0.1 0.0067032 0.000233036
1 0.1 0 1.1809e-05
1 0.1 0 9.18016e-07
1 0.1 0 5.65301e-05
1 0.1 0 8.92687e-07
1 0.1 0 3.01624e-05
1 0.1 0 1.302e-05
1 0.1 0 8.61525e-05
1 0.1 0 1.06168e-06
1 0.1 0 4.29864e-07
1 0.1 0 8.05591e-08
1 0.1 0 5.31301e-06
1 0.1 0 1.6973e-06
1 0.1 0 0.000187328
1 0.1 0 5.00091e-06
1 0.1 0 2.66768e-05
1 0.1 0 1.96282e-06
1 0.1 0 1.81213e-05
1 0.1 0 8.97713e-06
1 0.1 0 1.98514e-06
1 0.1 0 6.15638e-05
1 0.1 0 6.32249e-05
1 0.1 0 0.000514736
1 0.1 0 1.32111e-05
1 0.1 0 0.000107091
1 0.1 0 0.0008422
1 0.1 0 0.000522953
1 0.1 0 1.3285e-07
1 0.1 0 2.32064e-06
1 0.1 0 1.03372e-06
1 0.1 0 2.31971e-06
1 0.1 0 0.000291845
1 0.1 0 2.8026e-05
1 0.1 0 6.87352e-07
1 0.1 0 1.47029e-07
1 0.1 0 6.7776e-05
1 0.1 0 0.000679237
1 0.1 7.74101e-20 4.1549e-07
1 0.1 0 6.86191e-06
1 0.1 0 1.02911e-05
1 0.1 0 3.55063e-05
1 0.1 0 0.00058433
1 0.1 0 1.34939e-05
1 0.1 0 0.000866093
1 0.1 0 0.00105574
1 0.1 6.87874e-13 9.29159e-05
1 0.1 0 0.00110272
1 0.1 0 0.000910761
1 0.1 0 0.000293481
1 0.1 0 7.25751e-06
1 0.1 0 0.000169718
1 0.1 0.00818731 9.15778e-07
1 0.1 0 2.75375e-05
1 0.1 0 0.000713218
1 0.1 0 0.000504646
1 0.1 0 2.24411e-05
1 0.1 0 0.000269229
1 0.1 0 0.000843896
1 0.1 0 0.00110896
1 0.1 0 6.92686e-08
1 0.1 0 1.0024e-05
1 0.1 0 3.96998e-05
1 0.1 0 3.21131e-06
1 0.1 0 4.97186e-05
1 0.1 0 0.000251087
1 0.1 0 1.66886e-06
1 0.1 0 0.000312482
1 0.1 0 1.41125e-05
1 0.1 0 0.00117547
1 0.1 0 0.00107016
1 0.1 0 1.15683e-05
1 0.1 0 2.34032e-05
1 0.1 0 2.55216e-07
1 0.1 0 5.2951e-06
1 0.1 0 2.12676e-05
1 0.1 0 0.000439996
1 0.1 0 0.000150907
1 0.1 0 4.47879e-05
1 0.1 0 0.00036898
1 0.1 0 8.4656e-06
1 0.1 0 4.91301e-07
1 0.1 0 0.00116351
1 0.1 0 1.30402e-05
1 0.1 0 0.000745971
1 0.1 0 0.000540752
1 0.1 4.58718e-11 0.000819611
1 0.1 0 0.000193922
1 0.1 0 0.000101897
1 0.1 0 4.53886e-05
1 0.1 0 1.82862e-05
1 0.1 0 5.21779e-07
1 0.1 0 0.000572869
1 0.1 0 0.000268069
1 0.1 0 2.58528e-05
1 0.1 0 4.82454e-06
1 0.1 0 0.000748996
1 0.1 0 2.01866e-06
1 0.1 0 2.21763e-05
1 0.1 0 1.52087e-05
1 0.1 0 0.00119516
1 0.1 0 0.000360744
1 0.1 0 0.000551787
1 0.1 0 0.000951617
1 0.1 0 6.99715e-07
1 0.1 0 1.05576e-05
1 0.1 0 1.22039e-06
1 0.1 0 0.000176434
1 0.1 0 3.38205e-05
1 0.1 0 1.12501e-05
1 0.1 0 5.24446e-05
1 0.1 0 4.42326e-05
1 0.1 0 3.44981e-05
1 0.1 0 0.000548937
1 0.1 0 2.58156e-05
1 0.1 0 0.000108549
1 0.1 0 0.000984644
1 0.1 0 8.22748e-05
1 0.1 0 1.79254e-05
1 0.1 0 8.66431e-05
1 0.1 0 0.000187626
1 0.1 0 0.00117487
1 0.1 0 0.00053943
1 0.1 0 0.000858627
1 0.1 0 0.00062983
1 0.1 0 0.00119292
1 0.1 0 0.000280057
1 0.1 0 1.73782e-05
1 0.1 0 1.02241e-05
1 0.1 0 0.00105703
1 0.1 0 1.73663e-05
1 0.1 0 4.92988e-07
1 0.1 0 0.000400655
1 0.1 0 0.000310544
1 0.1 0 1.58574e-06
1 0.1 0 1.72001e-05
1 0.1 0 0.000155531
1 0.1 0 0.000647897
1 0.1 0 0.00118661
1 0.1 0 1.9234e-06
1 0.1 0 6.78133e-05
1 0.1 0 2.41517e-06
1 0.1 0 0.00119746
1 0.1 0 0.000160953
1 0.1 0 1.27114e-07
1 0.1 0 9.92431e-08
1 0.1 0 0.000958948
1 0.1 0 0.00103521
1 0.1 0 3.01183e-07
1 0.1 0 1.16016e-05
1 0.1 0 5.80842e-06
1 0.1 0 0.00116638
1 0.1 0 1.31685e-08
1 0.1 0 1.24062e-05
1 0.1 0 2.98656e-06
1 0.1 0 3.40199e-07
1 0.1 0 0.00101843
1 0.1 0 9.0726e-05
1 0.1 0 2.6712e-06
1 0.1 0 0.00017757
1 0.1 0 0.000104754
1 0.1 0 3.30441e-06
1 0.1 0 3.44316e-06
1 0.1 0 0.000170387
1 0.1 0 8.38674e-06
1 0.1 0 7.87924e-09
1 0.1 0 4.65713e-07
1 0.1 0 0.00019187
1 0.1 0 0.000198352
1 0.1 0 2.17228e-05
1 0.1 0 0.000272396
1 0.1 0 1.96344e-06
1 0.1 0 5.86833e-06
1 0.1 0 4.7858e-06
1 0.1 0 5.44243e-09
1 0.1 0 2.10451e-05
1 0.1 0 0.000744905
1 0.1 0 1.63569e-05
1 0.1 0 2.28894e-07
1 0.1 0 0.00119512
1 0.1 2.05052e-09 0.000304998
1 0.1 0 3.58163e-05
1 0.1 0 1.23732e-07
1 0.1 0 1.20564e-05
1 0.1 0 0.000554298
1 0.1 0 0.0011792
1 0.1 0 0.00119694
1 0.1 0 3.28416e-05
1 0.1 0 0.000230598
1 0.1 0 0.00092122
1 0.1 0 1.72396e-06
1 0.1 0 1.90709e-06
1 0.1 0 6.69238e-05
1 0.1 0 1.76275e-07
1 0.1 0 4.07352e-06
1 0.1 0 2.01296e-06
1 0.1 0 5.86928e-07
1 0.1 0 3.06897e-08
1 0.1 0 0.000321334
1 0.1 0 0.00086717
1 0.1 0 2.65279e-05
1 0.1 0 0.00112671
1 0.1 0 0.00114615
1 0.1 0 9.99407e-06
1 0.1 0 1.10281e-05
1 0.1 0 0.000511729
1 0.1 0 1.06821e-05
1 0.1 0 0.00114091
1 0.1 0 4.17218e-08
1 0.1 0 3.57096e-05
1 0.1 0 0.000616984
1 0.1 0 9.35123e-06
1 0.1 0 0.00113277
1 0.1 0 1.59403e-06
1 0.1 0 0.000110429
1 0.1 0 5.39035e-06
1 0.1 0 1.48341e-07
1 0.1 0 2.33651e-05
1 0.1 0 0.000345349
1 0.1 0 5.99399e-05
1 0.1 0 1.49086e-05
1 0.1 0 0.000361741
1 0.1 0 1.67594e-06
1 0.1 0 1.90042e-05
1 0.1 0 5.23375e-07
1 0.1 0 0.000902855
1 0.1 0 7.00185e-05
1 0.1 0 0.000306422
1 0.1 0 0.00107799
1 0.1 0 1.33289e-05
1 0.1 0 2.03248e-05
1 0.1 0 3.42162e-06
1 0.1 0 0.000251083
1 0.1 0 2.19012e-05
1 0.1 0 7.41389e-06
1 0.1 0 1.02605e-05
1 0.1 0 4.26714e-06
1 0.1 0 3.62522e-05
1 0.1 2.24867e-06 9.02653e-06
1 0.1 0 0.000259358
1 0.1 0 1.20749e-06
1 0.1 0 9.41793e-07
1 0.1 0 0.00101607
1 0.1 0 6.18089e-07
1 0.1 0 2.58133e-05
1 0.1 0 1.55679e-06
1 0.1 0 1.53183e-05
1 0.1 0 2.27095e-05
1 0.1 0 3.49366e-05
1 0.1 0 0.000198691
1 0.1 0 0.000518091
1 0.1 0 0.000109725
1 0.1 0 1.16398e-06
1 0.1 0 0.00115029
1 0.1 0 5.97499e-05
1 0.1 0 1.65179e-06
1 0.1 0 0.00118126
1 0.1 0 0.000584631
1 0.1 0 1.83797e-06
1 0.1 0 2.8262e-06
1 0.1 0 4.75629e-07
1 0.1 0 5.2671e-06
1 0.1 0 4.33037e-05
1 0.1 0 1.06151e-06
1 0.1 0 5.67252e-07
1 0.1 0 3.50856e-06
1 0.1 0 1.46048e-05
1 0.1 0 0.00022779
1 0.1 0 7.83614e-05
1 0.1 0 0.000618295
1 0.1 0 7.40125e-07
1 0.1 0 0.000380286
1 0.1 0 0.000196701
1 0.1 0 3.76244e-06
1 0.1 0 3.17243e-12
1 0.1 0 2.60399e-05
1 0.1 0 6.21149e-05
1 0.1 0 3.80589e-05
1 0.1 0 2.38189e-06
1 0.1 0 0.000126567
1 0.1 0 5.36827e-05
1 0.1 0 0.000132515
1 0.1 0 1.05971e-05
1 0.1 0 0.00119238
1 0.1 0 0.0011662
1 0.1 0 3.16837e-05
1 0.1 0 1.69362e-06
1 0.1 0 0.000750837
1 0.1 0 5.48907e-06
1 0.1 0 0.000261268
1 0.1 0 0.000724316
1 0.1 0 5.18097e-05
1 0.1 0 3.87073e-05
1 0.1 0 3.94233e-05
1 0.1 0 1.02914e-05
1 0.1 0 5.72021e-05
1 0.1 0 2.45495e-05
1 0.1 0 0.000540479
1 0.1 0 3.49883e-05
1 0.1 0 0.0001034
1 0.1 0 0.000269874
1 0.1 0 1.55669e-05
1 0.1 0 1.34653e-05
1 0.1 0 0.000319942
1 0.1 0 9.95956e-06
1 0.1 0 0.000509215
1 0.1 0 0.000340567
1 0.1 0 0.000487373
1 0.1 0 6.93107e-06
1 0.1 0 6.05864e-06
1 0.1 0 1.46609e-05
1 0.1 0 4.63536e-05
1 0.1 0 9.97433e-06
1 0.1 0 0.000121056
1 0.1 0 1.3077e-06
1 0.1 0 1.68171e-07
1 0.1 0 4.08052e-06
1 0.1 0 0.000310173
1 0.1 0 5.28134e-06
1 0.1 0 2.52621e-06
1 0.1 0 4.55729e-07
1 0.1 0 0.000851945
1 0.1 0 0.000828329
1 0.1 0 6.9722e-06
1 0.1 0 5.81426e-05
1 0.1 0 0.000404693
1 0.1 0 0.000598436
1 0.1 0 0.00023659
1 0.1 0 3.71917e-07
1 0.1 0 9.10981e-06
1 0.1 0 6.65172e-06
1 0.1 0 0.00115908
1 0.1 0 0.000243631
1 0.1 0 1.05848e-05
1 0.1 0 0.000291704
1 0.1 0 2.0797e-06
1 0.1 0 0.000140337
1 0.1 0 0.000160092
1 0.1 0 2.19548e-06
1 0.1 0 1.4504e-08
1 0.1 0 0.00084002
1 0.1 0 3.91912e-05
1 0.1 0 9.94595e-06
1 0.1 0 3.24153e-05
1 0.1 0 7.9071e-06
1 0.1 0 2.14857e-05
1 0.1 0 0.000303545
1 0.1 0 3.63875e-07
1 0.1 0 0.000243524
1 0.1 0 0.000359859
1 0.1 0 1.12009e-05
1 0.1 0 3.81114e-06
1 0.1 0 0.000125801
1 0.1 0 0.000609205
1 0.1 0 0.000233252
1 0.1 0 2.15984e-05
1 0.1 0 4.91196e-05
1 0.1 0 0.000126214
1 0.1 0 0.0011617
1 0.1 0 9.63644e-07
1 0.1 0 0.000915406
1 0.1 0 0.000338394
1 0.1 0 0.000822578
1 0.1 0 2.99494e-05
1 0.1 0 0.000195717
1 0.1 0 0.00107995
1 0.1 0 0.000131219
1 0.1 0 0.00113914
1 0.1 0 7.53879e-07
1 0.1 0 0.000353348
1 0.1 0 2.47213e-08
1 0.1 0 2.44101e-05
1 0.1 0 0.00113115
1 0.1 0 1.9488e-05
1 0.1 0 8.85728e-06
1 0.1 0 1.26319e-06
1 0.1 0.00367879 1.9319e-05
1 0.1 0 0.00115496
1 0.1 0 0.00110301
1 0.1 0 0.000290002
1 0.1 0.00201897 0.00111044
1 0.1 0 1.27353e-05
1 0.1 0 2.76503e-06
1 0.1 0 0.00119495
1 0.1 0 3.11997e-05
1 0.1 0 0.000142014
1 0.1 0 0.00119717
1 0.1 0 0.000159547
1 0.1 0 0.000574455
1 0.1 0 0.000153391
1 0.1 0 0.000510158
1 0.1 0 1.17998e-05
1 0.1 0 0.000129235
1 0.1 0 0.000628125
1 0.1 0 0.00017327
1 0.1 0 1.4052e-05
1 0.1 0 1.66312e-05
1 0.1 0 0.00117495
1 0.1 0 0.000661343
1 0.1 0 0.000536374
1 0.1 0 0.000526385
1 0.1 0 3.74742e-06
1 0.1 0 1.68455e-06
1 0.1 0 2.8708e-06
1 0.1 0 0.000134548
1 0.1 0 5.79014e-06
1 0.1 0 5.4645e-05
1 0.1 0 1.07475e-09
1 0.1 0 5.72368e-06
1 0.1 0 1.03671e-05
1 0.1 0 2.94185e-05
1 0.1 0 2.60921e-05
1 0.1 0 2.44717e-07
1 0.1 0 4.1903e-06
1 0.1 0 5.04369e-06
1 0.1 0 0.000758071
1 0.1 0 0.00101974
1 0.1 0 3.45198e-06
1 0.1 0 1.04001e-05
1 0.1 0 8.59199e-06
1 0.1 0 6.62855e-05
1 0.1 0 6.00509e-06
1 0.1 0 5.89458e-05
1 0.1 0 9.45858e-07
1 0.1 0 3.89951e-06
1 0.1 0 2.5794e-06
1 0.1 0 0.000295325
1 0.1 0 3.93599e-05
1 0.1 0 7.74752e-07
1 0.1 0 0.00110777
1 0.1 0 0.000307601
1 0.1 0 1.74144e-06
1 0.1 0 1.57662e-05
1 0.1 0 0.00111336
1 0.1 0 2.68103e-05
1 0.1 0 1.59897e-05
1 0.1 0 9.23814e-07
1 0.1 0 9.04558e-06
1 0.1 0 4.89501e-05
1 0.1 0 0.000102525
1 0.1 0 0.00102853
1 0.1 0 1.18173e-05
1 0.1 0 4.56895e-05
1 0.1 0 9.12133e-05
1 0.1 0 0.000244801
1 0.1 0 0.000813825
1 0.1 0 0.00116913
1 0.1 0 4.96781e-08
1 0.1 0 4.11852e-07
1 0.1 0 3.57563e-05
1 0.1 0 0.000122718
1 0.1 0 1.61616e-05
1 0.1 0 0.0011352
1 0.1 0 0.000328861
1 0.1 0 0.000246332
1 0.1 0 3.41409e-05
1 0.1 0 0.000360651
1 0.1 0 0.000919533
1 0.1 0 6.28408e-06
1 0.1 0 0.000659679
1 0.1 0 6.02263e-07
1 0.1 0 2.61352e-05
1 0.1 0 1.60046e-05
1 0.1 0 1.1581e-05
1 0.1 0 6.54624e-05
1 0.1 0 9.73319e-06
1 0.1 0 4.49545e-07
1 0.1 0 0.000740535
1 0.1 0 0.000999602
1 0.1 0 9.34421e-05
1 0.1 0 4.54477e-06
1 0.1 0 0.000323783
1 0.1 0 2.11043e-07
1 0.1 0 0.00091919
1 0.1 0 0.000946371
1 0.1 0 2.40806e-05
1 0.1 0 3.57006e-05
1 0.1 0 9.04829e-06
1 0.1 0 0.000150155
1 0.1 0 2.48257e-05
1 0.1 0 2.78653e-07
1 0.1 0 0.000987332
1 0.1 0 0.000444784
1 0.1 0 0.000379832
1 0.1 0 7.51768e-07
1 0.1 0 0.000958918
1 0.1 0 8.44088e-05
1 0.1 0 1.40574e-07
1 0.1 0 6.2239e-05
1 0.1 0 0.00110962
1 0.1 0 3.09854e-05
1 0.1 0 0.000182385
1 0.1 0 5.66448e-06
1 0.1 0 3.41527e-05
1 0.1 0 7.26979e-08
1 0.1 0 5.18043e-06
1 0.1 0 1.57027e-05
1 0.1 0 0.000207024
1 0.1 0 7.7161e-06
1 0.1 0 0.00016404
1 0.1 0 9.33483e-05
1 0.1 0 1.49724e-05
1 0.1 0 0.000442501
1 0.1 0 0.000502562
1 0.1 0 1.33185e-05
1 0.1 0 2.72907e-05
1 0.1 0 0.00037069
1 0.1 0 1.72431e-05
1 0.1 0 4.29493e-05
1 0.1 0 0.000381171
1 0.1 0 7.80963e-05
1 0.1 0 7.66132e-07
1 0.1 0 0.000350331
1 0.1 0 2.22535e-07
1 0.1 0 2.94234e-08
1 0.1 0 2.00605e-06
1 0.1 0 2.10619e-06
1 0.1 0 0.00104756
1 0.1 0 3.76195e-06
1 0.1 0 1.63866e-07
1 0.1 0 2.76864e-05
1 0.1 0 9.21168e-05
1 0.1 0 2.86814e-05
1 0.1 0 3.8218e-05
1 0.1 0 2.04987e-06
1 0.1 0 0.000766981
1 0.1 0 1.62672e-06
1 0.1 0 6.50176e-05
1 0.1 0 2.00806e-05
1 0.1 0 9.91065e-06
1 0.1 0 9.49071e-06
1 0.1 0 0.000814582
1 0.1 0 9.82458e-05
1 0.1 0 0.00108969
1 0.1 0 0.000883193
1 0.1 0 1.54549e-05
1 0.1 0 0.000188293
1 0.1 0 4.18688e-06
1 0.1 0 6.78103e-05
1 0.1 0 3.58267e-07
1 0.1 0 0.000199593
1 0.1 0 0.00119749
1 0.1 0 8.78394e-06
1 0.1 0 5.93058e-05
1 0.1 0 2.62732e-05
1 0.1 0 1.79038e-06
1 0.1 0 4.54993e-05
1 0.1 0 4.28777e-05
1 0.1 0 3.21562e-06
1 0.1 0 1.46193e-05
1 0.1 0 0.00111859
1 0.1 0 0.000886792
1 0.1 0 0.00114687
1 0.1 0 0.00103271
1 0.1 0 0.000252545
1 0.1 0 0.00012112
1 0.1 0 0.000403731
1 0.1 0 0.000979879
1 0.1 0 3.59986e-07
1 0.1 0 5.17812e-05
1 0.1 0 0.000264487
1 0.1 0 0.00100972
1 0.1 0 0.000552126
1 0.1 0 3.24821e-05
1 0.1 0 2.72659e-06
1 0.1 0 8.1737e-08
1 0.1 0 2.23198e-05
1 0.1 0 2.50456e-05
1 0.1 0 3.51486e-06
1 0.1 0 6.25771e-06
1 0.1 0 5.85012e-06
1 0.1 0 0.000763679
1 0.1 0 0.000323925
1 0.1 0 1.205e-05
1 0.1 0 0.000452198
1 0.1 0 6.03595e-06
1 0.1 0 0.0011908
1 0.1 0 2.07917e-05
1 0.1 0 0.00010591
1 0.1 0 4.75849e-06
1 0.1 0 0.000385511
1 0.1 0 0.000231253
1 0.1 0 4.55352e-06
1 0.1 0 0.000718313
1 0.1 0.00449329 1.31391e-07
1 0.1 0 1.03322e-06
1 0.1 0 0.000175532
1 0.1 0 0.000169087
1 0.1 0 4.76098e-06
1 0.1 0 5.46333e-06
1 0.1 0 0.000325284
1 0.1 0 8.3128e-06
1 0.1 0 7.39163e-08
1 0.1 0 6.15651e-05
1 0.1 0 1.1716e-08
1 0.1 0 0.000622063
1 0.1 0 0.00112318
1 0.1 0 0.00104624
1 0.1 0 1.74043e-05
1 0.1 0 8.58366e-05
1 0.1 0 7.09771e-07
1 0.1 0 3.68783e-06
1 0.1 0 1.793e-05
1 0.1 0 1.53484e-05
1 0.1 0 0.00113977
1 0.1 0 0.00022738
1 0.1 0 0.000114197
1 0.1 0 0.000367767
1 0.1 0 0.000685586
1 0.1 0 0.000543095
1 0.1 0 3.1014e-06
1 0.1 0 2.3595e-08
1 0.1 0 0.000316822
1 0.1 0 0.00118224
1 0.1 0 8.2371e-05
1 0.1 0 0.000232886
1 0.1 0 0.000234839
1 0.1 0 4.83615e-06
1 0.1 0 1.23884e-05
1 0.1 0 1.93215e-06
1 0.1 0 1.9055e-06
1 0.1 0 0.000963763
1 0.1 0 4.40397e-05
1 0.1 0 4.94337e-09
1 0.1 0 0.000614742
1 0.1 0 0.00117297
1 0.1 0 0.000729316
1 0.1 0 0.000167517
1 0.1 0 5.52172e-05
1 0.1 0 2.21871e-07
1 0.1 0 0.000461172
1 0.1 0 7.61082e-09
1 0.1 0 4.02371e-05
1 0.1 0 9.07142e-09
1 0.1 0 0.000416066
1 0.1 0 0.000199668
1 0.1 0 7.74671e-05
1 0.1 0 4.57483e-05
1 0.1 0 0.00119197
1 0.1 0 0.001128
1 0.1 0 7.64593e-06
1 0.1 0 0.000664178
1 0.1 0 0.000452811
1 0.1 0 1.24129e-05
1 0.1 0 0.00119153
1 0.1 0 0.000327668
1 0.1 0 7.56692e-07
1 0.1 0 6.23965e-05
1 0.1 0 0.00113766
1 0.1 0 0.000271691
1 0.1 0 0.000111132
1 0.1 0 2.27736e-06
1 0.1 0 3.07819e-06
1 0.1 0 0.000396259
1 0.1 0 2.85293e-08
1 0.1 0 0.000181188
1 0.1 0 1.08495e-05
1 0.1 0 0.000122411
1 0.1 0 0.000123603
1 0.1 0 0.00118794
1 0.1 0 2.03238e-05
1 0.1 0 2.94221e-05
1 0.1 0 6.98252e-06
1 0.1 0 1.46383e-05
1 0.1 0 0.000831507
1 0.1 0 1.06259e-05
1 0.1 0 1.17487e-05
1 0.1 0 1.37238e-06
1 0.1 0 1.54954e-05
1 0.1 0 0.000292685
1 0.1 0 2.06916e-08
1 0.1 0 1.95153e-06
1 0.1 0 0.000119455
1 0.1 0 0.000971501
1 0.1 0 0.00013857
1 0.1 0 1.66354e-06
1 0.1 0 0.000158207
1 0.1 0 0.00108705
1 0.1 0 1.49728e-06
1 0.1 0 1.24809e-05
1 0.1 0 1.02076e-05
1 0.1 0 1.02189e-05
1 0.1 0 4.81837e-05
1 0.1 0 0.000158862
1 0.1 0 0.000118626
1 0.1 0 5.8553e-07
1 0.1 0 7.3368e-06
1 0.1 0 3.2768e-05
1 0.1 0 0.000243731
1 0.1 0 0.000686897
1 0.1 0 1.37712e-06
1 0.1 0 3.51329e-05
1 0.1 0 0.000558785
1 0.1 0 3.04983e-06
1 0.1 0 2.02242e-05
1 0.1 0 4.33652e-06
1 0.1 0 0.000367994
1 0.1 0 4.60793e-05
1 0.1 0 0.000661933
1 0.1 0 3.57155e-05
1 0.1 0 0.0002725
1 0.1 0 3.3574e-07
1 0.1 0 5.4013e-05
1 0.1 0 5.3822e-08
1 0.1 0 5.24412e-06
1 0.1 0 0.000180248
1 0.1 0 2.05947e-06
1 0.1 0 0.00025206
1 0.1 0 1.96579e-05
1 0.1 0 4.21812e-06
1 0.1 0 5.18723e-09
1 0.1 0 6.2575e-07
1 0.1 0 0.000138807
1 0.1 0 2.76209e-05
1 0.1 0 8.3698e-05
1 0.1 0 3.24999e-06
1 0.1 0 0.000328361
1 0.1 0 0.000140433
1 0.1 0 1.24612e-08
1 0.1 0 0.000535194
1 0.1 0 0.00091926
1 0.1 0 0.00015759
1 0.1 0 1.47065e-06
1 0.1 0 6.32298e-07
1 0.1 0 0.000262958
1 0.1 0 0.000240284
1 0.1 0 8.04375e-05
1 0.1 0 4.75204e-07
1 0.1 0 6.65669e-07
1 0.1 0 3.30645e-05
1 0.1 0 1.23482e-05
1 0.1 0 1.33861e-06
1 0.1 0 0.0011707
1 0.1 0 2.43503e-05
1 0.1 0 1.29793e-05
1 0.1 0 2.8943e-05
1 0.1 0 0.000303106
1 0.1 0 8.06948e-10
1 0.1 0 1.6956e-05
1 0.1 0 1.15203e-07
1 0.1 0 1.06533e-05
1 0.1 0 5.26045e-05
1 0.1 0 5.92429e-05
1 0.1 0 0.000486604
1 0.1 0 0.000116552
1 0.1 0 7.21099e-05
1 0.1 0 1.12216e-08
1 0.1 0 1.71346e-06
1 0.1 0 5.98581e-06
1 0.1 0 0.00095709
1 0.1 0 5.65308e-06
1 0.1 0 1.73429e-05
1 0.1 0 1.55602e-05
1 0.1 0 0.00107635
1 0.1 0 7.1115e-06
1 0.1 0 1.20494e-06
1 0.1 0 0.000142294
1 0.1 0 3.54739e-06
1 0.1 0 1.72809e-05
1 0.1 0 0.000573796
1 0.1 0 6.50009e-08
1 0.1 0 0.000935078
1 0.1 0 9.00294e-05
1 0.1 0 0.000179138
1 0.1 0 1.23131e-05
1 0.1 0 0.000249321
1 0.1 0 1.70802e-05
1 0.1 0 0.00119483
1 0.1 0 1.60474e-05
1 0.1 0 0.000397577
1 0.1 0 1.99992e-07
1 0.1 0 0.00035696
1 0.1 0 0.00101264
1 0.1 0 4.71155e-07
1 0.1 0 1.31397e-06
1 0.1 0 7.23863e-05
1 0.1 0 4.18865e-05
1 0.1 0 0.000500797
1 0.1 0 1.93457e-05
1 0.1 0 4.65507e-05
1 0.1 0 0.00012605
1 0.1 0 6.18391e-05
1 0.1 0 0.000857492
1 0.1 0 3.07584e-06
1 0.1 0 0.000282179
1 0.1 0 5.87969e-05
1 0.1 0 1.5387e-06
1 0.1 0 9.78897e-05
1 0.1 0 6.10214e-07
1 0.1 0 3.90541e-05
1 0.1 0 0.000171734
1 0.1 0 5.02554e-06
1 0.1 0 0.000104915
1 0.1 0 6.99723e-05
1 0.1 0 0.000657343
1 0.1 0 0.000362209
1 0.1 0 5.43059e-05
1 0.1 0 2.65634e-07
1 0.1 0 3.45596e-06
1 0.1 0 9.77613e-05
1 0.1 0 0.000788991
1 0.1 0 2.55699e-06
1 0.1 0 4.99455e-07
1 0.1 0 7.59649e-06
1 0.1 0 5.43462e-05
1 0.1 0 0.000314097
1 0.1 0 2.91145e-05
1 0.1 0 4.9566e-07
1 0.1 0 3.09288e-06
1 0.1 0 6.35326e-05
1 0.1 0 3.55729e-06
1 0.1 0 0.000260454
1 0.1 0 6.49249e-05
1 0.1 0 2.6702e-07
1 0.1 0 7.55717e-05
1 0.1 0 0.00076788
1 0.1 0 6.58829e-12
1 0.1 0 5.6594e-07
1 0.1 0 9.97395e-06
1 0.1 0 9.69147e-05
1 0.1 0 1.36015e-06
1 0.1 0 1.80826e-05
1 0.1 0 1.48406e-05
1 0.1 0 8.98867e-05
1 0.1 0 4.09373e-05
1 0.1 0 1.68391e-06
1 0.1 0 1.5413e-06
1 0.1 0 4.99428e-06
1 0.1 0 3.61527e-07
1 0.1 0 3.62381e-05
1 0.1 0 9.65297e-07
1 0.1 0 6.25792e-07
1 0.1 0 0.000145822
1 0.1 0 1.52965e-05
1 0.1 0 1.94518e-05
1 0.1 0 4.92805e-05
1 0.1 0 2.71217e-06
1 0.1 0 1.69169e-06
1 0.1 0 0.00119749
1 0.1 0 1.91073e-06
1 0.1 0 2.73925e-08
1 0.1 0 0.000481484
1 0.1 0 7.84325e-05
1 0.1 0 6.56741e-06
1 0.1 0 0.00052969
1 0.1 0 0.00113246
1 0.1 0 0.000117402
1 0.1 0 6.49948e-06
1 0.1 0 1.88763e-07
1 0.1 0 2.16649e-06
1 0.1 0 1.79593e-06
1 0.1 0 6.64577e-05
1 0.1 0 2.98645e-05
1 0.1 0 0.000859511
1 0.1 0 0.000600727
1 0.1 0 9.14271e-06
1 0.1 0 3.04246e-06
1 0.1 0 4.38111e-05
1 0.1 0 0.000858985
1 0.1 0 0.000480693
1 0.1 0 4.34999e-05
1 0.1 0 7.95926e-07
1 0.1 0 0.00082889
1 0.1 0 9.34762e-05
1 0.1 0 2.69079e-07
1 0.1 0 8.06458e-06
1 0.1 0 3.45024e-06
1 0.1 0 4.32729e-06
1 0.1 0 9.34347e-07
1 0.1 0 3.51943e-05
1 0.1 0 0.000431034
1 0.1 0 0.000181319
1 0.1 0 0.000234367
1 0.1 0 0.000713726
1 0.1 0 0.000907803
1 0.1 0 0.000277732
1 0.1 0 6.45009e-06
1 0.1 0 0.00013063
1 0.1 0 0.000165742
1 0.1 0 1.85331e-05
1 0.1 0 2.21675e-06
1 0.1 0 0.000104982
1 0.1 0 7.24162e-05
1 0.1 0 5.64959e-06
1 0.1 0 5.57616e-06
1 0.1 0 6.96803e-06
1 0.1 0 0.000400966
1 0.1 0 2.10104e-06
1 0.1 0 0.000517824
1 0.1 0 0.000110158
1 0.1 0 5.64116e-05
1 0.1 0 2.60791e-05
1 0.1 0 1.4435e-05
1 0.1 0 0.000301437
1 0.1 0 0.000813765
1 0.1 0 0.000111707
1 0.1 0 1.94983e-06
