0 0
1 0.70392
2 0.208811
3 0.0819709
4 0.0437585
5 0.0284932
6 0.0207682
7 0.0168124
8 0.0138015
9 0.0113488
10 0.00977887
11 0.00844342
12 0.00752183
13 0.0068745
14 0.00597824
15 0.00544432
16 0.00515539
17 0.00466492
18 0.00439085
19 0.00398792
20 0.00380619
21 0.00359354
22 0.00320853
23 0.0030096
24 0.00281551
25 0.00283349
26 0.00260287
27 0.00244686
28 0.00250944
29 0.00227579
30 0.00224877
31 0.00222624
32 0.00201768
33 0.00197202
34 0.00185809
35 0.00179192
36 0.00165563
37 0.00159259
38 0.0015421
39 0.00159115
40 0.00155346
41 0.00148261
42 0.00136886
43 0.00135824
44 0.00134721
45 0.00133511
46 0.00123984
47 0.00118414
48 0.00122036
49 0.00119518
50 0.00114522
51 0.00106725
52 0.00113287
53 0.00108328
54 0.000960579
55 0.00101368
56 0.00100717
57 0.000905981
58 0.000900861
59 0.000884098
60 0.000905068
61 0.000905209
62 0.000861802
63 0.000846278
64 0.000749525
65 0.000742127
66 0.000816266
67 0.000774416
68 0.000771624
69 0.000731064
70 0.000736684
71 0.000786317
72 0.000748617
73 0.000707493
74 0.000654872
75 0.000620864
76 0.000569841
77 0.000584279
78 0.00059551
79 0.000575693
80 0.000616942
81 0.000574523
82 0.000566697
83 0.000595034
84 0.000612197
85 0.000493076
86 0.000526921
87 0.000548726
88 0.000509034
89 0.000494502
90 0.000539771
91 0.000495845
92 0.000486821
93 0.000492224
94 0.00048804
95 0.000437868
96 0.000410576
97 0.000443899
98 0.000401783
99 0.000465404
100 0.000453979
101 0.000461741
102 0.000402194
103 0.000436761
104 0.000465922
105 0.000437998
106 0.000461183
107 0.000407664
108 0.000413845
109 0.000357259
110 0.000377738
111 0.000440563
112 0.000445842
113 0.0003565
114 0.000352538
115 0.000331648
116 0.000407597
117 0.000412029
118 0.000390377
119 0.000319441
120 0.000351784
121 0.000398419
122 0.000314407
123 0.000354074
124 0.000355355
125 0.000354327
126 0.000355772
127 0.000342887
128 0.000380899
129 0.000309521
130 0.000318249
131 0.000280105
132 0.000323768
133 0.000312905
134 0.00031007
135 0.00026868
136 0.000333852
137 0.000268949
138 0.000308496
139 0.000289153
140 0.000319446
141 0.000275543
142 0.000279653
143 0.000297757
144 0.000278157
145 0.000288028
146 0.000283696
147 0.000285359
148 0.000281294
149 0.000286989
150 0.000293523
151 0.000293088
152 0.000269302
153 0.000271316
154 0.000279252
155 0.000266661
156 0.000263028
157 0.000267208
158 0.000237425
159 0.000282405
160 0.000252385
161 0.000268123
162 0.000219615
163 0.000204677
164 0.000230657
165 0.000275606
166 0.000238801
167 0.000245718
168 0.00023622
169 0.000234193
170 0.000233146
171 0.000235753
172 0.000232045
173 0.000176612
174 0.000261333
175 0.000249012
176 0.00023408
177 0.000224697
178 0.00023017
179 0.000207557
180 0.000251344
181 0.00022526
182 0.000224164
183 0.000165061
184 0.00022458
185 0.000232616
186 0.000214498
187 0.000258874
188 0.000198049
189 0.000219183
190 0.00020863
191 0.00023165
192 0.000222068
193 0.000238093
194 0.000215658
195 0.000250432
196 0.000235644
197 0.000206832
198 0.000206018
199 0.000213681
200 0.000199923
201 0.000208673
202 0.000209493
203 0.000176135
204 0.000149523
205 0.000200307
206 0.000169423
207 0.000171325
208 0.000177472
209 0.00015234
210 0.000203868
211 0.000172872
212 0.000179913
213 0.000225336
214 0.000188901
215 0.000195507
216 0.000196391
217 0.000169066
218 0.00016624
219 0.000160468
220 0.000184863
221 0.00016191
222 0.000143558
223 0.000151485
224 0.000191853
225 0.000163628
226 0.000182107
227 0.000190527
228 0.000134603
229 0.000180627
230 0.000176036
231 0.000156856
232 0.000156315
233 0.000178872
234 0.000147366
235 0.000153307
236 0.000157523
237 0.000155033
238 0.000167041
239 0.000135864
240 0.000151712
241 0.000148557
242 0.000133513
243 0.000142015
244 0.000142309
245 0.000135761
246 0.00015204
247 0.000139869
248 0.000146091
249 0.000184697
250 0.000145496
251 0.000177013
252 0.000177925
253 0.000140428
254 0.000169736
255 0.000151958
256 0.000148343
257 0.000168599
258 0.000150722
259 0.000129843
260 0.000135112
261 0.000119239
262 0.000126456
263 0.000138047
264 0.000161721
265 0.00011213
266 0.000126634
267 0.000127829
268 0.000179217
269 0.0001691
270 0.000169203
271 0.000148978
272 0.000142861
273 0.000128204
274 0.000132857
275 0.000111898
276 0.000130517
277 0.000114491
278 0.000111552
279 0.000116123
280 0.000123725
281 0.000118415
282 0.000154856
283 0.000146949
284 0.000111234
285 0.000103029
286 0.000120327
287 0.000135123
288 0.000127776
289 0.000107255
290 0.000134667
291 0.000109112
292 0.000116032
293 0.000113885
294 8.30998e-05
295 9.94763e-05
296 0.000140236
297 0.000105726
298 0.000114165
299 0.00013494
300 0.000124725
301 8.56428e-05
302 9.74479e-05
303 8.69449e-05
304 0.000132413
305 0.000114765
306 0.000108715
307 0.000108799
308 8.43512e-05
309 0.000103074
310 0.000106874
311 0.000136125
312 0.000124056
313 0.000120496
314 0.000119668
315 9.98702e-05
316 0.000129835
317 8.97596e-05
318 8.78804e-05
319 9.71524e-05
320 8.80302e-05
321 0.000108538
322 9.76135e-05
323 7.86423e-05
324 0.000102207
325 9.91241e-05
326 8.61307e-05
327 8.1355e-05
328 0.000110324
329 0.000101162
330 7.97152e-05
331 0.000111069
332 9.5693e-05
333 0.000113867
334 9.27784e-05
335 8.83859e-05
336 8.81023e-05
337 0.000105846
338 0.000116164
339 0.000101995
340 9.54741e-05
341 0.000102456
342 9.05849e-05
343 0.000115378
344 9.14764e-05
345 0.00010328
346 0.000101031
347 9.78742e-05
348 0.000116481
349 0.000108442
350 0.000119904
351 8.10724e-05
352 6.97619e-05
353 8.49955e-05
354 0.000110395
355 0.000130397
356 0.000100278
357 0.000114076
358 0.000121869
359 0.000109248
360 9.04178e-05
361 0.000122434
362 0.000104826
363 6.80903e-05
364 8.54298e-05
365 7.29633e-05
366 9.8722e-05
367 9.16743e-05
368 8.99683e-05
369 0.000107076
370 7.77688e-05
371 9.06388e-05
372 9.31933e-05
373 7.05735e-05
374 9.36254e-05
375 9.50702e-05
376 7.07459e-05
377 7.86997e-05
378 6.56947e-05
379 7.57813e-05
380 9.7565e-05
381 8.45737e-05
382 0.000102437
383 7.43456e-05
384 7.04443e-05
385 8.46949e-05
386 8.39107e-05
387 5.97677e-05
388 7.37808e-05
389 0.000103759
390 8.74344e-05
391 7.74921e-05
392 5.68597e-05
393 0.000112011
394 0.000103916
395 0.000104383
396 8.4134e-05
397 9.79711e-05
398 8.38698e-05
399 9.57616e-05
400 0.000113434
401 0.000101345
402 8.6848e-05
403 0.000105904
404 9.78682e-05
405 9.15037e-05
406 9.17663e-05
407 9.10244e-05
408 9.19178e-05
409 7.26838e-05
410 5.67434e-05
411 8.85024e-05
412 8.31185e-05
413 7.94194e-05
414 7.95033e-05
415 9.12282e-05
416 7.61126e-05
417 7.25153e-05
418 5.89881e-05
419 7.2159e-05
420 7.9036e-05
421 7.74291e-05
422 9.00584e-05
423 8.97096e-05
424 8.27184e-05
425 0.000115485
426 7.62024e-05
427 7.67742e-05
428 6.1497e-05
429 0.000102617
430 9.5656e-05
431 8.40544e-05
432 5.97016e-05
433 7.12308e-05
434 7.53344e-05
435 8.34384e-05
436 6.34085e-05
437 7.01974e-05
438 4.49121e-05
439 8.69448e-05
440 8.42084e-05
441 0.000106232
442 7.81639e-05
443 0.000102828
444 6.47039e-05
445 7.20142e-05
446 6.60407e-05
447 5.45826e-05
448 0.000100515
449 8.44166e-05
450 8.41639e-05
451 7.17931e-05
452 6.40652e-05
453 8.15425e-05
454 6.04264e-05
455 7.50747e-05
456 6.64704e-05
457 8.97247e-05
458 8.72225e-05
459 8.80275e-05
460 6.19292e-05
461 6.50895e-05
462 5.88692e-05
463 7.93472e-05
464 5.76307e-05
465 6.35409e-05
466 6.63374e-05
467 4.77705e-05
468 5.76886e-05
469 4.98666e-05
470 5.74541e-05
471 6.23953e-05
472 6.27858e-05
473 5.37868e-05
474 5.30232e-05
475 8.5156e-05
476 7.87634e-05
477 6.541e-05
478 5.68432e-05
479 6.34018e-05
480 6.32213e-05
481 7.48154e-05
482 6.41992e-05
483 3.63648e-05
484 4.77065e-05
485 6.27641e-05
486 7.16265e-05
487 5.50093e-05
488 6.48979e-05
489 5.72704e-05
490 4.47064e-05
491 5.12546e-05
492 8.12487e-05
493 8.05776e-05
494 5.07594e-05
495 6.69415e-05
496 6.88031e-05
497 7.03254e-05
498 5.6967e-05
499 6.00865e-05
500 6.59214e-05
501 3.36742e-05
502 4.32446e-05
503 7.81026e-05
504 4.76739e-05
505 5.19108e-05
506 5.7708e-05
507 5.6403e-05
508 5.23207e-05
509 6.63368e-05
510 5.40199e-05
511 6.24272e-05
512 4.8749e-05
513 6.53158e-05
514 7.33357e-05
515 5.47317e-05
516 4.25565e-05
517 4.94836e-05
518 5.29882e-05
519 5.19065e-05
520 6.02413e-05
521 6.39043e-05
522 6.7813e-05
523 5.77371e-05
524 5.17826e-05
525 6.50524e-05
526 4.65832e-05
527 5.65896e-05
528 5.08252e-05
529 4.40109e-05
530 4.00374e-05
531 6.8254e-05
532 5.04716e-05
533 6.87762e-05
534 8.59927e-05
535 5.78964e-05
536 7.87412e-05
537 6.64553e-05
538 5.20195e-05
539 4.20025e-05
540 4.2238e-05
541 3.58385e-05
542 4.28771e-05
543 6.62838e-05
544 4.76371e-05
545 4.85063e-05
546 4.65038e-05
547 3.00524e-05
548 4.66276e-05
549 3.7868e-05
550 5.30624e-05
551 4.54715e-05
552 3.88238e-05
553 4.01976e-05
554 4.94758e-05
555 4.30502e-05
556 4.70039e-05
557 4.0126e-05
558 5.81944e-05
559 5.25866e-05
560 4.13274e-05
561 4.57017e-05
562 4.99897e-05
563 7.02308e-05
564 6.14779e-05
565 5.6145e-05
566 3.51075e-05
567 4.96026e-05
568 4.59111e-05
569 4.4556e-05
570 3.18225e-05
571 5.58299e-05
572 5.26243e-05
573 6.07734e-05
574 6.2025e-05
575 4.54916e-05
576 4.45191e-05
577 6.09766e-05
578 4.72454e-05
579 4.78881e-05
580 4.57121e-05
581 3.48278e-05
582 6.2048e-05
583 4.55056e-05
584 4.08439e-05
585 4.56572e-05
586 3.60847e-05
587 6.76299e-05
588 6.75421e-05
589 5.03258e-05
590 4.47649e-05
591 3.89968e-05
592 3.99916e-05
593 3.43351e-05
594 5.1224e-05
595 5.03762e-05
596 5.41855e-05
597 4.49647e-05
598 4.14364e-05
599 4.01149e-05
600 3.55959e-05
601 5.17057e-05
602 2.61039e-05
603 6.98998e-05
604 4.57869e-05
605 5.37953e-05
606 4.84084e-05
607 3.57246e-05
608 4.77563e-05
609 3.47601e-05
610 5.22583e-05
611 4.26263e-05
612 3.57855e-05
613 5.20472e-05
614 4.34375e-05
615 5.25624e-05
616 4.85818e-05
617 5.52643e-05
618 5.51411e-05
619 4.66593e-05
620 3.83431e-05
621 5.08716e-05
622 4.94715e-05
623 7.03832e-05
624 5.31897e-05
625 5.45708e-05
626 5.46262e-05
627 3.16254e-05
628 3.09888e-05
629 3.33128e-05
630 4.47334e-05
631 5.72056e-05
632 5.89511e-05
633 4.43763e-05
634 2.80252e-05
635 2.87484e-05
636 4.25641e-05
637 4.34577e-05
638 7.09796e-05
639 5.08273e-05
640 5.21034e-05
641 5.58371e-05
642 5.66198e-05
643 4.06212e-05
644 3.86357e-05
645 3.40488e-05
646 5.33595e-05
647 3.8371e-05
648 5.20232e-05
649 3.58931e-05
650 5.11377e-05
651 3.7009e-05
652 4.69844e-05
653 3.31152e-05
654 3.78275e-05
655 6.22264e-05
656 4.19264e-05
657 4.73037e-05
658 6.21825e-05
659 5.22609e-05
660 5.0521e-05
661 5.59242e-05
662 2.58271e-05
663 3.18987e-05
664 3.80459e-05
665 3.57585e-05
666 5.51051e-05
667 3.46864e-05
668 3.53689e-05
669 2.31369e-05
670 3.0412e-05
671 3.7955e-05
672 3.49762e-05
673 5.81529e-05
674 2.78998e-05
675 3.93533e-05
676 3.31743e-05
677 3.35789e-05
678 3.61749e-05
679 3.28483e-05
680 3.52843e-05
681 3.00771e-05
682 4.27726e-05
683 5.22048e-05
684 3.15338e-05
685 2.98065e-05
686 4.44773e-05
687 4.21079e-05
688 3.61256e-05
689 3.95539e-05
690 4.86187e-05
691 4.08533e-05
692 3.06862e-05
693 4.21301e-05
694 7.54092e-05
695 5.82466e-05
696 6.01901e-05
697 3.13454e-05
698 4.36302e-05
699 4.35089e-05
700 3.8991e-05
701 5.37033e-05
702 3.65208e-05
703 4.369e-05
704 3.51186e-05
705 3.83838e-05
706 3.52103e-05
707 2.95269e-05
708 2.8113e-05
709 3.96678e-05
710 3.905e-05
711 2.50225e-05
712 2.97515e-05
713 2.95467e-05
714 2.85286e-05
715 4.16598e-05
716 3.96224e-05
717 4.21627e-05
718 3.38767e-05
719 3.65702e-05
720 3.28361e-05
721 4.63688e-05
722 4.126e-05
723 3.59632e-05
724 2.96909e-05
725 2.29584e-05
726 3.59823e-05
727 2.76506e-05
728 2.57566e-05
729 3.01712e-05
730 3.06763e-05
731 1.79262e-05
732 4.38615e-05
733 4.23151e-05
734 3.89729e-05
735 3.78972e-05
736 4.36148e-05
737 4.81879e-05
738 4.06048e-05
739 3.96371e-05
740 4.63973e-05
741 3.20272e-05
742 3.38032e-05
743 4.83848e-05
744 4.5988e-05
745 3.40407e-05
746 3.55485e-05
747 3.91594e-05
748 3.69674e-05
749 2.60513e-05
750 2.64053e-05
751 2.97969e-05
752 3.21764e-05
753 4.1271e-05
754 4.48842e-05
755 3.53817e-05
756 3.77519e-05
757 2.48807e-05
758 2.65611e-05
759 3.17892e-05
760 3.83141e-05
761 2.71089e-05
762 3.97791e-05
763 3.89913e-05
764 1.80665e-05
765 3.72959e-05
766 3.50622e-05
767 3.03947e-05
768 2.37018e-05
769 3.65207e-05
770 3.27012e-05
771 3.25854e-05
772 3.47762e-05
773 2.8555e-05
774 3.93298e-05
775 3.15806e-05
776 5.50714e-05
777 3.19121e-05
778 5.01654e-05
779 3.45758e-05
780 1.68214e-05
781 2.41415e-05
782 3.45401e-05
783 3.1537e-05
784 3.14574e-05
785 3.8131e-05
786 4.09903e-05
787 3.76353e-05
788 3.44685e-05
789 1.95019e-05
790 3.22752e-05
791 3.39357e-05
792 3.8717e-05
793 3.18909e-05
794 3.73309e-05
795 4.13879e-05
796 3.03406e-05
797 3.60176e-05
798 3.11337e-05
799 3.28507e-05
800 3.80894e-05
801 4.3464e-05
802 2.30142e-05
803 2.55392e-05
804 3.6507e-05
805 3.7357e-05
806 4.45963e-05
807 2.69875e-05
808 2.92988e-05
809 2.50711e-05
810 3.13998e-05
811 3.14823e-05
812 4.71457e-05
813 3.17578e-05
814 2.39975e-05
815 3.21277e-05
816 3.71328e-05
817 4.08806e-05
818 5.05928e-05
819 4.38567e-05
820 4.55822e-05
821 4.31663e-05
822 2.53262e-05
823 3.47079e-05
824 1.33207e-05
825 2.01202e-05
826 1.29705e-05
827 2.0898e-05
828 3.69916e-05
829 3.39398e-05
830 3.20587e-05
831 3.51201e-05
832 2.49024e-05
833 4.72073e-05
834 4.53863e-05
835 4.13715e-05
836 3.31871e-05
837 1.56347e-05
838 4.85625e-05
839 4.68147e-05
840 3.81814e-05
841 3.81302e-05
842 3.24998e-05
843 3.04775e-05
844 4.71363e-05
845 3.57302e-05
846 2.35477e-05
847 1.87322e-05
848 2.21661e-05
849 2.28603e-05
850 4.55567e-05
851 3.19705e-05
852 3.04406e-05
853 2.99389e-05
854 2.5764e-05
855 1.93975e-05
856 2.23271e-05
857 3.58948e-05
858 3.51778e-05
859 3.83423e-05
860 4.28657e-05
861 4.37264e-05
862 3.5825e-05
863 2.54987e-05
864 5.38568e-05
865 3.55174e-05
866 3.47133e-05
867 3.03885e-05
868 3.77023e-05
869 2.94715e-05
870 2.98851e-05
871 2.84657e-05
872 2.85902e-05
873 2.82115e-05
874 3.34834e-05
875 5.20752e-05
876 3.64565e-05
877 4.43093e-05
878 3.0408e-05
879 3.35859e-05
880 2.50902e-05
881 2.67063e-05
882 3.41456e-05
883 2.57467e-05
884 2.38388e-05
885 2.29173e-05
886 1.62077e-05
887 3.09177e-05
888 3.64864e-05
889 2.15273e-05
890 3.78411e-05
891 2.11515e-05
892 2.57518e-05
893 2.74545e-05
894 3.52975e-05
895 2.65592e-05
896 1.65549e-05
897 2.18977e-05
898 1.98992e-05
899 3.35144e-05
900 1.74747e-05
901 2.25046e-05
902 2.88338e-05
903 2.9625e-05
904 4.25549e-05
905 2.50729e-05
906 1.90121e-05
907 2.76889e-05
908 1.36181e-05
909 2.84487e-05
910 3.3889e-05
911 3.37577e-05
912 3.4369e-05
913 1.72033e-05
914 3.08246e-05
915 2.90544e-05
916 2.40886e-05
917 2.92587e-05
918 2.68702e-05
919 3.44775e-05
920 2.87799e-05
921 2.92673e-05
922 3.07634e-05
923 3.28175e-05
924 3.26478e-05
925 3.99113e-05
926 1.86154e-05
927 1.24246e-05
928 1.97763e-05
929 3.3698e-05
930 2.23952e-05
931 1.82688e-05
932 3.10705e-05
933 2.57356e-05
934 2.84079e-05
935 2.44289e-05
936 1.43944e-05
937 3.38543e-05
938 3.09953e-05
939 2.63254e-05
940 2.45651e-05
941 2.7463e-05
942 2.07025e-05
943 2.65428e-05
944 2.0292e-05
945 2.70504e-05
946 1.82051e-05
947 2.76592e-05
948 2.88175e-05
949 1.95065e-05
950 2.58896e-05
951 2.47399e-05
952 2.22455e-05
953 1.82339e-05
954 2.99207e-05
955 2.59127e-05
956 1.97975e-05
957 2.04413e-05
958 2.30648e-05
959 3.07207e-05
960 1.93e-05
961 2.34872e-05
962 1.91531e-05
963 3.37963e-05
964 2.77648e-05
965 3.3275e-05
966 2.89236e-05
967 2.79373e-05
968 2.91147e-05
969 3.13001e-05
970 2.105e-05
971 3.15258e-05
972 3.42594e-05
973 2.68694e-05
974 3.37299e-05
975 2.10215e-05
976 2.33601e-05
977 2.25717e-05
978 3.48169e-05
979 2.45039e-05
980 2.47996e-05
981 3.21437e-05
982 2.0533e-05
983 3.14616e-05
984 2.11557e-05
985 3.09339e-05
986 3.07382e-05
987 2.3185e-05
988 1.51579e-05
989 2.60338e-05
990 2.06651e-05
991 1.80152e-05
992 1.86333e-05
993 2.69365e-05
994 3.29732e-05
995 2.37902e-05
996 2.18913e-05
997 3.51704e-05
998 2.49111e-05
999 2.50446e-05
1000 2.0606e-05
1001 2.50856e-05
1002 1.06703e-05
1003 2.33634e-05
1004 3.29711e-05
1005 3.45466e-05
1006 3.31689e-05
1007 1.88554e-05
1008 1.99995e-05
1009 2.48114e-05
1010 3.84488e-05
1011 2.56459e-05
1012 2.43654e-05
1013 2.86774e-05
1014 2.94398e-05
1015 2.5724e-05
1016 3.00655e-05
1017 4.02092e-05
1018 3.1231e-05
1019 2.11967e-05
1020 2.23614e-05
1021 1.16774e-05
1022 2.21024e-05
1023 3.26551e-05
1024 2.32486e-05
1025 1.76091e-05
1026 3.15685e-05
1027 2.96532e-05
1028 2.78659e-05
1029 2.53718e-05
1030 2.20417e-05
1031 2.57938e-05
1032 1.79789e-05
1033 2.50112e-05
1034 2.85037e-05
1035 2.87053e-05
1036 3.23879e-05
1037 2.76393e-05
1038 2.70545e-05
1039 2.41432e-05
1040 2.3083e-05
1041 2.86847e-05
1042 1.18657e-05
1043 2.23292e-05
1044 2.54058e-05
1045 2.60614e-05
1046 3.15114e-05
1047 2.29894e-05
1048 2.66193e-05
1049 2.6725e-05
1050 1.87457e-05
1051 2.33315e-05
1052 1.95469e-05
1053 1.49813e-05
1054 1.76159e-05
1055 1.82171e-05
1056 1.97493e-05
1057 2.68098e-05
1058 1.62939e-05
1059 1.76546e-05
1060 1.4267e-05
1061 1.2834e-05
1062 2.45244e-05
1063 2.28685e-05
1064 2.138e-05
1065 1.96226e-05
1066 1.58865e-05
1067 1.83348e-05
1068 1.98839e-05
1069 2.25414e-05
1070 2.23662e-05
1071 2.57883e-05
1072 3.82453e-05
1073 1.64666e-05
1074 1.05295e-05
1075 3.24749e-05
1076 3.16644e-05
1077 2.18999e-05
1078 9.01595e-06
1079 1.47938e-05
1080 1.78863e-05
1081 1.47743e-05
1082 1.58999e-05
1083 1.74335e-05
1084 1.6036e-05
1085 1.86514e-05
1086 2.52589e-05
1087 2.7024e-05
1088 2.76205e-05
1089 3.46112e-05
1090 1.97945e-05
1091 2.2776e-05
1092 1.36466e-05
1093 1.95018e-05
1094 2.25223e-05
1095 1.02273e-05
1096 2.99351e-05
1097 2.20998e-05
1098 1.93602e-05
1099 2.53053e-05
1100 2.78336e-05
1101 3.28816e-05
1102 2.54875e-05
1103 3.34674e-05
1104 1.9372e-05
1105 1.51797e-05
1106 2.00277e-05
1107 3.03791e-05
1108 2.07153e-05
1109 1.23697e-05
1110 1.86206e-05
1111 1.66665e-05
1112 2.27456e-05
1113 2.13645e-05
1114 2.84983e-05
1115 2.27783e-05
1116 1.89358e-05
1117 2.18647e-05
1118 2.79372e-05
1119 2.40166e-05
1120 1.83177e-05
1121 2.41716e-05
1122 2.24737e-05
1123 2.54675e-05
1124 2.10403e-05
1125 3.22902e-05
1126 1.66832e-05
1127 1.66768e-05
1128 2.59912e-05
1129 2.1966e-05
1130 3.63096e-05
1131 2.92921e-05
1132 1.16809e-05
1133 1.84326e-05
1134 3.08974e-05
1135 4.20095e-05
1136 3.07265e-05
1137 1.43657e-05
1138 2.87433e-05
1139 1.48652e-05
1140 3.36959e-05
1141 1.74301e-05
1142 1.25642e-05
1143 1.36269e-05
1144 3.47863e-05
1145 2.19489e-05
1146 1.18862e-05
1147 1.83288e-05
1148 3.04135e-05
1149 1.90195e-05
1150 1.97262e-05
1151 2.19461e-05
1152 1.30189e-05
1153 8.41043e-06
1154 1.85221e-05
1155 1.8375e-05
1156 2.30309e-05
1157 1.6944e-05
1158 1.63922e-05
1159 1.85137e-05
1160 1.51463e-05
1161 1.85556e-05
1162 1.62118e-05
1163 2.82586e-05
1164 2.72047e-05
1165 2.34018e-05
1166 2.15518e-05
1167 2.19901e-05
1168 2.00326e-05
1169 2.75303e-05
1170 1.81837e-05
1171 1.61441e-05
1172 2.3945e-05
1173 2.08613e-05
1174 2.0766e-05
1175 2.27423e-05
1176 2.92121e-05
1177 2.10351e-05
1178 9.77366e-06
1179 1.04525e-05
1180 3.14521e-05
1181 1.68385e-05
1182 1.82971e-05
1183 2.03031e-05
1184 2.95501e-05
1185 2.77081e-05
1186 2.22933e-05
1187 1.93377e-05
1188 2.02725e-05
1189 3.42029e-05
1190 2.8823e-05
1191 1.24106e-05
1192 1.3546e-05
1193 1.27782e-05
1194 2.10106e-05
1195 1.73203e-05
1196 3.75332e-05
1197 2.30643e-05
1198 2.70784e-05
1199 2.05438e-05
1200 8.14281e-06
1201 2.26095e-05
1202 2.04267e-05
1203 2.14872e-05
1204 1.52484e-05
1205 1.70918e-05
1206 1.47645e-05
1207 2.41952e-05
1208 2.16593e-05
1209 2.00644e-05
1210 2.03268e-05
1211 1.11979e-05
1212 1.29218e-05
1213 1.34129e-05
1214 1.94033e-05
1215 2.9464e-05
1216 2.27535e-05
1217 1.37102e-05
1218 2.35602e-05
1219 1.99298e-05
1220 1.94745e-05
1221 1.0322e-05
1222 1.99132e-05
1223 2.10174e-05
1224 2.39121e-05
1225 3.34452e-05
1226 2.8643e-05
1227 2.20541e-05
1228 2.47254e-05
1229 3.86268e-05
1230 2.27979e-05
1231 2.07874e-05
1232 2.31964e-05
1233 1.51595e-05
1234 1.42575e-05
1235 1.71068e-05
1236 1.99096e-05
1237 2.86402e-05
1238 2.33243e-05
1239 2.15405e-05
1240 2.10559e-05
1241 1.73555e-05
1242 9.47517e-06
1243 1.65228e-05
1244 1.30394e-05
1245 1.65128e-05
1246 1.67442e-05
1247 1.23195e-05
1248 1.08207e-05
1249 2.81333e-05
1250 8.88928e-06
1251 2.49471e-05
1252 1.79686e-05
1253 2.29631e-05
1254 1.8768e-05
1255 1.53293e-05
1256 1.52215e-05
1257 1.80192e-05
1258 2.26387e-05
1259 1.53663e-05
1260 1.2921e-05
1261 6.45611e-06
1262 2.1819e-05
1263 1.5175e-05
1264 2.44552e-05
1265 1.43906e-05
1266 8.66965e-06
1267 2.54175e-05
1268 1.05709e-05
1269 1.33487e-05
1270 1.85455e-05
1271 1.41584e-05
1272 2.4666e-05
1273 2.71576e-05
1274 2.38153e-05
1275 1.5877e-05
1276 2.73132e-05
1277 2.3515e-05
1278 1.59617e-05
1279 2.8443e-05
1280 2.30559e-05
1281 1.40303e-05
1282 2.43926e-05
1283 1.58322e-05
1284 2.01832e-05
1285 1.62577e-05
1286 1.26217e-05
1287 1.52558e-05
1288 1.21468e-05
1289 9.95103e-06
1290 1.61428e-05
1291 1.74172e-05
1292 1.84386e-05
1293 1.72893e-05
1294 1.1599e-05
1295 1.87348e-05
1296 1.74026e-05
1297 1.38957e-05
1298 1.09664e-05
1299 9.98761e-06
1300 2.25077e-05
1301 1.96251e-05
1302 1.6491e-05
1303 1.48503e-05
1304 1.84353e-05
1305 1.84834e-05
1306 1.85847e-05
1307 2.07157e-05
1308 2.32158e-05
1309 1.02281e-05
1310 2.50373e-05
1311 1.72696e-05
1312 1.09107e-05
1313 1.62149e-05
1314 2.22554e-05
1315 2.47645e-05
1316 3.18137e-05
1317 1.60503e-05
1318 1.50264e-05
1319 1.13452e-05
1320 3.02182e-05
1321 2.12252e-05
1322 5.86656e-06
1323 1.52085e-05
1324 1.12198e-05
1325 2.02048e-05
1326 2.21664e-05
1327 1.69344e-05
1328 2.52195e-05
1329 1.64732e-05
1330 1.63709e-05
1331 1.60385e-05
1332 2.4026e-05
1333 3.29933e-05
1334 3.06824e-05
1335 2.23631e-05
1336 1.69602e-05
1337 1.59213e-05
1338 2.65345e-05
1339 2.8591e-05
1340 2.6584e-05
1341 2.8701e-05
1342 2.64933e-05
1343 1.55138e-05
1344 1.37771e-05
1345 1.09854e-05
1346 1.81056e-05
1347 7.30616e-06
1348 1.82068e-05
1349 2.51678e-05
1350 1.22406e-05
1351 1.47204e-05
1352 1.37134e-05
1353 1.97688e-05
1354 1.64572e-05
1355 1.4146e-05
1356 2.56794e-05
1357 1.08663e-05
1358 8.40226e-06
1359 2.26651e-05
1360 2.49861e-05
1361 8.91119e-06
1362 2.00437e-05
1363 1.44755e-05
1364 9.99694e-06
1365 6.39097e-06
1366 1.58221e-05
1367 1.20466e-05
1368 1.72107e-05
1369 1.44581e-05
1370 2.08727e-05
1371 2.41327e-05
1372 8.51562e-06
1373 9.19101e-06
1374 1.69762e-05
1375 8.43524e-06
1376 2.68317e-05
1377 8.74176e-06
1378 1.41944e-05
1379 2.67948e-05
1380 1.61792e-05
1381 9.91986e-06
1382 7.50882e-06
1383 6.02414e-06
1384 1.46727e-05
1385 2.71848e-05
1386 1.40183e-05
1387 1.83256e-05
1388 7.83539e-06
1389 1.98237e-05
1390 1.86461e-05
1391 2.30792e-05
1392 3.02597e-05
1393 2.37959e-05
1394 1.19899e-05
1395 1.54817e-05
1396 2.28346e-05
1397 1.65242e-05
1398 2.07133e-05
1399 1.70877e-05
1400 1.39527e-05
1401 1.62333e-05
1402 2.31181e-05
1403 1.65971e-05
1404 1.32234e-05
1405 1.94706e-05
1406 1.36997e-05
1407 8.6454e-06
1408 1.87152e-05
1409 8.49572e-06
1410 1.5831e-05
1411 1.94692e-05
1412 2.2787e-05
1413 1.90312e-05
1414 7.75788e-06
1415 1.94077e-05
1416 1.58966e-05
1417 1.66393e-05
1418 1.52709e-05
1419 1.93867e-05
1420 2.64376e-05
1421 2.5808e-05
1422 2.28186e-05
1423 1.41359e-05
1424 2.48557e-05
1425 1.21689e-05
1426 1.30655e-05
1427 1.68776e-05
1428 1.61966e-05
1429 1.49569e-05
1430 7.98126e-06
1431 2.06852e-05
1432 1.73825e-05
1433 8.73121e-06
1434 2.01821e-05
1435 2.15956e-05
1436 1.2166e-05
1437 2.08179e-05
1438 1.74198e-05
1439 8.89338e-06
1440 1.95436e-05
1441 1.28626e-05
1442 8.14858e-06
1443 1.43536e-05
1444 3.73923e-05
1445 2.24136e-05
1446 1.33535e-05
1447 2.42837e-05
1448 2.00425e-05
1449 1.47339e-05
1450 2.09927e-05
1451 2.03905e-05
1452 1.07959e-05
1453 1.61664e-05
1454 1.11849e-05
1455 1.63862e-05
1456 1.84796e-05
1457 1.02291e-05
1458 6.6413e-06
1459 1.42811e-05
1460 1.35158e-05
1461 1.09915e-05
1462 6.7923e-06
1463 1.37777e-05
1464 2.31378e-05
1465 2.21998e-05
1466 2.08131e-05
1467 1.50215e-05
1468 1.59529e-05
1469 2.72212e-05
1470 1.39339e-05
1471 2.13532e-05
1472 2.16422e-05
1473 2.37549e-05
1474 1.30869e-05
1475 8.59334e-06
1476 1.64238e-05
1477 3.12549e-05
1478 1.54926e-05
1479 7.23794e-06
1480 2.18412e-05
1481 1.20892e-05
1482 1.44803e-05
1483 2.33732e-05
1484 9.81946e-06
1485 9.77921e-06
1486 9.1097e-06
1487 1.60418e-05
1488 1.15286e-05
1489 7.44504e-06
1490 1.51885e-05
1491 1.06901e-05
1492 1.96216e-05
1493 1.63187e-05
1494 8.69497e-06
1495 1.96055e-05
1496 8.24855e-06
1497 5.04316e-06
1498 1.62103e-05
1499 8.06063e-06
1500 1.36138e-05
1501 8.55205e-06
1502 5.7202e-06
1503 1.82879e-05
1504 1.53282e-05
1505 1.2263e-05
1506 3.09863e-05
1507 2.2453e-05
1508 2.59523e-05
1509 1.54152e-05
1510 1.53398e-05
1511 1.81953e-05
1512 2.32403e-05
1513 2.23304e-05
1514 7.64942e-06
1515 1.47925e-05
1516 1.22505e-05
1517 8.85827e-06
1518 8.39838e-06
1519 1.447e-05
1520 2.06379e-05
1521 1.52612e-05
1522 1.32458e-05
1523 2.20262e-05
1524 1.68428e-05
1525 1.46415e-05
1526 1.73199e-05
1527 2.05854e-05
1528 1.57722e-05
1529 1.98411e-05
1530 1.60294e-05
1531 1.33842e-05
1532 1.51869e-05
1533 7.56475e-06
1534 1.27928e-05
1535 1.59062e-05
1536 1.46594e-05
1537 1.9064e-05
1538 1.79879e-05
1539 2.0118e-05
1540 1.70277e-05
1541 7.49994e-06
1542 9.78684e-06
1543 1.26598e-05
1544 1.34846e-05
1545 6.32254e-06
1546 1.42166e-05
1547 7.86197e-06
1548 1.55777e-05
1549 2.64349e-05
1550 1.96148e-05
1551 1.18726e-05
1552 1.45014e-05
1553 1.98133e-05
1554 1.25693e-05
1555 1.1153e-05
1556 5.80957e-06
1557 4.65425e-06
1558 1.41392e-05
1559 1.24203e-05
1560 1.13065e-05
1561 5.76951e-06
1562 1.16485e-05
1563 1.02708e-05
1564 1.55128e-05
1565 1.44648e-05
1566 1.22045e-05
1567 1.55702e-05
1568 2.08816e-05
1569 2.46285e-05
1570 1.47338e-05
1571 1.47542e-05
1572 1.76274e-05
1573 1.9181e-05
1574 6.2875e-06
1575 5.0841e-06
1576 1.8057e-05
1577 5.5376e-06
1578 1.46948e-05
1579 1.17116e-05
1580 9.2827e-06
1581 1.14537e-05
1582 1.29777e-05
1583 9.65343e-06
1584 1.18297e-05
1585 1.59926e-05
1586 3.02517e-05
1587 1.16396e-05
1588 1.35893e-05
1589 1.42511e-05
1590 1.18581e-05
1591 6.12134e-06
1592 1.14056e-05
1593 8.39432e-06
1594 1.21757e-05
1595 2.35777e-05
1596 1.50932e-05
1597 1.62457e-05
1598 1.4105e-05
1599 1.54025e-05
1600 2.71166e-05
1601 1.99329e-05
1602 1.65479e-05
1603 2.01295e-05
1604 1.43233e-05
1605 1.15784e-05
1606 1.98926e-05
1607 1.37592e-05
1608 1.39236e-05
1609 1.46186e-05
1610 8.29934e-06
1611 2.21563e-05
1612 1.58396e-05
1613 1.54394e-05
1614 9.84878e-06
1615 1.45047e-05
1616 1.50246e-05
1617 1.38313e-05
1618 1.55522e-05
1619 1.92353e-05
1620 9.03669e-06
1621 1.30525e-05
1622 4.30314e-06
1623 9.74874e-06
1624 1.55896e-05
1625 1.99975e-05
1626 2.46294e-05
1627 1.32417e-05
1628 1.72703e-05
1629 8.14284e-06
1630 6.9094e-06
1631 1.239e-05
1632 1.3837e-05
1633 1.2665e-05
1634 1.62289e-05
1635 1.03052e-05
1636 2.1553e-05
1637 2.05579e-05
1638 1.36011e-05
1639 1.27484e-05
1640 1.15409e-05
1641 1.10372e-05
1642 5.76274e-06
1643 1.28316e-05
1644 9.96369e-06
1645 1.02934e-05
1646 1.67174e-05
1647 1.19496e-05
1648 8.58251e-06
1649 2.02048e-05
1650 1.63423e-05
1651 7.43445e-06
1652 1.7726e-05
1653 1.48964e-05
1654 1.28628e-05
1655 1.20339e-05
1656 1.73746e-05
1657 2.11733e-05
1658 1.17151e-05
1659 7.99367e-06
1660 8.95454e-06
1661 5.35845e-06
1662 1.41841e-05
1663 2.03211e-05
1664 1.20819e-05
1665 2.31697e-05
1666 1.74897e-05
1667 1.31639e-05
1668 9.763e-06
1669 1.23181e-05
1670 1.36049e-05
1671 1.77739e-05
1672 1.12828e-05
1673 1.69548e-05
1674 1.23765e-05
1675 1.06486e-05
1676 1.06812e-05
1677 8.29467e-06
1678 1.27369e-05
1679 1.68627e-05
1680 1.17659e-05
1681 1.51119e-05
1682 1.80499e-05
1683 1.08764e-05
1684 1.09391e-05
1685 1.07758e-05
1686 1.56172e-05
1687 8.37138e-06
1688 6.97035e-06
1689 1.04464e-05
1690 1.9972e-05
1691 4.99558e-06
1692 1.29268e-05
1693 1.82623e-05
1694 1.01561e-05
1695 6.28128e-06
1696 1.32186e-05
1697 5.8831e-06
1698 1.57863e-05
1699 1.13491e-05
1700 8.00103e-06
1701 1.16716e-05
1702 1.67992e-05
1703 1.01457e-05
1704 7.44703e-06
1705 7.68557e-06
1706 7.66287e-06
1707 1.86771e-05
1708 2.22654e-05
1709 1.58678e-05
1710 2.14412e-05
1711 1.57197e-05
1712 1.88181e-05
1713 1.73454e-05
1714 1.45894e-05
1715 1.22118e-05
1716 1.75029e-05
1717 1.51074e-05
1718 7.01028e-06
1719 2.01358e-05
1720 1.51779e-05
1721 1.0695e-05
1722 2.10218e-05
1723 2.71693e-05
1724 2.97351e-05
1725 3.37627e-05
1726 1.39757e-05
1727 1.34118e-05
1728 9.64175e-06
1729 1.77957e-05
1730 1.54334e-05
1731 9.12525e-06
1732 1.09894e-05
1733 1.18999e-05
1734 1.77485e-05
1735 1.48024e-05
1736 8.40064e-06
1737 2.10419e-05
1738 2.51457e-05
1739 2.16299e-05
1740 1.12662e-05
1741 1.95259e-05
1742 1.30696e-05
1743 1.05268e-05
1744 1.97979e-05
1745 1.39743e-05
1746 8.78025e-06
1747 1.25681e-05
1748 7.56138e-06
1749 1.57015e-05
1750 1.32731e-05
1751 1.52492e-05
1752 8.83522e-06
1753 3.25634e-06
1754 8.96947e-06
1755 7.28226e-06
1756 1.95058e-05
1757 1.05473e-05
1758 6.94494e-06
1759 8.76637e-06
1760 1.49055e-05
1761 1.05038e-05
1762 1.77666e-05
1763 1.10325e-05
1764 1.05231e-05
1765 1.10235e-05
1766 1.28816e-05
1767 6.71176e-06
1768 1.10665e-05
1769 2.32109e-05
1770 2.94471e-05
1771 2.44894e-05
1772 2.0931e-05
1773 1.01674e-05
1774 9.51016e-06
1775 7.865e-06
1776 9.33634e-06
1777 6.90616e-06
1778 1.26748e-05
1779 1.16576e-05
1780 1.64267e-05
1781 1.07085e-05
1782 7.03809e-06
1783 1.28482e-05
1784 8.84251e-06
1785 1.35301e-05
1786 2.31576e-05
1787 2.99896e-05
1788 2.11643e-05
1789 1.76128e-05
1790 2.13665e-05
1791 1.83082e-05
1792 1.60379e-05
1793 1.05813e-05
1794 1.39184e-05
1795 9.80122e-06
1796 9.41568e-06
1797 1.15765e-05
1798 1.21713e-05
1799 1.64454e-05
1800 5.20793e-06
1801 3.37643e-06
1802 2.54824e-06
1803 1.16681e-05
1804 6.77803e-06
1805 1.15636e-05
1806 8.37306e-06
1807 1.12238e-05
1808 5.19915e-06
1809 2.43539e-05
1810 2.48691e-05
1811 1.60606e-05
1812 1.2049e-05
1813 1.42921e-05
1814 1.65807e-05
1815 1.50509e-05
1816 1.26421e-05
1817 1.54749e-05
1818 1.76803e-05
1819 1.02341e-05
1820 1.50804e-05
1821 8.42571e-06
1822 1.06178e-05
1823 9.30052e-06
1824 3.83005e-06
1825 1.04966e-05
1826 1.24414e-05
1827 1.39257e-05
1828 1.942e-05
1829 1.32804e-05
1830 1.51577e-05
1831 1.62823e-05
1832 1.11799e-05
1833 1.48153e-05
1834 1.36349e-05
1835 8.76405e-06
1836 9.14252e-06
1837 3.85617e-06
1838 1.02128e-05
1839 1.6889e-05
1840 2.36378e-05
1841 9.20186e-06
1842 4.14944e-06
1843 1.52117e-05
1844 8.95881e-06
1845 1.18524e-05
1846 1.05082e-05
1847 7.27296e-06
1848 1.74704e-05
1849 1.3253e-05
1850 2.14526e-05
1851 1.36514e-05
1852 1.44027e-05
1853 6.13236e-06
1854 1.70587e-05
1855 1.59732e-05
1856 4.79125e-06
1857 1.54551e-05
1858 9.9619e-06
1859 2.14738e-05
1860 1.43291e-05
1861 1.282e-05
1862 1.18928e-05
1863 9.21184e-06
1864 1.02678e-05
1865 2.44563e-05
1866 1.03227e-05
1867 1.36665e-05
1868 5.52085e-06
1869 1.06834e-05
1870 1.14821e-05
1871 1.39579e-05
1872 1.90861e-05
1873 1.02069e-05
1874 3.46621e-06
1875 9.69118e-06
1876 1.06466e-05
1877 9.22494e-06
1878 8.5687e-06
1879 2.05153e-05
1880 1.3421e-05
1881 1.42289e-05
1882 5.4466e-06
1883 1.14287e-05
1884 9.85336e-06
1885 1.48335e-05
1886 1.19194e-05
1887 1.11393e-05
1888 1.25948e-05
1889 8.76257e-06
1890 9.9241e-06
1891 8.35978e-06
1892 1.39563e-05
1893 1.28908e-05
1894 1.84596e-05
1895 6.82864e-06
1896 8.1058e-06
1897 9.12668e-06
1898 1.27607e-05
1899 9.45073e-06
1900 6.24859e-06
1901 6.45319e-06
1902 1.70253e-05
1903 8.16227e-06
1904 6.56781e-06
1905 1.24516e-05
1906 1.09194e-05
1907 1.42632e-05
1908 8.60986e-06
1909 5.21482e-06
1910 8.65469e-06
1911 1.15329e-05
1912 5.9633e-06
1913 2.61019e-05
1914 1.50104e-05
1915 2.57924e-05
1916 9.40791e-06
1917 7.33637e-06
1918 7.80127e-06
1919 5.04386e-06
1920 1.06293e-05
1921 5.64112e-06
1922 1.36928e-05
1923 1.08552e-05
1924 1.03036e-05
1925 6.65711e-06
1926 1.98112e-05
1927 7.01322e-06
1928 1.28432e-05
1929 6.31715e-06
1930 5.70849e-06
1931 7.02415e-06
1932 1.37288e-05
1933 1.28832e-05
1934 1.50669e-05
1935 1.20301e-05
1936 5.68294e-06
1937 2.0632e-05
1938 1.05673e-05
1939 1.33328e-05
1940 6.32831e-06
1941 7.01565e-06
1942 2.00425e-05
1943 4.75706e-06
1944 9.91937e-06
1945 6.97492e-06
1946 2.29126e-05
1947 1.6244e-05
1948 1.24071e-05
1949 9.74034e-06
1950 3.37668e-06
1951 1.72847e-05
1952 2.59284e-05
1953 9.82921e-06
1954 6.51952e-06
1955 2.09241e-05
1956 1.05243e-05
1957 1.06752e-05
1958 3.93445e-06
1959 7.80339e-06
1960 1.27705e-05
1961 1.17652e-05
1962 1.02806e-05
1963 1.07216e-05
1964 1.62915e-05
1965 8.52927e-06
1966 8.0845e-06
1967 1.17793e-05
1968 1.94401e-05
1969 1.87828e-05
1970 1.36076e-05
1971 1.98669e-05
1972 1.80511e-05
1973 2.5175e-05
1974 7.97177e-06
1975 1.18376e-05
1976 1.51144e-05
1977 8.58797e-06
1978 1.12583e-05
1979 6.56623e-06
1980 2.06425e-05
1981 1.21616e-05
1982 1.69083e-05
1983 1.84763e-05
1984 2.20763e-05
1985 1.82157e-05
1986 1.70494e-05
1987 7.28293e-06
1988 1.03913e-05
1989 6.7994e-06
1990 1.59525e-05
1991 1.48136e-05
1992 9.81715e-06
1993 1.27431e-05
1994 8.22748e-06
1995 2.22166e-06
1996 6.48817e-06
1997 1.64261e-05
1998 9.48122e-06
1999 8.54347e-06
2000 2.2149e-05
2001 1.03454e-05
2002 1.14332e-05
2003 6.80899e-06
2004 5.92439e-06
2005 9.98561e-06
2006 2.04473e-05
2007 1.22208e-05
2008 1.30774e-05
2009 7.54032e-06
2010 1.33568e-05
2011 1.27907e-05
2012 9.15771e-06
2013 9.22916e-06
2014 1.05563e-05
2015 1.11946e-05
2016 3.50062e-06
2017 9.66419e-06
2018 1.65589e-05
2019 1.48738e-05
2020 4.52862e-06
2021 1.60996e-05
2022 7.55483e-06
2023 1.09235e-05
2024 3.3444e-06
2025 1.36087e-05
2026 1.20451e-05
2027 6.94512e-06
2028 5.58459e-06
2029 1.29723e-05
2030 8.99223e-06
2031 3.82644e-05
2032 2.75062e-05
2033 1.89439e-05
2034 1.83476e-05
2035 1.09953e-05
2036 7.43351e-06
2037 9.41783e-06
2038 2.03478e-05
2039 7.26888e-06
2040 8.05743e-06
2041 5.64191e-06
2042 2.03417e-05
2043 6.30765e-06
2044 1.21532e-05
2045 1.49182e-05
2046 1.46477e-05
2047 8.53607e-06
2048 1.3792e-05
2049 2.01492e-05
2050 2.05593e-05
2051 7.53102e-06
2052 1.34659e-05
2053 1.29619e-05
2054 1.58837e-05
2055 8.00016e-06
2056 1.95258e-05
2057 8.32764e-06
2058 2.04946e-05
2059 2.80824e-05
2060 1.69185e-05
2061 9.68358e-06
2062 1.05456e-05
2063 9.61124e-06
2064 4.77113e-06
2065 7.27698e-06
2066 9.0988e-06
2067 7.48531e-06
2068 1.72066e-05
2069 1.18964e-05
2070 1.53936e-05
2071 1.77363e-05
2072 1.27539e-05
2073 5.00724e-06
2074 2.10965e-05
2075 9.48334e-06
2076 1.76115e-05
2077 8.2176e-06
2078 1.69684e-05
2079 8.15341e-06
2080 1.94128e-05
2081 1.67691e-05
2082 1.32604e-05
2083 8.96252e-06
2084 1.75391e-05
2085 1.18587e-05
2086 9.66406e-06
2087 1.32497e-05
2088 1.33302e-05
2089 9.60663e-06
2090 9.19714e-06
2091 9.33429e-06
2092 1.54699e-05
2093 5.50672e-06
2094 8.90912e-06
2095 9.10114e-06
2096 1.60011e-05
2097 1.10319e-05
2098 1.03857e-05
2099 1.17804e-05
2100 8.81715e-06
2101 1.28035e-05
2102 6.81522e-06
2103 1.08299e-05
2104 1.76112e-05
2105 1.4217e-05
2106 1.02765e-05
2107 9.04979e-06
2108 2.80415e-06
2109 6.95657e-06
2110 3.75637e-06
2111 3.58826e-06
2112 7.02764e-06
2113 2.38167e-05
2114 7.24322e-06
2115 8.54844e-06
2116 1.05283e-05
2117 1.81038e-05
2118 7.31799e-06
2119 1.01118e-05
2120 1.66509e-05
2121 1.55813e-05
2122 1.0772e-05
2123 4.58367e-06
2124 2.5791e-06
2125 7.06585e-06
2126 1.16666e-05
2127 6.25075e-06
2128 1.22317e-05
2129 5.3036e-06
2130 8.43651e-06
2131 2.86257e-06
2132 8.62791e-06
2133 3.61715e-06
2134 1.24809e-05
2135 9.85691e-06
2136 1.75877e-05
2137 7.65647e-06
2138 1.23961e-05
2139 1.55964e-05
2140 1.78247e-05
2141 1.53204e-05
2142 7.18242e-06
2143 6.01929e-06
2144 1.66868e-05
2145 1.94533e-05
2146 1.44171e-05
2147 1.08742e-05
2148 1.4743e-05
2149 1.13937e-05
2150 1.12847e-05
2151 1.01066e-05
2152 1.00408e-05
2153 3.3592e-06
2154 1.60519e-06
2155 8.50709e-06
2156 1.07883e-05
2157 9.13535e-06
2158 8.31663e-06
2159 2.02472e-05
2160 1.13051e-05
2161 9.07478e-06
2162 1.54252e-05
2163 7.34253e-06
2164 1.03778e-05
2165 1.04531e-05
2166 3.47226e-06
2167 4.81493e-06
2168 1.15879e-05
2169 1.4923e-05
2170 1.03402e-05
2171 8.51677e-06
2172 1.58169e-05
2173 6.31181e-06
2174 2.01557e-05
2175 1.15338e-05
2176 8.88119e-06
2177 1.26912e-05
2178 1.0731e-05
2179 3.62548e-06
2180 7.20448e-06
2181 8.97901e-06
2182 7.9603e-06
2183 9.00774e-06
2184 7.31944e-06
2185 8.90097e-06
2186 1.48487e-05
2187 9.36563e-06
2188 1.35829e-05
2189 1.3833e-05
2190 9.04975e-06
2191 1.2776e-05
2192 4.5732e-06
2193 9.45828e-06
2194 7.5145e-06
2195 1.36398e-05
2196 1.84651e-05
2197 7.73754e-06
2198 1.34157e-05
2199 1.165e-05
2200 6.83761e-06
2201 1.2954e-05
2202 1.09746e-05
2203 1.04232e-05
2204 1.23146e-05
2205 8.05179e-06
2206 3.83514e-06
2207 8.68965e-06
2208 1.21852e-05
2209 1.13412e-05
2210 1.70218e-05
2211 9.86262e-06
2212 1.03351e-05
2213 1.60831e-05
2214 5.69733e-06
2215 8.37024e-06
2216 8.59355e-06
2217 1.48469e-05
2218 1.2076e-05
2219 8.29684e-06
2220 6.45306e-06
2221 1.36237e-05
2222 1.67414e-05
2223 7.75442e-06
2224 4.96395e-06
2225 5.74693e-06
2226 1.14438e-05
2227 1.13614e-05
2228 1.29923e-05
2229 3.64947e-06
2230 1.19814e-05
2231 1.02472e-05
2232 4.01138e-06
2233 2.65376e-06
2234 1.20097e-05
2235 2.27963e-06
2236 9.70776e-06
2237 1.3752e-05
2238 1.40617e-05
2239 5.45192e-06
2240 7.45865e-06
2241 1.8323e-05
2242 1.49516e-05
2243 1.10502e-05
2244 2.01437e-05
2245 1.68137e-05
2246 1.22932e-05
2247 9.12036e-06
2248 5.97227e-06
2249 7.78339e-06
2250 1.59893e-05
2251 1.2694e-05
2252 9.31558e-06
2253 1.53587e-05
2254 7.81766e-06
2255 8.04602e-06
2256 1.45919e-05
2257 1.22693e-05
2258 9.78575e-06
2259 6.55005e-06
2260 9.10435e-06
2261 2.16483e-05
2262 1.89831e-05
2263 1.05034e-05
2264 9.42152e-06
2265 1.6736e-05
2266 1.04466e-05
2267 4.91564e-06
2268 6.03451e-06
2269 9.26892e-06
2270 7.46914e-06
2271 1.75372e-05
2272 2.32805e-05
2273 6.35962e-06
2274 1.11605e-05
2275 1.53723e-05
2276 3.79506e-06
2277 1.5206e-05
2278 7.95112e-06
2279 1.02706e-05
2280 6.77051e-06
2281 5.89266e-06
2282 8.13055e-06
2283 1.28146e-05
2284 1.17284e-05
2285 9.95627e-06
2286 1.18751e-05
2287 8.29223e-06
2288 1.64029e-05
2289 5.00585e-06
2290 4.43151e-06
2291 5.33223e-06
2292 1.12365e-05
2293 6.50071e-06
2294 1.25328e-05
2295 2.2644e-05
2296 4.89614e-06
2297 1.40606e-05
2298 3.14801e-06
2299 9.73939e-06
2300 5.29614e-06
2301 5.27824e-06
2302 9.28403e-06
2303 7.63975e-06
2304 1.53611e-05
2305 1.58892e-05
2306 1.72461e-05
2307 1.58619e-05
2308 8.81214e-06
2309 5.24259e-06
2310 6.86893e-06
2311 4.02991e-06
2312 1.18688e-05
2313 1.22909e-05
2314 5.98732e-06
2315 6.27778e-06
2316 7.96463e-06
2317 1.06208e-05
2318 5.58825e-06
2319 5.44541e-06
2320 2.20772e-05
2321 1.23428e-05
2322 6.28442e-06
2323 4.96219e-06
2324 1.39357e-05
2325 9.06963e-06
2326 5.86158e-06
2327 2.60587e-06
2328 9.05308e-06
2329 6.20054e-06
2330 6.24216e-06
2331 1.91827e-06
2332 3.89964e-06
2333 2.01906e-06
2334 6.57869e-06
2335 9.94143e-06
2336 1.19157e-05
2337 4.03561e-06
2338 3.8043e-06
2339 4.81919e-06
2340 9.11435e-06
2341 6.59615e-06
2342 1.08359e-05
2343 9.12487e-06
2344 9.96112e-06
2345 1.07299e-05
2346 9.4292e-06
2347 4.57345e-06
2348 7.09192e-06
2349 4.26654e-06
2350 6.38885e-06
2351 1.0952e-05
2352 1.58367e-05
2353 2.05973e-05
2354 5.89056e-06
2355 4.95823e-06
2356 2.04185e-05
2357 1.64914e-05
2358 1.21774e-05
2359 4.25222e-06
2360 9.65991e-06
2361 1.16393e-05
2362 6.86791e-06
2363 5.50562e-06
2364 2.18123e-06
2365 1.26569e-05
2366 1.86099e-05
2367 6.49222e-06
2368 9.79082e-06
2369 9.84393e-06
2370 8.02698e-06
2371 1.08137e-05
2372 1.0657e-05
2373 5.83025e-06
2374 1.40479e-05
2375 4.92372e-06
2376 3.74257e-06
2377 6.1475e-06
2378 7.46115e-06
2379 9.6861e-06
2380 6.30655e-06
2381 6.81383e-06
2382 5.3497e-06
2383 5.81681e-06
2384 1.32826e-05
2385 1.41214e-05
2386 1.01241e-05
2387 8.07438e-06
2388 3.73041e-06
2389 3.75045e-06
2390 3.5851e-06
2391 4.39731e-06
2392 5.08704e-06
2393 8.93225e-06
2394 1.23244e-05
2395 6.58524e-06
2396 6.1188e-06
2397 1.31527e-05
2398 9.36869e-06
2399 9.52954e-06
2400 2.89274e-06
2401 3.19415e-06
2402 8.26871e-06
2403 5.0165e-06
2404 1.89409e-06
2405 3.3599e-06
2406 2.04878e-05
2407 4.53079e-06
2408 7.84811e-06
2409 9.03955e-06
2410 1.40735e-05
2411 1.32737e-05
2412 1.21553e-05
2413 5.81691e-06
2414 7.75756e-06
2415 1.36793e-05
2416 4.97962e-06
2417 1.2541e-05
2418 6.38882e-06
2419 5.35002e-06
2420 1.12976e-05
2421 8.23789e-06
2422 8.34853e-06
2423 8.1674e-06
2424 5.12899e-06
2425 5.28628e-06
2426 1.21032e-05
2427 9.32462e-06
2428 1.3643e-05
2429 1.14402e-05
2430 5.97697e-06
2431 5.96816e-06
2432 4.97577e-06
2433 1.23716e-05
2434 1.49465e-05
2435 9.59319e-06
2436 6.86624e-06
2437 5.43257e-06
2438 7.03584e-06
2439 3.2308e-06
2440 9.73185e-06
2441 1.46504e-05
2442 1.14994e-05
2443 8.87881e-06
2444 1.39117e-05
2445 1.28577e-05
2446 7.6318e-06
2447 1.25426e-05
2448 1.13393e-05
2449 1.55731e-05
2450 1.32789e-05
2451 9.42091e-06
2452 8.43013e-06
2453 9.67477e-06
2454 1.16105e-05
2455 1.13016e-05
2456 1.11413e-05
2457 1.28892e-05
2458 1.18415e-05
2459 1.43246e-05
2460 1.19907e-05
2461 8.18723e-06
2462 5.747e-06
2463 6.0869e-06
2464 5.60391e-06
2465 5.74961e-06
2466 7.51802e-06
2467 3.98678e-06
2468 5.37779e-06
2469 7.7865e-06
2470 9.5004e-06
2471 5.70486e-06
2472 7.21978e-06
2473 1.17751e-05
2474 8.48014e-06
2475 2.17776e-05
2476 5.43888e-06
2477 5.08175e-06
2478 2.34121e-06
2479 7.05701e-06
2480 3.85945e-06
2481 7.58895e-06
2482 5.44609e-06
2483 9.95704e-06
2484 8.36685e-06
2485 6.79063e-06
2486 1.07421e-05
2487 6.58275e-06
2488 8.22016e-06
2489 8.31014e-06
2490 8.61085e-06
2491 7.71253e-06
2492 5.95692e-06
2493 1.17314e-05
2494 1.21453e-05
2495 4.5779e-06
2496 1.86027e-06
2497 2.47535e-06
2498 4.65111e-06
2499 6.02157e-06
2500 2.38857e-06
2501 6.63319e-06
2502 1.24154e-06
2503 7.86562e-06
2504 1.20939e-05
2505 1.82875e-05
2506 1.17493e-05
2507 1.13416e-05
2508 9.51568e-06
2509 1.50369e-05
2510 1.12068e-05
2511 1.41071e-05
2512 4.66285e-06
2513 6.53447e-06
2514 9.73172e-06
2515 5.42009e-06
2516 6.96698e-06
2517 9.16423e-06
2518 3.44519e-06
2519 8.97929e-06
2520 2.35799e-06
2521 7.059e-06
2522 6.42332e-06
2523 3.9477e-06
2524 1.34882e-05
2525 6.13438e-06
2526 6.1366e-06
2527 9.33785e-06
2528 6.45795e-06
2529 1.08033e-05
2530 8.74268e-06
2531 8.11066e-06
2532 3.58058e-06
2533 4.60481e-06
2534 1.51762e-05
2535 1.34449e-05
2536 5.93707e-06
2537 5.18251e-06
2538 1.47756e-05
2539 4.81398e-06
2540 6.36926e-06
2541 1.30321e-05
2542 6.70036e-06
2543 1.62527e-06
2544 6.39569e-06
2545 7.29994e-06
2546 5.48501e-06
2547 9.09068e-06
2548 4.06572e-06
2549 8.93019e-06
2550 1.0088e-05
2551 1.06627e-05
2552 6.05828e-06
2553 1.02137e-05
2554 3.81379e-06
2555 4.92404e-06
2556 6.83995e-06
2557 7.15604e-06
2558 2.64689e-06
2559 9.56257e-06
2560 1.17656e-05
2561 6.92227e-06
2562 6.42238e-06
2563 7.95487e-06
2564 5.42323e-06
2565 2.8295e-06
2566 9.12995e-06
2567 2.50087e-06
2568 1.04985e-05
2569 4.76773e-06
2570 5.12575e-06
2571 1.11087e-05
2572 3.90697e-06
2573 6.30344e-06
2574 1.33391e-05
2575 3.34445e-06
2576 1.57657e-05
2577 5.74299e-06
2578 7.00004e-06
2579 9.62012e-06
2580 8.18574e-06
2581 7.407e-06
2582 5.01104e-06
2583 8.06596e-06
2584 2.1611e-06
2585 4.92348e-06
2586 8.34438e-06
2587 5.42723e-06
2588 4.65828e-06
2589 1.00627e-05
2590 4.30705e-06
2591 1.50313e-05
2592 6.55784e-06
2593 6.78791e-06
2594 7.67071e-06
2595 6.5779e-06
2596 1.12671e-05
2597 1.16189e-05
2598 8.23376e-06
2599 1.44716e-05
2600 2.74623e-05
2601 9.6109e-06
2602 4.73987e-06
2603 1.45836e-06
2604 7.00245e-07
2605 1.40565e-05
2606 1.63613e-05
2607 5.10162e-06
2608 7.47754e-06
2609 8.88422e-06
2610 8.02734e-06
2611 3.45267e-06
2612 8.05366e-06
2613 1.16922e-05
2614 2.91229e-06
2615 5.76891e-06
2616 1.50017e-05
2617 1.67625e-05
2618 8.1761e-06
2619 7.1341e-06
2620 4.86581e-06
2621 7.68085e-06
2622 2.67635e-06
2623 7.96494e-06
2624 3.11966e-06
2625 7.60062e-06
2626 9.83843e-06
2627 2.81912e-06
2628 8.72535e-06
2629 1.43113e-05
2630 1.39889e-05
2631 1.23131e-05
2632 5.5978e-06
2633 4.8345e-06
2634 5.76124e-06
2635 1.46079e-05
2636 6.90614e-06
2637 4.74625e-06
2638 2.39675e-06
2639 4.09361e-06
2640 8.17448e-06
2641 9.75176e-06
2642 4.68045e-06
2643 1.12044e-05
2644 5.3061e-06
2645 4.09478e-06
2646 4.65033e-06
2647 5.54839e-06
2648 4.14144e-06
2649 4.53857e-06
2650 2.197e-06
2651 1.83589e-06
2652 4.35949e-06
2653 6.59299e-06
2654 1.61399e-05
2655 1.06398e-05
2656 1.18269e-05
2657 9.5303e-06
2658 4.54568e-06
2659 4.44929e-06
2660 8.24847e-06
2661 4.78996e-06
2662 2.18312e-06
2663 6.7788e-06
2664 4.98422e-06
2665 5.22475e-06
2666 2.34212e-06
2667 2.5984e-06
2668 8.06355e-06
2669 4.89857e-06
2670 1.57587e-05
2671 7.77515e-06
2672 7.63337e-06
2673 6.79922e-06
2674 3.3304e-06
2675 1.2823e-05
2676 8.81468e-06
2677 6.35711e-06
2678 1.60374e-05
2679 1.16306e-05
2680 8.71072e-06
2681 1.21168e-06
2682 8.20062e-06
2683 6.26769e-06
2684 1.16942e-05
2685 8.18708e-06
2686 4.37524e-06
2687 1.1975e-05
2688 6.69867e-06
2689 8.09097e-06
2690 5.68565e-06
2691 1.72316e-05
2692 1.34183e-05
2693 1.31498e-05
2694 1.52777e-05
2695 1.25616e-05
2696 8.93209e-06
2697 1.04839e-05
2698 8.75112e-06
2699 1.28222e-05
2700 1.6935e-05
2701 1.38346e-05
2702 1.07459e-05
2703 5.20526e-06
2704 4.42858e-06
2705 4.46632e-06
2706 1.43121e-05
2707 6.62958e-06
2708 4.74799e-06
2709 4.48845e-06
2710 6.94631e-06
2711 1.33794e-05
2712 7.80963e-06
2713 1.56716e-05
2714 7.60469e-06
2715 5.05388e-06
2716 1.34725e-05
2717 8.76306e-06
2718 1.11918e-05
2719 9.47677e-06
2720 3.55901e-06
2721 6.24422e-06
2722 9.38173e-06
2723 1.37661e-05
2724 5.67136e-06
2725 3.47106e-06
2726 5.70838e-06
2727 6.87969e-06
2728 3.99022e-06
2729 5.65969e-06
2730 3.49164e-06
2731 2.83131e-06
2732 2.612e-06
2733 6.9273e-06
2734 1.37032e-05
2735 1.13542e-05
2736 8.54692e-06
2737 6.00353e-06
2738 1.21012e-05
2739 2.84706e-06
2740 1.70254e-06
2741 1.02406e-05
2742 1.17339e-05
2743 5.70734e-06
2744 5.15684e-06
2745 1.0025e-05
2746 1.36105e-05
2747 2.57128e-06
2748 1.18557e-05
2749 8.76444e-06
2750 1.68164e-06
2751 1.93176e-06
2752 3.78199e-06
2753 2.69569e-06
2754 8.80517e-06
2755 1.1816e-05
2756 5.28682e-06
2757 3.47175e-06
2758 2.31937e-06
2759 1.04702e-05
2760 1.38577e-05
2761 2.73421e-06
2762 6.65782e-06
2763 1.80669e-06
2764 7.56498e-06
2765 3.4829e-06
2766 7.06341e-06
2767 9.1434e-06
2768 2.10214e-05
2769 8.53326e-06
2770 1.41056e-05
2771 6.41882e-06
2772 6.1012e-06
2773 2.90713e-06
2774 3.49804e-06
2775 2.66029e-06
2776 6.58206e-06
2777 1.90993e-05
2778 1.55744e-05
2779 1.18898e-05
2780 3.95909e-06
2781 8.08081e-06
2782 9.90896e-06
2783 3.79708e-06
2784 8.86352e-07
2785 1.7363e-06
2786 5.98335e-06
2787 9.34704e-06
2788 2.92014e-06
2789 5.0577e-06
2790 6.79215e-06
2791 7.70327e-06
2792 8.28557e-06
2793 4.43512e-06
2794 1.10061e-06
2795 9.91389e-06
2796 1.01741e-05
2797 1.00759e-05
2798 3.9464e-06
2799 7.25853e-06
2800 4.33651e-06
2801 1.04517e-05
2802 6.07348e-06
2803 6.42765e-06
2804 8.41392e-06
2805 9.37862e-06
2806 1.07277e-05
2807 3.12225e-06
2808 6.70712e-06
2809 5.90458e-06
2810 9.52843e-06
2811 1.03798e-05
2812 1.18024e-05
2813 9.66711e-06
2814 6.00207e-06
2815 3.64355e-06
2816 5.52907e-06
2817 5.85348e-06
2818 1.34082e-06
2819 4.97223e-06
2820 6.86977e-06
2821 1.09687e-05
2822 2.92939e-06
2823 5.54546e-06
2824 1.84247e-06
2825 9.25036e-06
2826 1.63167e-05
2827 5.1441e-06
2828 4.9462e-06
2829 7.05474e-06
2830 2.662e-06
2831 1.16226e-05
2832 4.71144e-06
2833 6.5877e-06
2834 1.28887e-05
2835 1.23903e-05
2836 1.22546e-05
2837 7.568e-06
2838 7.04833e-06
2839 6.92566e-06
2840 5.74094e-06
2841 2.77217e-06
2842 8.33323e-06
2843 7.38961e-06
2844 8.29275e-06
2845 4.00062e-06
2846 1.04642e-05
2847 5.00814e-06
2848 8.23533e-06
2849 1.28838e-05
2850 5.92983e-06
2851 5.4306e-06
2852 1.12939e-05
2853 5.23806e-06
2854 9.10927e-06
2855 7.31263e-06
2856 8.39246e-06
2857 1.34382e-05
2858 1.83088e-05
2859 9.34069e-06
2860 5.43391e-06
2861 2.22748e-06
2862 1.05824e-05
2863 4.63061e-06
2864 2.92625e-06
2865 8.79583e-06
2866 7.41228e-06
2867 4.85095e-06
2868 1.02673e-05
2869 1.00932e-05
2870 6.60589e-06
2871 3.81356e-06
2872 8.08168e-06
2873 8.04853e-06
2874 4.27773e-06
2875 7.3385e-06
2876 2.9226e-06
2877 5.93833e-06
2878 1.29832e-05
2879 5.05287e-06
2880 6.62477e-06
2881 1.30089e-05
2882 4.26079e-06
2883 8.24966e-06
2884 6.44203e-06
2885 4.0132e-06
2886 1.22186e-05
2887 7.35114e-06
2888 6.87387e-06
2889 3.04857e-06
2890 1.15257e-05
2891 6.36605e-06
2892 7.70304e-06
2893 5.03063e-06
2894 8.18878e-06
2895 9.30946e-06
2896 7.65939e-06
2897 5.67404e-06
2898 7.09371e-06
2899 4.61934e-06
2900 2.51883e-06
2901 7.49563e-06
2902 2.2453e-06
2903 5.55682e-06
2904 1.06226e-05
2905 9.28281e-06
2906 2.78817e-06
2907 1.28113e-05
2908 3.49381e-06
2909 2.94665e-06
2910 1.08325e-05
2911 1.26318e-05
2912 1.00883e-05
2913 5.95542e-06
2914 7.13541e-06
2915 8.1739e-06
2916 7.90098e-06
2917 1.10113e-05
2918 5.37071e-06
2919 7.87686e-06
2920 1.17648e-06
2921 8.94953e-06
2922 1.27236e-06
2923 1.21383e-05
2924 6.91366e-06
2925 6.88857e-06
2926 2.82534e-06
2927 6.4224e-06
2928 6.61023e-06
2929 9.55155e-06
2930 1.18033e-05
2931 5.60723e-06
2932 2.3487e-06
2933 1.12654e-05
2934 4.16565e-06
2935 1.29282e-05
2936 4.16957e-06
2937 1.08862e-05
2938 7.61525e-06
2939 1.37741e-05
2940 1.45414e-05
2941 1.09106e-05
2942 1.21126e-05
2943 7.11466e-06
2944 8.38377e-06
2945 1.52745e-05
2946 6.68152e-06
2947 9.97474e-06
2948 5.62259e-06
2949 4.49459e-06
2950 1.31429e-05
2951 1.44042e-05
2952 4.37184e-06
2953 1.21298e-05
2954 6.35333e-06
2955 3.03416e-06
2956 1.06897e-05
2957 4.54954e-06
2958 5.53434e-06
2959 4.98521e-07
2960 7.52517e-06
2961 1.09379e-05
2962 3.65268e-06
2963 3.70178e-06
2964 5.02006e-06
2965 4.50077e-06
2966 2.77976e-06
2967 1.26598e-06
2968 5.17784e-06
2969 5.04774e-06
2970 1.16442e-05
2971 7.27776e-06
2972 1.00937e-05
2973 5.8534e-06
2974 7.15437e-06
2975 8.55729e-06
2976 9.81152e-06
2977 1.13899e-05
2978 1.55147e-05
2979 1.13597e-05
2980 5.0802e-06
2981 8.01099e-06
2982 2.88873e-06
2983 5.20361e-06
2984 5.4458e-06
2985 3.12322e-06
2986 2.76195e-06
2987 4.84131e-06
2988 2.16549e-06
2989 9.13802e-06
2990 3.32124e-06
2991 7.07913e-06
2992 3.73372e-06
2993 4.23848e-06
2994 6.85924e-06
2995 8.64349e-06
2996 3.47963e-06
2997 9.79954e-06
2998 5.32823e-06
2999 1.00634e-05
3000 5.59441e-06
3001 3.64239e-06
3002 4.49742e-06
3003 8.4731e-06
3004 1.3084e-05
3005 5.38672e-06
3006 1.75357e-05
3007 1.87393e-05
3008 7.10378e-06
3009 3.1216e-06
3010 2.88873e-06
3011 2.61951e-06
3012 5.43828e-06
3013 1.07494e-05
3014 1.27078e-05
3015 4.87976e-06
3016 7.2199e-06
3017 6.46868e-06
3018 3.27039e-06
3019 7.19675e-06
3020 2.19466e-06
3021 7.68959e-06
3022 6.94371e-06
3023 2.70636e-06
3024 3.64145e-06
3025 3.40149e-06
3026 1.74397e-06
3027 3.72922e-06
3028 3.9543e-06
3029 4.58327e-06
3030 8.75648e-06
3031 7.40556e-06
3032 2.82179e-06
3033 6.75816e-06
3034 2.92587e-06
3035 2.98758e-06
3036 3.07672e-06
3037 4.77623e-06
3038 7.80646e-06
3039 3.80022e-06
3040 8.35768e-06
3041 4.94727e-06
3042 6.45958e-06
3043 7.3769e-06
3044 4.12057e-06
3045 2.86548e-06
3046 8.62205e-06
3047 9.25241e-06
3048 2.82988e-06
3049 2.68424e-06
3050 4.43557e-06
3051 9.98396e-06
3052 9.12424e-06
3053 5.39186e-06
3054 5.51117e-06
3055 1.39271e-05
3056 5.51282e-06
3057 8.17862e-06
3058 7.85707e-06
3059 7.16734e-06
3060 4.70607e-06
3061 5.54182e-06
3062 5.76055e-06
3063 1.13903e-05
3064 1.00396e-05
3065 1.91915e-06
3066 7.23418e-06
3067 1.17325e-05
3068 1.05263e-05
3069 3.36143e-06
3070 2.4838e-06
3071 3.72874e-06
3072 6.30889e-06
3073 6.73935e-06
3074 1.10739e-05
3075 5.58219e-06
3076 4.01964e-06
3077 5.83567e-06
3078 1.78582e-05
3079 6.28249e-06
3080 1.50828e-05
3081 1.0401e-05
3082 9.68245e-06
3083 8.8655e-06
3084 4.77507e-06
3085 1.92568e-06
3086 4.5902e-06
3087 2.20654e-06
3088 2.69263e-06
3089 1.08868e-05
3090 4.47215e-06
3091 5.12318e-06
3092 4.95784e-06
3093 1.30882e-05
3094 4.37685e-06
3095 5.57458e-06
3096 8.96166e-06
3097 6.78548e-06
3098 5.6765e-06
3099 6.51181e-06
3100 1.29316e-05
3101 7.36799e-06
3102 1.36759e-05
3103 3.50723e-06
3104 6.09931e-06
3105 8.92281e-07
3106 1.47936e-06
3107 1.81491e-06
3108 2.14668e-06
3109 2.55896e-06
3110 6.86587e-06
3111 4.20773e-06
3112 1.67992e-06
3113 2.75993e-06
3114 3.17501e-06
3115 1.44671e-05
3116 4.3356e-06
3117 1.17506e-05
3118 1.10472e-05
3119 5.59883e-06
3120 6.44252e-06
3121 5.43112e-06
3122 5.23156e-06
3123 3.32569e-06
3124 3.78759e-06
3125 5.25503e-06
3126 5.25667e-06
3127 9.88566e-07
3128 7.93338e-06
3129 2.85746e-06
3130 7.18292e-06
3131 9.36787e-06
3132 7.00528e-06
3133 5.79044e-06
3134 3.79256e-06
3135 1.80656e-06
3136 3.16249e-06
3137 6.48858e-06
3138 3.96009e-06
3139 1.29665e-06
3140 1.75241e-06
3141 6.08961e-06
3142 2.08649e-06
3143 8.90021e-06
3144 5.33097e-06
3145 2.79844e-06
3146 2.74565e-06
3147 1.40395e-06
3148 2.80911e-06
3149 2.39803e-06
3150 4.3361e-06
3151 8.40292e-06
3152 3.29552e-06
3153 2.26075e-06
3154 7.07269e-06
3155 7.12132e-06
3156 2.0191e-06
3157 6.32229e-06
3158 7.02693e-06
3159 1.06928e-05
3160 7.35036e-06
3161 2.13306e-06
3162 7.91427e-06
3163 8.50617e-06
3164 8.26338e-06
3165 5.94613e-06
3166 4.07898e-06
3167 3.42494e-06
3168 1.72558e-06
3169 1.07057e-05
3170 9.33159e-06
3171 5.1161e-06
3172 1.8999e-06
3173 6.89744e-06
3174 1.1365e-05
3175 9.19279e-06
3176 3.88996e-06
3177 6.72869e-06
3178 9.06941e-06
3179 4.47536e-06
3180 4.69612e-06
3181 4.32785e-06
3182 3.15384e-06
3183 8.15184e-06
3184 1.59688e-05
3185 9.27066e-06
3186 1.6893e-05
3187 9.12942e-06
3188 1.65773e-06
3189 4.18573e-06
3190 1.06272e-05
3191 1.4046e-05
3192 5.47409e-06
3193 2.89601e-06
3194 2.05582e-06
3195 4.48434e-06
3196 4.88564e-06
3197 8.40526e-06
3198 1.70426e-05
3199 1.27493e-05
3200 5.94263e-06
3201 3.34661e-06
3202 3.58703e-06
3203 9.45209e-06
3204 3.59903e-06
3205 5.45e-06
3206 7.04314e-06
3207 3.80709e-06
3208 7.90491e-06
3209 7.30228e-06
3210 5.87222e-06
3211 2.42739e-06
3212 8.83264e-06
3213 1.17498e-05
3214 2.56061e-06
3215 2.96662e-06
3216 1.03429e-06
3217 2.59788e-06
3218 3.20555e-06
3219 9.0233e-07
3220 2.99824e-06
3221 7.08092e-06
3222 6.69404e-06
3223 4.0003e-06
3224 6.82431e-06
3225 2.93917e-06
3226 9.9425e-06
3227 2.23393e-06
3228 2.9421e-06
3229 2.34958e-06
3230 6.2335e-06
3231 1.0269e-05
3232 5.88015e-06
3233 6.26674e-06
3234 3.87835e-06
3235 1.74385e-06
3236 2.95956e-06
3237 6.07049e-06
3238 2.2163e-06
3239 1.35362e-05
3240 6.62076e-06
3241 1.00767e-05
3242 6.99367e-06
3243 4.16748e-06
3244 7.31404e-06
3245 5.23101e-06
3246 5.51322e-06
3247 3.82249e-06
3248 1.02241e-05
3249 5.64235e-06
3250 4.40823e-06
3251 7.75599e-06
3252 5.73613e-06
3253 6.362e-06
3254 4.49805e-06
3255 8.92918e-06
3256 1.22373e-05
3257 6.45828e-06
3258 3.34098e-06
3259 8.98645e-06
3260 1.12285e-05
3261 5.326e-06
3262 2.67736e-06
3263 5.77211e-06
3264 4.85927e-06
3265 5.73769e-06
3266 3.14346e-06
3267 6.95091e-06
3268 6.13888e-06
3269 3.93367e-06
3270 7.76171e-06
3271 5.48385e-06
3272 6.90782e-06
3273 3.49009e-06
3274 1.5369e-06
3275 5.27829e-06
3276 2.45351e-06
3277 1.02819e-05
3278 6.74697e-06
3279 3.94255e-06
3280 1.67083e-06
3281 3.98685e-06
3282 1.08376e-05
3283 1.18655e-05
3284 1.04278e-05
3285 6.13326e-06
3286 7.68879e-06
3287 2.69331e-06
3288 5.17587e-06
3289 2.24673e-06
3290 6.83764e-07
3291 5.81751e-06
3292 5.099e-06
3293 3.21147e-06
3294 1.26515e-06
3295 1.02076e-05
3296 1.71362e-05
3297 1.16419e-05
3298 4.17058e-06
3299 8.54585e-06
3300 3.7584e-06
3301 1.59894e-06
3302 6.00811e-06
3303 4.12352e-07
3304 6.00266e-06
3305 5.35154e-06
3306 2.04347e-06
3307 1.45111e-06
3308 1.66635e-06
3309 9.32025e-06
3310 3.90979e-06
3311 9.31822e-06
3312 1.04896e-05
3313 1.1553e-05
3314 3.90977e-06
3315 3.79261e-06
3316 2.00391e-06
3317 6.06882e-06
3318 2.90351e-06
3319 5.46318e-06
3320 7.98512e-06
3321 7.61396e-06
3322 6.70187e-06
3323 5.06034e-06
3324 4.48823e-06
3325 8.2896e-06
3326 1.0194e-05
3327 4.41511e-06
3328 5.74334e-06
3329 5.11612e-06
3330 1.48828e-05
3331 4.54778e-06
3332 8.40923e-06
3333 6.23769e-06
3334 5.98849e-06
3335 9.41771e-06
3336 1.56921e-05
3337 6.58091e-06
3338 4.74342e-06
3339 7.53337e-06
3340 3.15819e-06
3341 3.20566e-06
3342 1.85772e-05
3343 8.17476e-06
3344 1.10469e-05
3345 1.06799e-05
3346 6.36668e-06
3347 3.90439e-06
3348 1.60052e-06
3349 1.15898e-05
3350 1.84702e-06
3351 6.90095e-06
3352 7.39735e-06
3353 3.77012e-06
3354 1.73739e-06
3355 3.08356e-06
3356 2.68062e-06
3357 1.37999e-06
3358 4.59489e-06
3359 6.1714e-06
3360 4.81151e-06
3361 2.07951e-06
3362 7.71327e-06
3363 3.59079e-06
3364 2.25227e-06
3365 1.47543e-06
3366 3.67613e-06
3367 1.77611e-06
3368 8.92583e-06
3369 5.50391e-06
3370 1.36605e-05
3371 6.52497e-06
3372 7.24697e-06
3373 2.43563e-06
3374 1.49213e-05
3375 1.68986e-05
3376 9.28465e-06
3377 6.46387e-06
3378 7.8985e-06
3379 3.90813e-06
3380 2.27276e-06
3381 4.52735e-06
3382 8.84979e-06
3383 1.46352e-05
3384 1.5348e-05
3385 7.2523e-06
3386 1.28258e-05
3387 8.75951e-06
3388 7.18982e-06
3389 3.30277e-06
3390 6.53594e-06
3391 6.04012e-06
3392 6.08833e-06
3393 2.58295e-06
3394 2.13393e-06
3395 2.4382e-06
3396 1.19439e-06
3397 6.54521e-06
3398 5.93712e-06
3399 1.11856e-06
3400 4.29466e-06
3401 1.03091e-05
3402 2.60401e-06
3403 7.33791e-06
3404 4.11099e-06
3405 1.58416e-06
3406 4.51755e-06
3407 8.68871e-07
3408 2.08435e-06
3409 6.4424e-06
3410 5.04098e-06
3411 7.19889e-06
3412 5.73514e-06
3413 9.81113e-06
3414 1.23205e-05
3415 3.80726e-06
3416 1.08647e-05
3417 7.79796e-06
3418 9.3497e-06
3419 8.20206e-06
3420 2.88838e-06
3421 3.32298e-06
3422 4.86787e-06
3423 4.29582e-06
3424 1.8932e-06
3425 1.24989e-05
3426 5.71441e-06
3427 1.27618e-05
3428 9.54134e-06
3429 2.35032e-06
3430 3.1575e-06
3431 5.80974e-06
3432 2.17944e-06
3433 6.47863e-06
3434 2.66953e-06
3435 1.88099e-06
3436 5.69563e-06
3437 3.08876e-06
3438 1.66711e-06
3439 2.37035e-06
3440 2.4808e-06
3441 7.27452e-07
3442 3.94069e-06
3443 3.00786e-06
3444 1.63904e-06
3445 7.18011e-07
3446 5.73755e-06
3447 4.68493e-06
3448 4.79643e-06
3449 3.7923e-06
3450 9.05504e-06
3451 7.56963e-06
3452 8.73124e-06
3453 7.82371e-06
3454 2.39961e-06
3455 8.77845e-06
3456 3.64211e-06
3457 8.52435e-06
3458 9.47299e-06
3459 1.76539e-05
3460 7.35344e-06
3461 7.63528e-06
3462 1.41407e-05
3463 9.61015e-06
3464 7.84862e-06
3465 8.30879e-06
3466 5.63439e-06
3467 2.25396e-06
3468 2.7811e-06
3469 3.73448e-06
3470 2.72711e-06
3471 1.81372e-06
3472 2.67309e-06
3473 5.17228e-06
3474 6.66519e-06
3475 8.07762e-06
3476 6.49446e-06
3477 1.94954e-06
3478 3.8658e-06
3479 3.54458e-06
3480 7.3989e-07
3481 9.5447e-06
3482 3.70617e-06
3483 9.65343e-06
3484 9.12573e-06
3485 7.23317e-06
3486 6.84342e-06
3487 1.88807e-06
3488 1.78262e-06
3489 9.89319e-07
3490 8.77731e-06
3491 1.12194e-05
3492 6.96634e-06
3493 9.68789e-06
3494 6.66866e-06
3495 3.24752e-06
3496 9.13705e-07
3497 6.92346e-06
3498 3.8508e-06
3499 3.61335e-06
3500 3.03835e-06
3501 9.90194e-07
3502 2.41178e-06
3503 2.7014e-06
3504 6.39831e-06
3505 1.22414e-05
3506 4.99835e-06
3507 1.56146e-06
3508 3.24234e-06
3509 5.13901e-06
3510 2.7687e-06
3511 1.0344e-05
3512 7.89211e-06
3513 3.19143e-06
3514 7.47172e-06
3515 5.24221e-06
3516 3.10985e-06
3517 5.98807e-06
3518 1.34797e-06
3519 8.92716e-06
3520 9.67402e-06
3521 3.77559e-06
3522 3.91839e-06
3523 1.24484e-06
3524 2.59814e-06
3525 2.76328e-06
3526 9.87388e-07
3527 4.10991e-07
3528 7.70676e-07
3529 9.52436e-06
3530 6.26166e-06
3531 1.06141e-06
3532 5.70378e-06
3533 1.10235e-05
3534 4.85757e-06
3535 4.48586e-06
3536 8.9553e-06
3537 1.18335e-05
3538 5.62063e-06
3539 6.79163e-06
3540 2.87438e-06
3541 6.46431e-07
3542 4.74942e-06
3543 3.49318e-06
3544 8.29751e-06
3545 2.66911e-06
3546 5.52096e-06
3547 4.79168e-06
3548 6.23617e-06
3549 5.84295e-06
3550 7.98397e-06
3551 1.05773e-05
3552 5.4653e-06
3553 6.2363e-06
3554 3.10991e-06
3555 3.91022e-06
3556 2.83799e-06
3557 8.5902e-07
3558 3.47869e-06
3559 6.45145e-06
3560 2.0782e-06
3561 2.79374e-06
3562 4.63453e-06
3563 1.8224e-06
3564 6.44449e-06
3565 6.57531e-06
3566 7.98916e-06
3567 1.14311e-05
3568 6.06477e-06
3569 1.97058e-06
3570 5.3137e-06
3571 2.45917e-06
3572 4.93934e-06
3573 5.16765e-07
3574 5.09015e-06
3575 1.66855e-06
3576 2.71951e-06
3577 8.66605e-06
3578 8.32993e-06
3579 5.29448e-06
3580 3.01903e-06
3581 9.72343e-07
3582 4.1736e-06
3583 5.58141e-06
3584 5.756e-06
3585 2.91719e-06
3586 7.52064e-06
3587 4.50826e-06
3588 5.1677e-06
3589 1.38741e-06
3590 8.87191e-06
3591 5.0133e-06
3592 1.24938e-05
3593 3.49226e-06
3594 4.64084e-06
3595 7.01389e-06
3596 3.91948e-06
3597 3.13582e-06
3598 5.17219e-06
3599 2.40766e-06
3600 5.83042e-06
3601 3.56155e-06
3602 1.77e-06
3603 5.21384e-06
3604 6.52617e-06
3605 7.11501e-06
3606 3.14817e-06
3607 5.07792e-06
3608 1.9324e-06
3609 1.49585e-06
3610 8.75522e-06
3611 8.99301e-06
3612 2.30321e-06
3613 2.86675e-06
3614 2.55421e-06
3615 8.06215e-06
3616 7.12357e-06
3617 2.24494e-06
3618 4.37535e-07
3619 7.44855e-07
3620 4.36325e-07
3621 5.25717e-06
3622 1.21035e-05
3623 3.76937e-06
3624 6.2113e-06
3625 3.36642e-06
3626 1.88407e-06
3627 2.33106e-06
3628 7.5813e-06
3629 4.34598e-06
3630 5.81875e-06
3631 7.23798e-06
3632 6.50823e-06
3633 1.23431e-05
3634 1.52493e-05
3635 9.99267e-06
3636 2.1432e-06
3637 3.89443e-07
3638 3.25384e-06
3639 3.8933e-06
3640 6.35315e-06
3641 2.8099e-06
3642 2.87124e-06
3643 1.36703e-06
3644 4.54741e-06
3645 1.89338e-06
3646 7.33056e-06
3647 5.55437e-06
3648 6.82102e-06
3649 2.61113e-06
3650 1.06062e-05
3651 5.92224e-06
3652 1.20396e-05
3653 6.20519e-06
3654 3.60843e-06
3655 6.452e-06
3656 2.57951e-06
3657 5.28287e-06
3658 2.69032e-06
3659 4.60821e-06
3660 2.19148e-06
3661 1.13308e-06
3662 1.72465e-06
3663 6.38518e-07
3664 4.25508e-06
3665 3.50315e-06
3666 1.57043e-06
3667 3.61618e-06
3668 3.63617e-06
3669 2.33077e-06
3670 1.44122e-05
3671 8.84815e-06
3672 2.64929e-06
3673 5.79789e-06
3674 7.80875e-06
3675 3.76215e-06
3676 1.91773e-06
3677 1.0128e-05
3678 5.26258e-06
3679 1.78286e-06
3680 5.51514e-06
3681 7.247e-06
3682 5.68864e-06
3683 1.06717e-06
3684 2.8992e-06
3685 6.12362e-06
3686 6.38862e-06
3687 7.0282e-06
3688 7.43215e-06
3689 6.55115e-06
3690 3.27678e-06
3691 8.38194e-06
3692 1.39047e-06
3693 7.50685e-06
3694 4.59492e-06
3695 2.66135e-06
3696 1.22734e-06
3697 4.99414e-06
3698 1.22236e-06
3699 6.07532e-06
3700 1.77949e-06
3701 2.55629e-06
3702 2.03999e-06
3703 1.64506e-06
3704 9.72278e-06
3705 1.08641e-05
3706 2.11734e-06
3707 2.06225e-06
3708 7.52938e-06
3709 5.79131e-06
3710 2.46209e-06
3711 5.71431e-06
3712 1.65129e-06
3713 2.33507e-06
3714 3.82919e-06
3715 2.67754e-06
3716 8.64008e-06
3717 5.05018e-06
3718 5.59397e-06
3719 4.76e-06
3720 1.30885e-05
3721 9.98165e-06
3722 1.40933e-05
3723 7.28533e-06
3724 4.00795e-06
3725 1.06792e-06
3726 1.45278e-05
3727 9.33483e-06
3728 7.96949e-06
3729 7.3405e-06
3730 5.26026e-06
3731 2.487e-06
3732 6.28386e-06
3733 2.10258e-06
3734 2.26675e-06
3735 7.60852e-07
3736 4.15863e-07
3737 1.43541e-05
3738 1.27261e-05
3739 9.90894e-06
3740 6.72342e-06
3741 5.91296e-06
3742 1.00751e-05
3743 3.41786e-06
3744 5.63823e-06
3745 2.72119e-06
3746 3.01211e-06
3747 9.64835e-06
3748 7.2466e-06
3749 2.48435e-06
3750 5.11587e-06
3751 2.46492e-06
3752 5.31842e-06
3753 7.55449e-06
3754 2.03476e-06
3755 4.59528e-07
3756 3.92557e-06
3757 1.08055e-06
3758 1.04857e-05
3759 2.4947e-06
3760 2.22818e-06
3761 1.96991e-06
3762 2.13432e-06
3763 9.34341e-06
3764 3.74546e-06
3765 2.03489e-06
3766 9.80245e-07
3767 2.23569e-06
3768 2.6945e-06
3769 2.53205e-06
3770 4.01445e-06
3771 6.60179e-06
3772 3.28824e-06
3773 7.2889e-06
3774 2.54247e-06
3775 1.6668e-05
3776 1.34217e-05
3777 5.60664e-06
3778 1.86181e-06
3779 1.12962e-06
3780 1.46935e-05
3781 5.45627e-06
3782 5.15506e-06
3783 2.56249e-06
3784 8.60533e-07
3785 3.99268e-06
3786 7.36658e-06
3787 6.74101e-06
3788 6.35941e-06
3789 2.2779e-06
3790 8.89538e-06
3791 6.49454e-06
3792 3.34223e-06
3793 2.3878e-06
3794 8.73831e-06
3795 1.40741e-05
3796 1.12396e-05
3797 3.79536e-06
3798 9.51774e-06
3799 4.40362e-06
3800 2.76935e-06
3801 2.53013e-06
3802 7.73095e-06
3803 1.88794e-06
3804 1.08645e-05
3805 7.54671e-06
3806 1.09345e-05
3807 3.50458e-06
3808 7.34907e-06
3809 6.7095e-06
3810 2.9545e-06
3811 3.18799e-06
3812 4.83842e-06
3813 8.6179e-06
3814 2.63455e-06
3815 5.34381e-06
3816 8.45675e-06
3817 1.42423e-05
3818 5.45257e-06
3819 1.85457e-06
3820 2.06057e-06
3821 1.34746e-05
3822 4.29321e-06
3823 3.29027e-06
3824 2.20068e-06
3825 7.86871e-06
3826 2.83457e-06
3827 2.32063e-06
3828 5.82087e-06
3829 6.21608e-06
3830 5.98545e-06
3831 3.42701e-06
3832 3.04659e-06
3833 1.86565e-06
3834 2.4507e-06
3835 1.46881e-06
3836 2.12775e-06
3837 4.1019e-06
3838 2.05531e-06
3839 2.11229e-06
3840 3.17493e-06
3841 3.92698e-06
3842 6.7817e-06
3843 1.40637e-05
3844 5.59293e-06
3845 3.32605e-06
3846 6.68539e-06
3847 1.08613e-06
3848 2.60824e-06
3849 3.48032e-06
3850 3.55252e-06
3851 1.04721e-06
3852 5.48455e-06
3853 4.10398e-06
3854 9.50549e-07
3855 3.06237e-06
3856 9.29882e-07
3857 4.73459e-06
3858 9.77915e-06
3859 4.55714e-06
3860 6.41299e-06
3861 5.42818e-06
3862 6.96863e-06
3863 2.85914e-06
3864 3.54911e-06
3865 1.86477e-06
3866 6.97418e-07
3867 5.11935e-06
3868 6.32021e-06
3869 7.2824e-06
3870 5.70307e-06
3871 2.12654e-06
3872 2.3428e-06
3873 3.36476e-06
3874 4.14125e-06
3875 1.57644e-06
3876 3.38282e-06
3877 6.76254e-06
3878 3.00886e-06
3879 6.33051e-07
3880 2.05801e-06
3881 2.0187e-06
3882 1.39961e-06
3883 1.34221e-06
3884 4.87022e-06
3885 6.43225e-06
3886 3.3369e-06
3887 7.6945e-07
3888 1.27667e-06
3889 1.29183e-06
3890 4.2142e-06
3891 3.69363e-06
3892 2.08753e-06
3893 5.52413e-06
3894 2.84709e-06
3895 8.64872e-07
3896 6.5832e-06
3897 8.00208e-06
3898 1.35096e-06
3899 3.36667e-06
3900 1.19555e-06
3901 6.4217e-06
3902 6.07484e-06
3903 4.5642e-06
3904 2.09963e-06
3905 6.01541e-06
3906 5.23484e-06
3907 6.12734e-06
3908 2.56128e-06
3909 1.96389e-06
3910 1.91216e-06
3911 4.1688e-06
3912 5.74329e-06
3913 5.21663e-06
3914 2.00677e-06
3915 2.53527e-06
3916 2.46621e-06
3917 9.02422e-07
3918 4.66758e-06
3919 2.01742e-06
3920 5.4486e-06
3921 1.78001e-06
3922 1.12726e-05
3923 1.3067e-06
3924 2.78677e-06
3925 1.33846e-05
3926 7.41557e-06
3927 3.90932e-06
3928 3.89845e-06
3929 9.65924e-07
3930 3.66534e-07
3931 5.99157e-06
3932 8.46267e-07
3933 1.17453e-06
3934 6.15695e-06
3935 2.22701e-06
3936 9.80733e-06
3937 3.56092e-06
3938 2.32328e-06
3939 6.72503e-06
3940 1.13834e-05
3941 4.72097e-06
3942 4.41428e-06
3943 7.19927e-06
3944 7.93625e-07
3945 2.12357e-06
3946 4.69538e-06
3947 1.67359e-06
3948 6.20506e-06
3949 1.00936e-05
3950 4.45743e-06
3951 1.33886e-05
3952 1.30079e-05
3953 2.10261e-06
3954 2.75166e-06
3955 7.50394e-07
3956 6.78202e-06
3957 1.97891e-06
3958 4.96435e-06
3959 4.08761e-06
3960 6.55731e-06
3961 4.39832e-06
3962 7.73622e-06
3963 5.92776e-06
3964 1.91999e-06
3965 1.45781e-06
3966 1.46727e-06
3967 1.0348e-06
3968 4.45894e-07
3969 4.78628e-06
3970 9.12157e-07
3971 7.51678e-06
3972 5.18224e-06
3973 1.86634e-06
3974 5.34033e-06
3975 2.53236e-06
3976 4.78282e-06
3977 1.13379e-05
3978 4.19625e-06
3979 3.15778e-06
3980 5.15165e-06
3981 1.0978e-06
3982 3.40109e-06
3983 2.95849e-06
3984 6.30892e-06
3985 9.02287e-06
3986 5.34105e-06
3987 3.63407e-06
3988 5.60411e-06
3989 9.17912e-06
3990 2.79201e-06
3991 4.87347e-06
3992 5.76637e-07
3993 5.31336e-06
3994 7.43852e-06
3995 2.87845e-06
3996 2.9272e-06
3997 3.52635e-06
3998 3.07251e-06
3999 7.81581e-06
4000 3.63782e-06
4001 7.36029e-07
4002 6.55769e-06
4003 1.19422e-05
4004 1.63915e-06
4005 4.02207e-07
4006 4.11379e-07
4007 8.55598e-06
4008 4.18901e-06
4009 2.61314e-06
4010 1.32842e-06
4011 2.1171e-06
4012 1.23116e-06
4013 1.06313e-05
4014 3.7401e-06
4015 1.03294e-05
4016 1.37131e-06
4017 4.48202e-07
4018 2.50996e-06
4019 1.23571e-05
4020 5.13785e-06
4021 3.67946e-06
4022 7.21438e-06
4023 2.63191e-06
4024 5.32752e-06
4025 7.93919e-06
4026 2.9818e-06
4027 2.06527e-06
4028 2.4235e-06
4029 7.16884e-06
4030 6.80743e-06
4031 2.99807e-06
4032 1.32916e-06
4033 2.34265e-06
4034 2.27513e-06
4035 1.09097e-05
4036 1.064e-06
4037 8.54683e-06
4038 4.02601e-06
4039 6.88927e-06
4040 4.50854e-06
4041 8.26164e-06
4042 1.98301e-06
4043 3.13265e-06
4044 1.63333e-06
4045 6.8381e-06
4046 9.67488e-07
4047 2.61976e-06
4048 9.40955e-07
4049 3.84359e-07
4050 1.3934e-05
4051 1.23916e-05
4052 5.14688e-06
4053 1.79121e-06
4054 4.69581e-06
4055 1.77714e-06
4056 1.42408e-06
4057 3.46276e-06
4058 1.47407e-06
4059 4.37153e-06
4060 3.71884e-06
4061 9.31713e-06
4062 2.53592e-06
4063 2.69559e-06
4064 1.28576e-06
4065 4.58289e-06
4066 1.67515e-06
4067 8.95779e-07
4068 2.35245e-06
4069 2.42116e-07
4070 1.82363e-06
4071 3.12978e-06
4072 4.50608e-06
4073 4.26338e-06
4074 1.47028e-06
4075 6.07368e-06
4076 3.67716e-06
4077 1.41581e-06
4078 5.97533e-06
4079 3.87002e-06
4080 5.43278e-06
4081 4.1479e-07
4082 3.99357e-06
4083 3.08008e-06
4084 7.83551e-06
4085 1.45138e-05
4086 3.35692e-06
4087 7.25585e-06
4088 4.37307e-06
4089 5.31124e-06
4090 7.15399e-06
4091 2.81708e-06
4092 6.05653e-06
4093 2.57642e-06
4094 6.56175e-06
4095 4.50213e-06
4096 5.67874e-06
4097 1.9281e-06
4098 9.9667e-06
4099 6.44479e-06
4100 3.57144e-06
4101 2.18146e-06
4102 4.58795e-06
4103 6.08532e-06
4104 7.9348e-06
4105 1.06518e-05
4106 7.60347e-06
4107 9.86197e-06
4108 3.99272e-06
4109 1.31559e-05
4110 9.90368e-06
4111 3.09883e-06
4112 3.76259e-06
4113 1.91594e-06
4114 1.58393e-06
4115 2.87642e-07
4116 2.51418e-06
4117 1.9122e-06
4118 1.74888e-06
4119 2.0662e-06
4120 4.00556e-06
4121 1.2728e-06
4122 3.40718e-06
4123 3.37096e-06
4124 6.74575e-06
4125 4.76801e-06
4126 1.46509e-06
4127 1.87302e-06
4128 6.76897e-07
4129 2.83924e-06
4130 8.43362e-06
4131 2.98144e-06
4132 8.6341e-06
4133 1.22029e-06
4134 1.1979e-06
4135 6.29628e-07
4136 2.74428e-06
4137 5.53645e-07
4138 1.22012e-06
4139 7.89628e-07
4140 1.13234e-05
4141 2.16914e-06
4142 1.32666e-05
4143 2.6966e-06
4144 3.08295e-06
4145 3.59366e-07
4146 1.41031e-06
4147 4.69737e-06
4148 1.59824e-06
4149 3.97958e-06
4150 2.30165e-06
4151 8.57894e-07
4152 1.24503e-06
4153 3.7597e-07
4154 4.18311e-06
4155 1.99302e-06
4156 8.84763e-07
4157 4.9159e-06
4158 1.14966e-05
4159 4.17583e-06
4160 6.16282e-06
4161 9.22542e-06
4162 1.27611e-05
4163 4.22994e-06
4164 3.82031e-06
4165 3.7992e-06
4166 4.47375e-06
4167 4.78389e-06
4168 8.57635e-06
4169 5.93054e-06
4170 5.50474e-06
4171 1.00688e-05
4172 5.34563e-06
4173 1.52078e-06
4174 9.93323e-07
4175 1.64977e-06
4176 1.27181e-05
4177 8.84874e-06
4178 8.62975e-06
4179 4.60271e-06
4180 3.44083e-06
4181 7.67082e-06
4182 6.00837e-06
4183 4.65268e-06
4184 7.71982e-06
4185 4.19697e-06
4186 4.57333e-06
4187 2.06251e-06
4188 6.93955e-06
4189 5.86223e-06
4190 6.90044e-06
4191 3.99222e-07
4192 8.12027e-06
4193 4.49725e-06
4194 3.33924e-06
4195 2.74441e-06
4196 4.91199e-06
4197 1.80832e-06
4198 3.13959e-06
4199 1.30384e-06
4200 2.61362e-06
4201 1.02342e-07
4202 4.25313e-06
4203 5.58914e-06
4204 4.51199e-06
4205 2.34088e-06
4206 5.5203e-06
4207 2.50749e-07
4208 4.30326e-06
4209 6.44685e-06
4210 1.9923e-06
4211 2.94117e-06
4212 1.63832e-06
4213 1.18659e-06
4214 5.02613e-06
4215 2.94176e-06
4216 2.90066e-06
4217 4.09803e-06
4218 1.39073e-06
4219 3.78892e-06
4220 5.14314e-06
4221 3.27845e-06
4222 1.14267e-06
4223 9.64883e-07
4224 7.04512e-06
4225 1.08711e-05
4226 4.60833e-06
4227 4.98204e-06
4228 6.21056e-06
4229 7.6601e-06
4230 3.67255e-06
4231 4.80462e-06
4232 1.05465e-06
4233 4.83533e-06
4234 1.16514e-05
4235 1.02289e-05
4236 8.74958e-06
4237 7.45399e-06
4238 8.78919e-06
4239 8.91271e-06
4240 4.89703e-06
4241 1.31737e-06
4242 2.55711e-06
4243 5.6412e-06
4244 5.03424e-06
4245 2.39342e-06
4246 1.04721e-05
4247 3.32602e-06
4248 2.11195e-06
4249 1.32366e-06
4250 1.93218e-06
4251 4.64301e-06
4252 8.02876e-06
4253 3.46742e-06
4254 9.26128e-07
4255 1.89167e-06
4256 1.67467e-06
4257 1.83968e-06
4258 1.00688e-05
4259 5.12171e-06
4260 2.57741e-06
4261 1.68406e-06
4262 4.59732e-06
4263 4.10252e-06
4264 1.33139e-06
4265 6.10914e-06
4266 5.51766e-06
4267 2.29199e-06
4268 4.27814e-07
4269 4.61349e-06
4270 2.25478e-06
4271 1.19176e-05
4272 6.27341e-06
4273 1.71205e-07
4274 3.51019e-06
4275 2.61317e-07
4276 4.89756e-06
4277 1.95216e-06
4278 1.29249e-06
4279 3.39748e-07
4280 3.27208e-07
4281 1.19564e-07
4282 8.25647e-06
4283 5.61147e-06
4284 2.03018e-06
4285 5.17844e-06
4286 1.56351e-06
4287 8.87747e-06
4288 7.10451e-06
4289 1.79957e-06
4290 5.02039e-06
4291 5.09797e-06
4292 5.95277e-06
4293 2.80745e-06
4294 2.37447e-06
4295 3.88853e-06
4296 1.03323e-06
4297 5.32629e-06
4298 3.19425e-06
4299 1.73702e-06
4300 2.07712e-06
4301 2.92331e-06
4302 2.7149e-06
4303 5.30252e-06
4304 5.02083e-06
4305 1.96359e-06
4306 5.35e-06
4307 2.70331e-06
4308 1.02185e-06
4309 9.0933e-07
4310 3.44936e-06
4311 2.16449e-06
4312 1.02003e-05
4313 3.98376e-06
4314 5.98381e-06
4315 3.69128e-06
4316 2.04776e-06
4317 6.36381e-06
4318 4.18113e-06
4319 2.08905e-06
4320 3.88073e-06
4321 1.45483e-06
4322 8.11382e-06
4323 6.24621e-06
4324 1.00948e-05
4325 2.58356e-06
4326 1.19943e-06
4327 2.3394e-06
4328 4.13978e-06
4329 2.74162e-06
4330 5.61196e-06
4331 2.55512e-06
4332 4.79014e-06
4333 2.44936e-06
4334 2.47353e-06
4335 4.68591e-06
4336 3.39978e-06
4337 8.12796e-06
4338 8.42894e-06
4339 6.94705e-06
4340 1.50117e-06
4341 1.43405e-06
4342 1.7083e-06
4343 6.37416e-06
4344 4.49954e-06
4345 2.27439e-06
4346 2.21031e-06
4347 5.74532e-06
4348 2.55091e-07
4349 2.61508e-07
4350 3.85572e-06
4351 3.24855e-06
4352 8.05849e-07
4353 5.08778e-06
4354 5.50646e-06
4355 1.87115e-06
4356 2.07738e-06
4357 2.14674e-06
4358 9.24251e-06
4359 1.96401e-06
4360 1.82727e-06
4361 5.3311e-06
4362 2.07005e-06
4363 5.17578e-06
4364 4.46656e-06
4365 6.66401e-06
4366 1.63159e-05
4367 1.05328e-05
4368 8.31895e-06
4369 2.09248e-06
4370 8.51304e-07
4371 1.12349e-07
4372 4.33714e-06
4373 5.53269e-06
4374 1.9327e-06
4375 2.91668e-06
4376 1.64005e-06
4377 6.02841e-06
4378 2.44996e-06
4379 7.54894e-06
4380 3.61903e-06
4381 1.36966e-06
4382 1.05626e-06
4383 8.69607e-06
4384 6.36406e-06
4385 7.63503e-07
4386 2.8348e-06
4387 3.81385e-06
4388 1.32731e-05
4389 7.47783e-06
4390 8.01478e-06
4391 1.98699e-06
4392 5.17183e-06
4393 8.67796e-07
4394 2.0577e-06
4395 1.21527e-06
4396 4.03493e-07
4397 2.28087e-06
4398 4.15858e-06
4399 7.71234e-06
4400 2.9791e-06
4401 9.36724e-06
4402 3.27408e-06
4403 2.51154e-06
4404 9.20756e-07
4405 6.22705e-06
4406 9.5513e-06
4407 2.43633e-06
4408 1.40571e-06
4409 1.71589e-06
4410 3.92388e-06
4411 4.92618e-06
4412 6.98006e-06
4413 3.69172e-06
4414 5.56934e-06
4415 8.53577e-07
4416 9.7664e-07
4417 5.332e-08
4418 1.53296e-06
4419 2.8575e-06
4420 1.03415e-06
4421 8.72526e-06
4422 4.46715e-06
4423 5.27124e-06
4424 1.90699e-06
4425 2.94806e-06
4426 3.08703e-06
4427 4.34336e-06
4428 4.59724e-06
4429 6.67876e-06
4430 1.07524e-05
4431 4.46198e-06
4432 8.78792e-06
4433 3.33309e-06
4434 5.54898e-06
4435 5.50914e-06
4436 1.12204e-05
4437 6.65602e-06
4438 4.46555e-06
4439 1.74066e-06
4440 1.80954e-06
4441 7.98418e-07
4442 4.29978e-06
4443 1.88854e-06
4444 6.37128e-06
4445 3.71425e-06
4446 8.22731e-06
4447 3.15687e-06
4448 7.15356e-06
4449 9.09001e-06
4450 3.95101e-06
4451 6.5634e-06
4452 2.1599e-07
4453 4.24823e-06
4454 2.21697e-06
4455 1.05466e-06
4456 3.84763e-06
4457 5.39705e-06
4458 1.96811e-06
4459 6.01715e-06
4460 3.12431e-06
4461 1.67404e-06
4462 2.41208e-06
4463 1.18617e-06
4464 1.6267e-06
4465 6.49821e-06
4466 6.38172e-06
4467 1.11554e-05
4468 2.38892e-06
4469 7.74171e-06
4470 2.9609e-06
4471 1.0639e-06
4472 4.46995e-06
4473 5.80228e-06
4474 3.68656e-06
4475 2.95362e-06
4476 8.27513e-07
4477 5.42369e-06
4478 2.00472e-06
4479 1.20303e-06
4480 4.84495e-06
4481 2.3283e-06
4482 9.47903e-06
4483 6.27339e-06
4484 6.26864e-06
4485 2.19273e-06
4486 2.1291e-06
4487 1.92822e-06
4488 2.7541e-06
4489 6.19923e-06
4490 2.43317e-06
4491 5.5724e-06
4492 5.29579e-06
4493 1.17589e-06
4494 5.25841e-06
4495 1.96097e-06
4496 4.6423e-06
4497 3.19537e-06
4498 1.17143e-06
4499 1.2998e-06
4500 5.77708e-06
4501 6.63636e-06
4502 5.32566e-06
4503 3.84818e-06
4504 2.8619e-06
4505 1.29296e-06
4506 2.60791e-07
4507 5.63299e-06
4508 8.10995e-06
4509 7.2391e-06
4510 5.27362e-06
4511 7.6198e-06
4512 9.26161e-06
4513 6.75822e-06
4514 3.93903e-06
4515 2.72025e-06
4516 9.11915e-06
4517 3.18233e-06
4518 7.54671e-06
4519 2.25781e-06
4520 7.20811e-07
4521 2.47362e-07
4522 7.45324e-07
4523 2.15688e-06
4524 1.13307e-06
4525 6.68896e-07
4526 4.07959e-06
4527 2.81943e-06
4528 2.39628e-06
4529 3.32769e-06
4530 3.03722e-06
4531 1.40265e-06
4532 3.00043e-06
4533 7.50871e-06
4534 1.74816e-06
4535 7.6292e-06
4536 7.70216e-07
4537 9.01431e-06
4538 4.62786e-06
4539 5.27079e-06
4540 5.49994e-06
4541 1.16602e-05
4542 2.75341e-06
4543 6.43318e-06
4544 3.73187e-06
4545 2.82292e-06
4546 1.01675e-05
4547 8.49768e-06
4548 2.64868e-06
4549 2.38414e-06
4550 6.8739e-06
4551 7.77869e-06
4552 2.81321e-06
4553 6.18895e-06
4554 2.51011e-06
4555 7.06136e-07
4556 8.53487e-06
4557 5.24417e-06
4558 1.12832e-05
4559 5.55589e-06
4560 2.75704e-06
4561 2.53799e-06
4562 3.10885e-06
4563 9.18989e-06
4564 3.91616e-06
4565 3.17637e-06
4566 2.39136e-06
4567 3.01642e-06
4568 3.14898e-06
4569 1.36555e-06
4570 1.13723e-06
4571 4.23528e-07
4572 3.76053e-07
4573 8.29236e-07
4574 8.69449e-07
4575 1.61021e-06
4576 7.99319e-07
4577 3.21113e-07
4578 4.72732e-06
4579 3.14741e-06
4580 1.93989e-06
4581 4.66242e-06
4582 3.11155e-06
4583 6.45183e-06
4584 5.8546e-06
4585 7.26971e-06
4586 3.88952e-06
4587 2.44331e-06
4588 4.22333e-06
4589 1.78405e-06
4590 6.53259e-06
4591 7.28214e-06
4592 6.14449e-06
4593 2.05064e-06
4594 1.46749e-06
4595 1.89829e-05
4596 3.1437e-06
4597 3.46153e-06
4598 5.51107e-06
4599 8.10755e-06
4600 5.21582e-06
4601 5.21769e-06
4602 3.64247e-06
4603 1.44666e-06
4604 5.04433e-07
4605 2.21559e-06
4606 2.76737e-06
4607 3.18385e-06
4608 5.34515e-06
4609 2.10181e-06
4610 3.26476e-07
4611 1.01621e-06
4612 1.61579e-06
4613 2.66316e-06
4614 1.1936e-06
4615 5.62919e-07
4616 1.27294e-06
4617 2.92358e-06
4618 1.11987e-05
4619 9.26686e-06
4620 7.01888e-07
4621 8.30372e-07
4622 5.1887e-07
4623 2.33165e-06
4624 1.1479e-06
4625 5.84566e-06
4626 1.09762e-05
4627 7.33836e-06
4628 2.42974e-06
4629 1.70661e-06
4630 4.70161e-06
4631 2.97207e-06
4632 3.17283e-06
4633 1.19422e-06
4634 1.79455e-07
4635 1.03015e-05
4636 2.19596e-06
4637 1.54589e-06
4638 4.16601e-06
4639 2.72854e-06
4640 8.0925e-07
4641 1.50441e-06
4642 3.94222e-06
4643 8.83073e-06
4644 1.22255e-05
4645 5.41057e-06
4646 5.51258e-06
4647 8.40442e-06
4648 3.1964e-06
4649 6.78145e-06
4650 6.7474e-06
4651 2.30793e-06
4652 3.54442e-06
4653 2.28729e-06
4654 2.43167e-06
4655 4.57851e-06
4656 2.38431e-06
4657 8.99471e-07
4658 1.21943e-06
4659 1.51918e-06
4660 5.94771e-07
4661 6.00474e-06
4662 2.84583e-06
4663 1.72477e-06
4664 8.97516e-07
4665 3.19398e-06
4666 3.48108e-06
4667 9.0202e-06
4668 2.21958e-06
4669 4.84984e-06
4670 1.74081e-06
4671 2.40988e-06
4672 2.09444e-06
4673 2.63684e-06
4674 5.87877e-06
4675 7.13834e-07
4676 5.63036e-06
4677 4.6988e-07
4678 1.66281e-06
4679 1.31192e-06
4680 4.54919e-07
4681 5.21474e-06
4682 4.60317e-07
4683 3.00045e-07
4684 5.61229e-06
4685 3.40124e-06
4686 2.58903e-06
4687 9.0903e-06
4688 4.68205e-06
4689 9.92928e-06
4690 3.39051e-06
4691 1.29842e-06
4692 2.10764e-06
4693 6.16983e-07
4694 1.81227e-06
4695 2.07569e-06
4696 2.47921e-06
4697 9.15961e-07
4698 5.38482e-06
4699 2.13547e-06
4700 3.72935e-06
4701 2.49029e-06
4702 3.07822e-07
4703 2.48097e-06
4704 1.34346e-06
4705 8.17098e-06
4706 3.47878e-07
4707 2.50722e-06
4708 1.93259e-06
4709 6.23372e-07
4710 1.06174e-06
4711 6.42612e-06
4712 6.54213e-06
4713 2.18888e-06
4714 6.27683e-06
4715 4.65702e-07
4716 3.33091e-07
4717 6.46143e-06
4718 2.05639e-06
4719 2.19885e-06
4720 2.64804e-06
4721 6.26496e-06
4722 2.77017e-06
4723 4.26205e-06
4724 6.03492e-06
4725 8.07288e-06
4726 4.23496e-06
4727 9.62291e-06
4728 3.04386e-06
4729 5.27193e-06
4730 3.45071e-06
4731 5.12995e-07
4732 8.6306e-07
4733 1.69531e-06
4734 5.89684e-06
4735 5.39859e-06
4736 3.54835e-06
4737 7.8557e-07
4738 6.27143e-06
4739 6.30001e-06
4740 3.594e-06
4741 8.429e-06
4742 6.28772e-06
4743 4.00507e-06
4744 5.33532e-06
4745 3.67946e-07
4746 5.93407e-06
4747 1.19422e-06
4748 7.33073e-06
4749 3.04393e-06
4750 3.31217e-06
4751 6.15924e-06
4752 6.10729e-06
4753 3.13416e-06
4754 7.69626e-06
4755 1.93132e-06
4756 9.33421e-06
4757 2.88266e-06
4758 6.16226e-06
4759 9.70113e-06
4760 7.92129e-06
4761 8.10327e-06
4762 8.62444e-06
4763 4.59074e-06
4764 2.97291e-06
4765 5.5157e-06
4766 6.31721e-06
4767 2.47126e-06
4768 2.77315e-06
4769 1.25764e-05
4770 5.37923e-06
4771 6.18276e-06
4772 5.68377e-06
4773 1.80587e-06
4774 2.67088e-06
4775 6.99699e-06
4776 1.51668e-06
4777 2.06393e-06
4778 3.14763e-07
4779 2.72379e-06
4780 1.54242e-06
4781 1.67338e-06
4782 1.56851e-07
4783 4.03066e-07
4784 4.00567e-07
4785 1.65207e-06
4786 6.22933e-07
4787 1.73613e-06
4788 2.2684e-06
4789 1.28032e-06
4790 2.67608e-06
4791 6.22372e-06
4792 6.50441e-06
4793 2.71022e-06
4794 3.04078e-06
4795 3.22317e-06
4796 6.37737e-07
4797 1.85386e-06
4798 1.71898e-06
4799 2.84313e-06
4800 1.07353e-06
4801 1.15408e-06
4802 8.61703e-06
4803 7.69643e-06
4804 2.31426e-06
4805 5.6104e-06
4806 3.4695e-06
4807 1.41865e-06
4808 5.06018e-06
4809 1.14587e-06
4810 2.47903e-07
4811 7.84579e-07
4812 1.02608e-06
4813 9.43858e-07
4814 1.71823e-06
4815 3.49319e-06
4816 1.04703e-06
4817 8.24694e-06
4818 2.99317e-06
4819 1.49098e-06
4820 9.61755e-07
4821 2.40751e-06
4822 2.22342e-06
4823 3.2927e-06
4824 6.29466e-06
4825 2.38699e-06
4826 5.47769e-06
4827 2.02913e-06
4828 4.58344e-06
4829 6.04408e-06
4830 2.61731e-06
4831 1.05729e-06
4832 4.73312e-06
4833 2.25038e-06
4834 1.14221e-06
4835 1.1462e-06
4836 4.19515e-07
4837 1.81538e-07
4838 7.21031e-06
4839 2.02999e-06
4840 4.97076e-06
4841 1.29273e-05
4842 8.59225e-07
4843 5.83976e-06
4844 3.25219e-06
4845 3.88008e-06
4846 2.3732e-06
4847 4.79362e-06
4848 4.12979e-06
4849 2.00041e-06
4850 9.47061e-07
4851 5.54826e-07
4852 5.64906e-06
4853 3.54691e-06
4854 3.61051e-06
4855 1.21579e-05
4856 4.01367e-06
4857 2.25267e-06
4858 5.47737e-06
4859 2.51937e-06
4860 6.88684e-07
4861 3.8881e-06
4862 1.49154e-06
4863 7.80627e-06
4864 1.31621e-06
4865 1.91372e-06
4866 1.33296e-06
4867 4.54588e-06
4868 2.36717e-06
4869 2.60373e-07
4870 9.82921e-07
4871 1.26822e-06
4872 5.92389e-07
4873 7.22155e-06
4874 6.45535e-06
4875 1.76853e-06
4876 7.6628e-07
4877 1.22121e-06
4878 5.14979e-06
4879 2.17961e-06
4880 1.90213e-06
4881 2.7716e-06
4882 2.90296e-06
4883 5.34568e-07
4884 2.71887e-07
4885 1.92214e-06
4886 2.53207e-06
4887 1.18869e-06
4888 5.7485e-06
4889 6.83069e-06
4890 3.97283e-06
4891 2.36689e-06
4892 1.47688e-06
4893 4.54294e-06
4894 4.24034e-06
4895 6.41794e-06
4896 1.86823e-06
4897 1.86595e-07
4898 4.5575e-06
4899 4.20569e-07
4900 1.47976e-06
4901 4.42847e-06
4902 4.80256e-06
4903 5.06089e-06
4904 6.68828e-06
4905 1.32151e-06
4906 4.68999e-06
4907 3.40777e-06
4908 5.38239e-06
4909 7.48223e-06
4910 1.53161e-06
4911 4.97834e-06
4912 1.16026e-05
4913 5.1325e-06
4914 9.31548e-06
4915 9.51351e-06
4916 5.07591e-06
4917 9.86338e-06
4918 2.40997e-06
4919 1.1006e-05
4920 4.10439e-06
4921 1.30744e-06
4922 1.57997e-06
4923 6.47139e-06
4924 2.34601e-06
4925 5.12709e-07
4926 6.0591e-08
4927 6.13211e-06
4928 8.33845e-06
4929 6.49264e-06
4930 1.20415e-05
4931 9.2949e-06
4932 3.79776e-06
4933 7.83514e-06
4934 4.01645e-06
4935 6.38968e-07
4936 1.33131e-06
4937 2.05015e-06
4938 2.53331e-06
4939 4.11128e-07
4940 2.05004e-06
4941 1.43062e-07
4942 2.11332e-06
4943 1.81888e-06
4944 7.67372e-06
4945 8.70702e-06
4946 6.28069e-06
4947 1.28183e-05
4948 1.30369e-05
4949 2.81041e-06
4950 3.44926e-06
4951 2.46943e-06
4952 3.74684e-06
4953 1.9723e-06
4954 1.11381e-06
4955 6.73277e-06
4956 1.72044e-06
4957 1.73772e-06
4958 1.37297e-06
4959 5.55178e-07
4960 1.72635e-07
4961 1.51536e-06
4962 1.39905e-06
4963 6.42758e-07
4964 1.97982e-07
4965 8.08564e-06
4966 1.51786e-06
4967 1.9575e-08
4968 5.63735e-07
4969 2.21101e-06
4970 8.45132e-07
4971 1.69911e-06
4972 4.11139e-06
4973 1.51486e-06
4974 3.59762e-06
4975 1.49395e-06
4976 7.72683e-06
4977 6.82999e-06
4978 1.96296e-06
4979 8.05647e-07
4980 5.42569e-07
4981 5.25671e-06
4982 8.16993e-07
4983 1.03155e-06
4984 4.95385e-06
4985 3.84585e-06
4986 2.6572e-06
4987 5.03123e-06
4988 7.23665e-06
4989 1.32658e-07
4990 2.78541e-06
4991 1.3424e-06
4992 2.19438e-06
4993 3.11874e-06
4994 5.30525e-06
4995 5.88178e-06
4996 3.17103e-06
4997 1.17439e-06
4998 1.6825e-06
4999 0
