0 0
1 0.753712
2 0.233472
3 0.0954664
4 0.0505063
5 0.0326593
6 0.0233898
7 0.0184222
8 0.0148514
9 0.0125034
10 0.0107969
11 0.00916845
12 0.00828676
13 0.00728187
14 0.00651816
15 0.00599787
16 0.00549259
17 0.00516717
18 0.00467083
19 0.00427531
20 0.00389623
21 0.00367382
22 0.00347797
23 0.00330942
24 0.00312701
25 0.00283178
26 0.00288284
27 0.00265716
28 0.00262416
29 0.00246201
30 0.00229752
31 0.00225197
32 0.00204358
33 0.00202983
34 0.00200099
35 0.0019043
36 0.00174883
37 0.00168433
38 0.00168656
39 0.0017007
40 0.00152293
41 0.00152178
42 0.00134783
43 0.00141018
44 0.00136974
45 0.00133272
46 0.00132084
47 0.00129663
48 0.00113847
49 0.00117022
50 0.00117429
51 0.00117773
52 0.00110236
53 0.00110151
54 0.00100911
55 0.00105426
56 0.000990212
57 0.000970717
58 0.000976498
59 0.000930218
60 0.000872343
61 0.000904089
62 0.00086459
63 0.000807376
64 0.000839645
65 0.000888549
66 0.000843899
67 0.000756074
68 0.000775387
69 0.000750896
70 0.000708143
71 0.000708078
72 0.000711034
73 0.000714135
74 0.000767703
75 0.00067151
76 0.000708567
77 0.00068179
78 0.000650208
79 0.000635264
80 0.000614427
81 0.000595484
82 0.000602972
83 0.000630593
84 0.000633926
85 0.000585493
86 0.000538612
87 0.000550425
88 0.000561626
89 0.000517978
90 0.000529178
91 0.000510224
92 0.000566476
93 0.000479713
94 0.000505799
95 0.000525668
96 0.000510408
97 0.000474664
98 0.000492221
99 0.000467852
100 0.00046813
101 0.000433578
102 0.000441302
103 0.000446653
104 0.000384332
105 0.000407206
106 0.000424913
107 0.000439939
108 0.000442069
109 0.000430923
110 0.000436041
111 0.000425556
112 0.000389372
113 0.000381502
114 0.00039698
115 0.000394495
116 0.000371071
117 0.000357835
118 0.000356595
119 0.000384435
120 0.000328346
121 0.000423762
122 0.00035064
123 0.000351988
124 0.000367824
125 0.000344621
126 0.000364307
127 0.000351629
128 0.000303166
129 0.000346393
130 0.000340263
131 0.000313032
132 0.000341676
133 0.000360744
134 0.000319633
135 0.000325059
136 0.000316016
137 0.000310666
138 0.000287297
139 0.00032041
140 0.000309739
141 0.000310469
142 0.000310217
143 0.000352858
144 0.000309072
145 0.000287815
146 0.000308788
147 0.000302409
148 0.000234378
149 0.000258115
150 0.000282974
151 0.000269332
152 0.000281628
153 0.000273915
154 0.000217223
155 0.000198985
156 0.000241634
157 0.00026682
158 0.000262434
159 0.000247247
160 0.000254304
161 0.000249075
162 0.000248213
163 0.000254683
164 0.000227349
165 0.000283751
166 0.000227175
167 0.000238068
168 0.000240479
169 0.000225689
170 0.000215031
171 0.000201018
172 0.000204897
173 0.000238921
174 0.000244741
175 0.000213607
176 0.000214595
177 0.000196521
178 0.000232037
179 0.000225554
180 0.000222957
181 0.000225153
182 0.000219544
183 0.00022699
184 0.000184768
185 0.000203617
186 0.000189799
187 0.00018028
188 0.000209413
189 0.000228842
190 0.000186607
191 0.00018302
192 0.000181082
193 0.0001758
194 0.000204653
195 0.000207869
196 0.000241845
197 0.000184844
198 0.000198996
199 0.000222622
200 0.000205274
201 0.000214817
202 0.000191636
203 0.000174743
204 0.00017902
205 0.000166116
206 0.000196308
207 0.000223695
208 0.000206368
209 0.000172146
210 0.000161297
211 0.00017284
212 0.000156659
213 0.000180567
214 0.000172096
215 0.000183351
216 0.000193384
217 0.000149674
218 0.00014787
219 0.000196683
220 0.000180825
221 0.000193982
222 0.000170142
223 0.000154697
224 0.000158514
225 0.000158445
226 0.000148665
227 0.000164784
228 0.000147156
229 0.000156056
230 0.000159034
231 0.000149239
232 0.000211015
233 0.0001355
234 0.000134108
235 0.000120243
236 0.000141066
237 0.000147549
238 0.000138386
239 0.000133839
240 0.000168281
241 0.000179356
242 0.000171314
243 0.000148521
244 0.000157926
245 0.000128253
246 0.000147213
247 0.00016174
248 0.000145123
249 0.000124412
250 0.000144992
251 0.000161647
252 0.000150714
253 0.000140278
254 0.000143432
255 0.000151532
256 0.000125386
257 0.000117663
258 0.000145368
259 0.000130956
260 0.00017335
261 0.000144573
262 0.000137657
263 0.000130467
264 0.000110826
265 0.000120217
266 0.000151594
267 0.00014725
268 0.000144152
269 0.000104419
270 0.000131568
271 0.000119796
272 0.000157633
273 0.000116619
274 0.000120766
275 0.000138642
276 0.00012245
277 0.000114119
278 0.000102132
279 0.00012305
280 0.000124554
281 9.18174e-05
282 9.62309e-05
283 9.1263e-05
284 0.000100332
285 0.000103541
286 0.000123642
287 9.35925e-05
288 0.000141131
289 0.000103944
290 9.49162e-05
291 0.000106905
292 0.000132352
293 0.000124503
294 0.000129179
295 0.000140393
296 0.000128732
297 0.000102146
298 9.0073e-05
299 0.000117666
300 0.000107762
301 0.000110052
302 0.000103948
303 0.000137101
304 0.000128013
305 0.000113887
306 9.73145e-05
307 0.000102033
308 8.85672e-05
309 9.86306e-05
310 0.000104031
311 0.000102455
312 0.000121985
313 0.000102758
314 0.00011637
315 0.00012567
316 0.000112513
317 0.000132166
318 8.88888e-05
319 9.93963e-05
320 9.72916e-05
321 0.000110244
322 9.7759e-05
323 0.000102718
324 0.000100403
325 0.000107007
326 9.18709e-05
327 9.76668e-05
328 0.000120721
329 0.000108408
330 0.000103395
331 8.96369e-05
332 0.000109346
333 0.000101144
334 0.00010229
335 0.000107634
336 9.04491e-05
337 9.49968e-05
338 8.4723e-05
339 0.00010314
340 8.54337e-05
341 9.50848e-05
342 8.23514e-05
343 0.000108964
344 9.61287e-05
345 9.38717e-05
346 8.20568e-05
347 8.54933e-05
348 0.000101256
349 9.55996e-05
350 8.7126e-05
351 0.000100397
352 0.000100847
353 0.000105661
354 0.000100522
355 9.47345e-05
356 9.61024e-05
357 7.10345e-05
358 7.85935e-05
359 0.000106445
360 8.62245e-05
361 6.77018e-05
362 8.96443e-05
363 0.00010312
364 0.000110717
365 0.000115939
366 0.000117399
367 9.77816e-05
368 0.000100498
369 8.75735e-05
370 0.000100361
371 9.02418e-05
372 9.25549e-05
373 7.55606e-05
374 8.03334e-05
375 0.000106451
376 9.56335e-05
377 9.71203e-05
378 0.000102845
379 8.68696e-05
380 8.26307e-05
381 8.65315e-05
382 8.61591e-05
383 8.32157e-05
384 7.86667e-05
385 8.68268e-05
386 7.67437e-05
387 0.000104081
388 9.05838e-05
389 8.99074e-05
390 7.26443e-05
391 7.6007e-05
392 7.98741e-05
393 8.33934e-05
394 7.04502e-05
395 6.52857e-05
396 6.98486e-05
397 6.47846e-05
398 8.06065e-05
399 0.000101498
400 7.832e-05
401 7.29289e-05
402 7.39882e-05
403 8.10033e-05
404 7.883e-05
405 9.50715e-05
406 6.9011e-05
407 6.09378e-05
408 7.92973e-05
409 8.87134e-05
410 8.37558e-05
411 6.88771e-05
412 6.86993e-05
413 6.82768e-05
414 6.61497e-05
415 7.32395e-05
416 6.98892e-05
417 6.00964e-05
418 6.84331e-05
419 8.20594e-05
420 9.32936e-05
421 8.76231e-05
422 8.89048e-05
423 6.11922e-05
424 6.20064e-05
425 6.01259e-05
426 5.63802e-05
427 6.35522e-05
428 5.75136e-05
429 6.97956e-05
430 6.30681e-05
431 4.9492e-05
432 5.69223e-05
433 7.49607e-05
434 6.5763e-05
435 7.22623e-05
436 7.15713e-05
437 7.00114e-05
438 8.17976e-05
439 7.57322e-05
440 6.83968e-05
441 8.08637e-05
442 7.01001e-05
443 0.000103464
444 6.99746e-05
445 6.75243e-05
446 7.06754e-05
447 6.5537e-05
448 7.32001e-05
449 6.00018e-05
450 5.14867e-05
451 5.8119e-05
452 6.88038e-05
453 5.38635e-05
454 6.95236e-05
455 7.4464e-05
456 6.73199e-05
457 7.21585e-05
458 4.63604e-05
459 7.94863e-05
460 7.98155e-05
461 6.65074e-05
462 7.75497e-05
463 6.03271e-05
464 6.50042e-05
465 6.92038e-05
466 7.22627e-05
467 7.74191e-05
468 5.79107e-05
469 5.89336e-05
470 7.16262e-05
471 6.8111e-05
472 5.64847e-05
473 5.28033e-05
474 5.66133e-05
475 5.25195e-05
476 6.1361e-05
477 6.22867e-05
478 5.47744e-05
479 7.888e-05
480 5.6767e-05
481 5.859e-05
482 4.35909e-05
483 4.3464e-05
484 5.66601e-05
485 6.29002e-05
486 3.65192e-05
487 6.7419e-05
488 7.97043e-05
489 4.85134e-05
490 5.51156e-05
491 4.92874e-05
492 5.21098e-05
493 6.83818e-05
494 5.64483e-05
495 7.44252e-05
496 5.00464e-05
497 6.14523e-05
498 6.35576e-05
499 6.10126e-05
500 3.15061e-05
501 3.61106e-05
502 6.05334e-05
503 4.52188e-05
504 5.29764e-05
505 4.98413e-05
506 4.79167e-05
507 5.06816e-05
508 5.64696e-05
509 5.69379e-05
510 5.72728e-05
511 5.9739e-05
512 5.55794e-05
513 5.5982e-05
514 6.39534e-05
515 4.91785e-05
516 5.99716e-05
517 5.46364e-05
518 4.94654e-05
519 7.09324e-05
520 6.22067e-05
521 5.04863e-05
522 3.74143e-05
523 6.94948e-05
524 5.68242e-05
525 5.18739e-05
526 4.64129e-05
527 4.42729e-05
528 4.49882e-05
529 6.61092e-05
530 3.93394e-05
531 5.47834e-05
532 6.06782e-05
533 5.84259e-05
534 4.97317e-05
535 5.38815e-05
536 5.46453e-05
537 5.84696e-05
538 7.8844e-05
539 5.62072e-05
540 6.31596e-05
541 4.50883e-05
542 5.51191e-05
543 3.13109e-05
544 5.658e-05
545 5.72212e-05
546 3.92251e-05
547 3.53186e-05
548 5.84088e-05
549 5.58349e-05
550 4.7036e-05
551 5.27913e-05
552 7.47899e-05
553 7.30834e-05
554 4.78803e-05
555 3.05839e-05
556 4.98348e-05
557 5.75633e-05
558 5.3366e-05
559 5.31537e-05
560 5.72876e-05
561 7.76811e-05
562 6.2791e-05
563 6.41325e-05
564 5.29367e-05
565 5.6137e-05
566 5.58085e-05
567 5.69105e-05
568 6.0868e-05
569 4.81585e-05
570 3.69843e-05
571 4.08874e-05
572 3.7782e-05
573 5.82627e-05
574 6.59682e-05
575 4.80759e-05
576 4.25013e-05
577 5.42808e-05
578 5.33793e-05
579 3.82816e-05
580 4.01442e-05
581 3.66836e-05
582 3.66895e-05
583 4.49602e-05
584 5.34418e-05
585 4.32461e-05
586 3.51106e-05
587 3.71448e-05
588 4.46173e-05
589 4.87827e-05
590 2.99163e-05
591 3.31319e-05
592 4.00943e-05
593 4.25548e-05
594 3.57561e-05
595 3.92486e-05
596 3.55448e-05
597 4.89648e-05
598 3.94977e-05
599 5.21273e-05
600 4.13699e-05
601 4.23285e-05
602 3.63907e-05
603 4.49904e-05
604 5.66766e-05
605 4.97522e-05
606 3.34611e-05
607 5.53411e-05
608 4.22155e-05
609 4.29821e-05
610 3.21617e-05
611 5.44196e-05
612 4.18568e-05
613 4.37269e-05
614 5.11843e-05
615 3.79897e-05
616 4.34167e-05
617 5.41465e-05
618 5.41913e-05
619 5.07208e-05
620 4.56356e-05
621 4.8758e-05
622 4.65062e-05
623 4.44257e-05
624 3.76215e-05
625 5.92645e-05
626 5.10173e-05
627 5.7778e-05
628 5.32215e-05
629 5.75294e-05
630 3.92551e-05
631 3.45442e-05
632 4.58977e-05
633 4.04106e-05
634 4.14372e-05
635 3.48534e-05
636 3.60949e-05
637 3.74392e-05
638 3.96477e-05
639 3.19915e-05
640 3.44118e-05
641 3.64155e-05
642 3.9594e-05
643 2.8425e-05
644 6.31855e-05
645 4.08912e-05
646 4.84301e-05
647 3.45543e-05
648 5.37156e-05
649 4.02848e-05
650 5.46935e-05
651 3.82462e-05
652 4.09008e-05
653 3.88544e-05
654 6.07372e-05
655 4.59807e-05
656 4.06469e-05
657 5.25116e-05
658 3.78599e-05
659 3.94978e-05
660 3.49781e-05
661 3.37824e-05
662 3.55154e-05
663 1.9727e-05
664 3.00138e-05
665 3.3336e-05
666 5.09406e-05
667 3.82902e-05
668 4.2635e-05
669 4.29381e-05
670 3.40025e-05
671 2.70424e-05
672 3.78397e-05
673 3.12943e-05
674 4.55598e-05
675 3.30004e-05
676 3.60438e-05
677 3.48614e-05
678 4.84621e-05
679 4.27853e-05
680 3.4785e-05
681 3.31163e-05
682 2.71999e-05
683 3.57574e-05
684 2.83677e-05
685 2.78125e-05
686 4.02133e-05
687 4.17002e-05
688 5.31336e-05
689 3.56938e-05
690 3.17646e-05
691 4.7311e-05
692 5.45662e-05
693 3.62841e-05
694 4.00512e-05
695 4.55186e-05
696 3.15884e-05
697 2.76254e-05
698 4.58207e-05
699 3.66283e-05
700 3.1702e-05
701 4.20029e-05
702 5.67776e-05
703 3.15475e-05
704 3.63206e-05
705 4.39328e-05
706 3.57861e-05
707 4.72051e-05
708 4.26349e-05
709 4.61037e-05
710 5.15293e-05
711 2.36669e-05
712 2.68687e-05
713 4.55098e-05
714 3.02207e-05
715 3.25149e-05
716 2.70186e-05
717 3.21032e-05
718 4.00301e-05
719 4.3241e-05
720 4.07315e-05
721 3.34388e-05
722 3.16417e-05
723 6.24691e-05
724 4.85809e-05
725 2.17153e-05
726 1.79855e-05
727 4.04827e-05
728 2.19616e-05
729 4.76793e-05
730 3.56202e-05
731 2.20917e-05
732 3.27861e-05
733 3.59256e-05
734 2.79255e-05
735 3.33823e-05
736 2.27059e-05
737 3.04632e-05
738 3.56069e-05
739 4.721e-05
740 2.48088e-05
741 3.00838e-05
742 4.25948e-05
743 4.83329e-05
744 4.21432e-05
745 3.3121e-05
746 2.86858e-05
747 3.88125e-05
748 3.05945e-05
749 3.40654e-05
750 3.44478e-05
751 2.74341e-05
752 3.34531e-05
753 3.00882e-05
754 4.18852e-05
755 4.46274e-05
756 2.46278e-05
757 3.90333e-05
758 2.56018e-05
759 2.91952e-05
760 4.28892e-05
761 2.82854e-05
762 3.97997e-05
763 4.67673e-05
764 2.96642e-05
765 3.1741e-05
766 3.16846e-05
767 2.90194e-05
768 2.95121e-05
769 3.7314e-05
770 2.67268e-05
771 4.15771e-05
772 3.89809e-05
773 4.16701e-05
774 3.47749e-05
775 2.88047e-05
776 2.19183e-05
777 3.51203e-05
778 3.26794e-05
779 2.50475e-05
780 3.79132e-05
781 1.80941e-05
782 2.34151e-05
783 2.46684e-05
784 4.74597e-05
785 3.22619e-05
786 3.79575e-05
787 4.54995e-05
788 3.67132e-05
789 3.73142e-05
790 3.84284e-05
791 3.57406e-05
792 2.2381e-05
793 3.79552e-05
794 3.17539e-05
795 2.7934e-05
796 2.82619e-05
797 3.85047e-05
798 4.127e-05
799 3.27745e-05
800 2.16316e-05
801 3.37773e-05
802 3.93239e-05
803 2.59173e-05
804 3.24288e-05
805 4.20594e-05
806 3.25491e-05
807 2.78783e-05
808 3.5272e-05
809 3.28734e-05
810 1.8525e-05
811 2.19144e-05
812 2.60287e-05
813 2.06032e-05
814 1.35035e-05
815 2.02583e-05
816 2.30297e-05
817 3.31199e-05
818 3.67066e-05
819 2.26691e-05
820 3.10305e-05
821 3.47729e-05
822 4.48644e-05
823 3.1451e-05
824 2.96701e-05
825 2.65829e-05
826 2.7913e-05
827 3.4627e-05
828 1.74215e-05
829 4.52887e-05
830 3.09803e-05
831 3.3342e-05
832 3.25607e-05
833 2.42636e-05
834 3.24598e-05
835 4.96244e-05
836 5.37698e-05
837 3.19871e-05
838 3.72756e-05
839 3.21096e-05
840 2.49315e-05
841 3.12955e-05
842 1.72005e-05
843 1.9876e-05
844 3.00395e-05
845 2.13608e-05
846 3.28514e-05
847 1.81034e-05
848 2.44291e-05
849 2.03134e-05
850 4.11566e-05
851 2.36333e-05
852 4.0518e-05
853 3.28807e-05
854 1.7631e-05
855 2.89836e-05
856 2.84998e-05
857 3.61087e-05
858 3.44474e-05
859 3.68431e-05
860 3.02004e-05
861 2.0358e-05
862 2.4717e-05
863 2.12351e-05
864 3.60982e-05
865 4.32909e-05
866 3.49682e-05
867 3.14828e-05
868 2.81482e-05
869 2.1885e-05
870 3.03733e-05
871 2.33228e-05
872 2.32564e-05
873 3.49819e-05
874 1.84497e-05
875 3.40678e-05
876 1.74193e-05
877 2.74779e-05
878 2.48505e-05
879 3.06685e-05
880 2.30414e-05
881 3.47294e-05
882 2.83558e-05
883 3.39311e-05
884 2.22133e-05
885 2.15431e-05
886 2.55209e-05
887 2.95342e-05
888 2.08744e-05
889 1.92931e-05
890 4.09125e-05
891 3.69127e-05
892 3.41469e-05
893 2.07287e-05
894 2.33662e-05
895 3.69415e-05
896 2.37783e-05
897 2.19966e-05
898 3.72931e-05
899 4.23739e-05
900 4.15269e-05
901 5.20397e-05
902 3.02597e-05
903 3.11602e-05
904 2.33813e-05
905 3.78879e-05
906 2.36558e-05
907 2.26737e-05
908 3.19063e-05
909 2.98831e-05
910 3.05575e-05
911 3.00398e-05
912 3.78544e-05
913 2.01126e-05
914 9.92117e-06
915 1.53129e-05
916 2.47732e-05
917 2.10485e-05
918 2.74663e-05
919 3.37822e-05
920 2.44196e-05
921 2.74268e-05
922 3.53963e-05
923 2.12681e-05
924 2.79174e-05
925 2.39373e-05
926 3.0625e-05
927 3.53164e-05
928 3.34867e-05
929 4.468e-05
930 2.44728e-05
931 2.25317e-05
932 3.42681e-05
933 2.26509e-05
934 1.83504e-05
935 3.36764e-05
936 2.56689e-05
937 2.45065e-05
938 2.43012e-05
939 2.41709e-05
940 3.97121e-05
941 3.0111e-05
942 1.8269e-05
943 2.35799e-05
944 3.59198e-05
945 3.11281e-05
946 2.19766e-05
947 2.93185e-05
948 3.1644e-05
949 2.42209e-05
950 2.07461e-05
951 2.34552e-05
952 2.14853e-05
953 3.96774e-05
954 2.30751e-05
955 1.95243e-05
956 3.33147e-05
957 2.37582e-05
958 3.66123e-05
959 2.31865e-05
960 2.55475e-05
961 2.3358e-05
962 3.42556e-05
963 2.88603e-05
964 3.03236e-05
965 3.79581e-05
966 3.6462e-05
967 3.5842e-05
968 2.41972e-05
969 1.57577e-05
970 2.62202e-05
971 2.676e-05
972 3.45254e-05
973 2.07329e-05
974 1.85619e-05
975 1.20925e-05
976 1.08772e-05
977 2.16173e-05
978 1.79091e-05
979 1.56714e-05
980 2.64328e-05
981 3.59615e-05
982 2.30937e-05
983 3.48287e-05
984 2.544e-05
985 2.2343e-05
986 2.17337e-05
987 2.05659e-05
988 1.78278e-05
989 1.8807e-05
990 2.09011e-05
991 2.95739e-05
992 2.51562e-05
993 2.42567e-05
994 3.05453e-05
995 2.72666e-05
996 2.17086e-05
997 1.70957e-05
998 2.30568e-05
999 3.51641e-05
1000 2.77446e-05
1001 1.37718e-05
1002 2.55933e-05
1003 4.58685e-05
1004 3.0952e-05
1005 3.38462e-05
1006 2.3117e-05
1007 2.31785e-05
1008 1.68181e-05
1009 2.50882e-05
1010 1.66802e-05
1011 2.28522e-05
1012 2.68759e-05
1013 2.37104e-05
1014 1.84266e-05
1015 2.82943e-05
1016 2.3418e-05
1017 1.52243e-05
1018 2.50518e-05
1019 1.34702e-05
1020 1.42895e-05
1021 1.24917e-05
1022 2.27862e-05
1023 2.65355e-05
1024 2.33235e-05
1025 1.83933e-05
1026 3.3216e-05
1027 2.68214e-05
1028 2.63156e-05
1029 1.75743e-05
1030 2.9903e-05
1031 1.80113e-05
1032 1.79224e-05
1033 2.54933e-05
1034 2.60316e-05
1035 2.2216e-05
1036 2.75176e-05
1037 1.84825e-05
1038 2.70307e-05
1039 2.10569e-05
1040 2.55645e-05
1041 2.96952e-05
1042 1.37505e-05
1043 1.95718e-05
1044 2.71836e-05
1045 1.94923e-05
1046 6.21476e-06
1047 1.86133e-05
1048 1.62144e-05
1049 1.87432e-05
1050 3.59601e-05
1051 1.87645e-05
1052 3.55181e-05
1053 3.19363e-05
1054 1.57688e-05
1055 1.71168e-05
1056 2.08348e-05
1057 1.35556e-05
1058 2.09423e-05
1059 1.53795e-05
1060 1.63961e-05
1061 2.17708e-05
1062 1.83212e-05
1063 2.82462e-05
1064 1.84734e-05
1065 1.66214e-05
1066 2.24008e-05
1067 3.0282e-05
1068 2.28721e-05
1069 3.64861e-05
1070 3.43993e-05
1071 1.56273e-05
1072 2.37017e-05
1073 3.15748e-05
1074 1.31373e-05
1075 2.55399e-05
1076 1.7387e-05
1077 2.03519e-05
1078 1.27161e-05
1079 1.65946e-05
1080 2.74835e-05
1081 3.58693e-05
1082 2.65373e-05
1083 3.60233e-05
1084 2.10247e-05
1085 2.34503e-05
1086 2.72147e-05
1087 3.12619e-05
1088 1.81465e-05
1089 2.05652e-05
1090 8.86917e-06
1091 1.35593e-05
1092 2.89442e-05
1093 2.0143e-05
1094 1.73401e-05
1095 1.51064e-05
1096 1.23663e-05
1097 2.25087e-05
1098 1.51301e-05
1099 9.14108e-06
1100 8.90913e-06
1101 2.99976e-05
1102 3.30757e-05
1103 2.01648e-05
1104 1.44393e-05
1105 2.16029e-05
1106 2.28991e-05
1107 1.57568e-05
1108 9.85482e-06
1109 1.07598e-05
1110 1.28499e-05
1111 1.53708e-05
1112 1.12206e-05
1113 2.59623e-05
1114 2.59749e-05
1115 2.25379e-05
1116 1.89749e-05
1117 1.08214e-05
1118 7.82966e-06
1119 2.34841e-05
1120 2.41401e-05
1121 1.94599e-05
1122 1.47663e-05
1123 1.70932e-05
1124 2.03107e-05
1125 1.77339e-05
1126 2.28228e-05
1127 2.33174e-05
1128 2.061e-05
1129 1.45781e-05
1130 2.11607e-05
1131 2.03242e-05
1132 2.21685e-05
1133 2.07246e-05
1134 2.40891e-05
1135 4.32507e-05
1136 2.73564e-05
1137 2.47304e-05
1138 1.3004e-05
1139 1.84226e-05
1140 2.46379e-05
1141 2.36967e-05
1142 2.45712e-05
1143 1.73684e-05
1144 1.6776e-05
1145 1.79318e-05
1146 1.9055e-05
1147 1.01159e-05
1148 1.20202e-05
1149 1.68172e-05
1150 2.31264e-05
1151 2.20276e-05
1152 1.43126e-05
1153 1.5782e-05
1154 2.08209e-05
1155 2.43531e-05
1156 2.99366e-05
1157 1.32035e-05
1158 1.0112e-05
1159 1.79338e-05
1160 1.97919e-05
1161 1.8106e-05
1162 1.55696e-05
1163 2.63053e-05
1164 1.33066e-05
1165 1.21443e-05
1166 2.24312e-05
1167 2.7612e-05
1168 1.72681e-05
1169 1.64238e-05
1170 1.74909e-05
1171 1.77903e-05
1172 2.42532e-05
1173 2.00873e-05
1174 2.4757e-05
1175 2.10676e-05
1176 1.08713e-05
1177 1.64646e-05
1178 2.76165e-05
1179 2.64759e-05
1180 3.61211e-05
1181 1.98261e-05
1182 2.54556e-05
1183 2.94422e-05
1184 1.38918e-05
1185 1.81329e-05
1186 1.83167e-05
1187 2.07223e-05
1188 1.36498e-05
1189 8.44321e-06
1190 1.09389e-05
1191 2.38469e-05
1192 1.35066e-05
1193 1.419e-05
1194 1.57534e-05
1195 2.18054e-05
1196 1.51034e-05
1197 1.75044e-05
1198 1.43039e-05
1199 2.3554e-05
1200 2.59867e-05
1201 9.68075e-06
1202 1.93328e-05
1203 2.48372e-05
1204 2.52983e-05
1205 1.70504e-05
1206 2.34136e-05
1207 3.12768e-05
1208 2.18674e-05
1209 1.44334e-05
1210 2.21828e-05
1211 1.84955e-05
1212 1.55526e-05
1213 1.90418e-05
1214 1.70776e-05
1215 2.54568e-05
1216 1.14329e-05
1217 1.30405e-05
1218 1.15968e-05
1219 2.27695e-05
1220 2.52604e-05
1221 1.57355e-05
1222 1.17012e-05
1223 1.51537e-05
1224 1.76369e-05
1225 1.53873e-05
1226 3.79567e-05
1227 2.23115e-05
1228 1.95534e-05
1229 2.27605e-05
1230 2.04151e-05
1231 1.75312e-05
1232 1.16141e-05
1233 2.16931e-05
1234 1.49325e-05
1235 1.01909e-05
1236 1.46946e-05
1237 1.33519e-05
1238 1.45859e-05
1239 2.73864e-05
1240 1.91521e-05
1241 1.72972e-05
1242 1.54779e-05
1243 1.28813e-05
1244 2.14319e-05
1245 1.78184e-05
1246 1.63925e-05
1247 1.92346e-05
1248 1.42953e-05
1249 1.69096e-05
1250 1.42957e-05
1251 1.11208e-05
1252 2.06264e-05
1253 1.55046e-05
1254 1.63148e-05
1255 1.63353e-05
1256 8.44002e-06
1257 9.38732e-06
1258 1.5276e-05
1259 1.75599e-05
1260 2.03754e-05
1261 1.8007e-05
1262 1.85472e-05
1263 2.05716e-05
1264 2.04574e-05
1265 2.91119e-05
1266 2.00624e-05
1267 2.43546e-05
1268 2.44995e-05
1269 1.68837e-05
1270 2.41775e-05
1271 2.60094e-05
1272 8.46553e-06
1273 1.28537e-05
1274 1.2664e-05
1275 1.61103e-05
1276 1.69746e-05
1277 2.05024e-05
1278 1.58713e-05
1279 2.74499e-05
1280 2.01499e-05
1281 1.79229e-05
1282 2.96317e-05
1283 1.85227e-05
1284 1.44855e-05
1285 8.61552e-06
1286 2.40409e-05
1287 1.7031e-05
1288 1.23157e-05
1289 2.17142e-05
1290 1.84594e-05
1291 2.1245e-05
1292 2.03909e-05
1293 2.16749e-05
1294 2.02647e-05
1295 2.07019e-05
1296 1.83499e-05
1297 2.09129e-05
1298 1.20567e-05
1299 8.93019e-06
1300 2.42859e-05
1301 2.68746e-05
1302 3.30958e-05
1303 2.92553e-05
1304 2.40813e-05
1305 2.23879e-05
1306 1.11613e-05
1307 1.54506e-05
1308 2.16958e-05
1309 1.23949e-05
1310 2.31347e-05
1311 1.40274e-05
1312 2.14982e-05
1313 8.52875e-06
1314 2.02935e-05
1315 1.92376e-05
1316 8.73768e-06
1317 2.99782e-05
1318 1.04601e-05
1319 1.62221e-05
1320 1.12927e-05
1321 2.36177e-05
1322 1.16469e-05
1323 1.4898e-05
1324 1.13644e-05
1325 1.667e-05
1326 2.7027e-05
1327 1.99331e-05
1328 2.38421e-05
1329 1.01967e-05
1330 1.87524e-05
1331 1.03327e-05
1332 9.60465e-06
1333 1.58171e-05
1334 1.66038e-05
1335 2.16207e-05
1336 1.79304e-05
1337 1.43062e-05
1338 1.87178e-05
1339 2.41732e-05
1340 2.34299e-05
1341 1.46758e-05
1342 2.35461e-05
1343 2.21539e-05
1344 2.12571e-05
1345 2.13818e-05
1346 2.64472e-05
1347 3.42979e-05
1348 8.18616e-06
1349 1.95777e-05
1350 1.44677e-05
1351 2.81481e-05
1352 1.46317e-05
1353 1.37675e-05
1354 1.44764e-05
1355 2.53527e-05
1356 2.53347e-05
1357 1.49552e-05
1358 1.69067e-05
1359 1.49846e-05
1360 1.0909e-05
1361 5.31456e-06
1362 1.51622e-05
1363 1.81762e-05
1364 1.79752e-05
1365 1.63752e-05
1366 2.83624e-05
1367 2.29672e-05
1368 2.7631e-05
1369 2.0278e-05
1370 1.7303e-05
1371 1.44428e-05
1372 1.11142e-05
1373 5.65398e-06
1374 8.3086e-06
1375 1.21811e-05
1376 1.31679e-05
1377 2.6773e-05
1378 2.06545e-05
1379 1.97926e-05
1380 1.7598e-05
1381 1.62162e-05
1382 1.9209e-05
1383 2.26871e-05
1384 2.06365e-05
1385 2.58499e-05
1386 1.8817e-05
1387 2.33788e-05
1388 1.74159e-05
1389 3.32446e-05
1390 1.12383e-05
1391 1.81727e-05
1392 1.06557e-05
1393 1.21497e-05
1394 1.0098e-05
1395 9.16738e-06
1396 1.05823e-05
1397 1.59717e-05
1398 1.65363e-05
1399 1.58614e-05
1400 2.28658e-05
1401 2.413e-05
1402 1.53624e-05
1403 2.00074e-05
1404 2.14133e-05
1405 3.55431e-05
1406 1.64846e-05
1407 1.76585e-05
1408 7.38514e-06
1409 1.46412e-05
1410 1.72567e-05
1411 1.40657e-05
1412 9.53075e-06
1413 1.69115e-05
1414 8.24489e-06
1415 6.07766e-06
1416 7.17504e-06
1417 8.8237e-06
1418 1.15173e-05
1419 1.58657e-05
1420 1.11711e-05
1421 1.34257e-05
1422 1.98944e-05
1423 2.53941e-05
1424 1.96361e-05
1425 1.39946e-05
1426 1.65412e-05
1427 2.03219e-05
1428 1.71003e-05
1429 1.48263e-05
1430 6.27169e-06
1431 2.02618e-05
1432 8.94992e-06
1433 1.04664e-05
1434 1.71228e-05
1435 1.38956e-05
1436 7.73128e-06
1437 1.33351e-05
1438 1.0952e-05
1439 1.01112e-05
1440 1.01988e-05
1441 8.57082e-06
1442 9.44297e-06
1443 1.37658e-05
1444 1.55456e-05
1445 1.10107e-05
1446 7.98007e-06
1447 8.85712e-06
1448 9.98591e-06
1449 1.0033e-05
1450 1.7303e-05
1451 1.43592e-05
1452 1.58865e-05
1453 2.43097e-05
1454 3.22602e-05
1455 2.16207e-05
1456 1.21829e-05
1457 5.03015e-06
1458 1.6029e-05
1459 2.76645e-05
1460 1.79365e-05
1461 1.06293e-05
1462 9.9955e-06
1463 1.09847e-05
1464 1.43577e-05
1465 2.16121e-05
1466 7.59975e-06
1467 1.09967e-05
1468 1.58362e-05
1469 1.13278e-05
1470 1.51302e-05
1471 1.58793e-05
1472 1.08771e-05
1473 1.60747e-05
1474 1.40683e-05
1475 1.87284e-05
1476 2.13766e-05
1477 2.35262e-05
1478 1.11844e-05
1479 8.4746e-06
1480 1.24152e-05
1481 1.82962e-05
1482 1.44561e-05
1483 2.24519e-05
1484 1.88805e-05
1485 1.64596e-05
1486 1.7487e-05
1487 2.13601e-05
1488 1.52925e-05
1489 1.25143e-05
1490 2.24396e-05
1491 1.11903e-05
1492 1.40635e-05
1493 1.56602e-05
1494 1.26251e-05
1495 1.55072e-05
1496 1.45652e-05
1497 1.965e-05
1498 6.33757e-06
1499 1.56066e-05
1500 1.54087e-05
1501 2.37772e-05
1502 1.6474e-05
1503 1.86801e-05
1504 1.72653e-05
1505 1.61092e-05
1506 8.56743e-06
1507 1.3224e-05
1508 1.64383e-05
1509 8.84027e-06
1510 1.35331e-05
1511 4.42344e-06
1512 8.83624e-06
1513 1.88044e-05
1514 7.97885e-06
1515 1.7422e-05
1516 1.90755e-05
1517 1.28103e-05
1518 9.55213e-06
1519 1.61803e-05
1520 1.23302e-05
1521 1.13787e-05
1522 2.04612e-05
1523 2.32703e-05
1524 1.24699e-05
1525 1.346e-05
1526 8.74911e-06
1527 6.67911e-06
1528 6.23468e-06
1529 1.49303e-05
1530 2.31742e-05
1531 1.7717e-05
1532 1.14657e-05
1533 1.20084e-05
1534 1.50681e-05
1535 1.13709e-05
1536 1.44756e-05
1537 9.72406e-06
1538 1.78847e-05
1539 1.38098e-05
1540 1.02171e-05
1541 1.09614e-05
1542 1.89641e-05
1543 9.73564e-06
1544 2.04266e-05
1545 9.43579e-06
1546 1.42303e-05
1547 1.33581e-05
1548 1.75415e-05
1549 2.43386e-05
1550 2.02757e-05
1551 1.85101e-05
1552 1.06883e-05
1553 7.74124e-06
1554 1.42454e-05
1555 1.32483e-05
1556 1.19972e-05
1557 2.35863e-05
1558 2.29042e-05
1559 1.51713e-05
1560 7.73092e-06
1561 1.25551e-05
1562 1.22153e-05
1563 6.7183e-06
1564 5.99045e-06
1565 1.96742e-05
1566 1.35244e-05
1567 2.21491e-05
1568 6.76968e-06
1569 7.59535e-06
1570 6.76738e-06
1571 1.2107e-05
1572 1.57674e-05
1573 1.19231e-05
1574 1.10206e-05
1575 1.66922e-05
1576 2.12303e-05
1577 1.04956e-05
1578 9.41495e-06
1579 6.80569e-06
1580 2.23801e-05
1581 2.02415e-05
1582 1.33237e-05
1583 1.19135e-05
1584 1.58717e-05
1585 1.288e-05
1586 9.1341e-06
1587 1.06434e-05
1588 1.19463e-05
1589 1.21557e-05
1590 2.05865e-05
1591 1.43628e-05
1592 1.57555e-05
1593 1.78001e-05
1594 2.09782e-05
1595 7.31789e-06
1596 6.42592e-06
1597 1.50607e-05
1598 1.02032e-05
1599 1.00842e-05
1600 1.06057e-05
1601 2.31098e-05
1602 1.51287e-05
1603 2.67852e-05
1604 2.88194e-05
1605 1.31161e-05
1606 1.74809e-05
1607 1.61032e-05
1608 1.53479e-05
1609 2.02382e-05
1610 1.50447e-05
1611 1.61928e-05
1612 4.7199e-06
1613 1.31975e-05
1614 6.58045e-06
1615 1.62837e-05
1616 1.28454e-05
1617 1.35962e-05
1618 1.08443e-05
1619 1.44001e-05
1620 1.992e-05
1621 1.35141e-05
1622 2.26853e-05
1623 2.49601e-05
1624 2.26726e-05
1625 1.58377e-05
1626 9.56371e-06
1627 2.1795e-05
1628 1.71211e-05
1629 8.73156e-06
1630 5.21801e-06
1631 9.19309e-06
1632 1.23752e-05
1633 1.51208e-05
1634 1.26592e-05
1635 2.18748e-05
1636 2.66045e-05
1637 1.87046e-05
1638 1.70918e-05
1639 1.09733e-05
1640 1.49699e-05
1641 7.23526e-06
1642 8.45975e-06
1643 1.09149e-05
1644 1.78389e-05
1645 1.4414e-05
1646 2.14426e-05
1647 1.90272e-05
1648 2.282e-05
1649 9.92067e-06
1650 8.0852e-06
1651 7.16441e-06
1652 1.03464e-05
1653 1.12943e-05
1654 2.55492e-05
1655 1.13953e-05
1656 6.74962e-06
1657 8.05622e-06
1658 9.46018e-06
1659 7.96047e-06
1660 1.01515e-05
1661 1.03898e-05
1662 1.88439e-05
1663 1.50691e-05
1664 9.45797e-06
1665 1.86848e-05
1666 1.39551e-05
1667 1.28413e-05
1668 7.26156e-06
1669 7.34956e-06
1670 8.26947e-06
1671 2.25078e-05
1672 2.40626e-05
1673 1.11134e-05
1674 1.13015e-05
1675 1.02683e-05
1676 8.10228e-06
1677 6.84008e-06
1678 1.1136e-05
1679 1.48394e-05
1680 1.09323e-05
1681 1.13462e-05
1682 1.44826e-05
1683 8.11567e-06
1684 1.05668e-05
1685 3.27724e-06
1686 9.83953e-06
1687 1.36792e-05
1688 1.4428e-05
1689 1.04033e-05
1690 7.87053e-06
1691 1.01248e-05
1692 1.49016e-05
1693 2.08972e-05
1694 2.77621e-05
1695 1.4127e-05
1696 1.30311e-05
1697 1.15911e-05
1698 8.94929e-06
1699 5.85343e-06
1700 9.36121e-06
1701 5.53226e-06
1702 1.5051e-05
1703 1.16284e-05
1704 1.37448e-05
1705 1.80071e-05
1706 1.60106e-05
1707 1.2152e-05
1708 1.03545e-05
1709 1.08784e-05
1710 5.64737e-06
1711 1.97391e-05
1712 1.1314e-05
1713 7.8045e-06
1714 1.48686e-05
1715 1.78327e-05
1716 7.92681e-06
1717 3.48053e-06
1718 3.85198e-06
1719 9.49396e-06
1720 4.74377e-06
1721 1.41445e-05
1722 1.66695e-05
1723 1.46541e-05
1724 1.19453e-05
1725 1.70209e-05
1726 2.93881e-05
1727 1.54313e-05
1728 1.53591e-05
1729 1.33465e-05
1730 1.52746e-05
1731 1.30604e-05
1732 8.01448e-06
1733 7.4239e-06
1734 8.4879e-06
1735 1.27828e-05
1736 9.05458e-06
1737 1.36431e-05
1738 1.74529e-05
1739 2.40451e-05
1740 1.61165e-05
1741 9.34904e-06
1742 1.45107e-05
1743 1.31621e-05
1744 1.20984e-05
1745 1.71709e-05
1746 1.42422e-05
1747 1.27798e-05
1748 9.88769e-06
1749 1.17369e-05
1750 1.52285e-05
1751 1.37589e-05
1752 1.17717e-05
1753 9.39561e-06
1754 1.2167e-05
1755 1.62932e-05
1756 1.18664e-05
1757 1.7074e-05
1758 1.588e-05
1759 1.17185e-05
1760 5.40652e-06
1761 1.756e-05
1762 1.72228e-05
1763 1.37406e-05
1764 1.24099e-05
1765 1.93851e-05
1766 7.51002e-06
1767 1.31635e-05
1768 6.95391e-06
1769 4.08469e-06
1770 1.27288e-05
1771 1.09801e-05
1772 1.24083e-05
1773 1.35491e-05
1774 1.07712e-05
1775 5.13866e-06
1776 1.04098e-05
1777 8.71247e-06
1778 9.48594e-06
1779 1.266e-05
1780 1.29797e-05
1781 1.97395e-05
1782 1.1852e-05
1783 9.2612e-06
1784 6.58942e-06
1785 9.40873e-06
1786 1.46083e-05
1787 2.6734e-05
1788 1.03257e-05
1789 8.22485e-06
1790 1.54207e-05
1791 1.04751e-05
1792 1.04274e-05
1793 8.21769e-06
1794 8.11067e-06
1795 1.09466e-05
1796 1.43449e-05
1797 5.53284e-06
1798 1.45363e-05
1799 1.13495e-05
1800 4.86972e-06
1801 1.35776e-05
1802 6.85831e-06
1803 3.56103e-06
1804 5.59629e-06
1805 1.18041e-05
1806 1.07856e-05
1807 1.02395e-05
1808 1.16875e-05
1809 1.07329e-05
1810 2.57917e-05
1811 1.57211e-05
1812 1.37346e-05
1813 7.96086e-06
1814 1.81966e-05
1815 9.65579e-06
1816 4.44054e-06
1817 1.6165e-05
1818 5.24441e-06
1819 9.26312e-06
1820 9.07518e-06
1821 1.60834e-05
1822 6.12092e-06
1823 1.07804e-05
1824 7.67008e-06
1825 7.26573e-06
1826 1.21056e-05
1827 1.61046e-05
1828 1.17662e-05
1829 1.95807e-05
1830 1.87134e-05
1831 1.59004e-05
1832 1.31729e-05
1833 1.48749e-05
1834 6.78729e-06
1835 9.40555e-06
1836 8.76963e-06
1837 1.39491e-05
1838 1.12093e-05
1839 4.97354e-06
1840 1.71022e-05
1841 1.56441e-05
1842 1.14211e-05
1843 9.1253e-06
1844 1.403e-05
1845 1.0882e-05
1846 9.77795e-06
1847 8.07414e-06
1848 5.29313e-06
1849 1.02358e-05
1850 1.36218e-05
1851 7.619e-06
1852 1.78842e-05
1853 3.81044e-06
1854 1.00103e-05
1855 9.30277e-06
1856 1.21859e-05
1857 1.5875e-05
1858 5.56996e-06
1859 8.62155e-06
1860 1.48894e-05
1861 9.47066e-06
1862 6.97927e-06
1863 1.73095e-05
1864 1.66473e-05
1865 1.06538e-05
1866 1.41963e-05
1867 1.30105e-05
1868 7.39872e-06
1869 1.45895e-05
1870 9.99312e-06
1871 7.81817e-06
1872 1.28452e-05
1873 1.38522e-05
1874 1.70967e-05
1875 1.35493e-05
1876 9.43175e-06
1877 9.88058e-06
1878 6.19838e-06
1879 9.87958e-06
1880 7.17935e-06
1881 5.84325e-06
1882 9.68589e-06
1883 1.63214e-05
1884 1.00419e-05
1885 1.50673e-05
1886 1.26137e-05
1887 8.81576e-06
1888 7.3917e-06
1889 1.28674e-05
1890 9.09849e-06
1891 9.6139e-06
1892 1.52792e-05
1893 9.18751e-06
1894 1.29402e-05
1895 9.40765e-06
1896 5.50011e-06
1897 3.7635e-06
1898 1.12737e-05
1899 8.10306e-06
1900 5.62459e-06
1901 4.20674e-06
1902 2.62731e-06
1903 2.39488e-06
1904 5.4414e-06
1905 1.93776e-05
1906 6.92504e-06
1907 1.74836e-05
1908 1.40941e-05
1909 4.69116e-06
1910 7.35066e-06
1911 7.97396e-06
1912 1.1847e-05
1913 1.36113e-05
1914 6.13234e-06
1915 5.3556e-06
1916 8.90517e-06
1917 1.15618e-05
1918 1.33494e-05
1919 8.30327e-06
1920 3.40431e-06
1921 1.28458e-05
1922 1.61846e-05
1923 1.32117e-05
1924 5.1281e-06
1925 6.90538e-06
1926 4.98617e-06
1927 1.32198e-05
1928 1.35822e-05
1929 1.03378e-05
1930 1.62997e-05
1931 9.96808e-06
1932 4.75212e-06
1933 1.47336e-05
1934 1.19676e-05
1935 6.99349e-06
1936 9.2364e-06
1937 1.57056e-05
1938 1.12277e-05
1939 6.96212e-06
1940 1.25765e-05
1941 6.7639e-06
1942 1.09166e-05
1943 4.80149e-06
1944 8.64051e-06
1945 1.06379e-05
1946 1.27562e-05
1947 9.77371e-06
1948 8.3486e-06
1949 7.74099e-06
1950 5.03815e-06
1951 7.70087e-06
1952 4.75841e-06
1953 1.77421e-05
1954 1.09241e-05
1955 1.48444e-05
1956 8.53489e-06
1957 9.95684e-06
1958 1.15909e-05
1959 1.03081e-05
1960 1.7376e-05
1961 1.07332e-05
1962 1.10077e-05
1963 1.11341e-05
1964 9.22913e-06
1965 6.70236e-06
1966 2.13681e-05
1967 9.95431e-06
1968 1.0969e-05
1969 4.12278e-06
1970 3.75277e-06
1971 4.89796e-06
1972 9.40948e-06
1973 1.10668e-05
1974 1.4174e-05
1975 6.24853e-06
1976 2.51234e-06
1977 5.13813e-06
1978 1.46475e-05
1979 9.29161e-06
1980 1.87104e-05
1981 1.22037e-05
1982 8.40875e-06
1983 8.65735e-06
1984 1.13379e-05
1985 1.40571e-05
1986 8.51748e-06
1987 1.45535e-05
1988 5.46553e-06
1989 1.42259e-05
1990 9.08992e-06
1991 1.32308e-05
1992 1.75221e-05
1993 1.56476e-05
1994 1.67953e-05
1995 5.21189e-06
1996 1.36189e-05
1997 1.64975e-05
1998 5.13711e-06
1999 5.0674e-06
2000 3.33627e-06
2001 5.64337e-06
2002 1.31651e-05
2003 6.88878e-06
2004 7.2678e-06
2005 9.56628e-06
2006 5.52432e-06
2007 1.32303e-05
2008 8.18465e-06
2009 4.75204e-06
2010 1.4808e-05
2011 9.37373e-06
2012 3.62292e-06
2013 9.65876e-06
2014 1.35589e-05
2015 8.13178e-06
2016 2.25977e-05
2017 8.53294e-06
2018 1.59395e-05
2019 8.74548e-06
2020 1.47026e-05
2021 1.32285e-05
2022 1.57193e-05
2023 1.39394e-05
2024 5.39897e-06
2025 3.93224e-06
2026 9.76622e-06
2027 1.0725e-05
2028 3.99181e-06
2029 7.44084e-06
2030 5.80876e-06
2031 5.68468e-06
2032 2.73597e-06
2033 6.50958e-06
2034 8.21199e-06
2035 7.38569e-06
2036 1.4932e-05
2037 5.00772e-06
2038 3.89761e-06
2039 1.38756e-05
2040 9.19017e-06
2041 6.56331e-06
2042 1.33454e-05
2043 8.91444e-06
2044 5.68808e-06
2045 6.10439e-06
2046 1.07828e-05
2047 2.10688e-05
2048 6.20064e-06
2049 7.76446e-06
2050 1.83864e-05
2051 1.05009e-05
2052 1.76667e-05
2053 1.70894e-05
2054 9.52571e-06
2055 8.70125e-06
2056 9.49002e-06
2057 1.19245e-05
2058 6.25088e-06
2059 2.91836e-06
2060 3.66765e-06
2061 1.22521e-05
2062 1.05533e-05
2063 4.14289e-06
2064 5.82481e-06
2065 1.07138e-05
2066 5.43798e-06
2067 8.0323e-06
2068 6.36043e-06
2069 1.23972e-05
2070 7.95459e-06
2071 1.46077e-05
2072 9.44092e-06
2073 9.95291e-06
2074 7.26222e-06
2075 4.16722e-06
2076 8.79411e-06
2077 8.27198e-06
2078 6.85585e-06
2079 5.4116e-06
2080 6.47689e-06
2081 1.05689e-05
2082 6.26484e-06
2083 1.70063e-06
2084 1.15385e-05
2085 9.64568e-06
2086 1.45783e-05
2087 7.30982e-06
2088 3.76796e-06
2089 1.65808e-05
2090 9.24782e-06
2091 9.64878e-06
2092 2.90944e-06
2093 1.53746e-05
2094 9.18505e-06
2095 1.45426e-05
2096 2.63622e-05
2097 1.06717e-05
2098 1.17694e-05
2099 6.17819e-06
2100 6.53706e-06
2101 1.11506e-05
2102 1.70159e-05
2103 1.15471e-05
2104 7.22326e-06
2105 5.09607e-06
2106 6.80322e-06
2107 1.30032e-05
2108 1.06183e-05
2109 8.46526e-06
2110 2.01748e-05
2111 8.59947e-06
2112 5.3632e-06
2113 7.04143e-06
2114 9.31014e-06
2115 1.35222e-05
2116 1.57134e-05
2117 4.5787e-06
2118 2.27811e-05
2119 9.1533e-06
2120 8.81495e-06
2121 6.7375e-06
2122 3.29685e-06
2123 1.16601e-05
2124 1.43803e-05
2125 4.53718e-06
2126 9.88037e-06
2127 1.58353e-05
2128 9.08281e-06
2129 9.7963e-06
2130 8.91702e-06
2131 9.76964e-06
2132 1.20384e-05
2133 6.67317e-06
2134 1.81734e-06
2135 4.65828e-06
2136 1.33352e-05
2137 9.31488e-06
2138 9.21322e-06
2139 7.57644e-06
2140 6.63753e-06
2141 4.92436e-06
2142 1.6126e-05
2143 1.99109e-05
2144 1.19798e-05
2145 4.9337e-06
2146 5.25082e-06
2147 1.04675e-05
2148 8.51053e-06
2149 8.05899e-06
2150 9.26549e-06
2151 1.17394e-05
2152 3.89316e-06
2153 1.44944e-05
2154 3.88702e-06
2155 1.1226e-05
2156 1.38967e-05
2157 8.69141e-06
2158 5.44712e-06
2159 9.8027e-06
2160 8.859e-06
2161 1.05454e-05
2162 8.0934e-06
2163 5.00889e-06
2164 2.25098e-06
2165 4.20349e-06
2166 1.33852e-05
2167 9.64143e-06
2168 9.43824e-06
2169 1.47716e-05
2170 2.16824e-05
2171 8.5363e-06
2172 1.15348e-05
2173 2.13835e-05
2174 1.32761e-05
2175 1.40118e-05
2176 1.01001e-05
2177 6.28482e-06
2178 8.20742e-06
2179 6.47112e-06
2180 5.19411e-06
2181 4.64023e-06
2182 7.25222e-06
2183 1.36318e-05
2184 1.08715e-05
2185 7.52666e-06
2186 6.89989e-06
2187 4.46166e-06
2188 4.69918e-06
2189 4.13666e-06
2190 1.35925e-05
2191 2.68374e-05
2192 1.02955e-05
2193 6.88588e-06
2194 1.00268e-05
2195 7.67658e-06
2196 1.47265e-05
2197 1.64933e-05
2198 1.38657e-05
2199 8.53721e-06
2200 1.83474e-06
2201 7.09698e-06
2202 9.87457e-06
2203 1.062e-05
2204 4.18456e-06
2205 4.90261e-06
2206 6.91969e-06
2207 4.86075e-06
2208 4.71763e-06
2209 5.1556e-06
2210 3.16625e-06
2211 9.42681e-06
2212 1.00569e-05
2213 4.54189e-06
2214 1.34609e-05
2215 5.79451e-06
2216 1.40653e-05
2217 1.01064e-05
2218 1.99575e-05
2219 1.86009e-05
2220 4.74779e-06
2221 4.30158e-06
2222 7.36332e-06
2223 1.02814e-05
2224 4.46513e-06
2225 6.18555e-06
2226 4.64039e-06
2227 7.83937e-06
2228 4.7264e-06
2229 8.49268e-06
2230 2.32834e-05
2231 1.58721e-05
2232 5.60837e-06
2233 9.91801e-06
2234 5.55259e-06
2235 2.21744e-06
2236 7.78151e-06
2237 9.77382e-06
2238 7.98645e-06
2239 1.53968e-05
2240 6.13351e-06
2241 9.68113e-06
2242 1.41333e-05
2243 9.00265e-06
2244 5.57561e-06
2245 7.00739e-06
2246 5.66773e-06
2247 4.72555e-06
2248 2.43881e-06
2249 9.07001e-07
2250 4.34444e-06
2251 7.35087e-06
2252 6.65593e-06
2253 7.35648e-06
2254 7.93608e-06
2255 8.77443e-06
2256 8.25701e-06
2257 3.87122e-06
2258 2.35513e-06
2259 4.0493e-06
2260 4.08532e-06
2261 3.72451e-06
2262 2.63012e-06
2263 4.99946e-06
2264 1.16786e-05
2265 3.19371e-06
2266 4.02648e-06
2267 9.045e-06
2268 1.45425e-05
2269 1.45254e-05
2270 1.17597e-05
2271 7.08281e-06
2272 9.98948e-06
2273 6.71296e-06
2274 8.27923e-06
2275 3.47716e-06
2276 1.07003e-06
2277 9.14373e-06
2278 3.62241e-06
2279 8.64435e-06
2280 3.62866e-06
2281 5.34944e-06
2282 4.01088e-06
2283 9.3114e-06
2284 9.85337e-06
2285 9.7398e-06
2286 2.22549e-06
2287 6.5504e-06
2288 1.42292e-05
2289 1.02667e-05
2290 6.288e-06
2291 6.13247e-06
2292 1.36597e-05
2293 1.20196e-05
2294 4.92168e-06
2295 6.32636e-06
2296 2.33169e-06
2297 1.63795e-06
2298 5.57021e-06
2299 2.8041e-06
2300 9.39679e-06
2301 4.76469e-06
2302 1.33949e-05
2303 1.50026e-05
2304 1.25229e-05
2305 9.63836e-06
2306 4.18005e-06
2307 3.52397e-06
2308 7.18025e-06
2309 9.56711e-06
2310 9.23728e-06
2311 9.04936e-06
2312 9.1403e-06
2313 8.3149e-06
2314 6.2618e-06
2315 4.03679e-06
2316 4.95957e-06
2317 1.06404e-05
2318 8.36607e-06
2319 5.1751e-06
2320 4.14465e-06
2321 2.91097e-06
2322 1.58747e-06
2323 8.81601e-06
2324 6.75239e-06
2325 4.9276e-06
2326 4.4271e-06
2327 2.06106e-06
2328 4.5147e-06
2329 1.53001e-05
2330 5.83047e-06
2331 4.29206e-06
2332 2.3527e-06
2333 7.88837e-06
2334 6.33386e-06
2335 1.05636e-05
2336 2.33145e-06
2337 7.87227e-06
2338 1.79793e-06
2339 9.83555e-06
2340 7.64425e-06
2341 3.62476e-06
2342 6.13069e-06
2343 7.45009e-06
2344 1.87898e-05
2345 1.26847e-05
2346 1.20267e-05
2347 1.1738e-05
2348 1.98085e-05
2349 1.307e-05
2350 1.28065e-05
2351 8.90775e-06
2352 4.79513e-06
2353 4.41213e-06
2354 1.06452e-06
2355 5.68697e-06
2356 1.03687e-05
2357 1.18018e-05
2358 4.62621e-06
2359 1.45227e-06
2360 1.08507e-05
2361 1.31198e-05
2362 1.01194e-05
2363 5.16034e-06
2364 6.06379e-06
2365 6.06947e-06
2366 1.41984e-06
2367 7.64763e-06
2368 1.54034e-05
2369 5.84658e-06
2370 1.7829e-05
2371 1.06791e-05
2372 5.37892e-06
2373 2.36574e-06
2374 3.0366e-06
2375 1.30073e-05
2376 7.11859e-06
2377 4.02823e-06
2378 2.66933e-06
2379 7.02915e-06
2380 8.69268e-06
2381 5.40217e-06
2382 2.57421e-06
2383 1.3046e-05
2384 9.10326e-06
2385 1.22301e-05
2386 1.1894e-05
2387 9.38405e-06
2388 8.95191e-06
2389 1.31116e-05
2390 6.13993e-06
2391 7.32409e-06
2392 6.82371e-06
2393 5.71374e-06
2394 8.21445e-06
2395 5.2868e-06
2396 1.16636e-05
2397 7.06401e-06
2398 1.62612e-05
2399 9.39286e-06
2400 9.9005e-06
2401 1.46382e-05
2402 5.77262e-06
2403 4.76524e-06
2404 7.05408e-06
2405 8.03486e-06
2406 7.43685e-06
2407 1.30216e-05
2408 7.52418e-06
2409 7.93663e-06
2410 2.7573e-06
2411 5.70246e-06
2412 9.68341e-06
2413 7.70308e-06
2414 4.87131e-06
2415 9.42483e-06
2416 1.38407e-05
2417 8.03325e-06
2418 4.62236e-06
2419 5.72879e-06
2420 5.14385e-06
2421 3.2782e-06
2422 4.82228e-06
2423 3.38373e-06
2424 4.75637e-06
2425 1.06927e-05
2426 6.4863e-06
2427 1.0815e-05
2428 5.74517e-06
2429 8.7408e-06
2430 1.17769e-05
2431 5.49577e-06
2432 8.81262e-06
2433 1.19486e-05
2434 1.14926e-05
2435 1.39618e-05
2436 1.21331e-05
2437 7.82753e-06
2438 1.48091e-05
2439 1.16997e-05
2440 1.04078e-05
2441 8.15281e-06
2442 1.03577e-06
2443 1.74072e-05
2444 8.2198e-06
2445 4.47256e-06
2446 1.40896e-05
2447 6.32148e-06
2448 7.66128e-06
2449 4.68995e-06
2450 5.58416e-06
2451 4.65568e-06
2452 3.663e-06
2453 1.1673e-05
2454 5.67841e-06
2455 6.63826e-06
2456 1.16646e-05
2457 9.63341e-06
2458 1.30038e-05
2459 1.44606e-05
2460 5.53528e-06
2461 1.22023e-05
2462 5.65811e-06
2463 1.37665e-05
2464 1.86537e-05
2465 2.94837e-05
2466 8.39428e-06
2467 4.66324e-06
2468 3.2363e-06
2469 8.11988e-06
2470 7.31254e-06
2471 1.00657e-05
2472 1.19276e-05
2473 9.97213e-06
2474 1.02807e-05
2475 7.40721e-06
2476 2.70288e-06
2477 1.10907e-05
2478 1.2887e-05
2479 5.09243e-06
2480 4.05597e-06
2481 2.9923e-06
2482 9.14072e-06
2483 5.56943e-06
2484 9.64685e-06
2485 1.22378e-05
2486 4.48017e-06
2487 4.23488e-06
2488 2.89623e-06
2489 1.08165e-05
2490 1.03011e-05
2491 9.77889e-06
2492 6.71642e-06
2493 8.05593e-07
2494 5.77401e-06
2495 7.29334e-06
2496 7.49763e-06
2497 7.24524e-06
2498 4.84492e-06
2499 5.15388e-06
2500 7.04247e-06
2501 1.31314e-05
2502 1.10791e-05
2503 3.82841e-06
2504 1.22018e-05
2505 1.09103e-05
2506 1.09185e-05
2507 8.03131e-06
2508 7.54161e-06
2509 5.66055e-06
2510 3.26342e-06
2511 8.70759e-06
2512 8.98646e-06
2513 3.81462e-06
2514 1.07815e-05
2515 6.81057e-06
2516 9.25067e-06
2517 4.52887e-06
2518 2.71385e-06
2519 4.78093e-06
2520 9.16946e-06
2521 7.85798e-06
2522 1.16708e-05
2523 8.16072e-06
2524 1.08409e-05
2525 1.80297e-05
2526 6.79548e-06
2527 4.10753e-06
2528 5.72572e-06
2529 1.37282e-06
2530 1.2811e-06
2531 6.09247e-06
2532 2.69649e-06
2533 2.38405e-06
2534 1.47117e-05
2535 1.08421e-05
2536 9.1308e-06
2537 1.19428e-05
2538 6.68377e-06
2539 9.69725e-06
2540 2.69163e-06
2541 1.37759e-05
2542 2.98032e-06
2543 2.76238e-06
2544 1.02863e-05
2545 1.00454e-05
2546 8.15515e-06
2547 1.6639e-05
2548 1.56041e-05
2549 1.1976e-05
2550 7.73772e-06
2551 1.08063e-05
2552 7.95879e-06
2553 5.91842e-06
2554 8.46321e-06
2555 1.10037e-05
2556 9.22871e-06
2557 9.17034e-06
2558 3.68376e-06
2559 7.15347e-06
2560 1.18081e-05
2561 1.38226e-05
2562 1.23877e-05
2563 2.13851e-06
2564 1.3022e-05
2565 5.98092e-06
2566 9.82281e-06
2567 8.17845e-06
2568 1.70382e-05
2569 5.96922e-06
2570 4.31826e-06
2571 4.66782e-06
2572 8.29967e-06
2573 4.62139e-06
2574 2.32508e-06
2575 5.9441e-06
2576 9.54305e-06
2577 7.48778e-06
2578 1.27289e-05
2579 1.33225e-05
2580 1.99386e-05
2581 7.87012e-06
2582 4.54177e-06
2583 4.73024e-06
2584 4.30734e-06
2585 2.55164e-06
2586 6.62973e-06
2587 4.13284e-06
2588 5.2197e-06
2589 6.8425e-06
2590 3.85971e-06
2591 2.6816e-06
2592 7.13001e-06
2593 7.06383e-06
2594 1.5125e-05
2595 1.22159e-05
2596 1.31771e-05
2597 6.66426e-06
2598 5.32408e-06
2599 6.00732e-06
2600 1.45285e-05
2601 8.84252e-06
2602 1.04208e-05
2603 9.23702e-06
2604 7.04483e-06
2605 1.90642e-06
2606 5.57194e-06
2607 5.72278e-06
2608 2.62063e-06
2609 3.41064e-06
2610 2.435e-06
2611 2.89226e-06
2612 2.03405e-06
2613 6.86332e-06
2614 7.10542e-06
2615 3.77493e-06
2616 2.56808e-06
2617 3.03715e-06
2618 1.63065e-06
2619 8.6442e-06
2620 4.2324e-06
2621 2.2037e-06
2622 2.28597e-06
2623 7.52398e-06
2624 9.19233e-06
2625 5.29382e-06
2626 8.20142e-06
2627 8.09238e-06
2628 9.47789e-06
2629 3.09225e-06
2630 7.52259e-06
2631 8.33676e-06
2632 1.33021e-05
2633 8.64151e-06
2634 4.20143e-06
2635 4.65829e-06
2636 5.90852e-06
2637 6.79537e-06
2638 4.27372e-06
2639 6.11379e-06
2640 9.93857e-06
2641 8.04446e-06
2642 2.85298e-06
2643 2.49464e-06
2644 9.367e-06
2645 6.36197e-06
2646 7.88227e-06
2647 4.06817e-06
2648 1.63403e-06
2649 1.55515e-06
2650 2.52462e-06
2651 7.09391e-06
2652 1.00112e-05
2653 2.72785e-06
2654 5.15478e-06
2655 4.42099e-06
2656 4.69792e-06
2657 1.80351e-05
2658 1.44676e-05
2659 5.82918e-06
2660 7.74747e-06
2661 5.27316e-06
2662 5.41979e-06
2663 4.54845e-06
2664 3.03302e-06
2665 3.30265e-06
2666 9.63678e-06
2667 1.53958e-06
2668 1.01451e-05
2669 5.85468e-06
2670 1.14116e-05
2671 1.50079e-05
2672 1.17681e-05
2673 1.00665e-05
2674 7.96473e-06
2675 8.78313e-06
2676 5.15784e-06
2677 2.09078e-06
2678 2.5048e-06
2679 5.71927e-06
2680 8.86008e-06
2681 1.10449e-05
2682 7.10437e-06
2683 9.90772e-06
2684 9.9041e-06
2685 9.10922e-06
2686 9.56824e-06
2687 3.3286e-06
2688 3.90295e-06
2689 1.04907e-05
2690 1.0537e-05
2691 1.09074e-05
2692 3.49908e-06
2693 3.27794e-06
2694 1.15646e-06
2695 3.84436e-06
2696 6.76564e-06
2697 5.61502e-06
2698 1.12812e-05
2699 7.45285e-06
2700 3.32865e-06
2701 6.46047e-06
2702 1.11225e-05
2703 9.19342e-06
2704 1.31034e-05
2705 5.21996e-06
2706 1.13199e-05
2707 2.97565e-06
2708 4.28804e-06
2709 2.8006e-06
2710 2.01593e-06
2711 1.16643e-05
2712 4.26782e-06
2713 1.63588e-06
2714 8.19467e-06
2715 5.28728e-06
2716 2.82207e-06
2717 1.10346e-05
2718 6.23248e-06
2719 7.33906e-06
2720 5.86687e-06
2721 4.46437e-06
2722 2.23095e-06
2723 1.99151e-06
2724 6.36182e-06
2725 5.77875e-06
2726 1.0502e-05
2727 5.55697e-06
2728 7.04787e-06
2729 2.25767e-06
2730 2.86556e-06
2731 3.39883e-06
2732 1.46399e-06
2733 3.83611e-06
2734 5.02344e-06
2735 1.99508e-06
2736 4.99275e-06
2737 2.80215e-06
2738 6.16168e-06
2739 6.12851e-06
2740 9.08281e-06
2741 6.88591e-06
2742 1.26929e-05
2743 9.76713e-06
2744 4.48892e-06
2745 1.01442e-05
2746 7.009e-06
2747 2.19448e-06
2748 2.85195e-06
2749 5.47305e-06
2750 2.30548e-06
2751 4.26723e-06
2752 1.60699e-06
2753 2.11541e-06
2754 3.81954e-06
2755 7.421e-06
2756 1.03045e-05
2757 5.29896e-06
2758 6.02905e-06
2759 7.81018e-06
2760 3.33799e-06
2761 5.99315e-06
2762 7.00264e-06
2763 1.59292e-05
2764 5.70957e-06
2765 3.51851e-06
2766 3.73221e-06
2767 1.9692e-06
2768 7.21672e-06
2769 7.01236e-06
2770 5.57956e-06
2771 5.39225e-06
2772 3.563e-06
2773 7.16339e-06
2774 3.93784e-06
2775 5.95963e-06
2776 7.66222e-06
2777 7.83851e-06
2778 5.84204e-06
2779 6.22511e-06
2780 4.58002e-06
2781 1.19554e-05
2782 9.67553e-06
2783 1.01321e-05
2784 1.05761e-05
2785 4.41826e-06
2786 4.43169e-06
2787 1.24027e-05
2788 4.82392e-06
2789 3.95679e-06
2790 2.61024e-06
2791 7.64492e-06
2792 8.36517e-06
2793 4.60712e-06
2794 2.37906e-06
2795 6.00276e-06
2796 3.23923e-06
2797 9.34131e-06
2798 3.89311e-06
2799 4.08969e-06
2800 8.95041e-06
2801 7.83449e-06
2802 7.15668e-06
2803 1.35276e-05
2804 3.56861e-06
2805 9.62402e-06
2806 9.98886e-06
2807 1.12453e-05
2808 9.81768e-06
2809 5.77798e-06
2810 2.29281e-06
2811 8.37285e-06
2812 5.00855e-06
2813 9.9949e-06
2814 9.30178e-06
2815 1.25266e-05
2816 9.26586e-06
2817 1.56169e-05
2818 7.6194e-06
2819 7.26587e-06
2820 3.18992e-06
2821 7.13187e-06
2822 1.05545e-05
2823 9.18304e-06
2824 4.65021e-06
2825 7.32389e-06
2826 5.78084e-06
2827 1.0727e-05
2828 4.51451e-06
2829 3.55056e-06
2830 5.22427e-06
2831 5.15694e-06
2832 1.08679e-06
2833 2.03786e-06
2834 9.55249e-07
2835 6.07953e-06
2836 3.74199e-06
2837 5.04804e-06
2838 1.94544e-06
2839 1.47856e-06
2840 1.028e-05
2841 8.69341e-06
2842 6.05372e-06
2843 1.17999e-06
2844 5.99411e-06
2845 6.54913e-06
2846 1.08568e-05
2847 3.02196e-06
2848 4.83871e-06
2849 8.15247e-06
2850 4.72796e-06
2851 3.38505e-06
2852 3.31584e-06
2853 8.82846e-06
2854 8.58007e-06
2855 2.57803e-06
2856 8.29611e-06
2857 9.31586e-06
2858 5.93057e-06
2859 4.11793e-06
2860 8.10556e-06
2861 3.60795e-06
2862 2.58168e-06
2863 4.97848e-06
2864 1.60025e-06
2865 4.28478e-06
2866 1.95392e-06
2867 2.04249e-06
2868 4.81385e-06
2869 7.65195e-06
2870 8.53806e-06
2871 4.62134e-06
2872 2.26562e-06
2873 2.48296e-06
2874 5.19964e-06
2875 1.25373e-05
2876 5.01566e-06
2877 4.07291e-06
2878 1.62038e-05
2879 5.50549e-06
2880 4.55634e-06
2881 1.66209e-05
2882 8.99725e-06
2883 4.13777e-06
2884 1.10261e-05
2885 2.68604e-06
2886 1.80637e-05
2887 7.00747e-06
2888 2.89496e-06
2889 5.38737e-06
2890 5.15585e-06
2891 3.68535e-06
2892 6.66444e-06
2893 6.64535e-06
2894 6.80356e-06
2895 2.16598e-06
2896 1.2314e-05
2897 1.19212e-05
2898 8.02371e-06
2899 3.73659e-06
2900 2.20659e-06
2901 4.07346e-07
2902 2.61364e-06
2903 9.44918e-06
2904 4.67805e-06
2905 4.49356e-06
2906 3.39939e-06
2907 6.0152e-06
2908 7.05441e-06
2909 6.45985e-06
2910 3.94205e-06
2911 2.81257e-06
2912 9.31095e-06
2913 8.7904e-06
2914 5.05686e-06
2915 1.90451e-06
2916 3.057e-06
2917 1.87903e-05
2918 9.76176e-06
2919 5.52277e-06
2920 8.55676e-06
2921 9.609e-06
2922 3.0974e-06
2923 1.84469e-06
2924 7.49529e-07
2925 6.56589e-06
2926 3.43366e-06
2927 2.97073e-06
2928 2.97303e-06
2929 1.36922e-05
2930 4.29311e-06
2931 3.17157e-06
2932 4.13449e-06
2933 1.17059e-06
2934 8.46408e-07
2935 4.6429e-06
2936 3.93843e-06
2937 1.02852e-05
2938 5.02359e-06
2939 3.46067e-06
2940 6.34805e-06
2941 4.24417e-06
2942 7.20307e-06
2943 5.60842e-06
2944 2.10079e-06
2945 5.46256e-06
2946 5.89974e-06
2947 1.25884e-05
2948 5.3424e-06
2949 5.86483e-06
2950 7.0807e-06
2951 6.7212e-06
2952 8.05428e-06
2953 5.71599e-06
2954 1.08659e-05
2955 4.10273e-06
2956 6.12874e-06
2957 4.78247e-06
2958 4.2543e-06
2959 1.02089e-05
2960 7.77036e-06
2961 6.60266e-06
2962 1.65222e-05
2963 1.142e-05
2964 5.78296e-06
2965 3.42028e-06
2966 8.70887e-07
2967 6.3377e-06
2968 8.92932e-06
2969 1.11434e-05
2970 6.14782e-06
2971 8.87772e-06
2972 3.61618e-06
2973 9.84131e-06
2974 3.37415e-06
2975 1.52445e-05
2976 1.15677e-05
2977 1.51009e-05
2978 4.84307e-06
2979 7.31066e-06
2980 4.17207e-06
2981 2.74108e-06
2982 6.6637e-06
2983 8.93289e-06
2984 5.71856e-06
2985 4.55371e-06
2986 3.93869e-06
2987 8.00127e-06
2988 6.27209e-06
2989 3.8984e-06
2990 1.50614e-06
2991 5.53147e-06
2992 2.063e-06
2993 5.00612e-06
2994 3.38958e-06
2995 6.28304e-06
2996 2.42048e-06
2997 7.09982e-07
2998 2.27507e-06
2999 9.30844e-07
3000 8.31886e-06
3001 6.21113e-06
3002 5.41376e-06
3003 3.3173e-06
3004 2.81305e-06
3005 7.32392e-07
3006 1.9745e-06
3007 8.39382e-06
3008 6.1075e-06
3009 7.5786e-06
3010 4.1993e-06
3011 1.6668e-06
3012 3.98488e-06
3013 1.01424e-05
3014 4.73574e-06
3015 1.88608e-06
3016 1.27001e-06
3017 1.19339e-05
3018 2.34446e-06
3019 8.97804e-07
3020 2.00521e-06
3021 2.25815e-06
3022 2.93104e-06
3023 4.45223e-06
3024 1.92196e-05
3025 1.65823e-05
3026 8.55274e-06
3027 1.29004e-05
3028 8.02548e-06
3029 5.70716e-06
3030 5.24747e-06
3031 2.469e-06
3032 9.79667e-07
3033 8.15614e-06
3034 9.25611e-06
3035 7.65158e-06
3036 1.62966e-06
3037 5.94858e-06
3038 2.86273e-06
3039 1.79617e-06
3040 8.14246e-06
3041 9.61728e-06
3042 8.84405e-06
3043 7.43232e-06
3044 1.13649e-05
3045 1.37361e-05
3046 1.20544e-06
3047 5.48021e-06
3048 3.4677e-06
3049 6.45133e-06
3050 2.87764e-06
3051 6.31142e-06
3052 1.49441e-05
3053 4.34511e-06
3054 2.53733e-06
3055 2.21369e-06
3056 3.13417e-06
3057 1.4942e-06
3058 4.73093e-06
3059 1.86734e-06
3060 1.07478e-06
3061 6.54713e-06
3062 8.40231e-06
3063 9.73596e-06
3064 7.90619e-06
3065 5.19803e-06
3066 2.68316e-06
3067 3.53197e-06
3068 7.09436e-06
3069 8.42053e-06
3070 2.74357e-06
3071 2.87084e-06
3072 8.89468e-06
3073 6.55177e-06
3074 6.30652e-06
3075 1.51849e-05
3076 3.78794e-06
3077 3.66055e-06
3078 1.65164e-06
3079 2.49488e-06
3080 1.47991e-06
3081 4.55013e-06
3082 9.93498e-06
3083 1.94953e-06
3084 7.02749e-06
3085 6.95216e-06
3086 3.78841e-06
3087 1.99232e-06
3088 6.38454e-06
3089 4.97979e-06
3090 3.87181e-06
3091 4.52692e-06
3092 6.33978e-06
3093 7.6437e-06
3094 4.5452e-06
3095 4.6566e-06
3096 4.18707e-06
3097 3.27897e-06
3098 1.9543e-06
3099 6.40191e-07
3100 5.18118e-06
3101 8.5753e-06
3102 3.27716e-06
3103 6.48233e-06
3104 5.92275e-06
3105 7.79145e-06
3106 4.06165e-06
3107 1.95067e-06
3108 6.97926e-06
3109 3.36324e-06
3110 3.70505e-06
3111 1.44447e-06
3112 6.31861e-06
3113 1.17899e-06
3114 3.57192e-07
3115 4.67263e-06
3116 8.00053e-06
3117 2.95923e-06
3118 4.73238e-06
3119 7.14132e-06
3120 4.8858e-06
3121 1.59809e-06
3122 4.28567e-06
3123 2.79904e-06
3124 5.54534e-06
3125 2.77203e-06
3126 3.80105e-06
3127 9.19454e-06
3128 8.19874e-06
3129 3.35258e-06
3130 3.84318e-06
3131 6.90972e-06
3132 1.07036e-06
3133 5.43409e-07
3134 2.5357e-06
3135 6.1709e-06
3136 7.0272e-06
3137 6.98467e-06
3138 5.24687e-06
3139 6.84624e-06
3140 4.24398e-06
3141 1.62757e-06
3142 2.98941e-06
3143 8.52775e-07
3144 5.42626e-06
3145 2.58056e-06
3146 5.14448e-06
3147 3.52868e-06
3148 5.37522e-06
3149 5.47388e-06
3150 3.36997e-06
3151 9.58427e-06
3152 6.89771e-06
3153 8.08076e-06
3154 4.57365e-06
3155 3.62596e-06
3156 2.0086e-06
3157 7.57628e-07
3158 1.181e-06
3159 6.0872e-06
3160 3.81478e-06
3161 9.19198e-06
3162 6.05087e-06
3163 8.78718e-06
3164 9.05703e-06
3165 5.09931e-06
3166 1.16002e-06
3167 6.12358e-06
3168 2.62849e-06
3169 3.32634e-06
3170 1.82057e-06
3171 7.28461e-06
3172 4.4894e-06
3173 2.33802e-06
3174 6.51226e-06
3175 7.29782e-06
3176 1.54847e-06
3177 7.31659e-06
3178 5.64487e-06
3179 3.2855e-06
3180 6.14712e-06
3181 4.82054e-06
3182 5.80628e-06
3183 5.43398e-06
3184 9.82049e-06
3185 3.86759e-06
3186 1.79326e-06
3187 2.26646e-06
3188 2.0965e-06
3189 6.21404e-06
3190 1.83205e-06
3191 3.99711e-06
3192 4.75934e-06
3193 1.69055e-06
3194 1.01843e-06
3195 7.69861e-06
3196 6.6206e-06
3197 9.83721e-06
3198 5.05287e-06
3199 8.1304e-06
3200 3.2466e-06
3201 7.20167e-06
3202 8.48412e-06
3203 7.64381e-06
3204 1.03697e-05
3205 8.84944e-06
3206 3.31592e-06
3207 2.53183e-06
3208 8.7686e-06
3209 8.54821e-06
3210 3.60107e-06
3211 3.31634e-06
3212 1.45189e-05
3213 5.44345e-06
3214 1.05425e-06
3215 7.54405e-06
3216 2.05877e-06
3217 2.62499e-06
3218 2.60688e-06
3219 5.38164e-06
3220 4.26758e-06
3221 6.66137e-06
3222 2.59641e-06
3223 6.97776e-06
3224 8.76774e-06
3225 2.0919e-06
3226 1.4793e-06
3227 1.36749e-05
3228 1.38723e-05
3229 8.50576e-06
3230 3.29697e-06
3231 1.74499e-06
3232 2.70605e-06
3233 8.67499e-07
3234 5.88964e-06
3235 2.7012e-06
3236 2.44747e-06
3237 1.4899e-06
3238 7.8501e-06
3239 5.38667e-06
3240 1.82761e-06
3241 4.917e-06
3242 2.85094e-06
3243 2.22696e-06
3244 9.01565e-07
3245 6.74261e-06
3246 6.77538e-06
3247 7.97216e-06
3248 4.38987e-06
3249 2.83349e-06
3250 2.99086e-06
3251 5.38307e-06
3252 2.91201e-06
3253 1.45212e-05
3254 6.28846e-06
3255 6.47464e-06
3256 2.8225e-06
3257 7.09521e-06
3258 6.3871e-06
3259 7.38304e-06
3260 3.82651e-06
3261 1.59145e-06
3262 1.3705e-06
3263 1.8846e-06
3264 5.00043e-06
3265 3.83999e-06
3266 1.59672e-06
3267 8.39623e-06
3268 1.85235e-05
3269 7.46942e-06
3270 6.34917e-06
3271 2.11138e-06
3272 2.11489e-06
3273 5.92224e-06
3274 7.39886e-06
3275 2.70987e-06
3276 9.28399e-07
3277 1.29214e-06
3278 4.39267e-07
3279 1.71438e-06
3280 7.85431e-06
3281 7.07395e-06
3282 4.44123e-06
3283 2.58583e-06
3284 7.54683e-07
3285 9.00173e-06
3286 1.15422e-05
3287 5.19994e-06
3288 5.89319e-06
3289 2.55164e-06
3290 7.13079e-06
3291 5.25896e-06
3292 1.1158e-05
3293 4.40271e-07
3294 6.97061e-07
3295 1.72174e-06
3296 9.71129e-06
3297 6.51335e-06
3298 4.88861e-06
3299 7.62404e-06
3300 9.70748e-06
3301 3.28933e-06
3302 2.61327e-06
3303 3.26043e-06
3304 4.26227e-06
3305 7.78005e-06
3306 3.3348e-06
3307 2.63316e-06
3308 1.4881e-06
3309 5.41291e-07
3310 7.21356e-07
3311 2.14132e-05
3312 1.08731e-05
3313 7.16478e-06
3314 3.10321e-06
3315 1.2549e-05
3316 7.91334e-06
3317 2.57241e-06
3318 6.32331e-06
3319 6.5733e-06
3320 5.39945e-06
3321 2.32755e-06
3322 1.30369e-06
3323 4.81399e-06
3324 2.62619e-06
3325 1.40514e-05
3326 8.98074e-06
3327 4.517e-06
3328 3.31113e-06
3329 1.58517e-06
3330 4.77561e-06
3331 5.06928e-06
3332 8.58982e-06
3333 8.35514e-06
3334 6.87734e-06
3335 1.05379e-05
3336 4.38195e-06
3337 1.92389e-06
3338 1.2845e-06
3339 2.6034e-06
3340 6.42523e-06
3341 3.15572e-06
3342 9.69219e-06
3343 2.91521e-06
3344 2.69311e-06
3345 8.25119e-06
3346 8.09149e-06
3347 5.82699e-06
3348 2.99239e-06
3349 3.58361e-06
3350 5.29484e-06
3351 1.80903e-06
3352 5.69192e-06
3353 2.2201e-06
3354 9.17169e-06
3355 8.27608e-06
3356 7.97767e-06
3357 4.97221e-06
3358 3.34542e-06
3359 2.46806e-06
3360 1.60441e-06
3361 5.26258e-06
3362 2.80547e-06
3363 4.27349e-06
3364 3.03099e-06
3365 9.15139e-07
3366 6.97801e-07
3367 2.47492e-06
3368 5.51704e-06
3369 2.22074e-06
3370 2.11436e-06
3371 7.50494e-07
3372 4.91685e-06
3373 2.84665e-06
3374 9.65358e-06
3375 9.92199e-06
3376 7.83187e-06
3377 7.59135e-06
3378 3.83069e-06
3379 3.72181e-06
3380 1.02175e-05
3381 7.60982e-06
3382 1.01423e-05
3383 2.88675e-06
3384 9.17651e-06
3385 9.76501e-06
3386 6.15521e-06
3387 1.10831e-05
3388 3.85119e-06
3389 3.30436e-06
3390 8.17229e-06
3391 6.01258e-06
3392 4.96061e-06
3393 8.44261e-07
3394 6.96876e-06
3395 7.78475e-06
3396 7.05973e-06
3397 3.87536e-06
3398 4.53618e-06
3399 9.82351e-07
3400 1.20162e-06
3401 2.25086e-06
3402 1.20888e-05
3403 7.50174e-06
3404 1.21478e-05
3405 5.48228e-06
3406 1.0162e-05
3407 4.19108e-06
3408 4.38561e-06
3409 5.48008e-06
3410 5.56742e-06
3411 2.27548e-06
3412 4.89974e-06
3413 6.10399e-06
3414 3.44766e-06
3415 5.29873e-06
3416 6.52746e-06
3417 1.16493e-05
3418 2.27224e-06
3419 4.46704e-06
3420 6.18397e-06
3421 1.70216e-06
3422 1.76138e-06
3423 1.72753e-06
3424 2.06685e-06
3425 2.49304e-06
3426 5.30513e-06
3427 9.70532e-07
3428 6.07449e-06
3429 8.95089e-06
3430 1.43801e-05
3431 4.40264e-06
3432 3.61036e-06
3433 1.09512e-06
3434 6.16585e-06
3435 3.46813e-06
3436 6.70624e-06
3437 6.51615e-06
3438 2.52678e-06
3439 1.71327e-06
3440 4.64364e-07
3441 1.9201e-06
3442 6.53849e-06
3443 6.76501e-06
3444 6.58243e-06
3445 5.36912e-06
3446 4.25014e-06
3447 4.92297e-06
3448 9.06566e-06
3449 6.78996e-06
3450 8.64612e-06
3451 9.82292e-06
3452 3.83585e-06
3453 9.44216e-06
3454 2.93638e-06
3455 7.2041e-06
3456 3.36568e-06
3457 1.66169e-06
3458 1.49738e-06
3459 1.30773e-06
3460 6.06381e-06
3461 3.56823e-06
3462 9.55743e-07
3463 8.52223e-06
3464 1.39756e-05
3465 4.47402e-06
3466 2.40542e-06
3467 9.47014e-06
3468 3.51374e-06
3469 1.31838e-05
3470 3.69239e-06
3471 6.17246e-06
3472 1.89227e-06
3473 7.36691e-06
3474 5.85877e-06
3475 7.13678e-06
3476 3.29525e-06
3477 1.7293e-06
3478 4.77019e-07
3479 4.6591e-07
3480 1.07273e-05
3481 3.88228e-06
3482 9.45718e-06
3483 8.11391e-06
3484 8.0718e-06
3485 2.69979e-06
3486 7.62225e-06
3487 8.54998e-06
3488 3.7258e-06
3489 5.15202e-06
3490 2.54012e-06
3491 3.84464e-06
3492 1.36539e-06
3493 2.17948e-06
3494 6.69889e-06
3495 2.23602e-06
3496 1.20682e-05
3497 1.05534e-06
3498 4.96913e-06
3499 2.10853e-06
3500 1.62881e-05
3501 1.32646e-05
3502 1.55313e-05
3503 5.67863e-06
3504 3.12958e-06
3505 2.05538e-06
3506 3.08428e-06
3507 1.91096e-06
3508 2.61642e-06
3509 1.02772e-06
3510 3.69072e-06
3511 6.73399e-06
3512 3.24049e-06
3513 4.89275e-06
3514 9.62702e-06
3515 4.82267e-06
3516 7.1916e-06
3517 4.57329e-06
3518 4.1604e-06
3519 1.53256e-06
3520 5.93253e-06
3521 4.29347e-06
3522 4.37988e-06
3523 5.59913e-06
3524 3.60464e-06
3525 1.29581e-06
3526 5.09188e-06
3527 6.69255e-06
3528 7.25096e-06
3529 4.15248e-06
3530 3.42685e-06
3531 1.79646e-06
3532 5.21579e-06
3533 1.50989e-06
3534 1.27041e-06
3535 1.28307e-06
3536 4.97257e-06
3537 2.39967e-06
3538 1.46465e-06
3539 3.22597e-06
3540 5.0098e-06
3541 6.45633e-06
3542 2.39129e-06
3543 3.99037e-06
3544 2.33524e-06
3545 4.76208e-06
3546 2.741e-06
3547 1.24317e-06
3548 1.04481e-05
3549 5.70372e-06
3550 3.27537e-06
3551 4.1209e-06
3552 4.36266e-06
3553 2.58366e-06
3554 7.55636e-06
3555 8.64148e-06
3556 3.22913e-06
3557 3.82173e-06
3558 1.67935e-06
3559 5.67744e-06
3560 6.16988e-06
3561 5.32385e-06
3562 1.35811e-05
3563 5.09682e-06
3564 9.34941e-06
3565 3.48626e-06
3566 7.69944e-06
3567 7.24859e-06
3568 2.78091e-06
3569 1.07415e-05
3570 6.46921e-06
3571 9.79485e-06
3572 3.6063e-06
3573 1.03808e-05
3574 7.82943e-06
3575 4.71109e-06
3576 4.26065e-06
3577 5.91174e-06
3578 9.96415e-06
3579 4.88159e-06
3580 1.04453e-05
3581 1.19599e-05
3582 4.16226e-06
3583 4.10483e-06
3584 1.11747e-05
3585 1.39931e-05
3586 6.77936e-06
3587 7.23277e-06
3588 3.35529e-06
3589 1.09927e-06
3590 2.89895e-06
3591 5.33899e-06
3592 5.23757e-06
3593 1.86208e-06
3594 6.10672e-06
3595 2.71106e-06
3596 2.1285e-06
3597 1.85715e-06
3598 2.36661e-06
3599 1.52811e-06
3600 5.94588e-06
3601 2.34747e-06
3602 1.87199e-06
3603 1.90411e-06
3604 4.99463e-06
3605 8.72827e-06
3606 4.85718e-06
3607 5.3022e-06
3608 1.05456e-05
3609 3.51075e-06
3610 3.10096e-06
3611 1.61518e-06
3612 3.27223e-06
3613 5.87887e-06
3614 8.31079e-06
3615 4.3379e-06
3616 1.98714e-06
3617 8.99606e-06
3618 6.78819e-06
3619 5.92756e-06
3620 9.17362e-06
3621 3.63884e-06
3622 4.32415e-06
3623 4.73308e-06
3624 3.11637e-06
3625 1.1745e-05
3626 9.73224e-06
3627 2.6867e-06
3628 6.32613e-07
3629 1.36801e-06
3630 4.05113e-06
3631 3.49805e-06
3632 1.88819e-06
3633 8.06368e-07
3634 5.79522e-06
3635 3.65499e-06
3636 5.24525e-06
3637 6.00277e-06
3638 1.51412e-05
3639 3.52849e-06
3640 2.2564e-06
3641 7.06789e-06
3642 3.8696e-06
3643 8.42188e-06
3644 2.85789e-06
3645 2.7802e-06
3646 6.69185e-06
3647 2.14496e-06
3648 6.76842e-06
3649 5.2487e-06
3650 3.68604e-06
3651 6.27918e-06
3652 3.09591e-06
3653 1.18328e-06
3654 5.78259e-06
3655 2.91022e-06
3656 5.19821e-06
3657 1.07303e-06
3658 2.03449e-06
3659 2.92308e-06
3660 2.92442e-06
3661 6.06738e-06
3662 1.03153e-06
3663 1.24898e-05
3664 8.41173e-06
3665 3.87494e-06
3666 3.71371e-07
3667 7.19946e-06
3668 3.52515e-06
3669 2.40263e-06
3670 5.47862e-06
3671 2.63189e-06
3672 2.3026e-06
3673 9.2376e-06
3674 7.20274e-06
3675 6.58698e-06
3676 8.17509e-06
3677 4.50578e-06
3678 1.99642e-06
3679 3.47887e-06
3680 1.55476e-06
3681 2.07436e-06
3682 6.57966e-06
3683 1.31691e-05
3684 2.47676e-06
3685 2.95458e-06
3686 6.219e-06
3687 7.65712e-06
3688 2.8988e-06
3689 7.63784e-06
3690 6.44416e-06
3691 5.39697e-06
3692 4.82538e-07
3693 1.99137e-06
3694 9.32618e-07
3695 4.94317e-06
3696 4.88453e-06
3697 4.33646e-06
3698 1.83941e-06
3699 2.94971e-06
3700 6.59381e-06
3701 8.29872e-06
3702 3.05242e-06
3703 3.94628e-06
3704 1.64707e-06
3705 1.64702e-06
3706 1.96973e-06
3707 6.0735e-07
3708 4.83731e-06
3709 9.5416e-06
3710 9.37971e-06
3711 2.75762e-06
3712 2.82278e-06
3713 2.65735e-06
3714 1.87032e-06
3715 4.38251e-07
3716 2.03406e-06
3717 6.82932e-06
3718 6.39722e-06
3719 1.89705e-06
3720 9.87049e-06
3721 2.92085e-06
3722 1.37813e-06
3723 5.70194e-07
3724 8.68803e-07
3725 8.97149e-07
3726 8.34178e-06
3727 8.20594e-06
3728 4.98881e-06
3729 1.88899e-06
3730 1.95977e-06
3731 2.4739e-06
3732 7.79471e-06
3733 5.84177e-06
3734 7.78997e-06
3735 4.88502e-06
3736 1.16954e-05
3737 7.55071e-07
3738 9.71945e-07
3739 6.40404e-06
3740 1.88414e-06
3741 4.36877e-07
3742 7.20362e-06
3743 8.77356e-06
3744 5.45984e-06
3745 4.10166e-07
3746 6.33268e-06
3747 3.49104e-06
3748 2.66476e-07
3749 3.53794e-06
3750 9.26033e-07
3751 2.2633e-06
3752 8.07771e-07
3753 1.99009e-06
3754 9.77633e-06
3755 4.51069e-06
3756 5.51018e-06
3757 8.01732e-06
3758 2.86357e-06
3759 1.42707e-06
3760 2.35282e-06
3761 2.36283e-06
3762 1.53545e-06
3763 2.7336e-06
3764 3.07501e-06
3765 6.4913e-07
3766 5.07309e-06
3767 1.92085e-06
3768 5.23892e-06
3769 7.68165e-06
3770 5.49688e-06
3771 1.74095e-06
3772 1.57261e-05
3773 7.25894e-06
3774 2.53573e-07
3775 3.9473e-07
3776 2.25513e-06
3777 2.40249e-06
3778 8.62352e-07
3779 8.79998e-06
3780 2.86069e-06
3781 1.63865e-05
3782 5.90292e-06
3783 4.42044e-06
3784 9.72592e-07
3785 1.29e-05
3786 4.58597e-06
3787 5.03516e-06
3788 1.33419e-06
3789 3.7537e-06
3790 4.38012e-06
3791 6.25338e-06
3792 2.71954e-06
3793 7.42758e-06
3794 3.15892e-06
3795 1.90956e-06
3796 9.13259e-07
3797 4.43156e-06
3798 7.93595e-06
3799 4.34042e-06
3800 9.64754e-06
3801 4.94538e-06
3802 3.52847e-06
3803 5.60421e-06
3804 5.78817e-06
3805 8.15901e-06
3806 5.89424e-06
3807 3.99789e-07
3808 2.7874e-06
3809 9.5381e-06
3810 8.9971e-06
3811 6.08496e-06
3812 5.60391e-06
3813 1.19188e-06
3814 4.75453e-06
3815 6.73316e-06
3816 3.45523e-06
3817 3.835e-06
3818 4.114e-06
3819 6.34335e-06
3820 9.55894e-06
3821 4.84677e-06
3822 9.34685e-06
3823 4.89601e-06
3824 9.79318e-07
3825 5.84519e-06
3826 5.57472e-06
3827 2.14684e-06
3828 2.23583e-06
3829 9.15996e-07
3830 8.60401e-07
3831 5.91691e-07
3832 4.66241e-07
3833 5.53447e-07
3834 6.23952e-06
3835 4.85052e-06
3836 4.66356e-06
3837 1.91231e-06
3838 1.80975e-06
3839 3.74189e-06
3840 3.44463e-06
3841 3.49701e-06
3842 1.20075e-06
3843 8.7969e-07
3844 3.93291e-06
3845 2.02314e-06
3846 1.09307e-06
3847 3.49476e-06
3848 2.40741e-06
3849 7.38639e-06
3850 2.69059e-06
3851 1.57143e-06
3852 9.54146e-07
3853 1.84643e-06
3854 5.10132e-06
3855 2.43056e-06
3856 3.20402e-06
3857 1.28171e-06
3858 3.44125e-06
3859 7.97154e-06
3860 4.69298e-06
3861 5.42665e-06
3862 2.93252e-06
3863 2.0701e-06
3864 7.51491e-06
3865 2.97926e-06
3866 5.66793e-06
3867 9.63221e-06
3868 6.83816e-06
3869 5.95761e-06
3870 1.64214e-06
3871 7.28882e-06
3872 3.07341e-06
3873 9.47451e-06
3874 4.55073e-06
3875 4.12597e-06
3876 6.43489e-06
3877 1.28965e-06
3878 2.14334e-06
3879 2.38996e-06
3880 6.15668e-06
3881 5.56607e-06
3882 5.88019e-06
3883 7.23539e-06
3884 3.77039e-06
3885 1.9087e-06
3886 2.80665e-06
3887 5.35188e-06
3888 2.88408e-06
3889 2.64316e-06
3890 8.71302e-06
3891 5.28828e-06
3892 6.45903e-06
3893 5.6855e-06
3894 8.23467e-06
3895 7.1455e-06
3896 9.45587e-06
3897 4.69636e-06
3898 7.50303e-06
3899 3.18613e-06
3900 3.80426e-06
3901 4.19064e-06
3902 8.67469e-06
3903 8.49739e-06
3904 8.25652e-06
3905 7.75743e-06
3906 7.67842e-06
3907 1.22153e-05
3908 1.07304e-05
3909 3.06654e-06
3910 2.6218e-06
3911 4.48921e-06
3912 3.1649e-06
3913 3.42208e-06
3914 1.20073e-06
3915 2.18698e-06
3916 2.23784e-06
3917 2.63108e-06
3918 2.91716e-06
3919 3.19611e-06
3920 5.38203e-06
3921 4.90629e-06
3922 7.99834e-06
3923 2.693e-06
3924 1.75154e-06
3925 2.2391e-06
3926 4.27086e-06
3927 6.37302e-06
3928 1.91073e-06
3929 1.12403e-06
3930 2.43697e-07
3931 2.6387e-06
3932 1.47683e-06
3933 4.59966e-06
3934 3.49002e-06
3935 6.95384e-06
3936 4.35885e-06
3937 5.88858e-06
3938 3.75954e-06
3939 3.16031e-06
3940 1.07269e-06
3941 1.01412e-06
3942 8.81955e-07
3943 5.49062e-07
3944 4.29456e-06
3945 7.09863e-06
3946 2.14859e-06
3947 4.27881e-06
3948 4.11877e-06
3949 6.58704e-06
3950 6.72839e-06
3951 9.37992e-06
3952 2.16327e-06
3953 5.62922e-06
3954 6.17294e-06
3955 2.2782e-06
3956 3.37108e-06
3957 5.50971e-06
3958 6.57735e-06
3959 2.22208e-06
3960 8.54236e-07
3961 1.44954e-06
3962 2.13692e-06
3963 2.84098e-07
3964 3.09522e-07
3965 5.59463e-06
3966 7.21237e-06
3967 9.63566e-06
3968 3.41086e-06
3969 1.03631e-06
3970 2.10044e-06
3971 1.48526e-06
3972 6.9673e-06
3973 7.39217e-07
3974 8.74818e-07
3975 4.528e-06
3976 5.37822e-06
3977 6.08105e-06
3978 4.11916e-06
3979 3.50543e-06
3980 3.09173e-06
3981 3.15664e-06
3982 1.02941e-05
3983 7.75563e-06
3984 6.03638e-06
3985 1.48679e-06
3986 3.79676e-07
3987 9.04052e-06
3988 1.69998e-06
3989 1.17024e-05
3990 5.30982e-06
3991 2.68942e-06
3992 4.16496e-06
3993 3.91639e-06
3994 6.90349e-06
3995 3.63079e-06
3996 5.83329e-06
3997 2.80661e-06
3998 8.86589e-07
3999 5.72954e-07
4000 5.51129e-06
4001 3.98156e-06
4002 2.5131e-06
4003 1.43471e-05
4004 7.29173e-06
4005 1.17047e-06
4006 1.7994e-06
4007 2.62984e-06
4008 6.98543e-06
4009 3.62986e-06
4010 3.21496e-06
4011 1.56547e-06
4012 4.94472e-06
4013 2.56291e-06
4014 2.23665e-06
4015 1.49864e-06
4016 1.20836e-06
4017 1.34578e-06
4018 2.35235e-06
4019 1.29802e-06
4020 4.67373e-07
4021 2.17412e-07
4022 6.84545e-06
4023 4.39478e-06
4024 1.37151e-06
4025 5.12575e-06
4026 1.95365e-06
4027 1.483e-06
4028 2.10763e-06
4029 1.48093e-06
4030 5.82677e-06
4031 2.1973e-06
4032 1.21468e-05
4033 5.12021e-06
4034 2.05581e-06
4035 3.43628e-06
4036 1.83685e-06
4037 5.56219e-06
4038 5.45373e-06
4039 2.01634e-06
4040 1.10718e-06
4041 1.80823e-06
4042 4.69862e-07
4043 5.02194e-06
4044 7.9992e-06
4045 1.49254e-06
4046 8.10488e-06
4047 3.68199e-06
4048 1.27256e-06
4049 5.07031e-07
4050 1.89509e-06
4051 3.02533e-06
4052 5.09222e-06
4053 8.417e-06
4054 5.70013e-06
4055 2.98891e-06
4056 6.6978e-06
4057 2.60793e-06
4058 1.4554e-06
4059 4.72719e-06
4060 9.72367e-06
4061 8.58818e-06
4062 7.27551e-06
4063 2.43343e-06
4064 2.19508e-06
4065 6.35445e-06
4066 2.89429e-06
4067 2.71632e-06
4068 1.64171e-06
4069 9.37768e-06
4070 8.96237e-06
4071 8.31844e-06
4072 3.58897e-06
4073 5.66917e-06
4074 6.50544e-06
4075 2.77757e-06
4076 4.95251e-06
4077 6.83492e-06
4078 3.6182e-06
4079 3.08556e-06
4080 9.01748e-06
4081 9.02681e-06
4082 2.65764e-06
4083 3.67034e-06
4084 1.94893e-06
4085 5.1152e-06
4086 6.86551e-06
4087 4.28786e-06
4088 8.14754e-06
4089 8.17914e-06
4090 4.27833e-06
4091 3.05534e-06
4092 1.29239e-05
4093 6.46178e-06
4094 1.36417e-06
4095 2.56831e-06
4096 9.98313e-07
4097 8.67305e-07
4098 4.60845e-06
4099 2.24531e-06
4100 1.46507e-06
4101 5.76679e-07
4102 5.09652e-06
4103 1.30584e-05
4104 1.05162e-05
4105 1.60335e-06
4106 3.64317e-06
4107 9.06714e-06
4108 6.88127e-06
4109 4.15832e-06
4110 1.64406e-06
4111 5.02955e-06
4112 7.95865e-06
4113 4.83788e-06
4114 4.02702e-06
4115 5.02041e-06
4116 6.74344e-06
4117 4.73719e-06
4118 5.38391e-06
4119 1.51611e-06
4120 2.02466e-06
4121 2.98825e-06
4122 5.63887e-06
4123 6.00646e-06
4124 7.47041e-06
4125 4.80508e-06
4126 4.40129e-06
4127 8.14511e-06
4128 6.66523e-06
4129 4.66722e-06
4130 3.59092e-06
4131 9.04346e-06
4132 4.73876e-06
4133 1.34879e-06
4134 7.14791e-06
4135 3.45689e-06
4136 2.72222e-06
4137 2.75146e-06
4138 2.93115e-06
4139 2.88271e-06
4140 2.93825e-06
4141 3.57517e-06
4142 2.64753e-06
4143 4.14361e-06
4144 1.39129e-06
4145 1.16971e-06
4146 9.6344e-06
4147 9.57357e-06
4148 2.49102e-06
4149 4.86489e-06
4150 3.33966e-06
4151 2.55755e-06
4152 5.47565e-06
4153 4.46063e-07
4154 1.43795e-05
4155 3.83002e-06
4156 1.19063e-06
4157 2.44977e-06
4158 5.86198e-06
4159 1.08765e-06
4160 6.57055e-07
4161 5.51033e-07
4162 8.67931e-07
4163 1.46902e-06
4164 1.09198e-05
4165 7.97059e-06
4166 2.71523e-06
4167 1.23674e-06
4168 5.86396e-06
4169 5.23662e-06
4170 9.29109e-07
4171 1.71722e-06
4172 7.29889e-07
4173 6.28752e-06
4174 5.63644e-06
4175 7.74608e-06
4176 7.40898e-06
4177 4.79546e-06
4178 1.0188e-05
4179 6.35137e-06
4180 4.93604e-06
4181 7.68357e-06
4182 1.19954e-05
4183 1.51684e-05
4184 6.13241e-06
4185 4.2202e-06
4186 4.68086e-06
4187 6.37373e-06
4188 6.94112e-06
4189 2.81959e-06
4190 4.07409e-06
4191 1.26641e-06
4192 4.97758e-07
4193 7.96483e-06
4194 6.93159e-06
4195 8.57046e-07
4196 5.55617e-06
4197 1.98777e-06
4198 9.79472e-06
4199 5.21508e-06
4200 2.84757e-06
4201 1.76973e-06
4202 7.76385e-06
4203 3.46515e-06
4204 5.74426e-06
4205 5.64015e-07
4206 1.87016e-06
4207 5.31436e-06
4208 2.84945e-06
4209 6.04085e-06
4210 5.91509e-06
4211 3.38135e-06
4212 1.4289e-06
4213 2.97362e-06
4214 1.62689e-06
4215 5.6892e-06
4216 4.82786e-06
4217 6.67843e-07
4218 5.83589e-06
4219 9.643e-06
4220 1.06537e-05
4221 4.96234e-06
4222 1.1044e-05
4223 6.47496e-06
4224 1.60776e-05
4225 9.18998e-06
4226 3.4138e-06
4227 4.56665e-07
4228 5.43515e-06
4229 2.02673e-06
4230 4.86742e-06
4231 5.53826e-06
4232 6.81223e-06
4233 2.75882e-06
4234 7.33889e-06
4235 6.01088e-06
4236 4.13052e-06
4237 1.18147e-05
4238 1.32874e-05
4239 5.23046e-06
4240 2.67107e-06
4241 1.588e-06
4242 1.73157e-06
4243 8.55263e-07
4244 1.09361e-06
4245 8.22664e-06
4246 3.39008e-06
4247 8.02122e-06
4248 3.06898e-06
4249 6.75862e-06
4250 1.80637e-06
4251 6.15647e-07
4252 1.21585e-06
4253 2.2964e-06
4254 3.60655e-07
4255 8.72508e-06
4256 1.68182e-06
4257 6.79999e-07
4258 4.51358e-07
4259 7.38806e-06
4260 8.00424e-06
4261 3.4134e-06
4262 2.4336e-06
4263 7.34987e-07
4264 9.13006e-07
4265 5.92626e-07
4266 1.26983e-06
4267 4.31473e-06
4268 1.80404e-06
4269 2.31877e-06
4270 1.66798e-06
4271 8.80574e-06
4272 4.37727e-06
4273 3.46908e-06
4274 1.45857e-06
4275 2.97783e-06
4276 4.05571e-06
4277 1.97114e-06
4278 4.47159e-07
4279 5.53199e-06
4280 3.25952e-06
4281 5.84492e-06
4282 3.15922e-06
4283 1.02703e-06
4284 6.15748e-06
4285 1.10217e-06
4286 1.76888e-06
4287 2.50366e-06
4288 3.50006e-06
4289 5.92882e-06
4290 2.34303e-06
4291 4.31443e-06
4292 1.99019e-06
4293 1.895e-06
4294 1.78097e-06
4295 6.82168e-06
4296 4.28511e-06
4297 7.44557e-06
4298 4.02886e-06
4299 4.09705e-06
4300 2.39673e-06
4301 2.38041e-06
4302 5.79746e-06
4303 3.13794e-06
4304 5.37101e-06
4305 7.08821e-06
4306 1.77804e-06
4307 5.08579e-07
4308 1.93486e-06
4309 7.55989e-07
4310 1.44342e-06
4311 1.00262e-06
4312 3.57576e-07
4313 1.83372e-06
4314 1.61865e-06
4315 3.84413e-06
4316 3.28772e-06
4317 6.58781e-07
4318 1.56204e-06
4319 1.56575e-06
4320 3.04552e-06
4321 9.51133e-06
4322 3.11539e-06
4323 3.07e-06
4324 6.61563e-06
4325 2.48532e-06
4326 2.85137e-06
4327 4.03885e-06
4328 2.01229e-06
4329 2.52079e-06
4330 6.21407e-07
4331 1.18962e-06
4332 1.46458e-07
4333 2.06962e-06
4334 1.87244e-06
4335 1.00685e-06
4336 3.079e-07
4337 9.04786e-08
4338 3.67311e-07
4339 4.77333e-06
4340 3.88553e-06
4341 4.51536e-06
4342 2.02156e-06
4343 8.53563e-06
4344 6.0121e-06
4345 2.85682e-06
4346 2.00837e-06
4347 2.48946e-06
4348 1.94964e-06
4349 5.3443e-06
4350 1.1032e-06
4351 3.81321e-06
4352 6.60651e-06
4353 6.41532e-06
4354 8.51176e-07
4355 1.82797e-06
4356 9.08436e-07
4357 2.31456e-07
4358 1.381e-06
4359 6.19613e-06
4360 6.59912e-06
4361 1.23135e-05
4362 6.68649e-06
4363 2.83291e-06
4364 7.43957e-06
4365 2.4178e-06
4366 5.86178e-06
4367 8.32361e-06
4368 3.40208e-06
4369 1.80673e-06
4370 1.5572e-06
4371 2.30909e-06
4372 2.6612e-06
4373 1.70465e-06
4374 4.64121e-06
4375 6.32258e-06
4376 2.12706e-06
4377 2.57787e-06
4378 1.66682e-06
4379 1.21563e-06
4380 1.44139e-06
4381 6.33194e-06
4382 1.42748e-05
4383 3.32285e-06
4384 1.70697e-06
4385 2.46386e-06
4386 9.20967e-07
4387 3.9544e-07
4388 3.41123e-06
4389 4.15618e-06
4390 6.32736e-06
4391 4.45873e-06
4392 1.3952e-06
4393 1.21154e-06
4394 4.68594e-07
4395 2.02583e-06
4396 5.94807e-06
4397 6.1035e-06
4398 8.06419e-06
4399 3.95236e-06
4400 3.41728e-07
4401 4.34127e-07
4402 3.38887e-07
4403 4.80592e-06
4404 1.7859e-06
4405 2.111e-06
4406 2.47065e-06
4407 1.36665e-06
4408 2.34323e-06
4409 5.07712e-06
4410 4.6413e-06
4411 1.93796e-06
4412 1.91111e-06
4413 1.77201e-06
4414 9.52411e-07
4415 9.65048e-07
4416 6.10915e-07
4417 6.9042e-07
4418 5.28355e-07
4419 2.72007e-07
4420 9.77126e-06
4421 3.11959e-06
4422 3.16644e-06
4423 4.33354e-06
4424 4.52543e-06
4425 3.72336e-06
4426 9.22279e-07
4427 6.46976e-06
4428 3.1971e-06
4429 5.29241e-06
4430 1.83352e-06
4431 1.06887e-05
4432 1.09144e-06
4433 5.60059e-06
4434 4.30929e-06
4435 5.91262e-06
4436 3.87028e-06
4437 2.69473e-06
4438 8.69658e-07
4439 4.42174e-07
4440 8.16942e-06
4441 1.08072e-05
4442 3.69699e-06
4443 6.824e-06
4444 2.31735e-06
4445 1.55764e-06
4446 6.38256e-06
4447 3.30144e-06
4448 1.24641e-06
4449 1.94563e-06
4450 4.12663e-06
4451 3.7987e-06
4452 1.83752e-06
4453 4.74245e-06
4454 2.03886e-06
4455 2.347e-07
4456 3.42897e-06
4457 7.28608e-06
4458 2.69016e-06
4459 2.67626e-06
4460 1.67537e-06
4461 9.41394e-07
4462 1.28695e-06
4463 7.96086e-07
4464 5.18604e-07
4465 4.15284e-06
4466 2.13788e-06
4467 3.34767e-07
4468 1.73399e-06
4469 2.44095e-06
4470 5.90876e-06
4471 6.78747e-06
4472 4.99257e-06
4473 3.76044e-06
4474 2.57425e-06
4475 2.39417e-06
4476 2.68019e-06
4477 2.49733e-06
4478 9.85061e-07
4479 1.17878e-06
4480 4.59467e-06
4481 2.58018e-06
4482 4.906e-06
4483 1.96906e-07
4484 1.22061e-07
4485 7.05457e-08
4486 2.34044e-07
4487 4.61809e-06
4488 2.34659e-06
4489 5.69216e-06
4490 7.28971e-06
4491 8.38178e-06
4492 7.49444e-06
4493 2.36099e-06
4494 2.85065e-06
4495 2.97592e-06
4496 2.50866e-06
4497 8.48835e-06
4498 3.25278e-06
4499 7.68745e-06
4500 3.84542e-06
4501 2.47256e-06
4502 5.84872e-06
4503 7.03309e-06
4504 2.18069e-06
4505 6.8574e-07
4506 2.02772e-06
4507 3.42511e-06
4508 8.94881e-07
4509 1.7671e-06
4510 6.0113e-06
4511 9.03748e-07
4512 2.36465e-06
4513 8.03707e-07
4514 1.47741e-06
4515 2.35307e-06
4516 4.51743e-06
4517 3.43447e-06
4518 4.91081e-06
4519 5.97791e-07
4520 3.8177e-06
4521 7.96025e-06
4522 2.48776e-06
4523 1.87804e-06
4524 1.44539e-06
4525 9.06399e-06
4526 2.10384e-06
4527 5.50268e-06
4528 5.88908e-06
4529 1.71614e-06
4530 4.35732e-06
4531 4.60906e-06
4532 2.335e-06
4533 2.69195e-06
4534 1.01015e-06
4535 4.68608e-07
4536 3.06143e-06
4537 1.44285e-06
4538 5.39187e-07
4539 9.34162e-06
4540 2.41232e-06
4541 8.83284e-07
4542 4.77193e-06
4543 6.01887e-06
4544 2.49251e-06
4545 2.23952e-06
4546 1.52293e-06
4547 4.72423e-06
4548 3.72819e-06
4549 1.18169e-06
4550 6.52405e-07
4551 4.74912e-07
4552 5.84725e-06
4553 3.92555e-06
4554 4.74429e-06
4555 1.52282e-06
4556 2.14874e-06
4557 8.57164e-07
4558 3.01931e-06
4559 9.7921e-06
4560 1.23316e-05
4561 5.5703e-06
4562 2.0809e-06
4563 3.84823e-06
4564 1.64174e-06
4565 3.85128e-06
4566 1.56369e-06
4567 6.5887e-06
4568 2.44445e-06
4569 4.52555e-06
4570 4.93789e-06
4571 5.1316e-06
4572 1.5901e-06
4573 2.90988e-07
4574 5.72242e-06
4575 6.59668e-06
4576 1.52519e-06
4577 4.87416e-06
4578 4.44545e-06
4579 1.04778e-05
4580 1.30353e-06
4581 1.87864e-06
4582 3.65659e-06
4583 8.14838e-06
4584 7.19741e-06
4585 8.61279e-06
4586 3.20539e-06
4587 9.12693e-07
4588 8.41607e-07
4589 1.21122e-06
4590 9.50535e-07
4591 8.62229e-07
4592 5.64977e-06
4593 4.57661e-06
4594 4.03503e-06
4595 1.12341e-06
4596 8.45925e-07
4597 1.74521e-06
4598 2.29316e-06
4599 4.04513e-06
4600 7.75657e-06
4601 1.0341e-05
4602 6.89831e-06
4603 4.49953e-06
4604 3.52739e-06
4605 2.97977e-06
4606 5.72834e-06
4607 7.31928e-06
4608 6.60754e-06
4609 2.45767e-06
4610 2.46273e-06
4611 6.45167e-06
4612 9.82049e-06
4613 2.19371e-06
4614 6.27544e-06
4615 5.42802e-06
4616 4.04324e-06
4617 4.95591e-06
4618 2.32121e-06
4619 1.05577e-06
4620 6.09887e-07
4621 2.77553e-07
4622 2.27185e-07
4623 5.58546e-06
4624 2.47358e-06
4625 2.26187e-06
4626 7.85069e-07
4627 4.93454e-06
4628 5.95994e-06
4629 4.11859e-06
4630 7.259e-07
4631 1.75093e-06
4632 1.25764e-06
4633 6.62185e-06
4634 1.57308e-06
4635 6.0584e-07
4636 9.83819e-07
4637 6.99405e-06
4638 8.70235e-06
4639 3.40926e-06
4640 2.4161e-06
4641 1.30142e-06
4642 4.67449e-06
4643 6.13505e-06
4644 5.15542e-06
4645 2.30424e-06
4646 8.75861e-07
4647 1.9137e-06
4648 5.83101e-07
4649 4.79093e-07
4650 2.36141e-06
4651 1.08737e-06
4652 4.97207e-06
4653 1.41507e-06
4654 2.08996e-06
4655 8.80205e-07
4656 4.51334e-06
4657 6.59381e-06
4658 6.30479e-06
4659 2.91139e-06
4660 6.5024e-06
4661 5.48995e-06
4662 3.56058e-06
4663 2.79443e-06
4664 4.52967e-07
4665 1.13476e-06
4666 1.84896e-06
4667 2.49784e-06
4668 2.07967e-06
4669 7.45425e-06
4670 3.5248e-06
4671 1.45117e-06
4672 4.97039e-06
4673 6.97835e-06
4674 3.95526e-06
4675 5.58499e-06
4676 3.27738e-06
4677 1.09362e-06
4678 4.92361e-06
4679 5.13048e-06
4680 6.51475e-07
4681 1.25074e-05
4682 4.82659e-06
4683 1.30429e-06
4684 2.73541e-06
4685 1.46656e-06
4686 8.36156e-06
4687 7.07551e-06
4688 3.15056e-06
4689 1.793e-06
4690 1.19941e-07
4691 4.38957e-06
4692 3.0929e-06
4693 5.09235e-06
4694 3.04325e-06
4695 6.52767e-07
4696 1.53572e-06
4697 1.38413e-06
4698 4.98809e-06
4699 2.13959e-06
4700 6.65685e-06
4701 2.34551e-06
4702 2.94197e-06
4703 3.12666e-06
4704 5.32494e-07
4705 7.04341e-07
4706 1.31884e-06
4707 5.04955e-06
4708 9.08964e-06
4709 2.75699e-06
4710 2.28316e-07
4711 1.83149e-06
4712 4.77694e-06
4713 1.38196e-05
4714 8.90859e-06
4715 4.17005e-06
4716 1.44546e-06
4717 5.59246e-07
4718 5.67644e-06
4719 2.07285e-06
4720 6.9841e-07
4721 1.09276e-05
4722 3.51205e-06
4723 6.29249e-06
4724 7.49818e-06
4725 4.2527e-06
4726 1.83745e-06
4727 1.24903e-06
4728 2.31045e-06
4729 5.31267e-07
4730 2.5826e-06
4731 2.17523e-06
4732 1.12832e-06
4733 1.73882e-06
4734 8.80288e-06
4735 9.18234e-06
4736 2.49184e-06
4737 8.0779e-07
4738 2.06607e-06
4739 1.05604e-06
4740 5.94085e-06
4741 3.89767e-06
4742 6.34339e-06
4743 4.17368e-07
4744 1.28582e-06
4745 1.254e-06
4746 2.84217e-06
4747 3.79273e-06
4748 2.7517e-06
4749 1.68355e-06
4750 1.66723e-06
4751 4.84894e-06
4752 1.76098e-06
4753 5.54513e-06
4754 1.06349e-06
4755 2.78457e-06
4756 6.78692e-06
4757 3.742e-06
4758 1.88602e-06
4759 5.14941e-06
4760 2.77566e-06
4761 1.20869e-06
4762 1.92693e-06
4763 5.43617e-06
4764 4.81387e-07
4765 2.22333e-06
4766 1.0462e-06
4767 2.2477e-06
4768 1.21231e-06
4769 4.11693e-07
4770 2.97155e-07
4771 1.86073e-07
4772 4.127e-06
4773 4.53801e-06
4774 2.91879e-06
4775 1.02225e-06
4776 8.70385e-07
4777 2.8445e-06
4778 5.29448e-06
4779 2.32369e-06
4780 6.4926e-06
4781 3.05147e-06
4782 2.2644e-06
4783 1.33047e-06
4784 6.7234e-06
4785 8.64583e-06
4786 6.94578e-06
4787 6.16943e-06
4788 2.26865e-06
4789 5.24702e-06
4790 9.84316e-07
4791 8.55959e-06
4792 2.4725e-07
4793 1.64018e-06
4794 2.58618e-06
4795 9.31867e-06
4796 3.7882e-06
4797 1.69307e-06
4798 1.55277e-06
4799 2.56708e-06
4800 5.58175e-06
4801 2.19545e-06
4802 6.60584e-06
4803 7.62626e-06
4804 1.89747e-06
4805 8.67461e-06
4806 2.53032e-06
4807 2.43682e-06
4808 1.29938e-06
4809 3.58275e-07
4810 5.11516e-07
4811 3.35434e-07
4812 4.13608e-06
4813 1.71072e-06
4814 9.64688e-07
4815 8.94885e-07
4816 6.32498e-07
4817 2.27206e-07
4818 1.86808e-07
4819 6.38121e-07
4820 7.15059e-06
4821 1.97802e-06
4822 5.70779e-06
4823 4.7256e-07
4824 3.84932e-07
4825 1.66537e-06
4826 4.44348e-06
4827 9.85577e-06
4828 5.66867e-06
4829 2.90358e-06
4830 2.45655e-06
4831 6.40605e-06
4832 7.50589e-06
4833 3.6872e-06
4834 8.59219e-07
4835 1.0854e-06
4836 4.37997e-06
4837 2.32825e-06
4838 2.56344e-06
4839 3.94903e-06
4840 1.0535e-06
4841 4.37635e-06
4842 1.45853e-06
4843 3.10354e-07
4844 5.69363e-06
4845 1.08322e-05
4846 6.16885e-06
4847 3.89818e-06
4848 8.15764e-07
4849 9.40838e-06
4850 4.94075e-06
4851 2.39693e-06
4852 2.91819e-06
4853 3.23571e-06
4854 8.08498e-07
4855 1.00033e-06
4856 1.68608e-06
4857 7.47597e-07
4858 5.88744e-06
4859 6.68822e-06
4860 3.26484e-06
4861 5.36401e-06
4862 2.71758e-06
4863 1.42086e-06
4864 1.41536e-06
4865 4.54709e-06
4866 1.28014e-06
4867 5.93094e-06
4868 2.12693e-06
4869 1.22936e-06
4870 9.49848e-07
4871 7.48353e-06
4872 7.07888e-07
4873 5.43778e-06
4874 3.06753e-07
4875 1.40641e-07
4876 6.79206e-06
4877 2.31053e-06
4878 8.85978e-07
4879 8.569e-07
4880 1.53474e-06
4881 4.11571e-06
4882 5.63698e-06
4883 3.71593e-06
4884 6.63532e-06
4885 2.49511e-06
4886 1.49026e-06
4887 7.68022e-07
4888 4.92136e-06
4889 2.31706e-06
4890 4.07319e-06
4891 2.37104e-06
4892 6.10845e-07
4893 4.84256e-06
4894 3.44226e-06
4895 1.23146e-06
4896 3.83134e-07
4897 4.80114e-06
4898 9.72443e-06
4899 3.7491e-06
4900 2.34964e-06
4901 8.52622e-06
4902 6.247e-06
4903 2.42888e-06
4904 1.13915e-06
4905 3.72556e-06
4906 1.57954e-06
4907 4.71751e-07
4908 1.75847e-06
4909 9.011e-07
4910 1.58665e-06
4911 8.09022e-07
4912 1.7113e-06
4913 3.76073e-07
4914 3.98272e-07
4915 9.69693e-06
4916 7.58574e-06
4917 1.39896e-06
4918 4.27797e-06
4919 2.95847e-06
4920 1.15133e-05
4921 3.19628e-06
4922 9.71411e-06
4923 4.49847e-06
4924 6.59656e-06
4925 6.04878e-06
4926 3.77652e-06
4927 1.39654e-06
4928 2.78177e-06
4929 2.33356e-06
4930 2.05558e-06
4931 6.29163e-06
4932 5.14642e-06
4933 4.10508e-06
4934 1.02943e-06
4935 2.44546e-06
4936 1.47104e-06
4937 2.01647e-06
4938 5.2842e-06
4939 2.02065e-06
4940 2.04441e-07
4941 3.76608e-06
4942 6.12232e-06
4943 2.37628e-06
4944 1.29361e-06
4945 4.31723e-07
4946 6.11284e-06
4947 5.3489e-06
4948 5.77856e-06
4949 1.40349e-06
4950 2.21365e-06
4951 8.72726e-07
4952 9.31871e-07
4953 3.14872e-06
4954 2.63007e-06
4955 4.64416e-06
4956 2.07525e-06
4957 3.40358e-06
4958 1.36009e-06
4959 2.28435e-06
4960 6.9083e-07
4961 6.31484e-06
4962 1.6548e-06
4963 5.73824e-07
4964 1.18357e-06
4965 2.39616e-06
4966 9.61401e-06
4967 6.43464e-06
4968 6.57893e-06
4969 2.64608e-06
4970 1.87059e-06
4971 1.63407e-06
4972 1.11298e-06
4973 1.34893e-06
4974 8.37428e-06
4975 1.13766e-05
4976 7.71142e-06
4977 2.17656e-06
4978 2.21138e-06
4979 1.67734e-06
4980 4.92675e-06
4981 3.43149e-06
4982 2.41956e-06
4983 5.27172e-06
4984 7.80253e-06
4985 2.90305e-06
4986 1.52008e-06
4987 4.84894e-06
4988 1.95147e-06
4989 1.87407e-06
4990 6.33274e-07
4991 5.21937e-06
4992 2.22896e-06
4993 2.15796e-06
4994 5.01904e-06
4995 2.5877e-06
4996 9.49888e-07
4997 2.59259e-07
4998 1.52936e-06
4999 0
