0 0
1 0.995004
2 0.364171
3 0.133432
4 0.0490431
5 0.0181948
6 0.006845
7 0.00266932
8 0.00119083
9 0.000607919
10 0.000367817
11 0.000274532
12 0.000234232
13 0.000182948
14 0.000179655
15 0.000167975
16 0.000146119
17 0.000128121
18 0.00013411
19 0.000148563
20 0.000119697
21 0.000127086
22 0.000100853
23 9.60875e-05
24 8.92721e-05
25 9.62179e-05
26 6.58053e-05
27 8.13384e-05
28 6.98881e-05
29 9.36612e-05
30 8.73073e-05
31 6.03518e-05
32 6.58962e-05
33 7.44316e-05
34 9.6323e-05
35 9.6617e-05
36 6.74412e-05
37 6.68794e-05
38 4.74713e-05
39 6.64513e-05
40 6.32384e-05
41 7.36399e-05
42 4.81511e-05
43 4.98442e-05
44 4.38617e-05
45 4.85772e-05
46 6.37919e-05
47 6.05491e-05
48 3.47076e-05
49 2.89723e-05
50 4.88048e-05
51 4.75976e-05
52 4.16729e-05
53 6.61748e-05
54 6.75298e-05
55 6.66313e-05
56 4.84978e-05
57 3.64771e-05
58 4.47663e-05
59 3.55722e-05
60 3.71803e-05
61 3.08739e-05
62 2.26283e-05
63 3.5485e-05
64 3.33471e-05
65 2.3845e-05
66 2.97854e-05
67 3.22484e-05
68 2.12521e-05
69 3.37766e-05
70 3.40346e-05
71 2.22427e-05
72 3.86712e-05
73 2.20926e-05
74 3.15446e-05
75 2.08857e-05
76 1.5474e-05
77 2.0141e-05
78 1.981e-05
79 2.10705e-05
80 3.42026e-05
81 3.55386e-05
82 2.58755e-05
83 1.11214e-05
84 1.54896e-05
85 1.56437e-05
86 1.17363e-05
87 9.52799e-06
88 2.29612e-05
89 1.92967e-05
90 1.4976e-05
91 2.07948e-05
92 1.63174e-05
93 1.47005e-05
94 1.55628e-05
95 1.31073e-05
96 1.51631e-05
97 2.17569e-05
98 1.38788e-05
99 1.67709e-05
100 1.63062e-05
101 2.64078e-05
102 1.6846e-05
103 1.091e-05
104 1.35419e-05
105 1.45695e-05
106 1.97899e-05
107 9.82977e-06
108 2.41717e-05
109 3.64107e-05
110 1.94712e-05
111 1.67443e-05
112 1.3468e-05
113 1.66273e-05
114 2.05637e-05
115 1.52881e-05
116 1.04323e-05
117 7.29411e-06
118 4.32641e-06
119 2.52766e-05
120 2.0952e-05
121 6.64027e-06
122 4.82783e-06
123 1.38229e-05
124 2.02967e-05
125 1.15576e-05
126 1.11516e-05
127 1.48812e-05
128 1.09395e-05
129 1.42813e-05
130 1.54498e-05
131 5.91205e-06
132 5.61437e-06
133 1.04011e-05
134 1.61885e-05
135 1.24987e-05
136 1.93845e-05
137 1.31629e-05
138 9.50827e-06
139 1.53377e-05
140 1.41687e-05
141 6.36317e-06
142 8.49474e-06
143 1.79804e-05
144 1.65448e-05
145 9.98577e-06
146 7.67575e-06
147 9.35275e-06
148 3.56427e-06
149 4.95868e-06
150 5.23078e-06
151 1.77714e-05
152 1.01581e-05
153 1.12171e-05
154 9.09261e-06
155 1.50909e-05
156 9.22791e-06
157 1.10964e-05
158 1.59894e-05
159 9.63894e-06
160 8.31892e-06
161 8.64033e-06
162 3.87863e-06
163 9.09951e-06
164 8.13839e-06
165 6.51359e-06
166 6.33468e-06
167 8.7345e-06
168 2.8091e-05
169 1.19554e-05
170 2.09041e-05
171 8.48118e-06
172 5.28511e-06
173 7.45078e-06
174 4.54628e-06
175 1.10848e-05
176 9.041e-06
177 1.88514e-05
178 8.66472e-06
179 1.16608e-05
180 1.28631e-05
181 7.28431e-06
182 7.29574e-06
183 8.08154e-06
184 1.13955e-05
185 1.057e-05
186 5.35851e-06
187 5.52855e-06
188 1.28373e-05
189 9.12988e-06
190 4.68518e-06
191 6.63001e-06
192 1.48358e-05
193 1.16508e-05
194 1.3971e-05
195 4.7201e-06
196 7.5692e-06
197 9.40593e-06
198 3.17263e-06
199 6.38012e-06
200 1.42934e-05
201 9.56026e-06
202 8.72194e-06
203 6.3013e-06
204 7.74018e-06
205 9.08665e-06
206 1.51079e-05
207 1.50432e-05
208 6.52976e-06
209 1.56213e-05
210 9.07166e-06
211 1.31775e-05
212 1.85697e-05
213 7.19908e-06
214 1.55932e-05
215 6.52386e-06
216 6.84032e-06
217 4.52234e-06
218 1.10571e-05
219 6.39637e-06
220 4.22214e-06
221 1.44127e-06
222 4.95402e-06
223 7.90777e-06
224 4.40507e-06
225 5.2442e-06
226 4.19532e-06
227 1.01531e-05
228 5.90579e-06
229 3.44543e-06
230 3.36765e-06
231 3.63988e-06
232 2.20834e-06
233 2.00031e-06
234 2.42018e-06
235 1.26795e-06
236 2.75055e-06
237 3.32893e-06
238 3.40437e-06
239 1.83343e-06
240 2.49894e-06
241 1.15343e-06
242 7.52304e-06
243 8.92864e-06
244 8.34066e-06
245 3.41185e-06
246 1.30868e-06
247 9.22642e-07
248 2.30297e-06
249 1.18878e-06
250 2.68318e-06
251 5.96486e-06
252 8.58819e-06
253 5.69294e-06
254 3.83929e-06
255 5.43625e-06
256 3.83015e-06
257 1.71834e-06
258 6.64662e-06
259 7.15845e-06
260 4.43536e-06
261 6.22534e-06
262 2.52219e-06
263 1.12605e-05
264 4.80532e-06
265 1.95601e-06
266 2.38564e-06
267 1.77263e-06
268 2.80941e-06
269 4.70905e-06
270 3.22138e-06
271 3.66819e-06
272 2.67295e-06
273 7.15856e-06
274 9.81681e-06
275 6.95994e-06
276 2.14627e-06
277 2.17828e-06
278 6.77648e-06
279 2.72387e-06
280 2.23155e-06
281 5.48162e-06
282 5.12523e-06
283 6.82055e-06
284 2.44413e-06
285 1.58218e-06
286 2.59018e-06
287 3.17977e-06
288 1.8378e-06
289 4.78873e-06
290 2.10913e-06
291 8.65794e-06
292 2.81609e-06
293 6.11569e-06
294 3.09187e-06
295 2.6287e-06
296 4.42694e-06
297 2.25457e-06
298 6.17697e-06
299 3.75094e-06
300 4.96371e-06
301 6.12592e-06
302 2.47705e-06
303 4.47793e-06
304 2.2568e-06
305 3.11931e-06
306 1.16899e-06
307 9.02467e-07
308 6.68975e-06
309 6.68929e-06
310 1.05347e-05
311 6.80189e-06
312 5.36379e-06
313 8.0481e-06
314 1.92291e-06
315 1.02112e-06
316 3.24028e-06
317 1.3761e-06
318 4.82622e-06
319 2.33771e-06
320 6.37334e-06
321 2.3189e-06
322 1.09899e-06
323 1.11183e-06
324 4.98351e-06
325 3.52473e-06
326 2.71554e-06
327 2.97976e-06
328 2.63962e-06
329 1.06521e-06
330 2.30789e-06
331 9.42021e-07
332 3.63612e-07
333 2.59635e-07
334 4.28399e-06
335 1.63036e-06
336 4.3626e-06
337 7.09327e-06
338 8.12197e-06
339 3.00215e-06
340 2.45662e-06
341 7.34778e-06
342 2.45497e-06
343 1.5339e-06
344 2.60135e-06
345 4.97295e-06
346 2.72186e-06
347 3.26373e-06
348 1.57698e-06
349 2.42234e-06
350 2.55112e-06
351 7.87087e-07
352 6.13686e-06
353 6.03511e-06
354 2.20541e-06
355 5.45035e-06
356 8.30124e-06
357 1.18577e-05
358 9.53281e-06
359 4.48189e-06
360 2.15042e-06
361 6.10677e-06
362 2.66446e-06
363 2.954e-06
364 6.87213e-07
365 6.36106e-06
366 4.12347e-06
367 1.50693e-06
368 9.09832e-07
369 4.34498e-06
370 2.38955e-06
371 1.16104e-06
372 1.97855e-06
373 4.75541e-06
374 2.36443e-06
375 4.20282e-07
376 8.19854e-06
377 3.54965e-06
378 1.28498e-06
379 3.99693e-06
380 1.48025e-06
381 7.71713e-07
382 2.13634e-07
383 1.63737e-06
384 2.07628e-06
385 9.07704e-07
386 6.81985e-07
387 4.11844e-06
388 3.60086e-06
389 6.07448e-06
390 2.42863e-06
391 6.54637e-06
392 3.22617e-06
393 1.25196e-06
394 4.73229e-06
395 1.98243e-06
396 9.23195e-07
397 3.53013e-07
398 7.46013e-07
399 4.67379e-06
400 4.6579e-06
401 1.71803e-06
402 7.08192e-06
403 1.00748e-05
404 4.53722e-06
405 3.36308e-06
406 9.44899e-06
407 3.35983e-06
408 5.25595e-06
409 3.4215e-06
410 1.56785e-06
411 6.5335e-06
412 6.67551e-06
413 3.39797e-06
414 4.74565e-06
415 4.11617e-06
416 1.59254e-06
417 6.1511e-06
418 1.83916e-06
419 1.69752e-06
420 4.25111e-07
421 6.0043e-06
422 3.13552e-06
423 3.22228e-06
424 1.32511e-06
425 4.72033e-06
426 2.12934e-06
427 1.32189e-06
428 4.50624e-06
429 4.98679e-06
430 5.91887e-06
431 4.21169e-06
432 1.27058e-06
433 1.15187e-06
434 2.03723e-06
435 8.1849e-07
436 3.34728e-07
437 2.73538e-07
438 3.5037e-07
439 1.18819e-07
440 4.46421e-06
441 3.23986e-06
442 2.74216e-06
443 5.52543e-06
444 3.80674e-06
445 7.70725e-07
446 3.01446e-07
447 4.54758e-07
448 2.3809e-06
449 1.04541e-06
450 7.70751e-07
451 3.38663e-07
452 2.29099e-06
453 1.44192e-06
454 5.83218e-06
455 3.09913e-06
456 1.69564e-06
457 1.10369e-06
458 5.82736e-06
459 3.16756e-06
460 5.92061e-06
461 2.60779e-06
462 1.02355e-06
463 1.82131e-06
464 2.91789e-07
465 2.17473e-06
466 6.8978e-06
467 2.65662e-06
468 1.02216e-06
469 5.6842e-07
470 2.09553e-07
471 8.45953e-06
472 1.9771e-06
473 9.28876e-07
474 4.92231e-07
475 5.10173e-07
476 2.40111e-06
477 3.00036e-06
478 2.54873e-06
479 7.69212e-07
480 3.57508e-07
481 1.24664e-06
482 2.84354e-07
483 2.75783e-07
484 6.57625e-07
485 1.61695e-06
486 6.00395e-07
487 7.90865e-07
488 5.0314e-07
489 7.59265e-07
490 1.02547e-06
491 8.46115e-07
492 7.29979e-07
493 7.3513e-07
494 4.37559e-06
495 3.1024e-06
496 1.41116e-06
497 3.81211e-06
498 5.60212e-06
499 3.85119e-06
500 1.43051e-06
501 1.13521e-05
502 4.14498e-06
503 1.13222e-06
504 4.53563e-06
505 3.4078e-06
506 9.76853e-07
507 5.99925e-07
508 3.58904e-07
509 2.02696e-07
510 1.77303e-07
511 4.29009e-06
512 6.04609e-06
513 2.15752e-06
514 7.99833e-07
515 3.77122e-07
516 1.31441e-07
517 4.05445e-06
518 8.74726e-06
519 1.99133e-06
520 7.42605e-07
521 2.38066e-06
522 4.42371e-06
523 2.61388e-06
524 1.01468e-06
525 3.43721e-07
526 3.18204e-07
527 9.59358e-08
528 1.32159e-06
529 4.68616e-06
530 2.60798e-06
531 1.09291e-06
532 4.4072e-06
533 2.46353e-06
534 9.07524e-07
535 9.15282e-07
536 8.68282e-07
537 8.83835e-07
538 5.86744e-07
539 2.26439e-07
540 9.22663e-08
541 2.05285e-06
542 1.89778e-06
543 5.22077e-06
544 1.77574e-06
545 8.53682e-07
546 1.86498e-07
547 4.02188e-08
548 1.4819e-06
549 4.61852e-06
550 2.25359e-06
551 5.2451e-06
552 2.77053e-06
553 6.29185e-06
554 2.40146e-06
555 8.81065e-07
556 6.81125e-06
557 2.6195e-06
558 9.53839e-07
559 5.94814e-07
560 9.73956e-07
561 1.18274e-06
562 4.47718e-07
563 1.47886e-07
564 4.20116e-06
565 6.31325e-06
566 1.80787e-06
567 8.11598e-07
568 2.75368e-07
569 3.10402e-07
570 8.51637e-07
571 5.83301e-07
572 5.37829e-06
573 1.75543e-06
574 2.39362e-06
575 2.36565e-06
576 5.56451e-07
577 2.41799e-07
578 7.68487e-07
579 8.25363e-07
580 4.97463e-06
581 1.5961e-07
582 4.08753e-06
583 2.59048e-06
584 1.0281e-06
585 3.87182e-07
586 2.02859e-07
587 4.74343e-07
588 2.29288e-07
589 1.75431e-06
590 1.31184e-06
591 6.81933e-07
592 3.44537e-07
593 2.36797e-07
594 8.08857e-08
595 5.73044e-07
596 2.38802e-07
597 1.56383e-06
598 1.16403e-06
599 6.3223e-07
600 2.61129e-07
601 1.63618e-07
602 8.00543e-07
603 7.09231e-07
604 2.07478e-07
605 1.07741e-07
606 1.52136e-06
607 7.71228e-07
608 3.56858e-07
609 6.98537e-07
610 2.57235e-07
611 1.77092e-07
612 6.06517e-07
613 5.75466e-07
614 9.79276e-07
615 4.36248e-06
616 2.56433e-06
617 1.14046e-06
618 4.36936e-06
619 1.54782e-06
620 6.29226e-06
621 6.31474e-06
622 8.03163e-06
623 2.31361e-06
624 1.49456e-06
625 5.61028e-07
626 5.87693e-06
627 1.59258e-06
628 8.59085e-07
629 5.40056e-06
630 1.79083e-06
631 5.78881e-06
632 3.15034e-06
633 1.17006e-06
634 2.13207e-06
635 2.07926e-06
636 9.19596e-07
637 3.43115e-07
638 2.00058e-07
639 3.94371e-07
640 4.83447e-06
641 1.76917e-06
642 4.77808e-06
643 1.75808e-06
644 7.05745e-07
645 8.23135e-06
646 3.81185e-06
647 1.94051e-06
648 1.78914e-06
649 2.13355e-06
650 1.08395e-06
651 3.25958e-07
652 3.87429e-07
653 1.43221e-07
654 4.04298e-06
655 7.6446e-07
656 4.81351e-07
657 9.00509e-07
658 1.84014e-06
659 8.86252e-07
660 1.99543e-06
661 7.74598e-07
662 1.7566e-06
663 8.37065e-07
664 1.8847e-07
665 1.42691e-07
666 8.21255e-08
667 4.06564e-08
668 1.63236e-08
669 1.48691e-06
670 1.08799e-06
671 4.31849e-07
672 3.49639e-07
673 8.12881e-06
674 4.5164e-06
675 3.2696e-06
676 1.41195e-06
677 2.00224e-06
678 1.27794e-06
679 4.69855e-06
680 2.27996e-06
681 3.19863e-06
682 5.00452e-06
683 2.04154e-06
684 8.68011e-07
685 2.94953e-07
686 2.35759e-06
687 1.10474e-06
688 4.95937e-06
689 1.83479e-06
690 6.83915e-07
691 1.25323e-07
692 2.507e-07
693 4.09361e-06
694 1.50497e-06
695 6.54847e-07
696 5.75894e-06
697 2.12859e-06
698 2.87303e-06
699 1.08653e-06
700 4.39125e-06
701 1.33026e-07
702 4.54721e-08
703 2.58548e-06
704 9.56316e-07
705 2.7848e-07
706 1.62065e-07
707 1.96299e-07
708 2.16985e-06
709 3.98787e-07
710 7.00942e-07
711 8.02922e-07
712 4.29512e-06
713 5.17189e-06
714 2.30097e-06
715 7.8971e-07
716 3.18505e-07
717 1.62132e-07
718 6.06543e-08
719 3.01953e-06
720 1.21258e-06
721 4.43671e-06
722 1.62593e-06
723 7.97545e-07
724 3.86597e-07
725 2.16892e-07
726 1.07981e-07
727 3.12099e-07
728 5.58895e-06
729 2.06616e-06
730 1.30743e-06
731 7.83948e-07
732 2.92328e-07
733 4.10704e-06
734 6.08552e-06
735 2.26948e-06
736 8.9297e-07
737 4.33719e-06
738 2.40591e-06
739 1.71612e-07
740 5.93303e-07
741 1.73166e-06
742 1.00113e-07
743 3.59443e-08
744 1.81477e-08
745 5.51896e-07
746 6.0176e-06
747 2.22429e-06
748 6.23022e-07
749 2.55465e-07
750 9.38824e-08
751 5.83222e-08
752 5.68888e-06
753 2.49143e-06
754 7.2798e-07
755 4.31796e-06
756 2.08102e-06
757 9.69916e-07
758 4.78976e-07
759 2.49475e-07
760 6.40432e-07
761 2.40652e-07
762 9.90214e-08
763 1.90277e-07
764 4.78527e-07
765 4.24849e-06
766 8.79694e-07
767 1.72329e-06
768 5.56531e-06
769 2.68866e-06
770 8.3631e-07
771 5.81801e-07
772 2.13965e-07
773 1.67318e-07
774 5.78466e-08
775 1.49389e-06
776 2.05123e-06
777 8.27653e-07
778 8.4742e-07
779 3.12423e-07
780 6.86198e-07
781 3.26888e-06
782 2.79057e-06
783 1.64142e-06
784 4.61418e-06
785 1.52706e-07
786 4.59754e-06
787 4.45876e-06
788 1.099e-06
789 9.4481e-07
790 1.52098e-07
791 8.29149e-08
792 8.60893e-06
793 1.69613e-06
794 1.64652e-07
795 1.53315e-06
796 9.6652e-07
797 2.89948e-07
798 2.07062e-07
799 1.69418e-06
800 4.62146e-06
801 7.74996e-07
802 1.75746e-06
803 4.85548e-06
804 1.77091e-06
805 6.52822e-07
806 2.93069e-07
807 1.46078e-07
808 5.55728e-08
809 4.39557e-08
810 4.06964e-08
811 1.48693e-06
812 7.55959e-07
813 4.27862e-06
814 1.0387e-07
815 5.81389e-07
816 4.14368e-07
817 1.51944e-07
818 5.76094e-08
819 2.48671e-08
820 1.1952e-08
821 2.49199e-08
822 1.0529e-08
823 9.36006e-09
824 4.46522e-07
825 2.37529e-07
826 9.82865e-08
827 3.38786e-08
828 9.3827e-08
829 1.3489e-07
830 4.0189e-06
831 1.50562e-06
832 5.83212e-07
833 1.69247e-06
834 6.24118e-07
835 7.87744e-07
836 8.30224e-07
837 3.005e-07
838 3.76316e-07
839 3.41741e-07
840 2.50645e-07
841 1.66966e-07
842 7.13033e-08
843 4.02736e-06
844 9.48388e-06
845 6.01752e-06
846 2.21364e-06
847 5.58362e-06
848 2.05428e-06
849 8.24316e-07
850 3.79195e-07
851 1.63845e-06
852 5.95429e-07
853 2.44592e-07
854 8.86639e-08
855 4.08849e-06
856 1.62996e-06
857 6.1347e-07
858 2.25688e-07
859 4.13253e-06
860 1.5353e-06
861 5.62116e-07
862 2.42291e-07
863 1.62421e-07
864 2.56759e-07
865 9.91427e-08
866 1.50793e-06
867 5.64904e-07
868 7.52674e-07
869 3.04203e-07
870 2.84174e-07
871 3.26404e-08
872 4.92365e-08
873 9.14429e-08
874 4.40478e-08
875 4.0163e-06
876 1.70314e-06
877 5.53284e-07
878 1.67557e-06
879 1.58248e-07
880 6.27136e-07
881 2.32035e-07
882 9.71475e-08
883 3.22723e-08
884 2.54718e-08
885 6.211e-09
886 4.54997e-06
887 1.68387e-06
888 4.61587e-06
889 2.43863e-06
890 3.55797e-07
891 1.3089e-07
892 4.82273e-08
893 4.8443e-08
894 1.49366e-06
895 4.59617e-06
896 1.69103e-06
897 6.48863e-07
898 2.30744e-06
899 6.32172e-06
900 1.77646e-06
901 7.26812e-07
902 4.24042e-06
903 1.56047e-06
904 6.27998e-07
905 4.75272e-06
906 3.03475e-06
907 1.38891e-06
908 1.78477e-06
909 6.56397e-07
910 1.98597e-06
911 9.05012e-07
912 8.29593e-06
913 1.56915e-06
914 6.53265e-07
915 1.77518e-06
916 1.28931e-07
917 5.88908e-07
918 2.30209e-07
919 7.00817e-07
920 2.89017e-07
921 1.35559e-07
922 5.98089e-08
923 4.09392e-06
924 1.5264e-06
925 1.1154e-06
926 9.76801e-07
927 1.97912e-06
928 6.35651e-07
929 5.34196e-07
930 1.86579e-07
931 1.32062e-07
932 6.11105e-07
933 4.55074e-08
934 3.99681e-08
935 2.40841e-07
936 9.82167e-07
937 1.2925e-06
938 4.03089e-07
939 1.52097e-07
940 8.01078e-07
941 1.77627e-06
942 4.7799e-06
943 1.68533e-06
944 6.20177e-07
945 1.02421e-07
946 7.78489e-07
947 4.85459e-07
948 1.88687e-07
949 8.09919e-07
950 1.39295e-07
951 1.54838e-06
952 1.34832e-06
953 1.04314e-06
954 8.55269e-07
955 5.93846e-07
956 1.45208e-07
957 1.74606e-06
958 6.62236e-07
959 2.54576e-07
960 1.67882e-07
961 8.01042e-07
962 4.97443e-07
963 1.83005e-07
964 1.69374e-07
965 1.00348e-07
966 4.19965e-08
967 1.53857e-08
968 8.25792e-08
969 2.04307e-06
970 2.13425e-07
971 5.51919e-07
972 2.03727e-07
973 7.55837e-08
974 5.48609e-08
975 3.0123e-08
976 8.45167e-08
977 1.50261e-06
978 5.63553e-07
979 4.46491e-07
980 9.15529e-08
981 3.53343e-08
982 1.33628e-08
983 3.36388e-08
984 4.01368e-06
985 2.0179e-06
986 7.42835e-07
987 2.9456e-07
988 6.53176e-07
989 3.8959e-07
990 3.41949e-07
991 1.25983e-07
992 1.94267e-07
993 2.8331e-06
994 9.69477e-07
995 2.93311e-07
996 1.10096e-07
997 2.3965e-07
998 1.51513e-07
999 4.3339e-08
1000 1.02618e-07
1001 5.5383e-06
1002 3.92492e-06
1003 2.94048e-06
1004 8.55636e-07
1005 3.42241e-07
1006 1.29563e-07
1007 4.81585e-08
1008 2.24281e-07
1009 1.56413e-06
1010 1.21691e-06
1011 4.76037e-07
1012 2.946e-06
1013 1.00032e-06
1014 1.78965e-07
1015 6.59661e-08
1016 7.85466e-07
1017 3.52796e-07
1018 1.39932e-07
1019 7.88184e-08
1020 2.79109e-08
1021 1.04485e-08
1022 5.9013e-09
1023 1.21195e-08
1024 2.14872e-07
1025 2.02859e-06
1026 7.56296e-07
1027 6.29107e-06
1028 2.25059e-06
1029 3.69787e-07
1030 2.12028e-07
1031 1.79582e-07
1032 1.39142e-07
1033 2.26006e-07
1034 5.67633e-08
1035 2.07008e-08
1036 7.64089e-09
1037 4.0088e-07
1038 1.47442e-07
1039 5.4241e-08
1040 2.92388e-07
1041 1.07661e-07
1042 3.9633e-08
1043 1.42754e-08
1044 7.85255e-08
1045 1.52713e-06
1046 6.96491e-06
1047 2.02142e-06
1048 7.71966e-07
1049 2.86607e-07
1050 1.07085e-07
1051 4.58032e-06
1052 1.78525e-06
1053 1.19792e-06
1054 2.45408e-06
1055 9.29763e-07
1056 4.36903e-06
1057 2.14961e-06
1058 7.81381e-07
1059 2.77573e-07
1060 1.58465e-06
1061 5.82963e-07
1062 2.1446e-07
1063 1.62739e-07
1064 5.74271e-07
1065 4.21547e-06
1066 1.48755e-06
1067 6.20528e-07
1068 1.70058e-06
1069 6.25363e-07
1070 2.30645e-07
1071 4.31216e-06
1072 2.12722e-06
1073 9.78655e-07
1074 3.63805e-07
1075 1.52303e-07
1076 3.28463e-07
1077 1.1092e-07
1078 5.07202e-08
1079 2.001e-08
1080 5.7083e-09
1081 7.19887e-09
1082 3.17263e-09
1083 3.93672e-08
1084 1.46584e-08
1085 3.23535e-08
1086 1.34258e-08
1087 1.98492e-08
1088 3.14814e-06
1089 2.65795e-06
1090 4.6399e-07
1091 1.70692e-07
1092 6.28636e-08
1093 3.45932e-08
1094 8.61039e-08
1095 5.151e-08
1096 5.46798e-07
1097 2.0852e-07
1098 2.92974e-09
1099 5.43757e-07
1100 2.2835e-07
1101 8.42573e-08
1102 1.50254e-06
1103 2.13196e-08
1104 2.02748e-06
1105 2.21605e-06
1106 8.15245e-07
1107 8.42576e-07
1108 6.35495e-06
1109 3.873e-06
1110 4.88717e-06
1111 2.09732e-06
1112 8.35403e-07
1113 1.18094e-07
1114 2.45245e-07
1115 4.39764e-08
1116 9.06132e-08
1117 3.30888e-08
1118 2.01481e-07
1119 5.52287e-07
1120 1.67476e-06
1121 6.43155e-07
1122 2.3611e-07
1123 8.68692e-08
1124 5.49798e-09
1125 3.39636e-08
1126 1.31695e-08
1127 4.91283e-09
1128 1.02064e-07
1129 3.74806e-08
1130 6.09097e-07
1131 2.14212e-07
1132 5.73739e-09
1133 7.62942e-07
1134 4.27748e-06
1135 1.53852e-06
1136 2.11102e-06
1137 9.03651e-07
1138 3.22454e-07
1139 1.29615e-07
1140 5.85267e-07
1141 2.46582e-07
1142 8.98682e-08
1143 1.09122e-07
1144 7.07585e-08
1145 5.94322e-07
1146 2.32218e-07
1147 8.31242e-08
1148 5.75985e-08
1149 1.49249e-06
1150 7.49254e-07
1151 2.76765e-07
1152 1.01891e-07
1153 3.74848e-08
1154 1.40039e-08
1155 2.84601e-08
1156 5.48211e-06
1157 5.4889e-07
1158 4.01207e-07
1159 5.42433e-07
1160 2.03194e-07
1161 7.33447e-08
1162 3.74576e-08
1163 1.51018e-08
1164 1.50789e-07
1165 1.28622e-07
1166 1.52087e-06
1167 2.18673e-07
1168 8.04236e-08
1169 7.431e-07
1170 3.00118e-07
1171 1.28836e-07
1172 4.73869e-08
1173 2.15833e-08
1174 9.47584e-08
1175 3.12167e-08
1176 1.15693e-08
1177 7.83088e-09
1178 6.17495e-07
1179 2.03935e-07
1180 1.011e-07
1181 3.71939e-08
1182 8.697e-08
1183 3.19945e-08
1184 1.72569e-08
1185 1.62642e-08
1186 6.72666e-09
1187 1.47625e-08
1188 5.43156e-09
1189 7.9207e-08
1190 8.3594e-10
1191 2.94699e-06
1192 5.4414e-07
1193 3.0008e-07
1194 6.62637e-07
1195 2.44224e-07
1196 8.99352e-08
1197 3.31078e-08
1198 1.59432e-08
1199 5.48961e-07
1200 2.01948e-07
1201 7.42912e-08
1202 2.74229e-08
1203 2.15269e-08
1204 1.50691e-06
1205 5.8503e-07
1206 3.15695e-07
1207 1.20243e-07
1208 2.42888e-07
1209 8.88808e-08
1210 7.95691e-08
1211 2.87815e-08
1212 5.52347e-07
1213 4.04966e-09
1214 3.21561e-08
1215 4.00198e-06
1216 1.75195e-06
1217 6.44553e-07
1218 3.83162e-07
1219 6.97353e-08
1220 2.69887e-08
1221 1.3643e-08
1222 3.02319e-06
1223 5.11217e-06
1224 2.27944e-06
1225 9.13031e-07
1226 3.09009e-07
1227 4.09546e-08
1228 9.2655e-08
1229 3.33091e-08
1230 1.59035e-08
1231 5.57922e-09
1232 7.04509e-09
1233 2.59511e-09
1234 9.67597e-10
1235 2.15271e-08
1236 3.14142e-08
1237 2.16041e-08
1238 7.94971e-09
1239 1.28412e-08
1240 6.6755e-09
1241 4.03287e-06
1242 1.48726e-06
1243 5.47288e-07
1244 2.01788e-07
1245 7.44402e-08
1246 3.10326e-08
1247 1.16659e-08
1248 1.41609e-08
1249 5.27298e-09
1250 1.93633e-09
1251 1.20589e-09
1252 1.08646e-08
1253 4.01812e-09
1254 1.47818e-09
1255 5.518e-07
1256 1.99352e-07
1257 8.33472e-08
1258 1.09793e-08
1259 5.38139e-09
1260 5.43115e-09
1261 1.33234e-09
1262 7.37493e-08
1263 3.8388e-08
1264 4.84703e-09
1265 4.00181e-06
1266 2.01353e-06
1267 8.14034e-07
1268 2.99468e-07
1269 1.1019e-07
1270 4.054e-08
1271 1.49641e-08
1272 1.54234e-08
1273 5.47354e-06
1274 2.02352e-06
1275 7.71362e-07
1276 2.8377e-07
1277 1.1565e-07
1278 4.43807e-08
1279 1.62607e-08
1280 7.23712e-09
1281 6.30991e-09
1282 2.32293e-09
1283 8.60724e-10
1284 2.25116e-10
1285 4.54507e-06
1286 1.87119e-06
1287 1.233e-06
1288 4.45412e-06
1289 1.63857e-06
1290 6.02735e-07
1291 2.21733e-07
1292 1.64782e-07
1293 1.1433e-06
1294 4.38139e-07
1295 1.61254e-07
1296 5.92973e-08
1297 5.01079e-08
1298 5.56333e-07
1299 2.04688e-07
1300 7.54822e-08
1301 2.91131e-08
1302 1.07101e-08
1303 3.94001e-09
1304 1.38387e-09
1305 1.99657e-07
1306 7.35182e-08
1307 2.70458e-08
1308 1.36057e-08
1309 1.08775e-06
1310 2.07082e-06
1311 1.30322e-06
1312 5.5272e-07
1313 2.30286e-07
1314 8.47262e-08
1315 3.13645e-08
1316 1.10542e-08
1317 4.04272e-09
1318 1.30602e-09
1319 2.41046e-09
1320 1.47247e-06
1321 5.42094e-07
1322 2.00792e-07
1323 2.73075e-07
1324 4.03759e-06
1325 1.55978e-06
1326 6.04427e-07
1327 2.2242e-07
1328 3.54349e-07
1329 1.76548e-07
1330 6.51301e-08
1331 5.11738e-08
1332 4.94247e-08
1333 4.61795e-09
1334 1.16162e-08
1335 7.7603e-08
1336 2.86157e-08
1337 1.10208e-08
1338 2.01754e-06
1339 7.42213e-07
1340 4.99145e-07
1341 1.83616e-07
1342 1.40811e-07
1343 7.87537e-08
1344 5.70313e-07
1345 2.55727e-08
1346 9.83451e-09
1347 4.53961e-09
1348 3.99909e-07
1349 1.48315e-07
1350 4.05456e-06
1351 2.95366e-06
1352 1.08662e-06
1353 9.41085e-07
1354 3.47548e-07
1355 1.39179e-07
1356 4.27617e-08
1357 2.43713e-08
1358 5.33377e-09
1359 5.53176e-07
1360 1.99864e-07
1361 7.72023e-08
1362 3.83876e-08
1363 1.72737e-08
1364 2.05503e-07
1365 7.51067e-08
1366 5.68971e-07
1367 1.99399e-07
1368 8.32694e-08
1369 1.50578e-06
1370 2.13117e-07
1371 6.46694e-07
1372 3.87909e-08
1373 1.42024e-08
1374 1.52083e-08
1375 1.91643e-08
1376 3.64891e-08
1377 1.34249e-08
1378 8.18492e-08
1379 2.88355e-08
1380 5.45657e-07
1381 1.67412e-06
1382 6.42334e-07
1383 2.27796e-07
1384 7.80697e-08
1385 5.50995e-06
1386 2.0272e-06
1387 7.49597e-07
1388 7.61114e-08
1389 5.63182e-08
1390 2.10586e-08
1391 3.47001e-08
1392 8.67032e-08
1393 3.19208e-08
1394 2.11194e-07
1395 7.9266e-08
1396 1.52489e-07
1397 3.92183e-08
1398 4.12493e-08
1399 1.52661e-08
1400 7.89366e-08
1401 3.26621e-08
1402 1.48354e-06
1403 1.08736e-06
1404 3.99948e-07
1405 3.7329e-07
1406 1.27914e-07
1407 6.82288e-08
1408 2.50999e-08
1409 9.23376e-09
1410 3.46829e-09
1411 1.91148e-09
1412 4.37532e-09
1413 1.47314e-06
1414 5.42461e-07
1415 1.99575e-07
1416 7.47703e-08
1417 3.75993e-08
1418 9.07459e-08
1419 3.3382e-08
1420 1.2281e-08
1421 4.07422e-06
1422 4.02776e-06
1423 2.95327e-06
1424 1.08334e-06
1425 1.99455e-07
1426 2.76239e-07
1427 1.02183e-07
1428 3.86597e-08
1429 1.47437e-08
1430 1.63762e-09
1431 4.07943e-06
1432 4.03907e-06
1433 1.48636e-06
1434 2.77692e-07
1435 1.50044e-06
1436 2.02717e-06
1437 6.20049e-07
1438 2.89574e-08
1439 7.51142e-07
1440 2.76407e-07
1441 1.01657e-07
1442 3.75819e-08
1443 2.11335e-07
1444 3.54235e-07
1445 1.30497e-07
1446 4.8009e-08
1447 1.7687e-08
1448 1.64256e-08
1449 1.61401e-08
1450 5.87985e-09
1451 2.17212e-09
1452 1.99883e-07
1453 7.35998e-08
1454 2.26409e-07
1455 9.68538e-08
1456 3.1983e-08
1457 1.90619e-08
1458 2.06161e-07
1459 4.0745e-06
1460 1.49874e-06
1461 1.11965e-06
1462 4.11905e-07
1463 1.52874e-07
1464 5.79433e-08
1465 1.48292e-06
1466 5.49189e-07
1467 2.11102e-07
1468 7.90703e-08
1469 2.85964e-08
1470 2.11495e-07
1471 7.81159e-08
1472 4.1336e-08
1473 1.10668e-08
1474 2.03402e-07
1475 4.07848e-06
1476 2.93895e-08
1477 1.48234e-06
1478 5.45137e-07
1479 2.0052e-07
1480 7.37673e-08
1481 8.61959e-10
1482 4.25618e-07
1483 1.50243e-07
1484 5.56832e-07
1485 2.3997e-07
1486 1.12017e-07
1487 2.38898e-07
1488 8.78831e-08
1489 4.22453e-08
1490 2.69124e-08
1491 2.06639e-08
1492 2.11902e-08
1493 4.08113e-06
1494 1.70908e-06
1495 6.29832e-07
1496 2.30608e-07
1497 8.52629e-08
1498 3.27797e-08
1499 5.54743e-07
1500 2.57957e-07
1501 9.48971e-08
1502 1.08177e-07
1503 1.50997e-06
1504 7.57315e-07
1505 8.24086e-07
1506 3.28959e-07
1507 1.94281e-07
1508 4.22249e-08
1509 1.56039e-08
1510 7.26141e-09
1511 1.61687e-08
1512 5.94936e-09
1513 8.29774e-08
1514 2.06119e-08
1515 7.64833e-09
1516 2.82254e-09
1517 1.04746e-09
1518 4.52348e-10
1519 9.96337e-11
1520 3.79366e-11
1521 1.45816e-11
1522 7.33526e-11
1523 2.82039e-11
1524 9.0589e-13
1525 5.41376e-07
1526 2.09076e-07
1527 7.70997e-08
1528 7.40085e-08
1529 1.50247e-06
1530 5.53065e-07
1531 1.99838e-07
1532 2.72672e-07
1533 6.4713e-07
1534 2.38073e-07
1535 8.75821e-08
1536 3.27136e-08
1537 1.20364e-08
1538 4.42798e-09
1539 5.43022e-07
1540 2.04757e-07
1541 8.65853e-08
1542 3.27074e-07
1543 1.97728e-07
1544 6.12741e-07
1545 2.25485e-07
1546 1.48123e-06
1547 5.45106e-07
1548 2.00533e-07
1549 4.61262e-10
1550 1.14524e-08
1551 5.41923e-07
1552 4.27263e-06
1553 1.57546e-06
1554 5.8323e-07
1555 1.68972e-06
1556 6.99875e-07
1557 2.57539e-07
1558 8.48297e-08
1559 3.17254e-08
1560 1.53435e-08
1561 5.64448e-09
1562 6.89184e-09
1563 5.43694e-07
1564 2.00014e-07
1565 1.00599e-07
1566 3.70088e-08
1567 8.68777e-08
1568 3.19598e-08
1569 4.01261e-06
1570 2.94792e-06
1571 1.086e-06
1572 2.0037e-07
1573 8.36287e-08
1574 3.07743e-08
1575 1.13211e-08
1576 5.46051e-07
1577 2.00632e-07
1578 7.38084e-08
1579 2.53434e-07
1580 1.20186e-07
1581 1.73277e-08
1582 6.3996e-09
1583 2.35553e-09
1584 4.00087e-06
1585 1.47184e-06
1586 5.41465e-07
1587 4.00005e-06
1588 4.19984e-06
1589 1.47177e-06
1590 6.14796e-07
1591 2.27684e-07
1592 1.55664e-06
1593 5.72737e-07
1594 7.5236e-07
1595 3.00146e-07
1596 3.7166e-08
1597 4.01422e-06
1598 2.94979e-06
1599 1.08384e-06
1600 3.98631e-07
1601 1.50287e-07
1602 5.54715e-08
1603 9.36772e-08
1604 3.4257e-08
1605 1.26058e-08
1606 4.63785e-09
1607 4.01165e-06
1608 1.47223e-06
1609 5.41783e-07
1610 1.99313e-07
1611 4.07333e-06
1612 1.50841e-06
1613 5.56255e-07
1614 4.0399e-07
1615 1.48644e-07
1616 1.5264e-06
1617 5.51615e-07
1618 2.02901e-07
1619 7.33009e-08
1620 2.27481e-07
1621 4.27293e-06
1622 1.27357e-07
1623 4.69673e-08
1624 2.06578e-07
1625 7.59959e-08
1626 3.78909e-08
1627 1.48181e-06
1628 5.45127e-07
1629 4.20189e-06
1630 1.55078e-06
1631 5.70499e-07
1632 2.21017e-07
1633 6.22155e-07
1634 2.29372e-07
1635 2.12858e-08
1636 4.00783e-06
1637 1.4744e-06
1638 5.42415e-07
1639 9.50764e-10
1640 8.1444e-07
1641 2.99591e-07
1642 1.83539e-07
1643 6.7506e-08
1644 3.47492e-08
1645 1.0948e-08
1646 7.21301e-09
1647 5.80576e-09
1648 6.173e-07
1649 4.19972e-06
1650 1.54503e-06
1651 5.70402e-07
1652 2.14856e-07
1653 7.83737e-08
1654 2.89247e-08
1655 2.04562e-08
1656 1.27058e-08
1657 2.27992e-08
1658 5.49977e-07
1659 2.02292e-07
1660 7.44202e-08
1661 2.74781e-08
1662 1.01089e-08
1663 3.7099e-09
1664 1.35572e-09
1665 1.72242e-08
1666 1.6285e-08
1667 1.47617e-06
1668 5.43118e-07
1669 2.26756e-07
1670 8.36009e-08
1671 3.34404e-08
1672 1.23023e-08
1673 4.7078e-09
1674 3.91789e-10
1675 7.34166e-08
1676 2.70084e-08
1677 9.93579e-09
1678 7.74205e-08
1679 2.84831e-08
1680 9.98424e-09
1681 3.67302e-09
1682 1.60906e-11
1683 9.92092e-09
1684 3.83139e-09
1685 1.34266e-09
1686 1.16921e-09
1687 2.48535e-10
1688 3.78119e-09
1689 2.07362e-10
1690 7.96711e-11
1691 1.47538e-06
1692 5.43184e-07
1693 1.99151e-07
1694 4.10022e-06
1695 3.68673e-08
1696 1.37443e-08
1697 1.47946e-06
1698 5.86572e-07
1699 1.68689e-06
1700 6.21712e-07
1701 2.92038e-08
1702 1.16096e-08
1703 4.7739e-09
1704 1.75628e-09
1705 6.45313e-10
1706 1.9939e-07
1707 1.61246e-09
1708 1.54531e-06
1709 5.68573e-07
1710 1.0018e-08
1711 7.83237e-08
1712 3.87253e-08
1713 2.4162e-08
1714 5.24057e-09
1715 2.01051e-07
1716 7.3964e-08
1717 2.72253e-08
1718 1.00158e-08
1719 5.45026e-07
1720 2.00513e-07
1721 4.07376e-06
1722 1.49866e-06
1723 5.51325e-07
1724 1.67434e-06
1725 6.16455e-07
1726 4.20397e-06
1727 1.54521e-06
1728 5.96749e-07
1729 2.09123e-07
1730 8.68476e-08
1731 1.49793e-08
1732 1.54256e-08
1733 3.26265e-08
1734 7.40083e-08
1735 7.4008e-08
1736 2.72265e-08
1737 2.09164e-07
1738 7.82983e-08
1739 2.88043e-08
1740 1.04149e-08
1741 3.80703e-09
1742 2.83528e-08
1743 1.04309e-08
1744 3.83731e-09
1745 2.40798e-09
1746 2.22778e-09
1747 8.44278e-10
1748 2.93914e-10
1749 1.35997e-10
1750 6.55147e-11
1751 9.9515e-09
1752 1.35061e-09
1753 2.03295e-07
1754 7.48552e-08
1755 5.68897e-07
1756 2.09078e-07
1757 7.71871e-08
1758 1.62536e-09
1759 4.2484e-09
1760 2.0567e-09
1761 2.7331e-08
1762 1.05484e-08
1763 3.90529e-09
1764 7.34151e-08
1765 2.70169e-08
1766 1.35775e-08
1767 3.06143e-08
1768 1.12629e-08
1769 4.14463e-09
1770 1.52472e-09
1771 5.64303e-10
1772 7.25933e-10
1773 7.60838e-10
1774 1.62177e-09
1775 6.21216e-10
1776 2.69741e-08
1777 9.94843e-09
1778 3.07932e-08
1779 8.45998e-08
1780 3.11438e-08
1781 1.01153e-08
1782 3.72693e-09
1783 1.12894e-08
1784 1.05512e-08
1785 3.88157e-09
1786 2.9722e-08
1787 1.48295e-06
1788 5.45524e-07
1789 2.00872e-07
1790 7.38969e-08
1791 2.73725e-08
1792 3.83653e-08
1793 3.7017e-09
1794 2.00857e-11
1795 1.04161e-08
1796 1.35653e-08
1797 8.63808e-09
1798 7.6943e-08
1799 2.83062e-08
1800 1.17785e-08
1801 4.33675e-09
1802 1.59496e-09
1803 1.47211e-06
1804 5.41876e-07
1805 2.86186e-07
1806 3.08499e-08
1807 1.12835e-08
1808 1.04426e-08
1809 7.7172e-08
1810 3.2531e-08
1811 1.14828e-08
1812 7.92556e-08
1813 2.8974e-08
1814 3.76141e-08
1815 1.38374e-08
1816 5.33898e-09
1817 2.45842e-09
1818 1.08578e-09
1819 7.8744e-10
1820 3.41016e-10
1821 1.0807e-10
1822 1.06624e-10
1823 1.53329e-11
1824 8.90892e-12
1825 2.96838e-11
1826 1.36143e-09
1827 4.23792e-11
1828 7.32679e-08
1829 2.82989e-08
1830 4.95603e-10
1831 9.93837e-09
1832 3.83418e-09
1833 1.41001e-09
1834 7.33009e-08
1835 2.74599e-08
1836 1.01019e-08
1837 5.54843e-06
1838 2.0142e-06
1839 7.67936e-07
1840 3.09484e-07
1841 4.11399e-06
1842 1.51344e-06
1843 5.56786e-07
1844 2.04829e-07
1845 7.54266e-08
1846 2.70972e-08
1847 9.96835e-09
1848 1.03926e-07
1849 3.82302e-08
1850 1.48577e-06
1851 5.46585e-07
1852 2.01077e-07
1853 7.39722e-08
1854 2.72096e-08
1855 1.99338e-08
1856 7.33334e-09
1857 5.66683e-08
1858 1.09164e-08
1859 4.01599e-09
1860 1.47747e-09
1861 7.28453e-10
1862 2.58943e-10
1863 1.20226e-10
1864 4.42288e-11
1865 5.4154e-07
1866 1.99222e-07
1867 7.37863e-08
1868 2.69629e-08
1869 9.9205e-09
1870 3.7831e-09
1871 5.46587e-07
1872 2.0106e-07
1873 7.41987e-08
1874 2.72963e-08
1875 1.38801e-08
1876 3.955e-09
1877 2.84353e-09
1878 1.07564e-09
1879 3.77813e-10
1880 4.0007e-06
1881 1.47178e-06
1882 5.41439e-07
1883 1.6707e-06
1884 6.14619e-07
1885 5.39097e-08
1886 1.98319e-08
1887 2.06444e-07
1888 6.17291e-07
1889 7.69778e-07
1890 2.83184e-07
1891 4.10467e-06
1892 1.48308e-06
1893 5.49252e-07
1894 2.27703e-07
1895 8.42583e-08
1896 2.73753e-08
1897 2.12609e-08
1898 6.92298e-07
1899 2.58258e-07
1900 2.19971e-08
1901 8.21797e-08
1902 2.89071e-08
1903 2.07146e-09
1904 1.4721e-06
1905 5.41733e-07
1906 2.26741e-07
1907 9.33576e-08
1908 3.11897e-08
1909 1.12923e-08
1910 5.49606e-09
1911 2.02203e-09
1912 5.71313e-10
1913 2.11421e-10
1914 8.11247e-11
1915 3.88784e-11
1916 2.71735e-08
1917 1.00119e-08
1918 3.68319e-09
1919 2.70902e-09
1920 7.42607e-08
1921 1.00616e-07
1922 3.71202e-08
1923 2.37525e-08
1924 8.73811e-09
1925 3.21125e-09
1926 1.31874e-09
1927 4.88696e-10
1928 1.79781e-10
1929 3.71034e-09
1930 5.41365e-07
1931 1.99157e-07
1932 7.46109e-08
1933 2.74513e-08
1934 1.01221e-08
1935 3.79104e-09
1936 5.0423e-09
1937 4.00186e-06
1938 2.01306e-06
1939 9.40204e-07
1940 1.50382e-07
1941 2.54471e-07
1942 2.0352e-08
1943 8.82911e-09
1944 2.82121e-09
1945 1.47256e-06
1946 6.01392e-06
1947 1.67083e-06
1948 2.73817e-06
1949 8.08158e-07
1950 3.10884e-07
1951 1.14862e-07
1952 4.22308e-08
1953 1.556e-08
1954 2.15282e-07
1955 7.96916e-08
1956 2.90706e-08
1957 1.07626e-08
1958 1.41228e-08
1959 5.46988e-07
1960 2.01227e-07
1961 4.101e-06
1962 1.50966e-06
1963 5.82325e-07
1964 2.14159e-07
1965 1.05804e-07
1966 3.89478e-08
1967 1.43281e-08
1968 5.27112e-09
1969 1.93913e-09
1970 4.85454e-09
1971 2.7399e-08
1972 1.99362e-08
1973 7.33366e-09
1974 4.03974e-09
1975 1.48492e-09
1976 1.99787e-07
1977 8.34214e-08
1978 4.02704e-06
1979 1.48164e-06
1980 5.4871e-07
1981 4.01009e-07
1982 4.14759e-06
1983 1.31205e-07
1984 1.51979e-06
1985 2.02647e-06
1986 7.42411e-07
1987 2.72621e-07
1988 1.00226e-07
1989 3.74312e-08
1990 1.3564e-08
1991 5.19626e-09
1992 1.47343e-06
1993 5.42045e-07
1994 2.03128e-07
1995 8.33002e-08
1996 3.06444e-08
1997 1.3109e-08
1998 4.88979e-09
1999 7.51373e-08
2000 2.76415e-08
2001 1.01688e-08
2002 3.74257e-09
2003 1.37637e-09
2004 5.06358e-10
2005 1.8694e-10
2006 7.36585e-11
2007 3.6746e-09
2008 1.14486e-08
2009 2.13278e-07
2010 2.81275e-07
2011 1.03472e-07
2012 2.38622e-07
2013 1.43435e-08
2014 7.85386e-08
2015 2.88928e-08
2016 7.15869e-10
2017 1.01869e-08
2018 3.92916e-09
2019 6.41028e-09
2020 1.88932e-09
2021 6.15109e-07
2022 2.53238e-07
2023 1.56521e-06
2024 5.8257e-07
2025 1.53522e-08
2026 4.3059e-09
2027 3.08293e-09
2028 1.99095e-09
2029 1.47225e-06
2030 5.41612e-07
2031 2.26234e-07
2032 1.5648e-07
2033 5.40999e-08
2034 2.00834e-08
2035 7.38822e-09
2036 5.4961e-09
2037 5.43363e-07
2038 1.9958e-07
2039 7.38487e-08
2040 2.76624e-08
2041 1.74683e-08
2042 6.43003e-09
2043 7.56281e-08
2044 2.78888e-08
2045 2.95376e-06
2046 1.0867e-06
2047 6.12484e-07
2048 2.2533e-07
2049 8.29199e-08
2050 3.06952e-08
2051 1.26461e-08
2052 4.65263e-09
2053 1.71159e-09
2054 1.05643e-09
2055 3.88804e-10
2056 3.84187e-08
2057 1.41334e-08
2058 1.55519e-09
2059 8.6352e-11
2060 3.177e-11
2061 1.16874e-11
2062 4.97939e-10
2063 1.83182e-10
2064 1.36312e-08
2065 2.85e-08
2066 1.41333e-08
2067 2.04841e-07
2068 7.53569e-08
2069 2.77222e-08
2070 1.01985e-08
2071 3.74847e-09
2072 1.37586e-09
2073 1.00017e-09
2074 3.68394e-10
2075 2.02169e-10
2076 3.72523e-09
2077 3.95792e-08
2078 1.40753e-08
2079 6.5232e-09
2080 2.01552e-07
2081 8.14421e-08
2082 2.99855e-08
2083 1.10223e-08
2084 4.16434e-10
2085 7.61279e-07
2086 1.75572e-06
2087 6.35977e-07
2088 2.40299e-07
2089 8.83797e-08
2090 3.20203e-08
2091 1.27669e-08
2092 5.50846e-07
2093 2.29597e-07
2094 8.44638e-08
2095 4.09881e-08
2096 6.54016e-08
2097 3.5027e-08
2098 1.30675e-08
2099 4.80411e-09
2100 2.00919e-07
2101 8.38535e-08
2102 5.72189e-07
2103 2.10743e-07
2104 7.7528e-08
2105 2.85455e-08
2106 1.04923e-08
2107 3.85989e-09
2108 1.41997e-09
2109 5.22546e-10
2110 1.99341e-07
2111 2.70233e-08
2112 8.69274e-08
2113 2.48814e-08
2114 9.15488e-09
2115 3.3679e-09
2116 1.23898e-09
2117 4.10282e-09
2118 1.50979e-09
2119 5.81283e-10
2120 2.14174e-10
2121 1.93552e-09
2122 5.42062e-07
2123 1.99484e-07
2124 7.33528e-08
2125 2.74782e-08
2126 3.70606e-08
2127 1.37019e-08
2128 5.04092e-09
2129 1.88266e-09
2130 5.41855e-07
2131 1.99343e-07
2132 4.07705e-06
2133 1.49986e-06
2134 5.51769e-07
2135 2.03009e-07
2136 7.46832e-08
2137 5.68815e-07
2138 2.0944e-07
2139 7.70485e-08
2140 2.27468e-07
2141 8.37055e-08
2142 3.07935e-08
2143 1.13951e-08
2144 4.16622e-09
2145 2.02754e-09
2146 4.00077e-06
2147 3.07913e-10
2148 5.41446e-07
2149 7.40531e-07
2150 2.72608e-07
2151 5.68365e-07
2152 2.12737e-07
2153 7.82617e-08
2154 2.92845e-08
2155 1.42391e-08
2156 7.71599e-08
2157 2.83855e-08
2158 1.04425e-08
2159 5.43184e-09
2160 7.49488e-08
2161 6.19877e-10
2162 2.71798e-08
2163 1.26826e-08
2164 2.03811e-07
2165 7.4978e-08
2166 3.75069e-08
2167 1.37767e-08
2168 3.75997e-09
2169 4.06314e-09
2170 1.94199e-10
2171 5.65081e-10
2172 2.07501e-10
2173 4.21962e-09
2174 1.5523e-09
2175 5.70895e-10
2176 2.13324e-10
2177 2.70342e-08
2178 4.00998e-06
2179 1.47519e-06
2180 5.42691e-07
2181 2.0041e-07
2182 1.00671e-07
2183 3.71011e-08
2184 4.08079e-08
2185 1.93778e-09
2186 1.42754e-08
2187 1.60426e-09
2188 6.14753e-10
2189 4.3234e-10
2190 4.00017e-06
2191 1.47223e-06
2192 6.18513e-07
2193 2.26197e-07
2194 1.46561e-07
2195 6.44011e-08
2196 5.91984e-07
2197 2.07931e-07
2198 1.50457e-07
2199 1.52683e-06
2200 5.61802e-07
2201 2.06751e-07
2202 7.60584e-08
2203 2.79714e-08
2204 1.02913e-08
2205 3.85278e-09
2206 1.41735e-09
2207 5.31679e-10
2208 5.62119e-10
2209 2.06628e-10
2210 2.70032e-08
2211 9.93377e-09
2212 1.62499e-08
2213 6.01163e-09
2214 2.51456e-09
2215 5.47277e-07
2216 8.17276e-07
2217 3.00684e-07
2218 1.10788e-07
2219 4.07568e-08
2220 1.50117e-08
2221 5.7131e-09
2222 2.89855e-08
2223 8.39262e-08
2224 2.72289e-08
2225 9.95119e-09
2226 3.66107e-09
2227 1.48597e-09
2228 5.20148e-10
2229 1.95459e-10
2230 9.50919e-11
2231 6.07603e-11
2232 2.03668e-10
2233 1.49848e-06
2234 5.53095e-07
2235 2.03472e-07
2236 7.48566e-08
2237 2.75455e-08
2238 1.0132e-08
2239 1.47525e-06
2240 2.27471e-07
2241 8.37489e-08
2242 3.08781e-08
2243 4.01136e-06
2244 7.82722e-09
2245 2.87951e-09
2246 1.47251e-06
2247 1.09296e-06
2248 6.01319e-07
2249 1.47959e-07
2250 1.00767e-07
2251 3.70945e-08
2252 1.36463e-08
2253 2.05513e-07
2254 7.51767e-08
2255 2.76409e-08
2256 1.51546e-08
2257 5.08143e-09
2258 3.20216e-09
2259 8.43557e-08
2260 3.10418e-08
2261 4.0101e-06
2262 5.47523e-06
2263 2.02414e-06
2264 5.46481e-07
2265 2.02199e-07
2266 7.39683e-08
2267 1.99408e-07
2268 7.35402e-08
2269 3.07013e-08
2270 1.127e-08
2271 4.2619e-09
2272 3.82529e-08
2273 1.40726e-08
2274 8.8245e-09
2275 3.51889e-09
2276 1.27117e-09
2277 1.99611e-07
2278 1.68922e-10
2279 2.43804e-10
2280 5.92528e-10
2281 2.1791e-10
2282 1.47161e-06
2283 1.99179e-07
2284 7.32743e-08
2285 2.69572e-08
2286 9.91715e-09
2287 3.64838e-09
2288 1.40897e-09
2289 5.18323e-10
2290 1.94007e-10
2291 1.41212e-09
2292 5.20722e-10
2293 5.41532e-07
2294 1.99216e-07
2295 7.32874e-08
2296 2.69614e-08
2297 9.91837e-09
2298 3.64883e-09
2299 1.34231e-09
2300 9.87448e-10
2301 3.63262e-10
2302 1.47549e-09
2303 5.44536e-10
2304 2.01547e-10
2305 1.47152e-06
2306 3.6505e-09
2307 5.42709e-07
2308 1.84837e-09
2309 2.03476e-07
2310 7.48581e-08
2311 2.77204e-08
2312 1.01978e-08
2313 7.37449e-09
2314 2.71416e-09
2315 4.65508e-09
2316 1.77931e-09
2317 1.99645e-09
2318 2.07708e-09
2319 5.82522e-10
2320 3.95928e-10
2321 7.88155e-11
2322 4.41816e-12
2323 1.79922e-12
2324 6.76448e-13
2325 6.1964e-14
2326 2.01443e-13
2327 4.00365e-06
2328 1.47286e-06
2329 5.41835e-07
2330 2.72592e-07
2331 1.00214e-07
2332 3.71153e-08
2333 1.48515e-06
2334 8.63694e-09
2335 3.22653e-09
2336 1.47277e-06
2337 5.41802e-07
2338 1.99242e-07
2339 7.33062e-08
2340 5.41382e-07
2341 1.99163e-07
2342 7.3268e-08
2343 2.69538e-08
2344 9.91575e-09
2345 2.73326e-13
2346 1.14853e-13
2347 5.75516e-08
2348 1.49046e-08
2349 1.40562e-08
2350 2.86655e-09
2351 1.97079e-09
2352 4.00435e-06
2353 1.4733e-06
2354 5.42423e-07
2355 3.98695e-07
2356 1.4719e-07
2357 2.53296e-07
2358 1.03052e-07
2359 3.79142e-08
2360 3.09846e-08
2361 1.13986e-08
2362 2.40328e-08
2363 8.84118e-09
2364 1.97743e-09
2365 2.06933e-09
2366 7.52221e-10
2367 2.76891e-10
2368 1.93693e-09
2369 7.79356e-10
2370 2.8671e-10
2371 1.05475e-10
2372 3.8802e-11
2373 1.55063e-11
2374 8.15278e-12
2375 2.57118e-12
2376 9.91593e-09
2377 3.64842e-09
2378 1.34218e-09
2379 4.93761e-10
2380 1.82069e-10
2381 6.69826e-11
2382 5.41867e-07
2383 1.99342e-07
2384 7.33338e-08
2385 2.70271e-08
2386 8.32085e-08
2387 3.65491e-09
2388 2.82964e-08
2389 9.88301e-10
2390 3.63585e-10
2391 1.47172e-06
2392 5.51307e-07
2393 2.04172e-07
2394 7.46168e-08
2395 9.94293e-10
2396 3.6458e-10
2397 2.02317e-10
2398 1.99404e-07
2399 8.32639e-08
2400 5.68334e-07
2401 3.0611e-08
2402 1.26063e-08
2403 4.63759e-09
2404 1.5245e-09
2405 1.99891e-07
2406 7.34691e-08
2407 2.70277e-08
2408 9.94293e-09
2409 3.65783e-09
2410 1.34564e-09
2411 6.15166e-07
2412 7.67651e-07
2413 2.82428e-07
2414 1.03899e-07
2415 3.82189e-08
2416 1.406e-08
2417 5.1757e-09
2418 2.39645e-09
2419 1.0615e-08
2420 4.08665e-09
2421 1.50339e-09
2422 7.35118e-10
2423 2.73761e-10
2424 3.40697e-11
2425 6.90978e-11
2426 7.32927e-08
2427 2.69629e-08
2428 9.91911e-09
2429 5.01423e-09
2430 2.02618e-09
2431 7.52328e-10
2432 2.8936e-10
2433 1.05226e-10
2434 4.89754e-11
2435 7.31217e-09
2436 2.69332e-09
2437 2.79426e-08
2438 1.02795e-08
2439 4.27526e-09
2440 1.57611e-09
2441 5.79828e-10
2442 1.8963e-10
2443 1.47159e-06
2444 5.41367e-07
2445 1.99183e-07
2446 7.32755e-08
2447 2.69811e-08
2448 9.91554e-09
2449 3.64901e-09
2450 4.98948e-09
2451 2.00984e-07
2452 7.41225e-08
2453 5.42213e-08
2454 2.09247e-07
2455 7.83193e-08
2456 2.74671e-08
2457 2.05223e-08
2458 9.07331e-09
2459 7.604e-08
2460 2.79735e-08
2461 3.77364e-08
2462 1.37676e-08
2463 5.06485e-09
2464 2.04607e-09
2465 7.49224e-10
2466 2.77814e-10
2467 1.9925e-07
2468 7.3367e-08
2469 2.69906e-08
2470 9.92931e-09
2471 1.35678e-08
2472 5.46332e-07
2473 2.00985e-07
2474 8.12343e-08
2475 3.0381e-08
2476 1.11753e-08
2477 7.69234e-09
2478 2.83131e-09
2479 1.04162e-09
2480 5.64814e-10
2481 2.09015e-10
2482 7.81161e-11
2483 5.41437e-07
2484 1.9918e-07
2485 1.00284e-07
2486 3.69694e-08
2487 1.35965e-08
2488 5.00207e-09
2489 2.02221e-09
2490 5.95947e-10
2491 2.43875e-10
2492 8.97134e-11
2493 1.21068e-10
2494 1.99617e-11
2495 7.34353e-12
2496 4.14387e-09
2497 2.84762e-08
2498 1.04849e-08
2499 2.03006e-07
2500 1.41342e-09
2501 5.19969e-10
2502 1.01104e-08
2503 3.72845e-09
2504 1.86238e-09
2505 7.39477e-08
2506 4.33654e-10
2507 1.5951e-10
2508 5.39623e-08
2509 1.01125e-08
2510 3.75379e-09
2511 1.40552e-09
2512 5.18308e-10
2513 5.74901e-12
2514 1.00975e-08
2515 4.20947e-09
2516 2.86833e-08
2517 5.69713e-10
2518 3.86044e-09
2519 1.13344e-08
2520 4.1697e-09
2521 1.53562e-09
2522 7.10966e-11
2523 3.69845e-09
2524 1.54264e-09
2525 1.91181e-09
2526 9.08971e-10
2527 4.01658e-10
2528 1.48212e-10
2529 5.46886e-11
2530 9.93513e-09
2531 7.40226e-12
2532 2.66263e-12
2533 1.03747e-12
2534 3.88143e-13
2535 9.91515e-09
2536 3.64758e-09
2537 1.34189e-09
2538 9.87295e-10
2539 5.44805e-10
2540 1.33678e-10
2541 1.83221e-10
2542 1.3421e-10
2543 4.93732e-11
2544 1.81638e-11
2545 6.71274e-12
2546 5.63304e-12
2547 2.07269e-12
2548 1.82301e-10
2549 6.70649e-11
2550 2.47327e-11
2551 5.73364e-14
2552 9.06242e-12
2553 3.33276e-12
2554 5.41346e-07
2555 1.99149e-07
2556 1.39273e-12
2557 5.12246e-13
2558 7.32627e-08
2559 7.33294e-08
2560 1.49899e-06
2561 1.11957e-06
2562 4.01951e-07
2563 1.47869e-07
2564 5.43981e-08
2565 2.05056e-08
2566 7.54376e-09
2567 6.42272e-09
2568 2.3628e-09
2569 4.00038e-06
2570 3.20228e-10
2571 1.47164e-06
2572 5.41451e-07
2573 1.9918e-07
2574 4.07346e-06
2575 1.49854e-06
2576 5.51351e-07
2577 2.03391e-07
2578 7.5317e-08
2579 2.77043e-08
2580 2.01069e-08
2581 7.37232e-09
2582 1.26271e-08
2583 4.6543e-09
2584 7.49748e-08
2585 3.75057e-08
2586 1.01501e-08
2587 3.73401e-09
2588 7.2979e-12
2589 2.68587e-12
2590 9.88084e-13
2591 3.9006e-13
2592 8.2766e-14
2593 7.32626e-08
2594 4.93816e-10
2595 7.35113e-08
2596 2.70445e-08
2597 2.36049e-07
2598 3.65992e-09
2599 6.25865e-07
2600 2.30245e-07
2601 8.47274e-08
2602 3.11604e-08
2603 2.13795e-08
2604 4.21756e-09
2605 1.14632e-08
2606 5.55894e-09
2607 5.69255e-09
2608 2.09417e-09
2609 2.7676e-10
2610 3.72477e-09
2611 7.46328e-08
2612 2.74559e-08
2613 1.01005e-08
2614 2.76645e-07
2615 2.85094e-08
2616 2.09633e-07
2617 7.35389e-08
2618 7.33397e-08
2619 2.88167e-11
2620 4.00002e-06
2621 1.47153e-06
2622 5.41344e-07
2623 1.99151e-07
2624 1.00248e-07
2625 2.69894e-08
2626 9.93216e-09
2627 3.6521e-09
2628 1.12573e-08
2629 4.14256e-09
2630 5.84796e-09
2631 2.15132e-09
2632 7.91427e-10
2633 7.84767e-10
2634 2.88867e-10
2635 2.70581e-08
2636 9.95412e-09
2637 3.66191e-09
2638 1.34715e-09
2639 5.71891e-10
2640 6.79284e-10
2641 9.28634e-11
2642 3.68186e-09
2643 1.36352e-09
2644 6.83211e-10
2645 4.3294e-10
2646 4.00009e-06
2647 1.47222e-06
2648 5.41599e-07
2649 1.99243e-07
2650 2.70671e-11
2651 1.35181e-09
2652 3.66023e-09
2653 1.84056e-09
2654 7.39395e-08
2655 3.16065e-10
2656 2.7026e-08
2657 9.93327e-09
2658 3.72151e-09
2659 1.378e-09
2660 5.43188e-07
2661 6.88403e-10
2662 2.53197e-10
2663 2.74771e-10
2664 1.25848e-10
2665 5.53376e-11
2666 1.58082e-11
2667 1.54862e-06
2668 5.70198e-07
2669 2.09595e-07
2670 7.77811e-08
2671 2.8614e-08
2672 1.05019e-08
2673 7.71261e-08
2674 2.84399e-08
2675 1.04626e-08
2676 3.84893e-09
2677 2.75792e-09
2678 7.02522e-10
2679 2.58443e-10
2680 5.88778e-10
2681 2.69868e-08
2682 1.28674e-11
2683 4.56807e-12
2684 4.55647e-12
2685 1.83276e-10
2686 9.20006e-11
2687 3.38449e-11
2688 1.2451e-11
2689 1.8618e-10
2690 7.51449e-11
2691 2.51971e-11
2692 1.16558e-11
2693 1.47161e-06
2694 5.4138e-07
2695 2.09079e-07
2696 7.33441e-08
2697 2.69818e-08
2698 9.92588e-09
2699 3.6482e-09
2700 1.48277e-06
2701 5.49651e-07
2702 2.02196e-07
2703 7.80405e-08
2704 2.87095e-08
2705 1.05616e-08
2706 5.45251e-07
2707 2.04225e-07
2708 7.51308e-08
2709 6.87285e-10
2710 2.56164e-10
2711 1.20038e-10
2712 5.41385e-07
2713 1.99165e-07
2714 7.32686e-08
2715 2.6963e-08
2716 4.14239e-12
2717 2.69521e-08
2718 9.91634e-09
2719 1.34279e-09
2720 4.9382e-10
2721 5.45171e-07
2722 1.99215e-07
2723 7.32884e-08
2724 2.6963e-08
2725 9.91941e-09
2726 1.35642e-08
2727 1.477e-06
2728 5.43177e-07
2729 7.41165e-07
2730 2.72659e-07
2731 6.41714e-07
2732 2.36073e-07
2733 8.68465e-08
2734 3.19491e-08
2735 1.17536e-08
2736 4.3239e-09
2737 2.08431e-09
2738 7.66776e-10
2739 3.74801e-09
2740 1.37898e-09
2741 5.07749e-10
2742 1.86793e-10
2743 6.87174e-11
2744 2.52839e-11
2745 9.30951e-12
2746 3.42175e-12
2747 2.69788e-08
2748 9.92513e-09
2749 3.65125e-09
2750 1.34322e-09
2751 4.94122e-10
2752 2.06354e-10
2753 7.83607e-11
2754 2.88277e-11
2755 4.00384e-06
2756 1.47286e-06
2757 1.47152e-06
2758 5.41345e-07
2759 1.99216e-07
2760 7.32877e-08
2761 5.69644e-07
2762 2.82823e-07
2763 7.75899e-08
2764 2.85438e-08
2765 1.05007e-08
2766 5.20529e-09
2767 1.91492e-09
2768 7.04467e-10
2769 2.5922e-10
2770 9.49137e-11
2771 1.01721e-10
2772 1.28453e-11
2773 4.72559e-12
2774 4.00003e-06
2775 9.68199e-12
2776 1.67067e-06
2777 1.00215e-07
2778 3.68669e-08
2779 4.01356e-06
2780 2.01785e-06
2781 7.45009e-07
2782 2.73407e-07
2783 1.01075e-07
2784 2.72682e-08
2785 1.0056e-08
2786 7.52852e-09
2787 3.12946e-09
2788 1.49275e-06
2789 4.16621e-09
2790 3.85844e-08
2791 1.77717e-08
2792 5.18574e-09
2793 1.91677e-09
2794 7.05143e-10
2795 1.42e-09
2796 3.23022e-09
2797 2.71549e-09
2798 1.25403e-09
2799 5.31474e-10
2800 1.28239e-10
2801 3.9809e-11
2802 1.99345e-07
2803 7.33347e-08
2804 2.70288e-08
2805 9.94332e-09
2806 3.66699e-09
2807 9.60224e-12
2808 7.33324e-08
2809 1.00421e-07
2810 3.69558e-08
2811 1.36621e-08
2812 5.02594e-09
2813 1.84911e-09
2814 1.86612e-10
2815 6.86538e-11
2816 2.53218e-11
2817 1.35117e-09
2818 4.14454e-09
2819 1.34315e-09
2820 4.94118e-10
2821 2.71336e-08
2822 6.8156e-11
2823 1.48164e-06
2824 3.65675e-09
2825 1.90586e-09
2826 2.00343e-07
2827 7.37023e-08
2828 2.71382e-08
2829 9.98687e-09
2830 3.67447e-09
2831 4.99913e-09
2832 1.83908e-09
2833 4.94959e-10
2834 1.85433e-10
2835 6.82086e-11
2836 9.18974e-11
2837 5.41375e-07
2838 1.35568e-09
2839 1.99892e-07
2840 1.01953e-08
2841 4.24427e-09
2842 1.12702e-08
2843 4.14609e-09
2844 1.71306e-09
2845 6.30201e-10
2846 2.31924e-10
2847 8.53315e-11
2848 3.51679e-11
2849 7.97444e-11
2850 2.93363e-11
2851 4.00001e-06
2852 1.4717e-06
2853 5.41475e-07
2854 1.99199e-07
2855 7.33071e-08
2856 2.69677e-08
2857 9.98768e-09
2858 5.45016e-07
2859 7.41843e-07
2860 3.46167e-07
2861 1.34643e-07
2862 4.95324e-08
2863 5.49648e-07
2864 2.02208e-07
2865 2.00274e-07
2866 1.46939e-07
2867 1.00367e-07
2868 3.69319e-08
2869 1.48645e-06
2870 5.46833e-07
2871 2.01169e-07
2872 8.3921e-08
2873 3.45205e-08
2874 4.02261e-06
2875 8.31937e-09
2876 3.06053e-09
2877 1.1259e-09
2878 4.1422e-10
2879 1.00674e-08
2880 4.19723e-09
2881 1.54407e-09
2882 6.01651e-10
2883 3.93893e-10
2884 4.02777e-06
2885 2.95323e-06
2886 1.08643e-06
2887 3.99685e-07
2888 7.51118e-08
2889 1.91289e-10
2890 7.51684e-08
2891 2.74713e-08
2892 3.72395e-08
2893 1.3566e-08
2894 1.47658e-06
2895 5.43205e-07
2896 1.67088e-06
2897 4.88709e-06
2898 1.79787e-06
2899 6.61391e-07
2900 2.43313e-07
2901 8.86618e-08
2902 6.94836e-08
2903 2.32559e-08
2904 8.55538e-09
2905 4.556e-09
2906 1.67606e-09
2907 4.34989e-10
2908 7.34227e-08
2909 5.78341e-07
2910 2.12784e-07
2911 8.24235e-08
2912 2.898e-08
2913 1.06612e-08
2914 1.40187e-08
2915 6.50026e-09
2916 2.36674e-09
2917 8.70674e-10
2918 2.53662e-10
2919 9.3706e-11
2920 5.41442e-07
2921 1.99367e-07
2922 7.33433e-08
2923 2.70482e-08
2924 9.92929e-09
2925 1.49096e-08
2926 5.17297e-09
2927 1.90303e-09
2928 7.01314e-10
2929 2.58e-10
2930 9.50807e-11
2931 3.51439e-11
2932 1.29507e-11
2933 7.15714e-11
2934 5.41367e-07
2935 2.2611e-07
2936 9.30961e-08
2937 3.07823e-08
2938 1.135e-08
2939 4.2e-09
2940 2.04228e-09
2941 4.39876e-09
2942 1.73466e-09
2943 1.44508e-10
2944 2.83917e-10
2945 5.88984e-10
2946 2.25777e-10
2947 5.76759e-10
2948 2.12178e-10
2949 7.76057e-11
2950 5.22189e-10
2951 1.90879e-10
2952 2.8297e-08
2953 8.38541e-08
2954 3.08499e-08
2955 1.1349e-08
2956 4.24188e-09
2957 1.56051e-09
2958 1.04891e-08
2959 3.85872e-09
2960 2.40805e-09
2961 8.85871e-10
2962 3.50479e-10
2963 7.33583e-08
2964 5.39479e-08
2965 1.98713e-08
2966 7.31026e-09
2967 2.75937e-09
2968 1.01511e-09
2969 3.73605e-10
2970 1.37298e-10
2971 5.05699e-11
2972 1.86037e-11
2973 3.65105e-09
2974 1.34317e-09
2975 1.99642e-07
2976 7.34444e-08
2977 2.70187e-08
2978 9.96419e-09
2979 3.66562e-09
2980 1.37641e-09
2981 4.97312e-10
2982 1.82951e-10
2983 7.63457e-11
2984 2.82515e-11
2985 1.99652e-07
2986 7.34604e-08
2987 2.70277e-08
2988 1.12837e-08
2989 4.15228e-09
2990 5.17468e-09
2991 1.90413e-09
2992 7.01715e-10
2993 2.57531e-10
2994 5.41412e-07
2995 2.26126e-07
2996 8.31871e-08
2997 3.06045e-08
2998 1.48642e-06
2999 5.50539e-07
3000 2.02038e-07
3001 7.48194e-08
3002 2.73857e-08
3003 1.00746e-08
3004 3.69722e-09
3005 1.82832e-11
3006 1.60602e-09
3007 5.33115e-10
3008 1.87081e-10
3009 9.98383e-09
3010 4.00003e-06
3011 1.47159e-06
3012 5.41342e-07
3013 2.02796e-07
3014 7.32906e-08
3015 2.70022e-08
3016 1.48146e-06
3017 5.44996e-07
3018 2.00501e-07
3019 7.37601e-08
3020 2.71382e-08
3021 9.98236e-09
3022 3.67688e-09
3023 1.376e-09
3024 1.26006e-11
3025 4.98275e-10
3026 1.52638e-09
3027 1.13846e-12
3028 4.94061e-10
3029 1.81716e-10
3030 9.14268e-11
3031 3.48801e-11
3032 5.06929e-10
3033 1.87712e-10
3034 6.90555e-11
3035 2.70441e-08
3036 9.9334e-09
3037 3.67893e-09
3038 1.34436e-09
3039 5.70411e-10
3040 7.03482e-10
3041 4.74014e-10
3042 1.7438e-10
3043 6.29498e-11
3044 2.31583e-11
3045 9.74308e-12
3046 3.58427e-12
3047 4.94958e-10
3048 1.82062e-10
3049 6.71426e-11
3050 2.48437e-11
3051 1.47153e-06
3052 5.41344e-07
3053 1.99152e-07
3054 7.3265e-08
3055 2.69522e-08
3056 9.91518e-09
3057 4.14123e-09
3058 1.52346e-09
3059 5.60448e-10
3060 5.18277e-10
3061 1.90664e-10
3062 7.01412e-11
3063 2.58035e-11
3064 9.49258e-12
3065 3.6867e-08
3066 1.3563e-08
3067 4.98957e-09
3068 4.93708e-10
3069 1.81622e-10
3070 7.36969e-11
3071 2.5888e-11
3072 1.07473e-11
3073 3.95354e-12
3074 1.45473e-12
3075 5.57521e-13
3076 2.0508e-13
3077 7.66161e-14
3078 1.00966e-08
3079 3.71435e-09
3080 1.36643e-09
3081 1.04177e-08
3082 3.83245e-09
3083 7.58483e-11
3084 2.79032e-11
3085 1.99159e-07
3086 7.32663e-08
3087 2.69544e-08
3088 9.91599e-09
3089 3.64789e-09
3090 1.34366e-09
3091 4.94365e-10
3092 1.81844e-10
3093 6.69416e-11
3094 1.36648e-09
3095 5.02691e-10
3096 1.8493e-10
3097 9.26117e-11
3098 5.41384e-07
3099 1.99654e-07
3100 7.34488e-08
3101 2.70236e-08
3102 9.94143e-09
3103 3.83886e-09
3104 1.34543e-09
3105 9.89822e-10
3106 3.67484e-10
3107 1.3519e-10
3108 4.9734e-11
3109 4.40966e-11
3110 8.30286e-11
3111 3.05445e-11
3112 5.41357e-07
3113 3.03702e-11
3114 1.37795e-09
3115 4.19966e-06
3116 1.4717e-06
3117 5.4141e-07
3118 1.99177e-07
3119 7.32977e-08
3120 1.27179e-07
3121 2.11766e-08
3122 7.79045e-09
3123 2.86595e-09
3124 1.23592e-09
3125 2.74064e-08
3126 3.8148e-09
3127 6.27539e-11
3128 7.82841e-08
3129 2.83055e-08
3130 1.17549e-08
3131 4.32431e-09
3132 1.59083e-09
3133 1.05003e-08
3134 3.86283e-09
3135 2.00571e-07
3136 1.47049e-07
3137 2.69627e-08
3138 9.9192e-09
3139 3.65811e-09
3140 1.34574e-09
3141 2.26595e-07
3142 6.24916e-07
3143 2.29894e-07
3144 6.25939e-07
3145 2.311e-07
3146 6.25864e-07
3147 2.30802e-07
3148 8.54009e-08
3149 4.46668e-09
3150 1.65224e-09
3151 2.75506e-08
3152 1.01353e-08
3153 3.72863e-09
3154 1.39626e-09
3155 1.04319e-08
3156 3.83724e-09
3157 1.47293e-06
3158 5.4186e-07
3159 1.99339e-07
3160 7.33419e-08
3161 2.69811e-08
3162 4.00993e-06
3163 1.47517e-06
3164 5.42695e-07
3165 1.99714e-07
3166 7.34708e-08
3167 2.70288e-08
3168 2.08461e-08
3169 3.73792e-10
3170 2.28891e-10
3171 3.70716e-09
3172 1.3643e-09
3173 5.26289e-10
3174 1.84578e-10
3175 1.99225e-07
3176 7.32928e-08
3177 2.69627e-08
3178 9.91904e-09
3179 3.64912e-09
3180 1.34237e-09
3181 1.90461e-13
3182 7.29535e-09
3183 2.68385e-09
3184 2.74455e-08
3185 1.00979e-08
3186 3.71434e-09
3187 1.39101e-09
3188 5.02704e-10
3189 6.87616e-10
3190 2.70231e-08
3191 9.94172e-09
3192 4.151e-09
3193 1.52707e-09
3194 5.61716e-10
3195 2.06647e-10
3196 7.60182e-11
3197 2.80265e-11
3198 9.08675e-12
3199 3.36524e-12
3200 1.238e-12
3201 4.55428e-13
3202 1.70577e-13
3203 3.38889e-12
3204 2.47031e-12
3205 3.64844e-09
3206 1.83582e-09
3207 5.66462e-09
3208 2.00739e-07
3209 7.38476e-08
3210 2.15227e-10
3211 2.7031e-08
3212 9.94416e-09
3213 3.65703e-09
3214 1.3454e-09
3215 4.94947e-10
3216 1.82081e-10
3217 9.15606e-11
3218 1.26022e-13
3219 2.46233e-11
3220 3.66563e-09
3221 1.34852e-09
3222 5.41837e-07
3223 1.99331e-07
3224 3.7145e-09
3225 1.36771e-09
3226 7.33384e-08
3227 2.74767e-08
3228 1.01081e-08
3229 7.10345e-11
3230 1.56408e-12
3231 1.08949e-12
3232 2.35353e-13
3233 2.52187e-13
3234 5.42915e-13
3235 3.64773e-09
3236 1.34192e-09
3237 4.93667e-10
3238 1.52346e-09
3239 5.60511e-10
3240 2.06201e-10
3241 1.74592e-13
3242 1.03291e-11
3243 1.3452e-09
3244 1.83672e-09
3245 1.82053e-10
3246 6.74237e-11
3247 2.4804e-11
3248 5.33687e-13
3249 7.59013e-11
3250 2.91379e-11
3251 5.04524e-10
3252 1.85543e-10
3253 5.41409e-07
3254 9.98568e-09
3255 3.70265e-09
3256 1.36207e-09
3257 5.01078e-10
3258 1.99331e-07
3259 7.33299e-08
3260 2.69779e-08
3261 9.92505e-09
3262 3.65122e-09
3263 2.00493e-07
3264 7.37567e-08
3265 2.71336e-08
3266 9.98191e-09
3267 4.34737e-09
3268 1.59976e-09
3269 5.97582e-10
3270 2.20004e-10
3271 8.09348e-11
3272 2.97518e-11
3273 3.65847e-09
3274 1.34589e-09
3275 1.48429e-12
3276 2.72954e-07
3277 2.263e-07
3278 8.32511e-08
3279 3.08072e-08
3280 8.45959e-08
3281 2.30271e-07
3282 1.14488e-08
3283 7.74748e-08
3284 2.85026e-08
3285 5.70067e-10
3286 2.10166e-10
3287 7.7368e-11
3288 2.84621e-11
3289 1.04789e-11
3290 4.00019e-06
3291 1.54485e-06
3292 5.41367e-07
3293 2.26109e-07
3294 7.32659e-08
3295 1.22713e-12
3296 4.73847e-13
3297 2.34777e-08
3298 5.7693e-07
3299 4.11389e-07
3300 1.51342e-07
3301 5.56759e-08
3302 5.62341e-07
3303 2.06877e-07
3304 7.61058e-08
3305 2.79978e-08
3306 1.02903e-08
3307 3.85288e-09
3308 1.91087e-09
3309 1.19598e-08
3310 4.39977e-09
3311 1.80019e-09
3312 6.72685e-10
3313 2.5819e-10
3314 9.1656e-11
3315 1.99182e-07
3316 7.32748e-08
3317 2.69558e-08
3318 9.91652e-09
3319 7.0745e-13
3320 3.60569e-12
3321 1.33258e-12
3322 4.94642e-10
3323 3.8295e-09
3324 5.05967e-09
3325 2.88131e-08
3326 2.18578e-08
3327 4.39552e-09
3328 2.7517e-10
3329 1.01229e-10
3330 3.7232e-11
3331 1.34651e-09
3332 5.0501e-10
3333 7.50922e-12
3334 9.91778e-09
3335 3.64807e-09
3336 1.34208e-09
3337 4.94172e-10
3338 4.00383e-06
3339 1.47293e-06
3340 5.41859e-07
3341 1.99406e-07
3342 7.32905e-08
3343 2.72105e-08
3344 9.94337e-09
3345 2.02806e-07
3346 7.46082e-08
3347 2.75171e-08
3348 1.37705e-08
3349 3.74862e-09
3350 1.37616e-09
3351 5.06096e-10
3352 1.86182e-10
3353 6.84928e-11
3354 2.51971e-11
3355 1.81827e-10
3356 7.59316e-11
3357 3.67546e-09
3358 1.35213e-09
3359 4.97751e-10
3360 1.82947e-10
3361 9.18792e-11
3362 3.38005e-11
3363 1.24345e-11
3364 4.5744e-12
3365 1.68586e-12
3366 6.20344e-13
3367 1.34185e-09
3368 4.93805e-10
3369 1.22063e-13
3370 4.49045e-14
3371 7.74745e-14
3372 2.96174e-14
3373 1.08955e-14
3374 4.54149e-13
3375 4.07326e-06
3376 6.18725e-14
3377 1.47152e-06
3378 5.68293e-07
3379 2.09063e-07
3380 1.03862e-07
3381 2.82937e-08
3382 1.04087e-08
3383 3.82913e-09
3384 1.47547e-09
3385 5.42793e-10
3386 3.36183e-11
3387 2.14702e-11
3388 7.92084e-12
3389 1.84514e-10
3390 9.98244e-09
3391 3.67278e-09
3392 1.12662e-08
3393 4.94955e-10
3394 1.82146e-10
3395 3.71784e-09
3396 1.36772e-09
3397 9.96794e-10
3398 3.667e-10
3399 1.34902e-10
3400 5.1324e-11
3401 1.88739e-11
3402 6.94329e-12
3403 5.41344e-07
3404 1.99216e-07
3405 7.32875e-08
3406 2.6961e-08
3407 9.91855e-09
3408 3.64883e-09
3409 1.34233e-09
3410 1.76181e-13
3411 7.60938e-14
3412 4.93667e-10
3413 1.8161e-10
3414 2.69518e-08
3415 9.91501e-09
3416 3.64753e-09
3417 1.34185e-09
3418 4.9364e-10
3419 1.816e-10
3420 1.35003e-10
3421 2.55382e-11
3422 9.22939e-12
3423 3.39834e-12
3424 1.25018e-12
3425 4.59912e-13
3426 1.69195e-13
3427 6.77985e-13
3428 7.69103e-08
3429 1.34193e-09
3430 4.93692e-10
3431 3.07809e-08
3432 1.15053e-08
3433 1.47627e-06
3434 5.4308e-07
3435 1.99797e-07
3436 1.99387e-07
3437 8.77873e-11
3438 1.10445e-11
3439 3.89735e-12
3440 7.32675e-08
3441 2.69522e-08
3442 9.91533e-09
3443 3.64765e-09
3444 1.34189e-09
3445 4.93647e-10
3446 1.81612e-10
3447 4.49825e-15
3448 2.40656e-14
3449 6.68158e-11
3450 2.46411e-11
3451 9.06586e-12
3452 7.3266e-08
3453 3.06006e-08
3454 1.14389e-08
3455 4.14135e-09
3456 1.59032e-09
3457 5.41902e-07
3458 2.03002e-07
3459 2.7382e-07
3460 1.00733e-07
3461 3.7082e-08
3462 1.36508e-08
3463 5.51425e-09
3464 2.21018e-09
3465 8.12632e-10
3466 3.48108e-10
3467 1.85829e-10
3468 7.74038e-11
3469 2.84835e-11
3470 9.9255e-09
3471 3.65016e-09
3472 1.34282e-09
3473 4.93995e-10
3474 1.82955e-10
3475 6.72973e-11
3476 2.47573e-11
3477 9.11596e-12
3478 3.96931e-12
3479 4.95099e-10
3480 1.73798e-12
3481 6.61777e-13
3482 1.81843e-10
3483 6.68964e-11
3484 5.41547e-07
3485 1.99157e-07
3486 7.32659e-08
3487 2.6953e-08
3488 9.91546e-09
3489 3.64769e-09
3490 1.83555e-09
3491 6.75261e-10
3492 2.48416e-10
3493 6.68103e-11
3494 3.36197e-11
3495 6.15215e-11
3496 2.30827e-11
3497 8.65723e-12
3498 5.62407e-10
3499 2.08122e-10
3500 7.65637e-11
3501 2.8161e-11
3502 1.03599e-11
3503 4.26956e-12
3504 3.6491e-09
3505 1.34244e-09
3506 1.99642e-07
3507 7.34442e-08
3508 1.94517e-13
3509 7.15587e-14
3510 1.99642e-07
3511 7.34442e-08
3512 5.39709e-08
3513 2.11966e-08
3514 7.7978e-09
3515 2.86865e-09
3516 1.05532e-09
3517 2.06627e-10
3518 4.00032e-06
3519 1.47164e-06
3520 5.41385e-07
3521 1.99346e-07
3522 7.33365e-08
3523 1.00242e-07
3524 2.36025e-07
3525 8.68288e-08
3526 3.19425e-08
3527 1.84503e-09
3528 6.75483e-10
3529 7.42533e-10
3530 2.73e-10
3531 1.70624e-10
3532 3.81702e-11
3533 2.96e-11
3534 1.07334e-11
3535 3.9482e-12
3536 1.41442e-12
3537 5.28406e-13
3538 1.81629e-10
3539 6.82066e-11
3540 2.51562e-11
3541 9.39747e-12
3542 1.24385e-11
3543 3.81025e-12
3544 4e-06
3545 4.77142e-13
3546 1.76649e-13
3547 6.50063e-14
3548 1.81789e-10
3549 6.81085e-11
3550 2.50785e-11
3551 9.22578e-12
3552 3.4549e-12
3553 4e-06
3554 1.47152e-06
3555 5.41341e-07
3556 1.99148e-07
3557 7.3263e-08
3558 5.39038e-08
3559 1.98969e-08
3560 7.29506e-09
3561 2.68371e-09
3562 9.87981e-10
3563 3.88035e-10
3564 1.4275e-10
3565 7.33151e-08
3566 2.69711e-08
3567 9.92499e-09
3568 3.64998e-09
3569 2.82945e-08
3570 9.8806e-10
3571 3.63487e-10
3572 1.33662e-10
3573 9.96463e-09
3574 3.66911e-09
3575 1.34979e-09
3576 7.37592e-08
3577 1.26536e-12
3578 4.88062e-13
3579 2.00433e-13
3580 2.69519e-08
3581 9.91503e-09
3582 3.64754e-09
3583 1.34185e-09
3584 5.60456e-10
3585 2.06177e-10
3586 7.58483e-11
3587 2.79147e-11
3588 1.02775e-11
3589 3.78088e-12
3590 1.39093e-12
3591 9.91552e-09
3592 3.64772e-09
3593 1.34192e-09
3594 4.93639e-10
3595 1.816e-10
3596 6.68292e-11
3597 6.14628e-07
3598 2.26109e-07
3599 8.68284e-08
3600 3.19424e-08
3601 1.83596e-09
3602 6.75414e-10
3603 2.4847e-10
3604 1.00448e-10
3605 3.81774e-11
3606 1.40561e-11
3607 5.17122e-12
3608 1.90224e-12
3609 2.49804e-13
3610 1.00293e-13
3611 3.69514e-14
3612 9.91502e-09
3613 3.64753e-09
3614 1.34518e-09
3615 4.93662e-10
3616 1.81608e-10
3617 6.68111e-11
3618 2.45871e-11
3619 1.02687e-11
3620 4.51547e-13
3621 1.66122e-13
3622 1.9915e-07
3623 7.3263e-08
3624 1.74286e-13
3625 6.69955e-14
3626 1.81602e-10
3627 2.70186e-08
3628 1.00064e-08
3629 3.68115e-09
3630 1.23757e-11
3631 7.15252e-11
3632 2.63126e-11
3633 9.67988e-12
3634 3.50011e-12
3635 1.28762e-12
3636 9.23832e-13
3637 3.39859e-13
3638 1.85947e-13
3639 6.84062e-14
3640 4.93664e-10
3641 1.81606e-10
3642 4.00007e-06
3643 1.49849e-06
3644 5.51265e-07
3645 2.02799e-07
3646 7.46056e-08
3647 2.74476e-08
3648 1.48162e-06
3649 5.45056e-07
3650 2.00516e-07
3651 5.03148e-10
3652 6.14789e-07
3653 1.99216e-07
3654 7.34692e-08
3655 2.70278e-08
3656 9.94297e-09
3657 3.65782e-09
3658 1.37021e-09
3659 5.04076e-10
3660 1.85442e-10
3661 6.8198e-11
3662 2.50886e-11
3663 9.22959e-12
3664 3.85374e-12
3665 4.74429e-12
3666 1.74518e-12
3667 2.6952e-08
3668 9.91508e-09
3669 3.64756e-09
3670 1.34186e-09
3671 1.8355e-09
3672 5.1867e-10
3673 1.47188e-06
3674 5.42826e-07
3675 1.99691e-07
3676 2.04255e-10
3677 7.51411e-11
3678 2.64192e-11
3679 9.72734e-12
3680 7.479e-08
3681 5.61928e-10
3682 3.08728e-08
3683 1.13575e-08
3684 4.17818e-09
3685 2.69854e-09
3686 1.17318e-09
3687 5.46548e-10
3688 7.34636e-08
3689 2.70012e-08
3690 9.95899e-09
3691 3.66371e-09
3692 1.34449e-09
3693 4.94158e-10
3694 1.81791e-10
3695 2.70187e-08
3696 9.93963e-09
3697 1.35716e-08
3698 7.69802e-08
3699 2.96617e-08
3700 1.09121e-08
3701 4.01434e-09
3702 1.48012e-09
3703 1.99693e-07
3704 2.00312e-10
3705 7.33379e-08
3706 2.69793e-08
3707 9.91626e-09
3708 3.64782e-09
3709 2.68398e-09
3710 9.87381e-10
3711 3.6326e-10
3712 6.689e-11
3713 2.50352e-11
3714 9.20882e-12
3715 1.34525e-09
3716 4.94893e-10
3717 4.60868e-13
3718 2.48576e-10
3719 6.27832e-14
3720 2.4843e-10
3721 1.82776e-10
3722 6.84631e-11
3723 2.51862e-11
3724 9.16079e-12
3725 3.37007e-12
3726 1.23153e-12
3727 2.87924e-13
3728 1.05929e-13
3729 3.89692e-14
3730 1.99148e-07
3731 7.32659e-08
3732 2.6953e-08
3733 1.48143e-06
3734 5.7194e-07
3735 1.13237e-08
3736 4.16575e-09
3737 1.53582e-09
3738 5.65163e-10
3739 2.07912e-10
3740 7.69366e-11
3741 2.81378e-11
3742 9.12782e-12
3743 3.35794e-12
3744 1.99516e-14
3745 4.30675e-15
3746 1.99148e-07
3747 5.82107e-16
3748 2.21663e-16
3749 1.22687e-12
3750 4.50171e-13
3751 4.93806e-10
3752 1.82885e-10
3753 9.98229e-09
3754 3.69686e-09
3755 1.35218e-09
3756 5.07726e-10
3757 6.80444e-10
3758 5.60687e-10
3759 3.49888e-11
3760 3.74515e-11
3761 2.2819e-11
3762 1.21709e-11
3763 1.84854e-10
3764 3.71555e-09
3765 1.36688e-09
3766 1.8447e-09
3767 6.78626e-10
3768 2.49652e-10
3769 9.1842e-11
3770 3.37868e-11
3771 3.65996e-09
3772 1.34765e-09
3773 1.99644e-07
3774 1.86934e-10
3775 4.00007e-06
3776 1.86984e-06
3777 7.61138e-07
3778 2.80501e-07
3779 9.32756e-08
3780 3.06666e-08
3781 1.12816e-08
3782 4.1503e-09
3783 1.52681e-09
3784 5.61682e-10
3785 2.06631e-10
3786 5.41417e-07
3787 1.99176e-07
3788 8.31879e-08
3789 3.06031e-08
3790 1.12673e-08
3791 1.40567e-08
3792 1.52364e-09
3793 4.20804e-09
3794 1.54806e-09
3795 3.65658e-09
3796 1.83549e-09
3797 6.99818e-10
3798 2.5745e-10
3799 9.47105e-11
3800 4.72099e-11
3801 1.73676e-11
3802 6.38922e-12
3803 4.9599e-10
3804 1.82464e-10
3805 6.7064e-11
3806 2.46715e-11
3807 9.13705e-12
3808 3.36134e-12
3809 1.0282e-11
3810 3.78255e-12
3811 3.65224e-09
3812 1.47152e-06
3813 5.41342e-07
3814 1.99149e-07
3815 7.46045e-08
3816 2.74455e-08
3817 1.00966e-08
3818 3.71433e-09
3819 1.36643e-09
3820 5.06007e-10
3821 1.86149e-10
3822 6.84806e-11
3823 2.52154e-11
3824 9.27102e-12
3825 3.41068e-12
3826 2.69531e-08
3827 4.89078e-13
3828 9.67456e-12
3829 3.61771e-12
3830 1.332e-12
3831 4.89606e-13
3832 7.69103e-08
3833 2.83028e-08
3834 1.04087e-08
3835 3.82961e-09
3836 1.59043e-09
3837 5.91741e-10
3838 2.16464e-10
3839 7.63078e-11
3840 2.09695e-10
3841 7.71423e-11
3842 3.80223e-12
3843 2.62237e-12
3844 1.34282e-09
3845 3.54901e-13
3846 9.91514e-09
3847 3.71438e-09
3848 1.36645e-09
3849 9.96326e-10
3850 3.66589e-10
3851 9.26302e-11
3852 1.02107e-10
3853 3.75631e-11
3854 1.38187e-11
3855 1.34694e-09
3856 5.41837e-07
3857 1.99331e-07
3858 7.33295e-08
3859 2.69776e-08
3860 9.99087e-09
3861 5.01819e-09
3862 1.83721e-09
3863 6.75872e-10
3864 2.57681e-10
3865 9.52681e-11
3866 3.4879e-11
3867 1.35468e-09
3868 4.99584e-10
3869 1.83787e-10
3870 8.12875e-13
3871 6.71058e-11
3872 2.0629e-10
3873 7.60471e-11
3874 3.39933e-12
3875 3.52336e-14
3876 5.41341e-07
3877 1.99148e-07
3878 7.32871e-08
3879 2.69609e-08
3880 9.91836e-09
3881 2.02797e-07
3882 7.46049e-08
3883 2.74456e-08
3884 1.00967e-08
3885 2.02863e-07
3886 7.51226e-08
3887 2.74545e-08
3888 1.00999e-08
3889 3.71556e-09
3890 1.54848e-09
3891 5.69654e-10
3892 2.79645e-11
3893 1.91888e-10
3894 7.05928e-11
3895 4.00003e-06
3896 1.47153e-06
3897 5.41345e-07
3898 2.09065e-07
3899 1.50355e-07
3900 5.53124e-08
3901 1.98546e-08
3902 7.79774e-09
3903 3.36233e-09
3904 1.23571e-09
3905 4.55815e-10
3906 1.67235e-10
3907 6.15223e-11
3908 7.4627e-08
3909 2.74538e-08
3910 1.0176e-08
3911 3.74343e-09
3912 1.37713e-09
3913 5.06663e-10
3914 4.76551e-12
3915 1.68397e-12
3916 9.91579e-09
3917 2.29167e-13
3918 3.6477e-09
3919 1.34193e-09
3920 4.93671e-10
3921 1.81671e-10
3922 6.68106e-11
3923 1.46537e-15
3924 2.45774e-11
3925 1.47287e-06
3926 5.41838e-07
3927 1.9915e-07
3928 7.3263e-08
3929 2.261e-07
3930 8.36713e-08
3931 3.07809e-08
3932 8.82338e-08
3933 2.31608e-07
3934 6.26545e-07
3935 2.30493e-07
3936 8.48604e-08
3937 3.12186e-08
3938 1.01428e-08
3939 3.73131e-09
3940 2.71469e-09
3941 9.9868e-10
3942 2.73192e-08
3943 9.98329e-09
3944 3.67265e-09
3945 2.83029e-08
3946 5.41847e-07
3947 1.99334e-07
3948 1.54503e-06
3949 5.68318e-07
3950 2.09073e-07
3951 7.32661e-08
3952 2.70199e-08
3953 2.19003e-07
3954 7.30427e-09
3955 1.3453e-09
3956 4.94908e-10
3957 1.82075e-10
3958 6.69816e-11
3959 7.37949e-11
3960 2.14324e-11
3961 1.34974e-09
3962 2.90062e-12
3963 3.94322e-12
3964 1.05433e-09
3965 3.63741e-10
3966 4.19951e-06
3967 1.25075e-10
3968 7.4832e-08
3969 2.80228e-08
3970 1.0309e-08
3971 3.81705e-09
3972 1.39517e-09
3973 5.13256e-10
3974 1.88816e-10
3975 1.36268e-10
3976 3.69727e-09
3977 2.00508e-07
3978 7.3763e-08
3979 2.73175e-08
3980 1.00586e-08
3981 3.70157e-09
3982 1.36173e-09
3983 1.46532e-07
3984 5.44094e-08
3985 1.98345e-08
3986 7.29672e-09
3987 1.34369e-09
3988 1.83616e-09
3989 6.75487e-10
3990 2.48498e-10
3991 3.76353e-09
3992 1.35995e-09
3993 5.09338e-10
3994 1.52925e-09
3995 5.63803e-10
3996 2.06961e-10
3997 7.614e-11
3998 2.46842e-11
3999 1.24065e-11
4000 4.56107e-12
4001 1.67793e-12
4002 6.1727e-13
4003 2.28197e-13
4004 1.34238e-09
4005 1.81796e-10
4006 6.27325e-10
4007 2.30784e-10
4008 8.49008e-11
4009 3.12333e-11
4010 1.15512e-11
4011 4.24934e-12
4012 4.88941e-12
4013 1.79871e-12
4014 8.30398e-13
4015 3.27889e-13
4016 1.33641e-12
4017 5.22293e-13
4018 2.47803e-11
4019 1.24392e-11
4020 6.68127e-12
4021 1.23429e-12
4022 1.67753e-12
4023 1.3906e-12
4024 6.1475e-14
4025 4.96434e-13
4026 9.91518e-09
4027 3.64759e-09
4028 1.34187e-09
4029 4.93648e-10
4030 1.81606e-10
4031 6.68704e-11
4032 2.4578e-11
4033 1.90664e-10
4034 7.02987e-11
4035 2.91875e-11
4036 1.07375e-11
4037 9.91852e-09
4038 3.64927e-09
4039 1.34249e-09
4040 4.93875e-10
4041 1.82114e-10
4042 6.70267e-11
4043 2.46547e-11
4044 9.06692e-12
4045 3.39949e-12
4046 4.5767e-12
4047 1.23353e-12
4048 5.14712e-13
4049 1.89372e-13
4050 2.58731e-11
4051 9.51819e-12
4052 3.95433e-12
4053 5.41342e-07
4054 1.99149e-07
4055 7.32629e-08
4056 2.69519e-08
4057 1.12569e-08
4058 4.14118e-09
4059 1.52346e-09
4060 6.68175e-11
4061 5.18228e-10
4062 1.90646e-10
4063 7.05847e-11
4064 2.59671e-11
4065 5.03131e-10
4066 3.49226e-12
4067 1.28473e-12
4068 4.72627e-13
4069 1.74985e-13
4070 6.45272e-14
4071 8.46581e-14
4072 3.41566e-14
4073 1.90654e-10
4074 7.01375e-11
4075 2.58053e-11
4076 1.99158e-07
4077 7.3266e-08
4078 2.69764e-08
4079 9.06393e-12
4080 3.33443e-12
4081 1.22667e-12
4082 3.64798e-09
4083 1.34202e-09
4084 4.937e-10
4085 1.81622e-10
4086 6.68151e-11
4087 1.2876e-12
4088 4.73687e-13
4089 9.15579e-11
4090 3.68121e-09
4091 1.12693e-08
4092 4.14573e-09
4093 1.52513e-09
4094 5.61064e-10
4095 2.06854e-10
4096 7.33387e-08
4097 2.70504e-08
4098 9.95111e-09
4099 3.65192e-09
4100 1.34324e-09
4101 4.94151e-10
4102 1.81849e-10
4103 6.6937e-11
4104 4.92631e-11
4105 2.7164e-11
4106 9.9934e-12
4107 7.04832e-11
4108 2.59293e-11
4109 9.37327e-12
4110 5.41345e-07
4111 1.99153e-07
4112 7.32733e-08
4113 2.69557e-08
4114 9.91525e-09
4115 3.64762e-09
4116 1.25721e-12
4117 1.34231e-09
4118 4.93809e-10
4119 1.52351e-09
4120 5.60919e-10
4121 2.06354e-10
4122 7.59133e-11
4123 2.79269e-11
4124 1.02824e-11
4125 5.00608e-12
4126 2.69536e-08
4127 9.91569e-09
4128 3.649e-09
4129 1.34578e-09
4130 4.95076e-10
4131 1.52398e-09
4132 6.70013e-11
4133 5.18296e-10
4134 1.9067e-10
4135 1.47152e-06
4136 5.41342e-07
4137 1.99216e-07
4138 7.32964e-08
4139 2.69614e-08
4140 9.91853e-09
4141 3.64882e-09
4142 1.34233e-09
4143 2.74456e-08
4144 1.81687e-10
4145 6.68388e-11
4146 2.45886e-11
4147 9.04565e-12
4148 7.01347e-11
4149 2.58011e-11
4150 9.65729e-12
4151 2.69553e-08
4152 9.9163e-09
4153 1.40567e-08
4154 1.9933e-07
4155 6.68708e-11
4156 1.36645e-09
4157 5.0275e-10
4158 1.84951e-10
4159 1.99216e-07
4160 7.33124e-08
4161 3.06176e-08
4162 9.92175e-09
4163 3.65001e-09
4164 1.34231e-09
4165 4.94259e-10
4166 1.81828e-10
4167 1.40874e-09
4168 5.18247e-10
4169 3.72252e-10
4170 1.36947e-10
4171 5.038e-11
4172 1.85338e-11
4173 6.8186e-12
4174 4e-06
4175 1.47152e-06
4176 5.51256e-07
4177 2.03808e-07
4178 8.48917e-08
4179 1.14407e-07
4180 1.37945e-08
4181 6.41612e-09
4182 1.86672e-09
4183 6.86728e-10
4184 2.7721e-10
4185 1.0198e-10
4186 3.70962e-09
4187 1.36137e-09
4188 5.00759e-10
4189 1.84222e-10
4190 6.82216e-11
4191 2.49317e-11
4192 9.17186e-12
4193 3.87093e-12
4194 1.42404e-12
4195 2.51616e-11
4196 9.2566e-12
4197 7.72815e-14
4198 5.08411e-14
4199 3.3478e-12
4200 1.23164e-12
4201 2.69522e-08
4202 9.91518e-09
4203 5.11486e-13
4204 2.68389e-09
4205 2.79392e-08
4206 2.01933e-08
4207 7.42868e-09
4208 2.73286e-09
4209 1.00536e-09
4210 3.69913e-10
4211 1.36083e-10
4212 5.05042e-11
4213 1.84221e-11
4214 3.1354e-11
4215 4.00019e-06
4216 1.47159e-06
4217 5.41366e-07
4218 1.99182e-07
4219 7.37686e-08
4220 2.71346e-08
4221 1.00492e-08
4222 3.69685e-09
4223 1.36e-09
4224 5.00314e-10
4225 1.84055e-10
4226 6.77102e-11
4227 9.1716e-11
4228 3.70665e-11
4229 1.36361e-11
4230 4.66728e-13
4231 2.93539e-13
4232 4.82331e-12
4233 4.97516e-10
4234 1.83026e-10
4235 5.24629e-13
4236 1.93003e-13
4237 7.10018e-14
4238 2.61201e-14
4239 1.75206e-13
4240 3.5555e-15
4241 1.22491e-12
4242 4.50627e-13
4243 1.65791e-13
4244 6.09379e-14
4245 2.2828e-14
4246 8.39794e-15
4247 3.08957e-15
4248 9.04286e-12
4249 3.32668e-12
4250 1.22383e-12
4251 4.50218e-13
4252 3.64769e-09
4253 1.52351e-09
4254 1.40868e-09
4255 1.01186e-09
4256 3.72305e-10
4257 1.36963e-10
4258 5.0386e-11
4259 1.8536e-11
4260 7.3266e-08
4261 2.69531e-08
4262 9.91549e-09
4263 3.6477e-09
4264 1.34192e-09
4265 4.93663e-10
4266 1.81608e-10
4267 6.681e-11
4268 9.48766e-11
4269 3.49031e-11
4270 1.28402e-11
4271 7.21462e-11
4272 2.65441e-11
4273 9.76545e-12
4274 6.91821e-12
4275 6.93519e-11
4276 2.5063e-11
4277 2.69615e-08
4278 9.91857e-09
4279 8.64728e-09
4280 7.51019e-08
4281 2.76284e-08
4282 1.15057e-08
4283 7.70016e-08
4284 1.89381e-09
4285 2.76485e-08
4286 5.52003e-07
4287 2.0307e-07
4288 7.33636e-08
4289 4.02699e-06
4290 1.48145e-06
4291 7.44209e-07
4292 1.74533e-06
4293 1.0073e-07
4294 5.78396e-07
4295 2.12781e-07
4296 6.19619e-07
4297 2.32086e-07
4298 8.53798e-08
4299 2.77619e-08
4300 1.02144e-08
4301 3.75762e-09
4302 1.38235e-09
4303 1.99657e-07
4304 7.34492e-08
4305 2.70205e-08
4306 9.94027e-09
4307 3.83836e-09
4308 1.34541e-09
4309 4.9495e-10
4310 4.30947e-10
4311 2.25178e-10
4312 8.3454e-11
4313 3.07017e-11
4314 1.1295e-11
4315 4.1552e-12
4316 1.69427e-12
4317 9.43804e-12
4318 3.53315e-12
4319 2.58542e-11
4320 9.53474e-12
4321 3.69567e-12
4322 7.32639e-08
4323 4.76571e-13
4324 1.75377e-13
4325 5.41366e-07
4326 9.06506e-12
4327 3.39577e-12
4328 1.25227e-12
4329 4.52439e-13
4330 1.74687e-13
4331 7.25085e-14
4332 4.93663e-10
4333 1.90652e-10
4334 7.01371e-11
4335 2.5802e-11
4336 9.49202e-12
4337 3.49192e-12
4338 2.60271e-11
4339 7.63207e-11
4340 9.15575e-11
4341 3.70082e-11
4342 1.99159e-07
4343 3.78497e-12
4344 7.32638e-08
4345 2.69522e-08
4346 2.47426e-11
4347 1.24284e-11
4348 3.34855e-12
4349 4.96095e-10
4350 1.85829e-10
4351 6.82084e-11
4352 2.51048e-11
4353 9.20819e-12
4354 3.3875e-12
4355 5.41342e-07
4356 1.99149e-07
4357 1.46525e-07
4358 2.69519e-08
4359 1.983e-08
4360 3.42469e-08
4361 1.25987e-08
4362 4.63481e-09
4363 1.16201e-08
4364 4.27478e-09
4365 2.91446e-09
4366 1.07217e-09
4367 2.12829e-10
4368 8.77899e-11
4369 5.68954e-11
4370 2.02538e-10
4371 7.46752e-11
4372 3.06025e-12
4373 2.57057e-11
4374 9.45548e-12
4375 1.99219e-07
4376 7.32884e-08
4377 2.74549e-08
4378 9.91851e-09
4379 3.64882e-09
4380 1.34232e-09
4381 4.9714e-10
4382 1.82889e-10
4383 7.69774e-08
4384 2.83184e-08
4385 1.04178e-08
4386 3.83248e-09
4387 1.40989e-09
4388 1.04337e-08
4389 2.02987e-07
4390 7.46713e-08
4391 2.747e-08
4392 1.01057e-08
4393 3.71783e-09
4394 1.36774e-09
4395 5.03612e-10
4396 1.85269e-10
4397 6.81567e-11
4398 4.96507e-11
4399 5.11905e-10
4400 1.88482e-10
4401 7.26647e-11
4402 2.67318e-11
4403 1.03066e-11
4404 3.79167e-12
4405 1.56061e-12
4406 1.34236e-09
4407 4.9385e-10
4408 2.48484e-10
4409 1.1605e-10
4410 4.26924e-11
4411 1.57139e-11
4412 7.25876e-11
4413 2.67035e-11
4414 9.82327e-12
4415 3.61681e-12
4416 1.33399e-12
4417 6.73196e-11
4418 6.69924e-11
4419 2.48107e-11
4420 9.13039e-12
4421 3.80791e-12
4422 1.4007e-12
4423 2.06692e-10
4424 3.65676e-09
4425 1.34531e-09
4426 4.94912e-10
4427 1.82068e-10
4428 1.74534e-13
4429 6.68698e-11
4430 2.45994e-11
4431 9.05279e-12
4432 4.55521e-12
4433 1.67659e-12
4434 6.16934e-13
4435 1.69091e-13
4436 6.2205e-14
4437 9.06425e-12
4438 3.33455e-12
4439 2.6953e-08
4440 9.91548e-09
4441 1.73847e-13
4442 6.39649e-14
4443 2.46647e-11
4444 9.08175e-12
4445 3.32971e-12
4446 7.32638e-08
4447 2.69613e-08
4448 9.9185e-09
4449 3.64881e-09
4450 1.34238e-09
4451 2.65475e-13
4452 4.93737e-10
4453 1.81636e-10
4454 1.99215e-07
4455 7.32871e-08
4456 2.69608e-08
4457 1.0412e-08
4458 3.83036e-09
4459 1.40911e-09
4460 5.18383e-10
4461 1.90703e-10
4462 7.01556e-11
4463 2.58088e-11
4464 9.49452e-12
4465 3.49284e-12
4466 1.28494e-12
4467 4.80949e-13
4468 1.76931e-13
4469 6.50894e-14
4470 2.35422e-14
4471 1.99148e-07
4472 7.32626e-08
4473 2.69518e-08
4474 1.48143e-06
4475 5.44989e-07
4476 2.00557e-07
4477 7.37808e-08
4478 2.71425e-08
4479 1.1327e-08
4480 3.67334e-09
4481 1.12664e-08
4482 4.14473e-09
4483 1.52477e-09
4484 5.60924e-10
4485 2.06352e-10
4486 7.58517e-11
4487 2.69797e-08
4488 1.04189e-08
4489 3.84195e-09
4490 1.41337e-09
4491 2.63115e-11
4492 1.85552e-11
4493 5.67461e-10
4494 3.85622e-09
4495 1.41869e-09
4496 5.21801e-10
4497 1.92021e-10
4498 7.06181e-11
4499 9.15704e-11
4500 3.68124e-09
4501 1.36979e-09
4502 5.03917e-10
4503 2.18999e-10
4504 8.05651e-11
4505 3.67688e-09
4506 1.35265e-09
4507 4.05594e-12
4508 4.94957e-10
4509 1.82259e-10
4510 1.8144e-13
4511 6.68736e-11
4512 2.46706e-11
4513 5.4135e-07
4514 1.99152e-07
4515 7.3265e-08
4516 2.69527e-08
4517 9.91535e-09
4518 6.99966e-10
4519 2.57503e-10
4520 2.70477e-08
4521 3.69021e-08
4522 1.49174e-08
4523 4.98356e-10
4524 1.83335e-10
4525 1.40933e-09
4526 5.18277e-10
4527 1.90708e-10
4528 6.66873e-12
4529 6.92683e-11
4530 2.54794e-11
4531 7.60176e-11
4532 5.41411e-07
4533 1.99175e-07
4534 7.32635e-08
4535 2.74458e-08
4536 1.00967e-08
4537 2.02864e-07
4538 1.47901e-07
4539 5.44064e-08
4540 1.88315e-10
4541 9.98429e-09
4542 3.68205e-09
4543 1.35455e-09
4544 4.98251e-10
4545 1.83296e-10
4546 9.9825e-09
4547 3.67233e-09
4548 1.35098e-09
4549 4.97447e-10
4550 1.82838e-10
4551 6.72611e-11
4552 2.49322e-11
4553 9.23401e-12
4554 3.39706e-12
4555 1.91696e-13
4556 1.22977e-12
4557 4.52406e-13
4558 1.23683e-11
4559 4.5561e-12
4560 5.13405e-13
4561 1.88871e-13
4562 6.94818e-14
4563 1.47152e-06
4564 5.41341e-07
4565 2.0329e-07
4566 6.16127e-07
4567 2.26167e-07
4568 8.73433e-08
4569 3.21351e-08
4570 1.13282e-08
4571 5.19891e-10
4572 1.91257e-10
4573 5.63999e-10
4574 2.07484e-10
4575 7.6329e-11
4576 2.808e-11
4577 4.00001e-06
4578 1.47152e-06
4579 5.41343e-07
4580 1.99149e-07
4581 7.32628e-08
4582 3.05994e-08
4583 1.12569e-08
4584 7.78871e-09
4585 2.86531e-09
4586 1.05409e-09
4587 3.88227e-10
4588 9.99086e-09
4589 3.74241e-09
4590 1.37553e-09
4591 5.06029e-10
4592 2.10735e-10
4593 7.7525e-11
4594 2.85412e-11
4595 1.05081e-11
4596 7.32677e-08
4597 2.69537e-08
4598 9.91555e-09
4599 3.64818e-09
4600 1.34232e-09
4601 4.93807e-10
4602 1.82081e-10
4603 6.69921e-11
4604 2.4645e-11
4605 9.06639e-12
4606 3.33838e-12
4607 1.22812e-12
4608 4.5139e-13
4609 4.93805e-10
4610 1.81661e-10
4611 6.68902e-11
4612 1.99173e-07
4613 7.32716e-08
4614 2.69551e-08
4615 9.91623e-09
4616 3.64798e-09
4617 1.34202e-09
4618 5.18277e-10
4619 1.90663e-10
4620 7.15304e-11
4621 2.63146e-11
4622 7.69375e-11
4623 2.81381e-11
4624 9.13608e-12
4625 4e-06
4626 1.47152e-06
4627 5.41342e-07
4628 1.9915e-07
4629 7.32626e-08
4630 2.69518e-08
4631 9.91502e-09
4632 4.98945e-09
4633 1.34204e-09
4634 4.93709e-10
4635 1.81625e-10
4636 6.68173e-11
4637 2.45777e-11
4638 1.04423e-11
4639 3.32735e-12
4640 1.22406e-12
4641 9.00448e-13
4642 4.9397e-10
4643 1.81783e-10
4644 6.6874e-11
4645 2.50435e-11
4646 7.32718e-08
4647 2.69552e-08
4648 9.91671e-09
4649 3.64815e-09
4650 1.12571e-08
4651 1.40563e-08
4652 5.17103e-09
4653 1.90232e-09
4654 6.99827e-10
4655 5.41532e-07
4656 7.05846e-11
4657 2.5967e-11
4658 9.55286e-12
4659 3.6799e-12
4660 1.03951e-11
4661 1.67067e-06
4662 6.14605e-07
4663 2.36016e-07
4664 6.28166e-07
4665 4.23109e-06
4666 8.36713e-08
4667 2.84753e-08
4668 1.41231e-08
4669 5.19558e-09
4670 1.90231e-09
4671 1.04423e-08
4672 5.19239e-09
4673 1.91017e-09
4674 7.02714e-10
4675 3.90604e-09
4676 1.43695e-09
4677 5.28634e-10
4678 1.94473e-10
4679 7.15458e-11
4680 9.94133e-09
4681 3.65721e-09
4682 1.34542e-09
4683 1.17019e-09
4684 4.30489e-10
4685 9.15612e-11
4686 3.36805e-11
4687 1.46004e-10
4688 5.03859e-11
4689 1.89861e-11
4690 6.81897e-12
4691 3.14671e-12
4692 1.15761e-12
4693 4.25861e-13
4694 7.32627e-08
4695 2.83605e-08
4696 9.93961e-09
4697 3.65658e-09
4698 1.52678e-09
4699 5.61671e-10
4700 2.06178e-10
4701 7.62989e-11
4702 2.06342e-10
4703 5.39795e-08
4704 1.98579e-08
4705 7.30534e-09
4706 1.34563e-09
4707 4.95028e-10
4708 1.8205e-10
4709 6.69724e-11
4710 2.4646e-11
4711 9.12768e-12
4712 4.96997e-10
4713 1.82835e-10
4714 6.72614e-11
4715 2.47441e-11
4716 1.2429e-11
4717 4.57236e-12
4718 5.00819e-12
4719 1.84241e-12
4720 6.77785e-13
4721 2.50459e-13
4722 1.78789e-12
4723 1.91098e-13
4724 2.51055e-11
4725 5.02936e-10
4726 1.84996e-10
4727 6.80787e-11
4728 2.54867e-11
4729 9.21042e-12
4730 3.38832e-12
4731 1.2465e-12
4732 5.41366e-07
4733 2.01841e-07
4734 9.90675e-10
4735 3.64427e-10
4736 1.35311e-10
4737 4.97782e-11
4738 9.27944e-12
4739 4.97053e-10
4740 1.82856e-10
4741 7.33389e-08
4742 2.74733e-08
4743 1.01057e-08
4744 3.71766e-09
4745 1.36766e-09
4746 5.03134e-10
4747 1.86316e-10
4748 6.89313e-11
4749 2.53584e-11
4750 9.32883e-12
4751 3.4095e-12
4752 3.06741e-14
4753 3.36956e-14
4754 1.23959e-14
4755 3.64876e-09
4756 1.3423e-09
4757 4.93994e-10
4758 1.52358e-09
4759 5.60494e-10
4760 2.06186e-10
4761 7.58485e-11
4762 9.47182e-11
4763 3.48483e-11
4764 1.28189e-11
4765 4.71691e-12
4766 1.28552e-12
4767 2.50498e-11
4768 1.81777e-10
4769 7.59357e-11
4770 2.46079e-11
4771 1.3509e-09
4772 5.00298e-10
4773 7.32638e-08
4774 2.69524e-08
4775 1.48162e-06
4776 5.44992e-07
4777 2.00491e-07
4778 7.38233e-08
4779 2.71581e-08
4780 9.99109e-09
4781 3.67552e-09
4782 1.35215e-09
4783 9.91066e-10
4784 1.82993e-10
4785 6.74855e-11
4786 2.49932e-11
4787 9.1949e-12
4788 3.44356e-12
4789 1.27515e-12
4790 4.66067e-13
4791 9.21278e-12
4792 3.3892e-12
4793 4.94886e-10
4794 1.8206e-10
4795 6.69755e-11
4796 1.99148e-07
4797 7.32626e-08
4798 2.69764e-08
4799 9.92408e-09
4800 3.65086e-09
4801 1.40988e-09
4802 5.18668e-10
4803 1.90807e-10
4804 3.38708e-12
4805 6.8053e-11
4806 2.0786e-10
4807 7.64673e-11
4808 2.81312e-11
4809 1.03489e-11
4810 1.47152e-06
4811 5.41343e-07
4812 1.99149e-07
4813 7.32627e-08
4814 2.69519e-08
4815 9.91503e-09
4816 3.6476e-09
4817 2.59422e-14
4818 9.5436e-15
4819 3.51089e-15
4820 1.4717e-06
4821 5.41408e-07
4822 1.99173e-07
4823 7.37652e-08
4824 2.71367e-08
4825 1.13249e-08
4826 4.1662e-09
4827 5.41533e-07
4828 2.09134e-07
4829 7.69606e-08
4830 2.96541e-08
4831 9.94127e-10
4832 5.47319e-10
4833 4.0002e-06
4834 1.47159e-06
4835 6.14631e-07
4836 2.53062e-07
4837 7.3265e-08
4838 3.68677e-08
4839 1.35629e-08
4840 4.9895e-09
4841 1.17505e-08
4842 4.32278e-09
4843 1.59026e-09
4844 4.23255e-09
4845 1.73867e-09
4846 5.72814e-10
4847 1.01925e-08
4848 1.02099e-10
4849 3.71099e-11
4850 1.41032e-11
4851 1.34687e-09
4852 4.95205e-10
4853 1.47152e-06
4854 5.41523e-07
4855 1.99215e-07
4856 7.32872e-08
4857 1.00718e-07
4858 3.70522e-08
4859 1.3632e-08
4860 5.01494e-09
4861 1.84489e-09
4862 1.85059e-10
4863 6.80795e-11
4864 2.5106e-11
4865 9.23596e-12
4866 1.57656e-11
4867 5.79983e-12
4868 1.70591e-12
4869 1.8225e-10
4870 6.70459e-11
4871 2.46648e-11
4872 3.36725e-11
4873 1.23874e-11
4874 4.55692e-12
4875 1.6764e-12
4876 6.16712e-13
4877 2.26724e-13
4878 1.01647e-08
4879 4.00374e-06
4880 1.47287e-06
4881 5.41839e-07
4882 1.99356e-07
4883 7.33385e-08
4884 3.79887e-12
4885 2.70102e-08
4886 9.9365e-09
4887 3.65876e-09
4888 4.99351e-09
4889 1.90381e-09
4890 6.75797e-10
4891 2.48612e-10
4892 9.26828e-11
4893 3.41043e-11
4894 7.93531e-11
4895 2.91924e-11
4896 1.074e-11
4897 3.95061e-12
4898 1.45031e-12
4899 5.34102e-13
4900 1.96485e-13
4901 9.27768e-14
4902 6.69019e-11
4903 1.43327e-09
4904 2.45908e-11
4905 5.02689e-10
4906 2.79064e-11
4907 2.71252e-11
4908 1.12024e-11
4909 4.12125e-12
4910 1.83116e-10
4911 6.73645e-11
4912 2.4782e-11
4913 3.65664e-09
4914 1.34565e-09
4915 4.95037e-10
4916 1.81664e-10
4917 6.68685e-11
4918 4.00052e-06
4919 1.47171e-06
4920 5.41411e-07
4921 1.99175e-07
4922 7.32722e-08
4923 2.69553e-08
4924 3.68681e-08
4925 1.3563e-08
4926 4.99843e-09
4927 1.83882e-09
4928 6.76465e-10
4929 2.50081e-10
4930 9.19997e-11
4931 3.38478e-11
4932 1.3543e-09
4933 2.13209e-07
4934 5.17266e-09
4935 1.90337e-09
4936 7.0027e-10
4937 2.57615e-10
4938 1.36982e-09
4939 4.15146e-09
4940 1.34231e-09
4941 6.75574e-10
4942 1.81723e-10
4943 2.00916e-10
4944 4.9336e-11
4945 4.27235e-11
4946 1.90462e-11
4947 3.68061e-12
4948 1.9915e-07
4949 7.32631e-08
4950 2.6952e-08
4951 4.00992e-06
4952 1.47517e-06
4953 5.42683e-07
4954 2.26594e-07
4955 8.33592e-08
4956 3.06661e-08
4957 1.12814e-08
4958 3.65657e-09
4959 1.83882e-09
4960 6.76463e-10
4961 2.48857e-10
4962 9.15493e-11
4963 3.36791e-11
4964 1.23899e-11
4965 1.23186e-12
4966 4.5015e-13
4967 1.65601e-13
4968 6.10721e-14
4969 2.24116e-14
4970 8.30031e-15
4971 6.10697e-15
4972 6.6809e-11
4973 2.45777e-11
4974 9.04162e-12
4975 3.32617e-12
4976 1.34307e-09
4977 4.94089e-10
4978 1.81765e-10
4979 6.09199e-14
4980 2.24112e-14
4981 8.30017e-15
4982 3.05346e-15
4983 1.12332e-15
4984 4.16014e-16
4985 1.34185e-09
4986 4.93639e-10
4987 2.04376e-17
4988 7.51824e-18
4989 2.76581e-18
4990 1.01748e-18
4991 4.93639e-10
4992 1.816e-10
4993 5.0659e-20
4994 1.86364e-20
4995 6.85679e-21
4996 2.52216e-21
4997 9.27894e-22
4998 2.85731e-28
4999 0
