0.77 1 1 0 0 0 0
0.77 1 2.71828 0 0.0390244 0.0341345 0.0438489
0.77 1 7.38906 0 0.052597 0.0469079 0.0582861
0.77 1 20.0855 0 0.0642733 0.0581846 0.070529
0.77 1 54.5982 0 0.0721768 0.0657045 0.0788161
0.77 1 148.413 0 0.0758025 0.0691017 0.0825233
0.77 1 403.429 0 0.0785635 0.0716302 0.0853298
0.77 1 1096.63 0 0.0813245 0.0744527 0.0882779
0.77 1 2980.96 0 0.0828213 0.075868 0.0897627
0.77 1 8103.08 0 0.0849502 0.0777644 0.0921361
0.77 1 22026.5 0 0.0858149 0.078776 0.0929152
0.77 1 59874.1 0 0.0858149 0.0787305 0.0928337
0.77 1 162755 0 0.0858149 0.0787305 0.0928497
0.77 1 442413 0 0.0858149 0.0786945 0.0927883
