3 0 578.908
3 0.0001 542.382
3 0.0002 509.354
3 0.0003 479.422
3 0.0004 452.235
3 0.0005 427.486
3 0.0006 404.908
3 0.0007 384.264
3 0.0008 365.348
3 0.0009 347.98
3 0.001 331.998
3 0.0011 317.263
3 0.0012 303.649
3 0.0013 291.046
3 0.0014 279.358
3 0.0015 268.496
3 0.0016 258.384
3 0.0017 248.954
3 0.0018 240.144
3 0.0019 231.899
3 0.002 224.171
3 0.0021 216.915
3 0.0022 210.092
3 0.0023 203.667
3 0.0024 197.608
3 0.0025 191.886
3 0.0026 186.475
3 0.0027 181.351
3 0.0028 176.493
3 0.0029 171.882
3 0.003 167.5
3 0.0031 163.33
3 0.0032 159.358
3 0.0033 155.571
3 0.0034 151.957
3 0.0035 148.503
3 0.0036 145.201
3 0.0037 142.039
3 0.0038 139.011
3 0.0039 136.107
3 0.004 133.32
3 0.0041 130.643
3 0.0042 128.07
3 0.0043 125.596
3 0.0044 123.214
3 0.0045 120.919
3 0.0046 118.707
3 0.0047 116.574
3 0.0048 114.515
3 0.0049 112.527
3 0.005 110.606
3 0.0051 108.748
3 0.0052 106.952
3 0.0053 105.212
3 0.0054 103.528
3 0.0055 101.896
3 0.0056 100.314
3 0.0057 98.7803
3 0.0058 97.2918
3 0.0059 95.8468
3 0.006 94.4436
3 0.0061 93.0804
3 0.0062 91.7554
3 0.0063 90.467
3 0.0064 89.2138
3 0.0065 87.9944
3 0.0066 86.8074
3 0.0067 85.6514
3 0.0068 84.5254
3 0.0069 83.4282
3 0.007 82.3586
3 0.0071 81.3157
3 0.0072 80.2984
3 0.0073 79.3058
3 0.0074 78.3371
3 0.0075 77.3913
3 0.0076 76.4677
3 0.0077 75.5655
3 0.0078 74.684
3 0.0079 73.8224
3 0.008 72.9801
3 0.0081 72.1565
3 0.0082 71.3509
3 0.0083 70.5627
3 0.0084 69.7914
3 0.0085 69.0365
3 0.0086 68.2974
3 0.0087 67.5737
3 0.0088 66.8648
3 0.0089 66.1703
3 0.009 65.4898
3 0.0091 64.8228
3 0.0092 64.1691
3 0.0093 63.528
3 0.0094 62.8994
3 0.0095 62.2828
3 0.0096 61.678
3 0.0097 61.0845
3 0.0098 60.502
3 0.0099 59.9303
3 0.01 59.3691
3 0.0101 58.818
3 0.0102 58.2768
3 0.0103 57.7452
3 0.0104 57.223
3 0.0105 56.71
3 0.0106 56.2058
3 0.0107 55.7103
3 0.0108 55.2232
3 0.0109 54.7444
3 0.011 54.2736
3 0.0111 53.8106
3 0.0112 53.3552
3 0.0113 52.9073
3 0.0114 52.4666
3 0.0115 52.033
3 0.0116 51.6064
3 0.0117 51.1865
3 0.0118 50.7731
3 0.0119 50.3663
3 0.012 49.9657
3 0.0121 49.5712
3 0.0122 49.1828
3 0.0123 48.8002
3 0.0124 48.4234
3 0.0125 48.0521
3 0.0126 47.6864
3 0.0127 47.326
3 0.0128 46.9709
3 0.0129 46.6209
3 0.013 46.2759
3 0.0131 45.9358
3 0.0132 45.6006
3 0.0133 45.27
3 0.0134 44.9441
3 0.0135 44.6227
3 0.0136 44.3057
3 0.0137 43.9931
3 0.0138 43.6847
3 0.0139 43.3804
3 0.014 43.0802
3 0.0141 42.7841
3 0.0142 42.4918
3 0.0143 42.2034
3 0.0144 41.9187
3 0.0145 41.6378
3 0.0146 41.3604
3 0.0147 41.0866
3 0.0148 40.8163
3 0.0149 40.5494
3 0.015 40.2858
3 0.0151 40.0256
3 0.0152 39.7686
3 0.0153 39.5147
3 0.0154 39.2639
3 0.0155 39.0162
3 0.0156 38.7716
3 0.0157 38.5298
3 0.0158 38.2909
3 0.0159 38.0549
3 0.016 37.8217
3 0.0161 37.5912
3 0.0162 37.3634
3 0.0163 37.1383
3 0.0164 36.9158
3 0.0165 36.6958
3 0.0166 36.4783
3 0.0167 36.2633
3 0.0168 36.0507
3 0.0169 35.8405
3 0.017 35.6327
3 0.0171 35.4272
3 0.0172 35.2239
3 0.0173 35.0229
3 0.0174 34.8241
3 0.0175 34.6274
3 0.0176 34.4329
3 0.0177 34.2404
3 0.0178 34.05
3 0.0179 33.8617
3 0.018 33.6753
3 0.0181 33.4909
3 0.0182 33.3084
3 0.0183 33.1278
3 0.0184 32.9491
3 0.0185 32.7723
3 0.0186 32.5972
3 0.0187 32.424
3 0.0188 32.2525
3 0.0189 32.0827
3 0.019 31.9147
3 0.0191 31.7483
3 0.0192 31.5836
3 0.0193 31.4205
3 0.0194 31.2591
3 0.0195 31.0992
3 0.0196 30.9409
3 0.0197 30.7841
3 0.0198 30.6288
3 0.0199 30.475
3 0.02 30.3227
3 0.0201 30.1719
3 0.0202 30.0225
3 0.0203 29.8745
3 0.0204 29.7279
3 0.0205 29.5826
3 0.0206 29.4388
3 0.0207 29.2962
3 0.0208 29.155
3 0.0209 29.015
3 0.021 28.8764
3 0.0211 28.739
3 0.0212 28.6029
3 0.0213 28.4679
3 0.0214 28.3342
3 0.0215 28.2017
3 0.0216 28.0704
3 0.0217 27.9403
3 0.0218 27.8113
3 0.0219 27.6834
3 0.022 27.5566
3 0.0221 27.431
3 0.0222 27.3064
3 0.0223 27.1829
3 0.0224 27.0605
3 0.0225 26.9392
3 0.0226 26.8188
3 0.0227 26.6995
3 0.0228 26.5812
3 0.0229 26.4639
3 0.023 26.3476
3 0.0231 26.2323
3 0.0232 26.1179
3 0.0233 26.0044
3 0.0234 25.8919
3 0.0235 25.7804
3 0.0236 25.6697
3 0.0237 25.56
3 0.0238 25.4511
3 0.0239 25.3431
3 0.024 25.236
3 0.0241 25.1298
3 0.0242 25.0244
3 0.0243 24.9198
3 0.0244 24.8161
3 0.0245 24.7131
3 0.0246 24.611
3 0.0247 24.5097
3 0.0248 24.4092
3 0.0249 24.3095
3 0.025 24.2106
3 0.0251 24.1124
3 0.0252 24.0149
3 0.0253 23.9183
3 0.0254 23.8223
3 0.0255 23.7271
3 0.0256 23.6326
3 0.0257 23.5388
3 0.0258 23.4458
3 0.0259 23.3534
3 0.026 23.2617
3 0.0261 23.1707
3 0.0262 23.0804
3 0.0263 22.9907
3 0.0264 22.9017
3 0.0265 22.8134
3 0.0266 22.7257
3 0.0267 22.6386
3 0.0268 22.5522
3 0.0269 22.4664
3 0.027 22.3812
3 0.0271 22.2966
3 0.0272 22.2126
3 0.0273 22.1293
3 0.0274 22.0465
3 0.0275 21.9643
3 0.0276 21.8827
3 0.0277 21.8016
3 0.0278 21.7212
3 0.0279 21.6413
3 0.028 21.5619
3 0.0281 21.4831
3 0.0282 21.4049
3 0.0283 21.3272
3 0.0284 21.25
3 0.0285 21.1733
3 0.0286 21.0972
3 0.0287 21.0216
3 0.0288 20.9465
3 0.0289 20.8719
3 0.029 20.7978
3 0.0291 20.7242
3 0.0292 20.6511
3 0.0293 20.5785
3 0.0294 20.5063
3 0.0295 20.4347
3 0.0296 20.3635
3 0.0297 20.2928
3 0.0298 20.2226
3 0.0299 20.1528
3 0.03 20.0834
3 0.0301 20.0145
3 0.0302 19.9461
3 0.0303 19.8781
3 0.0304 19.8106
3 0.0305 19.7434
3 0.0306 19.6767
3 0.0307 19.6105
3 0.0308 19.5446
3 0.0309 19.4792
3 0.031 19.4142
3 0.0311 19.3496
3 0.0312 19.2854
3 0.0313 19.2216
3 0.0314 19.1582
3 0.0315 19.0951
3 0.0316 19.0325
3 0.0317 18.9703
3 0.0318 18.9085
3 0.0319 18.847
3 0.032 18.7859
3 0.0321 18.7252
3 0.0322 18.6648
3 0.0323 18.6049
3 0.0324 18.5452
3 0.0325 18.486
3 0.0326 18.4271
3 0.0327 18.3685
3 0.0328 18.3103
3 0.0329 18.2525
3 0.033 18.195
3 0.0331 18.1378
3 0.0332 18.081
3 0.0333 18.0245
3 0.0334 17.9683
3 0.0335 17.9125
3 0.0336 17.857
3 0.0337 17.8018
3 0.0338 17.747
3 0.0339 17.6924
3 0.034 17.6382
3 0.0341 17.5843
3 0.0342 17.5307
3 0.0343 17.4774
3 0.0344 17.4244
3 0.0345 17.3717
3 0.0346 17.3193
3 0.0347 17.2673
3 0.0348 17.2155
3 0.0349 17.164
3 0.035 17.1127
3 0.0351 17.0618
3 0.0352 17.0112
3 0.0353 16.9608
3 0.0354 16.9107
3 0.0355 16.8609
3 0.0356 16.8114
3 0.0357 16.7622
3 0.0358 16.7132
3 0.0359 16.6645
3 0.036 16.616
3 0.0361 16.5678
3 0.0362 16.5199
3 0.0363 16.4723
3 0.0364 16.4249
3 0.0365 16.3777
3 0.0366 16.3308
3 0.0367 16.2842
3 0.0368 16.2378
3 0.0369 16.1917
3 0.037 16.1458
3 0.0371 16.1001
3 0.0372 16.0547
3 0.0373 16.0095
3 0.0374 15.9646
3 0.0375 15.9199
3 0.0376 15.8755
3 0.0377 15.8312
3 0.0378 15.7872
3 0.0379 15.7435
3 0.038 15.6999
3 0.0381 15.6566
3 0.0382 15.6135
3 0.0383 15.5707
3 0.0384 15.528
3 0.0385 15.4856
3 0.0386 15.4434
3 0.0387 15.4014
3 0.0388 15.3596
3 0.0389 15.3181
3 0.039 15.2767
3 0.0391 15.2356
3 0.0392 15.1946
3 0.0393 15.1539
3 0.0394 15.1134
3 0.0395 15.073
3 0.0396 15.0329
3 0.0397 14.993
3 0.0398 14.9533
3 0.0399 14.9137
3 0.04 14.8744
3 0.0401 14.8353
3 0.0402 14.7963
3 0.0403 14.7576
3 0.0404 14.719
3 0.0405 14.6806
3 0.0406 14.6424
3 0.0407 14.6044
3 0.0408 14.5666
3 0.0409 14.529
3 0.041 14.4915
3 0.0411 14.4542
3 0.0412 14.4172
3 0.0413 14.3802
3 0.0414 14.3435
3 0.0415 14.3069
3 0.0416 14.2705
3 0.0417 14.2343
3 0.0418 14.1983
3 0.0419 14.1624
3 0.042 14.1267
3 0.0421 14.0912
3 0.0422 14.0558
3 0.0423 14.0206
3 0.0424 13.9856
3 0.0425 13.9507
3 0.0426 13.916
3 0.0427 13.8814
3 0.0428 13.847
3 0.0429 13.8128
3 0.043 13.7787
3 0.0431 13.7448
3 0.0432 13.7111
3 0.0433 13.6774
3 0.0434 13.644
3 0.0435 13.6107
3 0.0436 13.5775
3 0.0437 13.5446
3 0.0438 13.5117
3 0.0439 13.479
3 0.044 13.4465
3 0.0441 13.414
3 0.0442 13.3818
3 0.0443 13.3497
3 0.0444 13.3177
3 0.0445 13.2859
3 0.0446 13.2542
3 0.0447 13.2226
3 0.0448 13.1912
3 0.0449 13.16
3 0.045 13.1289
3 0.0451 13.0979
3 0.0452 13.067
3 0.0453 13.0363
3 0.0454 13.0057
3 0.0455 12.9753
3 0.0456 12.9449
3 0.0457 12.9148
3 0.0458 12.8847
3 0.0459 12.8548
3 0.046 12.825
3 0.0461 12.7953
3 0.0462 12.7658
3 0.0463 12.7364
3 0.0464 12.7071
3 0.0465 12.6779
3 0.0466 12.6489
3 0.0467 12.62
3 0.0468 12.5912
3 0.0469 12.5625
3 0.047 12.534
3 0.0471 12.5056
3 0.0472 12.4773
3 0.0473 12.4491
3 0.0474 12.421
3 0.0475 12.3931
3 0.0476 12.3652
3 0.0477 12.3375
3 0.0478 12.3099
3 0.0479 12.2824
3 0.048 12.2551
3 0.0481 12.2278
3 0.0482 12.2007
3 0.0483 12.1736
3 0.0484 12.1467
3 0.0485 12.1199
3 0.0486 12.0932
3 0.0487 12.0666
3 0.0488 12.0401
3 0.0489 12.0138
3 0.049 11.9875
3 0.0491 11.9613
3 0.0492 11.9353
3 0.0493 11.9093
3 0.0494 11.8835
3 0.0495 11.8578
3 0.0496 11.8321
3 0.0497 11.8066
3 0.0498 11.7812
3 0.0499 11.7558
3 0.05 11.7306
3 0.0501 11.7055
3 0.0502 11.6805
3 0.0503 11.6555
3 0.0504 11.6307
3 0.0505 11.606
3 0.0506 11.5813
3 0.0507 11.5568
3 0.0508 11.5324
3 0.0509 11.508
3 0.051 11.4838
3 0.0511 11.4596
3 0.0512 11.4356
3 0.0513 11.4116
3 0.0514 11.3877
3 0.0515 11.3639
3 0.0516 11.3403
3 0.0517 11.3167
3 0.0518 11.2932
3 0.0519 11.2697
3 0.052 11.2464
3 0.0521 11.2232
3 0.0522 11.2
3 0.0523 11.177
3 0.0524 11.154
3 0.0525 11.1311
3 0.0526 11.1083
3 0.0527 11.0856
3 0.0528 11.063
3 0.0529 11.0405
3 0.053 11.018
3 0.0531 10.9957
3 0.0532 10.9734
3 0.0533 10.9512
3 0.0534 10.9291
3 0.0535 10.907
3 0.0536 10.8851
3 0.0537 10.8632
3 0.0538 10.8414
3 0.0539 10.8197
3 0.054 10.7981
3 0.0541 10.7766
3 0.0542 10.7551
3 0.0543 10.7337
3 0.0544 10.7124
3 0.0545 10.6912
3 0.0546 10.67
3 0.0547 10.649
3 0.0548 10.628
3 0.0549 10.607
3 0.055 10.5862
3 0.0551 10.5654
3 0.0552 10.5447
3 0.0553 10.5241
3 0.0554 10.5036
3 0.0555 10.4831
3 0.0556 10.4627
3 0.0557 10.4424
3 0.0558 10.4221
3 0.0559 10.402
3 0.056 10.3819
3 0.0561 10.3618
3 0.0562 10.3419
3 0.0563 10.322
3 0.0564 10.3022
3 0.0565 10.2824
3 0.0566 10.2627
3 0.0567 10.2431
3 0.0568 10.2236
3 0.0569 10.2041
3 0.057 10.1847
3 0.0571 10.1654
3 0.0572 10.1461
3 0.0573 10.1269
3 0.0574 10.1078
3 0.0575 10.0887
3 0.0576 10.0697
3 0.0577 10.0508
3 0.0578 10.0319
3 0.0579 10.0131
3 0.058 9.99439
3 0.0581 9.97572
3 0.0582 9.95711
3 0.0583 9.93857
3 0.0584 9.92009
3 0.0585 9.90168
3 0.0586 9.88332
3 0.0587 9.86503
3 0.0588 9.84681
3 0.0589 9.82864
3 0.059 9.81054
3 0.0591 9.7925
3 0.0592 9.77452
3 0.0593 9.7566
3 0.0594 9.73874
3 0.0595 9.72095
3 0.0596 9.70321
3 0.0597 9.68553
3 0.0598 9.66791
3 0.0599 9.65035
3 0.06 9.63285
3 0.0601 9.61541
3 0.0602 9.59802
3 0.0603 9.5807
3 0.0604 9.56343
3 0.0605 9.54622
3 0.0606 9.52907
3 0.0607 9.51197
3 0.0608 9.49493
3 0.0609 9.47794
3 0.061 9.46102
3 0.0611 9.44414
3 0.0612 9.42733
3 0.0613 9.41057
3 0.0614 9.39386
3 0.0615 9.37721
3 0.0616 9.36061
3 0.0617 9.34407
3 0.0618 9.32758
3 0.0619 9.31114
3 0.062 9.29476
3 0.0621 9.27843
3 0.0622 9.26215
3 0.0623 9.24593
3 0.0624 9.22975
3 0.0625 9.21364
3 0.0626 9.19757
3 0.0627 9.18155
3 0.0628 9.16559
3 0.0629 9.14967
3 0.063 9.13381
3 0.0631 9.118
3 0.0632 9.10224
3 0.0633 9.08652
3 0.0634 9.07086
3 0.0635 9.05525
3 0.0636 9.03969
3 0.0637 9.02417
3 0.0638 9.00871
3 0.0639 8.99329
3 0.064 8.97793
3 0.0641 8.96261
3 0.0642 8.94734
3 0.0643 8.93211
3 0.0644 8.91694
3 0.0645 8.90181
3 0.0646 8.88673
3 0.0647 8.8717
3 0.0648 8.85671
3 0.0649 8.84177
3 0.065 8.82688
3 0.0651 8.81203
3 0.0652 8.79723
3 0.0653 8.78247
3 0.0654 8.76776
3 0.0655 8.75309
3 0.0656 8.73847
3 0.0657 8.7239
3 0.0658 8.70937
3 0.0659 8.69488
3 0.066 8.68044
3 0.0661 8.66604
3 0.0662 8.65169
3 0.0663 8.63738
3 0.0664 8.62311
3 0.0665 8.60889
3 0.0666 8.59471
3 0.0667 8.58057
3 0.0668 8.56648
3 0.0669 8.55242
3 0.067 8.53841
3 0.0671 8.52445
3 0.0672 8.51052
3 0.0673 8.49664
3 0.0674 8.48279
3 0.0675 8.46899
3 0.0676 8.45523
3 0.0677 8.44151
3 0.0678 8.42784
3 0.0679 8.4142
3 0.068 8.4006
3 0.0681 8.38705
3 0.0682 8.37353
3 0.0683 8.36005
3 0.0684 8.34662
3 0.0685 8.33322
3 0.0686 8.31986
3 0.0687 8.30655
3 0.0688 8.29327
3 0.0689 8.28003
3 0.069 8.26682
3 0.0691 8.25366
3 0.0692 8.24054
3 0.0693 8.22745
3 0.0694 8.2144
3 0.0695 8.20139
3 0.0696 8.18842
3 0.0697 8.17549
3 0.0698 8.16259
3 0.0699 8.14973
3 0.07 8.13691
3 0.0701 8.12412
3 0.0702 8.11137
3 0.0703 8.09866
3 0.0704 8.08599
3 0.0705 8.07335
3 0.0706 8.06074
3 0.0707 8.04818
3 0.0708 8.03565
3 0.0709 8.02315
3 0.071 8.01069
3 0.0711 7.99827
3 0.0712 7.98588
3 0.0713 7.97352
3 0.0714 7.96121
3 0.0715 7.94892
3 0.0716 7.93667
3 0.0717 7.92446
3 0.0718 7.91228
3 0.0719 7.90013
3 0.072 7.88802
3 0.0721 7.87594
3 0.0722 7.8639
3 0.0723 7.85189
3 0.0724 7.83991
3 0.0725 7.82797
3 0.0726 7.81606
3 0.0727 7.80418
3 0.0728 7.79234
3 0.0729 7.78053
3 0.073 7.76875
3 0.0731 7.757
3 0.0732 7.74529
3 0.0733 7.73361
3 0.0734 7.72196
3 0.0735 7.71034
3 0.0736 7.69876
3 0.0737 7.68721
3 0.0738 7.67569
3 0.0739 7.6642
3 0.074 7.65274
3 0.0741 7.64131
3 0.0742 7.62992
3 0.0743 7.61855
3 0.0744 7.60722
3 0.0745 7.59592
3 0.0746 7.58465
3 0.0747 7.57341
3 0.0748 7.5622
3 0.0749 7.55101
3 0.075 7.53986
3 0.0751 7.52874
3 0.0752 7.51765
3 0.0753 7.50659
3 0.0754 7.49556
3 0.0755 7.48456
3 0.0756 7.47359
3 0.0757 7.46265
3 0.0758 7.45174
3 0.0759 7.44085
3 0.076 7.43
3 0.0761 7.41917
3 0.0762 7.40838
3 0.0763 7.39761
3 0.0764 7.38687
3 0.0765 7.37616
3 0.0766 7.36548
3 0.0767 7.35482
3 0.0768 7.3442
3 0.0769 7.3336
3 0.077 7.32303
3 0.0771 7.31248
3 0.0772 7.30197
3 0.0773 7.29148
3 0.0774 7.28102
3 0.0775 7.27059
3 0.0776 7.26019
3 0.0777 7.24981
3 0.0778 7.23946
3 0.0779 7.22913
3 0.078 7.21884
3 0.0781 7.20857
3 0.0782 7.19832
3 0.0783 7.18811
3 0.0784 7.17792
3 0.0785 7.16775
3 0.0786 7.15761
3 0.0787 7.1475
3 0.0788 7.13742
3 0.0789 7.12736
3 0.079 7.11732
3 0.0791 7.10731
3 0.0792 7.09733
3 0.0793 7.08737
3 0.0794 7.07744
3 0.0795 7.06754
3 0.0796 7.05766
3 0.0797 7.0478
3 0.0798 7.03797
3 0.0799 7.02816
3 0.08 7.01838
3 0.0801 7.00863
3 0.0802 6.9989
3 0.0803 6.98919
3 0.0804 6.97951
3 0.0805 6.96985
3 0.0806 6.96022
3 0.0807 6.95061
3 0.0808 6.94102
3 0.0809 6.93146
3 0.081 6.92193
3 0.0811 6.91241
3 0.0812 6.90293
3 0.0813 6.89346
3 0.0814 6.88402
3 0.0815 6.8746
3 0.0816 6.86521
3 0.0817 6.85583
3 0.0818 6.84649
3 0.0819 6.83716
3 0.082 6.82786
3 0.0821 6.81858
3 0.0822 6.80933
3 0.0823 6.80009
3 0.0824 6.79088
3 0.0825 6.7817
3 0.0826 6.77253
3 0.0827 6.76339
3 0.0828 6.75427
3 0.0829 6.74517
3 0.083 6.7361
3 0.0831 6.72705
3 0.0832 6.71801
3 0.0833 6.70901
3 0.0834 6.70002
3 0.0835 6.69105
3 0.0836 6.68211
3 0.0837 6.67319
3 0.0838 6.66429
3 0.0839 6.65541
3 0.084 6.64656
3 0.0841 6.63772
3 0.0842 6.62891
3 0.0843 6.62012
3 0.0844 6.61135
3 0.0845 6.6026
3 0.0846 6.59387
3 0.0847 6.58516
3 0.0848 6.57647
3 0.0849 6.56781
3 0.085 6.55916
3 0.0851 6.55054
3 0.0852 6.54193
3 0.0853 6.53335
3 0.0854 6.52478
3 0.0855 6.51624
3 0.0856 6.50772
3 0.0857 6.49922
3 0.0858 6.49073
3 0.0859 6.48227
3 0.086 6.47383
3 0.0861 6.46541
3 0.0862 6.45701
3 0.0863 6.44863
3 0.0864 6.44026
3 0.0865 6.43192
3 0.0866 6.4236
3 0.0867 6.41529
3 0.0868 6.40701
3 0.0869 6.39875
3 0.087 6.3905
3 0.0871 6.38227
3 0.0872 6.37407
3 0.0873 6.36588
3 0.0874 6.35771
3 0.0875 6.34956
3 0.0876 6.34143
3 0.0877 6.33332
3 0.0878 6.32523
3 0.0879 6.31715
3 0.088 6.3091
3 0.0881 6.30106
3 0.0882 6.29304
3 0.0883 6.28504
3 0.0884 6.27706
3 0.0885 6.2691
3 0.0886 6.26116
3 0.0887 6.25323
3 0.0888 6.24532
3 0.0889 6.23743
3 0.089 6.22956
3 0.0891 6.22171
3 0.0892 6.21387
3 0.0893 6.20605
3 0.0894 6.19825
3 0.0895 6.19047
3 0.0896 6.18271
3 0.0897 6.17496
3 0.0898 6.16723
3 0.0899 6.15952
3 0.09 6.15182
3 0.0901 6.14415
3 0.0902 6.13649
3 0.0903 6.12885
3 0.0904 6.12122
3 0.0905 6.11361
3 0.0906 6.10602
3 0.0907 6.09845
3 0.0908 6.09089
3 0.0909 6.08335
3 0.091 6.07583
3 0.0911 6.06833
3 0.0912 6.06084
3 0.0913 6.05336
3 0.0914 6.04591
3 0.0915 6.03847
3 0.0916 6.03105
3 0.0917 6.02364
3 0.0918 6.01625
3 0.0919 6.00888
3 0.092 6.00152
3 0.0921 5.99418
3 0.0922 5.98686
3 0.0923 5.97955
3 0.0924 5.97226
3 0.0925 5.96498
3 0.0926 5.95772
3 0.0927 5.95048
3 0.0928 5.94325
3 0.0929 5.93604
3 0.093 5.92885
3 0.0931 5.92167
3 0.0932 5.9145
3 0.0933 5.90735
3 0.0934 5.90022
3 0.0935 5.8931
3 0.0936 5.886
3 0.0937 5.87892
3 0.0938 5.87184
3 0.0939 5.86479
3 0.094 5.85775
3 0.0941 5.85072
3 0.0942 5.84371
3 0.0943 5.83672
3 0.0944 5.82974
3 0.0945 5.82278
3 0.0946 5.81583
3 0.0947 5.80889
3 0.0948 5.80197
3 0.0949 5.79507
3 0.095 5.78818
3 0.0951 5.78131
3 0.0952 5.77445
3 0.0953 5.7676
3 0.0954 5.76077
3 0.0955 5.75395
3 0.0956 5.74715
3 0.0957 5.74037
3 0.0958 5.73359
3 0.0959 5.72684
3 0.096 5.72009
3 0.0961 5.71336
3 0.0962 5.70665
3 0.0963 5.69995
3 0.0964 5.69326
3 0.0965 5.68659
3 0.0966 5.67993
3 0.0967 5.67329
3 0.0968 5.66666
3 0.0969 5.66004
3 0.097 5.65344
3 0.0971 5.64685
3 0.0972 5.64028
3 0.0973 5.63372
3 0.0974 5.62717
3 0.0975 5.62064
3 0.0976 5.61412
3 0.0977 5.60761
3 0.0978 5.60112
3 0.0979 5.59464
3 0.098 5.58818
3 0.0981 5.58173
3 0.0982 5.57529
3 0.0983 5.56887
3 0.0984 5.56246
3 0.0985 5.55606
3 0.0986 5.54967
3 0.0987 5.5433
3 0.0988 5.53694
3 0.0989 5.5306
3 0.099 5.52427
3 0.0991 5.51795
3 0.0992 5.51164
3 0.0993 5.50535
3 0.0994 5.49907
3 0.0995 5.4928
3 0.0996 5.48655
3 0.0997 5.48031
3 0.0998 5.47408
3 0.0999 5.46787
