0.23 1e-05 1 0 0 0 0
0.23 1e-05 2.71828 0 5.05996e-06 4.82996e-06 5.27996e-06
0.23 1e-05 7.38906 0 6.13993e-06 5.82994e-06 6.44993e-06
0.23 1e-05 20.0855 0 6.25993e-06 5.93992e-06 6.57993e-06
0.23 1e-05 54.5982 0 6.25993e-06 5.92993e-06 6.58992e-06
0.23 1e-05 148.413 0 6.25993e-06 5.92993e-06 6.58991e-06
0.23 1e-05 403.429 0 6.25993e-06 5.92993e-06 6.57992e-06
0.23 1e-05 1096.63 0 6.25993e-06 5.92994e-06 6.58992e-06
0.23 1e-05 2980.96 0 6.25993e-06 5.93993e-06 6.58992e-06
0.23 1e-05 8103.08 0 6.25993e-06 5.92993e-06 6.59991e-06
0.23 1e-05 22026.5 0 6.25993e-06 5.92994e-06 6.59992e-06
0.23 1e-05 59874.1 0 6.25993e-06 5.92994e-06 6.58992e-06
0.23 1e-05 162755 0 6.25993e-06 5.92994e-06 6.58991e-06
0.23 1e-05 442413 0 6.25993e-06 5.93993e-06 6.58992e-06
