5 0.001 0 0.004
5 0.001 0.982161 0.004
5 0.001 0 0.004
5 0.001 0 0.004
5 0.001 0 0.004
5 0.001 0 0.004
5 0.001 0 0.004
5 0.001 0 0.004
5 0.001 0.833601 0.004
5 0.001 0 0.004
5 0.001 0 0.004
5 0.001 0 0.004
5 0.001 0 0.004
5 0.001 0 0.004
5 0.001 0 0.004
5 0.001 0 0.004
5 0.001 0 0.004
5 0.001 0 0.004
5 0.001 0 0.004
5 0.001 0 0.004
5 0.001 0 0.004
5 0.001 0 0.004
5 0.001 0 0.004
5 0.001 0 0.004
5 0.001 0 0.004
5 0.001 0 0.004
5 0.001 0 0.004
5 0.001 0 0.004
5 0.001 0 0.004
5 0.001 0 0.004
5 0.001 0 0.004
5 0.001 0 0.004
5 0.001 0 0.004
5 0.001 0 0.004
5 0.001 0 0.004
5 0.001 0 0.004
5 0.001 0 0.004
5 0.001 0 0.004
5 0.001 0 0.004
5 0.001 0 0.004
5 0.001 0 0.004
5 0.001 0 0.004
5 0.001 0 0.004
5 0.001 0 0.004
5 0.001 0 0.004
5 0.001 0 0.004
5 0.001 0 0.004
5 0.001 0 0.004
5 0.001 0 0.004
5 0.001 0 0.004
5 0.001 0 0.004
5 0.001 0 0.004
5 0.001 0 0.004
5 0.001 0 0.004
5 0.001 0 0.004
5 0.001 0 0.004
5 0.001 0 0.004
5 0.001 0 0.004
5 0.001 0 0.004
5 0.001 0 0.004
5 0.001 0 0.004
5 0.001 0 0.004
5 0.001 0 0.004
5 0.001 0 0.004
5 0.001 0 0.004
5 0.001 0 0.004
5 0.001 0 0.004
5 0.001 0 0.004
5 0.001 0 0.004
5 0.001 0 0.004
5 0.001 0 0.004
5 0.001 0 0.004
5 0.001 0 0.004
5 0.001 0 0.004
5 0.001 0 0.004
5 0.001 0 0.004
5 0.001 0 0.004
5 0.001 0 0.004
5 0.001 0 0.004
5 0.001 0 0.004
5 0.001 0 0.004
5 0.001 0 0.004
5 0.001 0 0.004
5 0.001 0 0.004
5 0.001 0 0.004
5 0.001 0 0.004
5 0.001 0 0.004
5 0.001 0 0.004
5 0.001 0 0.004
5 0.001 0 0.004
5 0.001 0 0.004
5 0.001 0 0.004
5 0.001 0 0.004
5 0.001 0 0.004
5 0.001 0 0.004
5 0.001 0 0.004
5 0.001 0 0.004
5 0.001 0 0.004
5 0.001 0 0.004
5 0.001 0 0.004
5 0.001 0 0.004
5 0.001 0 0.004
5 0.001 0 0.004
5 0.001 0 0.004
5 0.001 0 0.004
5 0.001 0 0.004
5 0.001 0 0.004
5 0.001 0 0.004
5 0.001 0 0.004
5 0.001 0 0.004
5 0.001 0 0.004
5 0.001 0 0.004
5 0.001 0 0.004
5 0.001 0 0.004
5 0.001 0 0.004
5 0.001 0 0.004
5 0.001 0 0.004
5 0.001 0 0.004
5 0.001 0 0.004
5 0.001 0 0.004
5 0.001 0 0.004
5 0.001 0 0.004
5 0.001 0 0.004
5 0.001 0 0.004
5 0.001 0 0.004
5 0.001 0 0.004
5 0.001 0 0.004
5 0.001 0 0.004
5 0.001 0 0.004
5 0.001 0 0.004
5 0.001 0 0.004
5 0.001 0 0.004
5 0.001 0 0.004
5 0.001 0 0.004
5 0.001 0 0.004
5 0.001 0 0.004
5 0.001 0 0.004
5 0.001 0 0.004
5 0.001 0 0.004
5 0.001 0 0.004
5 0.001 0 0.004
5 0.001 0 0.004
5 0.001 0 0.004
5 0.001 0 0.004
5 0.001 0 0.004
5 0.001 0 0.004
5 0.001 0 0.004
5 0.001 0 0.004
5 0.001 0 0.004
5 0.001 0 0.004
5 0.001 0 0.004
5 0.001 0 0.004
5 0.001 0 0.004
5 0.001 0 0.004
5 0.001 0 0.004
5 0.001 0 0.004
5 0.001 0 0.004
5 0.001 0 0.004
5 0.001 0 0.004
5 0.001 0 0.004
5 0.001 0 0.004
5 0.001 0 0.004
5 0.001 0 0.004
5 0.001 0 0.004
5 0.001 0 0.004
5 0.001 0 0.004
5 0.001 0 0.004
5 0.001 0 0.004
5 0.001 0 0.004
5 0.001 0 0.004
5 0.001 0 0.004
5 0.001 0 0.004
5 0.001 0 0.004
5 0.001 0 0.004
5 0.001 0 0.004
5 0.001 0 0.004
5 0.001 0 0.004
5 0.001 0 0.004
5 0.001 0 0.004
5 0.001 0 0.004
5 0.001 0 0.004
5 0.001 0 0.004
5 0.001 0 0.004
5 0.001 0 0.004
5 0.001 0 0.004
5 0.001 0 0.004
5 0.001 0 0.004
5 0.001 0 0.004
5 0.001 0 0.004
5 0.001 0 0.004
5 0.001 0 0.004
5 0.001 0 0.004
5 0.001 0 0.004
5 0.001 0 0.004
5 0.001 0 0.004
5 0.001 0 0.004
5 0.001 0 0.004
5 0.001 0 0.004
5 0.001 0 0.004
5 0.001 0 0.004
5 0.001 0 0.004
5 0.001 0 0.004
5 0.001 0 0.004
5 0.001 0 0.004
5 0.001 0 0.004
5 0.001 0 0.004
5 0.001 0 0.004
5 0.001 0 0.004
5 0.001 0 0.004
5 0.001 0 0.004
5 0.001 0.949329 0.004
5 0.001 0 0.004
5 0.001 0 0.004
5 0.001 0 0.004
5 0.001 0 0.004
5 0.001 0 0.004
5 0.001 0 0.004
5 0.001 0 0.004
5 0.001 0 0.004
5 0.001 0 0.004
5 0.001 0 0.004
5 0.001 0 0.004
5 0.001 0 0.004
5 0.001 0 0.004
5 0.001 0 0.004
5 0.001 0 0.004
5 0.001 0 0.004
5 0.001 0 0.004
5 0.001 0 0.004
5 0.001 0 0.004
5 0.001 0 0.004
5 0.001 0 0.004
5 0.001 0 0.004
5 0.001 0 0.004
5 0.001 0 0.004
5 0.001 0 0.004
5 0.001 0 0.004
5 0.001 0 0.004
5 0.001 0 0.004
5 0.001 0 0.004
5 0.001 0.843665 0.004
5 0.001 0 0.004
5 0.001 0 0.004
5 0.001 0 0.004
5 0.001 0 0.004
5 0.001 0 0.004
5 0.001 0 0.004
5 0.001 0 0.004
5 0.001 0 0.004
5 0.001 0 0.004
5 0.01 0 0.004
5 0.01 0.83527 0.004
5 0.01 0 0.004
5 0.01 0 0.004
5 0.01 0 0.004
5 0.01 0 0.004
5 0.01 0 0.004
5 0.01 0 0.004
5 0.01 0.162026 0.004
5 0.01 0 0.004
5 0.01 0 0.004
5 0.01 0 0.004
5 0.01 0 0.004
5 0.01 0 0.004
5 0.01 0 0.004
5 0.01 0 0.004
5 0.01 0 0.004
5 0.01 0 0.004
5 0.01 0 0.004
5 0.01 0 0.004
5 0.01 0 0.004
5 0.01 0 0.004
5 0.01 0 0.004
5 0.01 0 0.004
5 0.01 0 0.004
5 0.01 0 0.004
5 0.01 0 0.004
5 0.01 0 0.004
5 0.01 0 0.004
5 0.01 0 0.004
5 0.01 0 0.004
5 0.01 0 0.004
5 0.01 0 0.004
5 0.01 0 0.004
5 0.01 0 0.004
5 0.01 0 0.004
5 0.01 0 0.004
5 0.01 0 0.004
5 0.01 0 0.004
5 0.01 0 0.004
5 0.01 0 0.004
5 0.01 0 0.004
5 0.01 0 0.004
5 0.01 0 0.004
5 0.01 0 0.004
5 0.01 0 0.004
5 0.01 0 0.004
5 0.01 0 0.004
5 0.01 0 0.004
5 0.01 0 0.004
5 0.01 0 0.004
5 0.01 0 0.004
5 0.01 0 0.004
5 0.01 0 0.004
5 0.01 0 0.004
5 0.01 0 0.004
5 0.01 0 0.004
5 0.01 0 0.004
5 0.01 0 0.004
5 0.01 0 0.004
5 0.01 0 0.004
5 0.01 0 0.004
5 0.01 0 0.004
5 0.01 0 0.004
5 0.01 0 0.004
5 0.01 0 0.004
5 0.01 0 0.004
5 0.01 0 0.004
5 0.01 0 0.004
5 0.01 0 0.004
5 0.01 0 0.004
5 0.01 0 0.004
5 0.01 0 0.004
5 0.01 0 0.004
5 0.01 0 0.004
5 0.01 0 0.004
5 0.01 0 0.004
5 0.01 0 0.004
5 0.01 0 0.004
5 0.01 0 0.004
5 0.01 0 0.004
5 0.01 0 0.004
5 0.01 0 0.004
5 0.01 0 0.004
5 0.01 0 0.004
5 0.01 0 0.004
5 0.01 0 0.004
5 0.01 0 0.004
5 0.01 0 0.004
5 0.01 0 0.004
5 0.01 0 0.004
5 0.01 0 0.004
5 0.01 0 0.004
5 0.01 0 0.004
5 0.01 0 0.004
5 0.01 0 0.004
5 0.01 0 0.004
5 0.01 0 0.004
5 0.01 0 0.004
5 0.01 0 0.004
5 0.01 0 0.004
5 0.01 0 0.004
5 0.01 0 0.004
5 0.01 0 0.004
5 0.01 0 0.004
5 0.01 0 0.004
5 0.01 0 0.004
5 0.01 0 0.004
5 0.01 0 0.004
5 0.01 0 0.004
5 0.01 0 0.004
5 0.01 0 0.004
5 0.01 0 0.004
5 0.01 0 0.004
5 0.01 0 0.004
5 0.01 0 0.004
5 0.01 0 0.004
5 0.01 0 0.004
5 0.01 0 0.004
5 0.01 0 0.004
5 0.01 0 0.004
5 0.01 0 0.004
5 0.01 0 0.004
5 0.01 0 0.004
5 0.01 0 0.004
5 0.01 0 0.004
5 0.01 0 0.004
5 0.01 0 0.004
5 0.01 0 0.004
5 0.01 0 0.004
5 0.01 0 0.004
5 0.01 0 0.004
5 0.01 0 0.004
5 0.01 0 0.004
5 0.01 0 0.004
5 0.01 0 0.004
5 0.01 0 0.004
5 0.01 0 0.004
5 0.01 0 0.004
5 0.01 0 0.004
5 0.01 0 0.004
5 0.01 0 0.004
5 0.01 0 0.004
5 0.01 0 0.004
5 0.01 0 0.004
5 0.01 0 0.004
5 0.01 0 0.004
5 0.01 0 0.004
5 0.01 0 0.004
5 0.01 0 0.004
5 0.01 0 0.004
5 0.01 0 0.004
5 0.01 0 0.004
5 0.01 0 0.004
5 0.01 0 0.004
5 0.01 0 0.004
5 0.01 0 0.004
5 0.01 0 0.004
5 0.01 0 0.004
5 0.01 0 0.004
5 0.01 0 0.004
5 0.01 0 0.004
5 0.01 0 0.004
5 0.01 0 0.004
5 0.01 0 0.004
5 0.01 0 0.004
5 0.01 0 0.004
5 0.01 0 0.004
5 0.01 0 0.004
5 0.01 0 0.004
5 0.01 0 0.004
5 0.01 0 0.004
5 0.01 0 0.004
5 0.01 0 0.004
5 0.01 0 0.004
5 0.01 0 0.004
5 0.01 0 0.004
5 0.01 0 0.004
5 0.01 0 0.004
5 0.01 0 0.004
5 0.01 0 0.004
5 0.01 0 0.004
5 0.01 0 0.004
5 0.01 0 0.004
5 0.01 0 0.004
5 0.01 0 0.004
5 0.01 0 0.004
5 0.01 0 0.004
5 0.01 0 0.004
5 0.01 0 0.004
5 0.01 0 0.004
5 0.01 0 0.004
5 0.01 0 0.004
5 0.01 0 0.004
5 0.01 0 0.004
5 0.01 0 0.004
5 0.01 0 0.004
5 0.01 0 0.004
5 0.01 0 0.004
5 0.01 0 0.004
5 0.01 0 0.004
5 0.01 0 0.004
5 0.01 0 0.004
5 0.01 0 0.004
5 0.01 0 0.004
5 0.01 0 0.004
5 0.01 0 0.004
5 0.01 0 0.004
5 0.01 0 0.004
5 0.01 0 0.004
5 0.01 0.594521 0.004
5 0.01 0 0.004
5 0.01 0 0.004
5 0.01 0 0.004
5 0.01 0 0.004
5 0.01 0 0.004
5 0.01 0 0.004
5 0.01 0 0.004
5 0.01 0 0.004
5 0.01 0 0.004
5 0.01 0 0.004
5 0.01 0 0.004
5 0.01 0 0.004
5 0.01 0 0.004
5 0.01 0 0.004
5 0.01 0 0.004
5 0.01 0 0.004
5 0.01 0 0.004
5 0.01 0 0.004
5 0.01 0 0.004
5 0.01 0 0.004
5 0.01 0 0.004
5 0.01 0 0.004
5 0.01 0 0.004
5 0.01 0 0.004
5 0.01 0 0.004
5 0.01 0 0.004
5 0.01 0 0.004
5 0.01 0 0.004
5 0.01 0 0.004
5 0.01 0.182684 0.004
5 0.01 0 0.004
5 0.01 0 0.004
5 0.01 0 0.004
5 0.01 0 0.004
5 0.01 0 0.004
5 0.01 0 0.004
5 0.01 0 0.004
5 0.01 0 0.004
5 0.01 0 0.004
5 0.1 0 0.004
5 0.1 0.165299 0.004
5 0.1 0 0.004
5 0.1 0 0.004
5 0.1 0 0.004
5 0.1 0 0.004
5 0.1 0 0.004
5 0.1 0 0.004
5 0.1 1.24693e-08 0.004
5 0.1 0 0.004
5 0.1 0 0.004
5 0.1 0 0.004
5 0.1 0 0.004
5 0.1 0 0.004
5 0.1 0 0.004
5 0.1 0 0.004
5 0.1 0 0.004
5 0.1 0 0.004
5 0.1 0 0.004
5 0.1 0 0.004
5 0.1 0 0.004
5 0.1 0 0.004
5 0.1 0 0.004
5 0.1 0 0.004
5 0.1 0 0.004
5 0.1 0 0.004
5 0.1 0 0.004
5 0.1 0 0.004
5 0.1 0 0.004
5 0.1 0 0.004
5 0.1 0 0.004
5 0.1 0 0.004
5 0.1 0 0.004
5 0.1 0 0.004
5 0.1 0 0.004
5 0.1 0 0.004
5 0.1 0 0.004
5 0.1 0 0.004
5 0.1 0 0.004
5 0.1 0 0.004
5 0.1 0 0.004
5 0.1 0 0.004
5 0.1 0 0.004
5 0.1 0 0.004
5 0.1 0 0.004
5 0.1 0 0.004
5 0.1 0 0.004
5 0.1 0 0.004
5 0.1 0 0.004
5 0.1 0 0.004
5 0.1 0 0.004
5 0.1 0 0.004
5 0.1 0 0.004
5 0.1 0 0.004
5 0.1 0 0.004
5 0.1 0 0.004
5 0.1 0 0.004
5 0.1 0 0.004
5 0.1 0 0.004
5 0.1 0 0.004
5 0.1 0 0.004
5 0.1 0 0.004
5 0.1 0 0.004
5 0.1 0 0.004
5 0.1 0 0.004
5 0.1 0 0.004
5 0.1 0 0.004
5 0.1 0 0.004
5 0.1 0 0.004
5 0.1 0 0.004
5 0.1 0 0.004
5 0.1 0 0.004
5 0.1 0 0.004
5 0.1 0 0.004
5 0.1 0 0.004
5 0.1 0 0.004
5 0.1 0 0.004
5 0.1 0 0.004
5 0.1 0 0.004
5 0.1 0 0.004
5 0.1 0 0.004
5 0.1 0 0.004
5 0.1 0 0.004
5 0.1 0 0.004
5 0.1 0 0.004
5 0.1 0 0.004
5 0.1 0 0.004
5 0.1 0 0.004
5 0.1 0 0.004
5 0.1 0 0.004
5 0.1 0 0.004
5 0.1 0 0.004
5 0.1 0 0.004
5 0.1 0 0.004
5 0.1 0 0.004
5 0.1 0 0.004
5 0.1 0 0.004
5 0.1 0 0.004
5 0.1 0 0.004
5 0.1 0 0.004
5 0.1 0 0.004
5 0.1 0 0.004
5 0.1 0 0.004
5 0.1 0 0.004
5 0.1 0 0.004
5 0.1 0 0.004
5 0.1 0 0.004
5 0.1 0 0.004
5 0.1 0 0.004
5 0.1 0 0.004
5 0.1 0 0.004
5 0.1 0 0.004
5 0.1 0 0.004
5 0.1 0 0.004
5 0.1 0 0.004
5 0.1 0 0.004
5 0.1 0 0.004
5 0.1 0 0.004
5 0.1 0 0.004
5 0.1 0 0.004
5 0.1 0 0.004
5 0.1 0 0.004
5 0.1 0 0.004
5 0.1 0 0.004
5 0.1 0 0.004
5 0.1 0 0.004
5 0.1 0 0.004
5 0.1 0 0.004
5 0.1 0 0.004
5 0.1 0 0.004
5 0.1 0 0.004
5 0.1 0 0.004
5 0.1 0 0.004
5 0.1 0 0.004
5 0.1 0 0.004
5 0.1 0 0.004
5 0.1 0 0.004
5 0.1 0 0.004
5 0.1 0 0.004
5 0.1 0 0.004
5 0.1 0 0.004
5 0.1 0 0.004
5 0.1 0 0.004
5 0.1 0 0.004
5 0.1 0 0.004
5 0.1 0 0.004
5 0.1 0 0.004
5 0.1 0 0.004
5 0.1 0 0.004
5 0.1 0 0.004
5 0.1 0 0.004
5 0.1 0 0.004
5 0.1 0 0.004
5 0.1 0 0.004
5 0.1 0 0.004
5 0.1 0 0.004
5 0.1 0 0.004
5 0.1 0 0.004
5 0.1 0 0.004
5 0.1 0 0.004
5 0.1 0 0.004
5 0.1 0 0.004
5 0.1 0 0.004
5 0.1 0 0.004
5 0.1 0 0.004
5 0.1 0 0.004
5 0.1 0 0.004
5 0.1 0 0.004
5 0.1 0 0.004
5 0.1 0 0.004
5 0.1 0 0.004
5 0.1 0 0.004
5 0.1 0 0.004
5 0.1 0 0.004
5 0.1 0 0.004
5 0.1 0 0.004
5 0.1 0 0.004
5 0.1 0 0.004
5 0.1 0 0.004
5 0.1 0 0.004
5 0.1 0 0.004
5 0.1 0 0.004
5 0.1 0 0.004
5 0.1 0 0.004
5 0.1 0 0.004
5 0.1 0 0.004
5 0.1 0 0.004
5 0.1 0 0.004
5 0.1 0 0.004
5 0.1 0 0.004
5 0.1 0 0.004
5 0.1 0 0.004
5 0.1 0 0.004
5 0.1 0 0.004
5 0.1 0 0.004
5 0.1 0 0.004
5 0.1 0 0.004
5 0.1 0 0.004
5 0.1 0 0.004
5 0.1 0 0.004
5 0.1 0 0.004
5 0.1 0 0.004
5 0.1 0 0.004
5 0.1 0 0.004
5 0.1 0 0.004
5 0.1 0 0.004
5 0.1 0 0.004
5 0.1 0 0.004
5 0.1 0 0.004
5 0.1 0 0.004
5 0.1 0.00551656 0.004
5 0.1 0 0.004
5 0.1 0 0.004
5 0.1 0 0.004
5 0.1 0 0.004
5 0.1 0 0.004
5 0.1 0 0.004
5 0.1 0 0.004
5 0.1 0 0.004
5 0.1 0 0.004
5 0.1 0 0.004
5 0.1 0 0.004
5 0.1 0 0.004
5 0.1 0 0.004
5 0.1 0 0.004
5 0.1 0 0.004
5 0.1 0 0.004
5 0.1 0 0.004
5 0.1 0 0.004
5 0.1 0 0.004
5 0.1 0 0.004
5 0.1 0 0.004
5 0.1 0 0.004
5 0.1 0 0.004
5 0.1 0 0.004
5 0.1 0 0.004
5 0.1 0 0.004
5 0.1 0 0.004
5 0.1 0 0.004
5 0.1 0 0.004
5 0.1 4.13994e-08 0.004
5 0.1 0 0.004
5 0.1 0 0.004
5 0.1 0 0.004
5 0.1 0 0.004
5 0.1 0 0.004
5 0.1 0 0.004
5 0.1 0 0.004
5 0.1 0 0.004
5 0.1 0 0.004
5 1 0 0.004
5 1 1.523e-08 0.004
5 1 0 0.004
5 1 0 0.004
5 1 0 0.004
5 1 0 0.004
5 1 0 0.004
5 1 0 0.004
5 1 9.08666e-80 0.004
5 1 0 0.004
5 1 0 0.004
5 1 0 0.004
5 1 0 0.004
5 1 0 0.004
5 1 0 0.004
5 1 0 0.004
5 1 0 0.004
5 1 0 0.004
5 1 0 0.004
5 1 0 0.004
5 1 0 0.004
5 1 0 0.004
5 1 0 0.004
5 1 0 0.004
5 1 0 0.004
5 1 0 0.004
5 1 0 0.004
5 1 0 0.004
5 1 0 0.004
5 1 0 0.004
5 1 0 0.004
5 1 0 0.004
5 1 0 0.004
5 1 0 0.004
5 1 0 0.004
5 1 0 0.004
5 1 0 0.004
5 1 0 0.004
5 1 0 0.004
5 1 0 0.004
5 1 0 0.004
5 1 0 0.004
5 1 0 0.004
5 1 0 0.004
5 1 0 0.004
5 1 0 0.004
5 1 0 0.004
5 1 0 0.004
5 1 0 0.004
5 1 0 0.004
5 1 0 0.004
5 1 0 0.004
5 1 0 0.004
5 1 0 0.004
5 1 0 0.004
5 1 0 0.004
5 1 0 0.004
5 1 0 0.004
5 1 0 0.004
5 1 0 0.004
5 1 0 0.004
5 1 0 0.004
5 1 0 0.004
5 1 0 0.004
5 1 0 0.004
5 1 0 0.004
5 1 0 0.004
5 1 0 0.004
5 1 0 0.004
5 1 0 0.004
5 1 0 0.004
5 1 0 0.004
5 1 0 0.004
5 1 0 0.004
5 1 0 0.004
5 1 0 0.004
5 1 0 0.004
5 1 0 0.004
5 1 0 0.004
5 1 0 0.004
5 1 0 0.004
5 1 0 0.004
5 1 0 0.004
5 1 0 0.004
5 1 0 0.004
5 1 0 0.004
5 1 0 0.004
5 1 0 0.004
5 1 0 0.004
5 1 0 0.004
5 1 0 0.004
5 1 0 0.004
5 1 0 0.004
5 1 0 0.004
5 1 0 0.004
5 1 0 0.004
5 1 0 0.004
5 1 0 0.004
5 1 0 0.004
5 1 0 0.004
5 1 0 0.004
5 1 0 0.004
5 1 0 0.004
5 1 0 0.004
5 1 0 0.004
5 1 0 0.004
5 1 0 0.004
5 1 0 0.004
5 1 0 0.004
5 1 0 0.004
5 1 0 0.004
5 1 0 0.004
5 1 0 0.004
5 1 0 0.004
5 1 0 0.004
5 1 0 0.004
5 1 0 0.004
5 1 0 0.004
5 1 0 0.004
5 1 0 0.004
5 1 0 0.004
5 1 0 0.004
5 1 0 0.004
5 1 0 0.004
5 1 0 0.004
5 1 0 0.004
5 1 0 0.004
5 1 0 0.004
5 1 0 0.004
5 1 0 0.004
5 1 0 0.004
5 1 0 0.004
5 1 0 0.004
5 1 0 0.004
5 1 0 0.004
5 1 0 0.004
5 1 0 0.004
5 1 0 0.004
5 1 0 0.004
5 1 0 0.004
5 1 0 0.004
5 1 0 0.004
5 1 0 0.004
5 1 0 0.004
5 1 0 0.004
5 1 0 0.004
5 1 0 0.004
5 1 0 0.004
5 1 0 0.004
5 1 0 0.004
5 1 0 0.004
5 1 0 0.004
5 1 0 0.004
5 1 0 0.004
5 1 0 0.004
5 1 0 0.004
5 1 0 0.004
5 1 0 0.004
5 1 0 0.004
5 1 0 0.004
5 1 0 0.004
5 1 0 0.004
5 1 0 0.004
5 1 0 0.004
5 1 0 0.004
5 1 0 0.004
5 1 0 0.004
5 1 0 0.004
5 1 0 0.004
5 1 0 0.004
5 1 0 0.004
5 1 0 0.004
5 1 0 0.004
5 1 0 0.004
5 1 0 0.004
5 1 0 0.004
5 1 0 0.004
5 1 0 0.004
5 1 0 0.004
5 1 0 0.004
5 1 0 0.004
5 1 0 0.004
5 1 0 0.004
5 1 0 0.004
5 1 0 0.004
5 1 0 0.004
5 1 0 0.004
5 1 0 0.004
5 1 0 0.004
5 1 0 0.004
5 1 0 0.004
5 1 0 0.004
5 1 0 0.004
5 1 0 0.004
5 1 0 0.004
5 1 0 0.004
5 1 0 0.004
5 1 0 0.004
5 1 0 0.004
5 1 0 0.004
5 1 0 0.004
5 1 0 0.004
5 1 0 0.004
5 1 0 0.004
5 1 0 0.004
5 1 0 0.004
5 1 0 0.004
5 1 0 0.004
5 1 0 0.004
5 1 0 0.004
5 1 2.61028e-23 0.004
5 1 0 0.004
5 1 0 0.004
5 1 0 0.004
5 1 0 0.004
5 1 0 0.004
5 1 0 0.004
5 1 0 0.004
5 1 0 0.004
5 1 0 0.004
5 1 0 0.004
5 1 0 0.004
5 1 0 0.004
5 1 0 0.004
5 1 0 0.004
5 1 0 0.004
5 1 0 0.004
5 1 0 0.004
5 1 0 0.004
5 1 0 0.004
5 1 0 0.004
5 1 0 0.004
5 1 0 0.004
5 1 0 0.004
5 1 0 0.004
5 1 0 0.004
5 1 0 0.004
5 1 0 0.004
5 1 0 0.004
5 1 0 0.004
5 1 1.4789e-74 0.004
5 1 0 0.004
5 1 0 0.004
5 1 0 0.004
5 1 0 0.004
5 1 0 0.004
5 1 0 0.004
5 1 0 0.004
5 1 0 0.004
5 1 0 0.004
