5 0.001 0 0.004
5 0.001 0.0982161 0.004
5 0.001 0 0.004
5 0.001 0 0.004
5 0.001 0 0.004
5 0.001 0 0.004
5 0.001 0 0.004
5 0.001 0 0.004
5 0.001 0.0833601 0.004
5 0.001 0 0.004
5 0.001 0 0.004
5 0.001 0 0.004
5 0.001 0 0.004
5 0.001 0 0.004
5 0.001 0 0.004
5 0.001 0 0.004
5 0.001 0 0.004
5 0.001 0 0.004
5 0.001 0 0.004
5 0.001 0 0.004
5 0.001 0 0.004
5 0.001 0 0.004
5 0.001 0 0.004
5 0.001 0 0.004
5 0.001 0 0.004
5 0.001 0 0.004
5 0.001 0 0.004
5 0.001 0 0.004
5 0.001 0 0.004
5 0.001 0 0.004
5 0.001 0 0.004
5 0.001 0 0.004
5 0.001 0 0.004
5 0.001 0 0.004
5 0.001 0 0.004
5 0.001 0 0.004
5 0.001 0 0.004
5 0.001 0 0.004
5 0.001 0 0.004
5 0.001 0 0.004
5 0.001 0 0.004
5 0.001 0 0.004
5 0.001 0 0.004
5 0.001 0 0.004
5 0.001 0 0.004
5 0.001 0 0.004
5 0.001 0 0.004
5 0.001 0 0.004
5 0.001 0 0.004
5 0.001 0 0.004
5 0.001 0 0.004
5 0.001 0 0.004
5 0.001 0 0.004
5 0.001 0 0.004
5 0.001 0 0.004
5 0.001 0 0.004
5 0.001 0 0.004
5 0.001 0 0.004
5 0.001 0 0.004
5 0.001 0 0.004
5 0.001 0 0.004
5 0.001 0 0.004
5 0.001 0 0.004
5 0.001 0 0.004
5 0.001 0 0.004
5 0.001 0 0.004
5 0.001 0 0.004
5 0.001 0 0.004
5 0.001 0 0.004
5 0.001 0 0.004
5 0.001 0 0.004
5 0.001 0 0.004
5 0.001 0 0.004
5 0.001 0 0.004
5 0.001 0 0.004
5 0.001 0 0.004
5 0.001 0 0.004
5 0.001 0 0.004
5 0.001 0 0.004
5 0.001 0 0.004
5 0.001 0 0.004
5 0.001 0 0.004
5 0.001 0 0.004
5 0.001 0 0.004
5 0.001 0 0.004
5 0.001 0 0.004
5 0.001 0 0.004
5 0.001 0 0.004
5 0.001 0 0.004
5 0.001 0 0.004
5 0.001 0 0.004
5 0.001 0 0.004
5 0.001 0 0.004
5 0.001 0 0.004
5 0.001 0 0.004
5 0.001 0 0.004
5 0.001 0 0.004
5 0.001 0 0.004
5 0.001 0 0.004
5 0.001 0 0.004
5 0.001 0 0.004
5 0.001 0 0.004
5 0.001 0 0.004
5 0.001 0 0.004
5 0.001 0 0.004
5 0.001 0 0.004
5 0.001 0 0.004
5 0.001 0 0.004
5 0.001 0 0.004
5 0.001 0 0.004
5 0.001 0 0.004
5 0.001 0 0.004
5 0.001 0 0.004
5 0.001 0 0.004
5 0.001 0 0.004
5 0.001 0 0.004
5 0.001 0 0.004
5 0.001 0 0.004
5 0.001 0 0.004
5 0.001 0 0.004
5 0.001 0 0.004
5 0.001 0 0.004
5 0.001 0 0.004
5 0.001 0 0.004
5 0.001 0 0.004
5 0.001 0 0.004
5 0.001 0 0.004
5 0.001 0 0.004
5 0.001 0 0.004
5 0.001 0 0.004
5 0.001 0 0.004
5 0.001 0 0.004
5 0.001 0 0.004
5 0.001 0 0.004
5 0.001 0 0.004
5 0.001 0 0.004
5 0.001 0 0.004
5 0.001 0 0.004
5 0.001 0 0.004
5 0.001 0 0.004
5 0.001 0 0.004
5 0.001 0 0.004
5 0.001 0 0.004
5 0.001 0 0.004
5 0.001 0 0.004
5 0.001 0 0.004
5 0.001 0 0.004
5 0.001 0 0.004
5 0.001 0 0.004
5 0.001 0 0.004
5 0.001 0 0.004
5 0.001 0 0.004
5 0.001 0 0.004
5 0.001 0 0.004
5 0.001 0 0.004
5 0.001 0 0.004
5 0.001 0 0.004
5 0.001 0 0.004
5 0.001 0 0.004
5 0.001 0 0.004
5 0.001 0 0.004
5 0.001 0 0.004
5 0.001 0 0.004
5 0.001 0 0.004
5 0.001 0 0.004
5 0.001 0 0.004
5 0.001 0 0.004
5 0.001 0 0.004
5 0.001 0 0.004
5 0.001 0 0.004
5 0.001 0 0.004
5 0.001 0 0.004
5 0.001 0 0.004
5 0.001 0 0.004
5 0.001 0 0.004
5 0.001 0 0.004
5 0.001 0 0.004
5 0.001 0 0.004
5 0.001 0 0.004
5 0.001 0 0.004
5 0.001 0 0.004
5 0.001 0 0.004
5 0.001 0 0.004
5 0.001 0 0.004
5 0.001 0 0.004
5 0.001 0 0.004
5 0.001 0 0.004
5 0.001 0 0.004
5 0.001 0 0.004
5 0.001 0 0.004
5 0.001 0 0.004
5 0.001 0 0.004
5 0.001 0 0.004
5 0.001 0 0.004
5 0.001 0 0.004
5 0.001 0 0.004
5 0.001 0 0.004
5 0.001 0 0.004
5 0.001 0 0.004
5 0.001 0 0.004
5 0.001 0 0.004
5 0.001 0 0.004
5 0.001 0 0.004
5 0.001 0 0.004
5 0.001 0 0.004
5 0.001 0 0.004
5 0.001 0 0.004
5 0.001 0 0.004
5 0.001 0 0.004
5 0.001 0 0.004
5 0.001 0.0949329 0.004
5 0.001 0 0.004
5 0.001 0 0.004
5 0.001 0 0.004
5 0.001 0 0.004
5 0.001 0 0.004
5 0.001 0 0.004
5 0.001 0 0.004
5 0.001 0 0.004
5 0.001 0 0.004
5 0.001 0 0.004
5 0.001 0 0.004
5 0.001 0 0.004
5 0.001 0 0.004
5 0.001 0 0.004
5 0.001 0 0.004
5 0.001 0 0.004
5 0.001 0 0.004
5 0.001 0 0.004
5 0.001 0 0.004
5 0.001 0 0.004
5 0.001 0 0.004
5 0.001 0 0.004
5 0.001 0 0.004
5 0.001 0 0.004
5 0.001 0 0.004
5 0.001 0 0.004
5 0.001 0 0.004
5 0.001 0 0.004
5 0.001 0 0.004
5 0.001 0.0843665 0.004
5 0.001 0 0.004
5 0.001 0 0.004
5 0.001 0 0.004
5 0.001 0 0.004
5 0.001 0 0.004
5 0.001 0 0.004
5 0.001 0 0.004
5 0.001 0 0.004
5 0.001 0 0.004
5 0.01 0 0.004
5 0.01 0.083527 0.004
5 0.01 0 0.004
5 0.01 0 0.004
5 0.01 0 0.004
5 0.01 0 0.004
5 0.01 0 0.004
5 0.01 0 0.004
5 0.01 0.0162026 0.004
5 0.01 0 0.004
5 0.01 0 0.004
5 0.01 0 0.004
5 0.01 0 0.004
5 0.01 0 0.004
5 0.01 0 0.004
5 0.01 0 0.004
5 0.01 0 0.004
5 0.01 0 0.004
5 0.01 0 0.004
5 0.01 0 0.004
5 0.01 0 0.004
5 0.01 0 0.004
5 0.01 0 0.004
5 0.01 0 0.004
5 0.01 0 0.004
5 0.01 0 0.004
5 0.01 0 0.004
5 0.01 0 0.004
5 0.01 0 0.004
5 0.01 0 0.004
5 0.01 0 0.004
5 0.01 0 0.004
5 0.01 0 0.004
5 0.01 0 0.004
5 0.01 0 0.004
5 0.01 0 0.004
5 0.01 0 0.004
5 0.01 0 0.004
5 0.01 0 0.004
5 0.01 0 0.004
5 0.01 0 0.004
5 0.01 0 0.004
5 0.01 0 0.004
5 0.01 0 0.004
5 0.01 0 0.004
5 0.01 0 0.004
5 0.01 0 0.004
5 0.01 0 0.004
5 0.01 0 0.004
5 0.01 0 0.004
5 0.01 0 0.004
5 0.01 0 0.004
5 0.01 0 0.004
5 0.01 0 0.004
5 0.01 0 0.004
5 0.01 0 0.004
5 0.01 0 0.004
5 0.01 0 0.004
5 0.01 0 0.004
5 0.01 0 0.004
5 0.01 0 0.004
5 0.01 0 0.004
5 0.01 0 0.004
5 0.01 0 0.004
5 0.01 0 0.004
5 0.01 0 0.004
5 0.01 0 0.004
5 0.01 0 0.004
5 0.01 0 0.004
5 0.01 0 0.004
5 0.01 0 0.004
5 0.01 0 0.004
5 0.01 0 0.004
5 0.01 0 0.004
5 0.01 0 0.004
5 0.01 0 0.004
5 0.01 0 0.004
5 0.01 0 0.004
5 0.01 0 0.004
5 0.01 0 0.004
5 0.01 0 0.004
5 0.01 0 0.004
5 0.01 0 0.004
5 0.01 0 0.004
5 0.01 0 0.004
5 0.01 0 0.004
5 0.01 0 0.004
5 0.01 0 0.004
5 0.01 0 0.004
5 0.01 0 0.004
5 0.01 0 0.004
5 0.01 0 0.004
5 0.01 0 0.004
5 0.01 0 0.004
5 0.01 0 0.004
5 0.01 0 0.004
5 0.01 0 0.004
5 0.01 0 0.004
5 0.01 0 0.004
5 0.01 0 0.004
5 0.01 0 0.004
5 0.01 0 0.004
5 0.01 0 0.004
5 0.01 0 0.004
5 0.01 0 0.004
5 0.01 0 0.004
5 0.01 0 0.004
5 0.01 0 0.004
5 0.01 0 0.004
5 0.01 0 0.004
5 0.01 0 0.004
5 0.01 0 0.004
5 0.01 0 0.004
5 0.01 0 0.004
5 0.01 0 0.004
5 0.01 0 0.004
5 0.01 0 0.004
5 0.01 0 0.004
5 0.01 0 0.004
5 0.01 0 0.004
5 0.01 0 0.004
5 0.01 0 0.004
5 0.01 0 0.004
5 0.01 0 0.004
5 0.01 0 0.004
5 0.01 0 0.004
5 0.01 0 0.004
5 0.01 0 0.004
5 0.01 0 0.004
5 0.01 0 0.004
5 0.01 0 0.004
5 0.01 0 0.004
5 0.01 0 0.004
5 0.01 0 0.004
5 0.01 0 0.004
5 0.01 0 0.004
5 0.01 0 0.004
5 0.01 0 0.004
5 0.01 0 0.004
5 0.01 0 0.004
5 0.01 0 0.004
5 0.01 0 0.004
5 0.01 0 0.004
5 0.01 0 0.004
5 0.01 0 0.004
5 0.01 0 0.004
5 0.01 0 0.004
5 0.01 0 0.004
5 0.01 0 0.004
5 0.01 0 0.004
5 0.01 0 0.004
5 0.01 0 0.004
5 0.01 0 0.004
5 0.01 0 0.004
5 0.01 0 0.004
5 0.01 0 0.004
5 0.01 0 0.004
5 0.01 0 0.004
5 0.01 0 0.004
5 0.01 0 0.004
5 0.01 0 0.004
5 0.01 0 0.004
5 0.01 0 0.004
5 0.01 0 0.004
5 0.01 0 0.004
5 0.01 0 0.004
5 0.01 0 0.004
5 0.01 0 0.004
5 0.01 0 0.004
5 0.01 0 0.004
5 0.01 0 0.004
5 0.01 0 0.004
5 0.01 0 0.004
5 0.01 0 0.004
5 0.01 0 0.004
5 0.01 0 0.004
5 0.01 0 0.004
5 0.01 0 0.004
5 0.01 0 0.004
5 0.01 0 0.004
5 0.01 0 0.004
5 0.01 0 0.004
5 0.01 0 0.004
5 0.01 0 0.004
5 0.01 0 0.004
5 0.01 0 0.004
5 0.01 0 0.004
5 0.01 0 0.004
5 0.01 0 0.004
5 0.01 0 0.004
5 0.01 0 0.004
5 0.01 0 0.004
5 0.01 0 0.004
5 0.01 0 0.004
5 0.01 0 0.004
5 0.01 0 0.004
5 0.01 0 0.004
5 0.01 0 0.004
5 0.01 0 0.004
5 0.01 0 0.004
5 0.01 0 0.004
5 0.01 0 0.004
5 0.01 0 0.004
5 0.01 0 0.004
5 0.01 0 0.004
5 0.01 0 0.004
5 0.01 0 0.004
5 0.01 0 0.004
5 0.01 0 0.004
5 0.01 0 0.004
5 0.01 0.0594521 0.004
5 0.01 0 0.004
5 0.01 0 0.004
5 0.01 0 0.004
5 0.01 0 0.004
5 0.01 0 0.004
5 0.01 0 0.004
5 0.01 0 0.004
5 0.01 0 0.004
5 0.01 0 0.004
5 0.01 0 0.004
5 0.01 0 0.004
5 0.01 0 0.004
5 0.01 0 0.004
5 0.01 0 0.004
5 0.01 0 0.004
5 0.01 0 0.004
5 0.01 0 0.004
5 0.01 0 0.004
5 0.01 0 0.004
5 0.01 0 0.004
5 0.01 0 0.004
5 0.01 0 0.004
5 0.01 0 0.004
5 0.01 0 0.004
5 0.01 0 0.004
5 0.01 0 0.004
5 0.01 0 0.004
5 0.01 0 0.004
5 0.01 0 0.004
5 0.01 0.0182684 0.004
5 0.01 0 0.004
5 0.01 0 0.004
5 0.01 0 0.004
5 0.01 0 0.004
5 0.01 0 0.004
5 0.01 0 0.004
5 0.01 0 0.004
5 0.01 0 0.004
5 0.01 0 0.004
5 0.1 0 0.004
5 0.1 0.0165299 0.004
5 0.1 0 0.004
5 0.1 0 0.004
5 0.1 0 0.004
5 0.1 0 0.004
5 0.1 0 0.004
5 0.1 0 0.004
5 0.1 1.24693e-09 0.004
5 0.1 0 0.004
5 0.1 0 0.004
5 0.1 0 0.004
5 0.1 0 0.004
5 0.1 0 0.004
5 0.1 0 0.004
5 0.1 0 0.004
5 0.1 0 0.004
5 0.1 0 0.004
5 0.1 0 0.004
5 0.1 0 0.004
5 0.1 0 0.004
5 0.1 0 0.004
5 0.1 0 0.004
5 0.1 0 0.004
5 0.1 0 0.004
5 0.1 0 0.004
5 0.1 0 0.004
5 0.1 0 0.004
5 0.1 0 0.004
5 0.1 0 0.004
5 0.1 0 0.004
5 0.1 0 0.004
5 0.1 0 0.004
5 0.1 0 0.004
5 0.1 0 0.004
5 0.1 0 0.004
5 0.1 0 0.004
5 0.1 0 0.004
5 0.1 0 0.004
5 0.1 0 0.004
5 0.1 0 0.004
5 0.1 0 0.004
5 0.1 0 0.004
5 0.1 0 0.004
5 0.1 0 0.004
5 0.1 0 0.004
5 0.1 0 0.004
5 0.1 0 0.004
5 0.1 0 0.004
5 0.1 0 0.004
5 0.1 0 0.004
5 0.1 0 0.004
5 0.1 0 0.004
5 0.1 0 0.004
5 0.1 0 0.004
5 0.1 0 0.004
5 0.1 0 0.004
5 0.1 0 0.004
5 0.1 0 0.004
5 0.1 0 0.004
5 0.1 0 0.004
5 0.1 0 0.004
5 0.1 0 0.004
5 0.1 0 0.004
5 0.1 0 0.004
5 0.1 0 0.004
5 0.1 0 0.004
5 0.1 0 0.004
5 0.1 0 0.004
5 0.1 0 0.004
5 0.1 0 0.004
5 0.1 0 0.004
5 0.1 0 0.004
5 0.1 0 0.004
5 0.1 0 0.004
5 0.1 0 0.004
5 0.1 0 0.004
5 0.1 0 0.004
5 0.1 0 0.004
5 0.1 0 0.004
5 0.1 0 0.004
5 0.1 0 0.004
5 0.1 0 0.004
5 0.1 0 0.004
5 0.1 0 0.004
5 0.1 0 0.004
5 0.1 0 0.004
5 0.1 0 0.004
5 0.1 0 0.004
5 0.1 0 0.004
5 0.1 0 0.004
5 0.1 0 0.004
5 0.1 0 0.004
5 0.1 0 0.004
5 0.1 0 0.004
5 0.1 0 0.004
5 0.1 0 0.004
5 0.1 0 0.004
5 0.1 0 0.004
5 0.1 0 0.004
5 0.1 0 0.004
5 0.1 0 0.004
5 0.1 0 0.004
5 0.1 0 0.004
5 0.1 0 0.004
5 0.1 0 0.004
5 0.1 0 0.004
5 0.1 0 0.004
5 0.1 0 0.004
5 0.1 0 0.004
5 0.1 0 0.004
5 0.1 0 0.004
5 0.1 0 0.004
5 0.1 0 0.004
5 0.1 0 0.004
5 0.1 0 0.004
5 0.1 0 0.004
5 0.1 0 0.004
5 0.1 0 0.004
5 0.1 0 0.004
5 0.1 0 0.004
5 0.1 0 0.004
5 0.1 0 0.004
5 0.1 0 0.004
5 0.1 0 0.004
5 0.1 0 0.004
5 0.1 0 0.004
5 0.1 0 0.004
5 0.1 0 0.004
5 0.1 0 0.004
5 0.1 0 0.004
5 0.1 0 0.004
5 0.1 0 0.004
5 0.1 0 0.004
5 0.1 0 0.004
5 0.1 0 0.004
5 0.1 0 0.004
5 0.1 0 0.004
5 0.1 0 0.004
5 0.1 0 0.004
5 0.1 0 0.004
5 0.1 0 0.004
5 0.1 0 0.004
5 0.1 0 0.004
5 0.1 0 0.004
5 0.1 0 0.004
5 0.1 0 0.004
5 0.1 0 0.004
5 0.1 0 0.004
5 0.1 0 0.004
5 0.1 0 0.004
5 0.1 0 0.004
5 0.1 0 0.004
5 0.1 0 0.004
5 0.1 0 0.004
5 0.1 0 0.004
5 0.1 0 0.004
5 0.1 0 0.004
5 0.1 0 0.004
5 0.1 0 0.004
5 0.1 0 0.004
5 0.1 0 0.004
5 0.1 0 0.004
5 0.1 0 0.004
5 0.1 0 0.004
5 0.1 0 0.004
5 0.1 0 0.004
5 0.1 0 0.004
5 0.1 0 0.004
5 0.1 0 0.004
5 0.1 0 0.004
5 0.1 0 0.004
5 0.1 0 0.004
5 0.1 0 0.004
5 0.1 0 0.004
5 0.1 0 0.004
5 0.1 0 0.004
5 0.1 0 0.004
5 0.1 0 0.004
5 0.1 0 0.004
5 0.1 0 0.004
5 0.1 0 0.004
5 0.1 0 0.004
5 0.1 0 0.004
5 0.1 0 0.004
5 0.1 0 0.004
5 0.1 0 0.004
5 0.1 0 0.004
5 0.1 0 0.004
5 0.1 0 0.004
5 0.1 0 0.004
5 0.1 0 0.004
5 0.1 0 0.004
5 0.1 0 0.004
5 0.1 0 0.004
5 0.1 0 0.004
5 0.1 0 0.004
5 0.1 0 0.004
5 0.1 0 0.004
5 0.1 0 0.004
5 0.1 0 0.004
5 0.1 0 0.004
5 0.1 0 0.004
5 0.1 0 0.004
5 0.1 0 0.004
5 0.1 0 0.004
5 0.1 0 0.004
5 0.1 0 0.004
5 0.1 0 0.004
5 0.1 0 0.004
5 0.1 0.000551656 0.004
5 0.1 0 0.004
5 0.1 0 0.004
5 0.1 0 0.004
5 0.1 0 0.004
5 0.1 0 0.004
5 0.1 0 0.004
5 0.1 0 0.004
5 0.1 0 0.004
5 0.1 0 0.004
5 0.1 0 0.004
5 0.1 0 0.004
5 0.1 0 0.004
5 0.1 0 0.004
5 0.1 0 0.004
5 0.1 0 0.004
5 0.1 0 0.004
5 0.1 0 0.004
5 0.1 0 0.004
5 0.1 0 0.004
5 0.1 0 0.004
5 0.1 0 0.004
5 0.1 0 0.004
5 0.1 0 0.004
5 0.1 0 0.004
5 0.1 0 0.004
5 0.1 0 0.004
5 0.1 0 0.004
5 0.1 0 0.004
5 0.1 0 0.004
5 0.1 4.13994e-09 0.004
5 0.1 0 0.004
5 0.1 0 0.004
5 0.1 0 0.004
5 0.1 0 0.004
5 0.1 0 0.004
5 0.1 0 0.004
5 0.1 0 0.004
5 0.1 0 0.004
5 0.1 0 0.004
5 1 0 0.004
5 1 1.523e-09 0.004
5 1 0 0.004
5 1 0 0.004
5 1 0 0.004
5 1 0 0.004
5 1 0 0.004
5 1 0 0.004
5 1 9.08666e-81 0.004
5 1 0 0.004
5 1 0 0.004
5 1 0 0.004
5 1 0 0.004
5 1 0 0.004
5 1 0 0.004
5 1 0 0.004
5 1 0 0.004
5 1 0 0.004
5 1 0 0.004
5 1 0 0.004
5 1 0 0.004
5 1 0 0.004
5 1 0 0.004
5 1 0 0.004
5 1 0 0.004
5 1 0 0.004
5 1 0 0.004
5 1 0 0.004
5 1 0 0.004
5 1 0 0.004
5 1 0 0.004
5 1 0 0.004
5 1 0 0.004
5 1 0 0.004
5 1 0 0.004
5 1 0 0.004
5 1 0 0.004
5 1 0 0.004
5 1 0 0.004
5 1 0 0.004
5 1 0 0.004
5 1 0 0.004
5 1 0 0.004
5 1 0 0.004
5 1 0 0.004
5 1 0 0.004
5 1 0 0.004
5 1 0 0.004
5 1 0 0.004
5 1 0 0.004
5 1 0 0.004
5 1 0 0.004
5 1 0 0.004
5 1 0 0.004
5 1 0 0.004
5 1 0 0.004
5 1 0 0.004
5 1 0 0.004
5 1 0 0.004
5 1 0 0.004
5 1 0 0.004
5 1 0 0.004
5 1 0 0.004
5 1 0 0.004
5 1 0 0.004
5 1 0 0.004
5 1 0 0.004
5 1 0 0.004
5 1 0 0.004
5 1 0 0.004
5 1 0 0.004
5 1 0 0.004
5 1 0 0.004
5 1 0 0.004
5 1 0 0.004
5 1 0 0.004
5 1 0 0.004
5 1 0 0.004
5 1 0 0.004
5 1 0 0.004
5 1 0 0.004
5 1 0 0.004
5 1 0 0.004
5 1 0 0.004
5 1 0 0.004
5 1 0 0.004
5 1 0 0.004
5 1 0 0.004
5 1 0 0.004
5 1 0 0.004
5 1 0 0.004
5 1 0 0.004
5 1 0 0.004
5 1 0 0.004
5 1 0 0.004
5 1 0 0.004
5 1 0 0.004
5 1 0 0.004
5 1 0 0.004
5 1 0 0.004
5 1 0 0.004
5 1 0 0.004
5 1 0 0.004
5 1 0 0.004
5 1 0 0.004
5 1 0 0.004
5 1 0 0.004
5 1 0 0.004
5 1 0 0.004
5 1 0 0.004
5 1 0 0.004
5 1 0 0.004
5 1 0 0.004
5 1 0 0.004
5 1 0 0.004
5 1 0 0.004
5 1 0 0.004
5 1 0 0.004
5 1 0 0.004
5 1 0 0.004
5 1 0 0.004
5 1 0 0.004
5 1 0 0.004
5 1 0 0.004
5 1 0 0.004
5 1 0 0.004
5 1 0 0.004
5 1 0 0.004
5 1 0 0.004
5 1 0 0.004
5 1 0 0.004
5 1 0 0.004
5 1 0 0.004
5 1 0 0.004
5 1 0 0.004
5 1 0 0.004
5 1 0 0.004
5 1 0 0.004
5 1 0 0.004
5 1 0 0.004
5 1 0 0.004
5 1 0 0.004
5 1 0 0.004
5 1 0 0.004
5 1 0 0.004
5 1 0 0.004
5 1 0 0.004
5 1 0 0.004
5 1 0 0.004
5 1 0 0.004
5 1 0 0.004
5 1 0 0.004
5 1 0 0.004
5 1 0 0.004
5 1 0 0.004
5 1 0 0.004
5 1 0 0.004
5 1 0 0.004
5 1 0 0.004
5 1 0 0.004
5 1 0 0.004
5 1 0 0.004
5 1 0 0.004
5 1 0 0.004
5 1 0 0.004
5 1 0 0.004
5 1 0 0.004
5 1 0 0.004
5 1 0 0.004
5 1 0 0.004
5 1 0 0.004
5 1 0 0.004
5 1 0 0.004
5 1 0 0.004
5 1 0 0.004
5 1 0 0.004
5 1 0 0.004
5 1 0 0.004
5 1 0 0.004
5 1 0 0.004
5 1 0 0.004
5 1 0 0.004
5 1 0 0.004
5 1 0 0.004
5 1 0 0.004
5 1 0 0.004
5 1 0 0.004
5 1 0 0.004
5 1 0 0.004
5 1 0 0.004
5 1 0 0.004
5 1 0 0.004
5 1 0 0.004
5 1 0 0.004
5 1 0 0.004
5 1 0 0.004
5 1 0 0.004
5 1 0 0.004
5 1 0 0.004
5 1 0 0.004
5 1 0 0.004
5 1 0 0.004
5 1 0 0.004
5 1 0 0.004
5 1 0 0.004
5 1 0 0.004
5 1 0 0.004
5 1 0 0.004
5 1 0 0.004
5 1 0 0.004
5 1 2.61028e-24 0.004
5 1 0 0.004
5 1 0 0.004
5 1 0 0.004
5 1 0 0.004
5 1 0 0.004
5 1 0 0.004
5 1 0 0.004
5 1 0 0.004
5 1 0 0.004
5 1 0 0.004
5 1 0 0.004
5 1 0 0.004
5 1 0 0.004
5 1 0 0.004
5 1 0 0.004
5 1 0 0.004
5 1 0 0.004
5 1 0 0.004
5 1 0 0.004
5 1 0 0.004
5 1 0 0.004
5 1 0 0.004
5 1 0 0.004
5 1 0 0.004
5 1 0 0.004
5 1 0 0.004
5 1 0 0.004
5 1 0 0.004
5 1 0 0.004
5 1 1.4789e-75 0.004
5 1 0 0.004
5 1 0 0.004
5 1 0 0.004
5 1 0 0.004
5 1 0 0.004
5 1 0 0.004
5 1 0 0.004
5 1 0 0.004
5 1 0 0.004
