0 1
714 715
755 756
3846 3848
3853 3854
9150 9151
9157 9158
9233 9235
9236 9237
9244 9245
91234 91235
91251 91252
91538 91539
91554 91555
91578 91579
91582 91583
278097 278098
278100 278102
278113 278114
281058 281059
281070 281071
281073 281074
281077 281078
322353 322355
322356 322357
322553 322555
322756 322757
322758 322760
322775 322776
322789 322790
322795 322796
322798 322799
322827 322828
322840 322841
479181 479182
479185 479186
479187 479190
479192 479193
481658 481659
482372 482374
482386 482387
494347 494348
494355 494356
575135 575136
575145 575147
575983 575984
582706 582709
582710 582711
582722 582723
582729 582731
974361 974363
1031344 1031345
1102544 1102546
1102563 1102564
1102565 1102567
1103324 1103325
1103701 1103702
1103704 1103705
1103820 1103822
