0 1
13 14
241 243
419 420
421 422
423 424
425 430
431 432
452 453
3476 3477
3485 3486
3525 3526
7925 7926
7927 7928
7930 7931
7947 7948
7951 7953
7960 7962
7968 7970
7972 7974
8028 8029
8031 8032
8033 8034
8035 8037
206927 206933
206935 206936
206937 206939
206941 206942
206943 206944
206978 206979
211190 211191
211251 211252
211259 211261
211819 211820
211827 211828
211851 211852
213163 213164
213175 213176
213229 213230
213231 213232
213234 213235
213673 213674
213704 213706
213710 213712
419127 419131
419143 419144
419146 419148
419288 419289
419290 419291
419292 419293
419307 419308
419406 419408
420274 420276
420313 420314
