0 1
45 46
534 535
536 537
4139 4141
4144 4146
4147 4148
909873 909874
909892 909893
910031 910032
910034 910035
910042 910043
910158 910160
910174 910176
910204 910205
910206 910207
910209 910210
910214 910215
910217 910218
913339 913344
1016062 1016064
1016831 1016832
1016862 1016864
1016897 1016901
1016927 1016928
1016941 1016942
1016948 1016949
1016950 1016951
1016953 1016954
1017031 1017032
1017044 1017045
1017119 1017120
1045097 1045100
1045105 1045106
1045108 1045109
1045120 1045121
1045214 1045216
1045501 1045502
1045506 1045508
1045866 1045867
1045879 1045880
1105269 1105270
1105348 1105349
1105350 1105351
1105846 1105847
1106106 1106107
1106108 1106109
1106119 1106120
1106128 1106129
1106168 1106169
1106172 1106173
1106186 1106187
1106203 1106205
1106346 1106347
1348964 1348965
1352218 1352219
1352220 1352221
1352227 1352228
1352253 1352254
1352427 1352428
1352432 1352435
1352437 1352438
1352508 1352509
1352511 1352512
1352521 1352523
