0 2
3 4
5 7
245 246
4256 4257
4275 4276
4279 4280
4282 4283
139319 139322
139337 139338
139340 139342
139353 139354
139358 139359
147826 147828
147829 147834
147859 147860
147864 147865
147940 147941
147943 147944
170060 170061
170085 170087
170092 170093
170266 170267
170271 170272
170273 170274
170289 170290
170653 170654
175285 175287
175288 175290
175293 175295
175330 175331
175384 175386
175406 175408
175414 175415
1220911 1220912
1220913 1220914
1220915 1220916
1220928 1220929
1226942 1226943
1442184 1442186
1442271 1442273
1442275 1442276
