0 3
15521 15522
15526 15527
15541 15542
861108 861109
861110 861111
861391 861394
861428 861429
861431 861432
861444 861446
861506 861507
861867 861868
862156 862157
862166 862167
862168 862169
862182 862184
862235 862238
879296 879298
937896 937897
937952 937953
938100 938101
938112 938113
938125 938126
938131 938132
938134 938136
940197 940198
940202 940203
940210 940212
942295 942299
942374 942375
942391 942396
942397 942399
943187 943188
943216 943217
943259 943262
943265 943266
943273 943276
943277 943278
1017438 1017439
1017450 1017452
