0 1
4 5
17 18
19 20
35 36
37 38
15211 15212
15250 15252
15559 15560
18836 18837
19236 19240
30782 30784
30786 30787
30800 30801
30844 30845
30862 30865
31022 31023
32803 32804
32814 32815
32816 32817
33617 33618
33627 33628
33778 33779
33781 33783
63849 63850
64090 64091
64092 64093
64136 64137
82032 82033
82035 82036
82049 82050
82070 82071
82260 82262
82269 82270
112220 112221
112225 112226
112230 112231
112232 112234
239080 239081
239114 239115
239137 239139
239145 239147
239153 239154
239358 239359
239361 239362
239368 239369
241669 241670
241689 241690
242845 242846
244800 244801
244909 244910
244916 244917
244918 244919
244985 244986
245069 245070
245131 245132
245158 245160
250666 250667
250672 250674
250675 250676
250680 250681
250699 250700
