0 1
159444 159445
159446 159447
159462 159463
159479 159480
175786 175788
175823 175825
175826 175827
175830 175831
175836 175837
177062 177064
177065 177066
177090 177091
177093 177095
180882 180883
180884 180885
188157 188158
188174 188177
188178 188181
188183 188185
188186 188187
188348 188350
189408 189409
189421 189422
194742 194743
194744 194745
194832 194833
194858 194859
194907 194908
194909 194912
194921 194922
194934 194935
194938 194939
194988 194989
220143 220144
220167 220168
220170 220172
220204 220205
247773 247775
247778 247779
247794 247795
247796 247797
440976 440977
441190 441191
445617 445618
445622 445623
445624 445626
445632 445633
445651 445652
445670 445671
445673 445674
445676 445677
445679 445680
445754 445756
