0 0
1 1.144e-05
2 6.9996e-06
3 5.8396e-06
4 4.6e-06
5 4.6796e-06
6 4.2396e-06
7 3.72e-06
8 3.52e-06
9 2.64e-06
10 2.5592e-06
11 2.76e-06
12 1.96e-06
13 1.96e-06
14 2.12e-06
15 2.3596e-06
16 1.9196e-06
17 1.8e-06
18 2.4396e-06
19 1.44e-06
20 1.76e-06
21 1.9996e-06
22 1.84e-06
23 1.8792e-06
24 1.48e-06
25 2.2396e-06
26 1.36e-06
27 1.7592e-06
28 1.1196e-06
29 1.3196e-06
30 1.4e-06
31 1.3996e-06
32 1.44e-06
33 1.36e-06
34 1.56e-06
35 1.2396e-06
36 1.24e-06
37 1.64e-06
38 1.16e-06
39 1.32e-06
40 1.1996e-06
41 1.16e-06
42 1.32e-06
43 9.6e-07
44 8.8e-07
45 9.59602e-07
46 9.6e-07
47 1.0396e-06
48 1.0396e-06
49 1.2e-06
50 1.2e-06
51 9.19204e-07
52 1.08e-06
53 1.4396e-06
54 7.6e-07
55 1.12e-06
56 8.8e-07
57 7.6e-07
58 8.4e-07
59 6e-07
60 5.6e-07
61 8.39602e-07
62 9.6e-07
63 8.39602e-07
64 6.8e-07
65 7.99602e-07
66 8.8e-07
67 8.4e-07
68 8e-07
69 8.79602e-07
70 8e-07
71 1e-06
72 9.19602e-07
73 1.1996e-06
74 6.4e-07
75 7.6e-07
76 9.99602e-07
77 1.1996e-06
78 6.79602e-07
79 9.2e-07
80 6.4e-07
81 1.12e-06
82 7.2e-07
83 8.4e-07
84 1.1196e-06
85 7.2e-07
86 6.79602e-07
87 8.4e-07
88 7.59204e-07
89 9.59204e-07
90 6.39602e-07
91 8e-07
92 6.8e-07
93 7.6e-07
94 6.39602e-07
95 9.59204e-07
96 7.2e-07
97 8e-07
98 5.99602e-07
99 5.19602e-07
100 7.2e-07
101 7.6e-07
102 8e-07
103 4.8e-07
104 7.59204e-07
105 8e-07
106 6e-07
107 5.6e-07
108 8.8e-07
109 2.8e-07
110 8e-07
111 2e-07
112 8.79602e-07
113 5.99204e-07
114 7.6e-07
115 8.4e-07
116 4e-07
117 6.39602e-07
118 3.2e-07
119 5.6e-07
120 4.8e-07
121 7.2e-07
122 6.39602e-07
123 7.2e-07
124 5.2e-07
125 3.19602e-07
126 7.6e-07
127 6.8e-07
128 3.6e-07
129 5.2e-07
130 4.8e-07
131 6.4e-07
132 6.8e-07
133 6.4e-07
134 6e-07
135 4e-07
136 4e-07
137 3.99602e-07
138 5.59602e-07
139 4.4e-07
140 8e-07
141 6.39602e-07
142 3.2e-07
143 4e-07
144 4.8e-07
145 7.19602e-07
146 7.19204e-07
147 5.99602e-07
148 4.8e-07
149 6.4e-07
150 6.4e-07
151 4e-07
152 4e-07
153 4.8e-07
154 7.59602e-07
155 6e-07
156 6.39602e-07
157 3.6e-07
158 3.19602e-07
159 5.6e-07
160 3.2e-07
161 2e-07
162 6e-07
163 5.2e-07
164 5.2e-07
165 4e-07
166 4.8e-07
167 4e-07
168 4.39602e-07
169 5.2e-07
170 4.39602e-07
171 3.2e-07
172 6.39602e-07
173 4.8e-07
174 3.6e-07
175 4.4e-07
176 4.39602e-07
177 4e-07
178 4e-07
179 5.59208e-07
180 4.39602e-07
181 5.6e-07
182 5.19602e-07
183 5.6e-07
184 4e-07
185 1.99602e-07
186 5.6e-07
187 6.8e-07
188 4e-07
189 6e-07
190 4.4e-07
191 4.39602e-07
192 4.39602e-07
193 5.19602e-07
194 3.59602e-07
195 3.6e-07
196 6.4e-07
197 5.6e-07
198 3.2e-07
199 2.79602e-07
200 6e-07
201 4.8e-07
202 3.99602e-07
203 5.2e-07
204 3.6e-07
205 2.4e-07
206 5.2e-07
207 5.6e-07
208 3.6e-07
209 4.8e-07
210 2.4e-07
211 6.4e-07
212 4e-07
213 4e-07
214 4.79204e-07
215 4.4e-07
216 4.8e-07
217 2.4e-07
218 4.4e-07
219 3.59602e-07
220 4e-07
221 6.4e-07
222 4e-07
223 5.99204e-07
224 3.2e-07
225 3.59602e-07
226 6.79602e-07
227 5.2e-07
228 3.2e-07
229 3.99602e-07
230 3.19602e-07
231 3.99602e-07
232 5.59204e-07
233 3.2e-07
234 4.8e-07
235 3.6e-07
236 4.8e-07
237 1.6e-07
238 4.79602e-07
239 2.4e-07
240 5.6e-07
241 3.6e-07
242 4.39602e-07
243 3.2e-07
244 4.39602e-07
245 3.6e-07
246 3.19602e-07
247 3.99602e-07
248 2.8e-07
249 3.2e-07
250 4.4e-07
251 5.6e-07
252 1.6e-07
253 6.8e-07
254 2.8e-07
255 2e-07
256 4.4e-07
257 3.99602e-07
258 3.2e-07
259 2.4e-07
260 4.4e-07
261 6.39602e-07
262 4.39602e-07
263 3.6e-07
264 4e-07
265 3.2e-07
266 2.39602e-07
267 5.6e-07
268 3.99602e-07
269 2.4e-07
270 5.19602e-07
271 3.6e-07
272 2.8e-07
273 2.8e-07
274 2.4e-07
275 2e-07
276 3.2e-07
277 4.4e-07
278 3.59602e-07
279 3.59602e-07
280 4e-07
281 3.6e-07
282 3.19602e-07
283 1.6e-07
284 5.59602e-07
285 5.19602e-07
286 3.6e-07
287 3.99602e-07
288 3.2e-07
289 3.19602e-07
290 5.19602e-07
291 1.59602e-07
292 1.6e-07
293 3.2e-07
294 2.8e-07
295 4e-07
296 3.2e-07
297 3.19602e-07
298 3.6e-07
299 3.6e-07
300 4.8e-07
301 2.39602e-07
302 2.4e-07
303 3.2e-07
304 4.4e-07
305 3.6e-07
306 2e-07
307 3.2e-07
308 3.6e-07
309 4.4e-07
310 4e-07
311 2e-07
312 3.19602e-07
313 2e-07
314 4e-07
315 3.59602e-07
316 4e-07
317 4e-07
318 4.79602e-07
319 3.2e-07
320 2.4e-07
321 7.9602e-08
322 2.8e-07
323 2.4e-07
324 1.6e-07
325 2.39208e-07
326 5.6e-07
327 2.8e-07
328 4e-07
329 3.59602e-07
330 4.39602e-07
331 3.59602e-07
332 4.8e-07
333 4.4e-07
334 3.99602e-07
335 4.4e-07
336 3.2e-07
337 4.4e-07
338 2e-07
339 3.6e-07
340 3.2e-07
341 4.4e-07
342 3.59602e-07
343 3.6e-07
344 2.4e-07
345 3.6e-07
346 2.4e-07
347 2.8e-07
348 2.79204e-07
349 3.2e-07
350 1.99602e-07
351 5.2e-07
352 2.79208e-07
353 3.59602e-07
354 3.99602e-07
355 4.4e-07
356 3.1881e-07
357 2e-07
358 3.59602e-07
359 8e-08
360 3.2e-07
361 3.59602e-07
362 3.6e-07
363 1.2e-07
364 8e-08
365 2.8e-07
366 4e-07
367 2.4e-07
368 2.4e-07
369 4e-07
370 2.4e-07
371 4.39204e-07
372 2.39602e-07
373 1.6e-07
374 1.2e-07
375 5.19208e-07
376 1.99602e-07
377 2.4e-07
378 5.99602e-07
379 5.19602e-07
380 3.19602e-07
381 2.4e-07
382 5.6e-07
383 4e-07
384 4e-07
385 2.79602e-07
386 4.4e-07
387 1.2e-07
388 4.8e-07
389 4.4e-07
390 2.8e-07
391 1.6e-07
392 2.4e-07
393 2.8e-07
394 3.6e-07
395 2e-07
396 4e-07
397 3.59602e-07
398 1.99602e-07
399 2.8e-07
400 5.2e-07
401 2.8e-07
402 3.2e-07
403 1.6e-07
404 3.6e-07
405 2.8e-07
406 4.79602e-07
407 3.2e-07
408 3.2e-07
409 2.8e-07
410 3.19602e-07
411 1.6e-07
412 3.2e-07
413 4e-07
414 2.8e-07
415 2e-07
416 1.6e-07
417 3.59602e-07
418 2.4e-07
419 2e-07
420 1.2e-07
421 1.6e-07
422 2.79602e-07
423 4.8e-07
424 2e-07
425 6.4e-07
426 2e-07
427 3.99602e-07
428 2.79602e-07
429 4.4e-07
430 2.4e-07
431 1.6e-07
432 3.59602e-07
433 3.6e-07
434 1.6e-07
435 2.39602e-07
436 3.58412e-07
437 3.2e-07
438 3.6e-07
439 3.6e-07
440 2.4e-07
441 1.2e-07
442 3.59602e-07
443 1.6e-07
444 1.6e-07
445 3.2e-07
446 3.59602e-07
447 1.6e-07
448 4e-08
449 2.8e-07
450 2.78806e-07
451 3.19602e-07
452 2.39602e-07
453 2e-07
454 1.2e-07
455 4.4e-07
456 4e-07
457 3.99204e-07
458 2.39602e-07
459 2e-07
460 1.59602e-07
461 2.8e-07
462 3.2e-07
463 4e-07
464 5.2e-07
465 2.8e-07
466 2.79602e-07
467 1.2e-07
468 5.5881e-07
469 3.2e-07
470 2.4e-07
471 2.8e-07
472 2.8e-07
473 3.19602e-07
474 2e-07
475 2e-07
476 2.4e-07
477 2e-07
478 2.8e-07
479 2.8e-07
480 1.2e-07
481 2.8e-07
482 5.59204e-07
483 2e-07
484 2e-07
485 2e-07
486 3.6e-07
487 2.39602e-07
488 2.79602e-07
489 1.2e-07
490 6e-07
491 3.2e-07
492 2e-07
493 3.2e-07
494 3.2e-07
495 1.6e-07
496 2.79602e-07
497 1.99602e-07
498 2.79204e-07
499 2.4e-07
500 2.4e-07
501 3.2e-07
502 3.99602e-07
503 1.99602e-07
504 1.6e-07
505 1.6e-07
506 2.4e-07
507 2.79602e-07
508 3.99602e-07
509 3.19602e-07
510 4.39602e-07
511 2.4e-07
512 1.6e-07
513 2.8e-07
514 4.79602e-07
515 2e-07
516 2.4e-07
517 1.6e-07
518 4.39602e-07
519 4e-07
520 2.8e-07
521 1.2e-07
522 3.2e-07
523 1.99602e-07
524 2.79602e-07
525 2e-07
526 1.59602e-07
527 1.6e-07
528 2.4e-07
529 3.6e-07
530 3.59602e-07
531 3.2e-07
532 1.6e-07
533 1.2e-07
534 4e-07
535 2.8e-07
536 2.8e-07
537 2e-07
538 1.99208e-07
539 3.2e-07
540 2.8e-07
541 1.6e-07
542 3.2e-07
543 1.2e-07
544 2.4e-07
545 2.39204e-07
546 2.8e-07
547 3.6e-07
548 1.6e-07
549 2e-07
550 2.79204e-07
551 2.39204e-07
552 3.6e-07
553 3.2e-07
554 2e-07
555 3.6e-07
556 3.98806e-07
557 1.99602e-07
558 1.59602e-07
559 2.8e-07
560 1.2e-07
561 1.19602e-07
562 4.4e-07
563 3.2e-07
564 3.6e-07
565 4.39602e-07
566 2.79602e-07
567 2.4e-07
568 1.99602e-07
569 1.6e-07
570 2.8e-07
571 2e-07
572 2.4e-07
573 2.4e-07
574 2e-07
575 2.39602e-07
576 4.39602e-07
577 1.59602e-07
578 1.6e-07
579 3.2e-07
580 1.2e-07
581 4.4e-07
582 2.4e-07
583 2.8e-07
584 1.2e-07
585 0
586 2.4e-07
587 1.6e-07
588 1.2e-07
589 2.4e-07
590 2.39602e-07
591 1.6e-07
592 2e-07
593 1.6e-07
594 2.8e-07
595 1.6e-07
596 3.19602e-07
597 2.8e-07
598 4e-07
599 1.2e-07
600 1.2e-07
601 3.2e-07
602 1.6e-07
603 2.8e-07
604 2e-07
605 1.6e-07
606 2.39602e-07
607 2e-07
608 2.79602e-07
609 2.4e-07
610 3.19602e-07
611 4e-07
612 1.6e-07
613 2e-07
614 2e-07
615 1.6e-07
616 1.59602e-07
617 3.58806e-07
618 3.99204e-07
619 4e-07
620 1.6e-07
621 1.6e-07
622 1.6e-07
623 3.2e-07
624 2.39602e-07
625 2e-07
626 2e-07
627 1.2e-07
628 2.4e-07
629 4e-08
630 2e-07
631 2.79602e-07
632 1.6e-07
633 2.4e-07
634 1.99602e-07
635 2.4e-07
636 3.2e-07
637 3.99602e-07
638 3.99602e-07
639 3.2e-07
640 8e-08
641 1.6e-07
642 1.6e-07
643 2.8e-07
644 3.59602e-07
645 2.4e-07
646 1.19602e-07
647 2e-07
648 2e-07
649 4.4e-07
650 2.79204e-07
651 8e-08
652 1.6e-07
653 3.2e-07
654 2.4e-07
655 8e-08
656 1.59602e-07
657 1.99602e-07
658 1.2e-07
659 8e-08
660 2e-07
661 2.4e-07
662 1.6e-07
663 2e-07
664 3.2e-07
665 2e-07
666 3.19204e-07
667 2e-07
668 1.59602e-07
669 8e-08
670 1.99602e-07
671 2.4e-07
672 1.2e-07
673 1.6e-07
674 8e-08
675 2.79602e-07
676 8e-08
677 1.59602e-07
678 4.4e-07
679 3.19204e-07
680 8e-08
681 2.4e-07
682 2.4e-07
683 8e-08
684 3.19602e-07
685 1.6e-07
686 2.8e-07
687 1.6e-07
688 2.4e-07
689 2.4e-07
690 2e-07
691 2.8e-07
692 8e-08
693 1.2e-07
694 2.8e-07
695 2.8e-07
696 1.6e-07
697 3.99602e-07
698 2.4e-07
699 2e-07
700 1.59602e-07
701 3.2e-07
702 8e-08
703 2.79602e-07
704 2.4e-07
705 1.19602e-07
706 2.8e-07
707 2e-07
708 2e-07
709 2.8e-07
710 8e-08
711 2.4e-07
712 1.99602e-07
713 1.2e-07
714 2.8e-07
715 7.9602e-08
716 2.4e-07
717 1.6e-07
718 2e-07
719 1.6e-07
720 2.8e-07
721 1.2e-07
722 1.6e-07
723 3.2e-07
724 3.59204e-07
725 1.19602e-07
726 8e-08
727 3.59602e-07
728 1.6e-07
729 1.59602e-07
730 2.79602e-07
731 2.4e-07
732 2.4e-07
733 1.99602e-07
734 4.39602e-07
735 2e-07
736 4.39602e-07
737 1.2e-07
738 3.99602e-07
739 2e-07
740 1.6e-07
741 2.4e-07
742 3.2e-07
743 2.8e-07
744 1.6e-07
745 2.4e-07
746 2e-07
747 4.39602e-07
748 4.79602e-07
749 1.6e-07
750 1.6e-07
751 2.4e-07
752 2e-07
753 3.19204e-07
754 4e-07
755 3.2e-07
756 1.59602e-07
757 2.4e-07
758 1.99602e-07
759 1.2e-07
760 0
761 1.99602e-07
762 1.2e-07
763 4e-07
764 1.6e-07
765 2e-07
766 8e-08
767 2e-07
768 3.59602e-07
769 3.6e-07
770 3.2e-07
771 2.8e-07
772 4e-08
773 1.6e-07
774 2e-07
775 4e-08
776 7.9602e-08
777 1.2e-07
778 2e-07
779 1.6e-07
780 2.79602e-07
781 1.6e-07
782 8e-08
783 3.19602e-07
784 2.4e-07
785 2e-07
786 1.19602e-07
787 8e-08
788 7.9602e-08
789 8e-08
790 2e-07
791 1.2e-07
792 2.39602e-07
793 2.4e-07
794 1.2e-07
795 1.6e-07
796 8e-08
797 2.4e-07
798 8e-08
799 2.39602e-07
800 3.2e-07
801 2.4e-07
802 1.99602e-07
803 8e-08
804 3.2e-07
805 1.2e-07
806 2e-07
807 1.2e-07
808 2e-07
809 4e-08
810 4.79204e-07
811 1.2e-07
812 8e-08
813 1.2e-07
814 4e-08
815 1.19602e-07
816 3.2e-07
817 1.6e-07
818 4e-07
819 4e-08
820 2.4e-07
821 2e-07
822 1.2e-07
823 3.19602e-07
824 1.2e-07
825 1.19602e-07
826 2.4e-07
827 8e-08
828 1.6e-07
829 8e-08
830 1.2e-07
831 1.6e-07
832 3.9602e-08
833 4e-08
834 1.6e-07
835 5.58806e-07
836 1.59602e-07
837 1.2e-07
838 1.6e-07
839 2.39602e-07
840 1.99602e-07
841 1.6e-07
842 1.99602e-07
843 1.6e-07
844 2.4e-07
845 2.4e-07
846 2.39602e-07
847 3.2e-07
848 2e-07
849 2.4e-07
850 2.4e-07
851 8e-08
852 1.2e-07
853 2.39602e-07
854 1.6e-07
855 2.78408e-07
856 2.39602e-07
857 4e-08
858 8e-08
859 1.59602e-07
860 1.59602e-07
861 2.8e-07
862 8e-08
863 2.4e-07
864 1.59602e-07
865 2e-07
866 1.59602e-07
867 2.8e-07
868 1.2e-07
869 1.9881e-07
870 2.8e-07
871 2e-07
872 1.6e-07
873 1.19602e-07
874 2.8e-07
875 3.2e-07
876 1.6e-07
877 2.79602e-07
878 1.6e-07
879 2e-07
880 2.4e-07
881 2.8e-07
882 2e-07
883 1.2e-07
884 2.8e-07
885 2.4e-07
886 8e-08
887 1.2e-07
888 2.4e-07
889 1.6e-07
890 2.79204e-07
891 2e-07
892 1.2e-07
893 1.6e-07
894 1.59602e-07
895 2.8e-07
896 2.8e-07
897 3.59602e-07
898 1.6e-07
899 1.2e-07
900 2.39602e-07
901 1.59602e-07
902 8e-08
903 2.4e-07
904 1.99602e-07
905 1.19602e-07
906 1.19602e-07
907 2e-07
908 1.6e-07
909 1.6e-07
910 2.8e-07
911 2.8e-07
912 1.6e-07
913 3.2e-07
914 2.4e-07
915 1.2e-07
916 1.6e-07
917 2e-07
918 1.6e-07
919 2e-07
920 1.6e-07
921 2.4e-07
922 2.79204e-07
923 2e-07
924 2e-07
925 2.39204e-07
926 1.6e-07
927 8e-08
928 1.6e-07
929 3.59204e-07
930 1.19602e-07
931 8e-08
932 1.2e-07
933 8e-08
934 8e-08
935 2e-07
936 1.19602e-07
937 1.99602e-07
938 4e-08
939 1.99602e-07
940 2e-07
941 3.58806e-07
942 1.2e-07
943 1.98806e-07
944 1.59602e-07
945 1.2e-07
946 2e-07
947 1.6e-07
948 2e-07
949 2.39602e-07
950 1.99602e-07
951 8e-08
952 1.2e-07
953 2e-07
954 3.59602e-07
955 1.2e-07
956 1.2e-07
957 2e-07
958 1.6e-07
959 8e-08
960 2.8e-07
961 1.59208e-07
962 1.2e-07
963 1.19602e-07
964 2.8e-07
965 8e-08
966 2e-07
967 1.6e-07
968 1.6e-07
969 1.99602e-07
970 8e-08
971 2e-07
972 1.2e-07
973 1.6e-07
974 8e-08
975 1.2e-07
976 2.8e-07
977 4e-08
978 1.19602e-07
979 2.4e-07
980 1.2e-07
981 4e-08
982 1.99602e-07
983 2.8e-07
984 1.6e-07
985 4e-08
986 1.6e-07
987 3.2e-07
988 1.59204e-07
989 1.6e-07
990 1.6e-07
991 1.2e-07
992 1.6e-07
993 8e-08
994 1.2e-07
995 1.6e-07
996 1.2e-07
997 1.99602e-07
998 1.2e-07
999 0
