0 0
1 0.001144
2 0.000697472
3 0.000581472
4 0.00046
5 0.000465472
6 0.000421472
7 0.000372
8 0.000352
9 0.000264
10 0.000250943
11 0.000276
12 0.000196
13 0.000196
14 0.000212
15 0.000233472
16 0.000189472
17 0.00018
18 0.000241472
19 0.000144
20 0.000176
21 0.000197472
22 0.000184
23 0.000182943
24 0.000148
25 0.000221472
26 0.000136
27 0.000170943
28 0.000109472
29 0.000129472
30 0.00014
31 0.000137472
32 0.000144
33 0.000136
34 0.000156
35 0.000121472
36 0.000124
37 0.000164
38 0.000116
39 0.000132
40 0.000117472
41 0.000116
42 0.000132
43 9.6e-05
44 8.8e-05
45 9.34715e-05
46 9.6e-05
47 0.000101472
48 0.000101472
49 0.00012
50 0.00012
51 8.6943e-05
52 0.000108
53 0.000141472
54 7.6e-05
55 0.000112
56 8.8e-05
57 7.6e-05
58 8.4e-05
59 6e-05
60 5.6e-05
61 8.14715e-05
62 9.6e-05
63 8.14715e-05
64 6.8e-05
65 7.74715e-05
66 8.8e-05
67 8.4e-05
68 8e-05
69 8.54715e-05
70 8e-05
71 0.0001
72 8.94715e-05
73 0.000117472
74 6.4e-05
75 7.6e-05
76 9.74715e-05
77 0.000117472
78 6.54715e-05
79 9.2e-05
80 6.4e-05
81 0.000112
82 7.2e-05
83 8.4e-05
84 0.000109472
85 7.2e-05
86 6.54715e-05
87 8.4e-05
88 7.0943e-05
89 9.0943e-05
90 6.14715e-05
91 8e-05
92 6.8e-05
93 7.6e-05
94 6.14715e-05
95 9.0943e-05
96 7.2e-05
97 8e-05
98 5.74715e-05
99 4.94715e-05
100 7.2e-05
101 7.6e-05
102 8e-05
103 4.8e-05
104 7.0943e-05
105 8e-05
106 6e-05
107 5.6e-05
108 8.8e-05
109 2.8e-05
110 8e-05
111 2e-05
112 8.54715e-05
113 5.4943e-05
114 7.6e-05
115 8.4e-05
116 4e-05
117 6.14715e-05
118 3.2e-05
119 5.6e-05
120 4.8e-05
121 7.2e-05
122 6.14715e-05
123 7.2e-05
124 5.2e-05
125 2.94715e-05
126 7.6e-05
127 6.8e-05
128 3.6e-05
129 5.2e-05
130 4.8e-05
131 6.4e-05
132 6.8e-05
133 6.4e-05
134 6e-05
135 4e-05
136 4e-05
137 3.74715e-05
138 5.34715e-05
139 4.4e-05
140 8e-05
141 6.14715e-05
142 3.2e-05
143 4e-05
144 4.8e-05
145 6.94715e-05
146 6.6943e-05
147 5.74715e-05
148 4.8e-05
149 6.4e-05
150 6.4e-05
151 4e-05
152 4e-05
153 4.8e-05
154 7.34715e-05
155 6e-05
156 6.14715e-05
157 3.6e-05
158 2.94715e-05
159 5.6e-05
160 3.2e-05
161 2e-05
162 6e-05
163 5.2e-05
164 5.2e-05
165 4e-05
166 4.8e-05
167 4e-05
168 4.14715e-05
169 5.2e-05
170 4.14715e-05
171 3.2e-05
172 6.14715e-05
173 4.8e-05
174 3.6e-05
175 4.4e-05
176 4.14715e-05
177 4e-05
178 4e-05
179 5.25413e-05
180 4.14715e-05
181 5.6e-05
182 4.94715e-05
183 5.6e-05
184 4e-05
185 1.74715e-05
186 5.6e-05
187 6.8e-05
188 4e-05
189 6e-05
190 4.4e-05
191 4.14715e-05
192 4.14715e-05
193 4.94715e-05
194 3.34715e-05
195 3.6e-05
196 6.4e-05
197 5.6e-05
198 3.2e-05
199 2.54715e-05
200 6e-05
201 4.8e-05
202 3.74715e-05
203 5.2e-05
204 3.6e-05
205 2.4e-05
206 5.2e-05
207 5.6e-05
208 3.6e-05
209 4.8e-05
210 2.4e-05
211 6.4e-05
212 4e-05
213 4e-05
214 4.2943e-05
215 4.4e-05
216 4.8e-05
217 2.4e-05
218 4.4e-05
219 3.34715e-05
220 4e-05
221 6.4e-05
222 4e-05
223 5.4943e-05
224 3.2e-05
225 3.34715e-05
226 6.54715e-05
227 5.2e-05
228 3.2e-05
229 3.74715e-05
230 2.94715e-05
231 3.74715e-05
232 5.0943e-05
233 3.2e-05
234 4.8e-05
235 3.6e-05
236 4.8e-05
237 1.6e-05
238 4.54715e-05
239 2.4e-05
240 5.6e-05
241 3.6e-05
242 4.14715e-05
243 3.2e-05
244 4.14715e-05
245 3.6e-05
246 2.94715e-05
247 3.74715e-05
248 2.8e-05
249 3.2e-05
250 4.4e-05
251 5.6e-05
252 1.6e-05
253 6.8e-05
254 2.8e-05
255 2e-05
256 4.4e-05
257 3.74715e-05
258 3.2e-05
259 2.4e-05
260 4.4e-05
261 6.14715e-05
262 4.14715e-05
263 3.6e-05
264 4e-05
265 3.2e-05
266 2.14715e-05
267 5.6e-05
268 3.74715e-05
269 2.4e-05
270 4.94715e-05
271 3.6e-05
272 2.8e-05
273 2.8e-05
274 2.4e-05
275 2e-05
276 3.2e-05
277 4.4e-05
278 3.34715e-05
279 3.34715e-05
280 4e-05
281 3.6e-05
282 2.94715e-05
283 1.6e-05
284 5.34715e-05
285 4.94715e-05
286 3.6e-05
287 3.74715e-05
288 3.2e-05
289 2.94715e-05
290 4.94715e-05
291 1.34715e-05
292 1.6e-05
293 3.2e-05
294 2.8e-05
295 4e-05
296 3.2e-05
297 2.94715e-05
298 3.6e-05
299 3.6e-05
300 4.8e-05
301 2.14715e-05
302 2.4e-05
303 3.2e-05
304 4.4e-05
305 3.6e-05
306 2e-05
307 3.2e-05
308 3.6e-05
309 4.4e-05
310 4e-05
311 2e-05
312 2.94715e-05
313 2e-05
314 4e-05
315 3.34715e-05
316 4e-05
317 4e-05
318 4.54715e-05
319 3.2e-05
320 2.4e-05
321 5.47152e-06
322 2.8e-05
323 2.4e-05
324 1.6e-05
325 2.05413e-05
326 5.6e-05
327 2.8e-05
328 4e-05
329 3.34715e-05
330 4.14715e-05
331 3.34715e-05
332 4.8e-05
333 4.4e-05
334 3.74715e-05
335 4.4e-05
336 3.2e-05
337 4.4e-05
338 2e-05
339 3.6e-05
340 3.2e-05
341 4.4e-05
342 3.34715e-05
343 3.6e-05
344 2.4e-05
345 3.6e-05
346 2.4e-05
347 2.8e-05
348 2.2943e-05
349 3.2e-05
350 1.74715e-05
351 5.2e-05
352 2.45413e-05
353 3.34715e-05
354 3.74715e-05
355 4.4e-05
356 2.60129e-05
357 2e-05
358 3.34715e-05
359 8e-06
360 3.2e-05
361 3.34715e-05
362 3.6e-05
363 1.2e-05
364 8e-06
365 2.8e-05
366 4e-05
367 2.4e-05
368 2.4e-05
369 4e-05
370 2.4e-05
371 3.8943e-05
372 2.14715e-05
373 1.6e-05
374 1.2e-05
375 4.85413e-05
376 1.74715e-05
377 2.4e-05
378 5.74715e-05
379 4.94715e-05
380 2.94715e-05
381 2.4e-05
382 5.6e-05
383 4e-05
384 4e-05
385 2.54715e-05
386 4.4e-05
387 1.2e-05
388 4.8e-05
389 4.4e-05
390 2.8e-05
391 1.6e-05
392 2.4e-05
393 2.8e-05
394 3.6e-05
395 2e-05
396 4e-05
397 3.34715e-05
398 1.74715e-05
399 2.8e-05
400 5.2e-05
401 2.8e-05
402 3.2e-05
403 1.6e-05
404 3.6e-05
405 2.8e-05
406 4.54715e-05
407 3.2e-05
408 3.2e-05
409 2.8e-05
410 2.94715e-05
411 1.6e-05
412 3.2e-05
413 4e-05
414 2.8e-05
415 2e-05
416 1.6e-05
417 3.34715e-05
418 2.4e-05
419 2e-05
420 1.2e-05
421 1.6e-05
422 2.54715e-05
423 4.8e-05
424 2e-05
425 6.4e-05
426 2e-05
427 3.74715e-05
428 2.54715e-05
429 4.4e-05
430 2.4e-05
431 1.6e-05
432 3.34715e-05
433 3.6e-05
434 1.6e-05
435 2.14715e-05
436 2.74844e-05
437 3.2e-05
438 3.6e-05
439 3.6e-05
440 2.4e-05
441 1.2e-05
442 3.34715e-05
443 1.6e-05
444 1.6e-05
445 3.2e-05
446 3.34715e-05
447 1.6e-05
448 4e-06
449 2.8e-05
450 2.04146e-05
451 2.94715e-05
452 2.14715e-05
453 2e-05
454 1.2e-05
455 4.4e-05
456 4e-05
457 3.4943e-05
458 2.14715e-05
459 2e-05
460 1.34715e-05
461 2.8e-05
462 3.2e-05
463 4e-05
464 5.2e-05
465 2.8e-05
466 2.54715e-05
467 1.2e-05
468 5.00129e-05
469 3.2e-05
470 2.4e-05
471 2.8e-05
472 2.8e-05
473 2.94715e-05
474 2e-05
475 2e-05
476 2.4e-05
477 2e-05
478 2.8e-05
479 2.8e-05
480 1.2e-05
481 2.8e-05
482 5.0943e-05
483 2e-05
484 2e-05
485 2e-05
486 3.6e-05
487 2.14715e-05
488 2.54715e-05
489 1.2e-05
490 6e-05
491 3.2e-05
492 2e-05
493 3.2e-05
494 3.2e-05
495 1.6e-05
496 2.54715e-05
497 1.74715e-05
498 2.2943e-05
499 2.4e-05
500 2.4e-05
501 3.2e-05
502 3.74715e-05
503 1.74715e-05
504 1.6e-05
505 1.6e-05
506 2.4e-05
507 2.54715e-05
508 3.74715e-05
509 2.94715e-05
510 4.14715e-05
511 2.4e-05
512 1.6e-05
513 2.8e-05
514 4.54715e-05
515 2e-05
516 2.4e-05
517 1.6e-05
518 4.14715e-05
519 4e-05
520 2.8e-05
521 1.2e-05
522 3.2e-05
523 1.74715e-05
524 2.54715e-05
525 2e-05
526 1.34715e-05
527 1.6e-05
528 2.4e-05
529 3.6e-05
530 3.34715e-05
531 3.2e-05
532 1.6e-05
533 1.2e-05
534 4e-05
535 2.8e-05
536 2.8e-05
537 2e-05
538 1.65413e-05
539 3.2e-05
540 2.8e-05
541 1.6e-05
542 3.2e-05
543 1.2e-05
544 2.4e-05
545 1.8943e-05
546 2.8e-05
547 3.6e-05
548 1.6e-05
549 2e-05
550 2.2943e-05
551 1.8943e-05
552 3.6e-05
553 3.2e-05
554 2e-05
555 3.6e-05
556 3.24146e-05
557 1.74715e-05
558 1.34715e-05
559 2.8e-05
560 1.2e-05
561 9.47152e-06
562 4.4e-05
563 3.2e-05
564 3.6e-05
565 4.14715e-05
566 2.54715e-05
567 2.4e-05
568 1.74715e-05
569 1.6e-05
570 2.8e-05
571 2e-05
572 2.4e-05
573 2.4e-05
574 2e-05
575 2.14715e-05
576 4.14715e-05
577 1.34715e-05
578 1.6e-05
579 3.2e-05
580 1.2e-05
581 4.4e-05
582 2.4e-05
583 2.8e-05
584 1.2e-05
585 0
586 2.4e-05
587 1.6e-05
588 1.2e-05
589 2.4e-05
590 2.14715e-05
591 1.6e-05
592 2e-05
593 1.6e-05
594 2.8e-05
595 1.6e-05
596 2.94715e-05
597 2.8e-05
598 4e-05
599 1.2e-05
600 1.2e-05
601 3.2e-05
602 1.6e-05
603 2.8e-05
604 2e-05
605 1.6e-05
606 2.14715e-05
607 2e-05
608 2.54715e-05
609 2.4e-05
610 2.94715e-05
611 4e-05
612 1.6e-05
613 2e-05
614 2e-05
615 1.6e-05
616 1.34715e-05
617 2.84146e-05
618 3.4943e-05
619 4e-05
620 1.6e-05
621 1.6e-05
622 1.6e-05
623 3.2e-05
624 2.14715e-05
625 2e-05
626 2e-05
627 1.2e-05
628 2.4e-05
629 4e-06
630 2e-05
631 2.54715e-05
632 1.6e-05
633 2.4e-05
634 1.74715e-05
635 2.4e-05
636 3.2e-05
637 3.74715e-05
638 3.74715e-05
639 3.2e-05
640 8e-06
641 1.6e-05
642 1.6e-05
643 2.8e-05
644 3.34715e-05
645 2.4e-05
646 9.47152e-06
647 2e-05
648 2e-05
649 4.4e-05
650 2.2943e-05
651 8e-06
652 1.6e-05
653 3.2e-05
654 2.4e-05
655 8e-06
656 1.34715e-05
657 1.74715e-05
658 1.2e-05
659 8e-06
660 2e-05
661 2.4e-05
662 1.6e-05
663 2e-05
664 3.2e-05
665 2e-05
666 2.6943e-05
667 2e-05
668 1.34715e-05
669 8e-06
670 1.74715e-05
671 2.4e-05
672 1.2e-05
673 1.6e-05
674 8e-06
675 2.54715e-05
676 8e-06
677 1.34715e-05
678 4.4e-05
679 2.6943e-05
680 8e-06
681 2.4e-05
682 2.4e-05
683 8e-06
684 2.94715e-05
685 1.6e-05
686 2.8e-05
687 1.6e-05
688 2.4e-05
689 2.4e-05
690 2e-05
691 2.8e-05
692 8e-06
693 1.2e-05
694 2.8e-05
695 2.8e-05
696 1.6e-05
697 3.74715e-05
698 2.4e-05
699 2e-05
700 1.34715e-05
701 3.2e-05
702 8e-06
703 2.54715e-05
704 2.4e-05
705 9.47152e-06
706 2.8e-05
707 2e-05
708 2e-05
709 2.8e-05
710 8e-06
711 2.4e-05
712 1.74715e-05
713 1.2e-05
714 2.8e-05
715 5.47152e-06
716 2.4e-05
717 1.6e-05
718 2e-05
719 1.6e-05
720 2.8e-05
721 1.2e-05
722 1.6e-05
723 3.2e-05
724 3.0943e-05
725 9.47152e-06
726 8e-06
727 3.34715e-05
728 1.6e-05
729 1.34715e-05
730 2.54715e-05
731 2.4e-05
732 2.4e-05
733 1.74715e-05
734 4.14715e-05
735 2e-05
736 4.14715e-05
737 1.2e-05
738 3.74715e-05
739 2e-05
740 1.6e-05
741 2.4e-05
742 3.2e-05
743 2.8e-05
744 1.6e-05
745 2.4e-05
746 2e-05
747 4.14715e-05
748 4.54715e-05
749 1.6e-05
750 1.6e-05
751 2.4e-05
752 2e-05
753 2.6943e-05
754 4e-05
755 3.2e-05
756 1.34715e-05
757 2.4e-05
758 1.74715e-05
759 1.2e-05
760 0
761 1.74715e-05
762 1.2e-05
763 4e-05
764 1.6e-05
765 2e-05
766 8e-06
767 2e-05
768 3.34715e-05
769 3.6e-05
770 3.2e-05
771 2.8e-05
772 4e-06
773 1.6e-05
774 2e-05
775 4e-06
776 5.47152e-06
777 1.2e-05
778 2e-05
779 1.6e-05
780 2.54715e-05
781 1.6e-05
782 8e-06
783 2.94715e-05
784 2.4e-05
785 2e-05
786 9.47152e-06
787 8e-06
788 5.47152e-06
789 8e-06
790 2e-05
791 1.2e-05
792 2.14715e-05
793 2.4e-05
794 1.2e-05
795 1.6e-05
796 8e-06
797 2.4e-05
798 8e-06
799 2.14715e-05
800 3.2e-05
801 2.4e-05
802 1.74715e-05
803 8e-06
804 3.2e-05
805 1.2e-05
806 2e-05
807 1.2e-05
808 2e-05
809 4e-06
810 4.2943e-05
811 1.2e-05
812 8e-06
813 1.2e-05
814 4e-06
815 9.47152e-06
816 3.2e-05
817 1.6e-05
818 4e-05
819 4e-06
820 2.4e-05
821 2e-05
822 1.2e-05
823 2.94715e-05
824 1.2e-05
825 9.47152e-06
826 2.4e-05
827 8e-06
828 1.6e-05
829 8e-06
830 1.2e-05
831 1.6e-05
832 1.47152e-06
833 4e-06
834 1.6e-05
835 4.84146e-05
836 1.34715e-05
837 1.2e-05
838 1.6e-05
839 2.14715e-05
840 1.74715e-05
841 1.6e-05
842 1.74715e-05
843 1.6e-05
844 2.4e-05
845 2.4e-05
846 2.14715e-05
847 3.2e-05
848 2e-05
849 2.4e-05
850 2.4e-05
851 8e-06
852 1.2e-05
853 2.14715e-05
854 1.6e-05
855 1.78861e-05
856 2.14715e-05
857 4e-06
858 8e-06
859 1.34715e-05
860 1.34715e-05
861 2.8e-05
862 8e-06
863 2.4e-05
864 1.34715e-05
865 2e-05
866 1.34715e-05
867 2.8e-05
868 1.2e-05
869 1.40129e-05
870 2.8e-05
871 2e-05
872 1.6e-05
873 9.47152e-06
874 2.8e-05
875 3.2e-05
876 1.6e-05
877 2.54715e-05
878 1.6e-05
879 2e-05
880 2.4e-05
881 2.8e-05
882 2e-05
883 1.2e-05
884 2.8e-05
885 2.4e-05
886 8e-06
887 1.2e-05
888 2.4e-05
889 1.6e-05
890 2.2943e-05
891 2e-05
892 1.2e-05
893 1.6e-05
894 1.34715e-05
895 2.8e-05
896 2.8e-05
897 3.34715e-05
898 1.6e-05
899 1.2e-05
900 2.14715e-05
901 1.34715e-05
902 8e-06
903 2.4e-05
904 1.74715e-05
905 9.47152e-06
906 9.47152e-06
907 2e-05
908 1.6e-05
909 1.6e-05
910 2.8e-05
911 2.8e-05
912 1.6e-05
913 3.2e-05
914 2.4e-05
915 1.2e-05
916 1.6e-05
917 2e-05
918 1.6e-05
919 2e-05
920 1.6e-05
921 2.4e-05
922 2.2943e-05
923 2e-05
924 2e-05
925 1.8943e-05
926 1.6e-05
927 8e-06
928 1.6e-05
929 3.0943e-05
930 9.47152e-06
931 8e-06
932 1.2e-05
933 8e-06
934 8e-06
935 2e-05
936 9.47152e-06
937 1.74715e-05
938 4e-06
939 1.74715e-05
940 2e-05
941 2.84146e-05
942 1.2e-05
943 1.24146e-05
944 1.34715e-05
945 1.2e-05
946 2e-05
947 1.6e-05
948 2e-05
949 2.14715e-05
950 1.74715e-05
951 8e-06
952 1.2e-05
953 2e-05
954 3.34715e-05
955 1.2e-05
956 1.2e-05
957 2e-05
958 1.6e-05
959 8e-06
960 2.8e-05
961 1.25413e-05
962 1.2e-05
963 9.47152e-06
964 2.8e-05
965 8e-06
966 2e-05
967 1.6e-05
968 1.6e-05
969 1.74715e-05
970 8e-06
971 2e-05
972 1.2e-05
973 1.6e-05
974 8e-06
975 1.2e-05
976 2.8e-05
977 4e-06
978 9.47152e-06
979 2.4e-05
980 1.2e-05
981 4e-06
982 1.74715e-05
983 2.8e-05
984 1.6e-05
985 4e-06
986 1.6e-05
987 3.2e-05
988 1.0943e-05
989 1.6e-05
990 1.6e-05
991 1.2e-05
992 1.6e-05
993 8e-06
994 1.2e-05
995 1.6e-05
996 1.2e-05
997 1.74715e-05
998 1.2e-05
999 0
