0 0
1 1.096e-05
2 7.48e-06
3 6.24e-06
4 5.44e-06
5 3.9992e-06
6 3.8792e-06
7 3.4e-06
8 3.64e-06
9 3.7596e-06
10 2.6396e-06
11 2.52e-06
12 1.7596e-06
13 2.4392e-06
14 2e-06
15 2.64e-06
16 2.6796e-06
17 1.84e-06
18 2.4796e-06
19 2e-06
20 1.64e-06
21 1.9996e-06
22 1.36e-06
23 1.8396e-06
24 1.52e-06
25 1.64e-06
26 1.16e-06
27 1.48e-06
28 1.48e-06
29 1.6e-06
30 1.2e-06
31 2.0392e-06
32 1.08e-06
33 1.24e-06
34 9.99602e-07
35 1.4e-06
36 1.28e-06
37 1.12e-06
38 1.64e-06
39 1.2e-06
40 1.1996e-06
41 8e-07
42 1.6396e-06
43 1.28e-06
44 8e-07
45 1.3196e-06
46 9.2e-07
47 8.39602e-07
48 1e-06
49 1.0796e-06
50 9.2e-07
51 4.8e-07
52 1.44e-06
53 1e-06
54 1.16e-06
55 7.2e-07
56 1.1596e-06
57 1.12e-06
58 8e-07
59 7.6e-07
60 8.79602e-07
61 8.4e-07
62 6.8e-07
63 9.99208e-07
64 8.79204e-07
65 8.39602e-07
66 7.99602e-07
67 5.2e-07
68 8e-07
69 7.59602e-07
70 9.2e-07
71 9.98806e-07
72 5.19602e-07
73 1.0396e-06
74 1.04e-06
75 7.59602e-07
76 9.2e-07
77 6e-07
78 8e-07
79 6e-07
80 6e-07
81 1e-06
82 9.19602e-07
83 1.12e-06
84 4.8e-07
85 9.98408e-07
86 7.99602e-07
87 6.79602e-07
88 6e-07
89 7.6e-07
90 7.59602e-07
91 8.4e-07
92 7.59602e-07
93 5.6e-07
94 8e-07
95 8.4e-07
96 4.8e-07
97 7.99602e-07
98 5.99602e-07
99 7.2e-07
100 6.4e-07
101 5.59602e-07
102 5.2e-07
103 9.2e-07
104 7.2e-07
105 6.8e-07
106 6.8e-07
107 7.59602e-07
108 7.59204e-07
109 6.4e-07
110 1.16e-06
111 7.59204e-07
112 6.8e-07
113 6e-07
114 6e-07
115 1.0396e-06
116 7.2e-07
117 5.19602e-07
118 5.19602e-07
119 5.2e-07
120 2.8e-07
121 8.39602e-07
122 6.8e-07
123 4.39204e-07
124 9.59602e-07
125 4.4e-07
126 8.79602e-07
127 6.8e-07
128 7.2e-07
129 8.8e-07
130 5.6e-07
131 7.6e-07
132 7.2e-07
133 5.99602e-07
134 7.6e-07
135 7.19602e-07
136 6.8e-07
137 5.6e-07
138 6.4e-07
139 6.79602e-07
140 6.4e-07
141 4e-07
142 4.79602e-07
143 5.2e-07
144 6e-07
145 4.8e-07
146 6.4e-07
147 4.4e-07
148 6.4e-07
149 4.8e-07
150 3.2e-07
151 4.4e-07
152 3.99602e-07
153 2.8e-07
154 5.19204e-07
155 6.8e-07
156 5.59204e-07
157 3.6e-07
158 6.4e-07
159 4.4e-07
160 6e-07
161 3.19602e-07
162 3.2e-07
163 6.79602e-07
164 5.6e-07
165 9.2e-07
166 5.6e-07
167 5.2e-07
168 6.4e-07
169 4.8e-07
170 3.2e-07
171 5.6e-07
172 6.39602e-07
173 4e-07
174 5.2e-07
175 5.2e-07
176 6e-07
177 5.99602e-07
178 7.19204e-07
179 5.2e-07
180 6.39602e-07
181 3.19602e-07
182 6.39602e-07
183 6.8e-07
184 5.59602e-07
185 5.6e-07
186 3.59602e-07
187 5.19602e-07
188 6.4e-07
189 4.4e-07
190 5.19602e-07
191 6e-07
192 6e-07
193 4.8e-07
194 5.99204e-07
195 5.6e-07
196 2.8e-07
197 2e-07
198 5.6e-07
199 6.8e-07
200 5.6e-07
201 6e-07
202 3.99602e-07
203 5.6e-07
204 4.4e-07
205 4.8e-07
206 4e-07
207 4e-07
208 3.6e-07
209 4e-07
210 4.4e-07
211 4.8e-07
212 4e-07
213 3.19602e-07
214 3.6e-07
215 4.8e-07
216 3.99204e-07
217 3.99602e-07
218 4e-07
219 5.2e-07
220 7.6e-07
221 4.79602e-07
222 5.19602e-07
223 3.99602e-07
224 6e-07
225 3.19602e-07
226 4e-07
227 2.8e-07
228 2.4e-07
229 3.59208e-07
230 4e-07
231 2.4e-07
232 5.99602e-07
233 3.19602e-07
234 3.59602e-07
235 6.4e-07
236 4.8e-07
237 3.59602e-07
238 4.79204e-07
239 5.6e-07
240 2.8e-07
241 3.2e-07
242 2e-07
243 3.19602e-07
244 3.99602e-07
245 3.2e-07
246 3.2e-07
247 3.2e-07
248 4.39602e-07
249 2.8e-07
250 3.6e-07
251 2.79602e-07
252 5.19204e-07
253 4.39602e-07
254 4e-07
255 4.39208e-07
256 4.8e-07
257 5.59602e-07
258 2.8e-07
259 3.6e-07
260 3.6e-07
261 5.59204e-07
262 3.6e-07
263 1.99204e-07
264 4.3881e-07
265 2.8e-07
266 4.8e-07
267 6.8e-07
268 4.79602e-07
269 4.79602e-07
270 4e-07
271 3.6e-07
272 3.6e-07
273 6.79204e-07
274 2.39602e-07
275 4e-07
276 3.19204e-07
277 3.2e-07
278 2.4e-07
279 2.8e-07
280 3.2e-07
281 3.6e-07
282 2.8e-07
283 4.4e-07
284 6.79208e-07
285 4e-07
286 3.2e-07
287 3.19602e-07
288 4e-07
289 4.4e-07
290 1.6e-07
291 2.39602e-07
292 6e-07
293 5.19602e-07
294 3.6e-07
295 4.4e-07
296 4.8e-07
297 2.8e-07
298 3.6e-07
299 3.19602e-07
300 3.2e-07
301 5.19602e-07
302 3.99602e-07
303 4.39602e-07
304 3.6e-07
305 2e-07
306 3.2e-07
307 3.99602e-07
308 1.6e-07
309 2e-07
310 3.2e-07
311 2.8e-07
312 3.59602e-07
313 2.8e-07
314 3.2e-07
315 1.6e-07
316 6.4e-07
317 2e-07
318 3.2e-07
319 3.2e-07
320 2e-07
321 2.79602e-07
322 4.39204e-07
323 3.6e-07
324 2e-07
325 2e-07
326 2.8e-07
327 4e-07
328 5.2e-07
329 5.19602e-07
330 2.4e-07
331 2.39602e-07
332 4e-07
333 2.8e-07
334 3.2e-07
335 3.19602e-07
336 2.4e-07
337 2.4e-07
338 2.8e-07
339 1.2e-07
340 2.8e-07
341 1.2e-07
342 3.2e-07
343 2.8e-07
344 2.4e-07
345 3.59602e-07
346 1.99602e-07
347 1.6e-07
348 3.2e-07
349 1.6e-07
350 4.8e-07
351 4e-07
352 3.6e-07
353 2.4e-07
354 4.39602e-07
355 2.39602e-07
356 2.4e-07
357 2.4e-07
358 2.4e-07
359 3.99602e-07
360 3.6e-07
361 2.4e-07
362 4.4e-07
363 2.4e-07
364 3.6e-07
365 2.39204e-07
366 4.8e-07
367 2e-07
368 2.8e-07
369 3.2e-07
370 3.59208e-07
371 4e-07
372 2.8e-07
373 2.79602e-07
374 2.4e-07
375 2.8e-07
376 2e-07
377 2.8e-07
378 3.19602e-07
379 4.3881e-07
380 8e-08
381 1.6e-07
382 4e-07
383 2e-07
384 2.4e-07
385 4.4e-07
386 4.4e-07
387 4.39602e-07
388 3.2e-07
389 3.2e-07
390 3.6e-07
391 1.99602e-07
392 4e-07
393 4.4e-07
394 1.59602e-07
395 3.2e-07
396 1.6e-07
397 4e-07
398 3.19602e-07
399 4e-07
400 3.6e-07
401 3.2e-07
402 3.59602e-07
403 2.4e-07
404 6.4e-07
405 2.4e-07
406 4.79204e-07
407 6.39602e-07
408 3.2e-07
409 2e-07
410 5.59602e-07
411 4e-07
412 3.19602e-07
413 2e-07
414 3.6e-07
415 1.2e-07
416 2.4e-07
417 2e-07
418 2e-07
419 4.4e-07
420 3.2e-07
421 2.39602e-07
422 2.8e-07
423 4e-07
424 2.4e-07
425 1.6e-07
426 1.6e-07
427 3.59602e-07
428 3.2e-07
429 4e-07
430 3.2e-07
431 3.59602e-07
432 3.6e-07
433 2.79204e-07
434 2e-07
435 3.59204e-07
436 2.79602e-07
437 1.2e-07
438 3.6e-07
439 2.4e-07
440 1.99602e-07
441 1.2e-07
442 8e-08
443 2.8e-07
444 2e-07
445 1.6e-07
446 3.19602e-07
447 2.8e-07
448 3.59602e-07
449 4.4e-07
450 8e-08
451 2.4e-07
452 1.6e-07
453 1.2e-07
454 1.6e-07
455 2.39204e-07
456 4.8e-07
457 2.79204e-07
458 2.8e-07
459 4.39204e-07
460 2.8e-07
461 2.39602e-07
462 2.8e-07
463 3.2e-07
464 2.4e-07
465 3.6e-07
466 3.2e-07
467 2.8e-07
468 2e-07
469 2.79602e-07
470 3.2e-07
471 4e-07
472 1.6e-07
473 1.6e-07
474 4e-07
475 3.2e-07
476 1.6e-07
477 2.39602e-07
478 1.2e-07
479 2.4e-07
480 3.2e-07
481 2.4e-07
482 2.8e-07
483 2.8e-07
484 2.4e-07
485 1.59602e-07
486 3.2e-07
487 2e-07
488 5.59602e-07
489 3.59602e-07
490 2.8e-07
491 3.6e-07
492 2e-07
493 2.8e-07
494 1.6e-07
495 2.39602e-07
496 1.2e-07
497 2.39602e-07
498 3.2e-07
499 3.6e-07
500 3.59204e-07
501 1.6e-07
502 2.79602e-07
503 8e-08
504 1.2e-07
505 2.4e-07
506 3.6e-07
507 1.99602e-07
508 1.2e-07
509 1.99602e-07
510 1.6e-07
511 2e-07
512 7.9602e-08
513 2e-07
514 4e-07
515 2.8e-07
516 2.4e-07
517 2.79602e-07
518 2e-07
519 2.8e-07
520 2.79204e-07
521 1.19602e-07
522 4.4e-07
523 4.79602e-07
524 1.59602e-07
525 2e-07
526 4e-08
527 3.99602e-07
528 1.6e-07
529 2e-07
530 2.4e-07
531 1.59602e-07
532 2e-07
533 1.99602e-07
534 3.2e-07
535 3.19602e-07
536 2.8e-07
537 7.9602e-08
538 2.8e-07
539 1.19602e-07
540 3.2e-07
541 2.4e-07
542 2e-07
543 1.59602e-07
544 1.6e-07
545 2e-07
546 2.8e-07
547 2.4e-07
548 2.4e-07
549 3.6e-07
550 1.6e-07
551 2.4e-07
552 1.2e-07
553 3.2e-07
554 3.2e-07
555 4.8e-07
556 3.59602e-07
557 2.39204e-07
558 4e-07
559 2e-07
560 2.4e-07
561 2e-07
562 2.4e-07
563 2.8e-07
564 1.2e-07
565 1.2e-07
566 3.2e-07
567 4.8e-07
568 3.19602e-07
569 1.2e-07
570 3.2e-07
571 2e-07
572 1.2e-07
573 8e-08
574 1.6e-07
575 3.2e-07
576 3.19204e-07
577 3.19602e-07
578 3.98806e-07
579 2.39204e-07
580 2e-07
581 3.2e-07
582 2.8e-07
583 1.2e-07
584 5.59602e-07
585 3.2e-07
586 3.6e-07
587 8e-08
588 2.4e-07
589 1.6e-07
590 1.6e-07
591 8e-08
592 4e-07
593 1.6e-07
594 3.19602e-07
595 2.39602e-07
596 1.2e-07
597 2e-07
598 2e-07
599 3.2e-07
600 2.79602e-07
601 3.6e-07
602 1.2e-07
603 3.2e-07
604 3.19602e-07
605 4e-07
606 1.59602e-07
607 2.79602e-07
608 2.39602e-07
609 3.99602e-07
610 2.79602e-07
611 2.8e-07
612 1.6e-07
613 2.79602e-07
614 1.2e-07
615 2.39602e-07
616 1.2e-07
617 4e-08
618 1.2e-07
619 2.4e-07
620 2e-07
621 3.99602e-07
622 3.6e-07
623 1.2e-07
624 1.59602e-07
625 2e-07
626 2e-07
627 3.2e-07
628 2e-07
629 2.39602e-07
630 2e-07
631 3.99602e-07
632 2.8e-07
633 1.6e-07
634 2.4e-07
635 3.6e-07
636 1.2e-07
637 2.4e-07
638 2.79204e-07
639 1.6e-07
640 8e-08
641 2.8e-07
642 1.6e-07
643 2.79602e-07
644 3.6e-07
645 4.78806e-07
646 2e-07
647 3.2e-07
648 2e-07
649 2.4e-07
650 1.6e-07
651 2.79602e-07
652 2.39602e-07
653 1.6e-07
654 1.2e-07
655 2.4e-07
656 3.2e-07
657 4e-08
658 2.39602e-07
659 2e-07
660 8e-08
661 2e-07
662 1.99602e-07
663 1.99602e-07
664 3.2e-07
665 3.6e-07
666 1.19208e-07
667 2.8e-07
668 3.19204e-07
669 3.19602e-07
670 4e-07
671 2.79602e-07
672 2.4e-07
673 1.2e-07
674 1.6e-07
675 1.19602e-07
676 1.6e-07
677 3.2e-07
678 4.8e-07
679 2e-07
680 1.2e-07
681 1.6e-07
682 8e-08
683 4.8e-07
684 1.59602e-07
685 2.39602e-07
686 2e-07
687 1.6e-07
688 2.39602e-07
689 3.6e-07
690 1.2e-07
691 2e-07
692 2e-07
693 3.2e-07
694 4e-07
695 8e-08
696 3.6e-07
697 2e-07
698 3.6e-07
699 1.99204e-07
700 1.99602e-07
701 2e-07
702 2e-07
703 1.59602e-07
704 3.59602e-07
705 1.6e-07
706 2.8e-07
707 2.4e-07
708 8e-08
709 3.19602e-07
710 1.2e-07
711 8e-08
712 2.79602e-07
713 1.59602e-07
714 1.59602e-07
715 7.9602e-08
716 3.6e-07
717 2e-07
718 2.8e-07
719 3.59602e-07
720 2e-07
721 2.8e-07
722 3.9602e-08
723 1.6e-07
724 1.2e-07
725 3.2e-07
726 3.2e-07
727 4e-07
728 3.59204e-07
729 2.4e-07
730 1.6e-07
731 1.2e-07
732 1.2e-07
733 1.2e-07
734 1.2e-07
735 1.2e-07
736 3.2e-07
737 8e-08
738 5.6e-07
739 2.4e-07
740 1.19602e-07
741 2.8e-07
742 2e-07
743 2.4e-07
744 1.6e-07
745 2.4e-07
746 8e-08
747 1.6e-07
748 1.6e-07
749 1.2e-07
750 2.39602e-07
751 1.6e-07
752 4e-07
753 2.8e-07
754 2.4e-07
755 2.39204e-07
756 1.6e-07
757 8e-08
758 1.19602e-07
759 2.8e-07
760 1.59602e-07
761 8e-08
762 2e-07
763 2.8e-07
764 2.79602e-07
765 2.79602e-07
766 1.2e-07
767 2.39602e-07
768 3.59602e-07
769 2.4e-07
770 1.6e-07
771 2.4e-07
772 2.79602e-07
773 1.2e-07
774 1.6e-07
775 2.79602e-07
776 2.8e-07
777 2.4e-07
778 1.99602e-07
779 3.6e-07
780 1.6e-07
781 2e-07
782 1.6e-07
783 2.4e-07
784 2e-07
785 2e-07
786 1.6e-07
787 3.59204e-07
788 1.99602e-07
789 1.59602e-07
790 1.59602e-07
791 3.2e-07
792 1.99602e-07
793 8e-08
794 3.99602e-07
795 2.39602e-07
796 2.4e-07
797 4.4e-07
798 4e-08
799 2.8e-07
800 2.79602e-07
801 2.39602e-07
802 3.2e-07
803 4e-08
804 2.79602e-07
805 2.4e-07
806 1.2e-07
807 3.2e-07
808 1.19602e-07
809 1.2e-07
810 1.6e-07
811 8e-08
812 3.59602e-07
813 1.59602e-07
814 2.4e-07
815 1.2e-07
816 3.19602e-07
817 1.2e-07
818 8e-08
819 8e-08
820 1.99602e-07
821 2e-07
822 1.6e-07
823 1.6e-07
824 2.4e-07
825 2e-07
826 5.2e-07
827 3.2e-07
828 2.39602e-07
829 1.2e-07
830 1.59602e-07
831 1.2e-07
832 8e-08
833 8e-08
834 1.2e-07
835 2e-07
836 2.4e-07
837 2.4e-07
838 2e-07
839 1.6e-07
840 2.4e-07
841 1.99602e-07
842 2e-07
843 2.39602e-07
844 1.19602e-07
845 3.2e-07
846 1.6e-07
847 1.2e-07
848 2e-07
849 2.4e-07
850 2.79602e-07
851 2e-07
852 1.6e-07
853 1.2e-07
854 2.8e-07
855 2e-07
856 2e-07
857 1.2e-07
858 4e-08
859 3.6e-07
860 1.2e-07
861 2.4e-07
862 7.92079e-08
863 2.39602e-07
864 2e-07
865 8e-08
866 2e-07
867 1.6e-07
868 1.59602e-07
869 1.6e-07
870 4e-08
871 1.6e-07
872 4e-08
873 4e-07
874 1.6e-07
875 2.4e-07
876 1.6e-07
877 8e-08
878 4e-07
879 1.6e-07
880 2.39602e-07
881 3.2e-07
882 3.9602e-08
883 2e-07
884 2.4e-07
885 8e-08
886 1.6e-07
887 1.2e-07
888 2.39204e-07
889 2e-07
890 1.6e-07
891 1.2e-07
892 1.19602e-07
893 7.9602e-08
894 1.99602e-07
895 2.8e-07
896 2e-07
897 2e-07
898 1.6e-07
899 1.59602e-07
900 3.2e-07
901 4e-08
902 2e-07
903 4e-08
904 4e-08
905 2.4e-07
906 8e-08
907 2e-07
908 1.6e-07
909 2e-07
910 2.4e-07
911 2.39602e-07
912 4e-07
913 1.19602e-07
914 2e-07
915 8e-08
916 2.39602e-07
917 2e-07
918 1.2e-07
919 1.2e-07
920 2e-07
921 8e-08
922 1.99602e-07
923 2.39602e-07
924 2.79204e-07
925 1.19602e-07
926 1.19602e-07
927 1.59602e-07
928 1.2e-07
929 1.59602e-07
930 3.1801e-07
931 2e-07
932 2e-07
933 2e-07
934 1.6e-07
935 2e-07
936 2e-07
937 2e-07
938 1.6e-07
939 2e-07
940 2.39602e-07
941 1.6e-07
942 2e-07
943 2.4e-07
944 1.59602e-07
945 1.6e-07
946 1.6e-07
947 1.59602e-07
948 1.2e-07
949 2.8e-07
950 3.19602e-07
951 3.59602e-07
952 8e-08
953 2e-07
954 1.2e-07
955 0
956 1.99602e-07
957 1.99208e-07
958 1.2e-07
959 3.2e-07
960 1.99602e-07
961 1.99602e-07
962 1.2e-07
963 1.6e-07
964 2.8e-07
965 1.6e-07
966 8e-08
967 1.6e-07
968 1.59602e-07
969 2.4e-07
970 1.6e-07
971 1.2e-07
972 2.4e-07
973 0
974 4e-08
975 1.6e-07
976 2e-07
977 1.6e-07
978 2.8e-07
979 1.6e-07
980 2.8e-07
981 1.2e-07
982 1.6e-07
983 2.4e-07
984 2.8e-07
985 1.6e-07
986 1.6e-07
987 8e-08
988 2.4e-07
989 3.6e-07
990 1.2e-07
991 8e-08
992 2.79602e-07
993 2.4e-07
994 3.99204e-07
995 1.6e-07
996 2.39602e-07
997 1.2e-07
998 1.2e-07
999 0
