0 0
1 0.000548
2 0.000645472
3 0.000496
4 0.000390943
5 0.000353472
6 0.000333472
7 0.000305472
8 0.000356
9 0.000292
10 0.000249472
11 0.000248
12 0.000201472
13 0.000216541
14 0.000188
15 0.000221472
16 0.000176
17 0.000216
18 0.000226943
19 0.000157472
20 0.000268
21 0.000197472
22 0.00016
23 0.000185472
24 0.000148
25 0.000149472
26 0.00016
27 0.00018
28 0.000125472
29 0.00016
30 0.000141472
31 0.000144
32 0.000134943
33 0.000176
34 0.000112
35 0.000145472
36 0.000124
37 0.000113472
38 0.000128
39 0.000116
40 0.000124
41 0.0001
42 0.000156
43 0.000117472
44 0.000124
45 0.000112
46 0.000144
47 0.0001
48 0.000113472
49 8.54715e-05
50 7.6e-05
51 8.14715e-05
52 0.00012
53 0.000104
54 9.6e-05
55 0.000136
56 0.00012
57 0.000125472
58 0.000124
59 8.14715e-05
60 8.4e-05
61 8.94715e-05
62 0.00012
63 0.0001
64 7.2e-05
65 0.000109472
66 0.000116
67 7.34715e-05
68 9.2e-05
69 9.34715e-05
70 8e-05
71 8e-05
72 8.14715e-05
73 8e-05
74 8e-05
75 8.8e-05
76 8.6943e-05
77 9.2e-05
78 0.0001
79 7.74715e-05
80 8.8e-05
81 8.8e-05
82 7.74715e-05
83 8.4e-05
84 8e-05
85 8.54715e-05
86 8.54715e-05
87 7.2e-05
88 8e-05
89 7.4943e-05
90 6.94715e-05
91 8.4e-05
92 7.6e-05
93 8.14715e-05
94 8e-05
95 8e-05
96 8.4e-05
97 6.8e-05
98 8.54715e-05
99 8.4e-05
100 8.8e-05
101 4.94715e-05
102 5.6e-05
103 8e-05
104 8e-05
105 8e-05
106 4.94715e-05
107 7.6e-05
108 5.34715e-05
109 6.94715e-05
110 5.74715e-05
111 0.000108
112 4.54715e-05
113 6.94715e-05
114 6.4e-05
115 4.4e-05
116 6.14715e-05
117 8.14715e-05
118 6.54715e-05
119 4.2943e-05
120 8.8e-05
121 6.14715e-05
122 6.8e-05
123 4.8e-05
124 4.4e-05
125 4.4e-05
126 4e-05
127 5.6e-05
128 4.8e-05
129 5.6e-05
130 7.2e-05
131 7.2e-05
132 4.54715e-05
133 6.14715e-05
134 4e-05
135 8.94715e-05
136 3.6e-05
137 5.6e-05
138 7.2e-05
139 6e-05
140 5.4943e-05
141 7.74715e-05
142 6.54715e-05
143 5.6e-05
144 7.6e-05
145 5.34715e-05
146 8.8e-05
147 4.8e-05
148 8.14715e-05
149 6.4e-05
150 8.8e-05
151 5.34715e-05
152 4.54715e-05
153 6.4e-05
154 5.34715e-05
155 5.4943e-05
156 2e-05
157 4.94715e-05
158 2.8e-05
159 4e-05
160 2.8e-05
161 5.2e-05
162 5.2e-05
163 4e-05
164 6e-05
165 2.94715e-05
166 3.6e-05
167 5.74715e-05
168 5.0943e-05
169 3.6e-05
170 5.6e-05
171 8.94715e-05
172 4.2943e-05
173 5.2e-05
174 6.8e-05
175 3.6e-05
176 2.8e-05
177 4.4e-05
178 5.4943e-05
179 5.2e-05
180 7.34715e-05
181 3.4943e-05
182 4.4e-05
183 4.4e-05
184 6e-05
185 7.6e-05
186 1.6e-05
187 2.4e-05
188 5.6e-05
189 4e-05
190 5.2e-05
191 5.6e-05
192 6.54715e-05
193 3.2e-05
194 5.2e-05
195 3.34715e-05
196 4.94715e-05
197 5.2e-05
198 3.6e-05
199 5.34715e-05
200 4.14715e-05
201 4.54715e-05
202 4.14715e-05
203 1.6e-05
204 3.0943e-05
205 4.54715e-05
206 4.4e-05
207 1.2e-05
208 4.4e-05
209 5.24146e-05
210 3.2e-05
211 6.4e-05
212 3.74715e-05
213 4.6943e-05
214 3.6e-05
215 5.74715e-05
216 5.6e-05
217 4e-05
218 4.4e-05
219 3.6e-05
220 5.34715e-05
221 4.4e-05
222 3.6e-05
223 5.2e-05
224 4.8e-05
225 4.14715e-05
226 3.2e-05
227 5.74715e-05
228 2.4e-05
229 4.54715e-05
230 3.74715e-05
231 4.4e-05
232 4e-05
233 4.4e-05
234 1.6e-05
235 5.6e-05
236 2.94715e-05
237 3.6e-05
238 3.34715e-05
239 5.6e-05
240 2.8e-05
241 3.6e-05
242 1.6e-05
243 4.6943e-05
244 4.14715e-05
245 7.6e-05
246 5.74715e-05
247 4.4e-05
248 2.4e-05
249 4.94715e-05
250 4.4e-05
251 4.14715e-05
252 3.6e-05
253 2.14715e-05
254 4e-05
255 4.4e-05
256 4e-05
257 5.4943e-05
258 3.6e-05
259 4.94715e-05
260 4e-05
261 2.4e-05
262 3.2e-05
263 2.4e-05
264 2.8e-05
265 2.4e-05
266 6.54715e-05
267 2.4e-05
268 2e-05
269 3.2e-05
270 5.34715e-05
271 2.8e-05
272 5.4943e-05
273 3.74715e-05
274 3.34715e-05
275 3.74715e-05
276 3.4943e-05
277 3.2e-05
278 8e-06
279 2.8e-05
280 4.4e-05
281 4e-05
282 4e-05
283 3.6e-05
284 5.74715e-05
285 4.4e-05
286 2.4e-05
287 3.2e-05
288 4.8e-05
289 3.34715e-05
290 2.4e-05
291 3.6e-05
292 3.2e-05
293 1.6e-05
294 3.34715e-05
295 4.4e-05
296 4.54715e-05
297 3.74715e-05
298 2.54715e-05
299 4.8e-05
300 4.4e-05
301 1.2e-05
302 4.4e-05
303 3.2e-05
304 4.14715e-05
305 3.8943e-05
306 3.6e-05
307 2e-05
308 4e-06
309 3.74715e-05
310 2.8e-05
311 4.4e-05
312 4e-05
313 5.6e-05
314 4.14715e-05
315 3.6e-05
316 4.8e-05
317 4.4e-05
318 4.4e-05
319 4.54715e-05
320 2.8e-05
321 3.2e-05
322 2.8e-05
323 4.54715e-05
324 2e-05
325 4.14715e-05
326 4e-05
327 4.4e-05
328 3.6e-05
329 5.6e-05
330 2.94715e-05
331 2.8e-05
332 2.54715e-05
333 3.2e-05
334 5.6e-05
335 8e-06
336 2.4e-05
337 3.6e-05
338 3.6e-05
339 4.4e-05
340 1.6e-05
341 3.34715e-05
342 4.8e-05
343 2e-05
344 3.74715e-05
345 2e-05
346 3.74715e-05
347 5.34715e-05
348 3.6e-05
349 2e-05
350 2.4e-05
351 4.4e-05
352 4e-05
353 1.6e-05
354 3.2e-05
355 1.6e-05
356 3.34715e-05
357 1.4943e-05
358 2.8e-05
359 1.34715e-05
360 3.74715e-05
361 2.54715e-05
362 4.4e-05
363 4e-05
364 5.8943e-05
365 3.74715e-05
366 3.6e-05
367 5.34715e-05
368 2e-05
369 2e-05
370 2.4e-05
371 3.6e-05
372 2.94715e-05
373 2.8e-05
374 1.2e-05
375 9.47152e-06
376 1.6e-05
377 8e-06
378 2e-05
379 4.6943e-05
380 2.44146e-05
381 2e-05
382 1.74715e-05
383 2.54715e-05
384 1.6e-05
385 2.8e-05
386 2e-05
387 4.14715e-05
388 3.34715e-05
389 4e-05
390 3.74715e-05
391 3.34715e-05
392 3.2e-05
393 1.6e-05
394 2.45413e-05
395 2.94715e-05
396 4e-05
397 1.2e-05
398 3.94844e-05
399 2.4e-05
400 8e-06
401 3.2e-05
402 3.2e-05
403 1.74715e-05
404 2.8e-05
405 1.6e-05
406 1.6e-05
407 2e-05
408 4e-05
409 2e-05
410 1.74715e-05
411 4.14715e-05
412 2.6943e-05
413 3.34715e-05
414 1.4943e-05
415 5.2e-05
416 2.4e-05
417 2.8e-05
418 5.2e-05
419 8e-06
420 4.4e-05
421 3.2e-05
422 2e-05
423 2e-05
424 2.4e-05
425 1.2e-05
426 2.8e-05
427 9.47152e-06
428 2.54715e-05
429 2e-05
430 8e-06
431 3.34715e-05
432 3.24146e-05
433 2.4e-05
434 3.2e-05
435 2.8e-05
436 1.4943e-05
437 3.74715e-05
438 1.34715e-05
439 2.60129e-05
440 4.04146e-05
441 1.6e-05
442 1.2e-05
443 2.4e-05
444 2.45413e-05
445 3.2e-05
446 2.8e-05
447 1.2e-05
448 3.34715e-05
449 2.94715e-05
450 3.2e-05
451 2.8e-05
452 2e-05
453 3.6e-05
454 2.8e-05
455 2.4e-05
456 4e-05
457 4e-06
458 2.4e-05
459 1.74715e-05
460 2.4e-05
461 1.2e-05
462 2.8e-05
463 2.4e-05
464 2.94715e-05
465 4.8e-05
466 3.2e-05
467 1.6e-05
468 2.94715e-05
469 3.6e-05
470 2e-05
471 3.74715e-05
472 4e-05
473 1.6e-05
474 6.4e-05
475 3.6e-05
476 2.8e-05
477 3.34715e-05
478 2.54715e-05
479 2e-05
480 2.8e-05
481 3.34715e-05
482 4e-05
483 2e-05
484 2.54715e-05
485 3.6e-05
486 2.94715e-05
487 4e-05
488 2.8e-05
489 2.4e-05
490 2.94715e-05
491 4e-06
492 8e-06
493 2.4e-05
494 2.8e-05
495 0
496 3.2e-05
497 3.2e-05
498 2.8e-05
499 3.6e-05
500 2.54715e-05
501 2.4e-05
502 2.14715e-05
503 1.74715e-05
504 3.74715e-05
505 4e-05
506 2e-05
507 1.34715e-05
508 2.94715e-05
509 3.0943e-05
510 2.94715e-05
511 3.2e-05
512 3.6e-05
513 1.6e-05
514 2.54715e-05
515 8e-06
516 2.14715e-05
517 3.74715e-05
518 3.6e-05
519 1.6e-05
520 2e-05
521 4.54715e-05
522 4e-05
523 1.6e-05
524 1.6e-05
525 3.6e-05
526 3.6e-05
527 2.4e-05
528 1.2e-05
529 1.74715e-05
530 1.6e-05
531 1.2e-05
532 1.0943e-05
533 2.4e-05
534 2.8e-05
535 3.2e-05
536 8e-06
537 1.6e-05
538 2.2943e-05
539 1.2e-05
540 2.54715e-05
541 2e-05
542 8e-06
543 2e-05
544 2.60129e-05
545 2.4e-05
546 3.6e-05
547 2.8e-05
548 3.6e-05
549 1.74715e-05
550 1.6e-05
551 2.4e-05
552 3.2e-05
553 1.2e-05
554 2.2943e-05
555 2.8e-05
556 2e-05
557 8e-06
558 2.8e-05
559 3.2e-05
560 3.34715e-05
561 3.6e-05
562 2.4e-05
563 3.2e-05
564 2.4e-05
565 2.4e-05
566 2.8e-05
567 3.2e-05
568 2.4e-05
569 3.34715e-05
570 2.8e-05
571 2e-05
572 2.54715e-05
573 3.2e-05
574 1.6e-05
575 1.74715e-05
576 2.54715e-05
577 1.2e-05
578 1.34715e-05
579 2.8e-05
580 2.4e-05
581 1.8943e-05
582 3.2e-05
583 2.8e-05
584 2e-05
585 5.34715e-05
586 2e-05
587 1.65413e-05
588 1.6e-05
589 2.2943e-05
590 1.2e-05
591 2.8e-05
592 4.4e-05
593 2.94715e-05
594 2.8e-05
595 3.2e-05
596 2e-05
597 1.74715e-05
598 4e-06
599 2e-05
600 1.6e-05
601 3.6e-05
602 1.74715e-05
603 2.4e-05
604 1.2e-05
605 1.6e-05
606 1.74715e-05
607 1.6e-05
608 2e-05
609 2.94715e-05
610 3.6e-05
611 2e-05
612 2.4e-05
613 3.74715e-05
614 8e-06
615 2.8e-05
616 4.4e-05
617 2.8e-05
618 1.6e-05
619 5.2e-05
620 9.47152e-06
621 2.14715e-05
622 2.54715e-05
623 3.2e-05
624 2.4e-05
625 4e-05
626 2.8e-05
627 1.6e-05
628 1.6e-05
629 1.4943e-05
630 2e-05
631 4e-05
632 4e-05
633 1.6e-05
634 4e-06
635 2.8e-05
636 1.34715e-05
637 1.6e-05
638 2.54715e-05
639 1.74715e-05
640 1.6e-05
641 2.14715e-05
642 4e-06
643 2.8e-05
644 2e-05
645 1.2e-05
646 3.2e-05
647 6.94304e-06
648 2.8e-05
649 3.0943e-05
650 2.4e-05
651 2e-05
652 2.94715e-05
653 2.94715e-05
654 8e-06
655 2e-05
656 2.8e-05
657 3.2e-05
658 1.6e-05
659 1.6e-05
660 2.4e-05
661 2.54715e-05
662 2e-05
663 1.2e-05
664 3.6e-05
665 1.8943e-05
666 2.60129e-05
667 2.8e-05
668 1.6e-05
669 3.2e-05
670 3.6e-05
671 4e-06
672 2.8e-05
673 4e-05
674 1.74715e-05
675 1.6e-05
676 2e-05
677 1.2e-05
678 8e-06
679 3.6e-05
680 1.6e-05
681 1.6e-05
682 1.2e-05
683 2e-05
684 1.6e-05
685 1.6e-05
686 3.74715e-05
687 1.2e-05
688 2e-05
689 2.14715e-05
690 2.14715e-05
691 4e-05
692 4.4e-05
693 2.84146e-05
694 1.6e-05
695 1.6e-05
696 2.94715e-05
697 2.4e-05
698 2.4e-05
699 2.4e-05
700 1.74715e-05
701 1.6e-05
702 1.2e-05
703 1.6e-05
704 3.6e-05
705 2.85413e-05
706 3.34715e-05
707 8e-06
708 3.6e-05
709 1.74715e-05
710 9.47152e-06
711 1.65413e-05
712 9.47152e-06
713 2.8e-05
714 1.6e-05
715 1.6e-05
716 1.6e-05
717 3.2e-05
718 1.2e-05
719 4e-06
720 3.2e-05
721 3.2e-05
722 2e-05
723 2e-05
724 2e-05
725 8e-06
726 2.4e-05
727 3.6e-05
728 2e-05
729 4e-05
730 1.6e-05
731 2.4e-05
732 1.2e-05
733 2.14715e-05
734 1.8943e-05
735 8e-06
736 2e-05
737 2.14715e-05
738 5.47152e-06
739 1.2e-05
740 2.05413e-05
741 9.47152e-06
742 2e-05
743 8e-06
744 1.6e-05
745 2.4e-05
746 1.2e-05
747 9.47152e-06
748 2e-05
749 2.94715e-05
750 1.6e-05
751 1.6e-05
752 2.8e-05
753 4.6943e-05
754 4.14715e-05
755 1.6e-05
756 1.6e-05
757 3.74715e-05
758 2e-05
759 1.2e-05
760 3.34715e-05
761 1.2e-05
762 3.34715e-05
763 1.2e-05
764 1.6e-05
765 1.2e-05
766 2.6943e-05
767 1.2e-05
768 8e-06
769 9.47152e-06
770 1.74715e-05
771 2.54715e-05
772 1.6e-05
773 2e-05
774 2e-05
775 2.4e-05
776 2e-05
777 1.2e-05
778 1.34715e-05
779 3.6e-05
780 1.6e-05
781 2.2943e-05
782 2.14715e-05
783 1.2e-05
784 4e-06
785 2.54715e-05
786 5.47152e-06
787 2.4e-05
788 2.8e-05
789 1.6e-05
790 2.8e-05
791 8e-06
792 2.4e-05
793 1.2e-05
794 2.94304e-06
795 3.2e-05
796 8e-06
797 1.6e-05
798 9.47152e-06
799 1.74715e-05
800 2.8e-05
801 4e-06
802 1.34715e-05
803 1.34715e-05
804 1.6e-05
805 2.4e-05
806 3.6e-05
807 1.6e-05
808 1.6e-05
809 2e-05
810 1.74715e-05
811 1.6e-05
812 1.6e-05
813 2e-05
814 2.94715e-05
815 2.85413e-05
816 1.2e-05
817 1.74715e-05
818 9.47152e-06
819 3.34715e-05
820 1.74715e-05
821 1.74715e-05
822 2.4e-05
823 1.6e-05
824 2.54715e-05
825 2.4e-05
826 2e-05
827 1.2e-05
828 1.2e-05
829 1.74715e-05
830 2.8e-05
831 2.6943e-05
832 9.47152e-06
833 2.8e-05
834 0
835 2e-05
836 1.2e-05
837 2.60129e-05
838 1.34715e-05
839 1.2e-05
840 2.4e-05
841 1.74715e-05
842 1.2e-05
843 8e-06
844 2e-05
845 1.6e-05
846 2.54715e-05
847 2.45413e-05
848 2.4e-05
849 2e-05
850 1.6e-05
851 2e-05
852 2.4e-05
853 2.8e-05
854 2e-05
855 1.6e-05
856 1.6e-05
857 6.01286e-06
858 1.34715e-05
859 1.2e-05
860 2.4e-05
861 2.4e-05
862 8e-06
863 8e-06
864 2.8e-05
865 3.2e-05
866 1.6e-05
867 5.47152e-06
868 2.2943e-05
869 2.4e-05
870 1.2e-05
871 1.2e-05
872 8e-06
873 2e-05
874 2e-05
875 1.2e-05
876 1.6e-05
877 2e-05
878 2.4e-05
879 1.2e-05
880 4e-06
881 1.74715e-05
882 1.6e-05
883 1.2e-05
884 1.74715e-05
885 1.6e-05
886 2e-05
887 2.94715e-05
888 2.14715e-05
889 5.47152e-06
890 8e-06
891 2.14715e-05
892 1.2e-05
893 2.14715e-05
894 1.34715e-05
895 3.34715e-05
896 1.2e-05
897 2.4e-05
898 8e-06
899 2.4e-05
900 3.74715e-05
901 3.2e-05
902 8e-06
903 1.34715e-05
904 1.2e-05
905 1.2e-05
906 1.74715e-05
907 2.14715e-05
908 1.2e-05
909 5.47152e-06
910 2.8e-05
911 1.6e-05
912 1.6e-05
913 2.4e-05
914 1.74715e-05
915 1.6e-05
916 8e-06
917 2.4e-05
918 1.6e-05
919 2e-05
920 8e-06
921 8e-06
922 1.74715e-05
923 1.6e-05
924 5.47152e-06
925 1.74715e-05
926 9.47152e-06
927 0
928 0
929 2.4e-05
930 2e-05
931 1.2e-05
932 1.34715e-05
933 1.2e-05
934 2.14715e-05
935 4e-06
936 1.6e-05
937 2.4e-05
938 1.34715e-05
939 2.2943e-05
940 2.4e-05
941 1.6e-05
942 1.34715e-05
943 1.2e-05
944 1.2e-05
945 2.94715e-05
946 4e-06
947 2e-05
948 4e-06
949 2.94715e-05
950 2e-05
951 1.6e-05
952 4e-06
953 1.74715e-05
954 1.74715e-05
955 8e-06
956 3.2e-05
957 2.8e-05
958 4e-06
959 1.6e-05
960 1.6e-05
961 2e-05
962 1.74715e-05
963 2.8e-05
964 1.6e-05
965 9.47152e-06
966 3.6e-05
967 1.6e-05
968 1.2e-05
969 2.14715e-05
970 8e-06
971 2.4e-05
972 5.47152e-06
973 2.54715e-05
974 4e-06
975 1.6e-05
976 3.2e-05
977 1.2e-05
978 1.6e-05
979 1.2e-05
980 2.94715e-05
981 2.4e-05
982 2.4e-05
983 3.2e-05
984 2.4e-05
985 9.47152e-06
986 1.74715e-05
987 8e-06
988 1.2e-05
989 8e-06
990 2.8e-05
991 1.4943e-05
992 4e-06
993 2.54715e-05
994 2.14715e-05
995 1.74715e-05
996 1.2e-05
997 3.6e-05
998 1.6e-05
999 0
