0 0
1 0
2 8e-07
3 1.2e-06
4 8e-07
5 4e-07
6 0
7 2e-06
8 3.2e-06
9 3.2e-06
10 1.6e-06
11 2.4e-06
12 3.2e-06
13 5.2e-06
14 5.6e-06
15 5.6e-06
16 5.2e-06
17 4.4e-06
18 4e-06
19 5.6e-06
20 4e-06
21 5.6e-06
22 9.2e-06
23 6.8e-06
24 7.2e-06
25 6.4e-06
26 8.36193e-06
27 8e-06
28 5.6e-06
29 7.6e-06
30 8.36193e-06
31 9.6e-06
32 8e-06
33 6.4e-06
34 5.6e-06
35 9.6e-06
36 8e-06
37 7.2e-06
38 7.6e-06
39 1.04e-05
40 6e-06
41 9.6e-06
42 8e-06
43 7.6e-06
44 6.4e-06
45 4.36193e-06
46 6e-06
47 6e-06
48 4e-06
49 5.6e-06
50 8e-06
51 6.8e-06
52 5.2e-06
53 1.2e-05
54 7.2e-06
55 6.8e-06
56 8.4e-06
57 8.4e-06
58 6.4e-06
59 1.4e-05
60 9.96193e-06
61 7.16193e-06
62 6e-06
63 6.4e-06
64 5.6e-06
65 6.4e-06
66 6e-06
67 7.6e-06
68 6.4e-06
69 7.2e-06
70 8.4e-06
71 6.4e-06
72 5.6e-06
73 8.8e-06
74 8e-06
75 7.2e-06
76 3.96193e-06
77 8.4e-06
78 6e-06
79 9.2e-06
80 5.6e-06
81 3.6e-06
82 6.36193e-06
83 5.6e-06
84 3.16193e-06
85 6.76193e-06
86 6.8e-06
87 5.6e-06
88 6e-06
89 6e-06
90 5.6e-06
91 6e-06
92 6.4e-06
93 6e-06
94 7.6e-06
95 6.4e-06
96 6.8e-06
97 6.4e-06
98 6.4e-06
99 6.76193e-06
100 3.2e-06
101 5.2e-06
102 6.4e-06
103 5.16193e-06
104 5.6e-06
105 6.76193e-06
106 5.92387e-06
107 4.4e-06
108 6.4e-06
109 4.4e-06
110 4.8e-06
111 4.4e-06
112 5.2e-06
113 4.36193e-06
114 4.8e-06
115 3.6e-06
116 4.36193e-06
117 8.8e-06
118 5.2e-06
119 5.2e-06
120 4.8e-06
121 4e-06
122 3.6e-06
123 5.6e-06
124 7.16193e-06
125 6.4e-06
126 6e-06
127 5.16193e-06
128 4e-06
129 3.16193e-06
130 6.8e-06
131 2.8e-06
132 5.6e-06
133 4.8e-06
134 3.6e-06
135 5.2e-06
136 6.36193e-06
137 5.96193e-06
138 6.36193e-06
139 5.16193e-06
140 8e-06
141 4e-06
142 2.8e-06
143 8e-06
144 6.8e-06
145 6.36193e-06
146 6.76193e-06
147 6.32387e-06
148 5.6e-06
149 5.6e-06
150 5.92387e-06
151 4e-06
152 3.6e-06
153 5.92387e-06
154 4e-06
155 3.2e-06
156 4e-06
157 5.92387e-06
158 3.56193e-06
159 6e-06
160 6e-06
161 6e-06
162 2.8e-06
163 3.2e-06
164 2.8e-06
165 3.4858e-06
166 3.2e-06
167 3.96193e-06
168 3.2e-06
169 6.76193e-06
170 2.4e-06
171 7.96193e-06
172 4e-06
173 4.32749e-06
174 4e-06
175 3.2e-06
176 1.96193e-06
177 4.76193e-06
178 3.96193e-06
179 4.4e-06
180 2e-06
181 6e-06
182 5.2e-06
183 3.56193e-06
184 6.8e-06
185 2.8e-06
186 5.2e-06
187 4.76193e-06
188 4e-06
189 5.56193e-06
190 2.4e-06
191 6.8e-06
192 3.2e-06
193 3.6e-06
194 3.6e-06
195 4.72387e-06
196 3.6e-06
197 3.6e-06
198 1.6e-06
199 3.96193e-06
200 2.8e-06
201 5.16193e-06
202 4.32749e-06
203 5.2e-06
204 6.76193e-06
205 2.8e-06
206 3.6e-06
207 4.8e-06
208 4.8e-06
209 2.8e-06
210 4.8e-06
211 5.92387e-06
212 7.2e-06
213 4.4e-06
214 1.6e-06
215 2.4e-06
216 5.6e-06
217 4e-06
218 4e-06
219 5.2e-06
220 4e-06
221 4.8e-06
222 4e-06
223 2.8e-06
224 3.2e-06
225 2.4e-06
226 2.4e-06
227 2.76193e-06
228 2.8e-06
229 3.2e-06
230 3.16193e-06
231 3.6e-06
232 5.2e-06
233 5.2e-06
234 2.8e-06
235 4.32749e-06
236 2.8e-06
237 3.2e-06
238 2e-06
239 4e-06
240 5.16193e-06
241 3.6e-06
242 4e-06
243 3.2e-06
244 3.96193e-06
245 3.2e-06
246 2e-06
247 4.76193e-06
248 3.6e-06
249 4.4e-06
250 3.6e-06
251 2.4e-06
252 1.6e-06
253 4.8e-06
254 5.6e-06
255 4e-06
256 4e-06
257 5.96193e-06
258 3.12387e-06
259 3.6e-06
260 6.4e-06
261 3.6e-06
262 2.8e-06
263 3.6e-06
264 3.16193e-06
265 6e-06
266 3.2e-06
267 3.6e-06
268 3.2e-06
269 2.8e-06
270 4.76193e-06
271 4e-06
272 2e-06
273 4e-06
274 4e-06
275 6e-06
276 4e-06
277 2.8e-06
278 2.8e-06
279 2e-06
280 5.6e-06
281 2e-06
282 2.8e-06
283 4e-06
284 2.4e-06
285 4e-06
286 3.2e-06
287 3.6e-06
288 1.2e-06
289 3.96193e-06
290 3.6e-06
291 3.56193e-06
292 5.2e-06
293 4.76193e-06
294 2.8e-06
295 4e-06
296 2.8e-06
297 3.2e-06
298 6.8e-06
299 3.6e-06
300 4.36193e-06
301 3.6e-06
302 3.96193e-06
303 2.8e-06
304 2.4e-06
305 2.4e-06
306 2.8e-06
307 2e-06
308 1.6e-06
309 2.8e-06
310 1.6e-06
311 2.8e-06
312 3.16193e-06
313 3.6e-06
314 3.2e-06
315 4e-06
316 2.8e-06
317 4.8e-06
318 5.96193e-06
319 2.8e-06
320 3.16193e-06
321 2.8e-06
322 4e-06
323 2.4e-06
324 1.2e-06
325 3.6e-06
326 4e-06
327 3.96193e-06
328 3.6e-06
329 3.6e-06
330 2.8e-06
331 4.8e-06
332 4e-06
333 2e-06
334 3.2e-06
335 2.8e-06
336 2e-06
337 2.8e-06
338 3.2e-06
339 2.4e-06
340 2.36193e-06
341 3.2e-06
342 2.4e-06
343 1.6e-06
344 1.6e-06
345 1.16193e-06
346 1.92387e-06
347 6e-06
348 2.8e-06
349 2e-06
350 4.4e-06
351 3.2e-06
352 3.6e-06
353 4e-06
354 4e-06
355 2e-06
356 3.2e-06
357 2.4e-06
358 2.4e-06
359 1.6e-06
360 2.68943e-06
361 4.76193e-06
362 3.2e-06
363 2.36193e-06
364 3.96193e-06
365 8e-07
366 3.2e-06
367 2e-06
368 1.56193e-06
369 2.4e-06
370 4e-06
371 4e-06
372 2e-06
373 2.76193e-06
374 2.36193e-06
375 3.6e-06
376 3.52387e-06
377 3.16193e-06
378 2.8e-06
379 1.6e-06
380 2.8e-06
381 5.6e-06
382 4e-06
383 4.4e-06
384 3.12387e-06
385 2.4e-06
386 2.4e-06
387 2.4e-06
388 4.4e-06
389 4.8e-06
390 4e-06
391 4.4e-06
392 3.2e-06
393 3.2e-06
394 3.6e-06
395 2.8e-06
396 3.6e-06
397 8e-07
398 1.52749e-06
399 4.36193e-06
400 3.6e-06
401 3.2e-06
402 1.2e-06
403 3.2e-06
404 1.2e-06
405 3.2e-06
406 2.76193e-06
407 2.4e-06
408 4e-06
409 2.8e-06
410 1.2e-06
411 2.8e-06
412 1.6e-06
413 2.4e-06
414 3.6e-06
415 3.56193e-06
416 4.36193e-06
417 4.8e-06
418 4e-07
419 8e-07
420 3.2e-06
421 3.6e-06
422 3.12387e-06
423 3.12387e-06
424 4.25136e-06
425 4.8e-06
426 2e-06
427 2.4e-06
428 5.12387e-06
429 2e-06
430 1.16193e-06
431 3.2e-06
432 2.8e-06
433 4.4e-06
434 2.8e-06
435 3.96193e-06
436 1.2e-06
437 2.4e-06
438 2.4e-06
439 2.4e-06
440 2.76193e-06
441 2.4e-06
442 2.36193e-06
443 2.4e-06
444 2e-06
445 3.2e-06
446 2.8e-06
447 3.16193e-06
448 2e-06
449 8e-07
450 1.96193e-06
451 3.2e-06
452 4.4e-06
453 3.16193e-06
454 2e-06
455 2e-06
456 2e-06
457 2.8e-06
458 1.6e-06
459 4.36193e-06
460 1.2e-06
461 1.6e-06
462 3.2e-06
463 5.2e-06
464 2.76193e-06
465 1.6e-06
466 2.36193e-06
467 3.2e-06
468 2.76193e-06
469 3.2e-06
470 1.56193e-06
471 1.2e-06
472 2.8e-06
473 4e-07
474 1.6e-06
475 1.6e-06
476 3.2e-06
477 8e-07
478 2e-06
479 3.2e-06
480 4.4e-06
481 3.2e-06
482 2.4e-06
483 3.56193e-06
484 1.96193e-06
485 4.4e-06
486 4.4e-06
487 2.72387e-06
488 4.4e-06
489 1.2e-06
490 3.16193e-06
491 4.76193e-06
492 2e-06
493 2.4e-06
494 2.4e-06
495 2.36193e-06
496 2.8e-06
497 3.2e-06
498 1.6e-06
499 1.2e-06
500 2.8e-06
501 2.36193e-06
502 2.4e-06
503 2.8e-06
504 1.6e-06
505 2e-06
506 2.8e-06
507 2.32387e-06
508 4.76193e-06
509 3.16193e-06
510 1.6e-06
511 2.8e-06
512 8e-07
513 4.32749e-06
514 3.12387e-06
515 1.6e-06
516 4e-06
517 2e-06
518 2.8e-06
519 1.2e-06
520 2.8e-06
521 2e-06
522 1.2e-06
523 4e-07
524 3.6e-06
525 2.8e-06
526 1.6e-06
527 1.96193e-06
528 2.76193e-06
529 3.6e-06
530 4e-06
531 1.96193e-06
532 3.2e-06
533 2.4e-06
534 2.36193e-06
535 2.72387e-06
536 1.96193e-06
537 2.4e-06
538 3.6e-06
539 2.4e-06
540 2.8e-06
541 3.6e-06
542 3.6e-06
543 2e-06
544 4.8e-06
545 2e-06
546 4e-06
547 3.6e-06
548 2e-06
549 1.56193e-06
550 2e-06
551 2.4e-06
552 3.16193e-06
553 3.16193e-06
554 3.2e-06
555 2.76193e-06
556 3.16193e-06
557 3.2e-06
558 1.2e-06
559 3.52749e-06
560 8e-07
561 1.6e-06
562 8e-07
563 3.6e-06
564 1.96193e-06
565 2.4e-06
566 2.8e-06
567 5.2e-06
568 2.4e-06
569 2.4e-06
570 2.72387e-06
571 1.6e-06
572 3.2e-06
573 1.96193e-06
574 2.4e-06
575 1.6e-06
576 2e-06
577 2e-06
578 8e-07
579 4e-07
580 3.96193e-06
581 3.2e-06
582 2.76193e-06
583 2.8e-06
584 3.6e-06
585 1.16193e-06
586 2.4e-06
587 2e-06
588 2.8e-06
589 1.6e-06
590 2e-06
591 2.4e-06
592 1.56193e-06
593 3.6e-06
594 1.6e-06
595 2.8e-06
596 1.2e-06
597 2.8e-06
598 1.2e-06
599 3.2e-06
600 2.4e-06
601 1.2e-06
602 2e-06
603 1.6e-06
604 4.32387e-06
605 2e-06
606 8e-07
607 2.8e-06
608 2.8e-06
609 1.2e-06
610 2.4e-06
611 1.2e-06
612 3.6e-06
613 2.36193e-06
614 2.4e-06
615 2.36193e-06
616 3.12387e-06
617 0
618 2.8e-06
619 3.16193e-06
620 2.4e-06
621 2.36193e-06
622 2.4e-06
623 3.2e-06
624 2.4e-06
625 2.4e-06
626 2e-06
627 1.2e-06
628 1.2e-06
629 1.2e-06
630 2.76193e-06
631 2e-06
632 2e-06
633 2.4e-06
634 2e-06
635 4.4e-06
636 2.36193e-06
637 8e-07
638 2e-06
639 3.96193e-06
640 1.6e-06
641 2.4e-06
642 2e-06
643 4.76193e-06
644 2.4e-06
645 3.2e-06
646 2.76193e-06
647 2e-06
648 2.36193e-06
649 2.4e-06
650 1.6e-06
651 2.4e-06
652 2.4e-06
653 2.4e-06
654 1.6e-06
655 4e-07
656 8e-07
657 4.36193e-06
658 1.6e-06
659 1.2e-06
660 2.8e-06
661 1.96193e-06
662 2.76193e-06
663 1.2e-06
664 8e-07
665 1.6e-06
666 3.2e-06
667 1.6e-06
668 8e-07
669 2e-06
670 3.2e-06
671 1.2e-06
672 2.4e-06
673 2.36193e-06
674 2.8e-06
675 1.96193e-06
676 8e-07
677 3.6e-06
678 2.36193e-06
679 1.6e-06
680 2.76193e-06
681 2.6858e-06
682 1.56193e-06
683 1.6e-06
684 2e-06
685 3.6e-06
686 2.4e-06
687 5.16193e-06
688 2.8e-06
689 2e-06
690 2e-06
691 3.96193e-06
692 2.36193e-06
693 2.8e-06
694 2e-06
695 2.8e-06
696 1.6e-06
697 2e-06
698 2.76193e-06
699 1.6e-06
700 2.4e-06
701 1.16193e-06
702 2.4e-06
703 1.2e-06
704 1.09633e-06
705 1.2e-06
706 4.4e-06
707 2.76193e-06
708 1.56193e-06
709 3.2e-06
710 4e-07
711 3.6e-06
712 2e-06
713 1.2e-06
714 2.4e-06
715 1.6e-06
716 2e-06
717 3.2e-06
718 3.2e-06
719 1.2e-06
720 1.2e-06
721 2e-06
722 1.56193e-06
723 1.2e-06
724 2.4e-06
725 3.6e-06
726 3.2e-06
727 2e-06
728 2.8e-06
729 2.4e-06
730 1.6e-06
731 1.6e-06
732 2.36193e-06
733 1.96193e-06
734 2e-06
735 3.2e-06
736 3.2e-06
737 1.96193e-06
738 2.4e-06
739 1.6e-06
740 2.4e-06
741 2.4e-06
742 1.6e-06
743 4e-07
744 2.8e-06
745 2.4e-06
746 2e-06
747 2.8e-06
748 2.4e-06
749 1.6e-06
750 2.76193e-06
751 1.6e-06
752 2e-06
753 2.36193e-06
754 2.4e-06
755 8e-07
756 1.92387e-06
757 3.56193e-06
758 1.6e-06
759 4e-07
760 3.92387e-06
761 2.4e-06
762 3.2e-06
763 2e-06
764 1.96193e-06
765 8e-07
766 3.96193e-06
767 1.2e-06
768 1.56193e-06
769 1.2e-06
770 2e-06
771 0
772 2.8e-06
773 2e-06
774 2e-06
775 3.12387e-06
776 2e-06
777 2.76193e-06
778 3.16193e-06
779 1.6e-06
780 4.36193e-06
781 1.6e-06
782 2.8e-06
783 1.56193e-06
784 4e-07
785 8e-07
786 2.4e-06
787 2.36193e-06
788 2e-06
789 7.61935e-07
790 3.6e-06
791 1.2e-06
792 2.4e-06
793 2e-06
794 1.2e-06
795 2e-06
796 1.2e-06
797 2e-06
798 1.96193e-06
799 1.6e-06
800 1.6e-06
801 8e-07
802 3.56193e-06
803 1.96193e-06
804 8e-07
805 4e-06
806 1.96193e-06
807 1.96193e-06
808 2.4e-06
809 1.2e-06
810 4.32387e-06
811 2e-06
812 4e-07
813 4.8e-06
814 1.6e-06
815 1.2e-06
816 2.76193e-06
817 2.76193e-06
818 2e-06
819 2.4e-06
820 2e-06
821 4e-07
822 3.16193e-06
823 1.6e-06
824 2.4e-06
825 1.2e-06
826 8e-07
827 4.8e-06
828 4e-07
829 8e-07
830 1.2e-06
831 1.6e-06
832 1.6e-06
833 1.2e-06
834 2.76193e-06
835 3.2e-06
836 1.2e-06
837 2.4e-06
838 1.96193e-06
839 3.2e-06
840 2.36193e-06
841 2e-06
842 1.2e-06
843 2e-06
844 2.76193e-06
845 1.2e-06
846 1.6e-06
847 1.2e-06
848 1.6e-06
849 2.8e-06
850 2e-06
851 4e-07
852 8e-07
853 2.4e-06
854 7.61935e-07
855 1.6e-06
856 2.8e-06
857 1.6e-06
858 3.52749e-06
859 2.8e-06
860 8e-07
861 2e-06
862 1.96193e-06
863 4e-06
864 2.8e-06
865 4e-07
866 2.4e-06
867 2.8e-06
868 2e-06
869 1.2e-06
870 1.56193e-06
871 2.32387e-06
872 3.6e-06
873 2.4e-06
874 1.6e-06
875 2.8e-06
876 8e-07
877 8e-07
878 2.36193e-06
879 2e-06
880 1.16193e-06
881 2.36193e-06
882 4e-07
883 1.2e-06
884 1.6e-06
885 1.6e-06
886 8e-07
887 1.6e-06
888 1.12387e-06
889 1.6e-06
890 1.6e-06
891 2e-06
892 3.2e-06
893 1.56193e-06
894 1.6e-06
895 4.32387e-06
896 1.56193e-06
897 8e-07
898 1.2e-06
899 1.2e-06
900 1.2e-06
901 8e-07
902 1.2e-06
903 2.8e-06
904 2.8e-06
905 2e-06
906 2.36193e-06
907 2e-06
908 3.16193e-06
909 8e-07
910 1.56193e-06
911 2e-06
912 1.56193e-06
913 2.8e-06
914 1.2e-06
915 1.6e-06
916 8e-07
917 8e-07
918 4e-06
919 1.6e-06
920 1.6e-06
921 2.4e-06
922 1.96193e-06
923 2e-06
924 1.2e-06
925 2e-06
926 2.4e-06
927 1.2e-06
928 8e-07
929 1.16193e-06
930 1.2e-06
931 2.8e-06
932 2.72387e-06
933 8e-07
934 2.8e-06
935 1.2e-06
936 1.6e-06
937 1.2e-06
938 1.6e-06
939 2e-06
940 3.2e-06
941 2e-06
942 1.2e-06
943 1.2e-06
944 4e-07
945 3.6e-06
946 8e-07
947 2.8e-06
948 1.6e-06
949 1.16193e-06
950 1.2e-06
951 2e-06
952 1.6e-06
953 7.61935e-07
954 2e-06
955 1.6e-06
956 1.6e-06
957 3.2e-06
958 1.2e-06
959 1.6e-06
960 2e-06
961 1.2e-06
962 2e-06
963 1.12749e-06
964 2.36193e-06
965 2e-06
966 8e-07
967 2e-06
968 1.2e-06
969 1.2e-06
970 1.56193e-06
971 2.4e-06
972 1.52387e-06
973 2.4e-06
974 2e-06
975 1.2e-06
976 7.61935e-07
977 1.96193e-06
978 1.6e-06
979 1.96193e-06
980 2.36193e-06
981 2.4e-06
982 8e-07
983 1.2e-06
984 1.6e-06
985 2.76193e-06
986 1.2e-06
987 1.6e-06
988 3.96193e-06
989 1.56193e-06
990 1.6e-06
991 8e-07
992 1.16193e-06
993 2.4e-06
994 8e-07
995 2.4e-06
996 2.72387e-06
997 2e-06
998 3.2e-06
999 0
