0 0
1 1.036e-05
2 7.2e-06
3 5.52e-06
4 4.2e-06
5 3.84e-06
6 4.0796e-06
7 3.3996e-06
8 3.08e-06
9 3.8e-06
10 3.2796e-06
11 2.6796e-06
12 2.5196e-06
13 2.7596e-06
14 2.28e-06
15 2.16e-06
16 1.8796e-06
17 2.28e-06
18 2.0396e-06
19 2.0396e-06
20 1.68e-06
21 1.64e-06
22 1.5596e-06
23 1.8796e-06
24 1.4e-06
25 1.6e-06
26 1.92e-06
27 1.48e-06
28 1.7196e-06
29 1.24e-06
30 1.12e-06
31 1.12e-06
32 1.28e-06
33 9.6e-07
34 1.0396e-06
35 1e-06
36 1.16e-06
37 1.3596e-06
38 1.3196e-06
39 9.6e-07
40 1.5196e-06
41 1e-06
42 9.6e-07
43 1.4396e-06
44 9.6e-07
45 1.44e-06
46 1.16e-06
47 8.4e-07
48 6.78806e-07
49 1.52e-06
50 7.99602e-07
51 9.6e-07
52 1.52e-06
53 1.1596e-06
54 1.04e-06
55 1.2796e-06
56 1.1192e-06
57 8.8e-07
58 1.12e-06
59 1.2392e-06
60 9.59204e-07
61 8.39602e-07
62 1.4e-06
63 7.59602e-07
64 8.4e-07
65 7.19602e-07
66 9.6e-07
67 9.99602e-07
68 9.2e-07
69 1.16e-06
70 1e-06
71 6.8e-07
72 9.19602e-07
73 8.79602e-07
74 1.04e-06
75 6.39602e-07
76 5.2e-07
77 1.04e-06
78 9.6e-07
79 1.1996e-06
80 6.4e-07
81 8.4e-07
82 8.8e-07
83 6.4e-07
84 7.2e-07
85 5.98806e-07
86 7.2e-07
87 5.19602e-07
88 9.19602e-07
89 4.39204e-07
90 6.39204e-07
91 6e-07
92 8.39204e-07
93 7.6e-07
94 7.99602e-07
95 7.59602e-07
96 6e-07
97 9.59602e-07
98 6e-07
99 3.19602e-07
100 5.19204e-07
101 6.8e-07
102 6.4e-07
103 5.6e-07
104 6.4e-07
105 7.19602e-07
106 6.8e-07
107 8.39602e-07
108 5.2e-07
109 6e-07
110 6.79602e-07
111 4e-07
112 5.6e-07
113 6.39602e-07
114 8.39602e-07
115 5.99602e-07
116 8.4e-07
117 5.6e-07
118 5.2e-07
119 6.8e-07
120 4.8e-07
121 1.08e-06
122 6.79602e-07
123 7.6e-07
124 8e-07
125 6.4e-07
126 5.6e-07
127 5.99602e-07
128 5.2e-07
129 6e-07
130 5.2e-07
131 6.4e-07
132 7.6e-07
133 5.59602e-07
134 4.4e-07
135 7.59204e-07
136 2.79602e-07
137 5.59602e-07
138 6.4e-07
139 5.99602e-07
140 4.8e-07
141 4.8e-07
142 7.19204e-07
143 6.39602e-07
144 5.19204e-07
145 5.2e-07
146 8e-07
147 4.4e-07
148 5.2e-07
149 4.4e-07
150 6.4e-07
151 4.4e-07
152 6e-07
153 4.8e-07
154 6e-07
155 6.4e-07
156 4.79602e-07
157 5.2e-07
158 1.6e-07
159 3.2e-07
160 3.59602e-07
161 6e-07
162 6.8e-07
163 6e-07
164 4.4e-07
165 5.2e-07
166 3.99602e-07
167 6.4e-07
168 4.79602e-07
169 5.6e-07
170 5.2e-07
171 3.59602e-07
172 4.79204e-07
173 3.99602e-07
174 5.6e-07
175 6e-07
176 6.39204e-07
177 4.79204e-07
178 5.6e-07
179 6.4e-07
180 5.19602e-07
181 7.19602e-07
182 6.79602e-07
183 3.2e-07
184 4.8e-07
185 2.8e-07
186 4.39602e-07
187 8.8e-07
188 2.8e-07
189 2.8e-07
190 6.8e-07
191 4.4e-07
192 6.8e-07
193 6.8e-07
194 3.59602e-07
195 2.8e-07
196 6.39602e-07
197 4e-07
198 4e-07
199 5.99204e-07
200 5.59602e-07
201 5.2e-07
202 4e-07
203 2.8e-07
204 2.79602e-07
205 6.4e-07
206 6.38806e-07
207 2.8e-07
208 2e-07
209 4.8e-07
210 4.39602e-07
211 3.6e-07
212 8.39602e-07
213 3.99602e-07
214 6e-07
215 7.6e-07
216 4.4e-07
217 3.19602e-07
218 4.8e-07
219 3.19204e-07
220 2.79602e-07
221 5.2e-07
222 5.19602e-07
223 4.4e-07
224 3.6e-07
225 4.8e-07
226 3.2e-07
227 4.39204e-07
228 4.4e-07
229 4.8e-07
230 5.2e-07
231 3.19602e-07
232 4e-07
233 2.8e-07
234 3.2e-07
235 3.99602e-07
236 2.8e-07
237 2.79602e-07
238 8e-07
239 2.79602e-07
240 3.2e-07
241 5.59602e-07
242 3.59602e-07
243 5.6e-07
244 5.6e-07
245 5.99602e-07
246 3.6e-07
247 6.79204e-07
248 3.99602e-07
249 5.2e-07
250 3.2e-07
251 4.79204e-07
252 4.4e-07
253 4.39602e-07
254 3.6e-07
255 2e-07
256 2.4e-07
257 5.2e-07
258 4e-07
259 3.19602e-07
260 1.6e-07
261 4.39602e-07
262 4.8e-07
263 4.79602e-07
264 4.4e-07
265 4.8e-07
266 3.6e-07
267 2.79602e-07
268 2.39602e-07
269 6.39602e-07
270 4.8e-07
271 5.59602e-07
272 6e-07
273 8e-08
274 3.6e-07
275 2.8e-07
276 3.19602e-07
277 3.59602e-07
278 2.8e-07
279 2e-07
280 1.59602e-07
281 4e-07
282 4.39602e-07
283 4e-07
284 2e-07
285 2.4e-07
286 4e-07
287 3.6e-07
288 1.2e-07
289 3.19602e-07
290 6.8e-07
291 6.8e-07
292 2.8e-07
293 4.39602e-07
294 3.6e-07
295 3.2e-07
296 3.6e-07
297 2e-07
298 5.6e-07
299 4e-07
300 2e-07
301 2e-07
302 2e-07
303 3.99208e-07
304 2.79602e-07
305 4e-07
306 4.79204e-07
307 4.8e-07
308 2.39602e-07
309 1.6e-07
310 4e-07
311 2.39602e-07
312 2.79602e-07
313 6.4e-07
314 3.99602e-07
315 2.39602e-07
316 2.8e-07
317 1.2e-07
318 3.59602e-07
319 5.6e-07
320 4.8e-07
321 4e-07
322 3.99602e-07
323 1.99204e-07
324 2e-07
325 4.8e-07
326 2.4e-07
327 3.59602e-07
328 4e-07
329 3.2e-07
330 2.39602e-07
331 1.19602e-07
332 2.8e-07
333 2e-07
334 1.2e-07
335 2e-07
336 2.8e-07
337 6.79602e-07
338 2.4e-07
339 2.8e-07
340 4.8e-07
341 4.4e-07
342 3.99602e-07
343 2.8e-07
344 1.2e-07
345 3.6e-07
346 2.8e-07
347 2.8e-07
348 2.8e-07
349 3.19602e-07
350 3.59602e-07
351 3.59602e-07
352 2.8e-07
353 2e-07
354 3.19602e-07
355 1.99602e-07
356 1.59602e-07
357 3.2e-07
358 4.39602e-07
359 3.2e-07
360 3.2e-07
361 2.4e-07
362 3.2e-07
363 4e-07
364 2.4e-07
365 4e-07
366 3.99602e-07
367 3.19204e-07
368 3.6e-07
369 2.8e-07
370 3.6e-07
371 4.4e-07
372 3.2e-07
373 1.6e-07
374 2.8e-07
375 3.99602e-07
376 2.4e-07
377 2.8e-07
378 1.99602e-07
379 1.99602e-07
380 3.2e-07
381 3.6e-07
382 2.8e-07
383 2e-07
384 3.2e-07
385 2e-07
386 3.2e-07
387 3.59602e-07
388 4e-07
389 4.8e-07
390 2.8e-07
391 1.99602e-07
392 2.8e-07
393 2e-07
394 3.99208e-07
395 2e-07
396 1.19602e-07
397 3.99204e-07
398 1.6e-07
399 2e-07
400 1.59602e-07
401 2.4e-07
402 1.6e-07
403 4.79602e-07
404 3.99602e-07
405 2.4e-07
406 1.6e-07
407 2.79602e-07
408 1.59602e-07
409 1.19602e-07
410 1.6e-07
411 2.4e-07
412 1.6e-07
413 2e-07
414 2.8e-07
415 6e-07
416 2e-07
417 1.6e-07
418 4.4e-07
419 4.39602e-07
420 3.19602e-07
421 2.8e-07
422 3.6e-07
423 3.2e-07
424 2.4e-07
425 1.99208e-07
426 4.4e-07
427 3.2e-07
428 2e-07
429 2.4e-07
430 2.8e-07
431 4e-07
432 2.8e-07
433 3.2e-07
434 3.2e-07
435 3.2e-07
436 3.2e-07
437 3.19602e-07
438 1.6e-07
439 2.8e-07
440 2.4e-07
441 2.79602e-07
442 1.2e-07
443 3.6e-07
444 2.4e-07
445 3.59602e-07
446 1.59602e-07
447 3.6e-07
448 3.19602e-07
449 2.4e-07
450 5.2e-07
451 2.4e-07
452 1.6e-07
453 4.4e-07
454 2.4e-07
455 2e-07
456 2.8e-07
457 4.8e-07
458 3.59602e-07
459 3.99602e-07
460 3.6e-07
461 2e-07
462 2e-07
463 1.6e-07
464 2.4e-07
465 4e-07
466 2.4e-07
467 3.6e-07
468 2e-07
469 2e-07
470 3.6e-07
471 3.6e-07
472 4e-07
473 3.2e-07
474 1.2e-07
475 2.79602e-07
476 1.2e-07
477 1.19602e-07
478 2.8e-07
479 1.2e-07
480 2.79204e-07
481 4.4e-07
482 2.79204e-07
483 1.6e-07
484 3.2e-07
485 5.2e-07
486 2.39602e-07
487 4e-07
488 1.6e-07
489 3.6e-07
490 1.6e-07
491 4e-08
492 1.99602e-07
493 3.19602e-07
494 3.19602e-07
495 2.79602e-07
496 1.99602e-07
497 4.39602e-07
498 3.19602e-07
499 2e-07
500 2e-07
501 3.19602e-07
502 3.6e-07
503 1.2e-07
504 3.99602e-07
505 4e-07
506 3.2e-07
507 2.4e-07
508 2.8e-07
509 2.39602e-07
510 1.6e-07
511 4e-08
512 1.2e-07
513 2.8e-07
514 2e-07
515 0
516 1.6e-07
517 2.8e-07
518 2.39602e-07
519 3.59602e-07
520 2e-07
521 3.2e-07
522 8e-08
523 3.99204e-07
524 2.4e-07
525 8e-08
526 1.2e-07
527 1.59602e-07
528 2.39602e-07
529 2e-07
530 2.8e-07
531 3.19602e-07
532 4.4e-07
533 2e-07
534 4.8e-07
535 2.8e-07
536 3.6e-07
537 3.2e-07
538 8e-08
539 4.39602e-07
540 8e-08
541 2.4e-07
542 2.39602e-07
543 4e-07
544 2.4e-07
545 4e-07
546 1.99602e-07
547 4.39602e-07
548 1.99602e-07
549 2.8e-07
550 2.8e-07
551 2.8e-07
552 1.6e-07
553 3.2e-07
554 3.2e-07
555 4.39602e-07
556 2.4e-07
557 1.2e-07
558 2e-07
559 2.79602e-07
560 1.99602e-07
561 2.39602e-07
562 2.4e-07
563 2e-07
564 2.4e-07
565 2.8e-07
566 3.2e-07
567 1.6e-07
568 4.4e-07
569 8e-08
570 8e-08
571 1.6e-07
572 2.8e-07
573 4.39204e-07
574 1.6e-07
575 2.8e-07
576 1.6e-07
577 3.6e-07
578 2.79602e-07
579 8e-08
580 2.8e-07
581 1.6e-07
582 2e-07
583 2.4e-07
584 2.79602e-07
585 3.2e-07
586 2e-07
587 1.6e-07
588 2e-07
589 2.8e-07
590 3.19602e-07
591 3.2e-07
592 1.2e-07
593 4e-07
594 1.6e-07
595 3.2e-07
596 2.79602e-07
597 1.99602e-07
598 8e-08
599 2.4e-07
600 2.4e-07
601 3.6e-07
602 3.6e-07
603 3.2e-07
604 2.4e-07
605 2e-07
606 1.6e-07
607 2e-07
608 2e-07
609 3.99204e-07
610 1.99602e-07
611 2.78408e-07
612 2.8e-07
613 8e-08
614 3.2e-07
615 1.99602e-07
616 2.8e-07
617 1.99602e-07
618 2.4e-07
619 3.19602e-07
620 2.4e-07
621 2.4e-07
622 2e-07
623 1.99602e-07
624 2.39208e-07
625 1.2e-07
626 3.59602e-07
627 2.8e-07
628 2.4e-07
629 2.4e-07
630 3.6e-07
631 2.4e-07
632 1.2e-07
633 2.39602e-07
634 2e-07
635 1.6e-07
636 2e-07
637 2.4e-07
638 1.6e-07
639 1.6e-07
640 1.2e-07
641 1.6e-07
642 1.59602e-07
643 3.2e-07
644 1.6e-07
645 4e-07
646 3.59208e-07
647 2.39204e-07
648 1.2e-07
649 8e-08
650 8e-08
651 3.2e-07
652 2.4e-07
653 7.9602e-08
654 8e-08
655 2e-07
656 2e-07
657 1.2e-07
658 2.39602e-07
659 2.4e-07
660 8e-08
661 2.39208e-07
662 3.6e-07
663 1.99602e-07
664 8e-08
665 2.8e-07
666 2.8e-07
667 1.6e-07
668 2e-07
669 4.39602e-07
670 2.4e-07
671 2e-07
672 2e-07
673 3.6e-07
674 3.2e-07
675 1.2e-07
676 1.6e-07
677 1.2e-07
678 2.39602e-07
679 1.6e-07
680 3.59602e-07
681 2e-07
682 1.2e-07
683 1.2e-07
684 2.39602e-07
685 2e-07
686 2.8e-07
687 1.2e-07
688 2.8e-07
689 1.6e-07
690 4.4e-07
691 8e-08
692 3.2e-07
693 2.8e-07
694 1.6e-07
695 1.99602e-07
696 1.99602e-07
697 1.2e-07
698 2.8e-07
699 2.39602e-07
700 8e-08
701 3.2e-07
702 2.4e-07
703 1.2e-07
704 1.59602e-07
705 2.79602e-07
706 2e-07
707 1.99602e-07
708 1.19602e-07
709 2.4e-07
710 1.6e-07
711 1.59602e-07
712 2.39602e-07
713 3.6e-07
714 2.8e-07
715 2.8e-07
716 1.6e-07
717 4e-08
718 3.99602e-07
719 3.59602e-07
720 1.6e-07
721 8e-08
722 2.79208e-07
723 0
724 1.6e-07
725 3.19602e-07
726 3.2e-07
727 1.2e-07
728 2e-07
729 1.99204e-07
730 2e-07
731 3.2e-07
732 1.6e-07
733 2.8e-07
734 1.99204e-07
735 3.19204e-07
736 1.6e-07
737 2.39208e-07
738 1.99602e-07
739 2.39602e-07
740 1.6e-07
741 1.6e-07
742 1.6e-07
743 1.2e-07
744 8e-08
745 2.8e-07
746 2.39602e-07
747 2e-07
748 1.6e-07
749 2e-07
750 2.79602e-07
751 2.4e-07
752 1.2e-07
753 1.6e-07
754 1.6e-07
755 2.4e-07
756 1.2e-07
757 8e-08
758 8e-08
759 2e-07
760 3.19602e-07
761 3.2e-07
762 1.6e-07
763 2.4e-07
764 2e-07
765 2e-07
766 1.19602e-07
767 1.59602e-07
768 1.59602e-07
769 1.6e-07
770 3.19602e-07
771 2.39602e-07
772 4.79602e-07
773 1.59602e-07
774 2e-07
775 2e-07
776 2e-07
777 1.2e-07
778 8e-08
779 2.4e-07
780 2.4e-07
781 2.8e-07
782 2e-07
783 2.4e-07
784 1.99208e-07
785 1.99602e-07
786 1.2e-07
787 2.39602e-07
788 2e-07
789 2.79204e-07
790 2e-07
791 3.59602e-07
792 2.4e-07
793 2e-07
794 8e-08
795 2.4e-07
796 4e-08
797 2e-07
798 1.99204e-07
799 2.8e-07
800 2.4e-07
801 4e-08
802 2.79204e-07
803 8e-08
804 4e-07
805 3.2e-07
806 2e-07
807 1.6e-07
808 2.4e-07
809 1.6e-07
810 8e-08
811 8e-08
812 2.79602e-07
813 2.79602e-07
814 7.9602e-08
815 2.4e-07
816 4e-07
817 2e-07
818 2e-07
819 8e-08
820 8e-08
821 1.59602e-07
822 8e-08
823 1.2e-07
824 2e-07
825 1.6e-07
826 1.2e-07
827 2e-07
828 8e-08
829 8e-08
830 2e-07
831 2.8e-07
832 1.2e-07
833 2.4e-07
834 4.79602e-07
835 2.8e-07
836 1.2e-07
837 2e-07
838 8e-08
839 4e-08
840 3.2e-07
841 2e-07
842 2e-07
843 1.6e-07
844 1.2e-07
845 4e-08
846 1.2e-07
847 2.39602e-07
848 2e-07
849 1.99602e-07
850 2e-07
851 1.2e-07
852 2.79602e-07
853 2e-07
854 1.6e-07
855 1.6e-07
856 2.8e-07
857 2.79602e-07
858 8e-08
859 4e-08
860 1.6e-07
861 2.4e-07
862 1.2e-07
863 2.39602e-07
864 2.79602e-07
865 2.8e-07
866 4e-08
867 4e-07
868 2.4e-07
869 2.8e-07
870 1.2e-07
871 1.6e-07
872 1.6e-07
873 4e-07
874 8e-08
875 2e-07
876 2.4e-07
877 1.2e-07
878 1.6e-07
879 1.2e-07
880 1.6e-07
881 1.6e-07
882 2.8e-07
883 2e-07
884 2e-07
885 1.19602e-07
886 1.6e-07
887 1.59602e-07
888 2.4e-07
889 2e-07
890 2.39602e-07
891 3.19602e-07
892 8e-08
893 2.4e-07
894 3.59602e-07
895 1.19602e-07
896 1.6e-07
897 2e-07
898 4e-08
899 2.8e-07
900 4e-08
901 3.19602e-07
902 1.2e-07
903 2.4e-07
904 1.99602e-07
905 1.6e-07
906 7.9602e-08
907 1.6e-07
908 1.2e-07
909 2.4e-07
910 4.4e-07
911 1.2e-07
912 8e-08
913 2e-07
914 8e-08
915 1.2e-07
916 2e-07
917 1.6e-07
918 8e-08
919 8e-08
920 1.59602e-07
921 2.39602e-07
922 1.2e-07
923 8e-08
924 1.2e-07
925 2.4e-07
926 2.4e-07
927 1.2e-07
928 1.19602e-07
929 1.6e-07
930 1.2e-07
931 1.2e-07
932 1.19602e-07
933 2e-07
934 1.59602e-07
935 8e-08
936 2.4e-07
937 2e-07
938 1.6e-07
939 2.4e-07
940 1.2e-07
941 1.6e-07
942 1.99602e-07
943 1.19602e-07
944 1.6e-07
945 4e-08
946 4e-08
947 1.2e-07
948 2.4e-07
949 1.6e-07
950 1.6e-07
951 8e-08
952 2.39602e-07
953 8e-08
954 1.2e-07
955 2.39602e-07
956 8e-08
957 1.6e-07
958 3.2e-07
959 1.99204e-07
960 7.9602e-08
961 4e-08
962 2.4e-07
963 8e-08
964 3.9602e-08
965 1.19602e-07
966 1.19602e-07
967 1.6e-07
968 8e-08
969 1.59602e-07
970 1.2e-07
971 2e-07
972 1.2e-07
973 2.4e-07
974 1.2e-07
975 2.8e-07
976 1.2e-07
977 1.19602e-07
978 8e-08
979 3.19602e-07
980 1.19602e-07
981 2e-07
982 8e-08
983 4e-08
984 2.4e-07
985 1.6e-07
986 2.8e-07
987 1.6e-07
988 2.8e-07
989 3.59602e-07
990 1.19602e-07
991 0
992 3.2e-07
993 2.8e-07
994 2.39602e-07
995 1.2e-07
996 2e-07
997 1.99602e-07
998 1.2e-07
999 0
