0 0
1 5.48e-05
2 6.47619e-05
3 4.96e-05
4 3.95239e-05
5 3.55619e-05
6 3.35619e-05
7 3.07619e-05
8 3.56e-05
9 2.92e-05
10 2.51619e-05
11 2.48e-05
12 2.03619e-05
13 2.19275e-05
14 1.88e-05
15 2.23619e-05
16 1.76e-05
17 2.16e-05
18 2.31239e-05
19 1.59619e-05
20 2.68e-05
21 1.99619e-05
22 1.6e-05
23 1.87619e-05
24 1.48e-05
25 1.51619e-05
26 1.6e-05
27 1.8e-05
28 1.27619e-05
29 1.6e-05
30 1.43619e-05
31 1.44e-05
32 1.39239e-05
33 1.76e-05
34 1.12e-05
35 1.47619e-05
36 1.24e-05
37 1.15619e-05
38 1.28e-05
39 1.16e-05
40 1.24e-05
41 1e-05
42 1.56e-05
43 1.19619e-05
44 1.24e-05
45 1.12e-05
46 1.44e-05
47 1e-05
48 1.15619e-05
49 8.76193e-06
50 7.6e-06
51 8.36193e-06
52 1.2e-05
53 1.04e-05
54 9.6e-06
55 1.36e-05
56 1.2e-05
57 1.27619e-05
58 1.24e-05
59 8.36193e-06
60 8.4e-06
61 9.16193e-06
62 1.2e-05
63 1e-05
64 7.2e-06
65 1.11619e-05
66 1.16e-05
67 7.56193e-06
68 9.2e-06
69 9.56193e-06
70 8e-06
71 8e-06
72 8.36193e-06
73 8e-06
74 8e-06
75 8.8e-06
76 9.12387e-06
77 9.2e-06
78 1e-05
79 7.96193e-06
80 8.8e-06
81 8.8e-06
82 7.96193e-06
83 8.4e-06
84 8e-06
85 8.76193e-06
86 8.76193e-06
87 7.2e-06
88 8e-06
89 7.92387e-06
90 7.16193e-06
91 8.4e-06
92 7.6e-06
93 8.36193e-06
94 8e-06
95 8e-06
96 8.4e-06
97 6.8e-06
98 8.76193e-06
99 8.4e-06
100 8.8e-06
101 5.16193e-06
102 5.6e-06
103 8e-06
104 8e-06
105 8e-06
106 5.16193e-06
107 7.6e-06
108 5.56193e-06
109 7.16193e-06
110 5.96193e-06
111 1.08e-05
112 4.76193e-06
113 7.16193e-06
114 6.4e-06
115 4.4e-06
116 6.36193e-06
117 8.36193e-06
118 6.76193e-06
119 4.72387e-06
120 8.8e-06
121 6.36193e-06
122 6.8e-06
123 4.8e-06
124 4.4e-06
125 4.4e-06
126 4e-06
127 5.6e-06
128 4.8e-06
129 5.6e-06
130 7.2e-06
131 7.2e-06
132 4.76193e-06
133 6.36193e-06
134 4e-06
135 9.16193e-06
136 3.6e-06
137 5.6e-06
138 7.2e-06
139 6e-06
140 5.92387e-06
141 7.96193e-06
142 6.76193e-06
143 5.6e-06
144 7.6e-06
145 5.56193e-06
146 8.8e-06
147 4.8e-06
148 8.36193e-06
149 6.4e-06
150 8.8e-06
151 5.56193e-06
152 4.76193e-06
153 6.4e-06
154 5.56193e-06
155 5.92387e-06
156 2e-06
157 5.16193e-06
158 2.8e-06
159 4e-06
160 2.8e-06
161 5.2e-06
162 5.2e-06
163 4e-06
164 6e-06
165 3.16193e-06
166 3.6e-06
167 5.96193e-06
168 5.52387e-06
169 3.6e-06
170 5.6e-06
171 9.16193e-06
172 4.72387e-06
173 5.2e-06
174 6.8e-06
175 3.6e-06
176 2.8e-06
177 4.4e-06
178 5.92387e-06
179 5.2e-06
180 7.56193e-06
181 3.92387e-06
182 4.4e-06
183 4.4e-06
184 6e-06
185 7.6e-06
186 1.6e-06
187 2.4e-06
188 5.6e-06
189 4e-06
190 5.2e-06
191 5.6e-06
192 6.76193e-06
193 3.2e-06
194 5.2e-06
195 3.56193e-06
196 5.16193e-06
197 5.2e-06
198 3.6e-06
199 5.56193e-06
200 4.36193e-06
201 4.76193e-06
202 4.36193e-06
203 1.6e-06
204 3.52387e-06
205 4.76193e-06
206 4.4e-06
207 1.2e-06
208 4.4e-06
209 5.8858e-06
210 3.2e-06
211 6.4e-06
212 3.96193e-06
213 5.12387e-06
214 3.6e-06
215 5.96193e-06
216 5.6e-06
217 4e-06
218 4.4e-06
219 3.6e-06
220 5.56193e-06
221 4.4e-06
222 3.6e-06
223 5.2e-06
224 4.8e-06
225 4.36193e-06
226 3.2e-06
227 5.96193e-06
228 2.4e-06
229 4.76193e-06
230 3.96193e-06
231 4.4e-06
232 4e-06
233 4.4e-06
234 1.6e-06
235 5.6e-06
236 3.16193e-06
237 3.6e-06
238 3.56193e-06
239 5.6e-06
240 2.8e-06
241 3.6e-06
242 1.6e-06
243 5.12387e-06
244 4.36193e-06
245 7.6e-06
246 5.96193e-06
247 4.4e-06
248 2.4e-06
249 5.16193e-06
250 4.4e-06
251 4.36193e-06
252 3.6e-06
253 2.36193e-06
254 4e-06
255 4.4e-06
256 4e-06
257 5.92387e-06
258 3.6e-06
259 5.16193e-06
260 4e-06
261 2.4e-06
262 3.2e-06
263 2.4e-06
264 2.8e-06
265 2.4e-06
266 6.76193e-06
267 2.4e-06
268 2e-06
269 3.2e-06
270 5.56193e-06
271 2.8e-06
272 5.92387e-06
273 3.96193e-06
274 3.56193e-06
275 3.96193e-06
276 3.92387e-06
277 3.2e-06
278 8e-07
279 2.8e-06
280 4.4e-06
281 4e-06
282 4e-06
283 3.6e-06
284 5.96193e-06
285 4.4e-06
286 2.4e-06
287 3.2e-06
288 4.8e-06
289 3.56193e-06
290 2.4e-06
291 3.6e-06
292 3.2e-06
293 1.6e-06
294 3.56193e-06
295 4.4e-06
296 4.76193e-06
297 3.96193e-06
298 2.76193e-06
299 4.8e-06
300 4.4e-06
301 1.2e-06
302 4.4e-06
303 3.2e-06
304 4.36193e-06
305 4.32387e-06
306 3.6e-06
307 2e-06
308 4e-07
309 3.96193e-06
310 2.8e-06
311 4.4e-06
312 4e-06
313 5.6e-06
314 4.36193e-06
315 3.6e-06
316 4.8e-06
317 4.4e-06
318 4.4e-06
319 4.76193e-06
320 2.8e-06
321 3.2e-06
322 2.8e-06
323 4.76193e-06
324 2e-06
325 4.36193e-06
326 4e-06
327 4.4e-06
328 3.6e-06
329 5.6e-06
330 3.16193e-06
331 2.8e-06
332 2.76193e-06
333 3.2e-06
334 5.6e-06
335 8e-07
336 2.4e-06
337 3.6e-06
338 3.6e-06
339 4.4e-06
340 1.6e-06
341 3.56193e-06
342 4.8e-06
343 2e-06
344 3.96193e-06
345 2e-06
346 3.96193e-06
347 5.56193e-06
348 3.6e-06
349 2e-06
350 2.4e-06
351 4.4e-06
352 4e-06
353 1.6e-06
354 3.2e-06
355 1.6e-06
356 3.56193e-06
357 1.92387e-06
358 2.8e-06
359 1.56193e-06
360 3.96193e-06
361 2.76193e-06
362 4.4e-06
363 4e-06
364 6.32387e-06
365 3.96193e-06
366 3.6e-06
367 5.56193e-06
368 2e-06
369 2e-06
370 2.4e-06
371 3.6e-06
372 3.16193e-06
373 2.8e-06
374 1.2e-06
375 1.16193e-06
376 1.6e-06
377 8e-07
378 2e-06
379 5.12387e-06
380 3.0858e-06
381 2e-06
382 1.96193e-06
383 2.76193e-06
384 1.6e-06
385 2.8e-06
386 2e-06
387 4.36193e-06
388 3.56193e-06
389 4e-06
390 3.96193e-06
391 3.56193e-06
392 3.2e-06
393 1.6e-06
394 2.72749e-06
395 3.16193e-06
396 4e-06
397 1.2e-06
398 4.65136e-06
399 2.4e-06
400 8e-07
401 3.2e-06
402 3.2e-06
403 1.96193e-06
404 2.8e-06
405 1.6e-06
406 1.6e-06
407 2e-06
408 4e-06
409 2e-06
410 1.96193e-06
411 4.36193e-06
412 3.12387e-06
413 3.56193e-06
414 1.92387e-06
415 5.2e-06
416 2.4e-06
417 2.8e-06
418 5.2e-06
419 8e-07
420 4.4e-06
421 3.2e-06
422 2e-06
423 2e-06
424 2.4e-06
425 1.2e-06
426 2.8e-06
427 1.16193e-06
428 2.76193e-06
429 2e-06
430 8e-07
431 3.56193e-06
432 3.8858e-06
433 2.4e-06
434 3.2e-06
435 2.8e-06
436 1.92387e-06
437 3.96193e-06
438 1.56193e-06
439 3.08943e-06
440 4.6858e-06
441 1.6e-06
442 1.2e-06
443 2.4e-06
444 2.72749e-06
445 3.2e-06
446 2.8e-06
447 1.2e-06
448 3.56193e-06
449 3.16193e-06
450 3.2e-06
451 2.8e-06
452 2e-06
453 3.6e-06
454 2.8e-06
455 2.4e-06
456 4e-06
457 4e-07
458 2.4e-06
459 1.96193e-06
460 2.4e-06
461 1.2e-06
462 2.8e-06
463 2.4e-06
464 3.16193e-06
465 4.8e-06
466 3.2e-06
467 1.6e-06
468 3.16193e-06
469 3.6e-06
470 2e-06
471 3.96193e-06
472 4e-06
473 1.6e-06
474 6.4e-06
475 3.6e-06
476 2.8e-06
477 3.56193e-06
478 2.76193e-06
479 2e-06
480 2.8e-06
481 3.56193e-06
482 4e-06
483 2e-06
484 2.76193e-06
485 3.6e-06
486 3.16193e-06
487 4e-06
488 2.8e-06
489 2.4e-06
490 3.16193e-06
491 4e-07
492 8e-07
493 2.4e-06
494 2.8e-06
495 0
496 3.2e-06
497 3.2e-06
498 2.8e-06
499 3.6e-06
500 2.76193e-06
501 2.4e-06
502 2.36193e-06
503 1.96193e-06
504 3.96193e-06
505 4e-06
506 2e-06
507 1.56193e-06
508 3.16193e-06
509 3.52387e-06
510 3.16193e-06
511 3.2e-06
512 3.6e-06
513 1.6e-06
514 2.76193e-06
515 8e-07
516 2.36193e-06
517 3.96193e-06
518 3.6e-06
519 1.6e-06
520 2e-06
521 4.76193e-06
522 4e-06
523 1.6e-06
524 1.6e-06
525 3.6e-06
526 3.6e-06
527 2.4e-06
528 1.2e-06
529 1.96193e-06
530 1.6e-06
531 1.2e-06
532 1.52387e-06
533 2.4e-06
534 2.8e-06
535 3.2e-06
536 8e-07
537 1.6e-06
538 2.72387e-06
539 1.2e-06
540 2.76193e-06
541 2e-06
542 8e-07
543 2e-06
544 3.08943e-06
545 2.4e-06
546 3.6e-06
547 2.8e-06
548 3.6e-06
549 1.96193e-06
550 1.6e-06
551 2.4e-06
552 3.2e-06
553 1.2e-06
554 2.72387e-06
555 2.8e-06
556 2e-06
557 8e-07
558 2.8e-06
559 3.2e-06
560 3.56193e-06
561 3.6e-06
562 2.4e-06
563 3.2e-06
564 2.4e-06
565 2.4e-06
566 2.8e-06
567 3.2e-06
568 2.4e-06
569 3.56193e-06
570 2.8e-06
571 2e-06
572 2.76193e-06
573 3.2e-06
574 1.6e-06
575 1.96193e-06
576 2.76193e-06
577 1.2e-06
578 1.56193e-06
579 2.8e-06
580 2.4e-06
581 2.32387e-06
582 3.2e-06
583 2.8e-06
584 2e-06
585 5.56193e-06
586 2e-06
587 1.92749e-06
588 1.6e-06
589 2.72387e-06
590 1.2e-06
591 2.8e-06
592 4.4e-06
593 3.16193e-06
594 2.8e-06
595 3.2e-06
596 2e-06
597 1.96193e-06
598 4e-07
599 2e-06
600 1.6e-06
601 3.6e-06
602 1.96193e-06
603 2.4e-06
604 1.2e-06
605 1.6e-06
606 1.96193e-06
607 1.6e-06
608 2e-06
609 3.16193e-06
610 3.6e-06
611 2e-06
612 2.4e-06
613 3.96193e-06
614 8e-07
615 2.8e-06
616 4.4e-06
617 2.8e-06
618 1.6e-06
619 5.2e-06
620 1.16193e-06
621 2.36193e-06
622 2.76193e-06
623 3.2e-06
624 2.4e-06
625 4e-06
626 2.8e-06
627 1.6e-06
628 1.6e-06
629 1.92387e-06
630 2e-06
631 4e-06
632 4e-06
633 1.6e-06
634 4e-07
635 2.8e-06
636 1.56193e-06
637 1.6e-06
638 2.76193e-06
639 1.96193e-06
640 1.6e-06
641 2.36193e-06
642 4e-07
643 2.8e-06
644 2e-06
645 1.2e-06
646 3.2e-06
647 1.12387e-06
648 2.8e-06
649 3.52387e-06
650 2.4e-06
651 2e-06
652 3.16193e-06
653 3.16193e-06
654 8e-07
655 2e-06
656 2.8e-06
657 3.2e-06
658 1.6e-06
659 1.6e-06
660 2.4e-06
661 2.76193e-06
662 2e-06
663 1.2e-06
664 3.6e-06
665 2.32387e-06
666 3.08943e-06
667 2.8e-06
668 1.6e-06
669 3.2e-06
670 3.6e-06
671 4e-07
672 2.8e-06
673 4e-06
674 1.96193e-06
675 1.6e-06
676 2e-06
677 1.2e-06
678 8e-07
679 3.6e-06
680 1.6e-06
681 1.6e-06
682 1.2e-06
683 2e-06
684 1.6e-06
685 1.6e-06
686 3.96193e-06
687 1.2e-06
688 2e-06
689 2.36193e-06
690 2.36193e-06
691 4e-06
692 4.4e-06
693 3.4858e-06
694 1.6e-06
695 1.6e-06
696 3.16193e-06
697 2.4e-06
698 2.4e-06
699 2.4e-06
700 1.96193e-06
701 1.6e-06
702 1.2e-06
703 1.6e-06
704 3.6e-06
705 3.12749e-06
706 3.56193e-06
707 8e-07
708 3.6e-06
709 1.96193e-06
710 1.16193e-06
711 1.92749e-06
712 1.16193e-06
713 2.8e-06
714 1.6e-06
715 1.6e-06
716 1.6e-06
717 3.2e-06
718 1.2e-06
719 4e-07
720 3.2e-06
721 3.2e-06
722 2e-06
723 2e-06
724 2e-06
725 8e-07
726 2.4e-06
727 3.6e-06
728 2e-06
729 4e-06
730 1.6e-06
731 2.4e-06
732 1.2e-06
733 2.36193e-06
734 2.32387e-06
735 8e-07
736 2e-06
737 2.36193e-06
738 7.61935e-07
739 1.2e-06
740 2.32749e-06
741 1.16193e-06
742 2e-06
743 8e-07
744 1.6e-06
745 2.4e-06
746 1.2e-06
747 1.16193e-06
748 2e-06
749 3.16193e-06
750 1.6e-06
751 1.6e-06
752 2.8e-06
753 5.12387e-06
754 4.36193e-06
755 1.6e-06
756 1.6e-06
757 3.96193e-06
758 2e-06
759 1.2e-06
760 3.56193e-06
761 1.2e-06
762 3.56193e-06
763 1.2e-06
764 1.6e-06
765 1.2e-06
766 3.12387e-06
767 1.2e-06
768 8e-07
769 1.16193e-06
770 1.96193e-06
771 2.76193e-06
772 1.6e-06
773 2e-06
774 2e-06
775 2.4e-06
776 2e-06
777 1.2e-06
778 1.56193e-06
779 3.6e-06
780 1.6e-06
781 2.72387e-06
782 2.36193e-06
783 1.2e-06
784 4e-07
785 2.76193e-06
786 7.61935e-07
787 2.4e-06
788 2.8e-06
789 1.6e-06
790 2.8e-06
791 8e-07
792 2.4e-06
793 1.2e-06
794 7.2387e-07
795 3.2e-06
796 8e-07
797 1.6e-06
798 1.16193e-06
799 1.96193e-06
800 2.8e-06
801 4e-07
802 1.56193e-06
803 1.56193e-06
804 1.6e-06
805 2.4e-06
806 3.6e-06
807 1.6e-06
808 1.6e-06
809 2e-06
810 1.96193e-06
811 1.6e-06
812 1.6e-06
813 2e-06
814 3.16193e-06
815 3.12749e-06
816 1.2e-06
817 1.96193e-06
818 1.16193e-06
819 3.56193e-06
820 1.96193e-06
821 1.96193e-06
822 2.4e-06
823 1.6e-06
824 2.76193e-06
825 2.4e-06
826 2e-06
827 1.2e-06
828 1.2e-06
829 1.96193e-06
830 2.8e-06
831 3.12387e-06
832 1.16193e-06
833 2.8e-06
834 0
835 2e-06
836 1.2e-06
837 3.08943e-06
838 1.56193e-06
839 1.2e-06
840 2.4e-06
841 1.96193e-06
842 1.2e-06
843 8e-07
844 2e-06
845 1.6e-06
846 2.76193e-06
847 2.72749e-06
848 2.4e-06
849 2e-06
850 1.6e-06
851 2e-06
852 2.4e-06
853 2.8e-06
854 2e-06
855 1.6e-06
856 1.6e-06
857 1.08943e-06
858 1.56193e-06
859 1.2e-06
860 2.4e-06
861 2.4e-06
862 8e-07
863 8e-07
864 2.8e-06
865 3.2e-06
866 1.6e-06
867 7.61935e-07
868 2.72387e-06
869 2.4e-06
870 1.2e-06
871 1.2e-06
872 8e-07
873 2e-06
874 2e-06
875 1.2e-06
876 1.6e-06
877 2e-06
878 2.4e-06
879 1.2e-06
880 4e-07
881 1.96193e-06
882 1.6e-06
883 1.2e-06
884 1.96193e-06
885 1.6e-06
886 2e-06
887 3.16193e-06
888 2.36193e-06
889 7.61935e-07
890 8e-07
891 2.36193e-06
892 1.2e-06
893 2.36193e-06
894 1.56193e-06
895 3.56193e-06
896 1.2e-06
897 2.4e-06
898 8e-07
899 2.4e-06
900 3.96193e-06
901 3.2e-06
902 8e-07
903 1.56193e-06
904 1.2e-06
905 1.2e-06
906 1.96193e-06
907 2.36193e-06
908 1.2e-06
909 7.61935e-07
910 2.8e-06
911 1.6e-06
912 1.6e-06
913 2.4e-06
914 1.96193e-06
915 1.6e-06
916 8e-07
917 2.4e-06
918 1.6e-06
919 2e-06
920 8e-07
921 8e-07
922 1.96193e-06
923 1.6e-06
924 7.61935e-07
925 1.96193e-06
926 1.16193e-06
927 0
928 0
929 2.4e-06
930 2e-06
931 1.2e-06
932 1.56193e-06
933 1.2e-06
934 2.36193e-06
935 4e-07
936 1.6e-06
937 2.4e-06
938 1.56193e-06
939 2.72387e-06
940 2.4e-06
941 1.6e-06
942 1.56193e-06
943 1.2e-06
944 1.2e-06
945 3.16193e-06
946 4e-07
947 2e-06
948 4e-07
949 3.16193e-06
950 2e-06
951 1.6e-06
952 4e-07
953 1.96193e-06
954 1.96193e-06
955 8e-07
956 3.2e-06
957 2.8e-06
958 4e-07
959 1.6e-06
960 1.6e-06
961 2e-06
962 1.96193e-06
963 2.8e-06
964 1.6e-06
965 1.16193e-06
966 3.6e-06
967 1.6e-06
968 1.2e-06
969 2.36193e-06
970 8e-07
971 2.4e-06
972 7.61935e-07
973 2.76193e-06
974 4e-07
975 1.6e-06
976 3.2e-06
977 1.2e-06
978 1.6e-06
979 1.2e-06
980 3.16193e-06
981 2.4e-06
982 2.4e-06
983 3.2e-06
984 2.4e-06
985 1.16193e-06
986 1.96193e-06
987 8e-07
988 1.2e-06
989 8e-07
990 2.8e-06
991 1.92387e-06
992 4e-07
993 2.76193e-06
994 2.36193e-06
995 1.96193e-06
996 1.2e-06
997 3.6e-06
998 1.6e-06
999 0
