0 0
1 6e-07
2 1.12e-06
3 1.52e-06
4 1.72e-06
5 1.7596e-06
6 2.12e-06
7 1.72e-06
8 2.36e-06
9 1.88e-06
10 1.8e-06
11 2.24e-06
12 2.16e-06
13 1.68e-06
14 1.88e-06
15 1.68e-06
16 1.84e-06
17 1.56e-06
18 1.76e-06
19 1.7996e-06
20 1.76e-06
21 1.36e-06
22 1.28e-06
23 1.3996e-06
24 1.52e-06
25 1.64e-06
26 1.12e-06
27 1.9596e-06
28 1.36e-06
29 1.64e-06
30 1.24e-06
31 1.08e-06
32 1.4792e-06
33 1.12e-06
34 1.2e-06
35 1.3192e-06
36 1.0396e-06
37 7.6e-07
38 1.08e-06
39 1.16e-06
40 9.6e-07
41 8.8e-07
42 9.6e-07
43 8e-07
44 9.6e-07
45 6.8e-07
46 1.0396e-06
47 9.6e-07
48 1.08e-06
49 1.04e-06
50 8.4e-07
51 8.4e-07
52 1e-06
53 9.59602e-07
54 1.32e-06
55 1.19881e-06
56 7.6e-07
57 6.8e-07
58 8e-07
59 1e-06
60 1e-06
61 6.39602e-07
62 1.08e-06
63 1.1196e-06
64 7.59602e-07
65 1.04e-06
66 9.2e-07
67 6.4e-07
68 1e-06
69 5.2e-07
70 8e-07
71 7.19208e-07
72 7.99602e-07
73 9.2e-07
74 1.08e-06
75 1.1196e-06
76 8e-07
77 7.2e-07
78 7.99602e-07
79 1.08e-06
80 7.2e-07
81 7.59602e-07
82 7.6e-07
83 7.19602e-07
84 6.8e-07
85 6.8e-07
86 8e-07
87 7.6e-07
88 7.2e-07
89 6.79602e-07
90 7.2e-07
91 5.99204e-07
92 1.08e-06
93 6.8e-07
94 1.08e-06
95 6.8e-07
96 7.2e-07
97 5.6e-07
98 7.19602e-07
99 6.8e-07
100 5.6e-07
101 8e-07
102 6.4e-07
103 7.6e-07
104 9.2e-07
105 6.4e-07
106 5.99204e-07
107 5.2e-07
108 6.79204e-07
109 6.4e-07
110 9.59602e-07
111 9.2e-07
112 4.79602e-07
113 5.6e-07
114 6.4e-07
115 6.79602e-07
116 8.79602e-07
117 5.6e-07
118 9.98806e-07
119 1.12e-06
120 8e-07
121 4.79602e-07
122 6.39602e-07
123 6e-07
124 4.8e-07
125 8e-07
126 5.59602e-07
127 5.6e-07
128 8.7881e-07
129 8.79602e-07
130 7.19602e-07
131 4.4e-07
132 6e-07
133 3.2e-07
134 7.2e-07
135 6e-07
136 6.8e-07
137 5.2e-07
138 4.8e-07
139 1.08e-06
140 5.59602e-07
141 5.6e-07
142 4e-07
143 4.79204e-07
144 7.19602e-07
145 3.6e-07
146 4.8e-07
147 6e-07
148 5.59204e-07
149 5.2e-07
150 5.2e-07
151 5.2e-07
152 5.99602e-07
153 7.19204e-07
154 5.99602e-07
155 6e-07
156 5.6e-07
157 4.4e-07
158 7.99602e-07
159 6.39602e-07
160 2.4e-07
161 4.79204e-07
162 4.79602e-07
163 6.4e-07
164 3.99602e-07
165 4.39204e-07
166 5.2e-07
167 6.4e-07
168 6e-07
169 1.2e-07
170 6.4e-07
171 3.19602e-07
172 2.8e-07
173 5.2e-07
174 2.8e-07
175 5.19204e-07
176 4e-07
177 7.2e-07
178 5.6e-07
179 5.2e-07
180 5.19602e-07
181 4e-07
182 3.6e-07
183 5.6e-07
184 2.8e-07
185 2.8e-07
186 6.79602e-07
187 7.2e-07
188 6.39602e-07
189 8.4e-07
190 4.4e-07
191 3.6e-07
192 3.6e-07
193 3.2e-07
194 5.6e-07
195 3.6e-07
196 4.4e-07
197 5.2e-07
198 4e-07
199 5.19602e-07
200 3.2e-07
201 6e-07
202 4.39602e-07
203 2.8e-07
204 3.99602e-07
205 4.79602e-07
206 4.8e-07
207 4.4e-07
208 4.4e-07
209 4e-07
210 2.79602e-07
211 4e-07
212 5.6e-07
213 3.2e-07
214 2.39602e-07
215 3.2e-07
216 4e-07
217 3.99602e-07
218 1.6e-07
219 2e-07
220 4.4e-07
221 3.99208e-07
222 4.39602e-07
223 4.8e-07
224 4.4e-07
225 2.8e-07
226 6e-07
227 5.19602e-07
228 3.6e-07
229 3.2e-07
230 5.59602e-07
231 4.4e-07
232 4.4e-07
233 1.99602e-07
234 5.59602e-07
235 5.19602e-07
236 3.6e-07
237 4.79602e-07
238 5.59204e-07
239 5.2e-07
240 6.4e-07
241 3.2e-07
242 6.4e-07
243 6e-07
244 6e-07
245 7.2e-07
246 3.2e-07
247 4.4e-07
248 5.6e-07
249 5.2e-07
250 8e-08
251 4.8e-07
252 3.6e-07
253 3.6e-07
254 5.2e-07
255 1.2e-07
256 3.2e-07
257 4.39204e-07
258 5.99602e-07
259 4.4e-07
260 3.2e-07
261 5.6e-07
262 3.6e-07
263 4.8e-07
264 3.59204e-07
265 3.59602e-07
266 2e-07
267 1.6e-07
268 4.4e-07
269 4.4e-07
270 4.4e-07
271 4e-07
272 4.8e-07
273 3.19602e-07
274 2.79602e-07
275 3.6e-07
276 4e-07
277 5.2e-07
278 4.8e-07
279 5.59602e-07
280 5.2e-07
281 2.8e-07
282 3.59602e-07
283 4.4e-07
284 3.19602e-07
285 3.99602e-07
286 2.78818e-07
287 4.39602e-07
288 3.6e-07
289 2e-07
290 4e-07
291 3.59602e-07
292 3.99602e-07
293 5.2e-07
294 2.4e-07
295 2e-07
296 2.4e-07
297 7.2e-07
298 3.6e-07
299 2.79602e-07
300 4.8e-07
301 5.99602e-07
302 3.99602e-07
303 1.99602e-07
304 4e-07
305 2.8e-07
306 3.99602e-07
307 5.19602e-07
308 2.4e-07
309 3.2e-07
310 3.6e-07
311 2e-07
312 4e-07
313 4e-07
314 5.2e-07
315 2.8e-07
316 2.8e-07
317 4.4e-07
318 1.2e-07
319 3.99602e-07
320 5.99208e-07
321 2.8e-07
322 3.59602e-07
323 5.6e-07
324 2.79602e-07
325 3.99204e-07
326 6e-07
327 2.79602e-07
328 4.8e-07
329 3.59602e-07
330 1.99602e-07
331 1.6e-07
332 3.6e-07
333 1.2e-07
334 2.4e-07
335 2.4e-07
336 4e-07
337 1.6e-07
338 4.4e-07
339 4.4e-07
340 2.4e-07
341 1.6e-07
342 4.4e-07
343 4e-07
344 4.8e-07
345 4.39602e-07
346 2.79204e-07
347 3.2e-07
348 2.8e-07
349 1.6e-07
350 3.2e-07
351 2.79602e-07
352 2e-07
353 3.2e-07
354 1.6e-07
355 3.59602e-07
356 2.8e-07
357 4.4e-07
358 3.59602e-07
359 3.6e-07
360 3.99602e-07
361 3.6e-07
362 3.2e-07
363 3.19602e-07
364 2e-07
365 5.2e-07
366 2.79602e-07
367 2.39602e-07
368 2.39602e-07
369 3.59602e-07
370 1.99602e-07
371 2.8e-07
372 2.8e-07
373 2.8e-07
374 3.6e-07
375 5.2e-07
376 2.79602e-07
377 2.8e-07
378 7.9602e-08
379 2.8e-07
380 2.4e-07
381 1.59602e-07
382 1.6e-07
383 4.39602e-07
384 2.4e-07
385 8e-08
386 4.4e-07
387 3.2e-07
388 2.8e-07
389 3.2e-07
390 2e-07
391 2.4e-07
392 2.4e-07
393 4e-07
394 3.2e-07
395 1.6e-07
396 4.4e-07
397 1.59602e-07
398 2.4e-07
399 3.6e-07
400 3.59602e-07
401 2.4e-07
402 1.59602e-07
403 3.2e-07
404 3.2e-07
405 3.2e-07
406 4.79602e-07
407 2.39602e-07
408 2.39602e-07
409 2.8e-07
410 3.59602e-07
411 2.4e-07
412 1.59602e-07
413 4.4e-07
414 2.4e-07
415 3.59602e-07
416 2.79602e-07
417 4e-07
418 3.99602e-07
419 2.4e-07
420 3.6e-07
421 3.2e-07
422 3.19602e-07
423 4e-07
424 4e-07
425 6e-07
426 2e-07
427 3.99602e-07
428 1.2e-07
429 3.19602e-07
430 4e-07
431 1.6e-07
432 3.59204e-07
433 2.39602e-07
434 2.39602e-07
435 1.6e-07
436 4e-07
437 8e-08
438 1.99602e-07
439 6.4e-07
440 2.39602e-07
441 2.4e-07
442 3.2e-07
443 2.8e-07
444 5.19602e-07
445 2.79602e-07
446 2.8e-07
447 2e-07
448 1.2e-07
449 4.4e-07
450 3.19602e-07
451 2.79602e-07
452 2.8e-07
453 3.19204e-07
454 4.4e-07
455 2.8e-07
456 3.2e-07
457 1.2e-07
458 2.4e-07
459 3.6e-07
460 3.2e-07
461 1.2e-07
462 3.59204e-07
463 4.4e-07
464 2.79602e-07
465 1.6e-07
466 3.19602e-07
467 2.79602e-07
468 3.6e-07
469 2.4e-07
470 1.6e-07
471 3.2e-07
472 4e-08
473 2.8e-07
474 3.2e-07
475 2.8e-07
476 3.2e-07
477 2.8e-07
478 8e-08
479 3.2e-07
480 4.8e-07
481 3.59602e-07
482 2.4e-07
483 2.8e-07
484 2.4e-07
485 2e-07
486 2e-07
487 3.59602e-07
488 3.59602e-07
489 2.8e-07
490 0
491 2e-07
492 8e-08
493 8e-08
494 2.79602e-07
495 2e-07
496 1.2e-07
497 2e-07
498 1.2e-07
499 4.79602e-07
500 3.2e-07
501 1.99602e-07
502 2.8e-07
503 5.2e-07
504 3.99208e-07
505 3.6e-07
506 2.4e-07
507 1.6e-07
508 3.19602e-07
509 8e-08
510 2e-07
511 1.2e-07
512 3.59602e-07
513 3.6e-07
514 2.7881e-07
515 1.6e-07
516 2.4e-07
517 2.8e-07
518 3.2e-07
519 3.2e-07
520 3.99602e-07
521 2.4e-07
522 2.8e-07
523 1.99204e-07
524 6e-07
525 2.4e-07
526 2.39602e-07
527 2.8e-07
528 1.6e-07
529 4.4e-07
530 3.99602e-07
531 4e-07
532 2e-07
533 2.79602e-07
534 1.6e-07
535 2.4e-07
536 2.4e-07
537 2e-07
538 2.39602e-07
539 4.4e-07
540 2.8e-07
541 2e-07
542 3.6e-07
543 2.4e-07
544 2.8e-07
545 1.2e-07
546 4.8e-07
547 4.4e-07
548 2.8e-07
549 3.6e-07
550 1.99204e-07
551 3.6e-07
552 1.2e-07
553 1.6e-07
554 3.2e-07
555 2e-07
556 3.99602e-07
557 4e-08
558 2.4e-07
559 1.59602e-07
560 1.6e-07
561 8e-08
562 1.2e-07
563 4e-08
564 2.39602e-07
565 1.6e-07
566 2.4e-07
567 2e-07
568 4.8e-07
569 3.6e-07
570 1.6e-07
571 1.59602e-07
572 2.8e-07
573 2.4e-07
574 2.39602e-07
575 2.8e-07
576 2.8e-07
577 1.6e-07
578 2.4e-07
579 2.79602e-07
580 3.2e-07
581 4.4e-07
582 1.6e-07
583 4e-07
584 3.19602e-07
585 2.8e-07
586 1.59602e-07
587 3.2e-07
588 3.6e-07
589 1.6e-07
590 1.2e-07
591 1.6e-07
592 2e-07
593 2.8e-07
594 2.4e-07
595 2.4e-07
596 2.8e-07
597 3.6e-07
598 2e-07
599 1.6e-07
600 2.39204e-07
601 1.19602e-07
602 4e-08
603 3.19602e-07
604 2.39602e-07
605 2.4e-07
606 2e-07
607 8e-08
608 1.2e-07
609 3.2e-07
610 2.79204e-07
611 1.59602e-07
612 3.2e-07
613 3.2e-07
614 1.2e-07
615 1.2e-07
616 1.59602e-07
617 3.2e-07
618 2e-07
619 2.79602e-07
620 1.99602e-07
621 1.99204e-07
622 2.79602e-07
623 2.8e-07
624 2.4e-07
625 2e-07
626 1.2e-07
627 4.4e-07
628 2e-07
629 2e-07
630 4e-08
631 3.2e-07
632 1.6e-07
633 2.79602e-07
634 2e-07
635 1.6e-07
636 4e-08
637 2.8e-07
638 1.19602e-07
639 3.19602e-07
640 1.99602e-07
641 4e-07
642 2e-07
643 1.6e-07
644 2e-07
645 2.8e-07
646 2e-07
647 2.4e-07
648 1.99602e-07
649 2.4e-07
650 3.2e-07
651 1.2e-07
652 3.2e-07
653 3.6e-07
654 2.79602e-07
655 1.2e-07
656 1.2e-07
657 1.6e-07
658 2.4e-07
659 1.99602e-07
660 2.4e-07
661 3.19602e-07
662 1.6e-07
663 2.4e-07
664 3.2e-07
665 1.99602e-07
666 2.8e-07
667 2.8e-07
668 2.79602e-07
669 3.59602e-07
670 2.4e-07
671 3.99602e-07
672 2.4e-07
673 2.4e-07
674 3.99602e-07
675 1.2e-07
676 8e-08
677 1.6e-07
678 4e-07
679 4e-08
680 2.8e-07
681 2e-07
682 2.8e-07
683 4e-08
684 1.6e-07
685 8e-08
686 1.99602e-07
687 2.4e-07
688 3.59602e-07
689 1.2e-07
690 3.6e-07
691 1.19602e-07
692 3.2e-07
693 2.79602e-07
694 1.6e-07
695 3.6e-07
696 1.19602e-07
697 2.79602e-07
698 2.4e-07
699 3.6e-07
700 2e-07
701 1.19602e-07
702 2.4e-07
703 3.19602e-07
704 2e-07
705 2.8e-07
706 1.2e-07
707 1.2e-07
708 2.4e-07
709 1.6e-07
710 2.39602e-07
711 1.2e-07
712 2.4e-07
713 2.4e-07
714 4.79602e-07
715 1.6e-07
716 1.6e-07
717 1.6e-07
718 3.59602e-07
719 1.59602e-07
720 2e-07
721 4e-08
722 2.4e-07
723 3.19602e-07
724 2.4e-07
725 2e-07
726 2.4e-07
727 1.6e-07
728 2.39602e-07
729 2e-07
730 1.19602e-07
731 1.2e-07
732 1.59602e-07
733 2.4e-07
734 4e-07
735 2.4e-07
736 2.8e-07
737 3.19602e-07
738 2.4e-07
739 2e-07
740 2e-07
741 1.2e-07
742 2.79602e-07
743 3.2e-07
744 2.79602e-07
745 2e-07
746 3.6e-07
747 1.2e-07
748 2.8e-07
749 4.4e-07
750 3.99602e-07
751 1.6e-07
752 2.39204e-07
753 2.39602e-07
754 1.2e-07
755 1.6e-07
756 2.4e-07
757 3.2e-07
758 2e-07
759 3.19602e-07
760 1.99602e-07
761 3.6e-07
762 2e-07
763 2.4e-07
764 2.8e-07
765 2e-07
766 8e-08
767 1.2e-07
768 2e-07
769 2.4e-07
770 1.6e-07
771 4e-08
772 2e-07
773 1.6e-07
774 3.59602e-07
775 2e-07
776 2e-07
777 2.39602e-07
778 2.8e-07
779 1.2e-07
780 1.2e-07
781 3.6e-07
782 8e-08
783 4e-08
784 1.6e-07
785 2.4e-07
786 1.2e-07
787 1.2e-07
788 2.4e-07
789 2.39602e-07
790 2.8e-07
791 1.2e-07
792 3.6e-07
793 2.79602e-07
794 1.19208e-07
795 8e-08
796 1.2e-07
797 2.4e-07
798 2.39602e-07
799 2e-07
800 2e-07
801 3.6e-07
802 1.2e-07
803 2.4e-07
804 1.2e-07
805 2.4e-07
806 2.4e-07
807 1.99602e-07
808 1.99602e-07
809 2.4e-07
810 3.2e-07
811 2.4e-07
812 1.6e-07
813 2.8e-07
814 2.4e-07
815 1.19602e-07
816 2e-07
817 2e-07
818 2.4e-07
819 1.99602e-07
820 2.4e-07
821 3.18806e-07
822 2.8e-07
823 2e-07
824 2e-07
825 2.79204e-07
826 4e-08
827 2.79602e-07
828 2e-07
829 2e-07
830 2e-07
831 3.19602e-07
832 4.4e-07
833 1.59204e-07
834 8e-08
835 2.8e-07
836 8e-08
837 1.2e-07
838 1.6e-07
839 1.59602e-07
840 1.2e-07
841 2.8e-07
842 1.6e-07
843 1.99602e-07
844 2.4e-07
845 1.6e-07
846 2e-07
847 2.4e-07
848 1.99602e-07
849 1.99602e-07
850 1.59602e-07
851 2.39602e-07
852 2e-07
853 1.6e-07
854 4e-08
855 2.39602e-07
856 1.99602e-07
857 7.9602e-08
858 3.59602e-07
859 1.2e-07
860 1.2e-07
861 1.99208e-07
862 7.9602e-08
863 1.2e-07
864 3.99204e-07
865 1.2e-07
866 2.8e-07
867 1.6e-07
868 1.19602e-07
869 3.19602e-07
870 1.99204e-07
871 4e-08
872 2.4e-07
873 2e-07
874 1.5881e-07
875 2.8e-07
876 2e-07
877 4e-08
878 2e-07
879 2.4e-07
880 2e-07
881 1.2e-07
882 2.39602e-07
883 1.6e-07
884 2.39602e-07
885 2.4e-07
886 2.4e-07
887 1.6e-07
888 3.6e-07
889 4.39602e-07
890 4e-08
891 2.39602e-07
892 8e-08
893 2e-07
894 1.2e-07
895 3.19602e-07
896 1.2e-07
897 2.8e-07
898 3.19602e-07
899 1.2e-07
900 1.2e-07
901 2.4e-07
902 8e-08
903 2.4e-07
904 2e-07
905 1.2e-07
906 2e-07
907 2.79602e-07
908 1.99602e-07
909 2.79602e-07
910 8e-08
911 3.2e-07
912 2.8e-07
913 1.2e-07
914 8e-08
915 2.79208e-07
916 2.79602e-07
917 2e-07
918 1.59602e-07
919 3.6e-07
920 8e-08
921 1.2e-07
922 1.6e-07
923 5.19602e-07
924 1.19602e-07
925 1.58018e-07
926 1.99602e-07
927 1.6e-07
928 1.2e-07
929 8e-08
930 1.19602e-07
931 1.2e-07
932 2.79602e-07
933 3.2e-07
934 2e-07
935 1.59602e-07
936 2e-07
937 3.2e-07
938 1.2e-07
939 2.4e-07
940 1.59602e-07
941 8e-08
942 2.79602e-07
943 1.6e-07
944 3.2e-07
945 2e-07
946 4e-08
947 2.39208e-07
948 1.2e-07
949 4e-08
950 1.6e-07
951 1.6e-07
952 1.2e-07
953 1.6e-07
954 1.6e-07
955 4e-08
956 2.39602e-07
957 2e-07
958 2.4e-07
959 1.99602e-07
960 1.59602e-07
961 1.6e-07
962 1.6e-07
963 8e-08
964 2.8e-07
965 1.99602e-07
966 1.59602e-07
967 2.79602e-07
968 4e-08
969 2.4e-07
970 1.6e-07
971 2.8e-07
972 2e-07
973 2.79602e-07
974 1.6e-07
975 2.4e-07
976 1.6e-07
977 1.6e-07
978 1.6e-07
979 1.2e-07
980 1.2e-07
981 1.99602e-07
982 2.8e-07
983 2.79602e-07
984 7.9602e-08
985 8e-08
986 8e-08
987 1.2e-07
988 4e-08
989 1.59602e-07
990 1.59204e-07
991 1.6e-07
992 2.4e-07
993 2.79602e-07
994 4e-08
995 2.39602e-07
996 1.99204e-07
997 1.2e-07
998 2.79602e-07
999 0
