0 0
1 0
2 0
3 0
4 0
5 0
6 0
7 0
8 0
9 0
10 0
11 0
12 0
13 0
14 4e-08
15 0
16 0
17 0
18 0
19 0
20 0
21 0
22 0
23 0
24 0
25 0
26 0
27 0
28 0
29 0
30 0
31 0
32 0
33 0
34 0
35 0
36 0
37 0
38 0
39 0
40 4e-08
41 0
42 0
43 0
44 0
45 0
46 0
47 0
48 0
49 0
50 0
51 0
52 0
53 0
54 4e-08
55 0
56 0
57 0
58 0
59 0
60 0
61 0
62 0
63 0
64 0
65 0
66 0
67 0
68 4e-08
69 0
70 4e-08
71 0
72 4e-08
73 0
74 0
75 4e-08
76 0
77 0
78 4e-08
79 0
80 0
81 4e-08
82 0
83 0
84 0
85 0
86 4e-08
87 4e-08
88 0
89 0
90 0
91 4e-08
92 0
93 0
94 4e-08
95 4e-08
96 0
97 0
98 0
99 0
100 0
101 0
102 0
103 4e-08
104 0
105 0
106 4e-08
107 8e-08
108 0
109 4e-08
110 4e-08
111 0
112 0
113 0
114 4e-08
115 4e-08
116 0
117 0
118 4e-08
119 4e-08
120 4e-08
121 4e-08
122 0
123 0
124 0
125 4e-08
126 0
127 0
128 0
129 4e-08
130 0
131 0
132 4e-08
133 0
134 0
135 0
136 4e-08
137 4e-08
138 0
139 0
140 0
141 8e-08
142 0
143 4e-08
144 0
145 8e-08
146 0
147 8e-08
148 0
149 0
150 0
151 0
152 0
153 0
154 0
155 0
156 0
157 0
158 4e-08
159 1.2e-07
160 8e-08
161 4e-08
162 0
163 0
164 4e-08
165 0
166 4e-08
167 0
168 4e-08
169 0
170 0
171 0
172 8e-08
173 0
174 0
175 0
176 0
177 4e-08
178 0
179 0
180 4e-08
181 8e-08
182 0
183 0
184 8e-08
185 0
186 4e-08
187 0
188 4e-08
189 0
190 0
191 0
192 4e-08
193 4e-08
194 4e-08
195 4e-08
196 0
197 8e-08
198 4e-08
199 0
200 0
201 0
202 4e-08
203 0
204 0
205 0
206 0
207 0
208 8e-08
209 0
210 0
211 4e-08
212 4e-08
213 0
214 0
215 4e-08
216 4e-08
217 0
218 4e-08
219 0
220 4e-08
221 0
222 4e-08
223 4e-08
224 0
225 0
226 0
227 0
228 0
229 0
230 4e-08
231 4e-08
232 7.9602e-08
233 8e-08
234 4e-08
235 4e-08
236 0
237 8e-08
238 4e-08
239 4e-08
240 4e-08
241 0
242 8e-08
243 0
244 4e-08
245 0
246 0
247 4e-08
248 4e-08
249 4e-08
250 0
251 4e-08
252 4e-08
253 8e-08
254 4e-08
255 0
256 4e-08
257 4e-08
258 8e-08
259 0
260 3.9602e-08
261 4e-08
262 0
263 1.2e-07
264 8e-08
265 0
266 4e-08
267 0
268 8e-08
269 0
270 4e-08
271 0
272 0
273 0
274 4e-08
275 1.6e-07
276 0
277 4e-08
278 8e-08
279 4e-08
280 0
281 4e-08
282 8e-08
283 4e-08
284 8e-08
285 0
286 4e-08
287 0
288 4e-08
289 4e-08
290 4e-08
291 0
292 0
293 4e-08
294 8e-08
295 1.2e-07
296 0
297 0
298 4e-08
299 0
300 1.2e-07
301 0
302 0
303 4e-08
304 0
305 8e-08
306 4e-08
307 0
308 0
309 8e-08
310 1.6e-07
311 4e-08
312 4e-08
313 0
314 8e-08
315 4e-08
316 4e-08
317 1.6e-07
318 4e-08
319 1.2e-07
320 0
321 0
322 8e-08
323 4e-08
324 4e-08
325 2e-07
326 1.2e-07
327 1.2e-07
328 8e-08
329 4e-08
330 0
331 4e-08
332 4e-08
333 0
334 8e-08
335 1.6e-07
336 7.9602e-08
337 0
338 0
339 4e-08
340 4e-08
341 4e-08
342 4e-08
343 0
344 8e-08
345 4e-08
346 1.2e-07
347 1.19602e-07
348 4e-08
349 4e-08
350 1.2e-07
351 0
352 4e-08
353 1.6e-07
354 8e-08
355 3.9602e-08
356 0
357 4e-08
358 4e-08
359 8e-08
360 4e-08
361 4e-08
362 0
363 8e-08
364 4e-08
365 4e-08
366 4e-08
367 4e-08
368 4e-08
369 1.2e-07
370 0
371 0
372 4e-08
373 8e-08
374 4e-08
375 8e-08
376 8e-08
377 8e-08
378 1.6e-07
379 1.2e-07
380 1.6e-07
381 4e-08
382 0
383 8e-08
384 0
385 8e-08
386 8e-08
387 0
388 0
389 1.2e-07
390 8e-08
391 8e-08
392 8e-08
393 4e-08
394 4e-08
395 4e-08
396 0
397 1.2e-07
398 1.6e-07
399 4e-08
400 1.6e-07
401 0
402 4e-08
403 1.2e-07
404 1.2e-07
405 0
406 0
407 4e-08
408 8e-08
409 1.6e-07
410 1.2e-07
411 8e-08
412 1.2e-07
413 8e-08
414 4e-08
415 1.2e-07
416 0
417 4e-08
418 4e-08
419 1.2e-07
420 4e-08
421 1.59602e-07
422 1.2e-07
423 4e-08
424 1.2e-07
425 0
426 8e-08
427 0
428 4e-08
429 1.2e-07
430 4e-08
431 1.2e-07
432 8e-08
433 1.6e-07
434 4e-08
435 2e-07
436 8e-08
437 8e-08
438 8e-08
439 1.2e-07
440 1.2e-07
441 4e-08
442 0
443 8e-08
444 0
445 4e-08
446 8e-08
447 4e-08
448 1.6e-07
449 4e-08
450 1.2e-07
451 1.19602e-07
452 8e-08
453 4e-08
454 0
455 8e-08
456 8e-08
457 1.2e-07
458 0
459 8e-08
460 4e-08
461 4e-08
462 8e-08
463 1.2e-07
464 4e-08
465 1.2e-07
466 1.2e-07
467 8e-08
468 1.2e-07
469 8e-08
470 1.2e-07
471 1.6e-07
472 8e-08
473 1.2e-07
474 8e-08
475 1.2e-07
476 4e-08
477 0
478 0
479 8e-08
480 1.2e-07
481 8e-08
482 4e-08
483 8e-08
484 0
485 4e-08
486 1.2e-07
487 8e-08
488 0
489 4e-08
490 4e-08
491 1.59602e-07
492 2.4e-07
493 0
494 0
495 4e-08
496 1.2e-07
497 8e-08
498 8e-08
499 1.2e-07
500 8e-08
501 4e-08
502 8e-08
503 8e-08
504 8e-08
505 2.4e-07
506 8e-08
507 1.2e-07
508 7.9602e-08
509 1.2e-07
510 4e-08
511 1.2e-07
512 1.6e-07
513 1.2e-07
514 8e-08
515 4e-08
516 8e-08
517 8e-08
518 1.6e-07
519 0
520 4e-08
521 8e-08
522 1.2e-07
523 8e-08
524 4e-08
525 1.6e-07
526 1.2e-07
527 8e-08
528 4e-08
529 8e-08
530 0
531 1.6e-07
532 4e-08
533 0
534 1.6e-07
535 2e-07
536 1.2e-07
537 7.9602e-08
538 8e-08
539 4e-08
540 7.9602e-08
541 0
542 8e-08
543 8e-08
544 0
545 8e-08
546 8e-08
547 2.39208e-07
548 8e-08
549 1.2e-07
550 8e-08
551 0
552 1.6e-07
553 0
554 1.2e-07
555 8e-08
556 2e-07
557 8e-08
558 8e-08
559 1.2e-07
560 0
561 4e-08
562 1.2e-07
563 4e-08
564 1.2e-07
565 2e-07
566 4e-08
567 0
568 1.2e-07
569 1.2e-07
570 0
571 0
572 0
573 2.39602e-07
574 0
575 8e-08
576 8e-08
577 8e-08
578 4e-08
579 8e-08
580 1.2e-07
581 2e-07
582 2.4e-07
583 4e-08
584 0
585 1.2e-07
586 8e-08
587 4e-08
588 0
589 8e-08
590 8e-08
591 8e-08
592 1.2e-07
593 8e-08
594 1.6e-07
595 4e-08
596 8e-08
597 4e-08
598 1.6e-07
599 4e-08
600 2.4e-07
601 1.6e-07
602 1.2e-07
603 2e-07
604 8e-08
605 4e-08
606 1.6e-07
607 4e-08
608 1.6e-07
609 1.2e-07
610 1.2e-07
611 1.2e-07
612 4e-08
613 1.2e-07
614 1.99602e-07
615 1.6e-07
616 1.2e-07
617 4e-08
618 8e-08
619 8e-08
620 0
621 1.19602e-07
622 4e-08
623 8e-08
624 0
625 1.6e-07
626 2.4e-07
627 8e-08
628 1.2e-07
629 2e-07
630 8e-08
631 4e-08
632 4e-08
633 8e-08
634 8e-08
635 1.6e-07
636 1.2e-07
637 1.2e-07
638 4e-08
639 4e-08
640 8e-08
641 1.2e-07
642 1.6e-07
643 1.6e-07
644 8e-08
645 2e-07
646 1.2e-07
647 4e-08
648 1.2e-07
649 7.9602e-08
650 1.2e-07
651 1.2e-07
652 1.2e-07
653 4e-08
654 4e-08
655 1.2e-07
656 8e-08
657 8e-08
658 4e-08
659 1.2e-07
660 1.59602e-07
661 1.2e-07
662 0
663 1.59602e-07
664 8e-08
665 1.6e-07
666 4e-08
667 1.6e-07
668 0
669 2e-07
670 2.4e-07
671 1.6e-07
672 3.9602e-08
673 1.2e-07
674 8e-08
675 4e-08
676 4e-08
677 8e-08
678 0
679 8e-08
680 1.6e-07
681 7.9602e-08
682 8e-08
683 1.6e-07
684 3.9602e-08
685 4e-08
686 1.6e-07
687 4e-08
688 2.8e-07
689 8e-08
690 8e-08
691 0
692 4e-08
693 1.19602e-07
694 0
695 1.2e-07
696 4e-08
697 8e-08
698 4e-08
699 1.6e-07
700 4e-08
701 8e-08
702 4e-08
703 8e-08
704 8e-08
705 1.2e-07
706 8e-08
707 2.8e-07
708 1.2e-07
709 1.6e-07
710 0
711 4e-08
712 8e-08
713 8e-08
714 0
715 2.4e-07
716 2.4e-07
717 8e-08
718 1.19602e-07
719 0
720 1.6e-07
721 1.6e-07
722 1.6e-07
723 4e-08
724 2.4e-07
725 4e-08
726 1.2e-07
727 1.6e-07
728 8e-08
729 1.2e-07
730 1.2e-07
731 1.2e-07
732 0
733 1.6e-07
734 1.6e-07
735 1.6e-07
736 4e-08
737 4e-08
738 1.2e-07
739 1.6e-07
740 4e-08
741 0
742 8e-08
743 1.2e-07
744 8e-08
745 8e-08
746 1.6e-07
747 1.2e-07
748 8e-08
749 8e-08
750 0
751 8e-08
752 1.2e-07
753 8e-08
754 1.2e-07
755 4e-08
756 0
757 8e-08
758 2.8e-07
759 8e-08
760 2e-07
761 1.2e-07
762 4e-08
763 4e-08
764 1.2e-07
765 4e-08
766 1.2e-07
767 1.6e-07
768 0
769 8e-08
770 1.2e-07
771 3.9602e-08
772 8e-08
773 1.19602e-07
774 8e-08
775 4e-08
776 8e-08
777 1.6e-07
778 1.2e-07
779 1.2e-07
780 4e-08
781 8e-08
782 4e-08
783 8e-08
784 1.6e-07
785 1.6e-07
786 4e-08
787 2.79602e-07
788 1.2e-07
789 8e-08
790 8e-08
791 0
792 4e-08
793 7.9602e-08
794 8e-08
795 8e-08
796 0
797 8e-08
798 1.99602e-07
799 8e-08
800 8e-08
801 1.2e-07
802 4e-08
803 1.6e-07
804 1.2e-07
805 8e-08
806 1.2e-07
807 4e-08
808 2e-07
809 2e-07
810 1.2e-07
811 4e-08
812 1.2e-07
813 0
814 4e-08
815 8e-08
816 8e-08
817 1.59602e-07
818 7.9602e-08
819 1.2e-07
820 1.6e-07
821 1.2e-07
822 2.4e-07
823 3.9602e-08
824 8e-08
825 1.6e-07
826 1.2e-07
827 4e-08
828 4e-08
829 1.6e-07
830 1.19602e-07
831 1.2e-07
832 4e-08
833 1.2e-07
834 1.2e-07
835 2e-07
836 4e-08
837 8e-08
838 8e-08
839 1.2e-07
840 1.6e-07
841 4e-08
842 8e-08
843 4e-08
844 4e-08
845 4e-08
846 2e-07
847 4e-08
848 1.59602e-07
849 1.2e-07
850 1.2e-07
851 1.6e-07
852 4e-08
853 8e-08
854 2e-07
855 0
856 2e-07
857 4e-08
858 8e-08
859 1.6e-07
860 4e-08
861 0
862 1.2e-07
863 2.39602e-07
864 0
865 4e-08
866 1.2e-07
867 8e-08
868 4e-08
869 4e-08
870 1.2e-07
871 1.2e-07
872 2.4e-07
873 1.2e-07
874 1.2e-07
875 4e-08
876 0
877 8e-08
878 4e-08
879 8e-08
880 8e-08
881 1.2e-07
882 1.2e-07
883 1.2e-07
884 4e-08
885 8e-08
886 1.2e-07
887 1.6e-07
888 1.2e-07
889 4e-08
890 3.9602e-08
891 0
892 4e-08
893 1.2e-07
894 4e-08
895 1.2e-07
896 2.39602e-07
897 1.2e-07
898 1.6e-07
899 4e-08
900 2.8e-07
901 1.2e-07
902 1.2e-07
903 1.2e-07
904 0
905 2.8e-07
906 8e-08
907 1.6e-07
908 1.6e-07
909 1.2e-07
910 1.2e-07
911 8e-08
912 8e-08
913 1.2e-07
914 4e-08
915 4e-08
916 1.2e-07
917 4e-08
918 1.2e-07
919 1.2e-07
920 1.2e-07
921 1.59602e-07
922 0
923 8e-08
924 1.6e-07
925 1.2e-07
926 1.6e-07
927 2e-07
928 4e-08
929 1.2e-07
930 1.2e-07
931 1.2e-07
932 1.2e-07
933 1.99602e-07
934 4e-08
935 0
936 4e-08
937 2e-07
938 8e-08
939 1.6e-07
940 8e-08
941 8e-08
942 1.6e-07
943 4e-08
944 1.2e-07
945 1.2e-07
946 8e-08
947 3.9602e-08
948 8e-08
949 2.4e-07
950 4e-08
951 4e-08
952 4e-08
953 8e-08
954 2e-07
955 0
956 1.6e-07
957 0
958 8e-08
959 1.2e-07
960 1.2e-07
961 8e-08
962 4e-08
963 8e-08
964 4e-08
965 2.79602e-07
966 8e-08
967 0
968 4e-08
969 0
970 0
971 1.19602e-07
972 2e-07
973 1.2e-07
974 4e-08
975 8e-08
976 1.2e-07
977 4e-08
978 8e-08
979 2.4e-07
980 8e-08
981 8e-08
982 1.6e-07
983 1.6e-07
984 8e-08
985 2e-07
986 8e-08
987 0
988 1.19602e-07
989 0
990 1.2e-07
991 8e-08
992 4e-08
993 4e-08
994 0
995 1.2e-07
996 8e-08
997 8e-08
998 1.6e-07
999 0
