0 -8.92440983256321 -8.94020637024433 -8.90868882852363
0.993251773010283 -8.94509564464334 -8.96117825826342 -8.92925249351059
2.00012773496011 -8.91459340836242 -8.93028732668889 -8.89895153857977
3.00022217882684 -8.9383914185134 -8.95431151852631 -8.92254830557396
4.00003388275086 -8.92739700949658 -8.94331008725527 -8.91147358232478
4.99997871390773 -8.9350295083394 -8.95114265419153 -8.91908220139229
6.00000299062804 -9.00395241488201 -9.02034003925523 -8.98746885766068
6.9999971198819 -9.17206241076621 -9.18964598555265 -9.15461242521103
8.00000067527204 -9.46554105626283 -9.48534448380611 -9.44613232817402
8.99999951529857 -9.80669665135917 -9.82869924043755 -9.78518198675572
9.99997885272489 -10.4704779663027 -10.4990761737016 -10.4433369883431
10.9999976331124 -11.7372059123059 -11.757608075306 -11.7165556465055
12.0000012815651 -13.768378911232 -13.8239783083831 -13.7166159009901
