0 -13.2253544801171 -13.2804568197144 -13.1749048188245
0.993251773010283 -13.3225780657424 -13.3784563476096 -13.2695591322229
2.00012773496011 -13.2834069252249 -13.337861231693 -13.2295533432639
3.00022217882684 -13.2505377161278 -13.3053131314729 -13.1989852760558
4.00003388275086 -13.2325298677241 -13.2871613725887 -13.1806441855991
4.99997871390773 -13.4157081192147 -13.4751743674656 -13.3601384492633
6.00000299062804 -14.1644285223533 -14.2492810092222 -14.0846901944076
6.9999971198819 -15.848228831939 -16.055712576127 -15.6772569640271
8.00000067527204 -18.3292964421505 -19.1235268069813 -17.9240169268675
8.99999951529857 -23.8856975307917 -24.8595329991328 -23.4176365306121
9.99997885272489 -31.0162378707243 -35.0343866943702 -30.3321230125054
10.9999976331124 -30.643824271395 -64.6437784640138 -29.9506770908351
12.0000012815651 -108.643824310398 -124.643823907346 -107.950678655344
