c alpha coal mu x0 hom homLow homHigh
10.0 0.5 1 0.001 0 0.00442298 0.00440488 0.00443717
10.0 0.5 1 0.01 0 0.00433664 0.00432036 0.00435379
10.0 0.5 1 0.1 0 0.00358506 0.00357174 0.00359832
10.0 0.5 1 0.001 15 0.000149627 0.000146898 0.000152734
10.0 0.5 1 0.01 15 0.000141899 0.000139367 0.000144874
10.0 0.5 1 0.1 15 0.000103043 0.000100832 0.000105194
10.0 0.5 1 0.001 19 0.000105874 0.000103181 0.00010836
10.0 0.5 1 0.01 19 9.9617e-05 9.72961e-05 0.000101991
10.0 0.5 1 0.1 19 7.06485e-05 6.8922e-05 7.24017e-05
10.0 0.5 1 0.001 22 8.97341e-05 8.74408e-05 9.20243e-05
10.0 0.5 1 0.01 22 8.41085e-05 8.17303e-05 8.64449e-05
10.0 0.5 1 0.1 22 5.88109e-05 5.73079e-05 6.04245e-05
10.0 0.5 1 0.001 26 7.11134e-05 6.89075e-05 7.31822e-05
10.0 0.5 1 0.01 26 6.62773e-05 6.44235e-05 6.8282e-05
10.0 0.5 1 0.1 26 4.55545e-05 4.41955e-05 4.70444e-05
10.0 0.5 1 0.001 32 5.40447e-05 5.21989e-05 5.5878e-05
10.0 0.5 1 0.01 32 4.96191e-05 4.7907e-05 5.13626e-05
10.0 0.5 1 0.1 32 3.30903e-05 3.18951e-05 3.43183e-05
10.0 0.5 1 0.001 38 4.28197e-05 4.12339e-05 4.44467e-05
10.0 0.5 1 0.01 38 3.82084e-05 3.68053e-05 3.97828e-05
10.0 0.5 1 0.1 38 2.43698e-05 2.33085e-05 2.53251e-05
10.0 0.5 1 0.001 46 3.37462e-05 3.2361e-05 3.51902e-05
10.0 0.5 1 0.01 46 2.96897e-05 2.83653e-05 3.09949e-05
10.0 0.5 1 0.1 46 1.83017e-05 1.74233e-05 1.92332e-05
10.0 0.5 1 0.001 55 2.86578e-05 2.74156e-05 2.99526e-05
10.0 0.5 1 0.01 55 2.50916e-05 2.38502e-05 2.64031e-05
10.0 0.5 1 0.1 55 1.50591e-05 1.43563e-05 1.57972e-05
10.0 0.5 1 0.001 66 2.10636e-05 1.99865e-05 2.22657e-05
10.0 0.5 1 0.01 66 1.76076e-05 1.66255e-05 1.85901e-05
10.0 0.5 1 0.1 66 1.01959e-05 9.58038e-06 1.08424e-05
10.0 0.5 1 0.001 80 1.55969e-05 1.47156e-05 1.65516e-05
10.0 0.5 1 0.01 80 1.26423e-05 1.17844e-05 1.35186e-05
10.0 0.5 1 0.1 80 7.202e-06 6.64763e-06 7.72343e-06
10.0 0.5 1 0.001 95 1.28185e-05 1.18605e-05 1.36034e-05
10.0 0.5 1 0.01 95 9.86049e-06 9.09533e-06 1.05765e-05
10.0 0.5 1 0.1 95 5.30718e-06 4.8716e-06 5.71136e-06
10.0 0.5 1 0.001 115 1.0225e-05 9.40919e-06 1.09507e-05
10.0 0.5 1 0.01 115 6.97208e-06 6.31869e-06 7.6089e-06
10.0 0.5 1 0.1 115 3.48117e-06 3.15362e-06 3.8429e-06
10.0 0.5 1 0.001 137 8.31048e-06 7.64011e-06 8.96484e-06
10.0 0.5 1 0.01 137 5.31523e-06 4.76335e-06 5.80711e-06
10.0 0.5 1 0.1 137 2.31412e-06 2.03682e-06 2.5988e-06
10.0 0.5 1 0.001 165 6.60101e-06 6.02793e-06 7.17795e-06
10.0 0.5 1 0.01 165 4.08575e-06 3.60022e-06 4.56247e-06
10.0 0.5 1 0.1 165 1.97391e-06 1.70251e-06 2.27267e-06
10.0 0.5 1 0.001 198 5.76175e-06 5.20999e-06 6.26852e-06
10.0 0.5 1 0.01 198 3.03586e-06 2.63394e-06 3.4522e-06
10.0 0.5 1 0.1 198 1.16289e-06 9.75297e-07 1.35329e-06
10.0 0.5 1 0.001 237 5.63398e-06 5.11272e-06 6.1898e-06
10.0 0.5 1 0.01 237 2.70178e-06 2.30273e-06 3.06214e-06
10.0 0.5 1 0.1 237 1.01732e-06 8.26909e-07 1.19591e-06
10.0 0.5 1 1 0 0.000571159 0.000570497 0.000571854
10.0 0.5 1 1 15 1.1206e-05 1.11084e-05 1.13013e-05
10.0 0.5 1 1 19 7.31985e-06 7.24341e-06 7.39253e-06
10.0 0.5 1 1 22 5.50843e-06 5.44012e-06 5.57472e-06
10.0 0.5 1 1 26 3.97167e-06 3.91597e-06 4.02732e-06
10.0 0.5 1 1 32 2.65064e-06 2.604e-06 2.69562e-06
10.0 0.5 1 1 38 1.8937e-06 1.85819e-06 1.92768e-06
10.0 0.5 1 1 46 1.25088e-06 1.22133e-06 1.28057e-06
10.0 0.5 1 1 55 9.1864e-07 8.9521e-07 9.4477e-07
10.0 0.5 1 1 66 5.72812e-07 5.52246e-07 5.93721e-07
10.0 0.5 1 1 80 3.95209e-07 3.79131e-07 4.12909e-07
10.0 0.5 1 1 95 2.79666e-07 2.65622e-07 2.93781e-07
10.0 0.5 1 1 115 1.8293e-07 1.71365e-07 1.94865e-07
10.0 0.5 1 1 137 1.30296e-07 1.20404e-07 1.39257e-07
10.0 0.5 1 1 165 8.67762e-08 7.82669e-08 9.47634e-08
10.0 0.5 1 1 198 4.76976e-08 4.193e-08 5.31057e-08
10.0 0.5 1 1 237 3.25028e-08 2.77976e-08 3.72557e-08
10.0 1 1 0.001 0 0.00218557 0.00217425 0.00219791
10.0 1 1 0.01 0 0.00210934 0.00209919 0.00212014
10.0 1 1 0.1 0 0.00163918 0.0016304 0.00164861
10.0 1 1 0.001 15 0.00047853 0.000473241 0.000483938
10.0 1 1 0.01 15 0.000436491 0.000431651 0.000441769
10.0 1 1 0.1 15 0.000264305 0.000260875 0.000267357
10.0 1 1 0.001 19 0.00038401 0.000379246 0.000388756
10.0 1 1 0.01 19 0.000344595 0.000340282 0.000348693
10.0 1 1 0.1 19 0.00019558 0.000192846 0.000198581
10.0 1 1 0.001 22 0.000341455 0.000336477 0.000345955
10.0 1 1 0.01 22 0.000303178 0.000298982 0.000306942
10.0 1 1 0.1 22 0.000164279 0.000161704 0.000166557
10.0 1 1 0.001 26 0.000289102 0.000285112 0.000293426
10.0 1 1 0.01 26 0.000252424 0.000248674 0.000256039
10.0 1 1 0.1 26 0.000127391 0.00012521 0.00012968
10.0 1 1 0.001 32 0.000240848 0.00023673 0.000244775
10.0 1 1 0.01 32 0.000206355 0.000202961 0.000209613
10.0 1 1 0.1 32 9.74416e-05 9.54354e-05 9.92443e-05
10.0 1 1 0.001 38 0.000193717 0.000189929 0.000197042
10.0 1 1 0.01 38 0.000161948 0.000158919 0.000164825
10.0 1 1 0.1 38 6.93912e-05 6.77157e-05 7.09377e-05
10.0 1 1 0.001 46 0.000169773 0.000166696 0.000172887
10.0 1 1 0.01 46 0.000139215 0.000136518 0.000141941
10.0 1 1 0.1 46 5.4151e-05 5.27767e-05 5.5576e-05
10.0 1 1 0.001 55 0.00013796 0.000135123 0.000140712
10.0 1 1 0.01 55 0.000110241 0.000107812 0.000112444
10.0 1 1 0.1 55 3.87662e-05 3.76182e-05 3.98966e-05
10.0 1 1 0.001 66 0.000115511 0.000112933 0.000118076
10.0 1 1 0.01 66 8.96459e-05 8.75526e-05 9.16399e-05
10.0 1 1 0.1 66 2.87922e-05 2.78669e-05 2.97511e-05
10.0 1 1 0.001 80 9.87728e-05 9.64449e-05 0.000101129
10.0 1 1 0.01 80 7.24429e-05 7.04773e-05 7.43021e-05
10.0 1 1 0.1 80 1.98316e-05 1.91121e-05 2.06311e-05
10.0 1 1 0.001 95 8.10212e-05 7.86684e-05 8.31827e-05
10.0 1 1 0.01 95 5.832e-05 5.65872e-05 5.99521e-05
10.0 1 1 0.1 95 1.38185e-05 1.32181e-05 1.44168e-05
10.0 1 1 0.001 115 6.21874e-05 6.02516e-05 6.41714e-05
10.0 1 1 0.01 115 4.27172e-05 4.13356e-05 4.40238e-05
10.0 1 1 0.1 115 9.19829e-06 8.7253e-06 9.6897e-06
10.0 1 1 0.001 137 5.43265e-05 5.25711e-05 5.62133e-05
10.0 1 1 0.01 137 3.53147e-05 3.4065e-05 3.65207e-05
10.0 1 1 0.1 137 6.25463e-06 5.85092e-06 6.63378e-06
10.0 1 1 0.001 165 4.18267e-05 4.01576e-05 4.33185e-05
10.0 1 1 0.01 165 2.53186e-05 2.42832e-05 2.6414e-05
10.0 1 1 0.1 165 3.81663e-06 3.53194e-06 4.0975e-06
10.0 1 1 0.001 198 3.78245e-05 3.63878e-05 3.93298e-05
10.0 1 1 0.01 198 2.11778e-05 2.01795e-05 2.21165e-05
10.0 1 1 0.1 198 2.64325e-06 2.41915e-06 2.85447e-06
10.0 1 1 0.001 237 2.98127e-05 2.85171e-05 3.11102e-05
10.0 1 1 0.01 237 1.47984e-05 1.39814e-05 1.55447e-05
10.0 1 1 0.1 237 1.57745e-06 1.40064e-06 1.74776e-06
10.0 1 1 1 0 0.000239265 0.000238807 0.000239687
10.0 1 1 1 15 2.29321e-05 2.27977e-05 2.30732e-05
10.0 1 1 1 19 1.50751e-05 1.49784e-05 1.51805e-05
10.0 1 1 1 22 1.10618e-05 1.09785e-05 1.1157e-05
10.0 1 1 1 26 7.70486e-06 7.62359e-06 7.78217e-06
10.0 1 1 1 32 4.76237e-06 4.69964e-06 4.82324e-06
10.0 1 1 1 38 3.13541e-06 3.08721e-06 3.18677e-06
10.0 1 1 1 46 1.88035e-06 1.84576e-06 1.91892e-06
10.0 1 1 1 55 1.1728e-06 1.14393e-06 1.20037e-06
10.0 1 1 1 66 6.83104e-07 6.61587e-07 7.04249e-07
10.0 1 1 1 80 4.10377e-07 3.93593e-07 4.28098e-07
10.0 1 1 1 95 2.67489e-07 2.54408e-07 2.82229e-07
10.0 1 1 1 115 1.49471e-07 1.40368e-07 1.5985e-07
10.0 1 1 1 137 7.74929e-08 7.06939e-08 8.43487e-08
10.0 1 1 1 165 4.95196e-08 4.36352e-08 5.53204e-08
10.0 1 1 1 198 2.64638e-08 2.21898e-08 3.04287e-08
10.0 1 1 1 237 1.97169e-08 1.61995e-08 2.32964e-08
10.0 1.25 1 0.001 0 0.00231396 0.00230197 0.00232576
10.0 1.25 1 0.01 0 0.00216538 0.00215429 0.00217703
10.0 1.25 1 0.1 0 0.00158179 0.00157323 0.00159042
10.0 1.25 1 0.001 15 0.000780641 0.000773836 0.000787133
10.0 1.25 1 0.01 15 0.000662585 0.000656649 0.00066838
10.0 1.25 1 0.1 15 0.000354167 0.00035047 0.000357987
10.0 1.25 1 0.001 19 0.000666389 0.000659805 0.000672848
10.0 1.25 1 0.01 19 0.000554092 0.000548587 0.000559476
10.0 1.25 1 0.1 19 0.000273984 0.000271097 0.000277534
10.0 1.25 1 0.001 22 0.00060356 0.000597474 0.000610377
10.0 1.25 1 0.01 22 0.000490992 0.000485739 0.000496157
10.0 1.25 1 0.1 22 0.000227463 0.00022451 0.000230335
10.0 1.25 1 0.001 26 0.000537323 0.000531546 0.000543429
10.0 1.25 1 0.01 26 0.000429931 0.000425213 0.000434511
10.0 1.25 1 0.1 26 0.000184142 0.000181642 0.000186868
10.0 1.25 1 0.001 32 0.000442922 0.000438282 0.000448611
10.0 1.25 1 0.01 32 0.000341663 0.000337399 0.000345633
10.0 1.25 1 0.1 32 0.000130722 0.000128611 0.000132821
10.0 1.25 1 0.001 38 0.000393869 0.000389212 0.000398926
10.0 1.25 1 0.01 38 0.000295538 0.000291877 0.000299407
10.0 1.25 1 0.1 38 0.000102 0.000100113 0.000103889
10.0 1.25 1 0.001 46 0.000322484 0.00031806 0.000326988
10.0 1.25 1 0.01 46 0.000230205 0.000227025 0.000233674
10.0 1.25 1 0.1 46 6.91095e-05 6.76985e-05 7.05449e-05
10.0 1.25 1 0.001 55 0.00027977 0.000275529 0.0002838
10.0 1.25 1 0.01 55 0.000191491 0.000188401 0.000194315
10.0 1.25 1 0.1 55 4.97138e-05 4.85861e-05 5.08593e-05
10.0 1.25 1 0.001 66 0.000247996 0.000244526 0.000251579
10.0 1.25 1 0.01 66 0.000160362 0.000157429 0.000163169
10.0 1.25 1 0.1 66 3.55905e-05 3.46221e-05 3.65108e-05
10.0 1.25 1 0.001 80 0.000201384 0.000198147 0.000204573
10.0 1.25 1 0.01 80 0.000123491 0.000121198 0.000125924
10.0 1.25 1 0.1 80 2.2634e-05 2.18669e-05 2.32726e-05
10.0 1.25 1 0.001 95 0.000176608 0.000173708 0.000179836
10.0 1.25 1 0.01 95 0.000102055 9.99068e-05 0.000104251
10.0 1.25 1 0.1 95 1.58751e-05 1.53381e-05 1.64431e-05
10.0 1.25 1 0.001 115 0.000150775 0.000147836 0.000153642
10.0 1.25 1 0.01 115 7.89077e-05 7.73047e-05 8.08831e-05
10.0 1.25 1 0.1 115 9.8544e-06 9.39629e-06 1.02643e-05
10.0 1.25 1 0.001 137 0.000124008 0.000121387 0.000126428
10.0 1.25 1 0.01 137 5.94151e-05 5.7988e-05 6.10273e-05
10.0 1.25 1 0.1 137 5.62828e-06 5.29369e-06 5.946e-06
10.0 1.25 1 0.001 165 0.000110115 0.000107583 0.000112628
10.0 1.25 1 0.01 165 4.95054e-05 4.80215e-05 5.07879e-05
10.0 1.25 1 0.1 165 3.98638e-06 3.71987e-06 4.25558e-06
10.0 1.25 1 0.001 198 8.89969e-05 8.67075e-05 9.14401e-05
10.0 1.25 1 0.01 198 3.4406e-05 3.33708e-05 3.54775e-05
10.0 1.25 1 0.1 198 1.85548e-06 1.65036e-06 2.03681e-06
10.0 1.25 1 0.001 237 7.35603e-05 7.17581e-05 7.55917e-05
10.0 1.25 1 0.01 237 2.60134e-05 2.50979e-05 2.68858e-05
10.0 1.25 1 0.1 237 1.3975e-06 1.23365e-06 1.5408e-06
10.0 1.25 1 1 0 0.000220548 0.000220138 0.000220978
10.0 1.25 1 1 15 2.78671e-05 2.77136e-05 2.80145e-05
10.0 1.25 1 1 19 1.81958e-05 1.80823e-05 1.83219e-05
10.0 1.25 1 1 22 1.33893e-05 1.32831e-05 1.34854e-05
10.0 1.25 1 1 26 9.18185e-06 9.09648e-06 9.26301e-06
10.0 1.25 1 1 32 5.38284e-06 5.32022e-06 5.4463e-06
10.0 1.25 1 1 38 3.23501e-06 3.18533e-06 3.28202e-06
10.0 1.25 1 1 46 1.81589e-06 1.78127e-06 1.8512e-06
10.0 1.25 1 1 55 1.08812e-06 1.06082e-06 1.11722e-06
10.0 1.25 1 1 66 6.14569e-07 5.92623e-07 6.34207e-07
10.0 1.25 1 1 80 3.62453e-07 3.46733e-07 3.78116e-07
10.0 1.25 1 1 95 1.85032e-07 1.7394e-07 1.96764e-07
10.0 1.25 1 1 115 1.0019e-07 9.14794e-08 1.08408e-07
10.0 1.25 1 1 137 4.95705e-08 4.39459e-08 5.512e-08
10.0 1.25 1 1 165 3.09457e-08 2.61689e-08 3.61035e-08
10.0 1.25 1 1 198 1.28406e-08 9.97796e-09 1.54759e-08
10.0 1.25 1 1 237 1.16979e-08 8.69006e-09 1.46057e-08
10.0 1.5 1 0.001 0 0.00268599 0.00267294 0.00269782
10.0 1.5 1 0.01 0 0.00237164 0.00236021 0.00238285
10.0 1.5 1 0.1 0 0.00161024 0.00160201 0.00161961
10.0 1.5 1 0.001 15 0.00121262 0.00120387 0.00122173
10.0 1.5 1 0.01 15 0.000929986 0.000922638 0.000936673
10.0 1.5 1 0.1 15 0.000441028 0.00043685 0.000445258
10.0 1.5 1 0.001 19 0.00106915 0.00106115 0.00107643
10.0 1.5 1 0.01 19 0.000795546 0.000789196 0.000802304
10.0 1.5 1 0.1 19 0.000342287 0.000338475 0.00034564
10.0 1.5 1 0.001 22 0.00100665 0.000999093 0.00101474
10.0 1.5 1 0.01 22 0.000727394 0.000721216 0.000733523
10.0 1.5 1 0.1 22 0.000290951 0.000287612 0.000294103
10.0 1.5 1 0.001 26 0.000893254 0.000886079 0.000899787
10.0 1.5 1 0.01 26 0.000623731 0.000618247 0.00062927
10.0 1.5 1 0.1 26 0.000227827 0.000224988 0.000230745
10.0 1.5 1 0.001 32 0.000783403 0.000776506 0.000790194
10.0 1.5 1 0.01 32 0.00052294 0.000517923 0.000528391
10.0 1.5 1 0.1 32 0.000164895 0.000162802 0.000167276
10.0 1.5 1 0.001 38 0.00070313 0.00069666 0.000709038
10.0 1.5 1 0.01 38 0.00044963 0.000444872 0.000454496
10.0 1.5 1 0.1 38 0.000124316 0.000122336 0.000126224
10.0 1.5 1 0.001 46 0.000613094 0.000606893 0.000618424
10.0 1.5 1 0.01 46 0.000369624 0.000365122 0.000373889
10.0 1.5 1 0.1 46 8.68242e-05 8.51864e-05 8.83684e-05
10.0 1.5 1 0.001 55 0.000544838 0.000539422 0.000550309
10.0 1.5 1 0.01 55 0.000304764 0.000301117 0.00030856
10.0 1.5 1 0.1 55 5.80531e-05 5.67881e-05 5.92487e-05
10.0 1.5 1 0.001 66 0.000470289 0.000465368 0.000475795
10.0 1.5 1 0.01 66 0.000246497 0.0002432 0.000249457
10.0 1.5 1 0.1 66 3.80128e-05 3.70706e-05 3.88942e-05
10.0 1.5 1 0.001 80 0.000411281 0.000406742 0.000416108
10.0 1.5 1 0.01 80 0.000197795 0.000194889 0.000200722
10.0 1.5 1 0.1 80 2.33837e-05 2.26122e-05 2.40597e-05
10.0 1.5 1 0.001 95 0.000352402 0.000348182 0.000356464
10.0 1.5 1 0.01 95 0.00015545 0.000153045 0.000157748
10.0 1.5 1 0.1 95 1.49797e-05 1.44182e-05 1.55248e-05
10.0 1.5 1 0.001 115 0.000303754 0.000299499 0.000307916
10.0 1.5 1 0.01 115 0.000117527 0.00011542 0.000119523
10.0 1.5 1 0.1 115 7.85233e-06 7.51422e-06 8.21331e-06
10.0 1.5 1 0.001 137 0.000264083 0.000260575 0.000267731
10.0 1.5 1 0.01 137 9.18245e-05 9.01492e-05 9.35258e-05
10.0 1.5 1 0.1 137 5.11727e-06 4.81681e-06 5.42668e-06
10.0 1.5 1 0.001 165 0.000226617 0.00022345 0.000230093
10.0 1.5 1 0.01 165 6.86235e-05 6.71251e-05 7.00306e-05
10.0 1.5 1 0.1 165 2.55661e-06 2.35708e-06 2.74271e-06
10.0 1.5 1 0.001 198 0.000187221 0.000184284 0.000190509
10.0 1.5 1 0.01 198 4.7127e-05 4.59581e-05 4.82898e-05
10.0 1.5 1 0.1 198 1.26454e-06 1.12263e-06 1.40789e-06
10.0 1.5 1 0.001 237 0.000149674 0.000146969 0.00015243
10.0 1.5 1 0.01 237 3.29081e-05 3.19909e-05 3.38461e-05
10.0 1.5 1 0.1 237 5.75218e-07 5.1139e-07 6.38589e-07
10.0 1.5 1 1 0 0.000214 0.00021358 0.000214417
10.0 1.5 1 1 15 3.23976e-05 3.22495e-05 3.25691e-05
10.0 1.5 1 1 19 2.12058e-05 2.10732e-05 2.13319e-05
10.0 1.5 1 1 22 1.56652e-05 1.55501e-05 1.57715e-05
10.0 1.5 1 1 26 1.04275e-05 1.0332e-05 1.05144e-05
10.0 1.5 1 1 32 5.66383e-06 5.59698e-06 5.7246e-06
10.0 1.5 1 1 38 3.18508e-06 3.13996e-06 3.23324e-06
10.0 1.5 1 1 46 1.65051e-06 1.61792e-06 1.68576e-06
10.0 1.5 1 1 55 8.95495e-07 8.70688e-07 9.19518e-07
10.0 1.5 1 1 66 4.1271e-07 3.97263e-07 4.28823e-07
10.0 1.5 1 1 80 2.20456e-07 2.09297e-07 2.33201e-07
10.0 1.5 1 1 95 1.04626e-07 9.6793e-08 1.12075e-07
10.0 1.5 1 1 115 6.21105e-08 5.62018e-08 6.83267e-08
10.0 1.5 1 1 137 1.84434e-08 1.52607e-08 2.193e-08
10.0 1.5 1 1 165 1.8383e-08 1.50695e-08 2.22302e-08
10.0 1.5 1 1 198 1.06186e-08 7.65425e-09 1.31266e-08
10.0 1.5 1 1 237 2.87252e-09 1.65367e-09 4.0893e-09
10.0 2 1 0.001 0 0.00156334 0.00155447 0.00157254
10.0 2 1 0.01 0 0.000990101 0.000983526 0.000997531
10.0 2 1 0.1 0 0.000431128 0.000426774 0.000435465
10.0 2 1 0.001 15 0.00144134 0.00143237 0.00145019
10.0 2 1 0.01 15 0.000881761 0.00087465 0.000888623
10.0 2 1 0.1 15 0.000358414 0.000354283 0.000362099
10.0 2 1 0.001 19 0.00137644 0.00136749 0.00138492
10.0 2 1 0.01 19 0.000829923 0.000823538 0.000836307
10.0 2 1 0.1 19 0.000319563 0.000316151 0.000322915
10.0 2 1 0.001 22 0.00136225 0.0013537 0.00137039
10.0 2 1 0.01 22 0.000806221 0.000799745 0.000812366
10.0 2 1 0.1 22 0.000298743 0.000295022 0.000301759
10.0 2 1 0.001 26 0.00129459 0.00128589 0.00130277
10.0 2 1 0.01 26 0.000744858 0.000738902 0.00075107
10.0 2 1 0.1 26 0.000259671 0.000256298 0.000262734
10.0 2 1 0.001 32 0.00119903 0.00119083 0.00120707
10.0 2 1 0.01 32 0.000655983 0.000650147 0.000661606
10.0 2 1 0.1 32 0.000204709 0.000202111 0.000207453
10.0 2 1 0.001 38 0.00110871 0.00110154 0.0011168
10.0 2 1 0.01 38 0.000576801 0.000571371 0.000581999
10.0 2 1 0.1 38 0.000159013 0.000156717 0.000161289
10.0 2 1 0.001 46 0.00102693 0.00101877 0.00103413
10.0 2 1 0.01 46 0.000502513 0.000497239 0.00050719
10.0 2 1 0.1 46 0.000115872 0.000113955 0.000117748
10.0 2 1 0.001 55 0.000944456 0.000937769 0.000951259
10.0 2 1 0.01 55 0.000429174 0.000424905 0.000433639
10.0 2 1 0.1 55 7.94751e-05 7.80821e-05 8.08724e-05
10.0 2 1 0.001 66 0.000852191 0.000846118 0.00085897
10.0 2 1 0.01 66 0.000356374 0.000352404 0.000360256
10.0 2 1 0.1 66 5.26203e-05 5.1508e-05 5.36656e-05
10.0 2 1 0.001 80 0.000764443 0.000757789 0.000770581
10.0 2 1 0.01 80 0.000287199 0.000283885 0.000290824
10.0 2 1 0.1 80 2.97473e-05 2.89592e-05 3.04521e-05
10.0 2 1 0.001 95 0.000672573 0.000667085 0.000678746
10.0 2 1 0.01 95 0.00022481 0.000222191 0.000227664
10.0 2 1 0.1 95 1.72097e-05 1.66833e-05 1.76837e-05
10.0 2 1 0.001 115 0.000589827 0.000584951 0.00059548
10.0 2 1 0.01 115 0.000171118 0.000168958 0.000173536
10.0 2 1 0.1 115 8.91355e-06 8.57692e-06 9.23739e-06
10.0 2 1 0.001 137 0.000508575 0.000503479 0.000513291
10.0 2 1 0.01 137 0.000125862 0.000123875 0.000127969
10.0 2 1 0.1 137 3.89597e-06 3.70237e-06 4.07906e-06
10.0 2 1 0.001 165 0.00042845 0.000424258 0.000432975
10.0 2 1 0.01 165 8.74947e-05 8.59071e-05 8.91056e-05
10.0 2 1 0.1 165 1.42103e-06 1.33329e-06 1.50656e-06
10.0 2 1 0.001 198 0.000364132 0.000359885 0.000368174
10.0 2 1 0.01 198 6.06873e-05 5.94718e-05 6.1872e-05
10.0 2 1 0.1 198 5.99732e-07 5.5456e-07 6.51318e-07
10.0 2 1 0.001 237 0.000302347 0.000299013 0.000306145
10.0 2 1 0.01 237 3.79839e-05 3.71334e-05 3.88584e-05
10.0 2 1 0.1 237 1.22614e-07 1.07163e-07 1.38561e-07
10.0 2 1 1 0 3.69252e-05 3.67452e-05 3.71052e-05
10.0 2 1 1 15 2.81284e-05 2.79689e-05 2.82818e-05
10.0 2 1 1 19 2.37057e-05 2.35641e-05 2.38387e-05
10.0 2 1 1 22 2.04522e-05 2.03232e-05 2.05737e-05
10.0 2 1 1 26 1.62934e-05 1.61737e-05 1.64006e-05
10.0 2 1 1 32 1.08706e-05 1.07902e-05 1.09585e-05
10.0 2 1 1 38 6.65521e-06 6.57864e-06 6.72444e-06
10.0 2 1 1 46 3.15269e-06 3.10436e-06 3.19984e-06
10.0 2 1 1 55 1.21584e-06 1.18868e-06 1.24366e-06
10.0 2 1 1 66 3.17628e-07 3.06143e-07 3.28495e-07
10.0 2 1 1 80 6.85269e-08 6.5249e-08 7.17879e-08
10.0 2 1 1 95 1.42142e-08 1.28932e-08 1.54867e-08
10.0 2 1 1 115 1.83961e-09 1.55885e-09 2.13702e-09
10.0 2 1 1 137 1.09065e-10 8.60085e-11 1.35412e-10
10.0 2 1 1 165 7.06582e-12 4.12611e-12 1.01871e-11
10.0 2 1 1 198 2.52165e-12 3.52467e-13 4.62386e-12
10.0 2 1 1 237 8.20659e-16 9.62718e-17 1.53202e-15
14.14 2.05 1 0.001 0 0.0506156 0.050553 0.0506731
14.14 2.05 1 0.01 0 0.0467901 0.0467355 0.0468443
14.14 2.05 1 0.1 0 0.0345648 0.0345259 0.0346042
14.14 2.05 1 0.001 15 0.00605271 0.00603324 0.00607137
14.14 2.05 1 0.01 15 0.00343211 0.00341831 0.00344453
14.14 2.05 1 0.1 15 0.000704104 0.000699674 0.000708611
14.14 2.05 1 0.001 19 0.00516039 0.00514409 0.00517815
14.14 2.05 1 0.01 19 0.00265434 0.00264358 0.00266491
14.14 2.05 1 0.1 19 0.000428221 0.000424961 0.000431388
14.14 2.05 1 0.001 22 0.00464708 0.00463109 0.00466225
14.14 2.05 1 0.01 22 0.00223357 0.00222377 0.00224285
14.14 2.05 1 0.1 22 0.000301967 0.000299433 0.000304626
14.14 2.05 1 0.001 26 0.00412677 0.00411102 0.00414301
14.14 2.05 1 0.01 26 0.00184416 0.0018359 0.00185351
14.14 2.05 1 0.1 26 0.000203299 0.000201344 0.000205267
14.14 2.05 1 0.001 32 0.00355499 0.00354022 0.00356781
14.14 2.05 1 0.01 32 0.00141404 0.00140592 0.00142187
14.14 2.05 1 0.1 32 0.000116797 0.000115435 0.000118259
14.14 2.05 1 0.001 38 0.003098 0.00308492 0.00311047
14.14 2.05 1 0.01 38 0.00110142 0.00109485 0.00110761
14.14 2.05 1 0.1 38 6.99919e-05 6.8957e-05 7.11289e-05
14.14 2.05 1 0.001 46 0.0026407 0.00262908 0.00265151
14.14 2.05 1 0.01 46 0.000820006 0.000814869 0.000825258
14.14 2.05 1 0.1 46 3.86699e-05 3.78438e-05 3.94387e-05
14.14 2.05 1 0.001 55 0.0022461 0.00223591 0.0022573
14.14 2.05 1 0.01 55 0.000599809 0.000595308 0.000603773
14.14 2.05 1 0.1 55 2.07739e-05 2.01901e-05 2.12956e-05
14.14 2.05 1 0.001 66 0.00189293 0.00188277 0.00190199
14.14 2.05 1 0.01 66 0.000426855 0.000423356 0.000430708
14.14 2.05 1 0.1 66 1.02292e-05 9.88005e-06 1.06024e-05
14.14 2.05 1 0.001 80 0.00155001 0.00154073 0.00155941
14.14 2.05 1 0.01 80 0.000285918 0.000283196 0.000288651
14.14 2.05 1 0.1 80 5.31217e-06 5.04695e-06 5.59326e-06
14.14 2.05 1 0.001 95 0.00128917 0.00128194 0.00129685
14.14 2.05 1 0.01 95 0.000193171 0.000191173 0.000195391
14.14 2.05 1 0.1 95 2.75493e-06 2.54659e-06 2.94825e-06
14.14 2.05 1 0.001 115 0.00101908 0.00101248 0.0010255
14.14 2.05 1 0.01 115 0.000117663 0.000116119 0.000119186
14.14 2.05 1 0.1 115 1.28821e-06 1.16165e-06 1.42963e-06
14.14 2.05 1 0.001 137 0.000804087 0.000798293 0.000809545
14.14 2.05 1 0.01 137 7.07702e-05 6.96559e-05 7.20178e-05
14.14 2.05 1 0.1 137 6.28219e-07 5.33767e-07 7.23775e-07
14.14 2.05 1 0.001 165 0.00061711 0.000612076 0.000621773
14.14 2.05 1 0.01 165 4.02722e-05 3.94784e-05 4.10929e-05
14.14 2.05 1 0.1 165 3.87702e-07 3.13297e-07 4.57117e-07
14.14 2.05 1 0.001 198 0.000458506 0.000454675 0.000462604
14.14 2.05 1 0.01 198 2.10512e-05 2.05104e-05 2.15974e-05
14.14 2.05 1 0.1 198 8.5708e-08 5.66971e-08 1.1477e-07
14.14 2.05 1 0.001 237 0.000323941 0.000320653 0.000326997
14.14 2.05 1 0.01 237 1.01331e-05 9.76559e-06 1.05174e-05
14.14 2.05 1 0.1 237 5.9532e-08 3.82902e-08 8.29177e-08
14.14 2.05 1 1 0 0.00486155 0.00485956 0.00486354
14.14 2.05 1 1 15 1.29004e-05 1.28077e-05 1.29987e-05
14.14 2.05 1 1 19 5.94562e-06 5.88185e-06 6.0054e-06
14.14 2.05 1 1 22 3.58973e-06 3.53983e-06 3.64217e-06
14.14 2.05 1 1 26 2.05201e-06 2.01229e-06 2.08864e-06
14.14 2.05 1 1 32 9.77927e-07 9.53233e-07 1.00323e-06
14.14 2.05 1 1 38 4.82407e-07 4.63339e-07 4.98115e-07
14.14 2.05 1 1 46 2.57264e-07 2.43583e-07 2.70321e-07
14.14 2.05 1 1 55 1.47245e-07 1.38017e-07 1.57935e-07
14.14 2.05 1 1 66 6.71943e-08 6.04711e-08 7.37531e-08
14.14 2.05 1 1 80 2.70944e-08 2.26722e-08 3.11733e-08
14.14 2.05 1 1 95 1.18046e-08 9.01929e-09 1.46198e-08
14.14 2.05 1 1 115 3.17539e-09 1.95033e-09 4.44318e-09
14.14 2.05 1 1 137 2.77094e-09 1.56724e-09 4.06442e-09
14.14 2.05 1 1 165 1.27766e-09 3.85044e-10 2.12316e-09
14.14 2.05 1 1 198 3.67228e-09 1.97517e-09 5.49609e-09
14.14 2.05 1 1 237 3.3399e-12 1.17801e-12 5.47755e-12
