1.25 1.0  1.0  0 -5.718541758293222 -5.718541758293222 -5.718541758293222
1.25 1.0  0.1 0 -5.110255752076511 -5.110255752076511 -5.110255752076511
1.25 1.0  0.01 0 -4.569468147491445 -4.569468147491445 -4.569468147491445
1.25 1.0  0.001 0 -4.065879513550643 -4.065879513550643 -4.065879513550643
1.25 0.1 1.0  0 -8.018171155020138 -8.018171155020138 -8.018171155020138
1.25 0.1 0.1 0 -7.407403672765316 -7.407403672765316 -7.407403672765316
1.25 0.1 0.01 0 -6.862697374158638 -6.862697374158638 -6.862697374158638
1.25 0.1 0.001 0 -6.352936183915187 -6.352936183915187 -6.352936183915187
1.25 0.01 1.0  0 -10.320459771678875 -10.320459771678875 -10.320459771678875
1.25 0.01 0.1 0 -9.709442634360915 -9.709442634360915 -9.709442634360915
1.25 0.01 0.01 0 -9.164340694700233 -9.164340694700233 -9.164340694700233
1.25 0.01 0.001 0 -8.653952834757035 -8.653952834757035 -8.653952834757035
1.25 1.0  1.0  1 -5.850794680066013 -5.850794680066013 -5.850794680066013
1.25 1.0  0.1 1 -5.180182537527597 -5.180182537527597 -5.180182537527597
1.25 1.0  0.01 1 -4.609262485551478 -4.609262485551478 -4.609262485551478
1.25 1.0  0.001 1 -4.089407651974536 -4.089407651974536 -4.089407651974536
1.25 0.1 1.0  1 -8.150791870171128 -8.150791870171128 -8.150791870171128
1.25 0.1 0.1 1 -7.477700906931687 -7.477700906931687 -7.477700906931687
1.25 0.1 0.01 1 -6.902862449542929 -6.902862449542929 -6.902862449542929
1.25 0.1 0.001 1 -6.376835089462258 -6.376835089462258 -6.376835089462258
1.25 0.01 1.0  1 -10.453117326492727 -10.453117326492727 -10.453117326492727
1.25 0.01 0.1 1 -9.779776974246777 -9.779776974246777 -9.779776974246777
1.25 0.01 0.01 1 -9.204542904721686 -9.204542904721686 -9.204542904721686
1.25 0.01 0.001 1 -8.67788887792702 -8.67788887792702 -8.67788887792702
1.25 1.0  1.0  2 -6.047407814861255 -6.047407814861255 -6.047407814861255
1.25 1.0  0.1 2 -5.277681903678488 -5.277681903678488 -5.277681903678488
1.25 1.0  0.01 2 -4.662837733127168 -4.662837733127168 -4.662837733127168
1.25 1.0  0.001 2 -4.120483048655707 -4.120483048655707 -4.120483048655707
1.25 0.1 1.0  2 -8.34786862101746 -8.34786862101746 -8.34786862101746
1.25 0.1 0.1 2 -7.5756747109133045 -7.5756747109133045 -7.5756747109133045
1.25 0.1 0.01 2 -6.956913382891589 -6.956913382891589 -6.956913382891589
1.25 0.1 0.001 2 -6.408386303579106 -6.408386303579106 -6.408386303579106
1.25 0.01 1.0  2 -10.65024053622939 -10.65024053622939 -10.65024053622939
1.25 0.01 0.1 2 -9.877798322032017 -9.877798322032017 -9.877798322032017
1.25 0.01 0.01 2 -9.258641506983604 -9.258641506983604 -9.258641506983604
1.25 0.01 0.001 2 -8.709487774156639 -8.709487774156639 -8.709487774156639
1.25 1.0  1.0  3 -6.354718425868745 -6.354718425868745 -6.354718425868745
1.25 1.0  0.1 3 -5.417824422102781 -5.417824422102781 -5.417824422102781
1.25 1.0  0.01 3 -4.736163024655164 -4.736163024655164 -4.736163024655164
1.25 1.0  0.001 3 -4.161903859081591 -4.161903859081591 -4.161903859081591
1.25 0.1 1.0  3 -8.655742787222572 -8.655742787222572 -8.655742787222572
1.25 0.1 0.1 3 -7.716421897958889 -7.716421897958889 -7.716421897958889
1.25 0.1 0.01 3 -7.030848606872753 -7.030848606872753 -7.030848606872753
1.25 0.1 0.001 3 -6.450417622800316 -6.450417622800316 -6.450417622800316
1.25 0.01 1.0  3 -10.958171208131496 -10.958171208131496 -10.958171208131496
1.25 0.01 0.1 3 -10.018606139397686 -10.018606139397686 -10.018606139397686
1.25 0.01 0.01 3 -9.332637889377233 -9.332637889377233 -9.332637889377233
1.25 0.01 0.001 3 -8.75158030961147 -8.75158030961147 -8.75158030961147
1.25 1.0  1.0  4 -6.861612972903127 -6.861612972903127 -6.861612972903127
1.25 1.0  0.1 4 -5.6277454701968646 -5.6277454701968646 -5.6277454701968646
1.25 1.0  0.01 4 -4.838857636099294 -4.838857636099294 -4.838857636099294
1.25 1.0  0.001 4 -4.217811254788859 -4.217811254788859 -4.217811254788859
1.25 0.1 1.0  4 -9.163258944744783 -9.163258944744783 -9.163258944744783
1.25 0.1 0.1 4 -7.927102233845789 -7.927102233845789 -7.927102233845789
1.25 0.1 0.01 4 -7.134323767872641 -7.134323767872641 -7.134323767872641
1.25 0.1 0.001 4 -6.507108051468718 -6.507108051468718 -6.507108051468718
1.25 0.01 1.0  4 -11.465749733002045 -11.465749733002045 -11.465749733002045
1.25 0.01 0.1 4 -10.229362666471728 -10.229362666471728 -10.229362666471728
1.25 0.01 0.01 4 -9.436191376598348 -9.436191376598348 -9.436191376598348
1.25 0.01 0.001 4 -8.80834931387661 -8.80834931387661 -8.80834931387661
1.25 1.0  1.0  5 -7.728740136171984 -7.728740136171984 -7.728740136171984
1.25 1.0  0.1 5 -5.958802885434879 -5.958802885434879 -5.958802885434879
1.25 1.0  0.01 5 -4.987375555577674 -4.987375555577674 -4.987375555577674
1.25 1.0  0.001 5 -4.294598671047943 -4.294598671047943 -4.294598671047943
1.25 0.1 1.0  5 -10.030931021274272 -10.030931021274272 -10.030931021274272
1.25 0.1 0.1 5 -8.259073155004211 -8.259073155004211 -8.259073155004211
1.25 0.1 0.01 5 -7.283834702151209 -7.283834702151209 -7.283834702151209
1.25 0.1 0.001 5 -6.584898896905968 -6.584898896905968 -6.584898896905968
1.25 0.01 1.0  5 -12.333476516802559 -12.333476516802559 -12.333476516802559
1.25 0.01 0.1 5 -10.56142533833395 -10.56142533833395 -10.56142533833395
1.25 0.01 0.01 5 -9.585802054746837 -9.585802054746837 -9.585802054746837
1.25 0.01 0.001 5 -8.886240950197108 -8.886240950197108 -8.886240950197108
1.25 1.0  1.0  6 -9.175251069949816 -9.175251069949816 -9.175251069949816
1.25 1.0  0.1 6 -6.509316494110681 -6.509316494110681 -6.509316494110681
1.25 1.0  0.01 6 -5.2116328007734625 -5.2116328007734625 -5.2116328007734625
1.25 1.0  0.001 6 -4.402669411752815 -4.402669411752815 -4.402669411752815
1.25 0.1 1.0  6 -11.477743418481037 -11.477743418481037 -11.477743418481037
1.25 0.1 0.1 6 -8.810568993481464 -8.810568993481464 -8.810568993481464
1.25 0.1 0.01 6 -7.509333048800723 -7.509333048800723 -7.509333048800723
1.25 0.1 0.001 6 -6.694252386003172 -6.694252386003172 -6.694252386003172
1.25 0.01 1.0  6 -13.780319193917137 -13.780319193917137 -13.780319193917137
1.25 0.01 0.1 6 -11.113019932965344 -11.113019932965344 -11.113019932965344
1.25 0.01 0.01 6 -9.811425217804842 -9.811425217804842 -9.811425217804842
1.25 0.01 0.001 6 -8.995723448990864 -8.995723448990864 -8.995723448990864
1.25 1.0  1.0  7 -11.241194552259733 -11.241194552259733 -11.241194552259733
1.25 1.0  0.1 7 -7.45300177950901 -7.45300177950901 -7.45300177950901
1.25 1.0  0.01 7 -5.568582340192742 -5.568582340192742 -5.568582340192742
1.25 1.0  0.001 7 -4.560009233906163 -4.560009233906163 -4.560009233906163
1.25 0.1 1.0  7 -13.543767896291252 -13.543767896291252 -13.543767896291252
1.25 0.1 0.1 7 -9.755068966925018 -9.755068966925018 -9.755068966925018
1.25 0.1 0.01 7 -7.867757660137362 -7.867757660137362 -7.867757660137362
1.25 0.1 0.001 7 -6.853220299626104 -6.853220299626104 -6.853220299626104
1.25 0.01 1.0  7 -15.84635180887501 -15.84635180887501 -15.84635180887501
1.25 0.01 0.1 7 -12.057601898477774 -12.057601898477774 -12.057601898477774
1.25 0.01 0.01 7 -10.169998397655037 -10.169998397655037 -10.169998397655037
1.25 0.01 0.001 7 -9.154855366976728 -9.154855366976728 -9.154855366976728
1.25 1.0  1.0  8 -13.540501792678288 -13.540501792678288 -13.540501792678288
1.25 1.0  0.1 8 -9.005462544463763 -9.005462544463763 -9.005462544463763
1.25 1.0  0.01 8 -6.166825075990056 -6.166825075990056 -6.166825075990056
1.25 1.0  0.001 8 -4.799638516083237 -4.799638516083237 -4.799638516083237
1.25 0.1 1.0  8 -15.843085706940096 -15.843085706940096 -15.843085706940096
1.25 0.1 0.1 8 -11.307938060369285 -11.307938060369285 -11.307938060369285
1.25 0.1 0.01 8 -8.46754052538031 -8.46754052538031 -8.46754052538031
1.25 0.1 0.001 8 -7.094872681881792 -7.094872681881792 -7.094872681881792
1.25 0.01 1.0  8 -18.145670681507028 -18.145670681507028 -18.145670681507028
1.25 0.01 0.1 8 -13.61051211470366 -13.61051211470366 -13.61051211470366
1.25 0.01 0.01 8 -10.769936641623538 -10.769936641623538 -10.769936641623538
1.25 0.01 0.001 8 -9.396711954431645 -9.396711954431645 -9.396711954431645
1.25 1.0  1.0  9 -15.821502984600194 -15.821502984600194 -15.821502984600194
1.25 1.0  0.1 9 -11.140041496830811 -11.140041496830811 -11.140041496830811
1.25 1.0  0.01 9 -7.1928753719356395 -7.1928753719356395 -7.1928753719356395
1.25 1.0  0.001 9 -5.184743517314585 -5.184743517314585 -5.184743517314585
1.25 0.1 1.0  9 -18.124087957149417 -18.124087957149417 -18.124087957149417
1.25 0.1 0.1 9 -13.44261362962906 -13.44261362962906 -13.44261362962906
1.25 0.1 0.01 9 -9.494791733922892 -9.494791733922892 -9.494791733922892
1.25 0.1 0.001 9 -7.482347589352325 -7.482347589352325 -7.482347589352325
1.25 0.01 1.0  9 -20.426673038042374 -20.426673038042374 -20.426673038042374
1.25 0.01 0.1 9 -15.745197416959666 -15.745197416959666 -15.745197416959666
1.25 0.01 0.01 9 -11.79730918933412 -11.79730918933412 -11.79730918933412
1.25 0.01 0.001 9 -9.784426651843571 -9.784426651843571 -9.784426651843571
1.25 1.0  1.0  10 -18.081483287133928 -18.081483287133928 -18.081483287133928
1.25 1.0  0.1 10 -13.442484994245952 -13.442484994245952 -13.442484994245952
1.25 1.0  0.01 10 -8.851515560660738 -8.851515560660738 -8.851515560660738
1.25 1.0  0.001 10 -5.835072116664157 -5.835072116664157 -5.835072116664157
1.25 0.1 1.0  10 -20.384068367559255 -20.384068367559255 -20.384068367559255
1.25 0.1 0.1 10 -15.745068791062957 -15.745068791062957 -15.745068791062957
1.25 0.1 0.01 10 -11.153973447667653 -11.153973447667653 -11.153973447667653
1.25 0.1 0.001 10 -8.135068448970792 -8.135068448970792 -8.135068448970792
1.25 0.01 1.0  10 -22.686653459290522 -22.686653459290522 -22.686653459290522
1.25 0.01 0.1 10 -18.047653753473956 -18.047653753473956 -18.047653753473956
1.25 0.01 0.01 10 -13.456545670806923 -13.456545670806923 -13.456545670806923
1.25 0.01 0.001 10 -10.437390198782463 -10.437390198782463 -10.437390198782463
1.25 1.0  1.0  11 -20.33441653454224 -20.33441653454224 -20.33441653454224
1.25 1.0  0.1 11 -15.718799236131185 -15.718799236131185 -15.718799236131185
1.25 1.0  0.01 11 -11.042064906570749 -11.042064906570749 -11.042064906570749
1.25 1.0  0.001 11 -6.94913761795753 -6.94913761795753 -6.94913761795753
1.25 0.1 1.0  11 -22.63700162621543 -22.63700162621543 -22.63700162621543
1.25 0.1 0.1 11 -18.021384196057504 -18.021384196057504 -18.021384196057504
1.25 0.1 0.01 11 -13.344635773675435 -13.344635773675435 -13.344635773675435
1.25 0.1 0.001 11 -9.250875573242512 -9.250875573242512 -9.250875573242512
1.25 0.01 1.0  11 -24.93958671907677 -24.93958671907677 -24.93958671907677
1.25 0.01 0.1 11 -20.323969275645663 -20.323969275645663 -20.323969275645663
1.25 0.01 0.01 11 -15.647219427299186 -15.647219427299186 -15.647219427299186
1.25 0.01 0.001 11 -11.55337440797051 -11.55337440797051 -11.55337440797051
1.25 1.0  1.0  12 -22.585262587690515 -22.585262587690515 -22.585262587690515
1.25 1.0  0.1 12 -17.977046676652716 -17.977046676652716 -17.977046676652716
1.25 1.0  0.01 12 -13.34351986288428 -13.34351986288428 -13.34351986288428
1.25 1.0  0.001 12 -8.71198932217802 -8.71198932217802 -8.71198932217802
1.25 0.1 1.0  12 -24.887847680545462 -24.887847680545462 -24.887847680545462
1.25 0.1 0.1 12 -20.279631755736723 -20.279631755736723 -20.279631755736723
1.25 0.1 0.01 12 -15.64610353171221 -15.64610353171221 -15.64610353171221
1.25 0.1 0.001 12 -11.014429260517188 -11.014429260517188 -11.014429260517188
1.25 0.01 1.0  12 -27.190432773525533 -27.190432773525533 -27.190432773525533
1.25 0.01 0.1 12 -22.582216847329406 -22.582216847329406 -22.582216847329406
1.25 0.01 0.01 12 -17.94868848060863 -17.94868848060863 -17.94868848060863
1.25 0.01 0.001 12 -13.316999567684306 -13.316999567684306 -13.316999567684306
1.45 1.0  1.0  0 -6.035605305822219 -6.035605305822219 -6.035605305822219
1.45 1.0  0.1 0 -5.263990902861511 -5.263990902861511 -5.263990902861511
1.45 1.0  0.01 0 -4.527033734668551 -4.527033734668551 -4.527033734668551
1.45 1.0  0.001 0 -3.8105046604868655 -3.8105046604868655 -3.8105046604868655
1.45 0.1 1.0  0 -8.33603592181978 -8.33603592181978 -8.33603592181978
1.45 0.1 0.1 0 -7.5619094574661645 -7.5619094574661645 -7.5619094574661645
1.45 0.1 0.01 0 -6.819842867406171 -6.819842867406171 -6.819842867406171
1.45 0.1 0.001 0 -6.092971781722673 -6.092971781722673 -6.092971781722673
1.45 0.01 1.0  0 -10.63840524975025 -10.63840524975025 -10.63840524975025
1.45 0.01 0.1 0 -9.864026562439443 -9.864026562439443 -9.864026562439443
1.45 0.01 0.01 0 -9.12144480535 -9.12144480535 -9.12144480535
1.45 0.01 0.001 0 -8.393522052714102 -8.393522052714102 -8.393522052714102
1.45 1.0  1.0  1 -6.106217263106048 -6.106217263106048 -6.106217263106048
1.45 1.0  0.1 1 -5.295976504164339 -5.295976504164339 -5.295976504164339
1.45 1.0  0.01 1 -4.542047646225616 -4.542047646225616 -4.542047646225616
1.45 1.0  0.001 1 -3.817640781440744 -3.817640781440744 -3.817640781440744
1.45 0.1 1.0  1 -8.406795273527619 -8.406795273527619 -8.406795273527619
1.45 0.1 0.1 1 -7.594043111000803 -7.594043111000803 -7.594043111000803
1.45 0.1 0.01 1 -6.835004913558587 -6.835004913558587 -6.835004913558587
1.45 0.1 0.001 1 -6.100256046926883 -6.100256046926883 -6.100256046926883
1.45 0.01 1.0  1 -10.709179346321445 -10.709179346321445 -10.709179346321445
1.45 0.01 0.1 1 -9.896175026650013 -9.896175026650013 -9.896175026650013
1.45 0.01 0.01 1 -9.136621670418673 -9.136621670418673 -9.136621670418673
1.45 0.01 0.001 1 -8.400821137800532 -8.400821137800532 -8.400821137800532
1.45 1.0  1.0  2 -6.226481515877874 -6.226481515877874 -6.226481515877874
1.45 1.0  0.1 2 -5.348225382932422 -5.348225382932422 -5.348225382932422
1.45 1.0  0.01 2 -4.566062968969729 -4.566062968969729 -4.566062968969729
1.45 1.0  0.001 2 -3.828940660543043 -3.828940660543043 -3.828940660543043
1.45 0.1 1.0  2 -8.52728765571812 -8.52728765571812 -8.52728765571812
1.45 0.1 0.1 2 -7.646523724968412 -7.646523724968412 -7.646523724968412
1.45 0.1 0.01 2 -6.859252454278792 -6.859252454278792 -6.859252454278792
1.45 0.1 0.001 2 -6.111788202748696 -6.111788202748696 -6.111788202748696
1.45 0.01 1.0  2 -10.829694554558289 -10.829694554558289 -10.829694554558289
1.45 0.01 0.1 2 -9.948678827515455 -9.948678827515455 -9.948678827515455
1.45 0.01 0.01 2 -9.160892446350934 -9.160892446350934 -9.160892446350934
1.45 0.01 0.001 2 -8.41237653471318 -8.41237653471318 -8.41237653471318
1.45 1.0  1.0  3 -6.439876352452102 -6.439876352452102 -6.439876352452102
1.45 1.0  0.1 3 -5.435584890015917 -5.435584890015917 -5.435584890015917
1.45 1.0  0.01 3 -4.604922579492183 -4.604922579492183 -4.604922579492183
1.45 1.0  0.001 3 -3.846934191613004 -3.846934191613004 -3.846934191613004
1.45 0.1 1.0  3 -8.741025189031394 -8.741025189031394 -8.741025189031394
1.45 0.1 0.1 3 -7.734244270569558 -7.734244270569558 -7.734244270569558
1.45 0.1 0.01 3 -6.89847582967284 -6.89847582967284 -6.89847582967284
1.45 0.1 0.001 3 -6.13014584850608 -6.13014584850608 -6.13014584850608
1.45 0.01 1.0  3 -11.04346638799888 -11.04346638799888 -11.04346638799888
1.45 0.01 0.1 3 -10.036435509591257 -10.036435509591257 -10.036435509591257
1.45 0.01 0.01 3 -9.200152231179278 -9.200152231179278 -9.200152231179278
1.45 0.01 0.001 3 -8.430770624927957 -8.430770624927957 -8.430770624927957
1.45 1.0  1.0  4 -6.837297538475534 -6.837297538475534 -6.837297538475534
1.45 1.0  0.1 4 -5.5867394604330665 -5.5867394604330665 -5.5867394604330665
1.45 1.0  0.01 4 -4.668954439667517 -4.668954439667517 -4.668954439667517
1.45 1.0  0.001 4 -3.8758426720422587 -3.8758426720422587 -3.8758426720422587
1.45 0.1 1.0  4 -9.138918178118457 -9.138918178118457 -9.138918178118457
1.45 0.1 0.1 4 -7.885952778576527 -7.885952778576527 -7.885952778576527
1.45 0.1 0.01 4 -6.963076177085427 -6.963076177085427 -6.963076177085427
1.45 0.1 0.001 4 -6.159624837898741 -6.159624837898741 -6.159624837898741
1.45 0.01 1.0  4 -11.441406620480151 -11.441406620480151 -11.441406620480151
1.45 0.01 0.1 4 -10.18819948932203 -10.18819948932203 -10.18819948932203
1.45 0.01 0.01 4 -9.26480950799107 -9.26480950799107 -9.26480950799107
1.45 0.01 0.001 4 -8.460306746269291 -8.460306746269291 -8.460306746269291
1.45 1.0  1.0  5 -7.606725088373963 -7.606725088373963 -7.606725088373963
1.45 1.0  0.1 5 -5.860370500975547 -5.860370500975547 -5.860370500975547
1.45 1.0  0.01 5 -4.7774268884890025 -4.7774268884890025 -4.7774268884890025
1.45 1.0  0.001 5 -3.922946928215578 -3.922946928215578 -3.922946928215578
1.45 0.1 1.0  5 -9.908863769702092 -9.908863769702092 -9.908863769702092
1.45 0.1 0.1 5 -8.160394558232246 -8.160394558232246 -8.160394558232246
1.45 0.1 0.01 5 -7.072430146424296 -7.072430146424296 -7.072430146424296
1.45 0.1 0.001 5 -6.207621796036391 -6.207621796036391 -6.207621796036391
1.45 0.01 1.0  5 -12.21140411375563 -12.21140411375563 -12.21140411375563
1.45 0.01 0.1 5 -10.46272251796963 -10.46272251796963 -10.46272251796963
1.45 0.01 0.01 5 -9.37425182492385 -9.37425182492385 -9.37425182492385
1.45 0.01 0.001 5 -8.508393173416641 -8.508393173416641 -8.508393173416641
1.45 1.0  1.0  6 -9.076515686647879 -9.076515686647879 -9.076515686647879
1.45 1.0  0.1 6 -6.379914947551246 -6.379914947551246 -6.379914947551246
1.45 1.0  0.01 6 -4.968552274335292 -4.968552274335292 -4.968552274335292
1.45 1.0  0.001 6 -4.001405199506517 -4.001405199506517 -4.001405199506517
1.45 0.1 1.0  6 -11.37899817751577 -11.37899817751577 -11.37899817751577
1.45 0.1 0.1 6 -8.680979486444437 -8.680979486444437 -8.680979486444437
1.45 0.1 0.01 6 -7.264888918611613 -7.264888918611613 -7.264888918611613
1.45 0.1 0.001 6 -6.287471170227059 -6.287471170227059 -6.287471170227059
1.45 0.01 1.0  6 -13.681572983581356 -13.681572983581356 -13.681572983581356
1.45 0.01 0.1 6 -10.98341182528928 -10.98341182528928 -10.98341182528928
1.45 0.01 0.01 6 -9.566844394463772 -9.566844394463772 -9.566844394463772
1.45 0.01 0.001 6 -8.588382142998094 -8.588382142998094 -8.588382142998094
1.45 1.0  1.0  7 -11.44325523368938 -11.44325523368938 -11.44325523368938
1.45 1.0  0.1 7 -7.391164424297516 -7.391164424297516 -7.391164424297516
1.45 1.0  0.01 7 -5.321970798266213 -5.321970798266213 -5.321970798266213
1.45 1.0  0.001 7 -4.136438137135941 -4.136438137135941 -4.136438137135941
1.45 0.1 1.0  7 -13.745830705580373 -13.745830705580373 -13.745830705580373
1.45 0.1 0.1 7 -9.693197316329073 -9.693197316329073 -9.693197316329073
1.45 0.1 0.01 7 -7.620181859525962 -7.620181859525962 -7.620181859525962
1.45 0.1 0.001 7 -6.424643769142394 -6.424643769142394 -6.424643769142394
1.45 0.01 1.0  7 -16.0484148339096 -16.0484148339096 -16.0484148339096
1.45 0.01 0.1 7 -11.995726905914509 -11.995726905914509 -11.995726905914509
1.45 0.01 0.01 7 -9.922325754204358 -9.922325754204358 -9.922325754204358
1.45 0.01 0.001 7 -8.725769871737658 -8.725769871737658 -8.725769871737658
1.45 1.0  1.0  8 -14.07414743823753 -14.07414743823753 -14.07414743823753
1.45 1.0  0.1 8 -9.24376182581847 -9.24376182581847 -9.24376182581847
1.45 1.0  0.01 8 -6.0041802629058125 -6.0041802629058125 -6.0041802629058125
1.45 1.0  0.001 8 -4.379379338478454 -4.379379338478454 -4.379379338478454
1.45 0.1 1.0  8 -16.376731838386366 -16.376731838386366 -16.376731838386366
1.45 0.1 0.1 8 -11.546260386998682 -11.546260386998682 -11.546260386998682
1.45 0.1 0.01 8 -8.304562546937973 -8.304562546937973 -8.304562546937973
1.45 0.1 0.001 8 -6.670747658549669 -6.670747658549669 -6.670747658549669
1.45 0.01 1.0  8 -18.67931686191159 -18.67931686191159 -18.67931686191159
1.45 0.01 0.1 8 -13.848836780186497 -13.848836780186497 -13.848836780186497
1.45 0.01 0.01 8 -10.606925182218527 -10.606925182218527 -10.606925182218527
1.45 0.01 0.001 8 -8.972192679421118 -8.972192679421118 -8.972192679421118
1.45 1.0  1.0  9 -16.58105849113479 -16.58105849113479 -16.58105849113479
1.45 1.0  0.1 9 -11.82726592511298 -11.82726592511298 -11.82726592511298
1.45 1.0  0.01 9 -7.322062872342934 -7.322062872342934 -7.322062872342934
1.45 1.0  0.001 9 -4.8385917390640305 -4.8385917390640305 -4.8385917390640305
1.45 0.1 1.0  9 -18.883643527648392 -18.883643527648392 -18.883643527648392
1.45 0.1 0.1 9 -14.129844485081488 -14.129844485081488 -14.129844485081488
1.45 0.1 0.01 9 -9.624059909575033 -9.624059909575033 -9.624059909575033
1.45 0.1 0.001 9 -7.134141193329975 -7.134141193329975 -7.134141193329975
1.45 0.01 1.0  9 -21.186228614979367 -21.186228614979367 -21.186228614979367
1.45 0.01 0.1 9 -16.432428921223956 -16.432428921223956 -16.432428921223956
1.45 0.01 0.01 9 -11.92658556307538 -11.92658556307538 -11.92658556307538
1.45 0.01 0.001 9 -9.436009538459123 -9.436009538459123 -9.436009538459123
1.45 1.0  1.0  10 -19.044357338911734 -19.044357338911734 -19.044357338911734
1.45 1.0  0.1 10 -14.402380892445779 -14.402380892445779 -14.402380892445779
1.45 1.0  0.01 10 -9.551233776040865 -9.551233776040865 -9.551233776040865
1.45 1.0  0.001 10 -5.735081831009016 -5.735081831009016 -5.735081831009016
1.45 0.1 1.0  10 -21.346942427096266 -21.346942427096266 -21.346942427096266
1.45 0.1 0.1 10 -16.704965487987323 -16.704965487987323 -16.704965487987323
1.45 0.1 0.01 10 -11.853755641129117 -11.853755641129117 -11.853755641129117
1.45 0.1 0.001 10 -8.034817048841 -8.034817048841 -8.034817048841
1.45 0.01 1.0  10 -23.649527519608082 -23.649527519608082 -23.649527519608082
1.45 0.01 0.1 10 -19.007550530965716 -19.007550530965716 -19.007550530965716
1.45 0.01 0.01 10 -14.15633434132685 -14.15633434132685 -14.15633434132685
1.45 0.01 0.001 10 -10.337111144273436 -10.337111144273436 -10.337111144273436
1.45 1.0  1.0  11 -21.497465135817585 -21.497465135817585 -21.497465135817585
1.45 1.0  0.1 11 -16.88371192796484 -16.88371192796484 -16.88371192796484
1.45 1.0  0.01 11 -12.192613762211703 -12.192613762211703 -12.192613762211703
1.45 1.0  0.001 11 -7.4186020310313365 -7.4186020310313365 -7.4186020310313365
1.45 0.1 1.0  11 -23.80005022839789 -23.80005022839789 -23.80005022839789
1.45 0.1 0.1 11 -19.18629697935605 -19.18629697935605 -19.18629697935605
1.45 0.1 0.01 11 -14.495194349860675 -14.495194349860675 -14.495194349860675
1.45 0.1 0.001 11 -9.72065996644504 -9.72065996644504 -9.72065996644504
1.45 0.01 1.0  11 -26.10263532135045 -26.10263532135045 -26.10263532135045
1.45 0.01 0.1 11 -21.4888820681672 -21.4888820681672 -21.4888820681672
1.45 0.01 0.01 11 -16.797778987317184 -16.797778987317184 -16.797778987317184
1.45 0.01 0.001 11 -12.023191163047889 -12.023191163047889 -12.023191163047889
1.45 1.0  1.0  12 -23.948193409380778 -23.948193409380778 -23.948193409380778
1.45 1.0  0.1 12 -19.34101389984866 -19.34101389984866 -19.34101389984866
1.45 1.0  0.01 12 -14.715650479229023 -14.715650479229023 -14.715650479229023
1.45 1.0  0.001 12 -9.929124152826414 -9.929124152826414 -9.929124152826414
1.45 0.1 1.0  12 -26.250778502339145 -26.250778502339145 -26.250778502339145
1.45 0.1 0.1 12 -21.643598989278768 -21.643598989278768 -21.643598989278768
1.45 0.1 0.01 12 -17.018235210826493 -17.018235210826493 -17.018235210826493
1.45 0.1 0.001 12 -12.231666462822753 -12.231666462822753 -12.231666462822753
1.45 0.01 1.0  12 -28.553363595329614 -28.553363595329614 -28.553363595329614
1.45 0.01 0.1 12 -23.94618408191448 -23.94618408191448 -23.94618408191448
1.45 0.01 0.01 12 -19.32082026727948 -19.32082026727948 -19.32082026727948
1.45 0.01 0.001 12 -14.534247180531562 -14.534247180531562 -14.534247180531562
1.65 1.0  1.0  0 -6.278082608488606 -6.278082608488606 -6.278082608488606
1.65 1.0  0.1 0 -5.3513287647037355 -5.3513287647037355 -5.3513287647037355
1.65 1.0  0.01 0 -4.442364402437003 -4.442364402437003 -4.442364402437003
1.65 1.0  0.001 0 -3.5490215514888956 -3.5490215514888956 -3.5490215514888956
1.65 0.1 1.0  0 -8.578977110454254 -8.578977110454254 -8.578977110454254
1.65 0.1 0.1 0 -7.649637403224244 -7.649637403224244 -7.649637403224244
1.65 0.1 0.01 0 -6.734302583462552 -6.734302583462552 -6.734302583462552
1.65 0.1 0.001 0 -5.825390552492292 -5.825390552492292 -5.825390552492292
1.65 0.01 1.0  0 -10.881392974989303 -10.881392974989303 -10.881392974989303
1.65 0.01 0.1 0 -9.951793812645668 -9.951793812645668 -9.951793812645668
1.65 0.01 0.01 0 -9.035816647609005 -9.035816647609005 -9.035816647609005
1.65 0.01 0.001 0 -8.12531564582487 -8.12531564582487 -8.12531564582487
1.65 1.0  1.0  1 -6.313528138496422 -6.313528138496422 -6.313528138496422
1.65 1.0  0.1 1 -5.365184621982948 -5.365184621982948 -5.365184621982948
1.65 1.0  0.01 1 -4.4478490096965615 -4.4478490096965615 -4.4478490096965615
1.65 1.0  0.001 1 -3.5511848780667337 -3.5511848780667337 -3.5511848780667337
1.65 0.1 1.0  1 -8.614481680671517 -8.614481680671517 -8.614481680671517
1.65 0.1 0.1 1 -7.663552536283149 -7.663552536283149 -7.663552536283149
1.65 0.1 0.01 1 -6.739846506092887 -6.739846506092887 -6.739846506092887
1.65 0.1 0.001 1 -5.827613200837226 -5.827613200837226 -5.827613200837226
1.65 0.01 1.0  1 -10.916903449839795 -10.916903449839795 -10.916903449839795
1.65 0.01 0.1 1 -9.965714873898298 -9.965714873898298 -9.965714873898298
1.65 0.01 0.01 1 -9.041366502392757 -9.041366502392757 -9.041366502392757
1.65 0.01 0.001 1 -8.127544226962945 -8.127544226962945 -8.127544226962945
1.65 1.0  1.0  2 -6.384282952434919 -6.384282952434919 -6.384282952434919
1.65 1.0  0.1 2 -5.392222330863009 -5.392222330863009 -5.392222330863009
1.65 1.0  0.01 2 -4.4584381176242385 -4.4584381176242385 -4.4584381176242385
1.65 1.0  0.001 2 -3.5553425251437125 -3.5553425251437125 -3.5553425251437125
1.65 0.1 1.0  2 -8.685348237849697 -8.685348237849697 -8.685348237849697
1.65 0.1 0.1 2 -7.6907035410438835 -7.6907035410438835 -7.6907035410438835
1.65 0.1 0.01 2 -6.750549183569205 -6.750549183569205 -6.750549183569205
1.65 0.1 0.001 2 -5.8318844628350375 -5.8318844628350375 -5.8318844628350375
1.65 0.01 1.0  2 -10.98778118355058 -10.98778118355058 -10.98778118355058
1.65 0.01 0.1 2 -9.99287721049954 -9.99287721049954 -9.99287721049954
1.65 0.01 0.01 2 -9.052080539084104 -9.052080539084104 -9.052080539084104
1.65 0.01 0.001 2 -8.131826852714285 -8.131826852714285 -8.131826852714285
1.65 1.0  1.0  3 -6.529413750678994 -6.529413750678994 -6.529413750678994
1.65 1.0  0.1 3 -5.445764472856446 -5.445764472856446 -5.445764472856446
1.65 1.0  0.01 3 -4.479021987075661 -4.479021987075661 -4.479021987075661
1.65 1.0  0.001 3 -3.56335664464271 -3.56335664464271 -3.56335664464271
1.65 0.1 1.0  3 -8.830684813939682 -8.830684813939682 -8.830684813939682
1.65 0.1 0.1 3 -7.744461077405441 -7.744461077405441 -7.744461077405441
1.65 0.1 0.01 3 -6.771350281484991 -6.771350281484991 -6.771350281484991
1.65 0.1 0.001 3 -5.840116127182377 -5.840116127182377 -5.840116127182377
1.65 0.01 1.0  3 -11.133138345087197 -11.133138345087197 -11.133138345087197
1.65 0.01 0.1 3 -10.046656294475332 -10.046656294475332 -10.046656294475332
1.65 0.01 0.01 3 -9.072903368122947 -9.072903368122947 -9.072903368122947
1.65 0.01 0.001 3 -8.140080279840186 -8.140080279840186 -8.140080279840186
1.65 1.0  1.0  4 -6.83765629429422 -6.83765629429422 -6.83765629429422
1.65 1.0  0.1 4 -5.554312143293454 -5.554312143293454 -5.554312143293454
1.65 1.0  0.01 4 -4.51951880524411 -4.51951880524411 -4.51951880524411
1.65 1.0  0.001 4 -3.5788891682309147 -3.5788891682309147 -3.5788891682309147
1.65 0.1 1.0  4 -9.13927650128769 -9.13927650128769 -9.13927650128769
1.65 0.1 0.1 4 -7.853411149402121 -7.853411149402121 -7.853411149402121
1.65 0.1 0.01 4 -6.812261188328566 -6.812261188328566 -6.812261188328566
1.65 0.1 0.001 4 -5.856064888901993 -5.856064888901993 -5.856064888901993
1.65 0.01 1.0  4 -11.44176497047105 -11.44176497047105 -11.44176497047105
1.65 0.01 0.1 4 -10.155646635586676 -10.155646635586676 -10.155646635586676
1.65 0.01 0.01 4 -9.113855713998383 -9.113855713998383 -9.113855713998383
1.65 0.01 0.001 4 -8.156070695760036 -8.156070695760036 -8.156070695760036
1.65 1.0  1.0  5 -7.513187679274356 -7.513187679274356 -7.513187679274356
1.65 1.0  0.1 5 -5.781675760480015 -5.781675760480015 -5.781675760480015
1.65 1.0  0.01 5 -4.6007988122692405 -4.6007988122692405 -4.6007988122692405
1.65 1.0  0.001 5 -3.6092919376488193 -3.6092919376488193 -3.6092919376488193
1.65 0.1 1.0  5 -9.815282156297442 -9.815282156297442 -9.815282156297442
1.65 0.1 0.1 5 -8.081487133494514 -8.081487133494514 -8.081487133494514
1.65 0.1 0.01 5 -6.894321748459964 -6.894321748459964 -6.894321748459964
1.65 0.1 0.001 5 -5.8872622199889975 -5.8872622199889975 -5.8872622199889975
1.65 0.01 1.0  5 -12.11781810612662 -12.11781810612662 -12.11781810612662
1.65 0.01 0.1 5 -10.383793951362001 -10.383793951362001 -10.383793951362001
1.65 0.01 0.01 5 -9.195994437647425 -9.195994437647425 -9.195994437647425
1.65 0.01 0.001 5 -8.187347593996636 -8.187347593996636 -8.187347593996636
1.65 1.0  1.0  6 -8.987828224210611 -8.987828224210611 -8.987828224210611
1.65 1.0  0.1 6 -6.274977768842923 -6.274977768842923 -6.274977768842923
1.65 1.0  0.01 6 -4.768840268661816 -4.768840268661816 -4.768840268661816
1.65 1.0  0.001 6 -3.6698153018315423 -3.6698153018315423 -3.6698153018315423
1.65 0.1 1.0  6 -11.290301107519019 -11.290301107519019 -11.290301107519019
1.65 0.1 0.1 6 -8.57587236673384 -8.57587236673384 -8.57587236673384
1.65 0.1 0.01 6 -7.06378366615447 -7.06378366615447 -7.06378366615447
1.65 0.1 0.001 6 -5.949291116677152 -5.949291116677152 -5.949291116677152
1.65 0.01 1.0  6 -13.592874958549277 -13.592874958549277 -13.592874958549277
1.65 0.01 0.1 6 -10.878287758728302 -10.878287758728302 -10.878287758728302
1.65 0.01 0.01 6 -9.365598770728733 -9.365598770728733 -9.365598770728733
1.65 0.01 0.001 6 -8.24952744511813 -8.24952744511813 -8.24952744511813
1.65 1.0  1.0  7 -11.736881595951997 -11.736881595951997 -11.736881595951997
1.65 1.0  0.1 7 -7.363086768663092 -7.363086768663092 -7.363086768663092
1.65 1.0  0.01 7 -5.129075633597934 -5.129075633597934 -5.129075633597934
1.65 1.0  0.001 7 -3.7935364064608237 -3.7935364064608237 -3.7935364064608237
1.65 0.1 1.0  7 -14.039459510126127 -14.039459510126127 -14.039459510126127
1.65 0.1 0.1 7 -9.665103513403569 -9.665103513403569 -9.665103513403569
1.65 0.1 0.01 7 -7.426351929997175 -7.426351929997175 -7.426351929997175
1.65 0.1 0.001 7 -6.0757992757811605 -6.0757992757811605 -6.0757992757811605
1.65 0.01 1.0  7 -16.342043883853417 -16.342043883853417 -16.342043883853417
1.65 0.01 0.1 7 -11.967631517311318 -11.967631517311318 -11.967631517311318
1.65 0.01 0.01 7 -9.728401414458107 -9.728401414458107 -9.728401414458107
1.65 0.01 0.001 7 -8.376315713193778 -8.376315713193778 -8.376315713193778
1.65 1.0  1.0  8 -14.782203289040718 -14.782203289040718 -14.782203289040718
1.65 1.0  0.1 8 -9.60155937815714 -9.60155937815714 -9.60155937815714
1.65 1.0  0.01 8 -5.923653063197481 -5.923653063197481 -5.923653063197481
1.65 1.0  0.001 8 -4.055644296696802 -4.055644296696802 -4.055644296696802
1.65 0.1 1.0  8 -17.084788040463334 -17.084788040463334 -17.084788040463334
1.65 0.1 0.1 8 -11.904083926162645 -11.904083926162645 -11.904083926162645
1.65 0.1 0.01 8 -8.223851840676689 -8.223851840676689 -8.223851840676689
1.65 0.1 0.001 8 -6.34272207217501 -6.34272207217501 -6.34272207217501
1.65 0.01 1.0  8 -19.38737309923422 -19.38737309923422 -19.38737309923422
1.65 0.01 0.1 8 -14.206662935872554 -14.206662935872554 -14.206662935872554
1.65 0.01 0.01 8 -10.526195789141081 -10.526195789141081 -10.526195789141081
1.65 0.01 0.001 8 -8.643724454182916 -8.643724454182916 -8.643724454182916
1.65 1.0  1.0  9 -17.507727810486163 -17.507727810486163 -17.507727810486163
1.65 1.0  0.1 9 -12.730809812526687 -12.730809812526687 -12.730809812526687
1.65 1.0  0.01 9 -7.640578675382148 -7.640578675382148 -7.640578675382148
1.65 1.0  0.001 9 -4.63119433041421 -4.63119433041421 -4.63119433041421
1.65 0.1 1.0  9 -19.81031288110325 -19.81031288110325 -19.81031288110325
1.65 0.1 0.1 9 -15.033392256906705 -15.033392256906705 -15.033392256906705
1.65 0.1 0.01 9 -9.94273658992221 -9.94273658992221 -9.94273658992221
1.65 0.1 0.001 9 -6.925161191360984 -6.925161191360984 -6.925161191360984
1.65 0.01 1.0  9 -22.112897971855276 -22.112897971855276 -22.112897971855276
1.65 0.01 0.1 9 -17.335977083771624 -17.335977083771624 -17.335977083771624
1.65 0.01 0.01 9 -12.245278468645195 -12.245278468645195 -12.245278468645195
1.65 0.01 0.001 9 -9.226863350752621 -9.226863350752621 -9.226863350752621
1.65 1.0  1.0  10 -20.17116544798463 -20.17116544798463 -20.17116544798463
1.65 1.0  0.1 10 -15.53685153247834 -15.53685153247834 -15.53685153247834
1.65 1.0  0.01 10 -10.595695999751968 -10.595695999751968 -10.595695999751968
1.65 1.0  0.001 10 -5.904909352806103 -5.904909352806103 -5.904909352806103
1.65 0.1 1.0  10 -22.47375053941882 -22.47375053941882 -22.47375053941882
1.65 0.1 0.1 10 -17.839436465380846 -17.839436465380846 -17.839436465380846
1.65 0.1 0.01 10 -12.898258864005586 -12.898258864005586 -12.898258864005586
1.65 0.1 0.001 10 -8.20510896373352 -8.20510896373352 -8.20510896373352
1.65 0.01 1.0  10 -24.77633563225658 -24.77633563225658 -24.77633563225658
1.65 0.01 0.1 10 -20.14202154228909 -20.14202154228909 -20.14202154228909
1.65 0.01 0.01 10 -15.200841707792083 -15.200841707792083 -15.200841707792083
1.65 0.01 0.001 10 -10.5074488249819 -10.5074488249819 -10.5074488249819
1.65 1.0  1.0  11 -22.823710424661943 -22.823710424661943 -22.823710424661943
1.65 1.0  0.1 11 -18.213081947639676 -18.213081947639676 -18.213081947639676
1.65 1.0  0.01 11 -13.55025045801434 -13.55025045801434 -13.55025045801434
1.65 1.0  0.001 11 -8.422246688112915 -8.422246688112915 -8.422246688112915
1.65 0.1 1.0  11 -25.126295517546062 -25.126295517546062 -25.126295517546062
1.65 0.1 0.1 11 -20.515667029615887 -20.515667029615887 -20.515667029615887
1.65 0.1 0.01 11 -15.852834392891557 -15.852834392891557 -15.852834392891557
1.65 0.1 0.001 11 -10.724640062729344 -10.724640062729344 -10.724640062729344
1.65 0.01 1.0  11 -27.428880610529095 -27.428880610529095 -27.428880610529095
1.65 0.01 0.1 11 -22.818252121502876 -22.818252121502876 -22.818252121502876
1.65 0.01 0.01 11 -18.155419368700585 -18.155419368700585 -18.155419368700585
1.65 0.01 0.001 11 -13.027205422887056 -13.027205422887056 -13.027205422887056
1.65 1.0  1.0  12 -25.474197899438305 -25.474197899438305 -25.474197899438305
1.65 1.0  0.1 12 -20.86798435399647 -20.86798435399647 -20.86798435399647
1.65 1.0  0.01 12 -16.25227486081735 -16.25227486081735 -16.25227486081735
1.65 1.0  0.001 12 -11.529985043653989 -11.529985043653989 -11.529985043653989
1.65 0.1 1.0  12 -27.77678299242459 -27.77678299242459 -27.77678299242459
1.65 0.1 0.1 12 -23.170569446215897 -23.170569446215897 -23.170569446215897
1.65 0.1 0.01 12 -18.55485987613711 -18.55485987613711 -18.55485987613711
1.65 0.1 0.001 12 -13.832561569177562 -13.832561569177562 -13.832561569177562
1.65 0.01 1.0  12 -30.079368085417855 -30.079368085417855 -30.079368085417855
1.65 0.01 0.1 12 -25.47315453913211 -25.47315453913211 -25.47315453913211
1.65 0.01 0.01 12 -20.857444961271614 -20.857444961271614 -20.857444961271614
1.65 0.01 0.001 12 -16.135145780265706 -16.135145780265706 -16.135145780265706
1.85 1.0  1.0  0 -6.461066041161074 -6.461066041161074 -6.461066041161074
1.85 1.0  0.1 0 -5.3978373411778096 -5.3978373411778096 -5.3978373411778096
1.85 1.0  0.01 0 -4.345550349034482 -4.345550349034482 -4.345550349034482
1.85 1.0  0.001 0 -3.310738255003147 -3.310738255003147 -3.310738255003147
1.85 0.1 1.0  0 -8.762243358872343 -8.762243358872343 -8.762243358872343
1.85 0.1 0.1 0 -7.696340480158132 -7.696340480158132 -7.696340480158132
1.85 0.1 0.01 0 -6.636399161975994 -6.636399161975994 -6.636399161975994
1.85 0.1 0.001 0 -5.579932441838704 -5.579932441838704 -5.579932441838704
1.85 0.01 1.0  0 -11.064687562501105 -11.064687562501105 -11.064687562501105
1.85 0.01 0.1 0 -9.998516451755567 -9.998516451755567 -9.998516451755567
1.85 0.01 0.01 0 -8.937802992231912 -8.937802992231912 -8.937802992231912
1.85 0.01 0.001 0 -7.879116226019885 -7.879116226019885 -7.879116226019885
1.85 1.0  1.0  1 -6.478117455078774 -6.478117455078774 -6.478117455078774
1.85 1.0  0.1 1 -5.403687867746839 -5.403687867746839 -5.403687867746839
1.85 1.0  0.01 1 -4.3475568272100995 -4.3475568272100995 -4.3475568272100995
1.85 1.0  0.001 1 -3.311416461126354 -3.311416461126354 -3.311416461126354
1.85 0.1 1.0  1 -8.779318630712398 -8.779318630712398 -8.779318630712398
1.85 0.1 0.1 1 -7.70221498614062 -7.70221498614062 -7.70221498614062
1.85 0.1 0.01 1 -6.638429649158552 -6.638429649158552 -6.638429649158552
1.85 0.1 0.001 1 -5.5806346640988815 -5.5806346640988815 -5.5806346640988815
1.85 0.01 1.0  1 -11.081765220211688 -11.081765220211688 -11.081765220211688
1.85 0.01 0.1 1 -10.004393355758303 -10.004393355758303 -10.004393355758303
1.85 0.01 0.01 1 -8.939835880394217 -8.939835880394217 -8.939835880394217
1.85 0.01 0.001 1 -7.879820849972849 -7.879820849972849 -7.879820849972849
1.85 1.0  1.0  2 -6.5186061588541495 -6.5186061588541495 -6.5186061588541495
1.85 1.0  0.1 2 -5.41746450355031 -5.41746450355031 -5.41746450355031
1.85 1.0  0.01 2 -4.3522635406375 -4.3522635406375 -4.3522635406375
1.85 1.0  0.001 2 -3.313004850447986 -3.313004850447986 -3.313004850447986
1.85 0.1 1.0  2 -8.819862374275667 -8.819862374275667 -8.819862374275667
1.85 0.1 0.1 2 -7.716047529136318 -7.716047529136318 -7.716047529136318
1.85 0.1 0.01 2 -6.643192485426219 -6.643192485426219 -6.643192485426219
1.85 0.1 0.001 2 -5.58227922863699 -5.58227922863699 -5.58227922863699
1.85 0.01 1.0  2 -11.122314468173222 -11.122314468173222 -11.122314468173222
1.85 0.01 0.1 2 -10.018231489902846 -10.018231489902846 -10.018231489902846
1.85 0.01 0.01 2 -8.944604329378064 -8.944604329378064 -8.944604329378064
1.85 0.01 0.001 2 -7.881471032465376 -7.881471032465376 -7.881471032465376
1.85 1.0  1.0  3 -6.615882135007124 -6.615882135007124 -6.615882135007124
1.85 1.0  0.1 3 -5.450109601117539 -5.450109601117539 -5.450109601117539
1.85 1.0  0.01 3 -4.363336093317413 -4.363336093317413 -4.363336093317413
1.85 1.0  0.001 3 -3.316729453496224 -3.316729453496224 -3.316729453496224
1.85 0.1 1.0  3 -8.917261786243493 -8.917261786243493 -8.917261786243493
1.85 0.1 0.1 3 -7.748822028101567 -7.748822028101567 -7.748822028101567
1.85 0.1 0.01 3 -6.654395987627895 -6.654395987627895 -6.654395987627895
1.85 0.1 0.001 3 -5.586135163665408 -5.586135163665408 -5.586135163665408
1.85 0.01 1.0  3 -11.219726225875117 -11.219726225875117 -11.219726225875117
1.85 0.01 0.1 3 -10.051018931321332 -10.051018931321332 -10.051018931321332
1.85 0.01 0.01 3 -8.955820928887784 -8.955820928887784 -8.955820928887784
1.85 0.01 0.001 3 -7.885340103058199 -7.885340103058199 -7.885340103058199
1.85 1.0  1.0  4 -6.853370874351142 -6.853370874351142 -6.853370874351142
1.85 1.0  0.1 4 -5.52829262082085 -5.52829262082085 -5.52829262082085
1.85 1.0  0.01 4 -4.389528390064681 -4.389528390064681 -4.389528390064681
1.85 1.0  0.001 4 -3.32548530091216 -3.32548530091216 -3.32548530091216
1.85 0.1 1.0  4 -9.15500576680031 -9.15500576680031 -9.15500576680031
1.85 0.1 0.1 4 -7.827298097900418 -7.827298097900418 -7.827298097900418
1.85 0.1 0.01 4 -6.6808921069464215 -6.6808921069464215 -6.6808921069464215
1.85 0.1 0.001 4 -5.5951975911443075 -5.5951975911443075 -5.5951975911443075
1.85 0.01 1.0  4 -11.45749574032199 -11.45749574032199 -11.45749574032199
1.85 0.01 0.1 4 -10.129524318180158 -10.129524318180158 -10.129524318180158
1.85 0.01 0.01 4 -8.98234744319705 -8.98234744319705 -8.98234744319705
1.85 0.01 0.001 4 -7.8944332014540475 -7.8944332014540475 -7.8944332014540475
1.85 1.0  1.0  5 -7.442374876905019 -7.442374876905019 -7.442374876905019
1.85 1.0  0.1 5 -5.718437213965481 -5.718437213965481 -5.718437213965481
1.85 1.0  0.01 5 -4.452089098025577 -4.452089098025577 -4.452089098025577
1.85 1.0  0.001 5 -3.3461711967318237 -3.3461711967318237 -3.3461711967318237
1.85 0.1 1.0  5 -9.744433107226119 -9.744433107226119 -9.744433107226119
1.85 0.1 0.1 5 -8.018065712827593 -8.018065712827593 -8.018065712827593
1.85 0.1 0.01 5 -6.744145893061361 -6.744145893061361 -6.744145893061361
1.85 0.1 0.001 5 -5.616595932901947 -5.616595932901947 -5.616595932901947
1.85 0.01 1.0  5 -12.046965446547118 -12.046965446547118 -12.046965446547118
1.85 0.01 0.1 5 -10.32035429231872 -10.32035429231872 -10.32035429231872
1.85 0.01 0.01 5 -9.045670604206617 -9.045670604206617 -9.045670604206617
1.85 0.01 0.001 5 -7.915902857770135 -7.915902857770135 -7.915902857770135
1.85 1.0  1.0  6 -8.904024819416902 -8.904024819416902 -8.904024819416902
1.85 1.0  0.1 6 -6.188773997652257 -6.188773997652257 -6.188773997652257
1.85 1.0  0.01 6 -4.603740695833029 -4.603740695833029 -4.603740695833029
1.85 1.0  0.001 6 -3.3954866743362158 -3.3954866743362158 -3.3954866743362158
1.85 0.1 1.0  6 -11.206487842643343 -11.206487842643343 -11.206487842643343
1.85 0.1 0.1 6 -8.489515372385393 -8.489515372385393 -8.489515372385393
1.85 0.1 0.01 6 -6.897302365033355 -6.897302365033355 -6.897302365033355
1.85 0.1 0.001 6 -5.667544833288639 -5.667544833288639 -5.667544833288639
1.85 0.01 1.0  6 -13.509060710321606 -13.509060710321606 -13.509060710321606
1.85 0.01 0.1 6 -10.791915447757225 -10.791915447757225 -10.791915447757225
1.85 0.01 0.01 6 -9.19897789149092 -9.19897789149092 -9.19897789149092
1.85 0.01 0.001 6 -7.967015471985402 -7.967015471985402 -7.967015471985402
1.85 1.0  1.0  7 -12.186829642485396 -12.186829642485396 -12.186829642485396
1.85 1.0  0.1 7 -7.360555593594099 -7.360555593594099 -7.360555593594099
1.85 1.0  0.01 7 -4.978033228864266 -4.978033228864266 -4.978033228864266
1.85 1.0  0.001 7 -3.514796735675181 -3.514796735675181 -3.514796735675181
1.85 0.1 1.0  7 -14.489410155999048 -14.489410155999048 -14.489410155999048
1.85 0.1 0.1 7 -9.662570728100908 -9.662570728100908 -9.662570728100908
1.85 0.1 0.01 7 -7.2744425998120255 -7.2744425998120255 -7.2744425998120255
1.85 0.1 0.001 7 -5.790455552274793 -5.790455552274793 -5.790455552274793
1.85 0.01 1.0  7 -16.79199479032742 -16.79199479032742 -16.79199479032742
1.85 0.01 0.1 7 -11.965098585520098 -11.965098585520098 -11.965098585520098
1.85 0.01 0.01 7 -9.57640420125023 -9.57640420125023 -9.57640420125023
1.85 0.01 0.001 7 -8.09028811671766 -8.09028811671766 -8.09028811671766
1.85 1.0  1.0  8 -15.912042110458717 -15.912042110458717 -15.912042110458717
1.85 1.0  0.1 8 -10.129144586543402 -10.129144586543402 -10.129144586543402
1.85 1.0  0.01 8 -5.91331487403933 -5.91331487403933 -5.91331487403933
1.85 1.0  0.001 8 -3.8092394390853843 -3.8092394390853843 -3.8092394390853843
1.85 0.1 1.0  8 -18.2146270930516 -18.2146270930516 -18.2146270930516
1.85 0.1 0.1 8 -12.43169394727499 -12.43169394727499 -12.43169394727499
1.85 0.1 0.01 8 -8.213491838506613 -8.213491838506613 -8.213491838506613
1.85 0.1 0.001 8 -6.092010155552641 -6.092010155552641 -6.092010155552641
1.85 0.01 1.0  8 -20.517212174988202 -20.517212174988202 -20.517212174988202
1.85 0.01 0.1 8 -14.734275450958876 -14.734275450958876 -14.734275450958876
1.85 0.01 0.01 8 -10.515833306121879 -10.515833306121879 -10.515833306121879
1.85 0.01 0.001 8 -8.392561812724583 -8.392561812724583 -8.392561812724583
1.85 1.0  1.0  9 -18.848083611867374 -18.848083611867374 -18.848083611867374
1.85 1.0  0.1 9 -14.08076178101827 -14.08076178101827 -14.08076178101827
1.85 1.0  0.01 9 -8.189271233925586 -8.189271233925586 -8.189271233925586
1.85 1.0  0.001 9 -4.549105896282165 -4.549105896282165 -4.549105896282165
1.85 0.1 1.0  9 -21.150668699001834 -21.150668699001834 -21.150668699001834
1.85 0.1 0.1 9 -16.383346187151492 -16.383346187151492 -16.383346187151492
1.85 0.1 0.01 9 -10.491609935732194 -10.491609935732194 -10.491609935732194
1.85 0.1 0.001 9 -6.842406269214679 -6.842406269214679 -6.842406269214679
1.85 0.01 1.0  9 -23.453253791409 -23.453253791409 -23.453253791409
1.85 0.01 0.1 9 -18.685931211148954 -18.685931211148954 -18.685931211148954
1.85 0.01 0.01 9 -12.794170072159966 -12.794170072159966 -12.794170072159966
1.85 0.01 0.001 9 -9.144032991967709 -9.144032991967709 -9.144032991967709
1.85 1.0  1.0  10 -21.709905796027474 -21.709905796027474 -21.709905796027474
1.85 1.0  0.1 10 -17.08467997967785 -17.08467997967785 -17.08467997967785
1.85 1.0  0.01 10 -12.17164074894407 -12.17164074894407 -12.17164074894407
1.85 1.0  0.001 10 -6.389837520087592 -6.389837520087592 -6.389837520087592
1.85 0.1 1.0  10 -24.01249088868656 -24.01249088868656 -24.01249088868656
1.85 0.1 0.1 10 -19.387265038608877 -19.387265038608877 -19.387265038608877
1.85 0.1 0.01 10 -14.474221250773041 -14.474221250773041 -14.474221250773041
1.85 0.1 0.001 10 -8.690968930609541 -8.690968930609541 -8.690968930609541
1.85 0.01 1.0  10 -26.31507598164706 -26.31507598164706 -26.31507598164706
1.85 0.01 0.1 10 -21.68985012818122 -21.68985012818122 -21.68985012818122
1.85 0.01 0.01 10 -16.776805878673457 -16.776805878673457 -16.776805878673457
1.85 0.01 0.001 10 -10.993403325278324 -10.993403325278324 -10.993403325278324
1.85 1.0  1.0  11 -24.56173398571223 -24.56173398571223 -24.56173398571223
1.85 1.0  0.1 11 -19.953489351882485 -19.953489351882485 -19.953489351882485
1.85 1.0  0.01 11 -15.316195369703513 -15.316195369703513 -15.316195369703513
1.85 1.0  0.001 11 -10.146012262742284 -10.146012262742284 -10.146012262742284
1.85 0.1 1.0  11 -26.864319078686936 -26.864319078686936 -26.864319078686936
1.85 0.1 0.1 11 -22.256074442942893 -22.256074442942893 -22.256074442942893
1.85 0.1 0.01 11 -17.61878026488362 -17.61878026488362 -17.61878026488362
1.85 0.1 0.001 11 -12.44856346222053 -12.44856346222053 -12.44856346222053
1.85 0.01 1.0  11 -29.166904171679043 -29.166904171679043 -29.166904171679043
1.85 0.01 0.1 11 -24.5586595357427 -24.5586595357427 -24.5586595357427
1.85 0.01 0.01 11 -19.92136533783869 -19.92136533783869 -19.92136533783869
1.85 0.01 0.001 11 -14.751145038835245 -14.751145038835245 -14.751145038835245
1.85 1.0  1.0  12 -27.41202071367986 -27.41202071367986 -27.41202071367986
1.85 1.0  0.1 12 -22.806368952497294 -22.806368952497294 -22.806368952497294
1.85 1.0  0.01 12 -18.196351925926404 -18.196351925926404 -18.196351925926404
1.85 1.0  0.001 12 -13.53903884287048 -13.53903884287048 -13.53903884287048
1.85 0.1 1.0  12 -29.714605806672786 -29.714605806672786 -29.714605806672786
1.85 0.1 0.1 12 -25.10895404537981 -25.10895404537981 -25.10895404537981
1.85 0.1 0.01 12 -20.49893700781795 -20.49893700781795 -20.49893700781795
1.85 0.1 0.001 12 -15.841622796876177 -15.841622796876177 -15.841622796876177
1.85 0.01 1.0  12 -32.017190899666716 -32.017190899666716 -32.017190899666716
1.85 0.01 0.1 12 -27.411539138362656 -27.411539138362656 -27.411539138362656
1.85 0.01 0.01 12 -22.80152209968729 -22.80152209968729 -22.80152209968729
1.85 0.01 0.001 12 -18.144207771700497 -18.144207771700497 -18.144207771700497
