0.78 1 1 0 0 0 0
0.78 1 2.71828 0 0.259602 0.249124 0.270348
0.78 1 7.38906 0 0.334583 0.322749 0.346522
0.78 1 20.0855 0 0.377761 0.365343 0.390211
0.78 1 54.5982 0 0.407272 0.395042 0.420072
0.78 1 148.413 0 0.428114 0.415519 0.440868
0.78 1 403.429 0 0.446734 0.43378 0.459492
0.78 1 1096.63 0 0.457839 0.444926 0.470466
0.78 1 2980.96 0 0.46756 0.454698 0.480108
0.78 1 8103.08 0 0.469986 0.457279 0.482742
0.78 1 22026.5 0 0.474921 0.461862 0.487397
0.78 1 59874.1 0 0.477957 0.464863 0.490542
0.78 1 162755 0 0.482214 0.469196 0.49498
0.78 1 442413 0 0.482214 0.469444 0.495031
