0 0
1 0.001144
2 0.000846943
3 0.000628
4 0.000564
5 0.000437472
6 0.00036
7 0.000369472
8 0.000389472
9 0.000373472
10 0.000233472
11 0.000268
12 0.000306943
13 0.000270943
14 0.000296
15 0.000228
16 0.000224
17 0.000237472
18 0.000221472
19 0.000222943
20 0.000169472
21 0.000272
22 0.000237472
23 0.000222943
24 0.000185472
25 0.000229472
26 0.00018
27 0.000212
28 0.000192415
29 0.000228
30 0.000184
31 0.000150943
32 0.000144
33 0.000217472
34 0.000172
35 0.000156
36 0.000185886
37 0.000164541
38 0.000176
39 0.000161472
40 0.000136
41 0.000108
42 0.000117472
43 0.000136
44 0.000172
45 0.000172
46 0.000177472
47 0.000145472
48 0.000152415
49 0.000161472
50 0.000136
51 0.000141472
52 0.000124
53 0.000114943
54 0.000117472
55 0.000152
56 0.00012
57 9.64146e-05
58 0.000121472
59 0.000109472
60 9.6e-05
61 0.000108
62 0.000101472
63 0.000113472
64 0.000165472
65 9.64146e-05
66 0.000113472
67 7.74715e-05
68 0.000125472
69 0.000116
70 0.000132
71 0.000129472
72 9.74715e-05
73 0.0001
74 5.6e-05
75 0.000128
76 8.14715e-05
77 8e-05
78 8e-05
79 0.000117472
80 0.000114943
81 0.000104
82 0.000125472
83 8.4e-05
84 8.8e-05
85 0.00012
86 7.6e-05
87 9.6e-05
88 8.14715e-05
89 0.000124
90 0.0001
91 0.000105472
92 8.6943e-05
93 0.000104
94 0.000112
95 8.8e-05
96 5.64146e-05
97 0.0001
98 7.74715e-05
99 8e-05
100 7.2e-05
101 0.0001
102 7.24146e-05
103 0.000105472
104 0.00012
105 0.000108
106 0.000110943
107 6.54715e-05
108 6.8e-05
109 0.000144
110 8.4e-05
111 0.000102943
112 4.54715e-05
113 9.34715e-05
114 8.8e-05
115 0.000104
116 6.4e-05
117 0.000117472
118 0.000105472
119 7.2e-05
120 7.34715e-05
121 7.6e-05
122 0.000105472
123 6.8e-05
124 6.14715e-05
125 0.000110943
126 0.000116
127 0.000101472
128 9.8943e-05
129 8.85413e-05
130 7.2e-05
131 8.14715e-05
132 8e-05
133 6e-05
134 7.6e-05
135 4.14715e-05
136 6.94715e-05
137 8.4e-05
138 9.94844e-05
139 7.2e-05
140 0.0001
141 0.000109472
142 9.34715e-05
143 9.6e-05
144 6.2943e-05
145 4.6943e-05
146 8.4e-05
147 6.6943e-05
148 6.54715e-05
149 9.6e-05
150 8.94715e-05
151 4e-05
152 8.14715e-05
153 9.6e-05
154 5.34715e-05
155 6.8e-05
156 8.54715e-05
157 7.6e-05
158 6.8e-05
159 7.74715e-05
160 4.2943e-05
161 5.4943e-05
162 7.6e-05
163 8e-05
164 5.2e-05
165 6e-05
166 6.8e-05
167 9.6e-05
168 9.2e-05
169 7.8943e-05
170 8.94715e-05
171 6.4e-05
172 0.000102943
173 7.2e-05
174 4.8e-05
175 6.4e-05
176 8.94715e-05
177 5.2e-05
178 7.6e-05
179 4e-05
180 7.6e-05
181 6.6943e-05
182 9.6e-05
183 4.4e-05
184 9.6e-05
185 4.8e-05
186 4.94715e-05
187 5.74715e-05
188 4.8e-05
189 6.8e-05
190 4.4e-05
191 6.14715e-05
192 8.18861e-05
193 7.4943e-05
194 6.8e-05
195 4.54715e-05
196 3.6e-05
197 9.34715e-05
198 6.4e-05
199 4.4e-05
200 8e-05
201 2.94715e-05
202 6.8e-05
203 4.8e-05
204 8.14715e-05
205 6.58861e-05
206 6.54715e-05
207 6.14715e-05
208 7.34715e-05
209 5.74715e-05
210 6e-05
211 5.34715e-05
212 5.0943e-05
213 6.4e-05
214 6.8e-05
215 8e-05
216 5.4943e-05
217 7.2e-05
218 6e-05
219 5.34715e-05
220 6.4e-05
221 7.0943e-05
222 6e-05
223 5.0943e-05
224 6.4e-05
225 8e-05
226 2.94715e-05
227 6e-05
228 7.2e-05
229 5.4943e-05
230 3.6e-05
231 3.2e-05
232 3.2e-05
233 6.84146e-05
234 6.4e-05
235 7.34715e-05
236 4.6943e-05
237 8.4e-05
238 3.2e-05
239 3.34715e-05
240 5.74715e-05
241 6.6943e-05
242 6.4e-05
243 5.74715e-05
244 2.8e-05
245 6.54715e-05
246 6.14715e-05
247 4.34844e-05
248 4.8e-05
249 5.74715e-05
250 8.04146e-05
251 6.8e-05
252 6e-05
253 3.74715e-05
254 5.74715e-05
255 6.14715e-05
256 5.2e-05
257 4.4e-05
258 6.4e-05
259 6e-05
260 4.8e-05
261 6.4e-05
262 6.4e-05
263 5.74715e-05
264 3.34715e-05
265 5.0943e-05
266 5.6e-05
267 3.6e-05
268 6.8e-05
269 3.2e-05
270 5.74715e-05
271 4e-05
272 6.6943e-05
273 5.34715e-05
274 5.2e-05
275 3.6e-05
276 4.94715e-05
277 3.6e-05
278 4e-05
279 4e-05
280 3.8943e-05
281 5.74715e-05
282 7.2e-05
283 4.94715e-05
284 4.8e-05
285 5.94844e-05
286 8.14715e-05
287 4.54715e-05
288 6.4e-05
289 5.8943e-05
290 2.54715e-05
291 7.6e-05
292 3.74715e-05
293 4.4e-05
294 6.45413e-05
295 3.2e-05
296 5.64146e-05
297 3.6e-05
298 5.34715e-05
299 4.4e-05
300 3.34715e-05
301 4.94715e-05
302 6.94715e-05
303 4.2943e-05
304 4.44146e-05
305 4.4e-05
306 1.6e-05
307 5.34715e-05
308 6e-05
309 3.74715e-05
310 4.8e-05
311 5.6e-05
312 6.8e-05
313 5.4943e-05
314 6.8e-05
315 7.2e-05
316 4.14715e-05
317 7.2e-05
318 6.8e-05
319 2.4e-05
320 5.6e-05
321 5.74715e-05
322 6.4e-05
323 3.6e-05
324 6.4e-05
325 2.8e-05
326 4.8e-05
327 5.34715e-05
328 3.8943e-05
329 4.44146e-05
330 4e-05
331 5.34715e-05
332 4.8e-05
333 3.6e-05
334 7.6e-05
335 4.54715e-05
336 4e-05
337 2e-05
338 2.8e-05
339 4.8e-05
340 6e-05
341 5.34715e-05
342 6e-05
343 6.04146e-05
344 3.2e-05
345 3.6e-05
346 4.4e-05
347 7.74715e-05
348 4e-05
349 4.8e-05
350 2.8e-05
351 5.0943e-05
352 2.8e-05
353 3.2e-05
354 4.94715e-05
355 6.54715e-05
356 5.2e-05
357 4.05413e-05
358 3.6e-05
359 6.8e-05
360 5.2e-05
361 6.4e-05
362 4.14715e-05
363 4.8e-05
364 2.4e-05
365 4.4e-05
366 4.4e-05
367 6.6943e-05
368 7.2e-05
369 4.54715e-05
370 4e-05
371 6.4e-05
372 4e-05
373 3.2e-05
374 3.8943e-05
375 4e-05
376 5.2e-05
377 4.4e-05
378 5.78861e-05
379 4.8e-05
380 4.4e-05
381 6.4e-05
382 5.74715e-05
383 3.34715e-05
384 2.14715e-05
385 3.65413e-05
386 4.14715e-05
387 3.2e-05
388 5.80129e-05
389 3.6e-05
390 8e-05
391 5.2e-05
392 4.2943e-05
393 5.0943e-05
394 3.6e-05
395 5.0943e-05
396 3.34715e-05
397 4e-05
398 5.34715e-05
399 3.0943e-05
400 4.94715e-05
401 6.14715e-05
402 1.74715e-05
403 3.34715e-05
404 4.94715e-05
405 3.74715e-05
406 5.34715e-05
407 3.2e-05
408 4e-05
409 3.78861e-05
410 3.4943e-05
411 2.54715e-05
412 5.34715e-05
413 3.4943e-05
414 3.34715e-05
415 4e-05
416 5.74715e-05
417 4.8e-05
418 5.64146e-05
419 4.94715e-05
420 2e-05
421 5.2e-05
422 5.34715e-05
423 3.0943e-05
424 5.2e-05
425 3.74715e-05
426 4.8e-05
427 2.8e-05
428 3.6e-05
429 4e-05
430 4e-05
431 6e-05
432 2e-05
433 7.6e-05
434 2.4e-05
435 2.6943e-05
436 4.60129e-05
437 3.0943e-05
438 2.54715e-05
439 2.4e-05
440 4.4e-05
441 2.2943e-05
442 5.6e-05
443 6.4e-05
444 3.2e-05
445 4.54715e-05
446 3.34715e-05
447 2.84146e-05
448 3.6e-05
449 2.94715e-05
450 2.8e-05
451 5.6e-05
452 3.2e-05
453 2.4e-05
454 4.54715e-05
455 6e-05
456 5.2e-05
457 6e-05
458 7.6e-05
459 4.8e-05
460 4.8e-05
461 4.54715e-05
462 4.8e-05
463 3.2e-05
464 3.34715e-05
465 3.8943e-05
466 4.4e-05
467 2e-05
468 4.4e-05
469 4.2943e-05
470 3.2e-05
471 4.8e-05
472 2e-05
473 3.2e-05
474 4.4e-05
475 2.54715e-05
476 5.8943e-05
477 3.2e-05
478 3.6e-05
479 3.64146e-05
480 6.4e-05
481 2.14715e-05
482 3.6e-05
483 4e-05
484 2.94715e-05
485 4.14715e-05
486 2.94715e-05
487 3.74715e-05
488 3.2e-05
489 8e-06
490 3.6e-05
491 3.8943e-05
492 4e-05
493 5.6e-05
494 5.2e-05
495 3.2e-05
496 5.2e-05
497 5.54844e-05
498 4.4e-05
499 4.2943e-05
500 3.2e-05
501 2.4e-05
502 4.44146e-05
503 3.2e-05
504 4.4e-05
505 2e-05
506 3.6e-05
507 2.8e-05
508 6.8e-05
509 3.34715e-05
510 4e-05
511 3.6e-05
512 1.74715e-05
513 3.6e-05
514 2e-05
515 2.4e-05
516 2.4e-05
517 3.2e-05
518 3.6e-05
519 3.6e-05
520 2.94715e-05
521 4e-05
522 3.6e-05
523 5.34715e-05
524 4.54715e-05
525 1.2e-05
526 3.74715e-05
527 2e-05
528 4.8e-05
529 2.54715e-05
530 4.94715e-05
531 4.4e-05
532 5.74715e-05
533 4.2943e-05
534 2.4e-05
535 4e-05
536 3.0943e-05
537 4.14715e-05
538 3.2e-05
539 3.2e-05
540 2.54715e-05
541 3.6e-05
542 4.01991e-05
543 3.2e-05
544 4e-05
545 3.2e-05
546 4.94715e-05
547 4.54715e-05
548 4.4e-05
549 3.2e-05
550 2.4e-05
551 2.4e-05
552 3.2e-05
553 3.6e-05
554 4.14715e-05
555 4.2943e-05
556 3.6e-05
557 4.14715e-05
558 4.4e-05
559 1.6e-05
560 3.74715e-05
561 2.20129e-05
562 4.4e-05
563 6e-05
564 4.4e-05
565 2e-05
566 2.94715e-05
567 2.6943e-05
568 3.34715e-05
569 3.6e-05
570 2.4e-05
571 2.44146e-05
572 3.4943e-05
573 5.6e-05
574 4.4e-05
575 3.2e-05
576 2.8e-05
577 3.2e-05
578 4e-05
579 3.74715e-05
580 2.8e-05
581 3.34715e-05
582 4.54715e-05
583 3.74715e-05
584 2.54715e-05
585 4.14715e-05
586 2.94715e-05
587 1.6e-05
588 3.00129e-05
589 4.2943e-05
590 2.14715e-05
591 5.2e-05
592 3.2e-05
593 4e-05
594 3.74715e-05
595 2e-05
596 2.4e-05
597 3.6e-05
598 2.6943e-05
599 3.8943e-05
600 4.4e-05
601 2e-05
602 2.8e-05
603 2.94715e-05
604 4.4e-05
605 4.8e-05
606 2.8e-05
607 4.54715e-05
608 3.4943e-05
609 2.14715e-05
610 2.8e-05
611 2e-05
612 3.6e-05
613 4.8e-05
614 2.94715e-05
615 2.2943e-05
616 2.94715e-05
617 1.2e-05
618 4.94715e-05
619 2.14715e-05
620 2e-05
621 4.94715e-05
622 5.6e-05
623 3.0943e-05
624 4.14715e-05
625 2.8e-05
626 3.2e-05
627 2e-05
628 2.94715e-05
629 5.6e-05
630 4e-05
631 3.2e-05
632 4e-05
633 5.34715e-05
634 2.14715e-05
635 3.34715e-05
636 2.8e-05
637 2.8e-05
638 4e-05
639 2.14715e-05
640 2.8e-05
641 3.74715e-05
642 2.2943e-05
643 2e-05
644 2.8e-05
645 2.4e-05
646 1.34715e-05
647 4e-05
648 2e-05
649 3.6e-05
650 3.6e-05
651 4e-05
652 3.34715e-05
653 2.14715e-05
654 4e-05
655 5.47152e-06
656 2.94715e-05
657 4e-05
658 2.4e-05
659 2.4e-05
660 2e-05
661 2.8e-05
662 4.54715e-05
663 5.34715e-05
664 1.6e-05
665 3.74715e-05
666 4.8e-05
667 3.24146e-05
668 2.14715e-05
669 3.6e-05
670 3.74715e-05
671 2.8e-05
672 4.14715e-05
673 3.34715e-05
674 2.4e-05
675 3.74715e-05
676 2.14715e-05
677 3.34715e-05
678 4e-05
679 2.4e-05
680 2.8e-05
681 3.00129e-05
682 3.14844e-05
683 3.2e-05
684 4e-05
685 2.14715e-05
686 2.14715e-05
687 2.6943e-05
688 4.94715e-05
689 2.8e-05
690 2.8e-05
691 4.04146e-05
692 3.34715e-05
693 4e-05
694 3.8943e-05
695 4e-05
696 4e-05
697 5.2e-05
698 2.2943e-05
699 2.54715e-05
700 2e-05
701 2.94715e-05
702 4.2943e-05
703 3.0943e-05
704 2.94715e-05
705 3.74715e-05
706 4e-05
707 5.2e-05
708 1.34715e-05
709 4.14715e-05
710 2.4e-05
711 3.34715e-05
712 2.4e-05
713 5.2e-05
714 3.2e-05
715 4e-05
716 3.6e-05
717 4.8e-05
718 2.4e-05
719 4.54715e-05
720 2e-05
721 5.6e-05
722 3.74715e-05
723 2.54715e-05
724 3.6e-05
725 1.6e-05
726 5.2e-05
727 2.4e-05
728 2.4e-05
729 1.6e-05
730 4e-05
731 2.8e-05
732 4.2943e-05
733 5.4943e-05
734 2.8e-05
735 2e-05
736 3.0943e-05
737 2.8e-05
738 2e-05
739 3.2e-05
740 2.8e-05
741 3.0943e-05
742 2.14715e-05
743 5.2e-05
744 5.2e-05
745 1.6e-05
746 3.0943e-05
747 3.34715e-05
748 3.6e-05
749 1.4943e-05
750 2.14715e-05
751 3.74715e-05
752 4.14715e-05
753 1.74715e-05
754 4.4e-05
755 4.2943e-05
756 2e-05
757 4.14715e-05
758 4e-05
759 2.4e-05
760 2.54715e-05
761 4.14715e-05
762 4e-05
763 1.2e-05
764 1.34715e-05
765 3.0943e-05
766 4.4e-05
767 2.2943e-05
768 2.94715e-05
769 9.47152e-06
770 2.2943e-05
771 3.4943e-05
772 3.34715e-05
773 3.34715e-05
774 2.8e-05
775 3.34715e-05
776 2.8e-05
777 2.8e-05
778 4e-05
779 6.54715e-05
780 3.4943e-05
781 1.2e-05
782 2.8e-05
783 2e-05
784 2.94715e-05
785 4.54715e-05
786 4.4e-05
787 3.34715e-05
788 2.94715e-05
789 3.34715e-05
790 1.2e-05
791 2e-05
792 2.4e-05
793 4.8e-05
794 3.2e-05
795 2.54715e-05
796 2e-05
797 4.14715e-05
798 2e-05
799 2.8e-05
800 2.14715e-05
801 2.4e-05
802 4.14715e-05
803 1.6e-05
804 2.8e-05
805 3.74715e-05
806 2.4e-05
807 2.01991e-05
808 4e-05
809 4.54715e-05
810 3.34715e-05
811 3.74715e-05
812 2.94715e-05
813 3.6e-05
814 2.4e-05
815 2.14715e-05
816 2.54715e-05
817 3.6e-05
818 2e-05
819 2.94715e-05
820 3.34715e-05
821 3.0943e-05
822 3.34715e-05
823 2.94715e-05
824 2.94715e-05
825 1.74715e-05
826 2.8e-05
827 2e-05
828 4.8e-05
829 9.47152e-06
830 2.4e-05
831 2.4e-05
832 2.4e-05
833 3.34715e-05
834 3.2e-05
835 2.2943e-05
836 2.6943e-05
837 2.4e-05
838 2.45413e-05
839 3.2e-05
840 2.94715e-05
841 4.14715e-05
842 3.2e-05
843 3.24146e-05
844 2.8e-05
845 4e-05
846 1.6e-05
847 4e-05
848 3.34715e-05
849 3.2e-05
850 4.94715e-05
851 2.14715e-05
852 2.54715e-05
853 3.74715e-05
854 4e-05
855 3.2e-05
856 2.54715e-05
857 3.34715e-05
858 2e-05
859 2e-05
860 2.94715e-05
861 2.45413e-05
862 1.2e-05
863 2.54715e-05
864 2.4e-05
865 3.6e-05
866 3.2e-05
867 2.54715e-05
868 2.8e-05
869 8e-06
870 3.6e-05
871 3.2e-05
872 2.14715e-05
873 3.6e-05
874 2.94715e-05
875 1.2e-05
876 4.8e-05
877 2.4e-05
878 2.8e-05
879 2.4e-05
880 2.4e-05
881 2e-05
882 4e-05
883 3.6e-05
884 3.24146e-05
885 2.8e-05
886 3.34715e-05
887 4e-05
888 2.8e-05
889 4.2943e-05
890 2.54715e-05
891 1.6e-05
892 2e-05
893 1.6e-05
894 3.34715e-05
895 2.4e-05
896 3.2e-05
897 2.14715e-05
898 2e-05
899 3.0943e-05
900 1.2e-05
901 2.4e-05
902 2.6943e-05
903 1.6e-05
904 3.0943e-05
905 2.14715e-05
906 1.34715e-05
907 2.8e-05
908 8e-06
909 2e-05
910 2.4e-05
911 3.6e-05
912 2.14715e-05
913 3.8943e-05
914 3.6e-05
915 2e-05
916 2.4e-05
917 2.05413e-05
918 1.6e-05
919 3.2e-05
920 4.14715e-05
921 1.6e-05
922 3.0943e-05
923 2.54715e-05
924 4.14715e-05
925 2.8e-05
926 2e-05
927 3.2e-05
928 4.4e-05
929 4.4e-05
930 1.2e-05
931 1.4943e-05
932 1.2e-05
933 0
934 2.14715e-05
935 2.6943e-05
936 3.25413e-05
937 2e-05
938 2.54715e-05
939 2.14715e-05
940 2.14715e-05
941 4.14715e-05
942 1.6e-05
943 2.2943e-05
944 3.2e-05
945 2.94715e-05
946 3.2e-05
947 3.74715e-05
948 1.74715e-05
949 2.4e-05
950 3.6e-05
951 3.2e-05
952 1.2e-05
953 2e-05
954 2.2943e-05
955 2.94715e-05
956 1.74715e-05
957 4.14715e-05
958 5.34715e-05
959 2.8e-05
960 3.34715e-05
961 5.0943e-05
962 2.54715e-05
963 5.2e-05
964 1.25413e-05
965 9.47152e-06
966 2e-05
967 3.2e-05
968 2e-05
969 1.6e-05
970 2e-05
971 1.2e-05
972 1.6e-05
973 2.8e-05
974 1.6e-05
975 1.4943e-05
976 2.94715e-05
977 1.34715e-05
978 1.6e-05
979 8e-06
980 2.94715e-05
981 3.6e-05
982 1.2e-05
983 4.4e-05
984 3.74715e-05
985 3.4943e-05
986 2.54715e-05
987 3.6e-05
988 3.2e-05
989 2.8e-05
990 3.6e-05
991 4.8e-05
992 3.2e-05
993 2.8e-05
994 2.8e-05
995 2.4e-05
996 2.4e-05
997 4.4e-05
998 4.2943e-05
999 0
