0 0
1 1.192e-05
2 7.68e-06
3 6.52e-06
4 5.36e-06
5 5.0396e-06
6 4.2792e-06
7 4.08e-06
8 3.4796e-06
9 3.44e-06
10 3.32e-06
11 2.2e-06
12 2.9996e-06
13 2.7196e-06
14 2.7596e-06
15 2.5592e-06
16 3.1592e-06
17 2.2e-06
18 2.0396e-06
19 2.1192e-06
20 2.0796e-06
21 1.8392e-06
22 2.1996e-06
23 2.12e-06
24 2.0792e-06
25 2.2e-06
26 2.0392e-06
27 1.56e-06
28 2.04e-06
29 1.7192e-06
30 2.1996e-06
31 1.9596e-06
32 1.7996e-06
33 1.72e-06
34 1.6796e-06
35 1.96e-06
36 1.9196e-06
37 1.6e-06
38 1.44e-06
39 1.56e-06
40 1.6392e-06
41 1.5192e-06
42 1.4396e-06
43 1.8396e-06
44 1.96e-06
45 1.67881e-06
46 1.87881e-06
47 1.4396e-06
48 9.2e-07
49 1.36e-06
50 1.3596e-06
51 1.1996e-06
52 1.52e-06
53 1.28e-06
54 1.1996e-06
55 1.32e-06
56 1.4796e-06
57 8.39602e-07
58 1e-06
59 1.4796e-06
60 9.59602e-07
61 8.79602e-07
62 1.1196e-06
63 1.3596e-06
64 1.08e-06
65 1.3192e-06
66 1.04e-06
67 1.35881e-06
68 7.19204e-07
69 1.04e-06
70 1.28e-06
71 1.04e-06
72 1.1596e-06
73 9.19602e-07
74 1.12e-06
75 1.44e-06
76 1.1196e-06
77 1e-06
78 8.4e-07
79 1.1196e-06
80 1.64e-06
81 1.5592e-06
82 8.4e-07
83 1.0396e-06
84 7.6e-07
85 1e-06
86 9.6e-07
87 1.0796e-06
88 9.19602e-07
89 7.19602e-07
90 1.0396e-06
91 9.6e-07
92 8.8e-07
93 1.1996e-06
94 9.58806e-07
95 8.79602e-07
96 9.2e-07
97 7.99602e-07
98 8.39602e-07
99 5.59602e-07
100 1.3592e-06
101 6.79602e-07
102 1.1192e-06
103 7.2e-07
104 8.39602e-07
105 9.2e-07
106 7.98806e-07
107 8.4e-07
108 8.4e-07
109 9.6e-07
110 1.1596e-06
111 8.39602e-07
112 7.6e-07
113 7.19602e-07
114 7.19602e-07
115 7.2e-07
116 9.19204e-07
117 8.79204e-07
118 6.79204e-07
119 6e-07
120 9.2e-07
121 9.2e-07
122 8e-07
123 9.2e-07
124 9.2e-07
125 9.99602e-07
126 1.04e-06
127 8.79602e-07
128 5.19602e-07
129 6.8e-07
130 8.39602e-07
131 1.07881e-06
132 7.2e-07
133 7.6e-07
134 1.04e-06
135 5.2e-07
136 6.4e-07
137 4.39602e-07
138 7.99602e-07
139 8.79602e-07
140 5.2e-07
141 9.2e-07
142 5.2e-07
143 9.2e-07
144 9.99204e-07
145 9.6e-07
146 9.59204e-07
147 6.8e-07
148 7.2e-07
149 1.1196e-06
150 1.0392e-06
151 7.98806e-07
152 8.39602e-07
153 7.99204e-07
154 8.79602e-07
155 6e-07
156 5.19602e-07
157 8.4e-07
158 8.4e-07
159 9.59602e-07
160 9.19204e-07
161 9.19602e-07
162 6e-07
163 6.79204e-07
164 6e-07
165 6e-07
166 6.79602e-07
167 6.39204e-07
168 6.8e-07
169 8.8e-07
170 7.19602e-07
171 5.99602e-07
172 6.39204e-07
173 7.59602e-07
174 9.99602e-07
175 8.8e-07
176 8.79602e-07
177 8.38806e-07
178 5.59602e-07
179 6e-07
180 4.8e-07
181 4.39602e-07
182 7.19204e-07
183 7.59602e-07
184 5.6e-07
185 1.12e-06
186 4.4e-07
187 4.4e-07
188 6e-07
189 6.39204e-07
190 5.6e-07
191 5.2e-07
192 1.04e-06
193 7.2e-07
194 7.99602e-07
195 7.59602e-07
196 4.79602e-07
197 6.4e-07
198 7.99204e-07
199 5.99204e-07
200 5.99204e-07
201 5.2e-07
202 8e-07
203 6.4e-07
204 6.4e-07
205 9.2e-07
206 6.39602e-07
207 3.2e-07
208 5.6e-07
209 6e-07
210 4.7881e-07
211 7.19602e-07
212 9.59602e-07
213 5.59204e-07
214 7.2e-07
215 5.6e-07
216 7.2e-07
217 7.19602e-07
218 5.99602e-07
219 7.99204e-07
220 1.6e-07
221 9.19602e-07
222 7.99602e-07
223 7.6e-07
224 5.19602e-07
225 3.99602e-07
226 6.8e-07
227 7.2e-07
228 5.6e-07
229 6.39208e-07
230 5.19602e-07
231 5.59602e-07
232 5.99602e-07
233 3.2e-07
234 6.79204e-07
235 5.5881e-07
236 5.19602e-07
237 8.39602e-07
238 2.8e-07
239 7.99204e-07
240 5.19602e-07
241 6.39204e-07
242 3.99602e-07
243 4e-07
244 7.99602e-07
245 5.19602e-07
246 4.79602e-07
247 5.6e-07
248 6.4e-07
249 8e-07
250 6.78806e-07
251 7.99602e-07
252 3.59602e-07
253 7.58806e-07
254 3.99602e-07
255 4e-07
256 5.2e-07
257 6.4e-07
258 5.99602e-07
259 4.39602e-07
260 5.19602e-07
261 7.2e-07
262 7.2e-07
263 2.8e-07
264 4e-07
265 6.4e-07
266 6.4e-07
267 3.6e-07
268 5.99602e-07
269 6.79602e-07
270 6e-07
271 3.19602e-07
272 5.99602e-07
273 4e-07
274 5.99204e-07
275 4.8e-07
276 5.2e-07
277 5.2e-07
278 6.4e-07
279 3.6e-07
280 5.19602e-07
281 6.39602e-07
282 2.8e-07
283 4.4e-07
284 6.8e-07
285 6.39204e-07
286 4e-07
287 6e-07
288 5.58806e-07
289 4.8e-07
290 5.2e-07
291 7.2e-07
292 5.19602e-07
293 7.59602e-07
294 2.79602e-07
295 4.4e-07
296 5.99204e-07
297 3.2e-07
298 5.19602e-07
299 4.8e-07
300 5.59602e-07
301 3.6e-07
302 4e-07
303 6.8e-07
304 6.79204e-07
305 4e-07
306 4.79602e-07
307 3.59204e-07
308 4.8e-07
309 6.39602e-07
310 4.79602e-07
311 3.19602e-07
312 7.19602e-07
313 6.8e-07
314 5.59602e-07
315 3.2e-07
316 3.59602e-07
317 4e-07
318 4.4e-07
319 3.2e-07
320 4.79602e-07
321 5.19602e-07
322 4.8e-07
323 5.59204e-07
324 5.19602e-07
325 3.59602e-07
326 5.99602e-07
327 7.6e-07
328 5.19602e-07
329 3.98806e-07
330 3.6e-07
331 3.99602e-07
332 3.99602e-07
333 4.39602e-07
334 4.8e-07
335 2.8e-07
336 4.4e-07
337 3.19602e-07
338 4.39602e-07
339 4.79602e-07
340 6.79602e-07
341 5.6e-07
342 6.79602e-07
343 6e-07
344 4e-07
345 3.99602e-07
346 4.4e-07
347 4.4e-07
348 3.19602e-07
349 5.59602e-07
350 3.99602e-07
351 4.8e-07
352 4.8e-07
353 1.59204e-07
354 4.79602e-07
355 5.2e-07
356 3.99602e-07
357 3.6e-07
358 5.19602e-07
359 4.4e-07
360 4.39602e-07
361 6.79204e-07
362 4.8e-07
363 6e-07
364 5.99602e-07
365 2.79602e-07
366 6e-07
367 7.59602e-07
368 6.8e-07
369 4.79602e-07
370 3.6e-07
371 5.99204e-07
372 5.59204e-07
373 6.39204e-07
374 3.59204e-07
375 3.99602e-07
376 6.4e-07
377 5.19602e-07
378 6e-07
379 3.2e-07
380 5.6e-07
381 4e-07
382 5.59602e-07
383 4e-07
384 6.39602e-07
385 3.6e-07
386 2.79204e-07
387 4.4e-07
388 5.59602e-07
389 4.4e-07
390 3.2e-07
391 5.99602e-07
392 3.19204e-07
393 4e-07
394 5.6e-07
395 4.8e-07
396 6.39204e-07
397 4.79204e-07
398 2.8e-07
399 5.6e-07
400 5.19602e-07
401 7.19602e-07
402 4.4e-07
403 5.59602e-07
404 2.39602e-07
405 5.19204e-07
406 5.19204e-07
407 3.19602e-07
408 4.39602e-07
409 5.59602e-07
410 5.98806e-07
411 3.2e-07
412 3.2e-07
413 7.6e-07
414 4.78806e-07
415 5.19602e-07
416 4.79602e-07
417 4.79602e-07
418 3.19602e-07
419 2e-07
420 3.6e-07
421 3.6e-07
422 2.4e-07
423 6e-07
424 5.99602e-07
425 3.99602e-07
426 1.99602e-07
427 4e-07
428 3.99602e-07
429 2.4e-07
430 5.6e-07
431 5.2e-07
432 3.6e-07
433 4e-07
434 5.19602e-07
435 3.6e-07
436 2.39602e-07
437 4e-07
438 4.8e-07
439 4.39602e-07
440 5.6e-07
441 4.4e-07
442 3.2e-07
443 4.4e-07
444 2.39204e-07
445 4.4e-07
446 5.2e-07
447 4e-07
448 4.4e-07
449 4.39204e-07
450 7.99602e-07
451 3.2e-07
452 2.39602e-07
453 5.2e-07
454 3.99602e-07
455 4.4e-07
456 6.4e-07
457 4.79204e-07
458 4.4e-07
459 3.59602e-07
460 5.19204e-07
461 5.19602e-07
462 6e-07
463 2.8e-07
464 3.19602e-07
465 3.19602e-07
466 4e-07
467 4.79602e-07
468 4e-07
469 8.39602e-07
470 4.79602e-07
471 4.79602e-07
472 2.4e-07
473 3.6e-07
474 3.2e-07
475 4.39204e-07
476 3.6e-07
477 1.6e-07
478 3.99602e-07
479 4e-07
480 3.19602e-07
481 5.59204e-07
482 3.6e-07
483 4.79204e-07
484 3.6e-07
485 4e-07
486 2.79602e-07
487 4e-07
488 3.2e-07
489 4.79602e-07
490 3.1881e-07
491 2.8e-07
492 2.79602e-07
493 4e-07
494 5.2e-07
495 2e-07
496 5.99204e-07
497 2.8e-07
498 6e-07
499 4.4e-07
500 2.8e-07
501 2.39208e-07
502 2.8e-07
503 2.4e-07
504 4.8e-07
505 3.2e-07
506 3.6e-07
507 2.8e-07
508 4e-07
509 6.78806e-07
510 4.79602e-07
511 1.6e-07
512 5.6e-07
513 3.6e-07
514 7.6e-07
515 4.4e-07
516 5.19602e-07
517 2.39204e-07
518 3.2e-07
519 5.2e-07
520 3.19602e-07
521 3.2e-07
522 2.39602e-07
523 4.8e-07
524 3.99602e-07
525 2.39602e-07
526 3.99208e-07
527 4.4e-07
528 4.4e-07
529 6.39602e-07
530 5.2e-07
531 3.6e-07
532 5.2e-07
533 4.4e-07
534 2.8e-07
535 3.2e-07
536 3.2e-07
537 2e-07
538 4e-07
539 4.4e-07
540 5.6e-07
541 2.4e-07
542 4e-07
543 3.19602e-07
544 1.2e-07
545 5.19602e-07
546 5.19602e-07
547 3.2e-07
548 4.39602e-07
549 3.6e-07
550 3.6e-07
551 2.8e-07
552 4e-07
553 5.59602e-07
554 3.6e-07
555 3.2e-07
556 3.2e-07
557 5.2e-07
558 2.8e-07
559 3.6e-07
560 3.6e-07
561 5.58806e-07
562 1.19602e-07
563 3.99602e-07
564 4.4e-07
565 4.39602e-07
566 1.99204e-07
567 2.79602e-07
568 2.79602e-07
569 3.19204e-07
570 5.19602e-07
571 4.8e-07
572 2.4e-07
573 4.79602e-07
574 2.39602e-07
575 2.8e-07
576 4.79204e-07
577 6.8e-07
578 4.8e-07
579 5.19602e-07
580 3.6e-07
581 2.79602e-07
582 2e-07
583 3.2e-07
584 3.6e-07
585 2.4e-07
586 2.79602e-07
587 3.99204e-07
588 3.6e-07
589 1.6e-07
590 2.4e-07
591 4.8e-07
592 3.6e-07
593 2.8e-07
594 4e-07
595 4.79602e-07
596 2.39208e-07
597 4e-07
598 3.59602e-07
599 1.2e-07
600 4.79602e-07
601 3.99602e-07
602 4.8e-07
603 4e-07
604 1.99602e-07
605 5.2e-07
606 3.2e-07
607 2.39602e-07
608 5.59602e-07
609 3.99602e-07
610 2.8e-07
611 4.39204e-07
612 3.2e-07
613 3.99602e-07
614 4.39602e-07
615 4.8e-07
616 4e-07
617 5.18806e-07
618 2.8e-07
619 3.19208e-07
620 2.8e-07
621 4.4e-07
622 5.19602e-07
623 2.8e-07
624 3.6e-07
625 5.9801e-07
626 2.8e-07
627 5.99204e-07
628 2.8e-07
629 2e-07
630 3.2e-07
631 4e-07
632 8e-08
633 2.4e-07
634 4e-07
635 4.4e-07
636 5.2e-07
637 2.8e-07
638 3.99204e-07
639 3.99602e-07
640 4.79602e-07
641 3.59602e-07
642 3.2e-07
643 5.59602e-07
644 4.39204e-07
645 2e-07
646 2.8e-07
647 3.59602e-07
648 2.4e-07
649 1.99602e-07
650 3.19602e-07
651 5.6e-07
652 4.79602e-07
653 3.19602e-07
654 4.39602e-07
655 5.19208e-07
656 3.59602e-07
657 4.39602e-07
658 2.79602e-07
659 3.59602e-07
660 3.19602e-07
661 2.39602e-07
662 5.59602e-07
663 2.4e-07
664 4.39602e-07
665 3.99602e-07
666 3.6e-07
667 3.19602e-07
668 4.79204e-07
669 4.3881e-07
670 2.4e-07
671 2.39602e-07
672 2.39602e-07
673 3.19602e-07
674 3.19602e-07
675 5.19204e-07
676 3.19602e-07
677 1.99204e-07
678 2.4e-07
679 3.19602e-07
680 4.4e-07
681 2.38806e-07
682 2.79204e-07
683 3.6e-07
684 2.79602e-07
685 3.59602e-07
686 2.39602e-07
687 2.4e-07
688 2e-07
689 4e-07
690 3.99602e-07
691 4e-07
692 2e-07
693 5.19602e-07
694 3.2e-07
695 1.99602e-07
696 3.2e-07
697 2e-07
698 3.2e-07
699 4.39602e-07
700 2.8e-07
701 2.79602e-07
702 2.79602e-07
703 5.19602e-07
704 1.59602e-07
705 2.4e-07
706 3.59602e-07
707 4.8e-07
708 1.6e-07
709 3.2e-07
710 2.4e-07
711 3.99602e-07
712 3.59602e-07
713 3.19602e-07
714 2e-07
715 4e-07
716 2.4e-07
717 4.4e-07
718 2.4e-07
719 4.8e-07
720 4e-07
721 4e-07
722 2.39602e-07
723 2.79602e-07
724 3.99602e-07
725 2e-07
726 3.19602e-07
727 4.4e-07
728 1.6e-07
729 3.19204e-07
730 3.99208e-07
731 3.59602e-07
732 4e-07
733 2.8e-07
734 2.4e-07
735 3.6e-07
736 3.19602e-07
737 3.99204e-07
738 3.6e-07
739 5.19204e-07
740 3.59602e-07
741 3.59602e-07
742 2.8e-07
743 3.2e-07
744 2.4e-07
745 4.79602e-07
746 3.2e-07
747 2.39204e-07
748 4e-07
749 2.8e-07
750 1.99602e-07
751 3.2e-07
752 4e-07
753 1.59602e-07
754 3.99602e-07
755 3.19602e-07
756 2.8e-07
757 3.99602e-07
758 3.6e-07
759 3.59602e-07
760 5.19602e-07
761 2.79602e-07
762 1.6e-07
763 3.19602e-07
764 3.2e-07
765 2.39602e-07
766 1.59602e-07
767 4.4e-07
768 2.4e-07
769 2.4e-07
770 5.6e-07
771 2e-07
772 3.6e-07
773 1.6e-07
774 3.19602e-07
775 4e-07
776 2.39602e-07
777 2.4e-07
778 3.2e-07
779 3.2e-07
780 3.2e-07
781 3.2e-07
782 1.6e-07
783 3.19602e-07
784 2.4e-07
785 3.99602e-07
786 3.98806e-07
787 2.39602e-07
788 4.79204e-07
789 2.8e-07
790 3.19204e-07
791 4.78806e-07
792 2.4e-07
793 4.39602e-07
794 1.2e-07
795 2.8e-07
796 2.4e-07
797 2.8e-07
798 4.39602e-07
799 4.39204e-07
800 2.79602e-07
801 5.6e-07
802 4.8e-07
803 3.59204e-07
804 2e-07
805 3.6e-07
806 1.6e-07
807 4.39204e-07
808 3.59602e-07
809 2.39602e-07
810 1.6e-07
811 4.39602e-07
812 3.6e-07
813 3.59204e-07
814 2.79602e-07
815 3.2e-07
816 1.6e-07
817 3.6e-07
818 2.8e-07
819 4.79602e-07
820 1.6e-07
821 3.19602e-07
822 3.59204e-07
823 1.6e-07
824 2.39204e-07
825 2.79602e-07
826 3.2e-07
827 6e-07
828 3.6e-07
829 4.4e-07
830 4e-07
831 3.99204e-07
832 4.79204e-07
833 2.79602e-07
834 1.99602e-07
835 3.6e-07
836 3.2e-07
837 2.4e-07
838 5.19204e-07
839 2e-07
840 3.6e-07
841 3.6e-07
842 3.6e-07
843 4.39602e-07
844 3.6e-07
845 1.6e-07
846 1.99602e-07
847 2e-07
848 2.39602e-07
849 3.19602e-07
850 2.79602e-07
851 2e-07
852 2.79602e-07
853 3.2e-07
854 2.39602e-07
855 2.39602e-07
856 3.2e-07
857 1.19602e-07
858 4.39602e-07
859 1.6e-07
860 3.59204e-07
861 1.59208e-07
862 2.79602e-07
863 3.6e-07
864 3.6e-07
865 1.59602e-07
866 1.99602e-07
867 2.4e-07
868 4.4e-07
869 2e-07
870 2.8e-07
871 2.4e-07
872 2e-07
873 3.6e-07
874 3.19602e-07
875 2.8e-07
876 0
877 3.19204e-07
878 3.2e-07
879 2.8e-07
880 3.6e-07
881 2.4e-07
882 3.6e-07
883 2.4e-07
884 2.39602e-07
885 5.58806e-07
886 4.4e-07
887 2.4e-07
888 3.59602e-07
889 3.59602e-07
890 1.6e-07
891 2e-07
892 2.4e-07
893 3.19204e-07
894 3.2e-07
895 3.58806e-07
896 4e-07
897 2.79602e-07
898 2.39204e-07
899 3.2e-07
900 2.79602e-07
901 3.2e-07
902 3.19602e-07
903 1.6e-07
904 3.2e-07
905 1.99602e-07
906 2.8e-07
907 2.79602e-07
908 4e-07
909 3.19602e-07
910 2.39602e-07
911 1.2e-07
912 1.2e-07
913 3.99602e-07
914 1.59204e-07
915 2e-07
916 2.79602e-07
917 3.2e-07
918 2e-07
919 3.2e-07
920 3.6e-07
921 3.2e-07
922 1.19602e-07
923 3.59602e-07
924 2.79204e-07
925 3.59602e-07
926 2.8e-07
927 3.59602e-07
928 5.59602e-07
929 3.59602e-07
930 3.2e-07
931 3.59602e-07
932 2.8e-07
933 2.4e-07
934 2e-07
935 2.39204e-07
936 3.6e-07
937 3.6e-07
938 2.7881e-07
939 8e-08
940 1.6e-07
941 2.4e-07
942 5.99602e-07
943 1.2e-07
944 3.6e-07
945 8e-08
946 5.19602e-07
947 1.99204e-07
948 2.39602e-07
949 6e-07
950 4e-07
951 4e-07
952 4.79204e-07
953 2.8e-07
954 1.6e-07
955 1.2e-07
956 3.99602e-07
957 5.59204e-07
958 2.79602e-07
959 2.39602e-07
960 3.98806e-07
961 3.59204e-07
962 4.79602e-07
963 4e-07
964 1.2e-07
965 1.99602e-07
966 3.58408e-07
967 3.59204e-07
968 2.8e-07
969 1.59602e-07
970 1.6e-07
971 3.58806e-07
972 2e-07
973 2.39602e-07
974 3.19602e-07
975 3.6e-07
976 3.19602e-07
977 2.4e-07
978 3.2e-07
979 3.6e-07
980 3.59602e-07
981 2.79602e-07
982 2e-07
983 4.4e-07
984 2.39204e-07
985 3.19204e-07
986 2.4e-07
987 5.6e-07
988 2.39204e-07
989 4e-07
990 1.19204e-07
991 2.79204e-07
992 2.79602e-07
993 2.79602e-07
994 3.59602e-07
995 3.19208e-07
996 2e-07
997 6e-07
998 3.59204e-07
999 0
