0 0
1 5.08e-05
2 5.63619e-05
3 5.48e-05
4 5.24e-05
5 4.04e-05
6 3.8e-05
7 3.67619e-05
8 3.68e-05
9 3.8e-05
10 2.39239e-05
11 3e-05
12 2e-05
13 3.44e-05
14 2.52e-05
15 2.04e-05
16 2.42894e-05
17 2.88e-05
18 2.19619e-05
19 2e-05
20 1.92e-05
21 2.19619e-05
22 1.91239e-05
23 2e-05
24 1.91239e-05
25 2.07619e-05
26 2.08e-05
27 1.28e-05
28 1.67239e-05
29 1.84e-05
30 1.63619e-05
31 1.96e-05
32 1.68e-05
33 1.36e-05
34 1.75239e-05
35 1.72e-05
36 1.84e-05
37 1.15619e-05
38 1.36e-05
39 1.28e-05
40 1.71619e-05
41 1.07619e-05
42 1.28e-05
43 1.96e-05
44 1.31619e-05
45 1.36e-05
46 1.07619e-05
47 1.31619e-05
48 1.39619e-05
49 8.76193e-06
50 1.15619e-05
51 1.23619e-05
52 1.52e-05
53 1.11619e-05
54 1.59619e-05
55 1.24e-05
56 8.76193e-06
57 1.16e-05
58 1.59239e-05
59 1.28e-05
60 1.28e-05
61 9.6e-06
62 1.75239e-05
63 6.8e-06
64 1.44e-05
65 1.30858e-05
66 1.11619e-05
67 1.16e-05
68 1.16e-05
69 9.96193e-06
70 9.6e-06
71 1.23619e-05
72 1.28e-05
73 1.32e-05
74 1.4e-05
75 1.27619e-05
76 1.19239e-05
77 9.6e-06
78 1.19619e-05
79 1.27619e-05
80 8e-06
81 1.03619e-05
82 8.36193e-06
83 9.96193e-06
84 1.2e-05
85 1.08e-05
86 1.23619e-05
87 1e-05
88 8e-06
89 1.2e-05
90 1.35619e-05
91 1.11619e-05
92 8.32387e-06
93 8.4e-06
94 8.36193e-06
95 8.36193e-06
96 8.4e-06
97 1.12e-05
98 1.03619e-05
99 7.16193e-06
100 9.6e-06
101 1.03619e-05
102 1.10858e-05
103 8.8e-06
104 1.07619e-05
105 8.4e-06
106 7.56193e-06
107 7.96193e-06
108 9.16193e-06
109 7.96193e-06
110 9.2e-06
111 5.6e-06
112 5.96193e-06
113 8.36193e-06
114 1.08e-05
115 1.15619e-05
116 9.2e-06
117 9.56193e-06
118 9.6e-06
119 9.96193e-06
120 9.16193e-06
121 1.04e-05
122 1.06858e-05
123 7.96193e-06
124 9.12387e-06
125 9.6e-06
126 6.8e-06
127 7.6e-06
128 7.6e-06
129 7.12387e-06
130 8.4e-06
131 9.56193e-06
132 8.4e-06
133 4.6858e-06
134 8e-06
135 7.6e-06
136 9.12387e-06
137 1.03619e-05
138 7.56193e-06
139 5.16193e-06
140 7.6e-06
141 1.03619e-05
142 4.4e-06
143 8.36193e-06
144 7.2e-06
145 8.76193e-06
146 5.16193e-06
147 1.07619e-05
148 8.8e-06
149 7.56193e-06
150 1.06858e-05
151 9.92387e-06
152 8.8e-06
153 7.16193e-06
154 9.12387e-06
155 7.96193e-06
156 6.8e-06
157 1.03619e-05
158 6.8e-06
159 1.11239e-05
160 7.92387e-06
161 1.07619e-05
162 7.6e-06
163 6.8e-06
164 6e-06
165 8.8e-06
166 1.08e-05
167 7.6e-06
168 7.8858e-06
169 4.8e-06
170 7.56193e-06
171 6.8e-06
172 5.6e-06
173 9.96193e-06
174 4.8e-06
175 8.8e-06
176 5.16193e-06
177 8e-06
178 6.8e-06
179 8.36193e-06
180 5.6e-06
181 6e-06
182 4.8e-06
183 2.8e-06
184 6.4e-06
185 1e-05
186 5.96193e-06
187 5.96193e-06
188 5.92387e-06
189 7.96193e-06
190 7.6e-06
191 7.96193e-06
192 8.4e-06
193 9.6e-06
194 4.76193e-06
195 1e-05
196 4.8e-06
197 7.6e-06
198 4e-06
199 6.4e-06
200 5.6e-06
201 6e-06
202 5.96193e-06
203 5.6e-06
204 5.2e-06
205 7.2e-06
206 4.4e-06
207 4.4e-06
208 4e-06
209 4.36193e-06
210 6e-06
211 6.76193e-06
212 5.16193e-06
213 7.2e-06
214 5.56193e-06
215 4.36193e-06
216 6e-06
217 6.4e-06
218 5.96193e-06
219 7.16193e-06
220 7.4858e-06
221 3.16193e-06
222 5.16193e-06
223 9.16193e-06
224 5.6e-06
225 6.76193e-06
226 7.2e-06
227 5.96193e-06
228 6.36193e-06
229 5.2e-06
230 5.2e-06
231 4.36193e-06
232 5.52387e-06
233 4.76193e-06
234 7.6e-06
235 4.36193e-06
236 4.8e-06
237 5.96193e-06
238 8e-06
239 6.72387e-06
240 6.36193e-06
241 5.2e-06
242 6.8e-06
243 4.8e-06
244 4.4e-06
245 5.16193e-06
246 5.6e-06
247 8.76193e-06
248 2.4e-06
249 3.16193e-06
250 3.56193e-06
251 3.2e-06
252 5.96193e-06
253 6e-06
254 4.4e-06
255 7.12387e-06
256 6e-06
257 6e-06
258 3.2e-06
259 5.4858e-06
260 3.6e-06
261 5.85136e-06
262 4.8e-06
263 6.4e-06
264 4.4e-06
265 4.8e-06
266 7.92387e-06
267 7.16193e-06
268 4.36193e-06
269 3.96193e-06
270 6.76193e-06
271 4.8e-06
272 6.8e-06
273 6.32387e-06
274 4.8e-06
275 6.4e-06
276 5.2e-06
277 2.8e-06
278 6.32387e-06
279 6.76193e-06
280 6.6858e-06
281 6e-06
282 5.56193e-06
283 3.96193e-06
284 5.16193e-06
285 5.2e-06
286 1.06477e-05
287 3.56193e-06
288 6.36193e-06
289 5.6e-06
290 4e-06
291 7.12387e-06
292 7.2e-06
293 3.16193e-06
294 4e-06
295 2.76193e-06
296 7.96193e-06
297 7.56193e-06
298 5.96193e-06
299 3.96193e-06
300 5.6e-06
301 5.16193e-06
302 5.6e-06
303 5.6e-06
304 5.16193e-06
305 4.8e-06
306 3.6e-06
307 5.4858e-06
308 5.2e-06
309 2.4e-06
310 3.96193e-06
311 6.36193e-06
312 6.36193e-06
313 6.4e-06
314 5.96193e-06
315 4.8e-06
316 4e-06
317 5.16193e-06
318 2.8e-06
319 6.2858e-06
320 3.6e-06
321 6.4e-06
322 3.6e-06
323 3.6e-06
324 4.4e-06
325 2.8e-06
326 7.4858e-06
327 4e-06
328 4.76193e-06
329 4.72387e-06
330 4e-06
331 4.76193e-06
332 4.4e-06
333 8e-06
334 7.52387e-06
335 2.76193e-06
336 7.16193e-06
337 5.2e-06
338 4.76193e-06
339 3.6e-06
340 4e-06
341 6.8e-06
342 7.8858e-06
343 4.76193e-06
344 4.8e-06
345 3.56193e-06
346 8e-06
347 5.2e-06
348 4.72387e-06
349 6.4e-06
350 5.2e-06
351 3.2e-06
352 5.16193e-06
353 7.0858e-06
354 5.6e-06
355 5.56193e-06
356 8.76193e-06
357 3.96193e-06
358 4e-06
359 5.6e-06
360 5.52387e-06
361 5.0858e-06
362 6.32387e-06
363 4.72387e-06
364 6.4e-06
365 4.32749e-06
366 3.96193e-06
367 4.4e-06
368 6.36193e-06
369 3.96193e-06
370 2.8e-06
371 4.4e-06
372 6.4e-06
373 4.4e-06
374 4.8e-06
375 5.56193e-06
376 2.76193e-06
377 2.8e-06
378 5.2e-06
379 5.96193e-06
380 6.4e-06
381 4.4e-06
382 4.8e-06
383 6.4e-06
384 3.2e-06
385 8e-06
386 4e-06
387 4.76193e-06
388 5.6e-06
389 5.52387e-06
390 6e-06
391 5.4858e-06
392 6.72387e-06
393 4.76193e-06
394 6.4e-06
395 3.6e-06
396 5.6e-06
397 5.2e-06
398 5.2e-06
399 5.2e-06
400 5.96193e-06
401 3.2e-06
402 3.6e-06
403 7.56193e-06
404 5.6e-06
405 3.6e-06
406 4.72387e-06
407 4.4e-06
408 4.76193e-06
409 5.2e-06
410 3.6e-06
411 4.4e-06
412 4.8e-06
413 3.16193e-06
414 6e-06
415 5.56193e-06
416 4e-06
417 6.8e-06
418 4.76193e-06
419 3.16193e-06
420 4.4e-06
421 1.6e-06
422 3.6e-06
423 3.6e-06
424 5.2e-06
425 4.76193e-06
426 5.2e-06
427 2.8e-06
428 4.36193e-06
429 3.2e-06
430 2e-06
431 2.4e-06
432 4e-06
433 5.2e-06
434 3.16193e-06
435 2.36193e-06
436 5.2e-06
437 3.6e-06
438 4.32387e-06
439 2e-06
440 1.56193e-06
441 5.16193e-06
442 3.4858e-06
443 5.96193e-06
444 2.76193e-06
445 3.6e-06
446 5.2e-06
447 4e-06
448 3.6e-06
449 3.16193e-06
450 5.16193e-06
451 5.8858e-06
452 5.6e-06
453 4.76193e-06
454 3.6e-06
455 4.8e-06
456 4.72749e-06
457 5.12387e-06
458 3.56193e-06
459 2.8e-06
460 4e-07
461 1.2e-06
462 2.8e-06
463 7.4858e-06
464 6e-06
465 3.16193e-06
466 4.76193e-06
467 4.8e-06
468 6e-06
469 5.56193e-06
470 4.76193e-06
471 3.6e-06
472 3.6e-06
473 3.6e-06
474 4.8e-06
475 3.16193e-06
476 4.4e-06
477 7.2e-06
478 2.4e-06
479 3.2e-06
480 3.96193e-06
481 2.72387e-06
482 2.4e-06
483 5.56193e-06
484 3.8858e-06
485 2.4e-06
486 5.56193e-06
487 4.4e-06
488 4e-06
489 5.2e-06
490 3.12749e-06
491 4.36193e-06
492 3.96193e-06
493 3.16193e-06
494 3.56193e-06
495 4.8e-06
496 2e-06
497 3.96193e-06
498 5.56193e-06
499 4.4e-06
500 5.16193e-06
501 3.96193e-06
502 5.16193e-06
503 3.52387e-06
504 5.52387e-06
505 2.4e-06
506 6.76193e-06
507 3.6e-06
508 1.96193e-06
509 7.12387e-06
510 2.8e-06
511 3.96193e-06
512 5.2e-06
513 4e-06
514 6e-06
515 3.16193e-06
516 4e-06
517 2.76193e-06
518 5.2e-06
519 2.4e-06
520 5.56193e-06
521 3.6e-06
522 4.4e-06
523 4.4e-06
524 2.8e-06
525 3.96193e-06
526 4.76193e-06
527 2.8e-06
528 2.8e-06
529 2.36193e-06
530 3.6e-06
531 2e-06
532 6.76193e-06
533 3.56193e-06
534 3.52387e-06
535 6.76193e-06
536 3.8858e-06
537 3.6e-06
538 3.52387e-06
539 5.2e-06
540 2e-06
541 3.56193e-06
542 3.6e-06
543 2.76193e-06
544 2.8e-06
545 3.2e-06
546 1.96193e-06
547 4e-06
548 4.76193e-06
549 4.4e-06
550 8e-07
551 4.4e-06
552 3.2e-06
553 4.36193e-06
554 3.56193e-06
555 2.8e-06
556 3.6e-06
557 4.76193e-06
558 2.32749e-06
559 2.4e-06
560 5.2e-06
561 2.4e-06
562 2.8e-06
563 4e-06
564 2.4e-06
565 4.72387e-06
566 4e-06
567 4.36193e-06
568 2.32749e-06
569 8e-07
570 3.56193e-06
571 2.76193e-06
572 3.2e-06
573 4e-06
574 3.2e-06
575 2.8e-06
576 3.6e-06
577 2.4e-06
578 2.8e-06
579 4.4e-06
580 3.92387e-06
581 3.56193e-06
582 2.8e-06
583 2.4e-06
584 5.84774e-06
585 3.2e-06
586 4.8e-06
587 3.2e-06
588 5.2e-06
589 3.6e-06
590 5.92387e-06
591 2.76193e-06
592 2.4e-06
593 3.2e-06
594 4.6858e-06
595 3.2e-06
596 2.76193e-06
597 4e-06
598 4e-06
599 4.8e-06
600 3.96193e-06
601 5.52387e-06
602 3.56193e-06
603 5.16193e-06
604 5.16193e-06
605 1.6e-06
606 4e-06
607 3.96193e-06
608 4.76193e-06
609 3.2e-06
610 5.0858e-06
611 2e-06
612 3.6e-06
613 3.16193e-06
614 5.2e-06
615 3.96193e-06
616 3.6e-06
617 2.76193e-06
618 3.6e-06
619 3.96193e-06
620 2e-06
621 3.6e-06
622 3.2e-06
623 1.6e-06
624 3.56193e-06
625 4.4e-06
626 5.2e-06
627 2.4e-06
628 2e-06
629 5.2e-06
630 2.76193e-06
631 2.8e-06
632 3.16193e-06
633 4.4e-06
634 2.72387e-06
635 3.96193e-06
636 2.72387e-06
637 5.16193e-06
638 2.76193e-06
639 4e-06
640 4.76193e-06
641 4.8e-06
642 3.6e-06
643 1.2e-06
644 2.4e-06
645 2.76193e-06
646 4.6858e-06
647 2.8e-06
648 2.36193e-06
649 3.56193e-06
650 7.92387e-06
651 4.76193e-06
652 1.16193e-06
653 3.08943e-06
654 4.4e-06
655 4e-06
656 4.8e-06
657 4e-06
658 3.96193e-06
659 4.32387e-06
660 4.36193e-06
661 2.4e-06
662 3.2e-06
663 1.6e-06
664 2.72387e-06
665 4.36193e-06
666 4.32387e-06
667 2.4e-06
668 2.36193e-06
669 2e-06
670 1.2e-06
671 4.8e-06
672 2.8e-06
673 4.4e-06
674 2.8e-06
675 4.76193e-06
676 2.8e-06
677 3.2e-06
678 3.16193e-06
679 2e-06
680 1.96193e-06
681 4e-06
682 2.8e-06
683 2.4e-06
684 4.76193e-06
685 4.72387e-06
686 3.52387e-06
687 1.96193e-06
688 3.16193e-06
689 5.2e-06
690 3.2e-06
691 2.76193e-06
692 3.96193e-06
693 4.4e-06
694 2.8e-06
695 2.72387e-06
696 2.8e-06
697 4.76193e-06
698 3.2e-06
699 4.32387e-06
700 2.72387e-06
701 1.6e-06
702 2.4e-06
703 1.6e-06
704 3.56193e-06
705 4e-06
706 2.4e-06
707 2.36193e-06
708 4e-06
709 3.2e-06
710 1.2e-06
711 2e-06
712 3.2e-06
713 2e-06
714 2.76193e-06
715 4.28943e-06
716 4.72387e-06
717 4e-06
718 3.92387e-06
719 3.16193e-06
720 3.52387e-06
721 2.4e-06
722 3.16193e-06
723 1.6e-06
724 1.2e-06
725 2.8e-06
726 4e-06
727 1.6e-06
728 3.2e-06
729 4.36193e-06
730 5.2e-06
731 1.56193e-06
732 2.4e-06
733 3.92387e-06
734 2.4e-06
735 1.2e-06
736 2e-06
737 4e-06
738 2.8e-06
739 3.56193e-06
740 3.2e-06
741 4.76193e-06
742 1.92749e-06
743 1.96193e-06
744 4.72387e-06
745 3.2e-06
746 4e-06
747 1.6e-06
748 4e-06
749 3.2e-06
750 3.6e-06
751 4.32387e-06
752 2.4e-06
753 1.16193e-06
754 3.2e-06
755 2e-06
756 4.4e-06
757 2.72387e-06
758 2.8e-06
759 3.96193e-06
760 2e-06
761 3.16193e-06
762 2.8e-06
763 1.2e-06
764 2.8e-06
765 4.72387e-06
766 1.6e-06
767 3.8858e-06
768 2.36193e-06
769 2.8e-06
770 2.76193e-06
771 3.16193e-06
772 1.6e-06
773 2.36193e-06
774 4.8e-06
775 3.96193e-06
776 2.76193e-06
777 2.8e-06
778 4.36193e-06
779 2.76193e-06
780 1.6e-06
781 2.4e-06
782 2.8e-06
783 4.32387e-06
784 3.16193e-06
785 4.4e-06
786 1.6e-06
787 3.52387e-06
788 2.4e-06
789 4.32387e-06
790 3.16193e-06
791 8e-07
792 5.0858e-06
793 4.36193e-06
794 1.6e-06
795 3.6e-06
796 3.6e-06
797 4e-06
798 1.2e-06
799 4.36193e-06
800 2.36193e-06
801 2.8e-06
802 4.32387e-06
803 2.36193e-06
804 4.36193e-06
805 3.2e-06
806 2.8e-06
807 3.16193e-06
808 3.6e-06
809 3.6e-06
810 4.36193e-06
811 3.2e-06
812 2e-06
813 2.76193e-06
814 3.2e-06
815 4e-07
816 2.76193e-06
817 3.48943e-06
818 4e-06
819 1.96193e-06
820 1.2e-06
821 3.16193e-06
822 2e-06
823 2.76193e-06
824 3.2e-06
825 1.6e-06
826 3.52387e-06
827 3.52749e-06
828 1.2e-06
829 2e-06
830 3.16193e-06
831 2.4e-06
832 2.8e-06
833 3.52749e-06
834 2e-06
835 3.56193e-06
836 1.6e-06
837 2.4e-06
838 3.56193e-06
839 2.36193e-06
840 3.52387e-06
841 4.32387e-06
842 3.56193e-06
843 3.16193e-06
844 2.8e-06
845 2.76193e-06
846 2e-06
847 2.72387e-06
848 3.56193e-06
849 2.8e-06
850 2e-06
851 2e-06
852 3.12387e-06
853 2.8e-06
854 3.96193e-06
855 2.76193e-06
856 3.2e-06
857 4e-06
858 2e-06
859 3.2e-06
860 8e-07
861 2.72387e-06
862 3.2e-06
863 1.6e-06
864 3.16193e-06
865 1.2e-06
866 3.2e-06
867 4.8e-06
868 3.56193e-06
869 2.4e-06
870 2e-06
871 3.12387e-06
872 2.4e-06
873 1.6e-06
874 2e-06
875 2.4e-06
876 4.72387e-06
877 2.4e-06
878 3.6e-06
879 2.4e-06
880 2e-06
881 2.8e-06
882 1.96193e-06
883 2.76193e-06
884 3.2e-06
885 3.0858e-06
886 2.4e-06
887 1.16193e-06
888 4.32387e-06
889 2.4e-06
890 4.8e-06
891 5.56193e-06
892 3.2e-06
893 3.2e-06
894 2.76193e-06
895 5.56193e-06
896 3.96193e-06
897 2.36193e-06
898 1.56193e-06
899 4.6858e-06
900 3.48943e-06
901 3.56193e-06
902 3.6e-06
903 2.36193e-06
904 1.6e-06
905 3.6e-06
906 3.2e-06
907 2.8e-06
908 1.6e-06
909 2.4e-06
910 8e-07
911 4e-06
912 3.52387e-06
913 4.76193e-06
914 4e-06
915 2.72749e-06
916 2.4e-06
917 4e-06
918 1.6e-06
919 3.16193e-06
920 3.6e-06
921 2.8e-06
922 1.2e-06
923 3.6e-06
924 1.56193e-06
925 3.6e-06
926 1.6e-06
927 2e-06
928 2.72387e-06
929 4.4e-06
930 4e-06
931 3.6e-06
932 2.4e-06
933 2.4e-06
934 2.4e-06
935 3.6e-06
936 3.92387e-06
937 2.4e-06
938 3.2e-06
939 2.4e-06
940 3.52387e-06
941 3.52387e-06
942 2e-06
943 1.6e-06
944 3.96193e-06
945 1.6e-06
946 2e-06
947 1.2e-06
948 4.4e-06
949 1.52387e-06
950 2.36193e-06
951 1.6e-06
952 1.6e-06
953 1.56193e-06
954 3.2e-06
955 2e-06
956 3.2e-06
957 3.48943e-06
958 2.4e-06
959 2.76193e-06
960 2.4e-06
961 1.96193e-06
962 2.76193e-06
963 4e-06
964 1.6e-06
965 4e-06
966 1.2e-06
967 4e-07
968 2.8e-06
969 3.2e-06
970 2e-06
971 1.2e-06
972 3.6e-06
973 3.16193e-06
974 3.96193e-06
975 1.56193e-06
976 5.52387e-06
977 1.52749e-06
978 1.6e-06
979 2e-06
980 2.8e-06
981 2.76193e-06
982 4e-06
983 4.36193e-06
984 3.2e-06
985 4.64774e-06
986 2.8e-06
987 2.76193e-06
988 3.2e-06
989 1.16193e-06
990 2.8e-06
991 2.2858e-06
992 1.56193e-06
993 1.2e-06
994 2.4e-06
995 1.16193e-06
996 3.2e-06
997 2e-06
998 4.72387e-06
999 0
