0 0
1 0.00114
2 0.000893472
3 0.000584
4 0.000521472
5 0.000468
6 0.000390943
7 0.000376
8 0.000409472
9 0.000328
10 0.000324
11 0.000281472
12 0.000305472
13 0.000308
14 0.000277472
15 0.000245472
16 0.000256
17 0.00022
18 0.000253472
19 0.000236
20 0.000216
21 0.000222943
22 0.000225472
23 0.000162943
24 0.000144
25 0.000237472
26 0.000156
27 0.0002
28 0.000212
29 0.000168415
30 0.000156
31 0.000192
32 0.000197472
33 0.000152
34 0.000188
35 0.000224
36 0.000152
37 0.000137472
38 0.000208
39 0.00014
40 0.000184415
41 0.000144
42 0.000172
43 0.000145472
44 0.000157472
45 0.000157472
46 0.000149472
47 0.000154943
48 0.000132
49 0.000129472
50 0.000124415
51 0.000124
52 0.000137472
53 0.000144
54 8.54715e-05
55 9.2e-05
56 0.000118943
57 6.6943e-05
58 0.000101472
59 0.000113472
60 0.000137472
61 0.000129472
62 0.000116
63 0.000134943
64 8.94715e-05
65 0.0001
66 0.000112
67 8.4e-05
68 0.000124415
69 0.000121472
70 0.000113472
71 9.2e-05
72 0.000113472
73 0.000113472
74 9.6e-05
75 0.000118943
76 0.000105472
77 9.8943e-05
78 9.74715e-05
79 0.000117472
80 0.000132
81 8.84146e-05
82 0.000109472
83 0.000144
84 5.6e-05
85 6.8e-05
86 4e-05
87 0.0001
88 9.34715e-05
89 0.000108
90 8e-05
91 9.6e-05
92 7.2e-05
93 7.6e-05
94 0.000113472
95 8.94715e-05
96 0.000101472
97 9.6e-05
98 0.000114943
99 0.000109472
100 9.8943e-05
101 7.2e-05
102 6.8e-05
103 0.000128
104 7.4943e-05
105 7.6e-05
106 0.000104
107 0.000112
108 7.74715e-05
109 6.8e-05
110 8e-05
111 8.14715e-05
112 9.34715e-05
113 0.000104
114 7.74715e-05
115 9.74715e-05
116 8.94715e-05
117 9.8943e-05
118 0.000113472
119 9.74715e-05
120 8.94715e-05
121 5.6e-05
122 7.2e-05
123 9.34715e-05
124 8.94715e-05
125 8.4e-05
126 6.84146e-05
127 9.74715e-05
128 7.2e-05
129 7.2e-05
130 8.8e-05
131 0.000136
132 0.000112
133 7.2e-05
134 6.4e-05
135 6.14715e-05
136 9.2e-05
137 9.2e-05
138 0.000104
139 5.74715e-05
140 9.4943e-05
141 5.6e-05
142 7.2e-05
143 6.8e-05
144 6.2943e-05
145 6.94715e-05
146 6.4e-05
147 8.8e-05
148 8e-05
149 5.8943e-05
150 6.94715e-05
151 9.2e-05
152 8.54715e-05
153 6.94715e-05
154 8.94715e-05
155 8e-05
156 6.8e-05
157 5.6e-05
158 8.8e-05
159 0.000101472
160 6.4e-05
161 6.34844e-05
162 6.4e-05
163 7.64146e-05
164 9.6e-05
165 6.4e-05
166 6.94715e-05
167 0.000101472
168 8.14715e-05
169 6.8e-05
170 9.65413e-05
171 6.54715e-05
172 4e-05
173 3.74715e-05
174 9.74715e-05
175 8.54715e-05
176 8e-05
177 8.4e-05
178 5.2e-05
179 6.8e-05
180 5.00129e-05
181 5.0943e-05
182 6.8e-05
183 5.74715e-05
184 7.34715e-05
185 4.8e-05
186 6.4e-05
187 4.94715e-05
188 7.74715e-05
189 5.6e-05
190 9.2e-05
191 6.8e-05
192 7.6e-05
193 2.94715e-05
194 5.8943e-05
195 7.2e-05
196 7.2e-05
197 5.74715e-05
198 5.34715e-05
199 5.8943e-05
200 8.8e-05
201 7.34715e-05
202 8.8e-05
203 6e-05
204 6.14715e-05
205 6.4e-05
206 8.4e-05
207 6.54715e-05
208 5.2e-05
209 7.0943e-05
210 3.2e-05
211 2.8e-05
212 4.54715e-05
213 5.74715e-05
214 3.2e-05
215 4.8e-05
216 8.14715e-05
217 7.8943e-05
218 6.54715e-05
219 2.6943e-05
220 8.4e-05
221 4.4e-05
222 7.6e-05
223 5.8943e-05
224 4.54715e-05
225 5.6e-05
226 6.4e-05
227 3.6e-05
228 6.6943e-05
229 4.54715e-05
230 8.8e-05
231 5.2e-05
232 8.14715e-05
233 5.74715e-05
234 4.94715e-05
235 4e-05
236 2.94715e-05
237 3.74715e-05
238 7.74715e-05
239 3.2e-05
240 7.34715e-05
241 6.4e-05
242 7.74715e-05
243 6e-05
244 3.8943e-05
245 4.4e-05
246 2.8e-05
247 4.4e-05
248 5.2e-05
249 5.2e-05
250 8e-05
251 7.34715e-05
252 5.6e-05
253 4.14715e-05
254 4.2943e-05
255 8.54715e-05
256 7.00129e-05
257 3.2e-05
258 6.14715e-05
259 5.2e-05
260 4.4e-05
261 4.8e-05
262 5.34715e-05
263 5.2e-05
264 5.6e-05
265 4.94715e-05
266 3.6e-05
267 4.94715e-05
268 4.14715e-05
269 4.8e-05
270 5.74715e-05
271 5.6e-05
272 6.14715e-05
273 2.4e-05
274 4.4e-05
275 4.8e-05
276 7.6e-05
277 5.34715e-05
278 4.8e-05
279 3.6e-05
280 5.6e-05
281 6.94715e-05
282 4e-05
283 6.14715e-05
284 6.04146e-05
285 2.4e-05
286 6.8e-05
287 6.2943e-05
288 4.4e-05
289 3.4943e-05
290 7.6e-05
291 6.2943e-05
292 3.34715e-05
293 3.2e-05
294 3.74715e-05
295 5.6e-05
296 3.34715e-05
297 4.54715e-05
298 3.0943e-05
299 4.14715e-05
300 5.4943e-05
301 4.14715e-05
302 1.74715e-05
303 6.2943e-05
304 2.94715e-05
305 5.2e-05
306 3.34715e-05
307 4.4e-05
308 6.8e-05
309 4e-05
310 4.4e-05
311 4.94715e-05
312 3.6e-05
313 4.8e-05
314 5.6e-05
315 4.4e-05
316 4e-05
317 8.54715e-05
318 2.4e-05
319 5.4943e-05
320 6e-05
321 5.6e-05
322 8.14715e-05
323 5.6e-05
324 6.14715e-05
325 6.8e-05
326 3.2e-05
327 5.74715e-05
328 3.64146e-05
329 6.54715e-05
330 6.14715e-05
331 3.74715e-05
332 4.4e-05
333 4.54715e-05
334 2.94715e-05
335 5.4943e-05
336 4.2943e-05
337 3.74715e-05
338 6.4e-05
339 7.0943e-05
340 3.2e-05
341 5.4943e-05
342 3.34715e-05
343 3.8943e-05
344 6.94715e-05
345 4e-05
346 4.94715e-05
347 6.4e-05
348 2.8e-05
349 4.14715e-05
350 6.54715e-05
351 4.54715e-05
352 4e-05
353 4.8e-05
354 8.4e-05
355 4.54715e-05
356 4e-05
357 3.80129e-05
358 4.54715e-05
359 4.14715e-05
360 4.4e-05
361 3.34715e-05
362 5.8943e-05
363 6.94715e-05
364 2.8e-05
365 4.14715e-05
366 4e-05
367 6.54715e-05
368 4.4e-05
369 4e-05
370 2.4e-05
371 7.6e-05
372 4.94715e-05
373 4.94715e-05
374 5.2e-05
375 4.54715e-05
376 6.14715e-05
377 6e-05
378 5.6e-05
379 3.34715e-05
380 4.4e-05
381 4e-05
382 3.74715e-05
383 5.2e-05
384 4.14715e-05
385 4.8e-05
386 2.8e-05
387 4.54715e-05
388 3.74715e-05
389 5.2e-05
390 2.4e-05
391 6.84146e-05
392 3.34715e-05
393 4.54715e-05
394 3.74715e-05
395 3.6e-05
396 4.4e-05
397 4.4e-05
398 4.4e-05
399 5.34715e-05
400 4.4e-05
401 4.94715e-05
402 2.8e-05
403 4.94715e-05
404 6e-05
405 3.2e-05
406 4.4e-05
407 4.94715e-05
408 2.8e-05
409 3.8943e-05
410 2.44146e-05
411 4.14715e-05
412 4.8e-05
413 3.2e-05
414 3.6e-05
415 5.94844e-05
416 2.14715e-05
417 6.54715e-05
418 5.2e-05
419 4.04146e-05
420 3.0943e-05
421 4.2943e-05
422 4e-05
423 4.94715e-05
424 4e-05
425 4.6943e-05
426 3.6e-05
427 2.4e-05
428 4e-05
429 6.4e-05
430 3.6e-05
431 3.74715e-05
432 2.54715e-05
433 3.6e-05
434 2.94715e-05
435 4e-05
436 4.14715e-05
437 1.8943e-05
438 2.14715e-05
439 4.8e-05
440 6.20129e-05
441 2e-05
442 3.74715e-05
443 4.4e-05
444 2.14715e-05
445 4e-05
446 3.0943e-05
447 3.74715e-05
448 3.2e-05
449 2e-05
450 6.4e-05
451 2e-05
452 4.4e-05
453 2.14715e-05
454 5.74715e-05
455 4.94715e-05
456 2.4e-05
457 3.74715e-05
458 4e-05
459 4.54715e-05
460 5.6e-05
461 3.34715e-05
462 2.54715e-05
463 1.2e-05
464 5.74715e-05
465 4.4e-05
466 2.85413e-05
467 3.6e-05
468 4.6943e-05
469 3.2e-05
470 6.8e-05
471 3.6e-05
472 3.0943e-05
473 5.2e-05
474 4e-05
475 3.40129e-05
476 4.6943e-05
477 4e-05
478 5.4943e-05
479 3.6e-05
480 3.2e-05
481 3.34715e-05
482 2.8e-05
483 3.34715e-05
484 4.54715e-05
485 5.74715e-05
486 3.34715e-05
487 4.94715e-05
488 3.25413e-05
489 3.2e-05
490 4.6943e-05
491 3.2e-05
492 4.94715e-05
493 2.4e-05
494 2.8e-05
495 4.54715e-05
496 2.8e-05
497 5.34715e-05
498 4.8e-05
499 4e-05
500 2.8e-05
501 4.4e-05
502 5.34715e-05
503 2.44146e-05
504 6.6943e-05
505 4.8e-05
506 2.8e-05
507 4.4e-05
508 2e-05
509 3.2e-05
510 5.0943e-05
511 2.94715e-05
512 2.54715e-05
513 2.4e-05
514 3.6e-05
515 3.74715e-05
516 3.6e-05
517 3.2e-05
518 2.94715e-05
519 3.25413e-05
520 4e-05
521 4.14715e-05
522 4e-05
523 2.4e-05
524 4.94715e-05
525 4.14715e-05
526 3.34715e-05
527 4e-05
528 4.94715e-05
529 4e-05
530 4e-05
531 4.8e-05
532 3.4943e-05
533 2.94715e-05
534 3.2e-05
535 3.6e-05
536 4.14715e-05
537 2.94715e-05
538 3.74715e-05
539 4.94715e-05
540 4.54715e-05
541 4.4e-05
542 5.74715e-05
543 2.8e-05
544 1.6e-05
545 1.6e-05
546 2.8e-05
547 3.2e-05
548 4.14715e-05
549 5.2e-05
550 3.6e-05
551 4.4e-05
552 6e-05
553 4.4e-05
554 2.54715e-05
555 4.8e-05
556 3.2e-05
557 4.6943e-05
558 5.4943e-05
559 3.34715e-05
560 4.2943e-05
561 3.2e-05
562 1.6e-05
563 2.8e-05
564 4e-05
565 1.6e-05
566 2.94715e-05
567 4.8e-05
568 3.6e-05
569 4.8e-05
570 3.25413e-05
571 4e-05
572 3.6e-05
573 4.54715e-05
574 3.2e-05
575 2.8e-05
576 3.2e-05
577 4e-05
578 3.2e-05
579 4.2943e-05
580 2.45413e-05
581 3.34715e-05
582 3.6e-05
583 2.14715e-05
584 4.8e-05
585 5.2e-05
586 2.94715e-05
587 1.6e-05
588 4.4e-05
589 4.8e-05
590 3.2e-05
591 3.2e-05
592 3.2e-05
593 4.4e-05
594 4.44146e-05
595 3.6e-05
596 3.0943e-05
597 2.14715e-05
598 2.8e-05
599 4e-05
600 2.4e-05
601 1.34715e-05
602 2.8e-05
603 2e-05
604 2.94715e-05
605 4e-05
606 2.8e-05
607 2.4e-05
608 2e-05
609 2e-05
610 3.2e-05
611 5.2e-05
612 1.6e-05
613 4.4e-05
614 2.54715e-05
615 2.94715e-05
616 2e-05
617 1.74715e-05
618 2e-05
619 3.6e-05
620 5.74715e-05
621 2.14715e-05
622 4.4e-05
623 5.47152e-06
624 3.74715e-05
625 1.6e-05
626 4.4e-05
627 4.94715e-05
628 3.2e-05
629 2.94715e-05
630 4e-05
631 2.94715e-05
632 1.6e-05
633 2.2943e-05
634 2.8e-05
635 2.84146e-05
636 5.2e-05
637 4.8e-05
638 3.74715e-05
639 2.8e-05
640 6.94304e-06
641 4.2943e-05
642 2.8e-05
643 4.14715e-05
644 2.94715e-05
645 4.84146e-05
646 4.04146e-05
647 2.6943e-05
648 4.94715e-05
649 3.74715e-05
650 1.74715e-05
651 2.14715e-05
652 6.14715e-05
653 4e-05
654 3.2e-05
655 4.54715e-05
656 2.14715e-05
657 3.2e-05
658 1.65413e-05
659 3.4943e-05
660 4.8e-05
661 3.8943e-05
662 2.85413e-05
663 2.14715e-05
664 3.2e-05
665 4.14715e-05
666 4.8e-05
667 2.2943e-05
668 3.03006e-05
669 3.6e-05
670 2.4e-05
671 3.2e-05
672 2.4e-05
673 2.54715e-05
674 2.14715e-05
675 2.8e-05
676 3.34715e-05
677 3.2e-05
678 4.94715e-05
679 2.8e-05
680 1.6e-05
681 9.47152e-06
682 4.4e-05
683 1.74715e-05
684 1.6e-05
685 5.34715e-05
686 3.2e-05
687 2.84146e-05
688 2.4e-05
689 2.94715e-05
690 3.74715e-05
691 2.8e-05
692 3.6e-05
693 3.2e-05
694 4.05413e-05
695 4.94715e-05
696 2.94715e-05
697 4.94715e-05
698 4e-05
699 3.2e-05
700 2.85413e-05
701 2.2943e-05
702 3.2e-05
703 1.74715e-05
704 1.2e-05
705 3.2e-05
706 2.94715e-05
707 3.6e-05
708 3.6e-05
709 3.74715e-05
710 8e-06
711 3.34715e-05
712 2.94715e-05
713 5.2e-05
714 2e-05
715 2.54715e-05
716 4.14715e-05
717 6.4e-05
718 2.4e-05
719 4e-05
720 2.45413e-05
721 4.4e-05
722 4e-06
723 1.25413e-05
724 4.4e-05
725 4.2943e-05
726 4e-05
727 1.34715e-05
728 2.8e-05
729 3.34715e-05
730 3.6e-05
731 4.14715e-05
732 4.8e-05
733 2.4e-05
734 8e-06
735 2.8e-05
736 2.8e-05
737 3.8943e-05
738 2.8e-05
739 3.4943e-05
740 4e-05
741 2e-05
742 3.2e-05
743 3.2e-05
744 3.4943e-05
745 5.34715e-05
746 1.34715e-05
747 1.6e-05
748 3.2e-05
749 4.4e-05
750 3.2e-05
751 3.11422e-05
752 2.4e-05
753 2e-05
754 3.6e-05
755 4e-05
756 2e-05
757 3.74715e-05
758 2e-05
759 3.34715e-05
760 2.14715e-05
761 2e-05
762 4e-05
763 2e-05
764 3.2e-05
765 2e-05
766 2.54715e-05
767 2.2943e-05
768 2.4e-05
769 4e-05
770 4e-05
771 4.2943e-05
772 1.6e-05
773 4.4e-05
774 3.34715e-05
775 4.94715e-05
776 3.8943e-05
777 2.54715e-05
778 3.2e-05
779 1.2e-05
780 4.54715e-05
781 2.14715e-05
782 2e-05
783 1.74715e-05
784 3.74715e-05
785 5.34715e-05
786 2.8e-05
787 3.2e-05
788 2.8e-05
789 1.8943e-05
790 4.44146e-05
791 2e-05
792 4.8e-05
793 3.74715e-05
794 2e-05
795 1.34715e-05
796 4.05413e-05
797 2.54715e-05
798 5.8943e-05
799 2.8e-05
800 3.2e-05
801 3.6e-05
802 2.8e-05
803 2.14715e-05
804 2e-05
805 2.8e-05
806 3.34715e-05
807 2.54715e-05
808 4.94715e-05
809 2.8e-05
810 4e-05
811 3.2e-05
812 3.2e-05
813 2e-05
814 3.6e-05
815 2.45413e-05
816 3.6e-05
817 3.34715e-05
818 4.94715e-05
819 2.8e-05
820 3.6e-05
821 1.74715e-05
822 2.4e-05
823 3.34715e-05
824 3.6e-05
825 2.8e-05
826 4e-05
827 2.6943e-05
828 2.8e-05
829 2.14715e-05
830 1.34715e-05
831 3.34715e-05
832 2.14715e-05
833 4.14715e-05
834 2e-05
835 2.54715e-05
836 5.34715e-05
837 3.2e-05
838 2.54715e-05
839 2.94715e-05
840 1.34715e-05
841 2.4e-05
842 6.94304e-06
843 2e-05
844 4e-05
845 3.34715e-05
846 2.94715e-05
847 3.2e-05
848 4e-05
849 4.4e-05
850 1.2e-05
851 2.54715e-05
852 2e-05
853 3.2e-05
854 2.4e-05
855 4.4e-05
856 2.4e-05
857 1.74715e-05
858 3.34715e-05
859 3.2e-05
860 2.04146e-05
861 2.4e-05
862 3.2e-05
863 4.8e-05
864 5.2e-05
865 2e-05
866 2e-05
867 4e-05
868 3.6e-05
869 2.8e-05
870 1.74715e-05
871 1.6e-05
872 3.0943e-05
873 4.14715e-05
874 2.2943e-05
875 3.2e-05
876 2.4e-05
877 3.74715e-05
878 3.2e-05
879 2.4e-05
880 3.2e-05
881 1.74715e-05
882 1.74715e-05
883 3.6e-05
884 2e-05
885 1.2e-05
886 3.34715e-05
887 3.2e-05
888 1.2e-05
889 2.4e-05
890 1.6e-05
891 2.14715e-05
892 1.4943e-05
893 3.34715e-05
894 3.6e-05
895 4.54715e-05
896 2.14715e-05
897 4.4e-05
898 4.54715e-05
899 1.6e-05
900 3.2e-05
901 2.94715e-05
902 2.14715e-05
903 2.54715e-05
904 2.54715e-05
905 4.2943e-05
906 2.2943e-05
907 2e-05
908 2.54715e-05
909 3.6e-05
910 4.8e-05
911 2.4e-05
912 1.4943e-05
913 2e-05
914 1.6e-05
915 4.8e-05
916 3.6e-05
917 3.34715e-05
918 3.6e-05
919 4e-05
920 2.8e-05
921 1.2e-05
922 3.0943e-05
923 2.4e-05
924 2e-05
925 3.34715e-05
926 2.4e-05
927 4.54715e-05
928 3.6e-05
929 2.4e-05
930 2.14715e-05
931 1.74715e-05
932 1.6e-05
933 2.4e-05
934 2.94715e-05
935 9.47152e-06
936 3.0943e-05
937 3.34715e-05
938 4.8e-05
939 5.47152e-06
940 2.6943e-05
941 1.74715e-05
942 2.4e-05
943 3.00129e-05
944 2.94715e-05
945 2.54715e-05
946 3.2e-05
947 2.94715e-05
948 4.14715e-05
949 4.14715e-05
950 1.34715e-05
951 1.34715e-05
952 3.2e-05
953 8e-06
954 2e-05
955 2.54715e-05
956 1.6e-05
957 4e-05
958 2.8e-05
959 8e-06
960 1.4943e-05
961 3.74715e-05
962 2e-05
963 3.0943e-05
964 4.94715e-05
965 3.74715e-05
966 2.14715e-05
967 1.2e-05
968 4.8e-05
969 3.2e-05
970 2e-05
971 2.54715e-05
972 2e-05
973 2e-05
974 3.2e-05
975 2.6943e-05
976 3.6e-05
977 3.6e-05
978 1.74715e-05
979 3.6e-05
980 4.14715e-05
981 3.2e-05
982 3.6e-05
983 2.8e-05
984 2.8e-05
985 4e-05
986 4e-05
987 2.6943e-05
988 3.2e-05
989 2.4e-05
990 4.94715e-05
991 4e-06
992 2.8e-05
993 4.4e-05
994 2.8e-05
995 4e-05
996 1.74715e-05
997 4.14715e-05
998 4.2943e-05
999 0
