0 0
1 1.264e-05
2 8.08e-06
3 6.32e-06
4 5.44e-06
5 4.8796e-06
6 3.8796e-06
7 4.2396e-06
8 3.04e-06
9 3.16e-06
10 3.32e-06
11 3.04e-06
12 2.2e-06
13 2.28e-06
14 2.4396e-06
15 2.52e-06
16 2.04e-06
17 2.3596e-06
18 2.3596e-06
19 2e-06
20 1.99881e-06
21 2.36e-06
22 1.88e-06
23 2.3192e-06
24 2.04e-06
25 2.0392e-06
26 2.51881e-06
27 1.3596e-06
28 1.56e-06
29 1.64e-06
30 2.16e-06
31 1.47881e-06
32 1.92e-06
33 2.1596e-06
34 2e-06
35 1.4e-06
36 1.3992e-06
37 1.3596e-06
38 1.08e-06
39 1.56e-06
40 1.84e-06
41 2.12e-06
42 1.44e-06
43 1.12e-06
44 1.52e-06
45 1.4e-06
46 1.5196e-06
47 1.5192e-06
48 1.36e-06
49 1.2e-06
50 1.52e-06
51 1.24e-06
52 1.3996e-06
53 1.3996e-06
54 1.2e-06
55 1.1596e-06
56 1.2e-06
57 1.3596e-06
58 1.5596e-06
59 1.16e-06
60 1.44e-06
61 1.4392e-06
62 1.24e-06
63 1.3196e-06
64 1.3196e-06
65 1.24e-06
66 1.1592e-06
67 9.2e-07
68 1.28e-06
69 1.2e-06
70 7.2e-07
71 7.99602e-07
72 9.59204e-07
73 1.24e-06
74 1.2e-06
75 1.36e-06
76 7.99602e-07
77 1.1196e-06
78 1.2e-06
79 8.4e-07
80 1.08e-06
81 8.4e-07
82 1.32e-06
83 9.99602e-07
84 1.1196e-06
85 1.1996e-06
86 8.4e-07
87 6.4e-07
88 1.04e-06
89 9.19204e-07
90 9.99602e-07
91 1.04e-06
92 6.4e-07
93 1.1196e-06
94 8.4e-07
95 9.2e-07
96 8e-07
97 1.16e-06
98 1.04e-06
99 9.19602e-07
100 1e-06
101 8.79602e-07
102 9.2e-07
103 7.19204e-07
104 8.4e-07
105 9.99602e-07
106 9.99602e-07
107 1.0796e-06
108 9.2e-07
109 6.79602e-07
110 8e-07
111 7.19204e-07
112 9.2e-07
113 8.8e-07
114 9.59204e-07
115 9.2e-07
116 9.18412e-07
117 6.79204e-07
118 1.1192e-06
119 9.99602e-07
120 7.59602e-07
121 7.99602e-07
122 1.24e-06
123 1e-06
124 9.2e-07
125 6.79602e-07
126 7.59602e-07
127 7.19602e-07
128 7.6e-07
129 1.04e-06
130 8e-07
131 8.4e-07
132 6.8e-07
133 6.4e-07
134 7.99602e-07
135 4.8e-07
136 6.39204e-07
137 7.99602e-07
138 1e-06
139 9.19204e-07
140 5.2e-07
141 7.99602e-07
142 8.79602e-07
143 9.19602e-07
144 8.79602e-07
145 5.6e-07
146 7.59602e-07
147 1.08e-06
148 6.8e-07
149 1.0796e-06
150 1.0396e-06
151 7.2e-07
152 4.8e-07
153 9.6e-07
154 4.4e-07
155 6.4e-07
156 7.6e-07
157 1.07881e-06
158 9.6e-07
159 8.79602e-07
160 7.19602e-07
161 5.6e-07
162 6.4e-07
163 7.99602e-07
164 5.99602e-07
165 5.58412e-07
166 7.6e-07
167 3.99602e-07
168 7.6e-07
169 6.8e-07
170 5.6e-07
171 9.59602e-07
172 8.4e-07
173 6.39204e-07
174 7.19602e-07
175 7.2e-07
176 6.39602e-07
177 3.59602e-07
178 8.79204e-07
179 7.6e-07
180 5.2e-07
181 7.6e-07
182 7.59602e-07
183 5.99204e-07
184 5.2e-07
185 6e-07
186 5.2e-07
187 4.4e-07
188 4.8e-07
189 5.6e-07
190 4.79602e-07
191 7.2e-07
192 6.39602e-07
193 4.79602e-07
194 5.2e-07
195 6.4e-07
196 6.39602e-07
197 5.2e-07
198 5.2e-07
199 6.8e-07
200 5.18806e-07
201 3.99602e-07
202 5.99602e-07
203 5.59602e-07
204 5.99602e-07
205 4.8e-07
206 7.19602e-07
207 9.19602e-07
208 3.19204e-07
209 7.6e-07
210 4.4e-07
211 5.19602e-07
212 6e-07
213 5.6e-07
214 7.2e-07
215 4.79602e-07
216 6.4e-07
217 6.4e-07
218 4.79602e-07
219 6.8e-07
220 5.59602e-07
221 6.78408e-07
222 9.19602e-07
223 8e-07
224 5.59602e-07
225 6.8e-07
226 6.39204e-07
227 4.4e-07
228 7.19602e-07
229 5.59602e-07
230 3.99602e-07
231 3.6e-07
232 6.4e-07
233 7.6e-07
234 6.8e-07
235 5.19602e-07
236 5.59602e-07
237 6.39602e-07
238 6.79602e-07
239 4.39602e-07
240 7.2e-07
241 7.19204e-07
242 3.2e-07
243 6.39602e-07
244 3.6e-07
245 4.39602e-07
246 6e-07
247 6.79602e-07
248 5.59602e-07
249 2.8e-07
250 5.6e-07
251 5.19602e-07
252 4.8e-07
253 5.6e-07
254 4e-07
255 3.2e-07
256 8e-07
257 6e-07
258 5.99204e-07
259 9.19204e-07
260 6.4e-07
261 6e-07
262 7.6e-07
263 5.2e-07
264 7.6e-07
265 5.99602e-07
266 6.8e-07
267 7.19602e-07
268 7.59602e-07
269 6.4e-07
270 4.79602e-07
271 4.8e-07
272 6.8e-07
273 5.99602e-07
274 5.6e-07
275 6.79602e-07
276 5.6e-07
277 3.99602e-07
278 3.99204e-07
279 4.39602e-07
280 5.19204e-07
281 4.78806e-07
282 5.2e-07
283 6.39602e-07
284 7.99602e-07
285 4.4e-07
286 6.4e-07
287 9.59602e-07
288 6.38408e-07
289 5.2e-07
290 2.8e-07
291 5.99602e-07
292 4.39602e-07
293 5.6e-07
294 5.59602e-07
295 6.8e-07
296 6e-07
297 4e-07
298 4.8e-07
299 3.19602e-07
300 4.8e-07
301 8.39602e-07
302 6.8e-07
303 5.19602e-07
304 2.79602e-07
305 4.4e-07
306 4.8e-07
307 4.4e-07
308 3.99602e-07
309 4.8e-07
310 6.4e-07
311 4.79602e-07
312 6.39602e-07
313 4.79602e-07
314 3.6e-07
315 5.2e-07
316 4.39602e-07
317 5.19602e-07
318 3.2e-07
319 5.6e-07
320 5.6e-07
321 4.4e-07
322 5.2e-07
323 6e-07
324 4.4e-07
325 6.4e-07
326 6.8e-07
327 5.2e-07
328 3.99602e-07
329 7.2e-07
330 6.79204e-07
331 5.59602e-07
332 4.79602e-07
333 4.4e-07
334 2.79602e-07
335 6.4e-07
336 6.39602e-07
337 3.59602e-07
338 5.2e-07
339 4e-07
340 4.79602e-07
341 4.8e-07
342 3.99602e-07
343 5.19602e-07
344 4.39602e-07
345 4.8e-07
346 5.99602e-07
347 2.8e-07
348 4e-07
349 5.6e-07
350 6e-07
351 6e-07
352 6e-07
353 4.8e-07
354 2.8e-07
355 3.59602e-07
356 7.2e-07
357 2.8e-07
358 5.99602e-07
359 4.8e-07
360 7.19204e-07
361 5.19204e-07
362 3.19602e-07
363 4.4e-07
364 4.8e-07
365 5.18416e-07
366 4.4e-07
367 4.8e-07
368 5.98408e-07
369 5.2e-07
370 7.2e-07
371 3.6e-07
372 4e-07
373 3.99204e-07
374 5.19602e-07
375 4.39602e-07
376 6.79204e-07
377 4.39602e-07
378 5.99602e-07
379 3.2e-07
380 5.6e-07
381 5.19208e-07
382 3.6e-07
383 4.39602e-07
384 3.99602e-07
385 3.2e-07
386 4.39602e-07
387 6.4e-07
388 4.79602e-07
389 2.8e-07
390 4.39602e-07
391 1.59208e-07
392 4e-07
393 4e-07
394 3.6e-07
395 6.8e-07
396 4.8e-07
397 8.79602e-07
398 6e-07
399 4.39204e-07
400 5.2e-07
401 5.2e-07
402 3.59602e-07
403 5.2e-07
404 5.6e-07
405 2.4e-07
406 1.6e-07
407 4.39602e-07
408 2.4e-07
409 1.6e-07
410 3.99204e-07
411 4.4e-07
412 4e-07
413 2.79602e-07
414 5.19602e-07
415 4.79602e-07
416 4.79602e-07
417 1.2e-07
418 5.2e-07
419 3.2e-07
420 2.4e-07
421 3.6e-07
422 4.39602e-07
423 3.99204e-07
424 2.79602e-07
425 3.6e-07
426 4e-07
427 4.79204e-07
428 3.6e-07
429 5.59204e-07
430 4.38806e-07
431 4.39602e-07
432 4.4e-07
433 5.59204e-07
434 6.4e-07
435 3.6e-07
436 3.2e-07
437 4.8e-07
438 5.19602e-07
439 4.8e-07
440 5.2e-07
441 5.9881e-07
442 2.79602e-07
443 3.6e-07
444 3.2e-07
445 4.79602e-07
446 3.19602e-07
447 3.59602e-07
448 2.4e-07
449 2.8e-07
450 4.8e-07
451 4.39204e-07
452 2.4e-07
453 3.59602e-07
454 4.78806e-07
455 4e-07
456 4.8e-07
457 4e-07
458 3.6e-07
459 2.4e-07
460 4e-07
461 3.9881e-07
462 5.19204e-07
463 4e-07
464 4.4e-07
465 6.79602e-07
466 2.4e-07
467 3.2e-07
468 5.99204e-07
469 4.79204e-07
470 3.2e-07
471 2.4e-07
472 4.79602e-07
473 3.2e-07
474 5.6e-07
475 1.6e-07
476 3.2e-07
477 4.8e-07
478 8e-08
479 5.2e-07
480 3.99602e-07
481 5.19204e-07
482 4.4e-07
483 3.6e-07
484 3.2e-07
485 1.99602e-07
486 3.2e-07
487 2.8e-07
488 3.98806e-07
489 3.6e-07
490 5.59204e-07
491 3.2e-07
492 4.39602e-07
493 4e-07
494 3.99602e-07
495 2.4e-07
496 3.99204e-07
497 6.8e-07
498 7.19204e-07
499 4e-07
500 6e-07
501 1.6e-07
502 2.4e-07
503 2.8e-07
504 5.19602e-07
505 4.8e-07
506 3.59602e-07
507 3.2e-07
508 3.59602e-07
509 5.2e-07
510 5.19602e-07
511 3.2e-07
512 4.39602e-07
513 3.19602e-07
514 4.79204e-07
515 3.59602e-07
516 3.2e-07
517 5.19602e-07
518 4e-07
519 2.39602e-07
520 4.79602e-07
521 4.39602e-07
522 3.6e-07
523 2.79602e-07
524 3.19602e-07
525 3.6e-07
526 4.39602e-07
527 2.4e-07
528 3.19204e-07
529 5.19602e-07
530 5.59204e-07
531 4.39602e-07
532 6.39602e-07
533 5.59602e-07
534 5.59602e-07
535 3.19602e-07
536 3.2e-07
537 2.79602e-07
538 4.79602e-07
539 3.59204e-07
540 6e-07
541 4.39204e-07
542 4.4e-07
543 4e-07
544 7.19204e-07
545 2.39602e-07
546 4.8e-07
547 4.4e-07
548 2.39602e-07
549 5.99602e-07
550 2e-07
551 3.6e-07
552 4.39602e-07
553 3.6e-07
554 3.2e-07
555 3.2e-07
556 1.99602e-07
557 2e-07
558 3.2e-07
559 1.99204e-07
560 4e-07
561 3.6e-07
562 3.59204e-07
563 2.8e-07
564 3.2e-07
565 3.2e-07
566 2.8e-07
567 4.4e-07
568 4e-07
569 3.59602e-07
570 4.39602e-07
571 1.2e-07
572 3.2e-07
573 4.79602e-07
574 2.8e-07
575 5.98412e-07
576 5.99602e-07
577 2.8e-07
578 4e-07
579 2.8e-07
580 4.8e-07
581 4.8e-07
582 2.4e-07
583 8e-08
584 5.99602e-07
585 2e-07
586 3.19602e-07
587 4.39602e-07
588 4.8e-07
589 2.4e-07
590 4.8e-07
591 4e-07
592 1.99602e-07
593 3.59602e-07
594 3.2e-07
595 3.2e-07
596 2.4e-07
597 3.99602e-07
598 5.6e-07
599 5.18412e-07
600 2.4e-07
601 3.99208e-07
602 2.8e-07
603 3.59204e-07
604 4.39602e-07
605 3.99602e-07
606 4e-07
607 5.59602e-07
608 3.2e-07
609 2.8e-07
610 4e-07
611 3.59602e-07
612 4.4e-07
613 4.4e-07
614 2.4e-07
615 3.59204e-07
616 3.99602e-07
617 3.59602e-07
618 3.19602e-07
619 5.59204e-07
620 5.6e-07
621 4.78806e-07
622 2.39602e-07
623 3.99602e-07
624 2.79208e-07
625 3.59204e-07
626 3.2e-07
627 1.99602e-07
628 3.2e-07
629 3.2e-07
630 5.19204e-07
631 2.79602e-07
632 2.79602e-07
633 1.99602e-07
634 8e-08
635 3.9602e-08
636 5.19602e-07
637 3.6e-07
638 4.8e-07
639 8e-08
640 2.79602e-07
641 3.1881e-07
642 3.19602e-07
643 4e-07
644 3.19602e-07
645 1.19602e-07
646 3.19602e-07
647 3.59602e-07
648 4.79602e-07
649 3.2e-07
650 3.59208e-07
651 3.19204e-07
652 2e-07
653 5.59204e-07
654 2.79602e-07
655 4.39204e-07
656 2.8e-07
657 2.8e-07
658 5.2e-07
659 2.79602e-07
660 3.5881e-07
661 4.4e-07
662 4.4e-07
663 3.2e-07
664 3.6e-07
665 2.8e-07
666 3.19204e-07
667 2.4e-07
668 3.59602e-07
669 3.2e-07
670 4e-07
671 2e-07
672 2.4e-07
673 1.59602e-07
674 2e-07
675 4.4e-07
676 3.6e-07
677 4.39602e-07
678 3.6e-07
679 3.99602e-07
680 3.2e-07
681 6.4e-07
682 2.79204e-07
683 1.99602e-07
684 3.2e-07
685 2.8e-07
686 4.39602e-07
687 1.99602e-07
688 4.39204e-07
689 3.59602e-07
690 4.4e-07
691 1.99602e-07
692 2.8e-07
693 3.19602e-07
694 3.19204e-07
695 1.99204e-07
696 1.6e-07
697 3.2e-07
698 3.6e-07
699 2.8e-07
700 1.59602e-07
701 2.4e-07
702 1.6e-07
703 3.2e-07
704 3.19204e-07
705 2.39602e-07
706 6e-07
707 1.2e-07
708 2.39204e-07
709 3.99602e-07
710 3.19204e-07
711 5.2e-07
712 3.6e-07
713 3.6e-07
714 3.2e-07
715 4e-07
716 4e-07
717 2.8e-07
718 3.6e-07
719 3.2e-07
720 2.8e-07
721 3.59204e-07
722 5.2e-07
723 3.99204e-07
724 4.8e-07
725 3.59204e-07
726 4e-07
727 3.2e-07
728 3.99602e-07
729 3.2e-07
730 1.6e-07
731 5.58806e-07
732 4.79204e-07
733 3.99602e-07
734 2e-07
735 3.18806e-07
736 3.19208e-07
737 4.8e-07
738 8e-08
739 4.39602e-07
740 2e-07
741 4.4e-07
742 2e-07
743 2.39602e-07
744 3.19602e-07
745 3.99602e-07
746 3.2e-07
747 2.4e-07
748 3.99602e-07
749 2.79204e-07
750 5.19602e-07
751 2.39602e-07
752 3.19602e-07
753 2.4e-07
754 2.8e-07
755 3.6e-07
756 3.2e-07
757 3.2e-07
758 3.59602e-07
759 2.8e-07
760 3.19602e-07
761 1.6e-07
762 1.99602e-07
763 1.2e-07
764 2.79602e-07
765 1.99602e-07
766 2.4e-07
767 5.19204e-07
768 3.99602e-07
769 3.2e-07
770 2.8e-07
771 3.19602e-07
772 4e-07
773 4.4e-07
774 3.6e-07
775 2.39602e-07
776 2e-07
777 1.6e-07
778 2.39602e-07
779 1.6e-07
780 4.39204e-07
781 2.8e-07
782 2.4e-07
783 3.59602e-07
784 3.59204e-07
785 3.18806e-07
786 2.39602e-07
787 4.8e-07
788 5.19602e-07
789 4.79602e-07
790 4.78412e-07
791 3.6e-07
792 3.59602e-07
793 3.19204e-07
794 4.79602e-07
795 3.2e-07
796 2.4e-07
797 1.2e-07
798 2.39602e-07
799 2.4e-07
800 3.2e-07
801 1.19602e-07
802 4e-07
803 3.59602e-07
804 5.19602e-07
805 2.8e-07
806 3.19602e-07
807 3.99602e-07
808 2.39204e-07
809 3.19602e-07
810 4.8e-07
811 1.99602e-07
812 4e-07
813 4e-07
814 4e-07
815 2.8e-07
816 3.99602e-07
817 4e-07
818 3.6e-07
819 1.6e-07
820 2.8e-07
821 2.4e-07
822 3.6e-07
823 3.99602e-07
824 2.4e-07
825 3.6e-07
826 4e-07
827 2.79602e-07
828 1.59602e-07
829 2.8e-07
830 3.2e-07
831 4.39602e-07
832 3.19602e-07
833 2.8e-07
834 2.8e-07
835 2.39602e-07
836 3.6e-07
837 2.79602e-07
838 2.4e-07
839 4.4e-07
840 2.8e-07
841 2e-07
842 3.99602e-07
843 3.6e-07
844 1.99204e-07
845 5.2e-07
846 2.39208e-07
847 3.59602e-07
848 3.2e-07
849 4.8e-07
850 2e-07
851 1.6e-07
852 2.39602e-07
853 3.19204e-07
854 3.2e-07
855 2.4e-07
856 2.4e-07
857 3.2e-07
858 3.59204e-07
859 4.39602e-07
860 3.19602e-07
861 3.59204e-07
862 2.8e-07
863 1.19602e-07
864 4e-07
865 4.4e-07
866 3.6e-07
867 5.99204e-07
868 3.59602e-07
869 1.99602e-07
870 4e-07
871 4.39602e-07
872 2.39602e-07
873 3.2e-07
874 2.39204e-07
875 3.99602e-07
876 2.79602e-07
877 1.19602e-07
878 1.99602e-07
879 2.4e-07
880 4.4e-07
881 2e-07
882 3.6e-07
883 4.4e-07
884 2.4e-07
885 1.6e-07
886 3.99204e-07
887 3.2e-07
888 4.3881e-07
889 2e-07
890 1.2e-07
891 3.2e-07
892 3.2e-07
893 3.19602e-07
894 3.99204e-07
895 2e-07
896 3.2e-07
897 2.8e-07
898 3.6e-07
899 3.2e-07
900 4.39602e-07
901 1.6e-07
902 2.8e-07
903 3.59204e-07
904 5.99204e-07
905 2.8e-07
906 3.2e-07
907 3.99602e-07
908 1.2e-07
909 1.99602e-07
910 4.39602e-07
911 1.2e-07
912 3.99602e-07
913 2.39602e-07
914 3.19602e-07
915 4.39602e-07
916 1.2e-07
917 1.2e-07
918 1.6e-07
919 3.99204e-07
920 2.4e-07
921 3.19602e-07
922 3.58806e-07
923 2.8e-07
924 3.6e-07
925 2.79602e-07
926 3.57616e-07
927 4.4e-07
928 2.4e-07
929 2.8e-07
930 1.6e-07
931 2.79602e-07
932 3.99602e-07
933 2.4e-07
934 7.9602e-08
935 2.8e-07
936 2.39204e-07
937 2e-07
938 2e-07
939 3.18806e-07
940 2.79204e-07
941 3.19602e-07
942 2.39602e-07
943 1.2e-07
944 3.2e-07
945 1.99602e-07
946 1.99602e-07
947 1.99602e-07
948 3.2e-07
949 1.59602e-07
950 4e-07
951 3.19602e-07
952 1.6e-07
953 2.8e-07
954 3.59204e-07
955 2.8e-07
956 2e-07
957 2.79602e-07
958 3.6e-07
959 2.4e-07
960 1.59602e-07
961 2.3842e-07
962 1.99602e-07
963 1.59602e-07
964 1.19602e-07
965 3.19602e-07
966 3.6e-07
967 1.6e-07
968 3.99602e-07
969 2.8e-07
970 2e-07
971 2.8e-07
972 2e-07
973 2.4e-07
974 4.4e-07
975 3.59602e-07
976 2.8e-07
977 2.4e-07
978 2.79602e-07
979 2.8e-07
980 3.59602e-07
981 2.39602e-07
982 8e-08
983 2.79602e-07
984 2.8e-07
985 2.8e-07
986 1.59602e-07
987 2.39602e-07
988 2.8e-07
989 1.6e-07
990 4.39602e-07
991 3.2e-07
992 3.2e-07
993 4.8e-07
994 8e-08
995 3.6e-07
996 2.4e-07
997 3.19602e-07
998 4.4e-07
999 0
