0 0
1 0.0001008
2 7.44e-05
3 6.24e-05
4 5.36e-05
5 4.39619e-05
6 4.03619e-05
7 3.36e-05
8 3.72e-05
9 3.64e-05
10 3.63619e-05
11 3.23619e-05
12 3.08e-05
13 3.2e-05
14 2.16e-05
15 2.6e-05
16 2.2e-05
17 2.71239e-05
18 2.43619e-05
19 2.15619e-05
20 2.15619e-05
21 2.48e-05
22 2.12e-05
23 1.64e-05
24 2.55239e-05
25 1.72e-05
26 1.92e-05
27 2.44e-05
28 1.64e-05
29 2.15619e-05
30 2.47619e-05
31 1.27619e-05
32 1.35619e-05
33 1.6e-05
34 1.4e-05
35 1.8e-05
36 1.24e-05
37 1.6e-05
38 1.6e-05
39 1.28e-05
40 1.68e-05
41 1.39619e-05
42 1.43239e-05
43 1.71619e-05
44 1.48e-05
45 1.72e-05
46 1.36e-05
47 1.67619e-05
48 7.2e-06
49 1.16e-05
50 1.8e-05
51 1.42858e-05
52 7.96193e-06
53 1.12e-05
54 1.59619e-05
55 1.24e-05
56 1.23619e-05
57 1.6e-05
58 1.23239e-05
59 1.07239e-05
60 1.16e-05
61 1.42858e-05
62 9.56193e-06
63 1.28e-05
64 1.04e-05
65 1.08e-05
66 1.27239e-05
67 1.2e-05
68 1.39239e-05
69 1.23619e-05
70 1.44e-05
71 1.47239e-05
72 1.19619e-05
73 9.6e-06
74 1.32e-05
75 7.96193e-06
76 1.11239e-05
77 1.31619e-05
78 7.56193e-06
79 9.12387e-06
80 9.6e-06
81 1.04e-05
82 1.18858e-05
83 1.12e-05
84 1e-05
85 1.12e-05
86 1.64e-05
87 1.11619e-05
88 8.8e-06
89 1e-05
90 8.76193e-06
91 9.16193e-06
92 8.4e-06
93 1.31619e-05
94 8.72387e-06
95 1.08e-05
96 8e-06
97 6e-06
98 1.15619e-05
99 1.03619e-05
100 1.19619e-05
101 5.2e-06
102 6.36193e-06
103 7.6e-06
104 8e-06
105 9.96193e-06
106 7.56193e-06
107 7.96193e-06
108 6.4e-06
109 8e-06
110 8.76193e-06
111 9.2e-06
112 1.12e-05
113 6e-06
114 7.96193e-06
115 9.6e-06
116 7.96193e-06
117 7.52387e-06
118 1e-05
119 1.08e-05
120 7.56193e-06
121 8.76193e-06
122 8.32387e-06
123 9.16193e-06
124 8.76193e-06
125 8.4e-06
126 8.76193e-06
127 8.32749e-06
128 4.4e-06
129 5.96193e-06
130 6.6858e-06
131 8.76193e-06
132 7.2e-06
133 1.15239e-05
134 8.76193e-06
135 9.2e-06
136 6.76193e-06
137 8e-06
138 1.04e-05
139 7.96193e-06
140 7.2e-06
141 7.56193e-06
142 9.6e-06
143 1.08e-05
144 5.96193e-06
145 7.16193e-06
146 7.2e-06
147 9.96193e-06
148 7.2e-06
149 7.2e-06
150 4.4e-06
151 6e-06
152 4e-06
153 7.6e-06
154 4.8e-06
155 6.76193e-06
156 8.4e-06
157 9.92387e-06
158 7.2e-06
159 7.56193e-06
160 9.4858e-06
161 8.4e-06
162 4.8e-06
163 7.16193e-06
164 7.12387e-06
165 9.16193e-06
166 7.96193e-06
167 1.08e-05
168 8.36193e-06
169 5.96193e-06
170 7.96193e-06
171 8e-06
172 5.2e-06
173 1.03239e-05
174 5.6e-06
175 9.16193e-06
176 6e-06
177 2.4e-06
178 6e-06
179 4.8e-06
180 8.4e-06
181 6.4e-06
182 5.52387e-06
183 7.2e-06
184 5.56193e-06
185 6e-06
186 6.72387e-06
187 8.4e-06
188 6.8e-06
189 3.6e-06
190 4.32387e-06
191 7.2e-06
192 5.92749e-06
193 6.4e-06
194 5.2e-06
195 5.2e-06
196 5.2e-06
197 5.2e-06
198 7.56193e-06
199 5.2e-06
200 6.36193e-06
201 9.12387e-06
202 4e-06
203 6.36193e-06
204 6.76193e-06
205 6e-06
206 4.36193e-06
207 8.72387e-06
208 6.36193e-06
209 7.92387e-06
210 5.56193e-06
211 5.96193e-06
212 5.2e-06
213 8.36193e-06
214 3.6e-06
215 6e-06
216 4.4e-06
217 5.56193e-06
218 8.36193e-06
219 5.56193e-06
220 5.6e-06
221 3.2e-06
222 9.96193e-06
223 4.32387e-06
224 7.6e-06
225 6.76193e-06
226 4e-06
227 4.4e-06
228 6e-06
229 3.96193e-06
230 5.96193e-06
231 2.8e-06
232 6.76193e-06
233 1.56193e-06
234 5.6e-06
235 8.4e-06
236 7.2e-06
237 6e-06
238 5.6e-06
239 6.72387e-06
240 4e-06
241 7.2e-06
242 6.36193e-06
243 7.6e-06
244 6.8e-06
245 5.56193e-06
246 6.36193e-06
247 6.32387e-06
248 9.6e-06
249 6.72387e-06
250 6.4e-06
251 5.56193e-06
252 6.8e-06
253 7.56193e-06
254 4.4e-06
255 4e-06
256 3.2e-06
257 7.4858e-06
258 5.96193e-06
259 7.16193e-06
260 8.76193e-06
261 6.8e-06
262 6.4e-06
263 4.8e-06
264 7.4858e-06
265 6.8e-06
266 7.12387e-06
267 7.2e-06
268 3.6e-06
269 4.76193e-06
270 6.4e-06
271 2.76193e-06
272 6.36193e-06
273 5.2e-06
274 6.76193e-06
275 4.8e-06
276 5.52387e-06
277 5.52387e-06
278 5.92387e-06
279 6.76193e-06
280 4.8e-06
281 5.16193e-06
282 5.2e-06
283 3.6e-06
284 5.6e-06
285 3.56193e-06
286 4.4e-06
287 3.2e-06
288 6.8e-06
289 3.6e-06
290 3.92387e-06
291 6e-06
292 3.6e-06
293 5.96193e-06
294 4.36193e-06
295 5.16193e-06
296 5.4858e-06
297 4.4e-06
298 8.72387e-06
299 6.72387e-06
300 4.4e-06
301 6.68943e-06
302 5.6e-06
303 6.4e-06
304 6.32387e-06
305 3.2e-06
306 7.56193e-06
307 7.12387e-06
308 4.4e-06
309 3.56193e-06
310 6.8e-06
311 6.8e-06
312 3.8858e-06
313 3.6e-06
314 5.2e-06
315 9.2e-06
316 5.0858e-06
317 4e-06
318 5.2e-06
319 3.6e-06
320 5.56193e-06
321 5.56193e-06
322 8.36193e-06
323 4.36193e-06
324 5.6e-06
325 7.16193e-06
326 6.76193e-06
327 6.8e-06
328 7.52387e-06
329 3.2e-06
330 7.6e-06
331 5.2e-06
332 3.56193e-06
333 4.4e-06
334 6.36193e-06
335 6.76193e-06
336 5.12387e-06
337 2e-06
338 4.36193e-06
339 4.76193e-06
340 4.4e-06
341 4.4e-06
342 4.8e-06
343 3.2e-06
344 6.8e-06
345 4.4e-06
346 3.6e-06
347 6.36193e-06
348 4.76193e-06
349 4.36193e-06
350 5.92387e-06
351 3.56193e-06
352 3.2e-06
353 6.76193e-06
354 5.2e-06
355 4e-06
356 2.36193e-06
357 5.6e-06
358 6.72387e-06
359 4.4e-06
360 6.32387e-06
361 2.4e-06
362 5.6e-06
363 2.76193e-06
364 5.56193e-06
365 4.36193e-06
366 3.2e-06
367 2.8e-06
368 3.6e-06
369 2e-06
370 4.76193e-06
371 7.12387e-06
372 6.36193e-06
373 3.52387e-06
374 3.2e-06
375 4e-06
376 4.8e-06
377 4.4e-06
378 4.4e-06
379 4.36193e-06
380 6.36193e-06
381 5.16193e-06
382 8.4e-06
383 3.6e-06
384 6.72387e-06
385 6.76193e-06
386 6.36193e-06
387 6.8e-06
388 5.12387e-06
389 5.16193e-06
390 4.72387e-06
391 5.16193e-06
392 3.6e-06
393 5.6e-06
394 4.64774e-06
395 5.56193e-06
396 4.4e-06
397 4.8e-06
398 5.88943e-06
399 3.16193e-06
400 4.32387e-06
401 2e-06
402 4e-06
403 3.56193e-06
404 3.2e-06
405 6.36193e-06
406 3.2e-06
407 4e-06
408 4.2858e-06
409 2.4e-06
410 4.36193e-06
411 9.96193e-06
412 2.8e-06
413 2.76193e-06
414 7.6e-06
415 2.8e-06
416 5.6e-06
417 4.76193e-06
418 8e-07
419 3.2e-06
420 2.76193e-06
421 4e-06
422 3.12387e-06
423 2.76193e-06
424 4e-06
425 2.76193e-06
426 1.96193e-06
427 4.36193e-06
428 3.6e-06
429 4.4e-06
430 2e-06
431 5.2e-06
432 6.4e-06
433 5.12387e-06
434 4e-06
435 2e-06
436 2.8e-06
437 6.36193e-06
438 4.76193e-06
439 5.2e-06
440 2.8e-06
441 1.96193e-06
442 4.32387e-06
443 6.64774e-06
444 5.52387e-06
445 2.4e-06
446 3.6e-06
447 3.6e-06
448 3.6e-06
449 6.8e-06
450 4e-06
451 2.76193e-06
452 2e-06
453 2.4e-06
454 3.16193e-06
455 5.56193e-06
456 4.8e-06
457 2.8e-06
458 3.6e-06
459 4.76193e-06
460 5.12387e-06
461 3.56193e-06
462 3.56193e-06
463 3.2e-06
464 4.4e-06
465 1.2e-06
466 4e-06
467 2.8e-06
468 3.2e-06
469 5.56193e-06
470 2.4e-06
471 4.8e-06
472 2.76193e-06
473 3.6e-06
474 5.92387e-06
475 3.56193e-06
476 1.6e-06
477 3.96193e-06
478 3.56193e-06
479 4e-06
480 2.4e-06
481 5.6e-06
482 4.36193e-06
483 4.72387e-06
484 5.6e-06
485 4.4e-06
486 2.2858e-06
487 3.92387e-06
488 3.2e-06
489 3.2e-06
490 4.4e-06
491 4e-06
492 3.2e-06
493 6e-06
494 7.16193e-06
495 3.6e-06
496 4.76193e-06
497 3.6e-06
498 3.52387e-06
499 4.36193e-06
500 2.4e-06
501 5.56193e-06
502 3.16193e-06
503 4.76193e-06
504 4e-06
505 3.2e-06
506 2.8e-06
507 3.6e-06
508 6.4e-06
509 3.96193e-06
510 2.4e-06
511 4.72387e-06
512 2.76193e-06
513 2.68943e-06
514 4.4e-06
515 4.8e-06
516 4e-06
517 5.52387e-06
518 4.8e-06
519 2.8e-06
520 3.2e-06
521 5.2e-06
522 4.8e-06
523 3.6e-06
524 5.92387e-06
525 2.36193e-06
526 3.2e-06
527 4e-06
528 4.36193e-06
529 3.96193e-06
530 3.6e-06
531 1.2e-06
532 3.16193e-06
533 3.6e-06
534 5.2e-06
535 4.4e-06
536 4.76193e-06
537 3.6e-06
538 4.8e-06
539 3.2e-06
540 3.96193e-06
541 3.16193e-06
542 3.6e-06
543 5.6e-06
544 2e-06
545 1.96193e-06
546 3.6e-06
547 6.8e-06
548 3.92387e-06
549 4.72387e-06
550 1.6e-06
551 5.16193e-06
552 5.6e-06
553 3.56193e-06
554 3.52387e-06
555 3.2e-06
556 3.56193e-06
557 3.6e-06
558 3.6e-06
559 4e-06
560 4.72387e-06
561 3.52749e-06
562 3.6e-06
563 3.16193e-06
564 3.6e-06
565 3.6e-06
566 3.56193e-06
567 2.76193e-06
568 6.36193e-06
569 4.76193e-06
570 4e-07
571 2.72387e-06
572 2e-06
573 2e-06
574 4.4e-06
575 3.16193e-06
576 3.16193e-06
577 3.96193e-06
578 3.2e-06
579 5.16193e-06
580 1.96193e-06
581 5.16193e-06
582 2e-06
583 3.96193e-06
584 3.6e-06
585 2e-06
586 2.36193e-06
587 1.6e-06
588 8e-07
589 5.6e-06
590 6.76193e-06
591 5.56193e-06
592 3.6e-06
593 3.6e-06
594 1.92749e-06
595 4e-06
596 3.12387e-06
597 4e-06
598 1.2e-06
599 2.36193e-06
600 2.4e-06
601 3.96193e-06
602 3.56193e-06
603 4.36193e-06
604 2.4e-06
605 3.6e-06
606 2.8e-06
607 3.12387e-06
608 3.56193e-06
609 4.4e-06
610 2.72387e-06
611 4.76193e-06
612 4.8e-06
613 2.8e-06
614 1.96193e-06
615 1.2e-06
616 3.56193e-06
617 5.52387e-06
618 3.56193e-06
619 4e-06
620 6e-06
621 4.8e-06
622 4.76193e-06
623 2e-06
624 3.96193e-06
625 2.4e-06
626 3.96193e-06
627 5.92387e-06
628 3.16193e-06
629 3.6e-06
630 2e-06
631 3.16193e-06
632 3.2e-06
633 3.6e-06
634 2e-06
635 5.12749e-06
636 3.56193e-06
637 3.92387e-06
638 3.56193e-06
639 1.96193e-06
640 2.8e-06
641 3.52749e-06
642 2e-06
643 4.32387e-06
644 4.4e-06
645 3.6e-06
646 2.76193e-06
647 3.56193e-06
648 3.6e-06
649 2.4e-06
650 2.4e-06
651 1.6e-06
652 3.52387e-06
653 1.6e-06
654 3.6e-06
655 4e-06
656 4e-06
657 1.6e-06
658 2.8e-06
659 4.8e-06
660 5.96193e-06
661 4.36193e-06
662 2.4e-06
663 3.6e-06
664 3.56193e-06
665 2.72749e-06
666 3.16193e-06
667 3.2e-06
668 5.2e-06
669 3.6e-06
670 2.8e-06
671 3.6e-06
672 2.8e-06
673 2e-06
674 4.8e-06
675 2.36193e-06
676 2.76193e-06
677 3.56193e-06
678 3.2e-06
679 1.96193e-06
680 3.96193e-06
681 3.6e-06
682 1.6e-06
683 2.76193e-06
684 2.8e-06
685 1.6e-06
686 2.36193e-06
687 1.6e-06
688 3.6e-06
689 5.16193e-06
690 4.36193e-06
691 3.6e-06
692 2.76193e-06
693 5.2e-06
694 3.2e-06
695 3.56193e-06
696 2.4e-06
697 2.4e-06
698 2e-06
699 4.8e-06
700 3.2e-06
701 1.16193e-06
702 2.76193e-06
703 1.96193e-06
704 1.2e-06
705 2.36193e-06
706 3.6e-06
707 2.4e-06
708 5.16193e-06
709 3.2e-06
710 1.6e-06
711 1.52749e-06
712 8e-07
713 4.72387e-06
714 1.56193e-06
715 3.52387e-06
716 2.76193e-06
717 4e-06
718 2e-06
719 4.32387e-06
720 3.16193e-06
721 1.6e-06
722 1.6e-06
723 8e-07
724 2.36193e-06
725 1.96193e-06
726 4.4e-06
727 2.4e-06
728 2e-06
729 2.8e-06
730 2.8e-06
731 2e-06
732 2.8e-06
733 3.6e-06
734 2e-06
735 4e-06
736 3.2e-06
737 4.8e-06
738 3.96193e-06
739 2.4e-06
740 4.8e-06
741 2.8e-06
742 4e-06
743 1.52387e-06
744 1.6e-06
745 4e-06
746 3.56193e-06
747 4.36193e-06
748 2.8e-06
749 3.96193e-06
750 2.72749e-06
751 5.4858e-06
752 3.56193e-06
753 5.16193e-06
754 2.36193e-06
755 3.96193e-06
756 2.4e-06
757 2.29633e-06
758 3.6e-06
759 4.76193e-06
760 3.2e-06
761 4.36193e-06
762 3.12387e-06
763 2.8e-06
764 2.72387e-06
765 3.56193e-06
766 3.12387e-06
767 2.76193e-06
768 8e-07
769 3.56193e-06
770 3.52387e-06
771 2.8e-06
772 3.96193e-06
773 4.4e-06
774 3.56193e-06
775 3.12387e-06
776 3.52387e-06
777 1.96193e-06
778 3.6e-06
779 4e-06
780 4e-06
781 3.6e-06
782 2.32387e-06
783 2.76193e-06
784 2.36193e-06
785 3.16193e-06
786 3.96193e-06
787 3.12387e-06
788 2.76193e-06
789 3.88943e-06
790 2.36193e-06
791 2.36193e-06
792 5.12387e-06
793 1.2e-06
794 2.72387e-06
795 3.16193e-06
796 4e-06
797 3.6e-06
798 2.8e-06
799 3.45136e-06
800 2.36193e-06
801 3.56193e-06
802 2.8e-06
803 4e-06
804 1.96193e-06
805 2.4e-06
806 3.92387e-06
807 3.96193e-06
808 2.8e-06
809 1.2e-06
810 1.6e-06
811 2.8e-06
812 3.12387e-06
813 2.76193e-06
814 2.4e-06
815 2e-06
816 2.76193e-06
817 3.96193e-06
818 3.16193e-06
819 3.56193e-06
820 2e-06
821 2e-06
822 8e-07
823 3.05136e-06
824 2.4e-06
825 2.8e-06
826 2.76193e-06
827 3.96193e-06
828 4.32387e-06
829 1.6e-06
830 2.4e-06
831 1.92749e-06
832 4.6858e-06
833 3.56193e-06
834 1.6e-06
835 2e-06
836 3.56193e-06
837 1.96193e-06
838 3.2e-06
839 3.16193e-06
840 3.6e-06
841 2.4e-06
842 3.16193e-06
843 2e-06
844 5.16193e-06
845 6.36193e-06
846 2.4e-06
847 3.16193e-06
848 3.16193e-06
849 2.36193e-06
850 4.76193e-06
851 1.56193e-06
852 3.6e-06
853 4.4e-06
854 1.6e-06
855 2.76193e-06
856 2e-06
857 1.2e-06
858 1.56193e-06
859 3.84774e-06
860 2.8e-06
861 5.45136e-06
862 2.8e-06
863 3.2e-06
864 1.2e-06
865 2.8e-06
866 2.8e-06
867 4e-06
868 3.6e-06
869 1.6e-06
870 3.2e-06
871 3.88943e-06
872 2.4e-06
873 4.76193e-06
874 3.92387e-06
875 2.8e-06
876 2e-06
877 3.12387e-06
878 2.36193e-06
879 1.6e-06
880 4.8e-06
881 3.12387e-06
882 2.36193e-06
883 3.52387e-06
884 2e-06
885 3.6e-06
886 2e-06
887 2.4e-06
888 2.36193e-06
889 3.56193e-06
890 3.2e-06
891 3.6e-06
892 2.4e-06
893 2e-06
894 3.96193e-06
895 2e-06
896 8e-07
897 5.12749e-06
898 1.2e-06
899 2.8e-06
900 3.56193e-06
901 2e-06
902 3.16193e-06
903 3.92387e-06
904 1.12749e-06
905 2e-06
906 8e-07
907 1.6e-06
908 1.52387e-06
909 3.2e-06
910 1.2e-06
911 3.2e-06
912 1.92387e-06
913 1.6e-06
914 4e-07
915 2.4e-06
916 3.96193e-06
917 1.6e-06
918 1.96193e-06
919 2.4e-06
920 1.96193e-06
921 1.56193e-06
922 3.96193e-06
923 2.8e-06
924 3.2e-06
925 2.8e-06
926 2.36193e-06
927 3.52387e-06
928 3.2e-06
929 1.2e-06
930 1.6e-06
931 1.6e-06
932 3.16193e-06
933 3.96193e-06
934 4.36193e-06
935 2.8e-06
936 2.76193e-06
937 4.4e-06
938 4.72387e-06
939 2e-06
940 1.92749e-06
941 2e-06
942 1.2e-06
943 1.6e-06
944 5.12387e-06
945 1.2e-06
946 3.6e-06
947 3.92387e-06
948 2.4e-06
949 2.8e-06
950 2e-06
951 0
952 3.6e-06
953 4.36193e-06
954 1.2e-06
955 3.6e-06
956 3.2e-06
957 2.36193e-06
958 1.2e-06
959 3.2e-06
960 8e-07
961 4e-06
962 4.76193e-06
963 2e-06
964 1.2e-06
965 3.16193e-06
966 2.72387e-06
967 3.2e-06
968 2.72387e-06
969 2.4e-06
970 3.56193e-06
971 3.16193e-06
972 1.2e-06
973 2.8e-06
974 2.36193e-06
975 1.96193e-06
976 2.76193e-06
977 2.36193e-06
978 2.8e-06
979 3.56193e-06
980 1.56193e-06
981 4e-06
982 2.36193e-06
983 4.32387e-06
984 1.6e-06
985 2.8e-06
986 3.96193e-06
987 3.96193e-06
988 3.2e-06
989 1.2e-06
990 1.6e-06
991 4e-06
992 2.76193e-06
993 4.72749e-06
994 2.8e-06
995 4.8e-06
996 3.2e-06
997 8e-07
998 3.56193e-06
999 0
