0 0
1 0.0001176
2 7.55619e-05
3 7.12e-05
4 5e-05
5 4.52e-05
6 4.16e-05
7 4.16e-05
8 3.76e-05
9 3.52e-05
10 3.28e-05
11 3.71239e-05
12 3.36e-05
13 3.48e-05
14 2.35239e-05
15 3.03239e-05
16 2.56e-05
17 1.92e-05
18 2.08e-05
19 1.87619e-05
20 2.15619e-05
21 2.36e-05
22 2.16e-05
23 1.56e-05
24 1.63619e-05
25 1.64e-05
26 2.04e-05
27 2.63619e-05
28 2.43619e-05
29 1.48e-05
30 1.79619e-05
31 1.64e-05
32 1.8e-05
33 1.43619e-05
34 1.48e-05
35 1.8e-05
36 1.63619e-05
37 1.68e-05
38 1.56e-05
39 1.67619e-05
40 1.94858e-05
41 1.43239e-05
42 9.16193e-06
43 1.27619e-05
44 1.27619e-05
45 1.16e-05
46 1.43619e-05
47 1.27239e-05
48 1.36e-05
49 1.48e-05
50 1.48e-05
51 9.96193e-06
52 1.16e-05
53 1.24e-05
54 1.24e-05
55 9.56193e-06
56 1.23239e-05
57 1.63619e-05
58 1.32e-05
59 1.28e-05
60 1.28e-05
61 1.4e-05
62 1.48e-05
63 1.15619e-05
64 1.27619e-05
65 1.55619e-05
66 9.6e-06
67 1.43619e-05
68 1.19619e-05
69 1.32e-05
70 1.15619e-05
71 1.07619e-05
72 4.4e-06
73 9.12387e-06
74 1.16e-05
75 8.76193e-06
76 1.47619e-05
77 1.47619e-05
78 8.8e-06
79 1.36e-05
80 1.19619e-05
81 1.23619e-05
82 1.2e-05
83 7.16193e-06
84 7.2e-06
85 1.28e-05
86 9.56193e-06
87 1.27239e-05
88 1.11239e-05
89 1.2e-05
90 7.8858e-06
91 8e-06
92 9.6e-06
93 1.07619e-05
94 1.03619e-05
95 1e-05
96 1.07619e-05
97 5.6e-06
98 8.4e-06
99 1.12e-05
100 1.03619e-05
101 9.4858e-06
102 7.6e-06
103 8.8e-06
104 8.32387e-06
105 9.16193e-06
106 1.08e-05
107 9.12387e-06
108 9.6e-06
109 4.4e-06
110 8e-06
111 6.76193e-06
112 9.6e-06
113 9.16193e-06
114 8.8e-06
115 1.11239e-05
116 5.16193e-06
117 5.56193e-06
118 5.2e-06
119 7.2e-06
120 8.36193e-06
121 8.4e-06
122 9.6e-06
123 9.2e-06
124 9.2e-06
125 6.4e-06
126 7.56193e-06
127 6.8e-06
128 9.8858e-06
129 6.32387e-06
130 9.96193e-06
131 5.56193e-06
132 8.8e-06
133 8.4e-06
134 6.4e-06
135 7.92387e-06
136 5.6e-06
137 8e-06
138 5.6e-06
139 1e-05
140 6.4e-06
141 7.96193e-06
142 8.4e-06
143 6e-06
144 7.16193e-06
145 1.08e-05
146 5.92387e-06
147 6e-06
148 6.4e-06
149 6.36193e-06
150 8.8e-06
151 1.27619e-05
152 7.2e-06
153 6.76193e-06
154 6.72387e-06
155 6.36193e-06
156 6.72387e-06
157 8.36193e-06
158 7.92387e-06
159 7.6e-06
160 5.6e-06
161 6.8e-06
162 6.4e-06
163 6.76193e-06
164 8.72387e-06
165 5.52387e-06
166 8.76193e-06
167 9.96193e-06
168 8.76193e-06
169 9.96193e-06
170 7.2e-06
171 5.16193e-06
172 5.56193e-06
173 6.76193e-06
174 5.56193e-06
175 7.2e-06
176 6.72387e-06
177 8.36193e-06
178 6.4e-06
179 6.8e-06
180 4.76193e-06
181 5.56193e-06
182 5.56193e-06
183 8e-06
184 5.56193e-06
185 8e-06
186 6.8e-06
187 7.16193e-06
188 5.6e-06
189 5.6e-06
190 5.96193e-06
191 6e-06
192 8e-06
193 9.2e-06
194 4.4e-06
195 4e-06
196 7.2e-06
197 7.2e-06
198 4.4e-06
199 4.4e-06
200 8.36193e-06
201 6.4e-06
202 6.4e-06
203 7.6e-06
204 4.76193e-06
205 3.96193e-06
206 7.6e-06
207 4e-06
208 5.92387e-06
209 7.2e-06
210 5.56193e-06
211 6.36193e-06
212 4.76193e-06
213 8.36193e-06
214 7.96193e-06
215 5.2e-06
216 3.2e-06
217 3.96193e-06
218 4.4e-06
219 4.4e-06
220 5.16193e-06
221 7.6e-06
222 6.36193e-06
223 5.2e-06
224 8.4e-06
225 4.4e-06
226 8.8e-06
227 3.6e-06
228 6.72387e-06
229 4.76193e-06
230 2.8e-06
231 6.8e-06
232 6e-06
233 6.8e-06
234 8.4e-06
235 6.4e-06
236 6.36193e-06
237 5.6e-06
238 4.4e-06
239 6.2858e-06
240 4.4e-06
241 5.2e-06
242 5.6e-06
243 6.76193e-06
244 7.6e-06
245 2.4e-06
246 4.8e-06
247 6e-06
248 4.8e-06
249 3.2e-06
250 7.52387e-06
251 6e-06
252 7.12387e-06
253 5.56193e-06
254 2.4e-06
255 5.96193e-06
256 6.8e-06
257 3.96193e-06
258 8.36193e-06
259 5.2e-06
260 6.36193e-06
261 8e-06
262 6e-06
263 5.56193e-06
264 3.92387e-06
265 5.16193e-06
266 3.96193e-06
267 5.56193e-06
268 3.16193e-06
269 8.4e-06
270 5.8858e-06
271 4.32387e-06
272 6.76193e-06
273 3.6e-06
274 5.56193e-06
275 7.56193e-06
276 3.56193e-06
277 4e-06
278 3.92387e-06
279 5.52387e-06
280 5.52387e-06
281 5.2e-06
282 3.96193e-06
283 5.92749e-06
284 6.8e-06
285 8.8e-06
286 6e-06
287 5.6e-06
288 4.32387e-06
289 5.6e-06
290 6e-06
291 4.4e-06
292 3.52387e-06
293 6e-06
294 5.56193e-06
295 2.8e-06
296 7.12387e-06
297 3.96193e-06
298 6e-06
299 3.6e-06
300 8e-06
301 3.96193e-06
302 5.6e-06
303 1.2e-06
304 7.16193e-06
305 4.32387e-06
306 6e-06
307 4.36193e-06
308 5.2e-06
309 5.2e-06
310 6e-06
311 4.4e-06
312 4e-06
313 5.2e-06
314 7.16193e-06
315 5.2e-06
316 4e-06
317 5.96193e-06
318 5.56193e-06
319 3.92387e-06
320 4.8e-06
321 4.8e-06
322 4.76193e-06
323 4.4e-06
324 5.96193e-06
325 4.4e-06
326 5.56193e-06
327 4.4e-06
328 5.2e-06
329 4.76193e-06
330 8.64774e-06
331 3.2e-06
332 2.4e-06
333 2.8e-06
334 4.4e-06
335 5.6e-06
336 6.32387e-06
337 4.8e-06
338 3.56193e-06
339 4.72387e-06
340 3.96193e-06
341 3.2e-06
342 6e-06
343 2.8e-06
344 6.76193e-06
345 3.2e-06
346 2.8e-06
347 5.56193e-06
348 5.6e-06
349 3.2e-06
350 6.36193e-06
351 6.4e-06
352 5.96193e-06
353 4.4e-06
354 4.36193e-06
355 5.6e-06
356 4.76193e-06
357 3.6e-06
358 4.8e-06
359 4.32387e-06
360 2e-06
361 9.52387e-06
362 3.56193e-06
363 6.76193e-06
364 4.4e-06
365 5.12387e-06
366 3.56193e-06
367 4.8e-06
368 5.2e-06
369 4.4e-06
370 6.8e-06
371 3.6e-06
372 4.76193e-06
373 5.2e-06
374 5.6e-06
375 4.36193e-06
376 3.6e-06
377 3.2e-06
378 5.6e-06
379 7.16193e-06
380 4e-06
381 3.96193e-06
382 1.96193e-06
383 4.8e-06
384 3.2e-06
385 5.96193e-06
386 4.4e-06
387 2.36193e-06
388 5.6e-06
389 3.6e-06
390 6e-06
391 3.96193e-06
392 2.4e-06
393 5.2e-06
394 2.72387e-06
395 6e-06
396 4.4e-06
397 4.4e-06
398 4.76193e-06
399 5.16193e-06
400 1.96193e-06
401 4.8e-06
402 5.56193e-06
403 5.96193e-06
404 4.36193e-06
405 6.4e-06
406 4.32387e-06
407 5.96193e-06
408 5.16193e-06
409 4.4e-06
410 2.4e-06
411 5.08943e-06
412 7.92387e-06
413 6.8e-06
414 7.12387e-06
415 3.2e-06
416 4e-06
417 3.96193e-06
418 5.56193e-06
419 4.4e-06
420 3.2e-06
421 5.96193e-06
422 2.36193e-06
423 3.96193e-06
424 4.76193e-06
425 4e-06
426 3.56193e-06
427 2.4e-06
428 4.76193e-06
429 3.96193e-06
430 7.2e-06
431 4.36193e-06
432 3.6e-06
433 4e-06
434 1.6e-06
435 3.16193e-06
436 6e-06
437 4.8e-06
438 4.4e-06
439 3.6e-06
440 4.8e-06
441 6e-06
442 4.36193e-06
443 3.56193e-06
444 3.96193e-06
445 6.36193e-06
446 3.16193e-06
447 4.8e-06
448 3.6e-06
449 3.96193e-06
450 3.96193e-06
451 2.4e-06
452 2.8e-06
453 4.36193e-06
454 4e-06
455 4.36193e-06
456 2.4e-06
457 2.76193e-06
458 6.36193e-06
459 2e-06
460 4.36193e-06
461 4.32387e-06
462 1.6e-06
463 3.96193e-06
464 3.56193e-06
465 5.16193e-06
466 6.4e-06
467 3.52387e-06
468 5.2e-06
469 3.6e-06
470 4.36193e-06
471 5.6e-06
472 5.16193e-06
473 2.36193e-06
474 5.2e-06
475 2.4e-06
476 4.8e-06
477 3.16193e-06
478 5.16193e-06
479 4.36193e-06
480 2.36193e-06
481 4.76193e-06
482 3.16193e-06
483 5.6e-06
484 5.96193e-06
485 4.36193e-06
486 3.2e-06
487 2.8e-06
488 6e-06
489 2.76193e-06
490 3.2e-06
491 4.36193e-06
492 1.16193e-06
493 4.8e-06
494 2.76193e-06
495 2.4e-06
496 5.56193e-06
497 4.32387e-06
498 2e-06
499 5.16193e-06
500 2e-06
501 3.2e-06
502 3.6e-06
503 5.96193e-06
504 3.96193e-06
505 3.6e-06
506 3.8858e-06
507 4.8e-06
508 4.76193e-06
509 3.56193e-06
510 4.4e-06
511 4e-06
512 2.4e-06
513 4.36193e-06
514 5.16193e-06
515 3.6e-06
516 3.96193e-06
517 2.8e-06
518 2.4e-06
519 3.2e-06
520 4.4e-06
521 3.92387e-06
522 2.8e-06
523 4.76193e-06
524 4e-06
525 2.8e-06
526 5.56193e-06
527 4e-06
528 2.76193e-06
529 5.12749e-06
530 4.8e-06
531 4.4e-06
532 6.8e-06
533 3.2e-06
534 2.4e-06
535 3.16193e-06
536 5.16193e-06
537 4.36193e-06
538 3.52749e-06
539 1.6e-06
540 2.8e-06
541 4e-06
542 3.6e-06
543 3.48943e-06
544 3.2e-06
545 2.36193e-06
546 2.4e-06
547 4.36193e-06
548 4.4e-06
549 8.36193e-06
550 4.8e-06
551 3.16193e-06
552 2.8e-06
553 3.16193e-06
554 3.56193e-06
555 4.72387e-06
556 3.2e-06
557 4.32387e-06
558 4.8e-06
559 4.36193e-06
560 1.96193e-06
561 1.6e-06
562 3.8858e-06
563 4e-06
564 5.6e-06
565 4.76193e-06
566 5.16193e-06
567 4.4e-06
568 3.6e-06
569 3.6e-06
570 3.16193e-06
571 3.96193e-06
572 4.32387e-06
573 3.2e-06
574 2.4e-06
575 1.2e-06
576 2.8e-06
577 3.6e-06
578 2e-06
579 2.4e-06
580 2.8e-06
581 4.8e-06
582 5.8858e-06
583 7.56193e-06
584 4e-06
585 2.32387e-06
586 5.6e-06
587 5.2e-06
588 4.72387e-06
589 2e-06
590 3.96193e-06
591 2.8e-06
592 3.96193e-06
593 4e-06
594 2.36193e-06
595 3.6e-06
596 1.96193e-06
597 2.4e-06
598 3.6e-06
599 6.32387e-06
600 1.2e-06
601 2e-06
602 4e-06
603 2.4e-06
604 4.36193e-06
605 2e-06
606 3.56193e-06
607 3.2e-06
608 2.76193e-06
609 5.2e-06
610 4.4e-06
611 5.56193e-06
612 2.4e-06
613 2.36193e-06
614 3.56193e-06
615 2.4e-06
616 2.72749e-06
617 2.76193e-06
618 1.96193e-06
619 4.4e-06
620 4.32749e-06
621 5.2e-06
622 2.4e-06
623 2.76193e-06
624 3.6e-06
625 3.2e-06
626 3.2e-06
627 3.56193e-06
628 6.36193e-06
629 4.4e-06
630 3.12387e-06
631 4.8e-06
632 3.96193e-06
633 3.2e-06
634 2.76193e-06
635 2.4e-06
636 2.36193e-06
637 3.6e-06
638 5.96193e-06
639 4e-06
640 4.36193e-06
641 4.2858e-06
642 2.8e-06
643 2.4e-06
644 4.36193e-06
645 3.6e-06
646 4.4e-06
647 4.8e-06
648 2.4e-06
649 3.6e-06
650 2.8e-06
651 3.16193e-06
652 3.16193e-06
653 4.32387e-06
654 2.76193e-06
655 4.8e-06
656 5.56193e-06
657 2e-06
658 1.6e-06
659 4.8e-06
660 3.2e-06
661 4.36193e-06
662 1.92387e-06
663 2.4e-06
664 5.16193e-06
665 2.32749e-06
666 1.2e-06
667 3.16193e-06
668 2.76193e-06
669 2.8e-06
670 5.2e-06
671 4e-06
672 4e-06
673 3.2e-06
674 4.8e-06
675 3.16193e-06
676 2.8e-06
677 2e-06
678 2.36193e-06
679 5.12387e-06
680 3.16193e-06
681 4.8e-06
682 4.4e-06
683 3.12749e-06
684 1.2e-06
685 2.4e-06
686 5.96193e-06
687 4.8e-06
688 3.56193e-06
689 2.32387e-06
690 2.76193e-06
691 1.96193e-06
692 3.6e-06
693 3.96193e-06
694 1.92387e-06
695 3.2e-06
696 2.8e-06
697 3.56193e-06
698 3.6e-06
699 2.4e-06
700 2.4e-06
701 3.2e-06
702 5.2e-06
703 2.4e-06
704 3.6e-06
705 3.16193e-06
706 4.76193e-06
707 3.16193e-06
708 5.16193e-06
709 3.56193e-06
710 3.6e-06
711 4.8e-06
712 4e-06
713 2.76193e-06
714 2.4e-06
715 3.16193e-06
716 5.56193e-06
717 2e-06
718 2.76193e-06
719 2.36193e-06
720 2.76193e-06
721 3.6e-06
722 4.76193e-06
723 2.8e-06
724 2.8e-06
725 1.96193e-06
726 1.6e-06
727 3.12387e-06
728 3.16193e-06
729 2.76193e-06
730 2.8e-06
731 4e-06
732 1.96193e-06
733 4e-06
734 4.76193e-06
735 4.8e-06
736 3.56193e-06
737 3.2e-06
738 4.8e-06
739 3.6e-06
740 2.76193e-06
741 1.96193e-06
742 3.6e-06
743 4e-06
744 1.56193e-06
745 2.76193e-06
746 2.4e-06
747 4e-06
748 3.12387e-06
749 2.4e-06
750 1.2e-06
751 4.32387e-06
752 3.56193e-06
753 2.8e-06
754 2.8e-06
755 2.28943e-06
756 2e-06
757 3.92387e-06
758 2.4e-06
759 3.52387e-06
760 2.8e-06
761 3.2e-06
762 5.2e-06
763 2.8e-06
764 1.96193e-06
765 4.76193e-06
766 5.16193e-06
767 3.12749e-06
768 4.4e-06
769 3.56193e-06
770 2.8e-06
771 4.76193e-06
772 3.2e-06
773 4.4e-06
774 1.56193e-06
775 3.56193e-06
776 1.96193e-06
777 3.6e-06
778 4.76193e-06
779 6.76193e-06
780 3.56193e-06
781 2.8e-06
782 2.76193e-06
783 4.36193e-06
784 1.6e-06
785 2.36193e-06
786 3.2e-06
787 2e-06
788 1.2e-06
789 1.52387e-06
790 2e-06
791 2.4e-06
792 2.4e-06
793 4.36193e-06
794 2.4e-06
795 2.4e-06
796 2e-06
797 4.8e-06
798 2.8e-06
799 3.2e-06
800 8e-07
801 3.6e-06
802 4e-06
803 2.4e-06
804 1.92387e-06
805 4e-06
806 3.2e-06
807 3.6e-06
808 1.6e-06
809 1.56193e-06
810 2e-06
811 3.16193e-06
812 3.16193e-06
813 2.4e-06
814 2e-06
815 3.6e-06
816 3.52387e-06
817 3.08943e-06
818 2.36193e-06
819 2.36193e-06
820 1.96193e-06
821 2e-06
822 4.4e-06
823 1.2e-06
824 3.52387e-06
825 4.8e-06
826 1.96193e-06
827 3.0858e-06
828 2e-06
829 2.8e-06
830 2.36193e-06
831 4.36193e-06
832 1.96193e-06
833 3.2e-06
834 3.2e-06
835 1.6e-06
836 1.6e-06
837 3.92387e-06
838 2.36193e-06
839 3.6e-06
840 3.96193e-06
841 3.6e-06
842 2.8e-06
843 4.4e-06
844 3.16193e-06
845 3.8133e-06
846 2.36193e-06
847 3.52749e-06
848 4e-06
849 3.6e-06
850 3.16193e-06
851 3.96193e-06
852 2.8e-06
853 1.96193e-06
854 2.4e-06
855 2.8e-06
856 3.2e-06
857 2.8e-06
858 2e-06
859 2e-06
860 3.56193e-06
861 2.8e-06
862 3.6e-06
863 4.4e-06
864 3.2e-06
865 4.76193e-06
866 3.2e-06
867 2.36193e-06
868 1.56193e-06
869 1.6e-06
870 2.36193e-06
871 2.8e-06
872 2.36193e-06
873 2.4e-06
874 3.16193e-06
875 2.4e-06
876 2.4e-06
877 3.6e-06
878 3.2e-06
879 4e-06
880 2.8e-06
881 2.4e-06
882 2.8e-06
883 2.36193e-06
884 3.6e-06
885 4e-06
886 2e-06
887 3.12387e-06
888 2e-06
889 3.44774e-06
890 2e-06
891 3.2e-06
892 3.12387e-06
893 2e-06
894 1.6e-06
895 2.8e-06
896 3.56193e-06
897 8.2858e-06
898 2.36193e-06
899 2.4e-06
900 3.16193e-06
901 1.2e-06
902 2e-06
903 2e-06
904 5.92387e-06
905 1.2e-06
906 5.16193e-06
907 3.56193e-06
908 3.6e-06
909 4.36193e-06
910 2.76193e-06
911 2.4e-06
912 2.72387e-06
913 1.89633e-06
914 2.8e-06
915 2.4e-06
916 3.2e-06
917 4.36193e-06
918 2.36193e-06
919 3.96193e-06
920 2e-06
921 2.36193e-06
922 2.76193e-06
923 4e-07
924 3.6e-06
925 3.52387e-06
926 3.16193e-06
927 3.96193e-06
928 3.52387e-06
929 3.92387e-06
930 2e-06
931 4e-06
932 2.8e-06
933 3.96193e-06
934 2e-06
935 4.68943e-06
936 3.96193e-06
937 1.6e-06
938 2.76193e-06
939 5.56193e-06
940 7.2387e-07
941 3.56193e-06
942 3.16193e-06
943 2.4e-06
944 3.6e-06
945 3.4858e-06
946 1.6e-06
947 2.4e-06
948 5.56193e-06
949 2.8e-06
950 2.76193e-06
951 3.52387e-06
952 2.76193e-06
953 2e-06
954 3.16193e-06
955 3.96193e-06
956 3.2e-06
957 1.6e-06
958 2.72387e-06
959 2e-06
960 3.2e-06
961 2e-06
962 3.2e-06
963 1.6e-06
964 4.76193e-06
965 1.6e-06
966 3.12387e-06
967 2.36193e-06
968 4e-06
969 2.8e-06
970 4.72387e-06
971 2e-06
972 1.6e-06
973 2.36193e-06
974 3.92387e-06
975 2.8e-06
976 1.96193e-06
977 2.4e-06
978 2.4e-06
979 4e-06
980 2.4e-06
981 5.16193e-06
982 1.6e-06
983 2.76193e-06
984 1.96193e-06
985 1.6e-06
986 4.36193e-06
987 1.96193e-06
988 3.6e-06
989 3.52387e-06
990 1.2e-06
991 3.6e-06
992 4.32749e-06
993 2.4e-06
994 3.2e-06
995 2e-06
996 2.76193e-06
997 4e-07
998 2.4e-06
999 0
