0 0
1 1.6e-05
2 9.2e-05
3 0.000148
4 0.000184
5 0.000244
6 0.000224
7 0.000204
8 0.000225472
9 0.00018
10 0.000221472
11 0.000148
12 0.000201472
13 0.000192
14 0.000236
15 0.000212
16 0.000224
17 0.000184
18 0.000144
19 0.000208
20 0.000185472
21 0.000224
22 0.00014
23 0.000174943
24 0.000204
25 0.000164
26 0.000189472
27 0.000172
28 0.000184
29 0.000184
30 0.000172
31 0.000188
32 0.000165472
33 0.00016
34 0.000128
35 0.00016
36 0.000134943
37 9.74715e-05
38 0.000112
39 0.00014
40 0.000101472
41 0.00012
42 0.000176
43 0.000161472
44 0.000144
45 0.000110943
46 0.000118943
47 0.000161472
48 0.000158943
49 0.000153472
50 0.00012
51 7.2e-05
52 0.000124
53 0.000132
54 0.000129472
55 9.6e-05
56 0.00012
57 0.000108541
58 0.000116
59 0.000112
60 0.000156
61 0.000105472
62 0.000125472
63 0.00012
64 9.2e-05
65 0.000102943
66 0.000122943
67 8e-05
68 0.00012
69 7.6e-05
70 0.0001
71 6.8e-05
72 0.00012
73 0.000128
74 6.2943e-05
75 0.000112
76 0.000109472
77 8.94715e-05
78 8e-05
79 8.8e-05
80 9.6e-05
81 0.000136
82 8.54715e-05
83 8.94715e-05
84 0.000116
85 0.000101472
86 0.000100415
87 0.000104
88 9.8943e-05
89 0.000113472
90 9.6e-05
91 0.000156
92 0.0001
93 8e-05
94 8e-05
95 9.34715e-05
96 7.6e-05
97 8.14715e-05
98 6.94715e-05
99 8.54715e-05
100 0.000104
101 0.000113472
102 7.6e-05
103 0.000104
104 8.8e-05
105 9.2e-05
106 6.4e-05
107 7.74715e-05
108 6.54715e-05
109 9.6e-05
110 7.6e-05
111 9.74715e-05
112 8.14715e-05
113 0.000109472
114 8e-05
115 0.000104
116 0.000121472
117 7.34715e-05
118 8.4e-05
119 0.000108415
120 8.54715e-05
121 6.54715e-05
122 7.64146e-05
123 6.54715e-05
124 4e-05
125 6e-05
126 8.4e-05
127 0.000109472
128 9.6e-05
129 9.8943e-05
130 3.2e-05
131 5.2e-05
132 8.8e-05
133 8e-05
134 6.8e-05
135 0.000108
136 9.34715e-05
137 9.6e-05
138 9.6e-05
139 7.6e-05
140 5.6e-05
141 6e-05
142 6.8e-05
143 4.4e-05
144 9.34715e-05
145 9.34715e-05
146 5.34715e-05
147 7.74715e-05
148 5.6e-05
149 8.2943e-05
150 8.94715e-05
151 6.4e-05
152 6.4e-05
153 8.4e-05
154 7.2e-05
155 5.34715e-05
156 5.34715e-05
157 6.94715e-05
158 5.74715e-05
159 9.74715e-05
160 4.8e-05
161 8.14715e-05
162 8.4e-05
163 5.6e-05
164 8.4e-05
165 6.4e-05
166 9.2e-05
167 8.94715e-05
168 6.8e-05
169 6.54715e-05
170 6e-05
171 5.8943e-05
172 5.4943e-05
173 7.74715e-05
174 4.4e-05
175 5.6e-05
176 8.8e-05
177 6e-05
178 7.34715e-05
179 4.8e-05
180 6.4e-05
181 4.94715e-05
182 7.6e-05
183 8.4e-05
184 4.4e-05
185 7.34715e-05
186 6.8e-05
187 4.94715e-05
188 4.54715e-05
189 6.4e-05
190 7.6e-05
191 7.74715e-05
192 8e-05
193 5.2e-05
194 6e-05
195 5.4943e-05
196 4e-05
197 5.6e-05
198 7.2e-05
199 6e-05
200 6.54715e-05
201 5.6e-05
202 8.94715e-05
203 6.8e-05
204 9.2e-05
205 8.54715e-05
206 7.74715e-05
207 4.8e-05
208 6e-05
209 8.8e-05
210 6e-05
211 7.2e-05
212 6.4e-05
213 6e-05
214 7.2e-05
215 2.8e-05
216 8.54715e-05
217 7.6e-05
218 4.94715e-05
219 6.4e-05
220 6.4e-05
221 5.6e-05
222 7.0943e-05
223 9.0943e-05
224 5.6e-05
225 9.4943e-05
226 3.74715e-05
227 6.94715e-05
228 4.6943e-05
229 4.4e-05
230 5.2e-05
231 4.8e-05
232 6.45413e-05
233 3.6e-05
234 5.74715e-05
235 4.4e-05
236 6e-05
237 9.4943e-05
238 3.2e-05
239 3.74715e-05
240 6.94715e-05
241 4.54715e-05
242 5.2e-05
243 6.6943e-05
244 6.4e-05
245 5.2e-05
246 7.2e-05
247 5.34715e-05
248 2.8e-05
249 5.6e-05
250 7.6e-05
251 1.6e-05
252 8.54715e-05
253 4.8e-05
254 5.74715e-05
255 5.2e-05
256 5.34715e-05
257 4.2943e-05
258 2.94715e-05
259 4e-05
260 4.84146e-05
261 6.14715e-05
262 5.6e-05
263 4.4e-05
264 5.34715e-05
265 7.34715e-05
266 2.4e-05
267 2.8e-05
268 3.2e-05
269 7.34715e-05
270 3.74715e-05
271 7.2e-05
272 4e-05
273 5.74715e-05
274 7.2e-05
275 4e-05
276 4.94715e-05
277 6e-05
278 7.2e-05
279 5.6e-05
280 6e-05
281 5.0943e-05
282 5.4943e-05
283 4.8e-05
284 2.94715e-05
285 6.14715e-05
286 4.54715e-05
287 7.8943e-05
288 5.2e-05
289 4.2943e-05
290 6.44146e-05
291 8.54715e-05
292 6.14715e-05
293 3.6e-05
294 7.74715e-05
295 7.2e-05
296 8e-05
297 4.14715e-05
298 7.34715e-05
299 5.74715e-05
300 4.4e-05
301 2.94715e-05
302 4.4e-05
303 8.6943e-05
304 6.65542e-05
305 5.6e-05
306 4.4e-05
307 5.6e-05
308 3.74715e-05
309 3.8943e-05
310 2.54715e-05
311 6.4e-05
312 6e-05
313 2.6943e-05
314 6.94715e-05
315 5.6e-05
316 6.4e-05
317 4.14715e-05
318 3.74715e-05
319 5.0943e-05
320 4.8e-05
321 4e-05
322 4.14715e-05
323 4.14715e-05
324 3.34715e-05
325 6.4e-05
326 4e-05
327 6e-05
328 5.34715e-05
329 6.14715e-05
330 7.2e-05
331 6e-05
332 3.2e-05
333 6.54715e-05
334 5.2e-05
335 6.8e-05
336 2.8e-05
337 4.94715e-05
338 6.14715e-05
339 3.74715e-05
340 4.4e-05
341 6.4e-05
342 4.4e-05
343 1.6e-05
344 3.34715e-05
345 4.58861e-05
346 1.6e-05
347 7.6e-05
348 5.34715e-05
349 3.6e-05
350 4.4e-05
351 2e-05
352 3.6e-05
353 4.8e-05
354 5.2e-05
355 4.4e-05
356 5.2e-05
357 3.74715e-05
358 4e-05
359 2.4e-05
360 2.8e-05
361 4.4e-05
362 6.14715e-05
363 9.2e-05
364 4.4e-05
365 3.0943e-05
366 3.0943e-05
367 4.2943e-05
368 6e-05
369 2.85413e-05
370 4.94715e-05
371 4.4e-05
372 3.8943e-05
373 4.8e-05
374 5.2e-05
375 3.34715e-05
376 6e-05
377 5.34715e-05
378 2.8e-05
379 4.85413e-05
380 5.0943e-05
381 4e-05
382 3.74715e-05
383 7.34715e-05
384 4.4e-05
385 4.4e-05
386 4e-05
387 4.54715e-05
388 4e-05
389 3.74715e-05
390 4.54715e-05
391 5.2e-05
392 4.6943e-05
393 3.2e-05
394 4.8e-05
395 4.04146e-05
396 3.2e-05
397 6.4e-05
398 4.8e-05
399 4.6943e-05
400 5.6e-05
401 3.8943e-05
402 4.8e-05
403 4.54715e-05
404 2.4e-05
405 5.34715e-05
406 4.4e-05
407 4.94715e-05
408 4.8e-05
409 3.2e-05
410 2.6943e-05
411 3.4943e-05
412 4.4e-05
413 4.8e-05
414 3.74715e-05
415 2.94715e-05
416 3.74715e-05
417 4.8e-05
418 6.4e-05
419 3.6e-05
420 3.2e-05
421 4e-05
422 3.6e-05
423 5.2e-05
424 4.14715e-05
425 4.94715e-05
426 6.14715e-05
427 3.34715e-05
428 3.0943e-05
429 2.8e-05
430 2e-05
431 4.94715e-05
432 2e-05
433 4.14715e-05
434 2.94715e-05
435 3.0943e-05
436 2.14715e-05
437 4.4e-05
438 4.54715e-05
439 4.8e-05
440 3.6e-05
441 1.34715e-05
442 4.14715e-05
443 5.34715e-05
444 1.74715e-05
445 3.6e-05
446 6e-05
447 3.74715e-05
448 4.4e-05
449 4.14715e-05
450 3.64146e-05
451 4e-05
452 4.14715e-05
453 6.4e-05
454 4.54715e-05
455 3.2e-05
456 5.0943e-05
457 3.2e-05
458 3.8943e-05
459 2.54715e-05
460 5.34715e-05
461 4.8e-05
462 4e-05
463 4e-05
464 4.54715e-05
465 3.2e-05
466 4.14715e-05
467 3.74715e-05
468 2.4e-05
469 2.8e-05
470 2.94715e-05
471 4.8e-05
472 3.4943e-05
473 3.4943e-05
474 4.2943e-05
475 2.4e-05
476 2.8e-05
477 4e-05
478 3.34715e-05
479 4.4e-05
480 4e-05
481 2.54715e-05
482 3.74715e-05
483 3.6e-05
484 6.2943e-05
485 4e-05
486 3.6e-05
487 3.6e-05
488 4.2943e-05
489 4.2943e-05
490 2e-05
491 3.74715e-05
492 2.94715e-05
493 5.2e-05
494 3.34715e-05
495 3.34715e-05
496 3.6e-05
497 1.6e-05
498 2e-05
499 4.94715e-05
500 4.14715e-05
501 5.2e-05
502 2.4e-05
503 3.74715e-05
504 3.6e-05
505 3.2e-05
506 4.54715e-05
507 3.34715e-05
508 9.47152e-06
509 4.54715e-05
510 2.6943e-05
511 2.4e-05
512 2.94715e-05
513 5.2e-05
514 5.34715e-05
515 6e-05
516 2e-05
517 2.8e-05
518 5.2e-05
519 2.8e-05
520 4.20129e-05
521 2.54715e-05
522 3.2e-05
523 4.94715e-05
524 4.54715e-05
525 4.54715e-05
526 5.6e-05
527 2.4e-05
528 3.74715e-05
529 5.2e-05
530 4.04146e-05
531 4e-05
532 4.8e-05
533 2.54715e-05
534 6.14715e-05
535 4.4e-05
536 2.14715e-05
537 4e-05
538 2e-05
539 2.8e-05
540 2.4e-05
541 2.8e-05
542 2.8e-05
543 2.4e-05
544 3.2e-05
545 2.4e-05
546 3.14844e-05
547 3.34715e-05
548 2.4e-05
549 3.2e-05
550 3.2e-05
551 6e-05
552 2.6943e-05
553 2.54715e-05
554 3.6e-05
555 4e-05
556 3.2e-05
557 3.34715e-05
558 2.4e-05
559 4.2943e-05
560 4.94715e-05
561 3.2e-05
562 4.4e-05
563 3.2e-05
564 1.8943e-05
565 3.2e-05
566 4e-05
567 4.4e-05
568 3.6e-05
569 4.14715e-05
570 4.14715e-05
571 1.6e-05
572 3.8943e-05
573 1.80129e-05
574 3.2e-05
575 3.0943e-05
576 1.8943e-05
577 3.34715e-05
578 3.34715e-05
579 4e-05
580 4.4e-05
581 3.34715e-05
582 3.8943e-05
583 2.18861e-05
584 2.94715e-05
585 3.6e-05
586 3.34715e-05
587 5.8943e-05
588 2.8e-05
589 2e-05
590 5.34715e-05
591 3.6e-05
592 4.94715e-05
593 5.74715e-05
594 4.4e-05
595 2.8e-05
596 2.4e-05
597 3.4943e-05
598 3.6e-05
599 2.54715e-05
600 1.74715e-05
601 3.64146e-05
602 2e-05
603 2.94715e-05
604 2.14715e-05
605 1.6e-05
606 5.2e-05
607 2.4e-05
608 3.4943e-05
609 1.6e-05
610 4.8e-05
611 4e-05
612 2.8e-05
613 1.2e-05
614 2.8e-05
615 2.54715e-05
616 1.34715e-05
617 1.6e-05
618 3.2e-05
619 4e-05
620 3.2e-05
621 4.14715e-05
622 2.54715e-05
623 4.14715e-05
624 4e-05
625 3.6e-05
626 6.94304e-06
627 3.2e-05
628 5.34715e-05
629 3.2e-05
630 4.14715e-05
631 2.8e-05
632 5.34715e-05
633 2.94715e-05
634 2.4e-05
635 2.4e-05
636 2.4e-05
637 4.4e-05
638 2.94715e-05
639 2e-05
640 1.74715e-05
641 1.2e-05
642 2.8e-05
643 2.94715e-05
644 3.34715e-05
645 3.2e-05
646 4.14715e-05
647 3.6e-05
648 2.94715e-05
649 3.4943e-05
650 5.74715e-05
651 2e-05
652 4.6943e-05
653 3.6e-05
654 4.2943e-05
655 3.4943e-05
656 3.74715e-05
657 4e-05
658 2.8e-05
659 4.4e-05
660 2.4e-05
661 1.74715e-05
662 3.6e-05
663 2.94715e-05
664 4e-05
665 2.4e-05
666 2.94715e-05
667 4.85413e-05
668 2.94715e-05
669 2.4e-05
670 2.4e-05
671 2.8e-05
672 2.54715e-05
673 2.14715e-05
674 1.74715e-05
675 1.6e-05
676 3.34715e-05
677 3.0943e-05
678 4e-05
679 4e-05
680 3.25413e-05
681 3.2e-05
682 2.8e-05
683 1.74715e-05
684 4.14715e-05
685 4.14715e-05
686 4e-05
687 4.94715e-05
688 4.94715e-05
689 4e-05
690 2.94715e-05
691 6.14715e-05
692 5.74715e-05
693 3.25413e-05
694 3.2e-05
695 1.64146e-05
696 2.4e-05
697 2.8e-05
698 4e-05
699 2.4e-05
700 2.4e-05
701 3.34715e-05
702 2.54715e-05
703 2e-05
704 1.6e-05
705 2.2943e-05
706 4e-05
707 4.2943e-05
708 3.8943e-05
709 3.6e-05
710 4e-05
711 2.54715e-05
712 3.2e-05
713 2.2943e-05
714 2.4e-05
715 4e-05
716 2.6943e-05
717 1.74715e-05
718 4.94715e-05
719 2.8e-05
720 2.4e-05
721 8e-06
722 3.2e-05
723 2.54715e-05
724 2.4e-05
725 3.6e-05
726 2.4e-05
727 2.4e-05
728 4e-05
729 2.14715e-05
730 2.4e-05
731 2.60129e-05
732 2.4e-05
733 2.54715e-05
734 5.6e-05
735 3.34715e-05
736 2e-05
737 2.8e-05
738 2.94715e-05
739 4e-05
740 2e-05
741 2.4e-05
742 1.2e-05
743 2.44146e-05
744 1.2e-05
745 5.74715e-05
746 3.80129e-05
747 2.8e-05
748 1.4943e-05
749 2.4e-05
750 2.14715e-05
751 3.6e-05
752 9.47152e-06
753 2.8e-05
754 2.8e-05
755 3.2e-05
756 1.34715e-05
757 2e-05
758 2.8e-05
759 3.34715e-05
760 2.94715e-05
761 2.4e-05
762 2.4e-05
763 3.74715e-05
764 1.14844e-05
765 3.2e-05
766 2.4e-05
767 4e-05
768 3.4943e-05
769 2.14715e-05
770 1.6e-05
771 2.8e-05
772 4.2943e-05
773 2.8e-05
774 4.4e-05
775 1.6e-05
776 2.8e-05
777 4.54715e-05
778 2.4e-05
779 2.4e-05
780 3.2e-05
781 2.4e-05
782 5.47152e-06
783 2.8e-05
784 2.6943e-05
785 7.6e-05
786 2.4e-05
787 2.8e-05
788 2.54715e-05
789 2.94715e-05
790 1.65413e-05
791 2e-05
792 3.2e-05
793 4.94715e-05
794 1.8943e-05
795 2.8e-05
796 8e-06
797 2.94715e-05
798 2.4e-05
799 4.14715e-05
800 3.2e-05
801 2.94715e-05
802 1.4943e-05
803 2e-05
804 3.34715e-05
805 2.8e-05
806 2.4e-05
807 2.4e-05
808 3.2e-05
809 2.4e-05
810 2.8e-05
811 2.4e-05
812 0
813 3.34715e-05
814 3.6e-05
815 2.8e-05
816 2.94715e-05
817 2.94715e-05
818 1.34715e-05
819 2.4e-05
820 4.94715e-05
821 2.4e-05
822 2.4e-05
823 3.74715e-05
824 1.74715e-05
825 3.00129e-05
826 2.14715e-05
827 2e-05
828 3.6e-05
829 2.4e-05
830 4e-05
831 2e-05
832 2.4e-05
833 4.14715e-05
834 2e-05
835 1.2e-05
836 2.4e-05
837 2.4e-05
838 8e-06
839 2e-05
840 4e-05
841 2.4e-05
842 2.94715e-05
843 2.6943e-05
844 4.14715e-05
845 8e-06
846 4.2943e-05
847 3.2e-05
848 3.0943e-05
849 3.6e-05
850 1.6e-05
851 3.2e-05
852 1.6e-05
853 2e-05
854 2.94715e-05
855 3.2e-05
856 3.34715e-05
857 2.4e-05
858 4.4e-05
859 2.4e-05
860 3.34715e-05
861 2.8e-05
862 5.2e-05
863 2e-05
864 2.4e-05
865 8e-06
866 1.2e-05
867 2.4e-05
868 4.84146e-05
869 2.14715e-05
870 2.54715e-05
871 3.2e-05
872 2.94715e-05
873 5.47152e-06
874 2e-05
875 2.54715e-05
876 2.8e-05
877 2e-05
878 4e-05
879 1.74715e-05
880 3.2e-05
881 3.2e-05
882 4e-05
883 2e-05
884 4.2943e-05
885 2.94715e-05
886 2e-05
887 4.84146e-05
888 4e-05
889 1.74715e-05
890 1.74715e-05
891 2.2943e-05
892 1.0943e-05
893 1.34715e-05
894 3.2e-05
895 2.8e-05
896 2.6943e-05
897 1.47152e-06
898 2.54715e-05
899 4.94715e-05
900 2.20129e-05
901 2.4e-05
902 2.14715e-05
903 1.64146e-05
904 1.74715e-05
905 2.4e-05
906 3.34715e-05
907 2.54715e-05
908 4.14715e-05
909 2.8e-05
910 2.54715e-05
911 2e-05
912 3.34715e-05
913 3.2e-05
914 2.54715e-05
915 3.74715e-05
916 2.8e-05
917 2.4e-05
918 1.6e-05
919 2e-05
920 6.2943e-05
921 3.2e-05
922 2.4e-05
923 4.14715e-05
924 4.4e-05
925 3.2e-05
926 2.4e-05
927 2.4e-05
928 4.4e-05
929 4e-06
930 3.74715e-05
931 4.14715e-05
932 2.84146e-05
933 1.6e-05
934 3.34715e-05
935 3.6e-05
936 2.74844e-05
937 1.74715e-05
938 2.14715e-05
939 1.2e-05
940 2.8e-05
941 3.6e-05
942 3.2e-05
943 2.4e-05
944 2e-05
945 2e-05
946 4.4e-05
947 1.6e-05
948 2e-05
949 2e-05
950 1.8943e-05
951 2.94715e-05
952 2.14715e-05
953 2.4e-05
954 2.94715e-05
955 2.4e-05
956 2.14715e-05
957 2.14715e-05
958 2.94715e-05
959 2e-05
960 1.6e-05
961 3.74715e-05
962 3.74715e-05
963 2.4e-05
964 4e-05
965 2.8e-05
966 4.14715e-05
967 3.74715e-05
968 2e-05
969 1.6e-05
970 2e-05
971 4.54715e-05
972 1.6e-05
973 2e-05
974 2e-05
975 5.6e-05
976 2.4e-05
977 2.2943e-05
978 1.6e-05
979 2.4e-05
980 3.34715e-05
981 2.54715e-05
982 5.6e-05
983 3.2e-05
984 1.74715e-05
985 2.4e-05
986 8e-06
987 2.4e-05
988 2.14715e-05
989 1.2e-05
990 3.2e-05
991 3.74715e-05
992 2e-05
993 1.47152e-06
994 2.8e-05
995 3.2e-05
996 3.4943e-05
997 4.4e-05
998 2.4e-05
999 0
