0 0
1 0.0001264
2 8.08e-05
3 6.32e-05
4 5.44e-05
5 4.87619e-05
6 3.87619e-05
7 4.23619e-05
8 3.04e-05
9 3.16e-05
10 3.32e-05
11 3.04e-05
12 2.2e-05
13 2.28e-05
14 2.43619e-05
15 2.52e-05
16 2.04e-05
17 2.35619e-05
18 2.35619e-05
19 2e-05
20 1.98858e-05
21 2.36e-05
22 1.88e-05
23 2.31239e-05
24 2.04e-05
25 2.03239e-05
26 2.50858e-05
27 1.35619e-05
28 1.56e-05
29 1.64e-05
30 2.16e-05
31 1.46858e-05
32 1.92e-05
33 2.15619e-05
34 2e-05
35 1.4e-05
36 1.39239e-05
37 1.35619e-05
38 1.08e-05
39 1.56e-05
40 1.84e-05
41 2.12e-05
42 1.44e-05
43 1.12e-05
44 1.52e-05
45 1.4e-05
46 1.51619e-05
47 1.51239e-05
48 1.36e-05
49 1.2e-05
50 1.52e-05
51 1.24e-05
52 1.39619e-05
53 1.39619e-05
54 1.2e-05
55 1.15619e-05
56 1.2e-05
57 1.35619e-05
58 1.55619e-05
59 1.16e-05
60 1.44e-05
61 1.43239e-05
62 1.24e-05
63 1.31619e-05
64 1.31619e-05
65 1.24e-05
66 1.15239e-05
67 9.2e-06
68 1.28e-05
69 1.2e-05
70 7.2e-06
71 7.96193e-06
72 9.52387e-06
73 1.24e-05
74 1.2e-05
75 1.36e-05
76 7.96193e-06
77 1.11619e-05
78 1.2e-05
79 8.4e-06
80 1.08e-05
81 8.4e-06
82 1.32e-05
83 9.96193e-06
84 1.11619e-05
85 1.19619e-05
86 8.4e-06
87 6.4e-06
88 1.04e-05
89 9.12387e-06
90 9.96193e-06
91 1.04e-05
92 6.4e-06
93 1.11619e-05
94 8.4e-06
95 9.2e-06
96 8e-06
97 1.16e-05
98 1.04e-05
99 9.16193e-06
100 1e-05
101 8.76193e-06
102 9.2e-06
103 7.12387e-06
104 8.4e-06
105 9.96193e-06
106 9.96193e-06
107 1.07619e-05
108 9.2e-06
109 6.76193e-06
110 8e-06
111 7.12387e-06
112 9.2e-06
113 8.8e-06
114 9.52387e-06
115 9.2e-06
116 9.05136e-06
117 6.72387e-06
118 1.11239e-05
119 9.96193e-06
120 7.56193e-06
121 7.96193e-06
122 1.24e-05
123 1e-05
124 9.2e-06
125 6.76193e-06
126 7.56193e-06
127 7.16193e-06
128 7.6e-06
129 1.04e-05
130 8e-06
131 8.4e-06
132 6.8e-06
133 6.4e-06
134 7.96193e-06
135 4.8e-06
136 6.32387e-06
137 7.96193e-06
138 1e-05
139 9.12387e-06
140 5.2e-06
141 7.96193e-06
142 8.76193e-06
143 9.16193e-06
144 8.76193e-06
145 5.6e-06
146 7.56193e-06
147 1.08e-05
148 6.8e-06
149 1.07619e-05
150 1.03619e-05
151 7.2e-06
152 4.8e-06
153 9.6e-06
154 4.4e-06
155 6.4e-06
156 7.6e-06
157 1.06858e-05
158 9.6e-06
159 8.76193e-06
160 7.16193e-06
161 5.6e-06
162 6.4e-06
163 7.96193e-06
164 5.96193e-06
165 5.45136e-06
166 7.6e-06
167 3.96193e-06
168 7.6e-06
169 6.8e-06
170 5.6e-06
171 9.56193e-06
172 8.4e-06
173 6.32387e-06
174 7.16193e-06
175 7.2e-06
176 6.36193e-06
177 3.56193e-06
178 8.72387e-06
179 7.6e-06
180 5.2e-06
181 7.6e-06
182 7.56193e-06
183 5.92387e-06
184 5.2e-06
185 6e-06
186 5.2e-06
187 4.4e-06
188 4.8e-06
189 5.6e-06
190 4.76193e-06
191 7.2e-06
192 6.36193e-06
193 4.76193e-06
194 5.2e-06
195 6.4e-06
196 6.36193e-06
197 5.2e-06
198 5.2e-06
199 6.8e-06
200 5.0858e-06
201 3.96193e-06
202 5.96193e-06
203 5.56193e-06
204 5.96193e-06
205 4.8e-06
206 7.16193e-06
207 9.16193e-06
208 3.12387e-06
209 7.6e-06
210 4.4e-06
211 5.16193e-06
212 6e-06
213 5.6e-06
214 7.2e-06
215 4.76193e-06
216 6.4e-06
217 6.4e-06
218 4.76193e-06
219 6.8e-06
220 5.56193e-06
221 6.64774e-06
222 9.16193e-06
223 8e-06
224 5.56193e-06
225 6.8e-06
226 6.32387e-06
227 4.4e-06
228 7.16193e-06
229 5.56193e-06
230 3.96193e-06
231 3.6e-06
232 6.4e-06
233 7.6e-06
234 6.8e-06
235 5.16193e-06
236 5.56193e-06
237 6.36193e-06
238 6.76193e-06
239 4.36193e-06
240 7.2e-06
241 7.12387e-06
242 3.2e-06
243 6.36193e-06
244 3.6e-06
245 4.36193e-06
246 6e-06
247 6.76193e-06
248 5.56193e-06
249 2.8e-06
250 5.6e-06
251 5.16193e-06
252 4.8e-06
253 5.6e-06
254 4e-06
255 3.2e-06
256 8e-06
257 6e-06
258 5.92387e-06
259 9.12387e-06
260 6.4e-06
261 6e-06
262 7.6e-06
263 5.2e-06
264 7.6e-06
265 5.96193e-06
266 6.8e-06
267 7.16193e-06
268 7.56193e-06
269 6.4e-06
270 4.76193e-06
271 4.8e-06
272 6.8e-06
273 5.96193e-06
274 5.6e-06
275 6.76193e-06
276 5.6e-06
277 3.96193e-06
278 3.92387e-06
279 4.36193e-06
280 5.12387e-06
281 4.6858e-06
282 5.2e-06
283 6.36193e-06
284 7.96193e-06
285 4.4e-06
286 6.4e-06
287 9.56193e-06
288 6.24774e-06
289 5.2e-06
290 2.8e-06
291 5.96193e-06
292 4.36193e-06
293 5.6e-06
294 5.56193e-06
295 6.8e-06
296 6e-06
297 4e-06
298 4.8e-06
299 3.16193e-06
300 4.8e-06
301 8.36193e-06
302 6.8e-06
303 5.16193e-06
304 2.76193e-06
305 4.4e-06
306 4.8e-06
307 4.4e-06
308 3.96193e-06
309 4.8e-06
310 6.4e-06
311 4.76193e-06
312 6.36193e-06
313 4.76193e-06
314 3.6e-06
315 5.2e-06
316 4.36193e-06
317 5.16193e-06
318 3.2e-06
319 5.6e-06
320 5.6e-06
321 4.4e-06
322 5.2e-06
323 6e-06
324 4.4e-06
325 6.4e-06
326 6.8e-06
327 5.2e-06
328 3.96193e-06
329 7.2e-06
330 6.72387e-06
331 5.56193e-06
332 4.76193e-06
333 4.4e-06
334 2.76193e-06
335 6.4e-06
336 6.36193e-06
337 3.56193e-06
338 5.2e-06
339 4e-06
340 4.76193e-06
341 4.8e-06
342 3.96193e-06
343 5.16193e-06
344 4.36193e-06
345 4.8e-06
346 5.96193e-06
347 2.8e-06
348 4e-06
349 5.6e-06
350 6e-06
351 6e-06
352 6e-06
353 4.8e-06
354 2.8e-06
355 3.56193e-06
356 7.2e-06
357 2.8e-06
358 5.96193e-06
359 4.8e-06
360 7.12387e-06
361 5.12387e-06
362 3.16193e-06
363 4.4e-06
364 4.8e-06
365 5.05498e-06
366 4.4e-06
367 4.8e-06
368 5.84774e-06
369 5.2e-06
370 7.2e-06
371 3.6e-06
372 4e-06
373 3.92387e-06
374 5.16193e-06
375 4.36193e-06
376 6.72387e-06
377 4.36193e-06
378 5.96193e-06
379 3.2e-06
380 5.6e-06
381 5.12749e-06
382 3.6e-06
383 4.36193e-06
384 3.96193e-06
385 3.2e-06
386 4.36193e-06
387 6.4e-06
388 4.76193e-06
389 2.8e-06
390 4.36193e-06
391 1.52749e-06
392 4e-06
393 4e-06
394 3.6e-06
395 6.8e-06
396 4.8e-06
397 8.76193e-06
398 6e-06
399 4.32387e-06
400 5.2e-06
401 5.2e-06
402 3.56193e-06
403 5.2e-06
404 5.6e-06
405 2.4e-06
406 1.6e-06
407 4.36193e-06
408 2.4e-06
409 1.6e-06
410 3.92387e-06
411 4.4e-06
412 4e-06
413 2.76193e-06
414 5.16193e-06
415 4.76193e-06
416 4.76193e-06
417 1.2e-06
418 5.2e-06
419 3.2e-06
420 2.4e-06
421 3.6e-06
422 4.36193e-06
423 3.92387e-06
424 2.76193e-06
425 3.6e-06
426 4e-06
427 4.72387e-06
428 3.6e-06
429 5.52387e-06
430 4.2858e-06
431 4.36193e-06
432 4.4e-06
433 5.52387e-06
434 6.4e-06
435 3.6e-06
436 3.2e-06
437 4.8e-06
438 5.16193e-06
439 4.8e-06
440 5.2e-06
441 5.88943e-06
442 2.76193e-06
443 3.6e-06
444 3.2e-06
445 4.76193e-06
446 3.16193e-06
447 3.56193e-06
448 2.4e-06
449 2.8e-06
450 4.8e-06
451 4.32387e-06
452 2.4e-06
453 3.56193e-06
454 4.6858e-06
455 4e-06
456 4.8e-06
457 4e-06
458 3.6e-06
459 2.4e-06
460 4e-06
461 3.88943e-06
462 5.12387e-06
463 4e-06
464 4.4e-06
465 6.76193e-06
466 2.4e-06
467 3.2e-06
468 5.92387e-06
469 4.72387e-06
470 3.2e-06
471 2.4e-06
472 4.76193e-06
473 3.2e-06
474 5.6e-06
475 1.6e-06
476 3.2e-06
477 4.8e-06
478 8e-07
479 5.2e-06
480 3.96193e-06
481 5.12387e-06
482 4.4e-06
483 3.6e-06
484 3.2e-06
485 1.96193e-06
486 3.2e-06
487 2.8e-06
488 3.8858e-06
489 3.6e-06
490 5.52387e-06
491 3.2e-06
492 4.36193e-06
493 4e-06
494 3.96193e-06
495 2.4e-06
496 3.92387e-06
497 6.8e-06
498 7.12387e-06
499 4e-06
500 6e-06
501 1.6e-06
502 2.4e-06
503 2.8e-06
504 5.16193e-06
505 4.8e-06
506 3.56193e-06
507 3.2e-06
508 3.56193e-06
509 5.2e-06
510 5.16193e-06
511 3.2e-06
512 4.36193e-06
513 3.16193e-06
514 4.72387e-06
515 3.56193e-06
516 3.2e-06
517 5.16193e-06
518 4e-06
519 2.36193e-06
520 4.76193e-06
521 4.36193e-06
522 3.6e-06
523 2.76193e-06
524 3.16193e-06
525 3.6e-06
526 4.36193e-06
527 2.4e-06
528 3.12387e-06
529 5.16193e-06
530 5.52387e-06
531 4.36193e-06
532 6.36193e-06
533 5.56193e-06
534 5.56193e-06
535 3.16193e-06
536 3.2e-06
537 2.76193e-06
538 4.76193e-06
539 3.52387e-06
540 6e-06
541 4.32387e-06
542 4.4e-06
543 4e-06
544 7.12387e-06
545 2.36193e-06
546 4.8e-06
547 4.4e-06
548 2.36193e-06
549 5.96193e-06
550 2e-06
551 3.6e-06
552 4.36193e-06
553 3.6e-06
554 3.2e-06
555 3.2e-06
556 1.96193e-06
557 2e-06
558 3.2e-06
559 1.92387e-06
560 4e-06
561 3.6e-06
562 3.52387e-06
563 2.8e-06
564 3.2e-06
565 3.2e-06
566 2.8e-06
567 4.4e-06
568 4e-06
569 3.56193e-06
570 4.36193e-06
571 1.2e-06
572 3.2e-06
573 4.76193e-06
574 2.8e-06
575 5.85136e-06
576 5.96193e-06
577 2.8e-06
578 4e-06
579 2.8e-06
580 4.8e-06
581 4.8e-06
582 2.4e-06
583 8e-07
584 5.96193e-06
585 2e-06
586 3.16193e-06
587 4.36193e-06
588 4.8e-06
589 2.4e-06
590 4.8e-06
591 4e-06
592 1.96193e-06
593 3.56193e-06
594 3.2e-06
595 3.2e-06
596 2.4e-06
597 3.96193e-06
598 5.6e-06
599 5.05136e-06
600 2.4e-06
601 3.92749e-06
602 2.8e-06
603 3.52387e-06
604 4.36193e-06
605 3.96193e-06
606 4e-06
607 5.56193e-06
608 3.2e-06
609 2.8e-06
610 4e-06
611 3.56193e-06
612 4.4e-06
613 4.4e-06
614 2.4e-06
615 3.52387e-06
616 3.96193e-06
617 3.56193e-06
618 3.16193e-06
619 5.52387e-06
620 5.6e-06
621 4.6858e-06
622 2.36193e-06
623 3.96193e-06
624 2.72749e-06
625 3.52387e-06
626 3.2e-06
627 1.96193e-06
628 3.2e-06
629 3.2e-06
630 5.12387e-06
631 2.76193e-06
632 2.76193e-06
633 1.96193e-06
634 8e-07
635 3.61935e-07
636 5.16193e-06
637 3.6e-06
638 4.8e-06
639 8e-07
640 2.76193e-06
641 3.08943e-06
642 3.16193e-06
643 4e-06
644 3.16193e-06
645 1.16193e-06
646 3.16193e-06
647 3.56193e-06
648 4.76193e-06
649 3.2e-06
650 3.52749e-06
651 3.12387e-06
652 2e-06
653 5.52387e-06
654 2.76193e-06
655 4.32387e-06
656 2.8e-06
657 2.8e-06
658 5.2e-06
659 2.76193e-06
660 3.48943e-06
661 4.4e-06
662 4.4e-06
663 3.2e-06
664 3.6e-06
665 2.8e-06
666 3.12387e-06
667 2.4e-06
668 3.56193e-06
669 3.2e-06
670 4e-06
671 2e-06
672 2.4e-06
673 1.56193e-06
674 2e-06
675 4.4e-06
676 3.6e-06
677 4.36193e-06
678 3.6e-06
679 3.96193e-06
680 3.2e-06
681 6.4e-06
682 2.72387e-06
683 1.96193e-06
684 3.2e-06
685 2.8e-06
686 4.36193e-06
687 1.96193e-06
688 4.32387e-06
689 3.56193e-06
690 4.4e-06
691 1.96193e-06
692 2.8e-06
693 3.16193e-06
694 3.12387e-06
695 1.92387e-06
696 1.6e-06
697 3.2e-06
698 3.6e-06
699 2.8e-06
700 1.56193e-06
701 2.4e-06
702 1.6e-06
703 3.2e-06
704 3.12387e-06
705 2.36193e-06
706 6e-06
707 1.2e-06
708 2.32387e-06
709 3.96193e-06
710 3.12387e-06
711 5.2e-06
712 3.6e-06
713 3.6e-06
714 3.2e-06
715 4e-06
716 4e-06
717 2.8e-06
718 3.6e-06
719 3.2e-06
720 2.8e-06
721 3.52387e-06
722 5.2e-06
723 3.92387e-06
724 4.8e-06
725 3.52387e-06
726 4e-06
727 3.2e-06
728 3.96193e-06
729 3.2e-06
730 1.6e-06
731 5.4858e-06
732 4.72387e-06
733 3.96193e-06
734 2e-06
735 3.0858e-06
736 3.12749e-06
737 4.8e-06
738 8e-07
739 4.36193e-06
740 2e-06
741 4.4e-06
742 2e-06
743 2.36193e-06
744 3.16193e-06
745 3.96193e-06
746 3.2e-06
747 2.4e-06
748 3.96193e-06
749 2.72387e-06
750 5.16193e-06
751 2.36193e-06
752 3.16193e-06
753 2.4e-06
754 2.8e-06
755 3.6e-06
756 3.2e-06
757 3.2e-06
758 3.56193e-06
759 2.8e-06
760 3.16193e-06
761 1.6e-06
762 1.96193e-06
763 1.2e-06
764 2.76193e-06
765 1.96193e-06
766 2.4e-06
767 5.12387e-06
768 3.96193e-06
769 3.2e-06
770 2.8e-06
771 3.16193e-06
772 4e-06
773 4.4e-06
774 3.6e-06
775 2.36193e-06
776 2e-06
777 1.6e-06
778 2.36193e-06
779 1.6e-06
780 4.32387e-06
781 2.8e-06
782 2.4e-06
783 3.56193e-06
784 3.52387e-06
785 3.0858e-06
786 2.36193e-06
787 4.8e-06
788 5.16193e-06
789 4.76193e-06
790 4.65136e-06
791 3.6e-06
792 3.56193e-06
793 3.12387e-06
794 4.76193e-06
795 3.2e-06
796 2.4e-06
797 1.2e-06
798 2.36193e-06
799 2.4e-06
800 3.2e-06
801 1.16193e-06
802 4e-06
803 3.56193e-06
804 5.16193e-06
805 2.8e-06
806 3.16193e-06
807 3.96193e-06
808 2.32387e-06
809 3.16193e-06
810 4.8e-06
811 1.96193e-06
812 4e-06
813 4e-06
814 4e-06
815 2.8e-06
816 3.96193e-06
817 4e-06
818 3.6e-06
819 1.6e-06
820 2.8e-06
821 2.4e-06
822 3.6e-06
823 3.96193e-06
824 2.4e-06
825 3.6e-06
826 4e-06
827 2.76193e-06
828 1.56193e-06
829 2.8e-06
830 3.2e-06
831 4.36193e-06
832 3.16193e-06
833 2.8e-06
834 2.8e-06
835 2.36193e-06
836 3.6e-06
837 2.76193e-06
838 2.4e-06
839 4.4e-06
840 2.8e-06
841 2e-06
842 3.96193e-06
843 3.6e-06
844 1.92387e-06
845 5.2e-06
846 2.32749e-06
847 3.56193e-06
848 3.2e-06
849 4.8e-06
850 2e-06
851 1.6e-06
852 2.36193e-06
853 3.12387e-06
854 3.2e-06
855 2.4e-06
856 2.4e-06
857 3.2e-06
858 3.52387e-06
859 4.36193e-06
860 3.16193e-06
861 3.52387e-06
862 2.8e-06
863 1.16193e-06
864 4e-06
865 4.4e-06
866 3.6e-06
867 5.92387e-06
868 3.56193e-06
869 1.96193e-06
870 4e-06
871 4.36193e-06
872 2.36193e-06
873 3.2e-06
874 2.32387e-06
875 3.96193e-06
876 2.76193e-06
877 1.16193e-06
878 1.96193e-06
879 2.4e-06
880 4.4e-06
881 2e-06
882 3.6e-06
883 4.4e-06
884 2.4e-06
885 1.6e-06
886 3.92387e-06
887 3.2e-06
888 4.28943e-06
889 2e-06
890 1.2e-06
891 3.2e-06
892 3.2e-06
893 3.16193e-06
894 3.92387e-06
895 2e-06
896 3.2e-06
897 2.8e-06
898 3.6e-06
899 3.2e-06
900 4.36193e-06
901 1.6e-06
902 2.8e-06
903 3.52387e-06
904 5.92387e-06
905 2.8e-06
906 3.2e-06
907 3.96193e-06
908 1.2e-06
909 1.96193e-06
910 4.36193e-06
911 1.2e-06
912 3.96193e-06
913 2.36193e-06
914 3.16193e-06
915 4.36193e-06
916 1.2e-06
917 1.2e-06
918 1.6e-06
919 3.92387e-06
920 2.4e-06
921 3.16193e-06
922 3.4858e-06
923 2.8e-06
924 3.6e-06
925 2.76193e-06
926 3.37523e-06
927 4.4e-06
928 2.4e-06
929 2.8e-06
930 1.6e-06
931 2.76193e-06
932 3.96193e-06
933 2.4e-06
934 7.61935e-07
935 2.8e-06
936 2.32387e-06
937 2e-06
938 2e-06
939 3.0858e-06
940 2.72387e-06
941 3.16193e-06
942 2.36193e-06
943 1.2e-06
944 3.2e-06
945 1.96193e-06
946 1.96193e-06
947 1.96193e-06
948 3.2e-06
949 1.56193e-06
950 4e-06
951 3.16193e-06
952 1.6e-06
953 2.8e-06
954 3.52387e-06
955 2.8e-06
956 2e-06
957 2.76193e-06
958 3.6e-06
959 2.4e-06
960 1.56193e-06
961 2.25826e-06
962 1.96193e-06
963 1.56193e-06
964 1.16193e-06
965 3.16193e-06
966 3.6e-06
967 1.6e-06
968 3.96193e-06
969 2.8e-06
970 2e-06
971 2.8e-06
972 2e-06
973 2.4e-06
974 4.4e-06
975 3.56193e-06
976 2.8e-06
977 2.4e-06
978 2.76193e-06
979 2.8e-06
980 3.56193e-06
981 2.36193e-06
982 8e-07
983 2.76193e-06
984 2.8e-06
985 2.8e-06
986 1.56193e-06
987 2.36193e-06
988 2.8e-06
989 1.6e-06
990 4.36193e-06
991 3.2e-06
992 3.2e-06
993 4.8e-06
994 8e-07
995 3.6e-06
996 2.4e-06
997 3.16193e-06
998 4.4e-06
999 0
