0 0
1 0.001008
2 0.000744
3 0.000624
4 0.000536
5 0.000437472
6 0.000401472
7 0.000336
8 0.000372
9 0.000364
10 0.000361472
11 0.000321472
12 0.000308
13 0.00032
14 0.000216
15 0.00026
16 0.00022
17 0.000266943
18 0.000241472
19 0.000213472
20 0.000213472
21 0.000248
22 0.000212
23 0.000164
24 0.000250943
25 0.000172
26 0.000192
27 0.000244
28 0.000164
29 0.000213472
30 0.000245472
31 0.000125472
32 0.000133472
33 0.00016
34 0.00014
35 0.00018
36 0.000124
37 0.00016
38 0.00016
39 0.000128
40 0.000168
41 0.000137472
42 0.000138943
43 0.000169472
44 0.000148
45 0.000172
46 0.000136
47 0.000165472
48 7.2e-05
49 0.000116
50 0.00018
51 0.000136415
52 7.74715e-05
53 0.000112
54 0.000157472
55 0.000124
56 0.000121472
57 0.00016
58 0.000118943
59 0.000102943
60 0.000116
61 0.000136415
62 9.34715e-05
63 0.000128
64 0.000104
65 0.000108
66 0.000122943
67 0.00012
68 0.000134943
69 0.000121472
70 0.000144
71 0.000142943
72 0.000117472
73 9.6e-05
74 0.000132
75 7.74715e-05
76 0.000106943
77 0.000129472
78 7.34715e-05
79 8.6943e-05
80 9.6e-05
81 0.000104
82 0.000112415
83 0.000112
84 0.0001
85 0.000112
86 0.000164
87 0.000109472
88 8.8e-05
89 0.0001
90 8.54715e-05
91 8.94715e-05
92 8.4e-05
93 0.000129472
94 8.2943e-05
95 0.000108
96 8e-05
97 6e-05
98 0.000113472
99 0.000101472
100 0.000117472
101 5.2e-05
102 6.14715e-05
103 7.6e-05
104 8e-05
105 9.74715e-05
106 7.34715e-05
107 7.74715e-05
108 6.4e-05
109 8e-05
110 8.54715e-05
111 9.2e-05
112 0.000112
113 6e-05
114 7.74715e-05
115 9.6e-05
116 7.74715e-05
117 7.0943e-05
118 0.0001
119 0.000108
120 7.34715e-05
121 8.54715e-05
122 7.8943e-05
123 8.94715e-05
124 8.54715e-05
125 8.4e-05
126 8.54715e-05
127 8.05413e-05
128 4.4e-05
129 5.74715e-05
130 6.04146e-05
131 8.54715e-05
132 7.2e-05
133 0.000110943
134 8.54715e-05
135 9.2e-05
136 6.54715e-05
137 8e-05
138 0.000104
139 7.74715e-05
140 7.2e-05
141 7.34715e-05
142 9.6e-05
143 0.000108
144 5.74715e-05
145 6.94715e-05
146 7.2e-05
147 9.74715e-05
148 7.2e-05
149 7.2e-05
150 4.4e-05
151 6e-05
152 4e-05
153 7.6e-05
154 4.8e-05
155 6.54715e-05
156 8.4e-05
157 9.4943e-05
158 7.2e-05
159 7.34715e-05
160 8.84146e-05
161 8.4e-05
162 4.8e-05
163 6.94715e-05
164 6.6943e-05
165 8.94715e-05
166 7.74715e-05
167 0.000108
168 8.14715e-05
169 5.74715e-05
170 7.74715e-05
171 8e-05
172 5.2e-05
173 9.8943e-05
174 5.6e-05
175 8.94715e-05
176 6e-05
177 2.4e-05
178 6e-05
179 4.8e-05
180 8.4e-05
181 6.4e-05
182 5.0943e-05
183 7.2e-05
184 5.34715e-05
185 6e-05
186 6.2943e-05
187 8.4e-05
188 6.8e-05
189 3.6e-05
190 3.8943e-05
191 7.2e-05
192 5.65413e-05
193 6.4e-05
194 5.2e-05
195 5.2e-05
196 5.2e-05
197 5.2e-05
198 7.34715e-05
199 5.2e-05
200 6.14715e-05
201 8.6943e-05
202 4e-05
203 6.14715e-05
204 6.54715e-05
205 6e-05
206 4.14715e-05
207 8.2943e-05
208 6.14715e-05
209 7.4943e-05
210 5.34715e-05
211 5.74715e-05
212 5.2e-05
213 8.14715e-05
214 3.6e-05
215 6e-05
216 4.4e-05
217 5.34715e-05
218 8.14715e-05
219 5.34715e-05
220 5.6e-05
221 3.2e-05
222 9.74715e-05
223 3.8943e-05
224 7.6e-05
225 6.54715e-05
226 4e-05
227 4.4e-05
228 6e-05
229 3.74715e-05
230 5.74715e-05
231 2.8e-05
232 6.54715e-05
233 1.34715e-05
234 5.6e-05
235 8.4e-05
236 7.2e-05
237 6e-05
238 5.6e-05
239 6.2943e-05
240 4e-05
241 7.2e-05
242 6.14715e-05
243 7.6e-05
244 6.8e-05
245 5.34715e-05
246 6.14715e-05
247 5.8943e-05
248 9.6e-05
249 6.2943e-05
250 6.4e-05
251 5.34715e-05
252 6.8e-05
253 7.34715e-05
254 4.4e-05
255 4e-05
256 3.2e-05
257 6.84146e-05
258 5.74715e-05
259 6.94715e-05
260 8.54715e-05
261 6.8e-05
262 6.4e-05
263 4.8e-05
264 6.84146e-05
265 6.8e-05
266 6.6943e-05
267 7.2e-05
268 3.6e-05
269 4.54715e-05
270 6.4e-05
271 2.54715e-05
272 6.14715e-05
273 5.2e-05
274 6.54715e-05
275 4.8e-05
276 5.0943e-05
277 5.0943e-05
278 5.4943e-05
279 6.54715e-05
280 4.8e-05
281 4.94715e-05
282 5.2e-05
283 3.6e-05
284 5.6e-05
285 3.34715e-05
286 4.4e-05
287 3.2e-05
288 6.8e-05
289 3.6e-05
290 3.4943e-05
291 6e-05
292 3.6e-05
293 5.74715e-05
294 4.14715e-05
295 4.94715e-05
296 4.84146e-05
297 4.4e-05
298 8.2943e-05
299 6.2943e-05
300 4.4e-05
301 6.20129e-05
302 5.6e-05
303 6.4e-05
304 5.8943e-05
305 3.2e-05
306 7.34715e-05
307 6.6943e-05
308 4.4e-05
309 3.34715e-05
310 6.8e-05
311 6.8e-05
312 3.24146e-05
313 3.6e-05
314 5.2e-05
315 9.2e-05
316 4.44146e-05
317 4e-05
318 5.2e-05
319 3.6e-05
320 5.34715e-05
321 5.34715e-05
322 8.14715e-05
323 4.14715e-05
324 5.6e-05
325 6.94715e-05
326 6.54715e-05
327 6.8e-05
328 7.0943e-05
329 3.2e-05
330 7.6e-05
331 5.2e-05
332 3.34715e-05
333 4.4e-05
334 6.14715e-05
335 6.54715e-05
336 4.6943e-05
337 2e-05
338 4.14715e-05
339 4.54715e-05
340 4.4e-05
341 4.4e-05
342 4.8e-05
343 3.2e-05
344 6.8e-05
345 4.4e-05
346 3.6e-05
347 6.14715e-05
348 4.54715e-05
349 4.14715e-05
350 5.4943e-05
351 3.34715e-05
352 3.2e-05
353 6.54715e-05
354 5.2e-05
355 4e-05
356 2.14715e-05
357 5.6e-05
358 6.2943e-05
359 4.4e-05
360 5.8943e-05
361 2.4e-05
362 5.6e-05
363 2.54715e-05
364 5.34715e-05
365 4.14715e-05
366 3.2e-05
367 2.8e-05
368 3.6e-05
369 2e-05
370 4.54715e-05
371 6.6943e-05
372 6.14715e-05
373 3.0943e-05
374 3.2e-05
375 4e-05
376 4.8e-05
377 4.4e-05
378 4.4e-05
379 4.14715e-05
380 6.14715e-05
381 4.94715e-05
382 8.4e-05
383 3.6e-05
384 6.2943e-05
385 6.54715e-05
386 6.14715e-05
387 6.8e-05
388 4.6943e-05
389 4.94715e-05
390 4.2943e-05
391 4.94715e-05
392 3.6e-05
393 5.6e-05
394 3.78861e-05
395 5.34715e-05
396 4.4e-05
397 4.8e-05
398 5.40129e-05
399 2.94715e-05
400 3.8943e-05
401 2e-05
402 4e-05
403 3.34715e-05
404 3.2e-05
405 6.14715e-05
406 3.2e-05
407 4e-05
408 3.64146e-05
409 2.4e-05
410 4.14715e-05
411 9.74715e-05
412 2.8e-05
413 2.54715e-05
414 7.6e-05
415 2.8e-05
416 5.6e-05
417 4.54715e-05
418 8e-06
419 3.2e-05
420 2.54715e-05
421 4e-05
422 2.6943e-05
423 2.54715e-05
424 4e-05
425 2.54715e-05
426 1.74715e-05
427 4.14715e-05
428 3.6e-05
429 4.4e-05
430 2e-05
431 5.2e-05
432 6.4e-05
433 4.6943e-05
434 4e-05
435 2e-05
436 2.8e-05
437 6.14715e-05
438 4.54715e-05
439 5.2e-05
440 2.8e-05
441 1.74715e-05
442 3.8943e-05
443 5.78861e-05
444 5.0943e-05
445 2.4e-05
446 3.6e-05
447 3.6e-05
448 3.6e-05
449 6.8e-05
450 4e-05
451 2.54715e-05
452 2e-05
453 2.4e-05
454 2.94715e-05
455 5.34715e-05
456 4.8e-05
457 2.8e-05
458 3.6e-05
459 4.54715e-05
460 4.6943e-05
461 3.34715e-05
462 3.34715e-05
463 3.2e-05
464 4.4e-05
465 1.2e-05
466 4e-05
467 2.8e-05
468 3.2e-05
469 5.34715e-05
470 2.4e-05
471 4.8e-05
472 2.54715e-05
473 3.6e-05
474 5.4943e-05
475 3.34715e-05
476 1.6e-05
477 3.74715e-05
478 3.34715e-05
479 4e-05
480 2.4e-05
481 5.6e-05
482 4.14715e-05
483 4.2943e-05
484 5.6e-05
485 4.4e-05
486 1.64146e-05
487 3.4943e-05
488 3.2e-05
489 3.2e-05
490 4.4e-05
491 4e-05
492 3.2e-05
493 6e-05
494 6.94715e-05
495 3.6e-05
496 4.54715e-05
497 3.6e-05
498 3.0943e-05
499 4.14715e-05
500 2.4e-05
501 5.34715e-05
502 2.94715e-05
503 4.54715e-05
504 4e-05
505 3.2e-05
506 2.8e-05
507 3.6e-05
508 6.4e-05
509 3.74715e-05
510 2.4e-05
511 4.2943e-05
512 2.54715e-05
513 2.20129e-05
514 4.4e-05
515 4.8e-05
516 4e-05
517 5.0943e-05
518 4.8e-05
519 2.8e-05
520 3.2e-05
521 5.2e-05
522 4.8e-05
523 3.6e-05
524 5.4943e-05
525 2.14715e-05
526 3.2e-05
527 4e-05
528 4.14715e-05
529 3.74715e-05
530 3.6e-05
531 1.2e-05
532 2.94715e-05
533 3.6e-05
534 5.2e-05
535 4.4e-05
536 4.54715e-05
537 3.6e-05
538 4.8e-05
539 3.2e-05
540 3.74715e-05
541 2.94715e-05
542 3.6e-05
543 5.6e-05
544 2e-05
545 1.74715e-05
546 3.6e-05
547 6.8e-05
548 3.4943e-05
549 4.2943e-05
550 1.6e-05
551 4.94715e-05
552 5.6e-05
553 3.34715e-05
554 3.0943e-05
555 3.2e-05
556 3.34715e-05
557 3.6e-05
558 3.6e-05
559 4e-05
560 4.2943e-05
561 3.25413e-05
562 3.6e-05
563 2.94715e-05
564 3.6e-05
565 3.6e-05
566 3.34715e-05
567 2.54715e-05
568 6.14715e-05
569 4.54715e-05
570 4e-06
571 2.2943e-05
572 2e-05
573 2e-05
574 4.4e-05
575 2.94715e-05
576 2.94715e-05
577 3.74715e-05
578 3.2e-05
579 4.94715e-05
580 1.74715e-05
581 4.94715e-05
582 2e-05
583 3.74715e-05
584 3.6e-05
585 2e-05
586 2.14715e-05
587 1.6e-05
588 8e-06
589 5.6e-05
590 6.54715e-05
591 5.34715e-05
592 3.6e-05
593 3.6e-05
594 1.65413e-05
595 4e-05
596 2.6943e-05
597 4e-05
598 1.2e-05
599 2.14715e-05
600 2.4e-05
601 3.74715e-05
602 3.34715e-05
603 4.14715e-05
604 2.4e-05
605 3.6e-05
606 2.8e-05
607 2.6943e-05
608 3.34715e-05
609 4.4e-05
610 2.2943e-05
611 4.54715e-05
612 4.8e-05
613 2.8e-05
614 1.74715e-05
615 1.2e-05
616 3.34715e-05
617 5.0943e-05
618 3.34715e-05
619 4e-05
620 6e-05
621 4.8e-05
622 4.54715e-05
623 2e-05
624 3.74715e-05
625 2.4e-05
626 3.74715e-05
627 5.4943e-05
628 2.94715e-05
629 3.6e-05
630 2e-05
631 2.94715e-05
632 3.2e-05
633 3.6e-05
634 2e-05
635 4.85413e-05
636 3.34715e-05
637 3.4943e-05
638 3.34715e-05
639 1.74715e-05
640 2.8e-05
641 3.25413e-05
642 2e-05
643 3.8943e-05
644 4.4e-05
645 3.6e-05
646 2.54715e-05
647 3.34715e-05
648 3.6e-05
649 2.4e-05
650 2.4e-05
651 1.6e-05
652 3.0943e-05
653 1.6e-05
654 3.6e-05
655 4e-05
656 4e-05
657 1.6e-05
658 2.8e-05
659 4.8e-05
660 5.74715e-05
661 4.14715e-05
662 2.4e-05
663 3.6e-05
664 3.34715e-05
665 2.45413e-05
666 2.94715e-05
667 3.2e-05
668 5.2e-05
669 3.6e-05
670 2.8e-05
671 3.6e-05
672 2.8e-05
673 2e-05
674 4.8e-05
675 2.14715e-05
676 2.54715e-05
677 3.34715e-05
678 3.2e-05
679 1.74715e-05
680 3.74715e-05
681 3.6e-05
682 1.6e-05
683 2.54715e-05
684 2.8e-05
685 1.6e-05
686 2.14715e-05
687 1.6e-05
688 3.6e-05
689 4.94715e-05
690 4.14715e-05
691 3.6e-05
692 2.54715e-05
693 5.2e-05
694 3.2e-05
695 3.34715e-05
696 2.4e-05
697 2.4e-05
698 2e-05
699 4.8e-05
700 3.2e-05
701 9.47152e-06
702 2.54715e-05
703 1.74715e-05
704 1.2e-05
705 2.14715e-05
706 3.6e-05
707 2.4e-05
708 4.94715e-05
709 3.2e-05
710 1.6e-05
711 1.25413e-05
712 8e-06
713 4.2943e-05
714 1.34715e-05
715 3.0943e-05
716 2.54715e-05
717 4e-05
718 2e-05
719 3.8943e-05
720 2.94715e-05
721 1.6e-05
722 1.6e-05
723 8e-06
724 2.14715e-05
725 1.74715e-05
726 4.4e-05
727 2.4e-05
728 2e-05
729 2.8e-05
730 2.8e-05
731 2e-05
732 2.8e-05
733 3.6e-05
734 2e-05
735 4e-05
736 3.2e-05
737 4.8e-05
738 3.74715e-05
739 2.4e-05
740 4.8e-05
741 2.8e-05
742 4e-05
743 1.0943e-05
744 1.6e-05
745 4e-05
746 3.34715e-05
747 4.14715e-05
748 2.8e-05
749 3.74715e-05
750 2.45413e-05
751 4.84146e-05
752 3.34715e-05
753 4.94715e-05
754 2.14715e-05
755 3.74715e-05
756 2.4e-05
757 2.01991e-05
758 3.6e-05
759 4.54715e-05
760 3.2e-05
761 4.14715e-05
762 2.6943e-05
763 2.8e-05
764 2.2943e-05
765 3.34715e-05
766 2.6943e-05
767 2.54715e-05
768 8e-06
769 3.34715e-05
770 3.0943e-05
771 2.8e-05
772 3.74715e-05
773 4.4e-05
774 3.34715e-05
775 2.6943e-05
776 3.0943e-05
777 1.74715e-05
778 3.6e-05
779 4e-05
780 4e-05
781 3.6e-05
782 1.8943e-05
783 2.54715e-05
784 2.14715e-05
785 2.94715e-05
786 3.74715e-05
787 2.6943e-05
788 2.54715e-05
789 3.40129e-05
790 2.14715e-05
791 2.14715e-05
792 4.6943e-05
793 1.2e-05
794 2.2943e-05
795 2.94715e-05
796 4e-05
797 3.6e-05
798 2.8e-05
799 2.74844e-05
800 2.14715e-05
801 3.34715e-05
802 2.8e-05
803 4e-05
804 1.74715e-05
805 2.4e-05
806 3.4943e-05
807 3.74715e-05
808 2.8e-05
809 1.2e-05
810 1.6e-05
811 2.8e-05
812 2.6943e-05
813 2.54715e-05
814 2.4e-05
815 2e-05
816 2.54715e-05
817 3.74715e-05
818 2.94715e-05
819 3.34715e-05
820 2e-05
821 2e-05
822 8e-06
823 2.34844e-05
824 2.4e-05
825 2.8e-05
826 2.54715e-05
827 3.74715e-05
828 3.8943e-05
829 1.6e-05
830 2.4e-05
831 1.65413e-05
832 4.04146e-05
833 3.34715e-05
834 1.6e-05
835 2e-05
836 3.34715e-05
837 1.74715e-05
838 3.2e-05
839 2.94715e-05
840 3.6e-05
841 2.4e-05
842 2.94715e-05
843 2e-05
844 4.94715e-05
845 6.14715e-05
846 2.4e-05
847 2.94715e-05
848 2.94715e-05
849 2.14715e-05
850 4.54715e-05
851 1.34715e-05
852 3.6e-05
853 4.4e-05
854 1.6e-05
855 2.54715e-05
856 2e-05
857 1.2e-05
858 1.34715e-05
859 2.98861e-05
860 2.8e-05
861 4.74844e-05
862 2.8e-05
863 3.2e-05
864 1.2e-05
865 2.8e-05
866 2.8e-05
867 4e-05
868 3.6e-05
869 1.6e-05
870 3.2e-05
871 3.40129e-05
872 2.4e-05
873 4.54715e-05
874 3.4943e-05
875 2.8e-05
876 2e-05
877 2.6943e-05
878 2.14715e-05
879 1.6e-05
880 4.8e-05
881 2.6943e-05
882 2.14715e-05
883 3.0943e-05
884 2e-05
885 3.6e-05
886 2e-05
887 2.4e-05
888 2.14715e-05
889 3.34715e-05
890 3.2e-05
891 3.6e-05
892 2.4e-05
893 2e-05
894 3.74715e-05
895 2e-05
896 8e-06
897 4.85413e-05
898 1.2e-05
899 2.8e-05
900 3.34715e-05
901 2e-05
902 2.94715e-05
903 3.4943e-05
904 8.54134e-06
905 2e-05
906 8e-06
907 1.6e-05
908 1.0943e-05
909 3.2e-05
910 1.2e-05
911 3.2e-05
912 1.4943e-05
913 1.6e-05
914 4e-06
915 2.4e-05
916 3.74715e-05
917 1.6e-05
918 1.74715e-05
919 2.4e-05
920 1.74715e-05
921 1.34715e-05
922 3.74715e-05
923 2.8e-05
924 3.2e-05
925 2.8e-05
926 2.14715e-05
927 3.0943e-05
928 3.2e-05
929 1.2e-05
930 1.6e-05
931 1.6e-05
932 2.94715e-05
933 3.74715e-05
934 4.14715e-05
935 2.8e-05
936 2.54715e-05
937 4.4e-05
938 4.2943e-05
939 2e-05
940 1.65413e-05
941 2e-05
942 1.2e-05
943 1.6e-05
944 4.6943e-05
945 1.2e-05
946 3.6e-05
947 3.4943e-05
948 2.4e-05
949 2.8e-05
950 2e-05
951 0
952 3.6e-05
953 4.14715e-05
954 1.2e-05
955 3.6e-05
956 3.2e-05
957 2.14715e-05
958 1.2e-05
959 3.2e-05
960 8e-06
961 4e-05
962 4.54715e-05
963 2e-05
964 1.2e-05
965 2.94715e-05
966 2.2943e-05
967 3.2e-05
968 2.2943e-05
969 2.4e-05
970 3.34715e-05
971 2.94715e-05
972 1.2e-05
973 2.8e-05
974 2.14715e-05
975 1.74715e-05
976 2.54715e-05
977 2.14715e-05
978 2.8e-05
979 3.34715e-05
980 1.34715e-05
981 4e-05
982 2.14715e-05
983 3.8943e-05
984 1.6e-05
985 2.8e-05
986 3.74715e-05
987 3.74715e-05
988 3.2e-05
989 1.2e-05
990 1.6e-05
991 4e-05
992 2.54715e-05
993 4.45413e-05
994 2.8e-05
995 4.8e-05
996 3.2e-05
997 8e-06
998 3.34715e-05
999 0
