0 0
1 1.6e-07
2 9.2e-07
3 1.48e-06
4 1.84e-06
5 2.44e-06
6 2.24e-06
7 2.04e-06
8 2.2796e-06
9 1.8e-06
10 2.2396e-06
11 1.48e-06
12 2.0396e-06
13 1.92e-06
14 2.36e-06
15 2.12e-06
16 2.24e-06
17 1.84e-06
18 1.44e-06
19 2.08e-06
20 1.8796e-06
21 2.24e-06
22 1.4e-06
23 1.7992e-06
24 2.04e-06
25 1.64e-06
26 1.9196e-06
27 1.72e-06
28 1.84e-06
29 1.84e-06
30 1.72e-06
31 1.88e-06
32 1.6796e-06
33 1.6e-06
34 1.28e-06
35 1.6e-06
36 1.3992e-06
37 9.99602e-07
38 1.12e-06
39 1.4e-06
40 1.0396e-06
41 1.2e-06
42 1.76e-06
43 1.6396e-06
44 1.44e-06
45 1.1592e-06
46 1.2392e-06
47 1.6396e-06
48 1.6392e-06
49 1.5596e-06
50 1.2e-06
51 7.2e-07
52 1.24e-06
53 1.32e-06
54 1.3196e-06
55 9.6e-07
56 1.2e-06
57 1.11921e-06
58 1.16e-06
59 1.12e-06
60 1.56e-06
61 1.0796e-06
62 1.2796e-06
63 1.2e-06
64 9.2e-07
65 1.0792e-06
66 1.2792e-06
67 8e-07
68 1.2e-06
69 7.6e-07
70 1e-06
71 6.8e-07
72 1.2e-06
73 1.28e-06
74 6.79204e-07
75 1.12e-06
76 1.1196e-06
77 9.19602e-07
78 8e-07
79 8.8e-07
80 9.6e-07
81 1.36e-06
82 8.79602e-07
83 9.19602e-07
84 1.16e-06
85 1.0396e-06
86 1.07881e-06
87 1.04e-06
88 1.0392e-06
89 1.1596e-06
90 9.6e-07
91 1.56e-06
92 1e-06
93 8e-07
94 8e-07
95 9.59602e-07
96 7.6e-07
97 8.39602e-07
98 7.19602e-07
99 8.79602e-07
100 1.04e-06
101 1.1596e-06
102 7.6e-07
103 1.04e-06
104 8.8e-07
105 9.2e-07
106 6.4e-07
107 7.99602e-07
108 6.79602e-07
109 9.6e-07
110 7.6e-07
111 9.99602e-07
112 8.39602e-07
113 1.1196e-06
114 8e-07
115 1.04e-06
116 1.2396e-06
117 7.59602e-07
118 8.4e-07
119 1.15881e-06
120 8.79602e-07
121 6.79602e-07
122 8.38806e-07
123 6.79602e-07
124 4e-07
125 6e-07
126 8.4e-07
127 1.1196e-06
128 9.6e-07
129 1.0392e-06
130 3.2e-07
131 5.2e-07
132 8.8e-07
133 8e-07
134 6.8e-07
135 1.08e-06
136 9.59602e-07
137 9.6e-07
138 9.6e-07
139 7.6e-07
140 5.6e-07
141 6e-07
142 6.8e-07
143 4.4e-07
144 9.59602e-07
145 9.59602e-07
146 5.59602e-07
147 7.99602e-07
148 5.6e-07
149 8.79204e-07
150 9.19602e-07
151 6.4e-07
152 6.4e-07
153 8.4e-07
154 7.2e-07
155 5.59602e-07
156 5.59602e-07
157 7.19602e-07
158 5.99602e-07
159 9.99602e-07
160 4.8e-07
161 8.39602e-07
162 8.4e-07
163 5.6e-07
164 8.4e-07
165 6.4e-07
166 9.2e-07
167 9.19602e-07
168 6.8e-07
169 6.79602e-07
170 6e-07
171 6.39204e-07
172 5.99204e-07
173 7.99602e-07
174 4.4e-07
175 5.6e-07
176 8.8e-07
177 6e-07
178 7.59602e-07
179 4.8e-07
180 6.4e-07
181 5.19602e-07
182 7.6e-07
183 8.4e-07
184 4.4e-07
185 7.59602e-07
186 6.8e-07
187 5.19602e-07
188 4.79602e-07
189 6.4e-07
190 7.6e-07
191 7.99602e-07
192 8e-07
193 5.2e-07
194 6e-07
195 5.99204e-07
196 4e-07
197 5.6e-07
198 7.2e-07
199 6e-07
200 6.79602e-07
201 5.6e-07
202 9.19602e-07
203 6.8e-07
204 9.2e-07
205 8.79602e-07
206 7.99602e-07
207 4.8e-07
208 6e-07
209 8.8e-07
210 6e-07
211 7.2e-07
212 6.4e-07
213 6e-07
214 7.2e-07
215 2.8e-07
216 8.79602e-07
217 7.6e-07
218 5.19602e-07
219 6.4e-07
220 6.4e-07
221 5.6e-07
222 7.59204e-07
223 9.59204e-07
224 5.6e-07
225 9.99204e-07
226 3.99602e-07
227 7.19602e-07
228 5.19204e-07
229 4.4e-07
230 5.2e-07
231 4.8e-07
232 6.79208e-07
233 3.6e-07
234 5.99602e-07
235 4.4e-07
236 6e-07
237 9.99204e-07
238 3.2e-07
239 3.99602e-07
240 7.19602e-07
241 4.79602e-07
242 5.2e-07
243 7.19204e-07
244 6.4e-07
245 5.2e-07
246 7.2e-07
247 5.59602e-07
248 2.8e-07
249 5.6e-07
250 7.6e-07
251 1.6e-07
252 8.79602e-07
253 4.8e-07
254 5.99602e-07
255 5.2e-07
256 5.59602e-07
257 4.79204e-07
258 3.19602e-07
259 4e-07
260 5.58806e-07
261 6.39602e-07
262 5.6e-07
263 4.4e-07
264 5.59602e-07
265 7.59602e-07
266 2.4e-07
267 2.8e-07
268 3.2e-07
269 7.59602e-07
270 3.99602e-07
271 7.2e-07
272 4e-07
273 5.99602e-07
274 7.2e-07
275 4e-07
276 5.19602e-07
277 6e-07
278 7.2e-07
279 5.6e-07
280 6e-07
281 5.59204e-07
282 5.99204e-07
283 4.8e-07
284 3.19602e-07
285 6.39602e-07
286 4.79602e-07
287 8.39204e-07
288 5.2e-07
289 4.79204e-07
290 7.18806e-07
291 8.79602e-07
292 6.39602e-07
293 3.6e-07
294 7.99602e-07
295 7.2e-07
296 8e-07
297 4.39602e-07
298 7.59602e-07
299 5.99602e-07
300 4.4e-07
301 3.19602e-07
302 4.4e-07
303 9.19204e-07
304 7.58018e-07
305 5.6e-07
306 4.4e-07
307 5.6e-07
308 3.99602e-07
309 4.39204e-07
310 2.79602e-07
311 6.4e-07
312 6e-07
313 3.19204e-07
314 7.19602e-07
315 5.6e-07
316 6.4e-07
317 4.39602e-07
318 3.99602e-07
319 5.59204e-07
320 4.8e-07
321 4e-07
322 4.39602e-07
323 4.39602e-07
324 3.59602e-07
325 6.4e-07
326 4e-07
327 6e-07
328 5.59602e-07
329 6.39602e-07
330 7.2e-07
331 6e-07
332 3.2e-07
333 6.79602e-07
334 5.2e-07
335 6.8e-07
336 2.8e-07
337 5.19602e-07
338 6.39602e-07
339 3.99602e-07
340 4.4e-07
341 6.4e-07
342 4.4e-07
343 1.6e-07
344 3.59602e-07
345 5.58408e-07
346 1.6e-07
347 7.6e-07
348 5.59602e-07
349 3.6e-07
350 4.4e-07
351 2e-07
352 3.6e-07
353 4.8e-07
354 5.2e-07
355 4.4e-07
356 5.2e-07
357 3.99602e-07
358 4e-07
359 2.4e-07
360 2.8e-07
361 4.4e-07
362 6.39602e-07
363 9.2e-07
364 4.4e-07
365 3.59204e-07
366 3.59204e-07
367 4.79204e-07
368 6e-07
369 3.19208e-07
370 5.19602e-07
371 4.4e-07
372 4.39204e-07
373 4.8e-07
374 5.2e-07
375 3.59602e-07
376 6e-07
377 5.59602e-07
378 2.8e-07
379 5.19208e-07
380 5.59204e-07
381 4e-07
382 3.99602e-07
383 7.59602e-07
384 4.4e-07
385 4.4e-07
386 4e-07
387 4.79602e-07
388 4e-07
389 3.99602e-07
390 4.79602e-07
391 5.2e-07
392 5.19204e-07
393 3.2e-07
394 4.8e-07
395 4.78806e-07
396 3.2e-07
397 6.4e-07
398 4.8e-07
399 5.19204e-07
400 5.6e-07
401 4.39204e-07
402 4.8e-07
403 4.79602e-07
404 2.4e-07
405 5.59602e-07
406 4.4e-07
407 5.19602e-07
408 4.8e-07
409 3.2e-07
410 3.19204e-07
411 3.99204e-07
412 4.4e-07
413 4.8e-07
414 3.99602e-07
415 3.19602e-07
416 3.99602e-07
417 4.8e-07
418 6.4e-07
419 3.6e-07
420 3.2e-07
421 4e-07
422 3.6e-07
423 5.2e-07
424 4.39602e-07
425 5.19602e-07
426 6.39602e-07
427 3.59602e-07
428 3.59204e-07
429 2.8e-07
430 2e-07
431 5.19602e-07
432 2e-07
433 4.39602e-07
434 3.19602e-07
435 3.59204e-07
436 2.39602e-07
437 4.4e-07
438 4.79602e-07
439 4.8e-07
440 3.6e-07
441 1.59602e-07
442 4.39602e-07
443 5.59602e-07
444 1.99602e-07
445 3.6e-07
446 6e-07
447 3.99602e-07
448 4.4e-07
449 4.39602e-07
450 4.38806e-07
451 4e-07
452 4.39602e-07
453 6.4e-07
454 4.79602e-07
455 3.2e-07
456 5.59204e-07
457 3.2e-07
458 4.39204e-07
459 2.79602e-07
460 5.59602e-07
461 4.8e-07
462 4e-07
463 4e-07
464 4.79602e-07
465 3.2e-07
466 4.39602e-07
467 3.99602e-07
468 2.4e-07
469 2.8e-07
470 3.19602e-07
471 4.8e-07
472 3.99204e-07
473 3.99204e-07
474 4.79204e-07
475 2.4e-07
476 2.8e-07
477 4e-07
478 3.59602e-07
479 4.4e-07
480 4e-07
481 2.79602e-07
482 3.99602e-07
483 3.6e-07
484 6.79204e-07
485 4e-07
486 3.6e-07
487 3.6e-07
488 4.79204e-07
489 4.79204e-07
490 2e-07
491 3.99602e-07
492 3.19602e-07
493 5.2e-07
494 3.59602e-07
495 3.59602e-07
496 3.6e-07
497 1.6e-07
498 2e-07
499 5.19602e-07
500 4.39602e-07
501 5.2e-07
502 2.4e-07
503 3.99602e-07
504 3.6e-07
505 3.2e-07
506 4.79602e-07
507 3.59602e-07
508 1.19602e-07
509 4.79602e-07
510 3.19204e-07
511 2.4e-07
512 3.19602e-07
513 5.2e-07
514 5.59602e-07
515 6e-07
516 2e-07
517 2.8e-07
518 5.2e-07
519 2.8e-07
520 4.7881e-07
521 2.79602e-07
522 3.2e-07
523 5.19602e-07
524 4.79602e-07
525 4.79602e-07
526 5.6e-07
527 2.4e-07
528 3.99602e-07
529 5.2e-07
530 4.78806e-07
531 4e-07
532 4.8e-07
533 2.79602e-07
534 6.39602e-07
535 4.4e-07
536 2.39602e-07
537 4e-07
538 2e-07
539 2.8e-07
540 2.4e-07
541 2.8e-07
542 2.8e-07
543 2.4e-07
544 3.2e-07
545 2.4e-07
546 3.98412e-07
547 3.59602e-07
548 2.4e-07
549 3.2e-07
550 3.2e-07
551 6e-07
552 3.19204e-07
553 2.79602e-07
554 3.6e-07
555 4e-07
556 3.2e-07
557 3.59602e-07
558 2.4e-07
559 4.79204e-07
560 5.19602e-07
561 3.2e-07
562 4.4e-07
563 3.2e-07
564 2.39204e-07
565 3.2e-07
566 4e-07
567 4.4e-07
568 3.6e-07
569 4.39602e-07
570 4.39602e-07
571 1.6e-07
572 4.39204e-07
573 2.3881e-07
574 3.2e-07
575 3.59204e-07
576 2.39204e-07
577 3.59602e-07
578 3.59602e-07
579 4e-07
580 4.4e-07
581 3.59602e-07
582 4.39204e-07
583 3.18408e-07
584 3.19602e-07
585 3.6e-07
586 3.59602e-07
587 6.39204e-07
588 2.8e-07
589 2e-07
590 5.59602e-07
591 3.6e-07
592 5.19602e-07
593 5.99602e-07
594 4.4e-07
595 2.8e-07
596 2.4e-07
597 3.99204e-07
598 3.6e-07
599 2.79602e-07
600 1.99602e-07
601 4.38806e-07
602 2e-07
603 3.19602e-07
604 2.39602e-07
605 1.6e-07
606 5.2e-07
607 2.4e-07
608 3.99204e-07
609 1.6e-07
610 4.8e-07
611 4e-07
612 2.8e-07
613 1.2e-07
614 2.8e-07
615 2.79602e-07
616 1.59602e-07
617 1.6e-07
618 3.2e-07
619 4e-07
620 3.2e-07
621 4.39602e-07
622 2.79602e-07
623 4.39602e-07
624 4e-07
625 3.6e-07
626 1.19204e-07
627 3.2e-07
628 5.59602e-07
629 3.2e-07
630 4.39602e-07
631 2.8e-07
632 5.59602e-07
633 3.19602e-07
634 2.4e-07
635 2.4e-07
636 2.4e-07
637 4.4e-07
638 3.19602e-07
639 2e-07
640 1.99602e-07
641 1.2e-07
642 2.8e-07
643 3.19602e-07
644 3.59602e-07
645 3.2e-07
646 4.39602e-07
647 3.6e-07
648 3.19602e-07
649 3.99204e-07
650 5.99602e-07
651 2e-07
652 5.19204e-07
653 3.6e-07
654 4.79204e-07
655 3.99204e-07
656 3.99602e-07
657 4e-07
658 2.8e-07
659 4.4e-07
660 2.4e-07
661 1.99602e-07
662 3.6e-07
663 3.19602e-07
664 4e-07
665 2.4e-07
666 3.19602e-07
667 5.19208e-07
668 3.19602e-07
669 2.4e-07
670 2.4e-07
671 2.8e-07
672 2.79602e-07
673 2.39602e-07
674 1.99602e-07
675 1.6e-07
676 3.59602e-07
677 3.59204e-07
678 4e-07
679 4e-07
680 3.59208e-07
681 3.2e-07
682 2.8e-07
683 1.99602e-07
684 4.39602e-07
685 4.39602e-07
686 4e-07
687 5.19602e-07
688 5.19602e-07
689 4e-07
690 3.19602e-07
691 6.39602e-07
692 5.99602e-07
693 3.59208e-07
694 3.2e-07
695 2.38806e-07
696 2.4e-07
697 2.8e-07
698 4e-07
699 2.4e-07
700 2.4e-07
701 3.59602e-07
702 2.79602e-07
703 2e-07
704 1.6e-07
705 2.79204e-07
706 4e-07
707 4.79204e-07
708 4.39204e-07
709 3.6e-07
710 4e-07
711 2.79602e-07
712 3.2e-07
713 2.79204e-07
714 2.4e-07
715 4e-07
716 3.19204e-07
717 1.99602e-07
718 5.19602e-07
719 2.8e-07
720 2.4e-07
721 8e-08
722 3.2e-07
723 2.79602e-07
724 2.4e-07
725 3.6e-07
726 2.4e-07
727 2.4e-07
728 4e-07
729 2.39602e-07
730 2.4e-07
731 3.1881e-07
732 2.4e-07
733 2.79602e-07
734 5.6e-07
735 3.59602e-07
736 2e-07
737 2.8e-07
738 3.19602e-07
739 4e-07
740 2e-07
741 2.4e-07
742 1.2e-07
743 3.18806e-07
744 1.2e-07
745 5.99602e-07
746 4.3881e-07
747 2.8e-07
748 1.99204e-07
749 2.4e-07
750 2.39602e-07
751 3.6e-07
752 1.19602e-07
753 2.8e-07
754 2.8e-07
755 3.2e-07
756 1.59602e-07
757 2e-07
758 2.8e-07
759 3.59602e-07
760 3.19602e-07
761 2.4e-07
762 2.4e-07
763 3.99602e-07
764 1.98412e-07
765 3.2e-07
766 2.4e-07
767 4e-07
768 3.99204e-07
769 2.39602e-07
770 1.6e-07
771 2.8e-07
772 4.79204e-07
773 2.8e-07
774 4.4e-07
775 1.6e-07
776 2.8e-07
777 4.79602e-07
778 2.4e-07
779 2.4e-07
780 3.2e-07
781 2.4e-07
782 7.9602e-08
783 2.8e-07
784 3.19204e-07
785 7.6e-07
786 2.4e-07
787 2.8e-07
788 2.79602e-07
789 3.19602e-07
790 1.99208e-07
791 2e-07
792 3.2e-07
793 5.19602e-07
794 2.39204e-07
795 2.8e-07
796 8e-08
797 3.19602e-07
798 2.4e-07
799 4.39602e-07
800 3.2e-07
801 3.19602e-07
802 1.99204e-07
803 2e-07
804 3.59602e-07
805 2.8e-07
806 2.4e-07
807 2.4e-07
808 3.2e-07
809 2.4e-07
810 2.8e-07
811 2.4e-07
812 0
813 3.59602e-07
814 3.6e-07
815 2.8e-07
816 3.19602e-07
817 3.19602e-07
818 1.59602e-07
819 2.4e-07
820 5.19602e-07
821 2.4e-07
822 2.4e-07
823 3.99602e-07
824 1.99602e-07
825 3.5881e-07
826 2.39602e-07
827 2e-07
828 3.6e-07
829 2.4e-07
830 4e-07
831 2e-07
832 2.4e-07
833 4.39602e-07
834 2e-07
835 1.2e-07
836 2.4e-07
837 2.4e-07
838 8e-08
839 2e-07
840 4e-07
841 2.4e-07
842 3.19602e-07
843 3.19204e-07
844 4.39602e-07
845 8e-08
846 4.79204e-07
847 3.2e-07
848 3.59204e-07
849 3.6e-07
850 1.6e-07
851 3.2e-07
852 1.6e-07
853 2e-07
854 3.19602e-07
855 3.2e-07
856 3.59602e-07
857 2.4e-07
858 4.4e-07
859 2.4e-07
860 3.59602e-07
861 2.8e-07
862 5.2e-07
863 2e-07
864 2.4e-07
865 8e-08
866 1.2e-07
867 2.4e-07
868 5.58806e-07
869 2.39602e-07
870 2.79602e-07
871 3.2e-07
872 3.19602e-07
873 7.9602e-08
874 2e-07
875 2.79602e-07
876 2.8e-07
877 2e-07
878 4e-07
879 1.99602e-07
880 3.2e-07
881 3.2e-07
882 4e-07
883 2e-07
884 4.79204e-07
885 3.19602e-07
886 2e-07
887 5.58806e-07
888 4e-07
889 1.99602e-07
890 1.99602e-07
891 2.79204e-07
892 1.59204e-07
893 1.59602e-07
894 3.2e-07
895 2.8e-07
896 3.19204e-07
897 3.9602e-08
898 2.79602e-07
899 5.19602e-07
900 2.7881e-07
901 2.4e-07
902 2.39602e-07
903 2.38806e-07
904 1.99602e-07
905 2.4e-07
906 3.59602e-07
907 2.79602e-07
908 4.39602e-07
909 2.8e-07
910 2.79602e-07
911 2e-07
912 3.59602e-07
913 3.2e-07
914 2.79602e-07
915 3.99602e-07
916 2.8e-07
917 2.4e-07
918 1.6e-07
919 2e-07
920 6.79204e-07
921 3.2e-07
922 2.4e-07
923 4.39602e-07
924 4.4e-07
925 3.2e-07
926 2.4e-07
927 2.4e-07
928 4.4e-07
929 4e-08
930 3.99602e-07
931 4.39602e-07
932 3.58806e-07
933 1.6e-07
934 3.59602e-07
935 3.6e-07
936 3.58412e-07
937 1.99602e-07
938 2.39602e-07
939 1.2e-07
940 2.8e-07
941 3.6e-07
942 3.2e-07
943 2.4e-07
944 2e-07
945 2e-07
946 4.4e-07
947 1.6e-07
948 2e-07
949 2e-07
950 2.39204e-07
951 3.19602e-07
952 2.39602e-07
953 2.4e-07
954 3.19602e-07
955 2.4e-07
956 2.39602e-07
957 2.39602e-07
958 3.19602e-07
959 2e-07
960 1.6e-07
961 3.99602e-07
962 3.99602e-07
963 2.4e-07
964 4e-07
965 2.8e-07
966 4.39602e-07
967 3.99602e-07
968 2e-07
969 1.6e-07
970 2e-07
971 4.79602e-07
972 1.6e-07
973 2e-07
974 2e-07
975 5.6e-07
976 2.4e-07
977 2.79204e-07
978 1.6e-07
979 2.4e-07
980 3.59602e-07
981 2.79602e-07
982 5.6e-07
983 3.2e-07
984 1.99602e-07
985 2.4e-07
986 8e-08
987 2.4e-07
988 2.39602e-07
989 1.2e-07
990 3.2e-07
991 3.99602e-07
992 2e-07
993 3.9602e-08
994 2.8e-07
995 3.2e-07
996 3.99204e-07
997 4.4e-07
998 2.4e-07
999 0
