0 0
1 0.0001192
2 7.68e-05
3 6.52e-05
4 5.36e-05
5 5.03619e-05
6 4.27239e-05
7 4.08e-05
8 3.47619e-05
9 3.44e-05
10 3.32e-05
11 2.2e-05
12 2.99619e-05
13 2.71619e-05
14 2.75619e-05
15 2.55239e-05
16 3.15239e-05
17 2.2e-05
18 2.03619e-05
19 2.11239e-05
20 2.07619e-05
21 1.83239e-05
22 2.19619e-05
23 2.12e-05
24 2.07239e-05
25 2.2e-05
26 2.03239e-05
27 1.56e-05
28 2.04e-05
29 1.71239e-05
30 2.19619e-05
31 1.95619e-05
32 1.79619e-05
33 1.72e-05
34 1.67619e-05
35 1.96e-05
36 1.91619e-05
37 1.6e-05
38 1.44e-05
39 1.56e-05
40 1.63239e-05
41 1.51239e-05
42 1.43619e-05
43 1.83619e-05
44 1.96e-05
45 1.66858e-05
46 1.86858e-05
47 1.43619e-05
48 9.2e-06
49 1.36e-05
50 1.35619e-05
51 1.19619e-05
52 1.52e-05
53 1.28e-05
54 1.19619e-05
55 1.32e-05
56 1.47619e-05
57 8.36193e-06
58 1e-05
59 1.47619e-05
60 9.56193e-06
61 8.76193e-06
62 1.11619e-05
63 1.35619e-05
64 1.08e-05
65 1.31239e-05
66 1.04e-05
67 1.34894e-05
68 7.12387e-06
69 1.04e-05
70 1.28e-05
71 1.04e-05
72 1.15619e-05
73 9.16193e-06
74 1.12e-05
75 1.44e-05
76 1.11619e-05
77 1e-05
78 8.4e-06
79 1.11619e-05
80 1.64e-05
81 1.55239e-05
82 8.4e-06
83 1.03619e-05
84 7.6e-06
85 1e-05
86 9.6e-06
87 1.07619e-05
88 9.16193e-06
89 7.16193e-06
90 1.03619e-05
91 9.6e-06
92 8.8e-06
93 1.19619e-05
94 9.4858e-06
95 8.76193e-06
96 9.2e-06
97 7.96193e-06
98 8.36193e-06
99 5.56193e-06
100 1.35239e-05
101 6.76193e-06
102 1.11239e-05
103 7.2e-06
104 8.36193e-06
105 9.2e-06
106 7.8858e-06
107 8.4e-06
108 8.4e-06
109 9.6e-06
110 1.15619e-05
111 8.36193e-06
112 7.6e-06
113 7.16193e-06
114 7.16193e-06
115 7.2e-06
116 9.12387e-06
117 8.72387e-06
118 6.72387e-06
119 6e-06
120 9.2e-06
121 9.2e-06
122 8e-06
123 9.2e-06
124 9.2e-06
125 9.96193e-06
126 1.04e-05
127 8.76193e-06
128 5.16193e-06
129 6.8e-06
130 8.36193e-06
131 1.06858e-05
132 7.2e-06
133 7.6e-06
134 1.04e-05
135 5.2e-06
136 6.4e-06
137 4.36193e-06
138 7.96193e-06
139 8.76193e-06
140 5.2e-06
141 9.2e-06
142 5.2e-06
143 9.2e-06
144 9.92387e-06
145 9.6e-06
146 9.52387e-06
147 6.8e-06
148 7.2e-06
149 1.11619e-05
150 1.03239e-05
151 7.8858e-06
152 8.36193e-06
153 7.92387e-06
154 8.76193e-06
155 6e-06
156 5.16193e-06
157 8.4e-06
158 8.4e-06
159 9.56193e-06
160 9.12387e-06
161 9.16193e-06
162 6e-06
163 6.72387e-06
164 6e-06
165 6e-06
166 6.76193e-06
167 6.32387e-06
168 6.8e-06
169 8.8e-06
170 7.16193e-06
171 5.96193e-06
172 6.32387e-06
173 7.56193e-06
174 9.96193e-06
175 8.8e-06
176 8.76193e-06
177 8.2858e-06
178 5.56193e-06
179 6e-06
180 4.8e-06
181 4.36193e-06
182 7.12387e-06
183 7.56193e-06
184 5.6e-06
185 1.12e-05
186 4.4e-06
187 4.4e-06
188 6e-06
189 6.32387e-06
190 5.6e-06
191 5.2e-06
192 1.04e-05
193 7.2e-06
194 7.96193e-06
195 7.56193e-06
196 4.76193e-06
197 6.4e-06
198 7.92387e-06
199 5.92387e-06
200 5.92387e-06
201 5.2e-06
202 8e-06
203 6.4e-06
204 6.4e-06
205 9.2e-06
206 6.36193e-06
207 3.2e-06
208 5.6e-06
209 6e-06
210 4.68943e-06
211 7.16193e-06
212 9.56193e-06
213 5.52387e-06
214 7.2e-06
215 5.6e-06
216 7.2e-06
217 7.16193e-06
218 5.96193e-06
219 7.92387e-06
220 1.6e-06
221 9.16193e-06
222 7.96193e-06
223 7.6e-06
224 5.16193e-06
225 3.96193e-06
226 6.8e-06
227 7.2e-06
228 5.6e-06
229 6.32749e-06
230 5.16193e-06
231 5.56193e-06
232 5.96193e-06
233 3.2e-06
234 6.72387e-06
235 5.48943e-06
236 5.16193e-06
237 8.36193e-06
238 2.8e-06
239 7.92387e-06
240 5.16193e-06
241 6.32387e-06
242 3.96193e-06
243 4e-06
244 7.96193e-06
245 5.16193e-06
246 4.76193e-06
247 5.6e-06
248 6.4e-06
249 8e-06
250 6.6858e-06
251 7.96193e-06
252 3.56193e-06
253 7.4858e-06
254 3.96193e-06
255 4e-06
256 5.2e-06
257 6.4e-06
258 5.96193e-06
259 4.36193e-06
260 5.16193e-06
261 7.2e-06
262 7.2e-06
263 2.8e-06
264 4e-06
265 6.4e-06
266 6.4e-06
267 3.6e-06
268 5.96193e-06
269 6.76193e-06
270 6e-06
271 3.16193e-06
272 5.96193e-06
273 4e-06
274 5.92387e-06
275 4.8e-06
276 5.2e-06
277 5.2e-06
278 6.4e-06
279 3.6e-06
280 5.16193e-06
281 6.36193e-06
282 2.8e-06
283 4.4e-06
284 6.8e-06
285 6.32387e-06
286 4e-06
287 6e-06
288 5.4858e-06
289 4.8e-06
290 5.2e-06
291 7.2e-06
292 5.16193e-06
293 7.56193e-06
294 2.76193e-06
295 4.4e-06
296 5.92387e-06
297 3.2e-06
298 5.16193e-06
299 4.8e-06
300 5.56193e-06
301 3.6e-06
302 4e-06
303 6.8e-06
304 6.72387e-06
305 4e-06
306 4.76193e-06
307 3.52387e-06
308 4.8e-06
309 6.36193e-06
310 4.76193e-06
311 3.16193e-06
312 7.16193e-06
313 6.8e-06
314 5.56193e-06
315 3.2e-06
316 3.56193e-06
317 4e-06
318 4.4e-06
319 3.2e-06
320 4.76193e-06
321 5.16193e-06
322 4.8e-06
323 5.52387e-06
324 5.16193e-06
325 3.56193e-06
326 5.96193e-06
327 7.6e-06
328 5.16193e-06
329 3.8858e-06
330 3.6e-06
331 3.96193e-06
332 3.96193e-06
333 4.36193e-06
334 4.8e-06
335 2.8e-06
336 4.4e-06
337 3.16193e-06
338 4.36193e-06
339 4.76193e-06
340 6.76193e-06
341 5.6e-06
342 6.76193e-06
343 6e-06
344 4e-06
345 3.96193e-06
346 4.4e-06
347 4.4e-06
348 3.16193e-06
349 5.56193e-06
350 3.96193e-06
351 4.8e-06
352 4.8e-06
353 1.52387e-06
354 4.76193e-06
355 5.2e-06
356 3.96193e-06
357 3.6e-06
358 5.16193e-06
359 4.4e-06
360 4.36193e-06
361 6.72387e-06
362 4.8e-06
363 6e-06
364 5.96193e-06
365 2.76193e-06
366 6e-06
367 7.56193e-06
368 6.8e-06
369 4.76193e-06
370 3.6e-06
371 5.92387e-06
372 5.52387e-06
373 6.32387e-06
374 3.52387e-06
375 3.96193e-06
376 6.4e-06
377 5.16193e-06
378 6e-06
379 3.2e-06
380 5.6e-06
381 4e-06
382 5.56193e-06
383 4e-06
384 6.36193e-06
385 3.6e-06
386 2.72387e-06
387 4.4e-06
388 5.56193e-06
389 4.4e-06
390 3.2e-06
391 5.96193e-06
392 3.12387e-06
393 4e-06
394 5.6e-06
395 4.8e-06
396 6.32387e-06
397 4.72387e-06
398 2.8e-06
399 5.6e-06
400 5.16193e-06
401 7.16193e-06
402 4.4e-06
403 5.56193e-06
404 2.36193e-06
405 5.12387e-06
406 5.12387e-06
407 3.16193e-06
408 4.36193e-06
409 5.56193e-06
410 5.8858e-06
411 3.2e-06
412 3.2e-06
413 7.6e-06
414 4.6858e-06
415 5.16193e-06
416 4.76193e-06
417 4.76193e-06
418 3.16193e-06
419 2e-06
420 3.6e-06
421 3.6e-06
422 2.4e-06
423 6e-06
424 5.96193e-06
425 3.96193e-06
426 1.96193e-06
427 4e-06
428 3.96193e-06
429 2.4e-06
430 5.6e-06
431 5.2e-06
432 3.6e-06
433 4e-06
434 5.16193e-06
435 3.6e-06
436 2.36193e-06
437 4e-06
438 4.8e-06
439 4.36193e-06
440 5.6e-06
441 4.4e-06
442 3.2e-06
443 4.4e-06
444 2.32387e-06
445 4.4e-06
446 5.2e-06
447 4e-06
448 4.4e-06
449 4.32387e-06
450 7.96193e-06
451 3.2e-06
452 2.36193e-06
453 5.2e-06
454 3.96193e-06
455 4.4e-06
456 6.4e-06
457 4.72387e-06
458 4.4e-06
459 3.56193e-06
460 5.12387e-06
461 5.16193e-06
462 6e-06
463 2.8e-06
464 3.16193e-06
465 3.16193e-06
466 4e-06
467 4.76193e-06
468 4e-06
469 8.36193e-06
470 4.76193e-06
471 4.76193e-06
472 2.4e-06
473 3.6e-06
474 3.2e-06
475 4.32387e-06
476 3.6e-06
477 1.6e-06
478 3.96193e-06
479 4e-06
480 3.16193e-06
481 5.52387e-06
482 3.6e-06
483 4.72387e-06
484 3.6e-06
485 4e-06
486 2.76193e-06
487 4e-06
488 3.2e-06
489 4.76193e-06
490 3.08943e-06
491 2.8e-06
492 2.76193e-06
493 4e-06
494 5.2e-06
495 2e-06
496 5.92387e-06
497 2.8e-06
498 6e-06
499 4.4e-06
500 2.8e-06
501 2.32749e-06
502 2.8e-06
503 2.4e-06
504 4.8e-06
505 3.2e-06
506 3.6e-06
507 2.8e-06
508 4e-06
509 6.6858e-06
510 4.76193e-06
511 1.6e-06
512 5.6e-06
513 3.6e-06
514 7.6e-06
515 4.4e-06
516 5.16193e-06
517 2.32387e-06
518 3.2e-06
519 5.2e-06
520 3.16193e-06
521 3.2e-06
522 2.36193e-06
523 4.8e-06
524 3.96193e-06
525 2.36193e-06
526 3.92749e-06
527 4.4e-06
528 4.4e-06
529 6.36193e-06
530 5.2e-06
531 3.6e-06
532 5.2e-06
533 4.4e-06
534 2.8e-06
535 3.2e-06
536 3.2e-06
537 2e-06
538 4e-06
539 4.4e-06
540 5.6e-06
541 2.4e-06
542 4e-06
543 3.16193e-06
544 1.2e-06
545 5.16193e-06
546 5.16193e-06
547 3.2e-06
548 4.36193e-06
549 3.6e-06
550 3.6e-06
551 2.8e-06
552 4e-06
553 5.56193e-06
554 3.6e-06
555 3.2e-06
556 3.2e-06
557 5.2e-06
558 2.8e-06
559 3.6e-06
560 3.6e-06
561 5.4858e-06
562 1.16193e-06
563 3.96193e-06
564 4.4e-06
565 4.36193e-06
566 1.92387e-06
567 2.76193e-06
568 2.76193e-06
569 3.12387e-06
570 5.16193e-06
571 4.8e-06
572 2.4e-06
573 4.76193e-06
574 2.36193e-06
575 2.8e-06
576 4.72387e-06
577 6.8e-06
578 4.8e-06
579 5.16193e-06
580 3.6e-06
581 2.76193e-06
582 2e-06
583 3.2e-06
584 3.6e-06
585 2.4e-06
586 2.76193e-06
587 3.92387e-06
588 3.6e-06
589 1.6e-06
590 2.4e-06
591 4.8e-06
592 3.6e-06
593 2.8e-06
594 4e-06
595 4.76193e-06
596 2.32749e-06
597 4e-06
598 3.56193e-06
599 1.2e-06
600 4.76193e-06
601 3.96193e-06
602 4.8e-06
603 4e-06
604 1.96193e-06
605 5.2e-06
606 3.2e-06
607 2.36193e-06
608 5.56193e-06
609 3.96193e-06
610 2.8e-06
611 4.32387e-06
612 3.2e-06
613 3.96193e-06
614 4.36193e-06
615 4.8e-06
616 4e-06
617 5.0858e-06
618 2.8e-06
619 3.12749e-06
620 2.8e-06
621 4.4e-06
622 5.16193e-06
623 2.8e-06
624 3.6e-06
625 5.80967e-06
626 2.8e-06
627 5.92387e-06
628 2.8e-06
629 2e-06
630 3.2e-06
631 4e-06
632 8e-07
633 2.4e-06
634 4e-06
635 4.4e-06
636 5.2e-06
637 2.8e-06
638 3.92387e-06
639 3.96193e-06
640 4.76193e-06
641 3.56193e-06
642 3.2e-06
643 5.56193e-06
644 4.32387e-06
645 2e-06
646 2.8e-06
647 3.56193e-06
648 2.4e-06
649 1.96193e-06
650 3.16193e-06
651 5.6e-06
652 4.76193e-06
653 3.16193e-06
654 4.36193e-06
655 5.12749e-06
656 3.56193e-06
657 4.36193e-06
658 2.76193e-06
659 3.56193e-06
660 3.16193e-06
661 2.36193e-06
662 5.56193e-06
663 2.4e-06
664 4.36193e-06
665 3.96193e-06
666 3.6e-06
667 3.16193e-06
668 4.72387e-06
669 4.28943e-06
670 2.4e-06
671 2.36193e-06
672 2.36193e-06
673 3.16193e-06
674 3.16193e-06
675 5.12387e-06
676 3.16193e-06
677 1.92387e-06
678 2.4e-06
679 3.16193e-06
680 4.4e-06
681 2.2858e-06
682 2.72387e-06
683 3.6e-06
684 2.76193e-06
685 3.56193e-06
686 2.36193e-06
687 2.4e-06
688 2e-06
689 4e-06
690 3.96193e-06
691 4e-06
692 2e-06
693 5.16193e-06
694 3.2e-06
695 1.96193e-06
696 3.2e-06
697 2e-06
698 3.2e-06
699 4.36193e-06
700 2.8e-06
701 2.76193e-06
702 2.76193e-06
703 5.16193e-06
704 1.56193e-06
705 2.4e-06
706 3.56193e-06
707 4.8e-06
708 1.6e-06
709 3.2e-06
710 2.4e-06
711 3.96193e-06
712 3.56193e-06
713 3.16193e-06
714 2e-06
715 4e-06
716 2.4e-06
717 4.4e-06
718 2.4e-06
719 4.8e-06
720 4e-06
721 4e-06
722 2.36193e-06
723 2.76193e-06
724 3.96193e-06
725 2e-06
726 3.16193e-06
727 4.4e-06
728 1.6e-06
729 3.12387e-06
730 3.92749e-06
731 3.56193e-06
732 4e-06
733 2.8e-06
734 2.4e-06
735 3.6e-06
736 3.16193e-06
737 3.92387e-06
738 3.6e-06
739 5.12387e-06
740 3.56193e-06
741 3.56193e-06
742 2.8e-06
743 3.2e-06
744 2.4e-06
745 4.76193e-06
746 3.2e-06
747 2.32387e-06
748 4e-06
749 2.8e-06
750 1.96193e-06
751 3.2e-06
752 4e-06
753 1.56193e-06
754 3.96193e-06
755 3.16193e-06
756 2.8e-06
757 3.96193e-06
758 3.6e-06
759 3.56193e-06
760 5.16193e-06
761 2.76193e-06
762 1.6e-06
763 3.16193e-06
764 3.2e-06
765 2.36193e-06
766 1.56193e-06
767 4.4e-06
768 2.4e-06
769 2.4e-06
770 5.6e-06
771 2e-06
772 3.6e-06
773 1.6e-06
774 3.16193e-06
775 4e-06
776 2.36193e-06
777 2.4e-06
778 3.2e-06
779 3.2e-06
780 3.2e-06
781 3.2e-06
782 1.6e-06
783 3.16193e-06
784 2.4e-06
785 3.96193e-06
786 3.8858e-06
787 2.36193e-06
788 4.72387e-06
789 2.8e-06
790 3.12387e-06
791 4.6858e-06
792 2.4e-06
793 4.36193e-06
794 1.2e-06
795 2.8e-06
796 2.4e-06
797 2.8e-06
798 4.36193e-06
799 4.32387e-06
800 2.76193e-06
801 5.6e-06
802 4.8e-06
803 3.52387e-06
804 2e-06
805 3.6e-06
806 1.6e-06
807 4.32387e-06
808 3.56193e-06
809 2.36193e-06
810 1.6e-06
811 4.36193e-06
812 3.6e-06
813 3.52387e-06
814 2.76193e-06
815 3.2e-06
816 1.6e-06
817 3.6e-06
818 2.8e-06
819 4.76193e-06
820 1.6e-06
821 3.16193e-06
822 3.52387e-06
823 1.6e-06
824 2.32387e-06
825 2.76193e-06
826 3.2e-06
827 6e-06
828 3.6e-06
829 4.4e-06
830 4e-06
831 3.92387e-06
832 4.72387e-06
833 2.76193e-06
834 1.96193e-06
835 3.6e-06
836 3.2e-06
837 2.4e-06
838 5.12387e-06
839 2e-06
840 3.6e-06
841 3.6e-06
842 3.6e-06
843 4.36193e-06
844 3.6e-06
845 1.6e-06
846 1.96193e-06
847 2e-06
848 2.36193e-06
849 3.16193e-06
850 2.76193e-06
851 2e-06
852 2.76193e-06
853 3.2e-06
854 2.36193e-06
855 2.36193e-06
856 3.2e-06
857 1.16193e-06
858 4.36193e-06
859 1.6e-06
860 3.52387e-06
861 1.52749e-06
862 2.76193e-06
863 3.6e-06
864 3.6e-06
865 1.56193e-06
866 1.96193e-06
867 2.4e-06
868 4.4e-06
869 2e-06
870 2.8e-06
871 2.4e-06
872 2e-06
873 3.6e-06
874 3.16193e-06
875 2.8e-06
876 0
877 3.12387e-06
878 3.2e-06
879 2.8e-06
880 3.6e-06
881 2.4e-06
882 3.6e-06
883 2.4e-06
884 2.36193e-06
885 5.4858e-06
886 4.4e-06
887 2.4e-06
888 3.56193e-06
889 3.56193e-06
890 1.6e-06
891 2e-06
892 2.4e-06
893 3.12387e-06
894 3.2e-06
895 3.4858e-06
896 4e-06
897 2.76193e-06
898 2.32387e-06
899 3.2e-06
900 2.76193e-06
901 3.2e-06
902 3.16193e-06
903 1.6e-06
904 3.2e-06
905 1.96193e-06
906 2.8e-06
907 2.76193e-06
908 4e-06
909 3.16193e-06
910 2.36193e-06
911 1.2e-06
912 1.2e-06
913 3.96193e-06
914 1.52387e-06
915 2e-06
916 2.76193e-06
917 3.2e-06
918 2e-06
919 3.2e-06
920 3.6e-06
921 3.2e-06
922 1.16193e-06
923 3.56193e-06
924 2.72387e-06
925 3.56193e-06
926 2.8e-06
927 3.56193e-06
928 5.56193e-06
929 3.56193e-06
930 3.2e-06
931 3.56193e-06
932 2.8e-06
933 2.4e-06
934 2e-06
935 2.32387e-06
936 3.6e-06
937 3.6e-06
938 2.68943e-06
939 8e-07
940 1.6e-06
941 2.4e-06
942 5.96193e-06
943 1.2e-06
944 3.6e-06
945 8e-07
946 5.16193e-06
947 1.92387e-06
948 2.36193e-06
949 6e-06
950 4e-06
951 4e-06
952 4.72387e-06
953 2.8e-06
954 1.6e-06
955 1.2e-06
956 3.96193e-06
957 5.52387e-06
958 2.76193e-06
959 2.36193e-06
960 3.8858e-06
961 3.52387e-06
962 4.76193e-06
963 4e-06
964 1.2e-06
965 1.96193e-06
966 3.44774e-06
967 3.52387e-06
968 2.8e-06
969 1.56193e-06
970 1.6e-06
971 3.4858e-06
972 2e-06
973 2.36193e-06
974 3.16193e-06
975 3.6e-06
976 3.16193e-06
977 2.4e-06
978 3.2e-06
979 3.6e-06
980 3.56193e-06
981 2.76193e-06
982 2e-06
983 4.4e-06
984 2.32387e-06
985 3.12387e-06
986 2.4e-06
987 5.6e-06
988 2.32387e-06
989 4e-06
990 1.12387e-06
991 2.72387e-06
992 2.76193e-06
993 2.76193e-06
994 3.56193e-06
995 3.12749e-06
996 2e-06
997 6e-06
998 3.52387e-06
999 0
