0 0
1 1.144e-05
2 8.5192e-06
3 6.28e-06
4 5.64e-06
5 4.3996e-06
6 3.6e-06
7 3.7196e-06
8 3.9196e-06
9 3.7596e-06
10 2.3596e-06
11 2.68e-06
12 3.1192e-06
13 2.7592e-06
14 2.96e-06
15 2.28e-06
16 2.24e-06
17 2.3996e-06
18 2.2396e-06
19 2.2792e-06
20 1.7196e-06
21 2.72e-06
22 2.3996e-06
23 2.2792e-06
24 1.8796e-06
25 2.3196e-06
26 1.8e-06
27 2.12e-06
28 1.99881e-06
29 2.28e-06
30 1.84e-06
31 1.5592e-06
32 1.44e-06
33 2.1996e-06
34 1.72e-06
35 1.56e-06
36 1.95841e-06
37 1.67921e-06
38 1.76e-06
39 1.6396e-06
40 1.36e-06
41 1.08e-06
42 1.1996e-06
43 1.36e-06
44 1.72e-06
45 1.72e-06
46 1.7996e-06
47 1.4796e-06
48 1.59881e-06
49 1.6396e-06
50 1.36e-06
51 1.4396e-06
52 1.24e-06
53 1.1992e-06
54 1.1996e-06
55 1.52e-06
56 1.2e-06
57 1.03881e-06
58 1.2396e-06
59 1.1196e-06
60 9.6e-07
61 1.08e-06
62 1.0396e-06
63 1.1596e-06
64 1.6796e-06
65 1.03881e-06
66 1.1596e-06
67 7.99602e-07
68 1.2796e-06
69 1.16e-06
70 1.32e-06
71 1.3196e-06
72 9.99602e-07
73 1e-06
74 5.6e-07
75 1.28e-06
76 8.39602e-07
77 8e-07
78 8e-07
79 1.1996e-06
80 1.1992e-06
81 1.04e-06
82 1.2796e-06
83 8.4e-07
84 8.8e-07
85 1.2e-06
86 7.6e-07
87 9.6e-07
88 8.39602e-07
89 1.24e-06
90 1e-06
91 1.0796e-06
92 9.19204e-07
93 1.04e-06
94 1.12e-06
95 8.8e-07
96 6.38806e-07
97 1e-06
98 7.99602e-07
99 8e-07
100 7.2e-07
101 1e-06
102 7.98806e-07
103 1.0796e-06
104 1.2e-06
105 1.08e-06
106 1.1592e-06
107 6.79602e-07
108 6.8e-07
109 1.44e-06
110 8.4e-07
111 1.0792e-06
112 4.79602e-07
113 9.59602e-07
114 8.8e-07
115 1.04e-06
116 6.4e-07
117 1.1996e-06
118 1.0796e-06
119 7.2e-07
120 7.59602e-07
121 7.6e-07
122 1.0796e-06
123 6.8e-07
124 6.39602e-07
125 1.1592e-06
126 1.16e-06
127 1.0396e-06
128 1.0392e-06
129 9.19208e-07
130 7.2e-07
131 8.39602e-07
132 8e-07
133 6e-07
134 7.6e-07
135 4.39602e-07
136 7.19602e-07
137 8.4e-07
138 1.07841e-06
139 7.2e-07
140 1e-06
141 1.1196e-06
142 9.59602e-07
143 9.6e-07
144 6.79204e-07
145 5.19204e-07
146 8.4e-07
147 7.19204e-07
148 6.79602e-07
149 9.6e-07
150 9.19602e-07
151 4e-07
152 8.39602e-07
153 9.6e-07
154 5.59602e-07
155 6.8e-07
156 8.79602e-07
157 7.6e-07
158 6.8e-07
159 7.99602e-07
160 4.79204e-07
161 5.99204e-07
162 7.6e-07
163 8e-07
164 5.2e-07
165 6e-07
166 6.8e-07
167 9.6e-07
168 9.2e-07
169 8.39204e-07
170 9.19602e-07
171 6.4e-07
172 1.0792e-06
173 7.2e-07
174 4.8e-07
175 6.4e-07
176 9.19602e-07
177 5.2e-07
178 7.6e-07
179 4e-07
180 7.6e-07
181 7.19204e-07
182 9.6e-07
183 4.4e-07
184 9.6e-07
185 4.8e-07
186 5.19602e-07
187 5.99602e-07
188 4.8e-07
189 6.8e-07
190 4.4e-07
191 6.39602e-07
192 9.18408e-07
193 7.99204e-07
194 6.8e-07
195 4.79602e-07
196 3.6e-07
197 9.59602e-07
198 6.4e-07
199 4.4e-07
200 8e-07
201 3.19602e-07
202 6.8e-07
203 4.8e-07
204 8.39602e-07
205 7.58408e-07
206 6.79602e-07
207 6.39602e-07
208 7.59602e-07
209 5.99602e-07
210 6e-07
211 5.59602e-07
212 5.59204e-07
213 6.4e-07
214 6.8e-07
215 8e-07
216 5.99204e-07
217 7.2e-07
218 6e-07
219 5.59602e-07
220 6.4e-07
221 7.59204e-07
222 6e-07
223 5.59204e-07
224 6.4e-07
225 8e-07
226 3.19602e-07
227 6e-07
228 7.2e-07
229 5.99204e-07
230 3.6e-07
231 3.2e-07
232 3.2e-07
233 7.58806e-07
234 6.4e-07
235 7.59602e-07
236 5.19204e-07
237 8.4e-07
238 3.2e-07
239 3.59602e-07
240 5.99602e-07
241 7.19204e-07
242 6.4e-07
243 5.99602e-07
244 2.8e-07
245 6.79602e-07
246 6.39602e-07
247 5.18412e-07
248 4.8e-07
249 5.99602e-07
250 8.78806e-07
251 6.8e-07
252 6e-07
253 3.99602e-07
254 5.99602e-07
255 6.39602e-07
256 5.2e-07
257 4.4e-07
258 6.4e-07
259 6e-07
260 4.8e-07
261 6.4e-07
262 6.4e-07
263 5.99602e-07
264 3.59602e-07
265 5.59204e-07
266 5.6e-07
267 3.6e-07
268 6.8e-07
269 3.2e-07
270 5.99602e-07
271 4e-07
272 7.19204e-07
273 5.59602e-07
274 5.2e-07
275 3.6e-07
276 5.19602e-07
277 3.6e-07
278 4e-07
279 4e-07
280 4.39204e-07
281 5.99602e-07
282 7.2e-07
283 5.19602e-07
284 4.8e-07
285 6.78412e-07
286 8.39602e-07
287 4.79602e-07
288 6.4e-07
289 6.39204e-07
290 2.79602e-07
291 7.6e-07
292 3.99602e-07
293 4.4e-07
294 6.79208e-07
295 3.2e-07
296 6.38806e-07
297 3.6e-07
298 5.59602e-07
299 4.4e-07
300 3.59602e-07
301 5.19602e-07
302 7.19602e-07
303 4.79204e-07
304 5.18806e-07
305 4.4e-07
306 1.6e-07
307 5.59602e-07
308 6e-07
309 3.99602e-07
310 4.8e-07
311 5.6e-07
312 6.8e-07
313 5.99204e-07
314 6.8e-07
315 7.2e-07
316 4.39602e-07
317 7.2e-07
318 6.8e-07
319 2.4e-07
320 5.6e-07
321 5.99602e-07
322 6.4e-07
323 3.6e-07
324 6.4e-07
325 2.8e-07
326 4.8e-07
327 5.59602e-07
328 4.39204e-07
329 5.18806e-07
330 4e-07
331 5.59602e-07
332 4.8e-07
333 3.6e-07
334 7.6e-07
335 4.79602e-07
336 4e-07
337 2e-07
338 2.8e-07
339 4.8e-07
340 6e-07
341 5.59602e-07
342 6e-07
343 6.78806e-07
344 3.2e-07
345 3.6e-07
346 4.4e-07
347 7.99602e-07
348 4e-07
349 4.8e-07
350 2.8e-07
351 5.59204e-07
352 2.8e-07
353 3.2e-07
354 5.19602e-07
355 6.79602e-07
356 5.2e-07
357 4.39208e-07
358 3.6e-07
359 6.8e-07
360 5.2e-07
361 6.4e-07
362 4.39602e-07
363 4.8e-07
364 2.4e-07
365 4.4e-07
366 4.4e-07
367 7.19204e-07
368 7.2e-07
369 4.79602e-07
370 4e-07
371 6.4e-07
372 4e-07
373 3.2e-07
374 4.39204e-07
375 4e-07
376 5.2e-07
377 4.4e-07
378 6.78408e-07
379 4.8e-07
380 4.4e-07
381 6.4e-07
382 5.99602e-07
383 3.59602e-07
384 2.39602e-07
385 3.99208e-07
386 4.39602e-07
387 3.2e-07
388 6.3881e-07
389 3.6e-07
390 8e-07
391 5.2e-07
392 4.79204e-07
393 5.59204e-07
394 3.6e-07
395 5.59204e-07
396 3.59602e-07
397 4e-07
398 5.59602e-07
399 3.59204e-07
400 5.19602e-07
401 6.39602e-07
402 1.99602e-07
403 3.59602e-07
404 5.19602e-07
405 3.99602e-07
406 5.59602e-07
407 3.2e-07
408 4e-07
409 4.78408e-07
410 3.99204e-07
411 2.79602e-07
412 5.59602e-07
413 3.99204e-07
414 3.59602e-07
415 4e-07
416 5.99602e-07
417 4.8e-07
418 6.38806e-07
419 5.19602e-07
420 2e-07
421 5.2e-07
422 5.59602e-07
423 3.59204e-07
424 5.2e-07
425 3.99602e-07
426 4.8e-07
427 2.8e-07
428 3.6e-07
429 4e-07
430 4e-07
431 6e-07
432 2e-07
433 7.6e-07
434 2.4e-07
435 3.19204e-07
436 5.1881e-07
437 3.59204e-07
438 2.79602e-07
439 2.4e-07
440 4.4e-07
441 2.79204e-07
442 5.6e-07
443 6.4e-07
444 3.2e-07
445 4.79602e-07
446 3.59602e-07
447 3.58806e-07
448 3.6e-07
449 3.19602e-07
450 2.8e-07
451 5.6e-07
452 3.2e-07
453 2.4e-07
454 4.79602e-07
455 6e-07
456 5.2e-07
457 6e-07
458 7.6e-07
459 4.8e-07
460 4.8e-07
461 4.79602e-07
462 4.8e-07
463 3.2e-07
464 3.59602e-07
465 4.39204e-07
466 4.4e-07
467 2e-07
468 4.4e-07
469 4.79204e-07
470 3.2e-07
471 4.8e-07
472 2e-07
473 3.2e-07
474 4.4e-07
475 2.79602e-07
476 6.39204e-07
477 3.2e-07
478 3.6e-07
479 4.38806e-07
480 6.4e-07
481 2.39602e-07
482 3.6e-07
483 4e-07
484 3.19602e-07
485 4.39602e-07
486 3.19602e-07
487 3.99602e-07
488 3.2e-07
489 8e-08
490 3.6e-07
491 4.39204e-07
492 4e-07
493 5.6e-07
494 5.2e-07
495 3.2e-07
496 5.2e-07
497 6.38412e-07
498 4.4e-07
499 4.79204e-07
500 3.2e-07
501 2.4e-07
502 5.18806e-07
503 3.2e-07
504 4.4e-07
505 2e-07
506 3.6e-07
507 2.8e-07
508 6.8e-07
509 3.59602e-07
510 4e-07
511 3.6e-07
512 1.99602e-07
513 3.6e-07
514 2e-07
515 2.4e-07
516 2.4e-07
517 3.2e-07
518 3.6e-07
519 3.6e-07
520 3.19602e-07
521 4e-07
522 3.6e-07
523 5.59602e-07
524 4.79602e-07
525 1.2e-07
526 3.99602e-07
527 2e-07
528 4.8e-07
529 2.79602e-07
530 5.19602e-07
531 4.4e-07
532 5.99602e-07
533 4.79204e-07
534 2.4e-07
535 4e-07
536 3.59204e-07
537 4.39602e-07
538 3.2e-07
539 3.2e-07
540 2.79602e-07
541 3.6e-07
542 4.38818e-07
543 3.2e-07
544 4e-07
545 3.2e-07
546 5.19602e-07
547 4.79602e-07
548 4.4e-07
549 3.2e-07
550 2.4e-07
551 2.4e-07
552 3.2e-07
553 3.6e-07
554 4.39602e-07
555 4.79204e-07
556 3.6e-07
557 4.39602e-07
558 4.4e-07
559 1.6e-07
560 3.99602e-07
561 2.7881e-07
562 4.4e-07
563 6e-07
564 4.4e-07
565 2e-07
566 3.19602e-07
567 3.19204e-07
568 3.59602e-07
569 3.6e-07
570 2.4e-07
571 3.18806e-07
572 3.99204e-07
573 5.6e-07
574 4.4e-07
575 3.2e-07
576 2.8e-07
577 3.2e-07
578 4e-07
579 3.99602e-07
580 2.8e-07
581 3.59602e-07
582 4.79602e-07
583 3.99602e-07
584 2.79602e-07
585 4.39602e-07
586 3.19602e-07
587 1.6e-07
588 3.5881e-07
589 4.79204e-07
590 2.39602e-07
591 5.2e-07
592 3.2e-07
593 4e-07
594 3.99602e-07
595 2e-07
596 2.4e-07
597 3.6e-07
598 3.19204e-07
599 4.39204e-07
600 4.4e-07
601 2e-07
602 2.8e-07
603 3.19602e-07
604 4.4e-07
605 4.8e-07
606 2.8e-07
607 4.79602e-07
608 3.99204e-07
609 2.39602e-07
610 2.8e-07
611 2e-07
612 3.6e-07
613 4.8e-07
614 3.19602e-07
615 2.79204e-07
616 3.19602e-07
617 1.2e-07
618 5.19602e-07
619 2.39602e-07
620 2e-07
621 5.19602e-07
622 5.6e-07
623 3.59204e-07
624 4.39602e-07
625 2.8e-07
626 3.2e-07
627 2e-07
628 3.19602e-07
629 5.6e-07
630 4e-07
631 3.2e-07
632 4e-07
633 5.59602e-07
634 2.39602e-07
635 3.59602e-07
636 2.8e-07
637 2.8e-07
638 4e-07
639 2.39602e-07
640 2.8e-07
641 3.99602e-07
642 2.79204e-07
643 2e-07
644 2.8e-07
645 2.4e-07
646 1.59602e-07
647 4e-07
648 2e-07
649 3.6e-07
650 3.6e-07
651 4e-07
652 3.59602e-07
653 2.39602e-07
654 4e-07
655 7.9602e-08
656 3.19602e-07
657 4e-07
658 2.4e-07
659 2.4e-07
660 2e-07
661 2.8e-07
662 4.79602e-07
663 5.59602e-07
664 1.6e-07
665 3.99602e-07
666 4.8e-07
667 3.98806e-07
668 2.39602e-07
669 3.6e-07
670 3.99602e-07
671 2.8e-07
672 4.39602e-07
673 3.59602e-07
674 2.4e-07
675 3.99602e-07
676 2.39602e-07
677 3.59602e-07
678 4e-07
679 2.4e-07
680 2.8e-07
681 3.5881e-07
682 3.98412e-07
683 3.2e-07
684 4e-07
685 2.39602e-07
686 2.39602e-07
687 3.19204e-07
688 5.19602e-07
689 2.8e-07
690 2.8e-07
691 4.78806e-07
692 3.59602e-07
693 4e-07
694 4.39204e-07
695 4e-07
696 4e-07
697 5.2e-07
698 2.79204e-07
699 2.79602e-07
700 2e-07
701 3.19602e-07
702 4.79204e-07
703 3.59204e-07
704 3.19602e-07
705 3.99602e-07
706 4e-07
707 5.2e-07
708 1.59602e-07
709 4.39602e-07
710 2.4e-07
711 3.59602e-07
712 2.4e-07
713 5.2e-07
714 3.2e-07
715 4e-07
716 3.6e-07
717 4.8e-07
718 2.4e-07
719 4.79602e-07
720 2e-07
721 5.6e-07
722 3.99602e-07
723 2.79602e-07
724 3.6e-07
725 1.6e-07
726 5.2e-07
727 2.4e-07
728 2.4e-07
729 1.6e-07
730 4e-07
731 2.8e-07
732 4.79204e-07
733 5.99204e-07
734 2.8e-07
735 2e-07
736 3.59204e-07
737 2.8e-07
738 2e-07
739 3.2e-07
740 2.8e-07
741 3.59204e-07
742 2.39602e-07
743 5.2e-07
744 5.2e-07
745 1.6e-07
746 3.59204e-07
747 3.59602e-07
748 3.6e-07
749 1.99204e-07
750 2.39602e-07
751 3.99602e-07
752 4.39602e-07
753 1.99602e-07
754 4.4e-07
755 4.79204e-07
756 2e-07
757 4.39602e-07
758 4e-07
759 2.4e-07
760 2.79602e-07
761 4.39602e-07
762 4e-07
763 1.2e-07
764 1.59602e-07
765 3.59204e-07
766 4.4e-07
767 2.79204e-07
768 3.19602e-07
769 1.19602e-07
770 2.79204e-07
771 3.99204e-07
772 3.59602e-07
773 3.59602e-07
774 2.8e-07
775 3.59602e-07
776 2.8e-07
777 2.8e-07
778 4e-07
779 6.79602e-07
780 3.99204e-07
781 1.2e-07
782 2.8e-07
783 2e-07
784 3.19602e-07
785 4.79602e-07
786 4.4e-07
787 3.59602e-07
788 3.19602e-07
789 3.59602e-07
790 1.2e-07
791 2e-07
792 2.4e-07
793 4.8e-07
794 3.2e-07
795 2.79602e-07
796 2e-07
797 4.39602e-07
798 2e-07
799 2.8e-07
800 2.39602e-07
801 2.4e-07
802 4.39602e-07
803 1.6e-07
804 2.8e-07
805 3.99602e-07
806 2.4e-07
807 2.38818e-07
808 4e-07
809 4.79602e-07
810 3.59602e-07
811 3.99602e-07
812 3.19602e-07
813 3.6e-07
814 2.4e-07
815 2.39602e-07
816 2.79602e-07
817 3.6e-07
818 2e-07
819 3.19602e-07
820 3.59602e-07
821 3.59204e-07
822 3.59602e-07
823 3.19602e-07
824 3.19602e-07
825 1.99602e-07
826 2.8e-07
827 2e-07
828 4.8e-07
829 1.19602e-07
830 2.4e-07
831 2.4e-07
832 2.4e-07
833 3.59602e-07
834 3.2e-07
835 2.79204e-07
836 3.19204e-07
837 2.4e-07
838 2.79208e-07
839 3.2e-07
840 3.19602e-07
841 4.39602e-07
842 3.2e-07
843 3.98806e-07
844 2.8e-07
845 4e-07
846 1.6e-07
847 4e-07
848 3.59602e-07
849 3.2e-07
850 5.19602e-07
851 2.39602e-07
852 2.79602e-07
853 3.99602e-07
854 4e-07
855 3.2e-07
856 2.79602e-07
857 3.59602e-07
858 2e-07
859 2e-07
860 3.19602e-07
861 2.79208e-07
862 1.2e-07
863 2.79602e-07
864 2.4e-07
865 3.6e-07
866 3.2e-07
867 2.79602e-07
868 2.8e-07
869 8e-08
870 3.6e-07
871 3.2e-07
872 2.39602e-07
873 3.6e-07
874 3.19602e-07
875 1.2e-07
876 4.8e-07
877 2.4e-07
878 2.8e-07
879 2.4e-07
880 2.4e-07
881 2e-07
882 4e-07
883 3.6e-07
884 3.98806e-07
885 2.8e-07
886 3.59602e-07
887 4e-07
888 2.8e-07
889 4.79204e-07
890 2.79602e-07
891 1.6e-07
892 2e-07
893 1.6e-07
894 3.59602e-07
895 2.4e-07
896 3.2e-07
897 2.39602e-07
898 2e-07
899 3.59204e-07
900 1.2e-07
901 2.4e-07
902 3.19204e-07
903 1.6e-07
904 3.59204e-07
905 2.39602e-07
906 1.59602e-07
907 2.8e-07
908 8e-08
909 2e-07
910 2.4e-07
911 3.6e-07
912 2.39602e-07
913 4.39204e-07
914 3.6e-07
915 2e-07
916 2.4e-07
917 2.39208e-07
918 1.6e-07
919 3.2e-07
920 4.39602e-07
921 1.6e-07
922 3.59204e-07
923 2.79602e-07
924 4.39602e-07
925 2.8e-07
926 2e-07
927 3.2e-07
928 4.4e-07
929 4.4e-07
930 1.2e-07
931 1.99204e-07
932 1.2e-07
933 0
934 2.39602e-07
935 3.19204e-07
936 3.59208e-07
937 2e-07
938 2.79602e-07
939 2.39602e-07
940 2.39602e-07
941 4.39602e-07
942 1.6e-07
943 2.79204e-07
944 3.2e-07
945 3.19602e-07
946 3.2e-07
947 3.99602e-07
948 1.99602e-07
949 2.4e-07
950 3.6e-07
951 3.2e-07
952 1.2e-07
953 2e-07
954 2.79204e-07
955 3.19602e-07
956 1.99602e-07
957 4.39602e-07
958 5.59602e-07
959 2.8e-07
960 3.59602e-07
961 5.59204e-07
962 2.79602e-07
963 5.2e-07
964 1.59208e-07
965 1.19602e-07
966 2e-07
967 3.2e-07
968 2e-07
969 1.6e-07
970 2e-07
971 1.2e-07
972 1.6e-07
973 2.8e-07
974 1.6e-07
975 1.99204e-07
976 3.19602e-07
977 1.59602e-07
978 1.6e-07
979 8e-08
980 3.19602e-07
981 3.6e-07
982 1.2e-07
983 4.4e-07
984 3.99602e-07
985 3.99204e-07
986 2.79602e-07
987 3.6e-07
988 3.2e-07
989 2.8e-07
990 3.6e-07
991 4.8e-07
992 3.2e-07
993 2.8e-07
994 2.8e-07
995 2.4e-07
996 2.4e-07
997 4.4e-07
998 4.79204e-07
999 0
