0 0
1 0.000508
2 0.000561472
3 0.000548
4 0.000524
5 0.000404
6 0.00038
7 0.000365472
8 0.000368
9 0.00038
10 0.000234943
11 0.0003
12 0.0002
13 0.000344
14 0.000252
15 0.000204
16 0.000238013
17 0.000288
18 0.000217472
19 0.0002
20 0.000192
21 0.000217472
22 0.000186943
23 0.0002
24 0.000186943
25 0.000205472
26 0.000208
27 0.000128
28 0.000162943
29 0.000184
30 0.000161472
31 0.000196
32 0.000168
33 0.000136
34 0.000170943
35 0.000172
36 0.000184
37 0.000113472
38 0.000136
39 0.000128
40 0.000169472
41 0.000105472
42 0.000128
43 0.000196
44 0.000129472
45 0.000136
46 0.000105472
47 0.000129472
48 0.000137472
49 8.54715e-05
50 0.000113472
51 0.000121472
52 0.000152
53 0.000109472
54 0.000157472
55 0.000124
56 8.54715e-05
57 0.000116
58 0.000154943
59 0.000128
60 0.000128
61 9.6e-05
62 0.000170943
63 6.8e-05
64 0.000144
65 0.000124415
66 0.000109472
67 0.000116
68 0.000116
69 9.74715e-05
70 9.6e-05
71 0.000121472
72 0.000128
73 0.000132
74 0.00014
75 0.000125472
76 0.000114943
77 9.6e-05
78 0.000117472
79 0.000125472
80 8e-05
81 0.000101472
82 8.14715e-05
83 9.74715e-05
84 0.00012
85 0.000108
86 0.000121472
87 0.0001
88 8e-05
89 0.00012
90 0.000133472
91 0.000109472
92 7.8943e-05
93 8.4e-05
94 8.14715e-05
95 8.14715e-05
96 8.4e-05
97 0.000112
98 0.000101472
99 6.94715e-05
100 9.6e-05
101 0.000101472
102 0.000104415
103 8.8e-05
104 0.000105472
105 8.4e-05
106 7.34715e-05
107 7.74715e-05
108 8.94715e-05
109 7.74715e-05
110 9.2e-05
111 5.6e-05
112 5.74715e-05
113 8.14715e-05
114 0.000108
115 0.000113472
116 9.2e-05
117 9.34715e-05
118 9.6e-05
119 9.74715e-05
120 8.94715e-05
121 0.000104
122 0.000100415
123 7.74715e-05
124 8.6943e-05
125 9.6e-05
126 6.8e-05
127 7.6e-05
128 7.6e-05
129 6.6943e-05
130 8.4e-05
131 9.34715e-05
132 8.4e-05
133 4.04146e-05
134 8e-05
135 7.6e-05
136 8.6943e-05
137 0.000101472
138 7.34715e-05
139 4.94715e-05
140 7.6e-05
141 0.000101472
142 4.4e-05
143 8.14715e-05
144 7.2e-05
145 8.54715e-05
146 4.94715e-05
147 0.000105472
148 8.8e-05
149 7.34715e-05
150 0.000100415
151 9.4943e-05
152 8.8e-05
153 6.94715e-05
154 8.6943e-05
155 7.74715e-05
156 6.8e-05
157 0.000101472
158 6.8e-05
159 0.000106943
160 7.4943e-05
161 0.000105472
162 7.6e-05
163 6.8e-05
164 6e-05
165 8.8e-05
166 0.000108
167 7.6e-05
168 7.24146e-05
169 4.8e-05
170 7.34715e-05
171 6.8e-05
172 5.6e-05
173 9.74715e-05
174 4.8e-05
175 8.8e-05
176 4.94715e-05
177 8e-05
178 6.8e-05
179 8.14715e-05
180 5.6e-05
181 6e-05
182 4.8e-05
183 2.8e-05
184 6.4e-05
185 0.0001
186 5.74715e-05
187 5.74715e-05
188 5.4943e-05
189 7.74715e-05
190 7.6e-05
191 7.74715e-05
192 8.4e-05
193 9.6e-05
194 4.54715e-05
195 0.0001
196 4.8e-05
197 7.6e-05
198 4e-05
199 6.4e-05
200 5.6e-05
201 6e-05
202 5.74715e-05
203 5.6e-05
204 5.2e-05
205 7.2e-05
206 4.4e-05
207 4.4e-05
208 4e-05
209 4.14715e-05
210 6e-05
211 6.54715e-05
212 4.94715e-05
213 7.2e-05
214 5.34715e-05
215 4.14715e-05
216 6e-05
217 6.4e-05
218 5.74715e-05
219 6.94715e-05
220 6.84146e-05
221 2.94715e-05
222 4.94715e-05
223 8.94715e-05
224 5.6e-05
225 6.54715e-05
226 7.2e-05
227 5.74715e-05
228 6.14715e-05
229 5.2e-05
230 5.2e-05
231 4.14715e-05
232 5.0943e-05
233 4.54715e-05
234 7.6e-05
235 4.14715e-05
236 4.8e-05
237 5.74715e-05
238 8e-05
239 6.2943e-05
240 6.14715e-05
241 5.2e-05
242 6.8e-05
243 4.8e-05
244 4.4e-05
245 4.94715e-05
246 5.6e-05
247 8.54715e-05
248 2.4e-05
249 2.94715e-05
250 3.34715e-05
251 3.2e-05
252 5.74715e-05
253 6e-05
254 4.4e-05
255 6.6943e-05
256 6e-05
257 6e-05
258 3.2e-05
259 4.84146e-05
260 3.6e-05
261 5.14844e-05
262 4.8e-05
263 6.4e-05
264 4.4e-05
265 4.8e-05
266 7.4943e-05
267 6.94715e-05
268 4.14715e-05
269 3.74715e-05
270 6.54715e-05
271 4.8e-05
272 6.8e-05
273 5.8943e-05
274 4.8e-05
275 6.4e-05
276 5.2e-05
277 2.8e-05
278 5.8943e-05
279 6.54715e-05
280 6.04146e-05
281 6e-05
282 5.34715e-05
283 3.74715e-05
284 4.94715e-05
285 5.2e-05
286 9.78861e-05
287 3.34715e-05
288 6.14715e-05
289 5.6e-05
290 4e-05
291 6.6943e-05
292 7.2e-05
293 2.94715e-05
294 4e-05
295 2.54715e-05
296 7.74715e-05
297 7.34715e-05
298 5.74715e-05
299 3.74715e-05
300 5.6e-05
301 4.94715e-05
302 5.6e-05
303 5.6e-05
304 4.94715e-05
305 4.8e-05
306 3.6e-05
307 4.84146e-05
308 5.2e-05
309 2.4e-05
310 3.74715e-05
311 6.14715e-05
312 6.14715e-05
313 6.4e-05
314 5.74715e-05
315 4.8e-05
316 4e-05
317 4.94715e-05
318 2.8e-05
319 5.64146e-05
320 3.6e-05
321 6.4e-05
322 3.6e-05
323 3.6e-05
324 4.4e-05
325 2.8e-05
326 6.84146e-05
327 4e-05
328 4.54715e-05
329 4.2943e-05
330 4e-05
331 4.54715e-05
332 4.4e-05
333 8e-05
334 7.0943e-05
335 2.54715e-05
336 6.94715e-05
337 5.2e-05
338 4.54715e-05
339 3.6e-05
340 4e-05
341 6.8e-05
342 7.24146e-05
343 4.54715e-05
344 4.8e-05
345 3.34715e-05
346 8e-05
347 5.2e-05
348 4.2943e-05
349 6.4e-05
350 5.2e-05
351 3.2e-05
352 4.94715e-05
353 6.44146e-05
354 5.6e-05
355 5.34715e-05
356 8.54715e-05
357 3.74715e-05
358 4e-05
359 5.6e-05
360 5.0943e-05
361 4.44146e-05
362 5.8943e-05
363 4.2943e-05
364 6.4e-05
365 4.05413e-05
366 3.74715e-05
367 4.4e-05
368 6.14715e-05
369 3.74715e-05
370 2.8e-05
371 4.4e-05
372 6.4e-05
373 4.4e-05
374 4.8e-05
375 5.34715e-05
376 2.54715e-05
377 2.8e-05
378 5.2e-05
379 5.74715e-05
380 6.4e-05
381 4.4e-05
382 4.8e-05
383 6.4e-05
384 3.2e-05
385 8e-05
386 4e-05
387 4.54715e-05
388 5.6e-05
389 5.0943e-05
390 6e-05
391 4.84146e-05
392 6.2943e-05
393 4.54715e-05
394 6.4e-05
395 3.6e-05
396 5.6e-05
397 5.2e-05
398 5.2e-05
399 5.2e-05
400 5.74715e-05
401 3.2e-05
402 3.6e-05
403 7.34715e-05
404 5.6e-05
405 3.6e-05
406 4.2943e-05
407 4.4e-05
408 4.54715e-05
409 5.2e-05
410 3.6e-05
411 4.4e-05
412 4.8e-05
413 2.94715e-05
414 6e-05
415 5.34715e-05
416 4e-05
417 6.8e-05
418 4.54715e-05
419 2.94715e-05
420 4.4e-05
421 1.6e-05
422 3.6e-05
423 3.6e-05
424 5.2e-05
425 4.54715e-05
426 5.2e-05
427 2.8e-05
428 4.14715e-05
429 3.2e-05
430 2e-05
431 2.4e-05
432 4e-05
433 5.2e-05
434 2.94715e-05
435 2.14715e-05
436 5.2e-05
437 3.6e-05
438 3.8943e-05
439 2e-05
440 1.34715e-05
441 4.94715e-05
442 2.84146e-05
443 5.74715e-05
444 2.54715e-05
445 3.6e-05
446 5.2e-05
447 4e-05
448 3.6e-05
449 2.94715e-05
450 4.94715e-05
451 5.24146e-05
452 5.6e-05
453 4.54715e-05
454 3.6e-05
455 4.8e-05
456 4.45413e-05
457 4.6943e-05
458 3.34715e-05
459 2.8e-05
460 4e-06
461 1.2e-05
462 2.8e-05
463 6.84146e-05
464 6e-05
465 2.94715e-05
466 4.54715e-05
467 4.8e-05
468 6e-05
469 5.34715e-05
470 4.54715e-05
471 3.6e-05
472 3.6e-05
473 3.6e-05
474 4.8e-05
475 2.94715e-05
476 4.4e-05
477 7.2e-05
478 2.4e-05
479 3.2e-05
480 3.74715e-05
481 2.2943e-05
482 2.4e-05
483 5.34715e-05
484 3.24146e-05
485 2.4e-05
486 5.34715e-05
487 4.4e-05
488 4e-05
489 5.2e-05
490 2.85413e-05
491 4.14715e-05
492 3.74715e-05
493 2.94715e-05
494 3.34715e-05
495 4.8e-05
496 2e-05
497 3.74715e-05
498 5.34715e-05
499 4.4e-05
500 4.94715e-05
501 3.74715e-05
502 4.94715e-05
503 3.0943e-05
504 5.0943e-05
505 2.4e-05
506 6.54715e-05
507 3.6e-05
508 1.74715e-05
509 6.6943e-05
510 2.8e-05
511 3.74715e-05
512 5.2e-05
513 4e-05
514 6e-05
515 2.94715e-05
516 4e-05
517 2.54715e-05
518 5.2e-05
519 2.4e-05
520 5.34715e-05
521 3.6e-05
522 4.4e-05
523 4.4e-05
524 2.8e-05
525 3.74715e-05
526 4.54715e-05
527 2.8e-05
528 2.8e-05
529 2.14715e-05
530 3.6e-05
531 2e-05
532 6.54715e-05
533 3.34715e-05
534 3.0943e-05
535 6.54715e-05
536 3.24146e-05
537 3.6e-05
538 3.0943e-05
539 5.2e-05
540 2e-05
541 3.34715e-05
542 3.6e-05
543 2.54715e-05
544 2.8e-05
545 3.2e-05
546 1.74715e-05
547 4e-05
548 4.54715e-05
549 4.4e-05
550 8e-06
551 4.4e-05
552 3.2e-05
553 4.14715e-05
554 3.34715e-05
555 2.8e-05
556 3.6e-05
557 4.54715e-05
558 2.05413e-05
559 2.4e-05
560 5.2e-05
561 2.4e-05
562 2.8e-05
563 4e-05
564 2.4e-05
565 4.2943e-05
566 4e-05
567 4.14715e-05
568 2.05413e-05
569 8e-06
570 3.34715e-05
571 2.54715e-05
572 3.2e-05
573 4e-05
574 3.2e-05
575 2.8e-05
576 3.6e-05
577 2.4e-05
578 2.8e-05
579 4.4e-05
580 3.4943e-05
581 3.34715e-05
582 2.8e-05
583 2.4e-05
584 4.98861e-05
585 3.2e-05
586 4.8e-05
587 3.2e-05
588 5.2e-05
589 3.6e-05
590 5.4943e-05
591 2.54715e-05
592 2.4e-05
593 3.2e-05
594 4.04146e-05
595 3.2e-05
596 2.54715e-05
597 4e-05
598 4e-05
599 4.8e-05
600 3.74715e-05
601 5.0943e-05
602 3.34715e-05
603 4.94715e-05
604 4.94715e-05
605 1.6e-05
606 4e-05
607 3.74715e-05
608 4.54715e-05
609 3.2e-05
610 4.44146e-05
611 2e-05
612 3.6e-05
613 2.94715e-05
614 5.2e-05
615 3.74715e-05
616 3.6e-05
617 2.54715e-05
618 3.6e-05
619 3.74715e-05
620 2e-05
621 3.6e-05
622 3.2e-05
623 1.6e-05
624 3.34715e-05
625 4.4e-05
626 5.2e-05
627 2.4e-05
628 2e-05
629 5.2e-05
630 2.54715e-05
631 2.8e-05
632 2.94715e-05
633 4.4e-05
634 2.2943e-05
635 3.74715e-05
636 2.2943e-05
637 4.94715e-05
638 2.54715e-05
639 4e-05
640 4.54715e-05
641 4.8e-05
642 3.6e-05
643 1.2e-05
644 2.4e-05
645 2.54715e-05
646 4.04146e-05
647 2.8e-05
648 2.14715e-05
649 3.34715e-05
650 7.4943e-05
651 4.54715e-05
652 9.47152e-06
653 2.60129e-05
654 4.4e-05
655 4e-05
656 4.8e-05
657 4e-05
658 3.74715e-05
659 3.8943e-05
660 4.14715e-05
661 2.4e-05
662 3.2e-05
663 1.6e-05
664 2.2943e-05
665 4.14715e-05
666 3.8943e-05
667 2.4e-05
668 2.14715e-05
669 2e-05
670 1.2e-05
671 4.8e-05
672 2.8e-05
673 4.4e-05
674 2.8e-05
675 4.54715e-05
676 2.8e-05
677 3.2e-05
678 2.94715e-05
679 2e-05
680 1.74715e-05
681 4e-05
682 2.8e-05
683 2.4e-05
684 4.54715e-05
685 4.2943e-05
686 3.0943e-05
687 1.74715e-05
688 2.94715e-05
689 5.2e-05
690 3.2e-05
691 2.54715e-05
692 3.74715e-05
693 4.4e-05
694 2.8e-05
695 2.2943e-05
696 2.8e-05
697 4.54715e-05
698 3.2e-05
699 3.8943e-05
700 2.2943e-05
701 1.6e-05
702 2.4e-05
703 1.6e-05
704 3.34715e-05
705 4e-05
706 2.4e-05
707 2.14715e-05
708 4e-05
709 3.2e-05
710 1.2e-05
711 2e-05
712 3.2e-05
713 2e-05
714 2.54715e-05
715 3.80129e-05
716 4.2943e-05
717 4e-05
718 3.4943e-05
719 2.94715e-05
720 3.0943e-05
721 2.4e-05
722 2.94715e-05
723 1.6e-05
724 1.2e-05
725 2.8e-05
726 4e-05
727 1.6e-05
728 3.2e-05
729 4.14715e-05
730 5.2e-05
731 1.34715e-05
732 2.4e-05
733 3.4943e-05
734 2.4e-05
735 1.2e-05
736 2e-05
737 4e-05
738 2.8e-05
739 3.34715e-05
740 3.2e-05
741 4.54715e-05
742 1.65413e-05
743 1.74715e-05
744 4.2943e-05
745 3.2e-05
746 4e-05
747 1.6e-05
748 4e-05
749 3.2e-05
750 3.6e-05
751 3.8943e-05
752 2.4e-05
753 9.47152e-06
754 3.2e-05
755 2e-05
756 4.4e-05
757 2.2943e-05
758 2.8e-05
759 3.74715e-05
760 2e-05
761 2.94715e-05
762 2.8e-05
763 1.2e-05
764 2.8e-05
765 4.2943e-05
766 1.6e-05
767 3.24146e-05
768 2.14715e-05
769 2.8e-05
770 2.54715e-05
771 2.94715e-05
772 1.6e-05
773 2.14715e-05
774 4.8e-05
775 3.74715e-05
776 2.54715e-05
777 2.8e-05
778 4.14715e-05
779 2.54715e-05
780 1.6e-05
781 2.4e-05
782 2.8e-05
783 3.8943e-05
784 2.94715e-05
785 4.4e-05
786 1.6e-05
787 3.0943e-05
788 2.4e-05
789 3.8943e-05
790 2.94715e-05
791 8e-06
792 4.44146e-05
793 4.14715e-05
794 1.6e-05
795 3.6e-05
796 3.6e-05
797 4e-05
798 1.2e-05
799 4.14715e-05
800 2.14715e-05
801 2.8e-05
802 3.8943e-05
803 2.14715e-05
804 4.14715e-05
805 3.2e-05
806 2.8e-05
807 2.94715e-05
808 3.6e-05
809 3.6e-05
810 4.14715e-05
811 3.2e-05
812 2e-05
813 2.54715e-05
814 3.2e-05
815 4e-06
816 2.54715e-05
817 3.00129e-05
818 4e-05
819 1.74715e-05
820 1.2e-05
821 2.94715e-05
822 2e-05
823 2.54715e-05
824 3.2e-05
825 1.6e-05
826 3.0943e-05
827 3.25413e-05
828 1.2e-05
829 2e-05
830 2.94715e-05
831 2.4e-05
832 2.8e-05
833 3.25413e-05
834 2e-05
835 3.34715e-05
836 1.6e-05
837 2.4e-05
838 3.34715e-05
839 2.14715e-05
840 3.0943e-05
841 3.8943e-05
842 3.34715e-05
843 2.94715e-05
844 2.8e-05
845 2.54715e-05
846 2e-05
847 2.2943e-05
848 3.34715e-05
849 2.8e-05
850 2e-05
851 2e-05
852 2.6943e-05
853 2.8e-05
854 3.74715e-05
855 2.54715e-05
856 3.2e-05
857 4e-05
858 2e-05
859 3.2e-05
860 8e-06
861 2.2943e-05
862 3.2e-05
863 1.6e-05
864 2.94715e-05
865 1.2e-05
866 3.2e-05
867 4.8e-05
868 3.34715e-05
869 2.4e-05
870 2e-05
871 2.6943e-05
872 2.4e-05
873 1.6e-05
874 2e-05
875 2.4e-05
876 4.2943e-05
877 2.4e-05
878 3.6e-05
879 2.4e-05
880 2e-05
881 2.8e-05
882 1.74715e-05
883 2.54715e-05
884 3.2e-05
885 2.44146e-05
886 2.4e-05
887 9.47152e-06
888 3.8943e-05
889 2.4e-05
890 4.8e-05
891 5.34715e-05
892 3.2e-05
893 3.2e-05
894 2.54715e-05
895 5.34715e-05
896 3.74715e-05
897 2.14715e-05
898 1.34715e-05
899 4.04146e-05
900 3.00129e-05
901 3.34715e-05
902 3.6e-05
903 2.14715e-05
904 1.6e-05
905 3.6e-05
906 3.2e-05
907 2.8e-05
908 1.6e-05
909 2.4e-05
910 8e-06
911 4e-05
912 3.0943e-05
913 4.54715e-05
914 4e-05
915 2.45413e-05
916 2.4e-05
917 4e-05
918 1.6e-05
919 2.94715e-05
920 3.6e-05
921 2.8e-05
922 1.2e-05
923 3.6e-05
924 1.34715e-05
925 3.6e-05
926 1.6e-05
927 2e-05
928 2.2943e-05
929 4.4e-05
930 4e-05
931 3.6e-05
932 2.4e-05
933 2.4e-05
934 2.4e-05
935 3.6e-05
936 3.4943e-05
937 2.4e-05
938 3.2e-05
939 2.4e-05
940 3.0943e-05
941 3.0943e-05
942 2e-05
943 1.6e-05
944 3.74715e-05
945 1.6e-05
946 2e-05
947 1.2e-05
948 4.4e-05
949 1.0943e-05
950 2.14715e-05
951 1.6e-05
952 1.6e-05
953 1.34715e-05
954 3.2e-05
955 2e-05
956 3.2e-05
957 3.00129e-05
958 2.4e-05
959 2.54715e-05
960 2.4e-05
961 1.74715e-05
962 2.54715e-05
963 4e-05
964 1.6e-05
965 4e-05
966 1.2e-05
967 4e-06
968 2.8e-05
969 3.2e-05
970 2e-05
971 1.2e-05
972 3.6e-05
973 2.94715e-05
974 3.74715e-05
975 1.34715e-05
976 5.0943e-05
977 1.25413e-05
978 1.6e-05
979 2e-05
980 2.8e-05
981 2.54715e-05
982 4e-05
983 4.14715e-05
984 3.2e-05
985 3.78861e-05
986 2.8e-05
987 2.54715e-05
988 3.2e-05
989 9.47152e-06
990 2.8e-05
991 1.64146e-05
992 1.34715e-05
993 1.2e-05
994 2.4e-05
995 9.47152e-06
996 3.2e-05
997 2e-05
998 4.2943e-05
999 0
