0 0
1 0.830648
2 0.27607
3 0.116632
4 0.0607952
5 0.0370314
6 0.0254404
7 0.0187358
8 0.0145093
9 0.0119032
10 0.00985704
11 0.00843994
12 0.00716342
13 0.00652765
14 0.00550267
15 0.00478626
16 0.00464264
17 0.00420792
18 0.00367939
19 0.00327335
20 0.00325955
21 0.00303713
22 0.00278902
23 0.00263666
24 0.002425
25 0.0023318
26 0.00224497
27 0.00195624
28 0.00188844
29 0.00183856
30 0.00179225
31 0.00160262
32 0.00160388
33 0.00149464
34 0.00152373
35 0.00124821
36 0.00124185
37 0.00133418
38 0.00119178
39 0.00112874
40 0.00110087
41 0.00106425
42 0.000981832
43 0.000929019
44 0.000972907
45 0.000908444
46 0.000864212
47 0.000904967
48 0.000814254
49 0.000824436
50 0.000782076
51 0.000827628
52 0.000746833
53 0.000729358
54 0.000661734
55 0.000651249
56 0.000629182
57 0.000611818
58 0.000612868
59 0.000611383
60 0.000602123
61 0.000576266
62 0.00052496
63 0.00052817
64 0.000492952
65 0.00057286
66 0.000527665
67 0.000545878
68 0.000487094
69 0.000494011
70 0.00045519
71 0.000460754
72 0.000407332
73 0.000430999
74 0.000438574
75 0.000438195
76 0.0004277
77 0.00043337
78 0.000460655
79 0.000375534
80 0.000404565
81 0.000437187
82 0.000329967
83 0.000312929
84 0.00033084
85 0.000325221
86 0.000348381
87 0.000311053
88 0.000350873
89 0.000323046
90 0.000351826
91 0.000333631
92 0.000343057
93 0.000295761
94 0.000271621
95 0.000304173
96 0.00027698
97 0.000281341
98 0.00030346
99 0.000292675
100 0.000313986
101 0.0002425
102 0.000237864
103 0.000290958
104 0.00026111
105 0.000217692
106 0.000234842
107 0.000246386
108 0.000250673
109 0.000238484
110 0.000224264
111 0.000228644
112 0.00021101
113 0.000209787
114 0.000218954
115 0.000259287
116 0.00027412
117 0.000226368
118 0.000239037
119 0.000199427
120 0.00019022
121 0.000235546
122 0.000226313
123 0.000234671
124 0.000212399
125 0.000214011
126 0.000218633
127 0.000222599
128 0.000211407
129 0.000208395
130 0.000210198
131 0.000207514
132 0.00017937
133 0.000192132
134 0.000182748
135 0.000159468
136 0.000167855
137 0.000160183
138 0.000171885
139 0.000190081
140 0.000165667
141 0.000159515
142 0.000194495
143 0.000175026
144 0.000154795
145 0.000146506
146 0.000161054
147 0.000148168
148 0.000159578
149 0.000163796
150 0.000160013
151 0.000179101
152 0.000200488
153 0.000156999
154 0.000129329
155 0.000167141
156 0.000176145
157 0.000141251
158 0.000151937
159 0.000154781
160 0.000166482
161 0.000144464
162 0.000160344
163 0.000163683
164 0.000148086
165 0.000141388
166 0.000148345
167 0.000158676
168 0.000123983
169 0.000116971
170 0.000115366
171 0.000137863
172 0.000144632
173 0.000134447
174 0.000103099
175 0.000131761
176 0.000129866
177 0.000110818
178 0.000115774
179 0.000103078
180 0.000121887
181 0.000118341
182 0.00011243
183 0.000136525
184 0.000132809
185 0.000103509
186 9.90205e-05
187 0.000104344
188 0.000131615
189 0.000106193
190 9.38265e-05
191 9.02794e-05
192 0.000120557
193 0.000117023
194 0.000110041
195 9.58773e-05
196 7.00351e-05
197 0.000109599
198 0.000117418
199 0.000103204
200 0.000135481
201 0.000131188
202 0.00010825
203 8.94815e-05
204 7.84741e-05
205 0.000104913
206 9.54355e-05
207 9.17316e-05
208 8.20859e-05
209 7.37959e-05
210 0.000100005
211 0.000112026
212 8.38066e-05
213 7.68519e-05
214 9.02897e-05
215 8.48539e-05
216 8.83177e-05
217 8.32736e-05
218 6.73555e-05
219 8.68571e-05
220 9.17627e-05
221 7.55243e-05
222 9.43611e-05
223 8.87618e-05
224 8.38044e-05
225 8.13075e-05
226 9.50789e-05
227 9.23732e-05
228 5.96465e-05
229 6.42302e-05
230 9.23201e-05
231 7.06485e-05
232 8.52885e-05
233 8.5212e-05
234 9.29535e-05
235 9.26557e-05
236 0.000110671
237 9.94175e-05
238 8.56983e-05
239 8.03792e-05
240 6.61255e-05
241 7.24922e-05
242 7.64111e-05
243 7.72536e-05
244 7.60702e-05
245 7.59098e-05
246 6.95195e-05
247 7.36096e-05
248 6.53703e-05
249 9.51807e-05
250 9.14121e-05
251 7.2624e-05
252 8.92365e-05
253 6.95812e-05
254 6.4035e-05
255 7.95603e-05
256 7.81385e-05
257 4.58969e-05
258 6.57109e-05
259 6.92525e-05
260 7.4568e-05
261 6.21591e-05
262 5.64516e-05
263 7.67043e-05
264 6.26257e-05
265 6.92729e-05
266 5.52381e-05
267 7.13822e-05
268 6.11944e-05
269 8.10185e-05
270 7.41438e-05
271 6.75131e-05
272 5.30833e-05
273 5.04072e-05
274 7.2539e-05
275 9.29939e-05
276 6.83636e-05
277 8.17749e-05
278 7.79393e-05
279 8.53569e-05
280 6.39684e-05
281 5.22228e-05
282 5.58981e-05
283 4.97347e-05
284 6.1155e-05
285 5.72296e-05
286 6.55607e-05
287 5.53526e-05
288 5.37232e-05
289 6.08209e-05
290 5.83993e-05
291 6.4793e-05
292 6.06935e-05
293 6.66038e-05
294 4.99901e-05
295 6.10171e-05
296 4.54328e-05
297 5.40928e-05
298 5.12946e-05
299 4.77501e-05
300 6.42491e-05
301 5.38313e-05
302 5.32721e-05
303 5.61528e-05
304 5.26093e-05
305 5.34507e-05
306 4.41795e-05
307 6.21785e-05
308 6.5892e-05
309 4.35544e-05
310 4.75307e-05
311 6.21797e-05
312 4.70899e-05
313 7.00068e-05
314 5.55514e-05
315 5.91957e-05
316 4.85986e-05
317 5.0571e-05
318 5.06503e-05
319 4.73253e-05
320 5.38446e-05
321 5.61353e-05
322 3.46318e-05
323 6.3984e-05
324 6.67527e-05
325 5.71848e-05
326 5.82017e-05
327 4.07705e-05
328 3.82805e-05
329 5.8082e-05
330 4.77703e-05
331 4.01484e-05
332 5.66376e-05
333 4.89017e-05
334 4.85631e-05
335 3.67473e-05
336 4.01699e-05
337 4.02746e-05
338 3.91965e-05
339 4.83988e-05
340 5.86826e-05
341 4.63483e-05
342 4.92648e-05
343 5.49311e-05
344 4.54015e-05
345 5.34134e-05
346 5.05374e-05
347 4.71264e-05
348 4.35536e-05
349 5.22683e-05
350 3.41854e-05
351 4.9427e-05
352 4.27171e-05
353 4.36829e-05
354 3.62861e-05
355 6.88985e-05
356 5.50627e-05
357 4.24282e-05
358 4.41758e-05
359 4.95079e-05
360 4.08487e-05
361 2.50562e-05
362 3.40607e-05
363 4.39853e-05
364 3.46538e-05
365 2.89178e-05
366 3.50179e-05
367 3.99392e-05
368 4.25206e-05
369 4.10081e-05
370 3.59294e-05
371 5.90916e-05
372 4.34747e-05
373 3.30934e-05
374 6.64398e-05
375 4.77923e-05
376 3.91778e-05
377 3.94418e-05
378 3.54547e-05
379 4.37291e-05
380 4.63709e-05
381 4.12822e-05
382 4.956e-05
383 3.44226e-05
384 2.84913e-05
385 3.54078e-05
386 3.15603e-05
387 4.67638e-05
388 4.08061e-05
389 3.65213e-05
390 4.12467e-05
391 4.76284e-05
392 3.4301e-05
393 3.82805e-05
394 2.91606e-05
395 3.62768e-05
396 4.54694e-05
397 4.35181e-05
398 3.31626e-05
399 3.64477e-05
400 4.67974e-05
401 3.15218e-05
402 2.41532e-05
403 3.34663e-05
404 3.91304e-05
405 3.65397e-05
406 4.07798e-05
407 4.33686e-05
408 4.51765e-05
409 3.14564e-05
410 4.32519e-05
411 3.35295e-05
412 2.47462e-05
413 2.59218e-05
414 3.10752e-05
415 3.80261e-05
416 4.47488e-05
417 4.60496e-05
418 2.45781e-05
419 2.34205e-05
420 1.76892e-05
421 2.38579e-05
422 2.00194e-05
423 1.96893e-05
424 2.49007e-05
425 2.51611e-05
426 4.16823e-05
427 3.03637e-05
428 3.78097e-05
429 4.05489e-05
430 4.8703e-05
431 3.19121e-05
432 2.4616e-05
433 2.80967e-05
434 2.58998e-05
435 3.47944e-05
436 3.87584e-05
437 4.0846e-05
438 2.93153e-05
439 4.92096e-05
440 4.21349e-05
441 4.47622e-05
442 3.28408e-05
443 3.41653e-05
444 3.95575e-05
445 3.20744e-05
446 4.06806e-05
447 3.98754e-05
448 3.16086e-05
449 3.77806e-05
450 3.05034e-05
451 2.95245e-05
452 3.76949e-05
453 2.88718e-05
454 3.43906e-05
455 3.752e-05
456 3.29661e-05
457 3.63482e-05
458 3.75422e-05
459 2.72354e-05
460 2.90252e-05
461 2.55021e-05
462 2.72123e-05
463 1.81592e-05
464 3.18731e-05
465 3.96372e-05
466 2.72549e-05
467 3.10046e-05
468 1.98762e-05
469 2.97747e-05
470 2.82705e-05
471 3.78822e-05
472 1.40845e-05
473 3.70159e-05
474 4.8174e-05
475 3.39975e-05
476 3.4266e-05
477 4.7004e-05
478 4.10635e-05
479 2.28699e-05
480 2.89724e-05
481 3.70792e-05
482 3.21657e-05
483 2.21998e-05
484 2.1655e-05
485 2.52603e-05
486 2.14683e-05
487 3.98534e-05
488 3.86724e-05
489 1.8947e-05
490 1.37156e-05
491 3.78959e-05
492 3.67879e-05
493 3.13115e-05
494 3.48945e-05
495 2.03292e-05
496 2.25014e-05
497 3.94942e-05
498 2.26171e-05
499 2.76771e-05
500 4.08165e-05
501 2.8493e-05
502 3.54074e-05
503 2.28146e-05
504 3.656e-05
505 2.4336e-05
506 3.91722e-05
507 2.60385e-05
508 2.20292e-05
509 2.1008e-05
510 2.4965e-05
511 2.33841e-05
512 1.24465e-05
513 1.05309e-05
514 1.83986e-05
515 1.7318e-05
516 3.48197e-05
517 1.18288e-05
518 1.6287e-05
519 2.33867e-05
520 3.31154e-05
521 1.91262e-05
522 1.62513e-05
523 2.5226e-05
524 1.97606e-05
525 2.40838e-05
526 2.45411e-05
527 3.00263e-05
528 1.88268e-05
529 2.74163e-05
530 2.40279e-05
531 3.02659e-05
532 2.39713e-05
533 2.43898e-05
534 2.10781e-05
535 2.13667e-05
536 1.65981e-05
537 1.75511e-05
538 1.48331e-05
539 1.41759e-05
540 2.258e-05
541 3.19179e-05
542 2.4089e-05
543 2.8362e-05
544 3.38316e-05
545 3.12084e-05
546 2.44494e-05
547 2.35431e-05
548 1.94187e-05
549 2.80939e-05
550 3.17952e-05
551 2.51255e-05
552 2.44865e-05
553 1.93936e-05
554 2.30451e-05
555 1.38712e-05
556 2.04476e-05
557 1.65269e-05
558 3.05025e-05
559 1.73093e-05
560 2.31956e-05
561 1.3743e-05
562 2.32322e-05
563 1.62729e-05
564 2.28566e-05
565 3.47442e-05
566 2.63702e-05
567 2.08671e-05
568 7.87258e-06
569 1.59482e-05
570 1.8776e-05
571 2.20737e-05
572 1.83984e-05
573 1.57111e-05
574 1.98674e-05
575 1.88881e-05
576 1.72786e-05
577 2.26279e-05
578 1.26659e-05
579 1.24488e-05
580 1.60435e-05
581 2.43752e-05
582 2.78181e-05
583 1.28003e-05
584 1.08623e-05
585 2.7797e-05
586 1.78958e-05
587 1.17167e-05
588 2.07332e-05
589 1.60205e-05
590 2.07817e-05
591 2.54199e-05
592 1.25887e-05
593 2.72344e-05
594 2.2318e-05
595 1.63589e-05
596 2.46999e-05
597 1.68024e-05
598 1.58988e-05
599 3.58931e-05
600 2.51854e-05
601 1.41235e-05
602 1.91508e-05
603 3.15832e-05
604 2.73354e-05
605 1.43846e-05
606 2.74172e-05
607 1.78843e-05
608 2.7529e-05
609 2.38265e-05
610 1.13365e-05
611 1.46461e-05
612 2.0964e-05
613 1.99638e-05
614 2.55617e-05
615 1.23019e-05
616 1.00782e-05
617 8.64526e-06
618 2.11699e-05
619 8.38219e-06
620 1.31432e-05
621 1.51177e-05
622 1.4255e-05
623 7.98699e-06
624 1.18651e-05
625 1.7134e-05
626 8.17166e-06
627 2.22239e-05
628 1.69736e-05
629 1.57896e-05
630 1.73812e-05
631 3.05913e-05
632 1.55916e-05
633 2.02e-05
634 1.40976e-05
635 1.69251e-05
636 1.56918e-05
637 1.31976e-05
638 2.12976e-05
639 1.64266e-05
640 1.96352e-05
641 1.38552e-05
642 1.4843e-05
643 1.49723e-05
644 2.06025e-05
645 1.40144e-05
646 1.75362e-05
647 1.7891e-05
648 1.82944e-05
649 2.47943e-05
650 2.09702e-05
651 1.45322e-05
652 1.01805e-05
653 2.64241e-05
654 1.20292e-05
655 3.13487e-05
656 1.8486e-05
657 1.7031e-05
658 3.66578e-05
659 1.77315e-05
660 1.28445e-05
661 1.7907e-05
662 2.37108e-05
663 2.59696e-05
664 1.91397e-05
665 1.82148e-05
666 2.9669e-05
667 1.84352e-05
668 2.01736e-05
669 1.36623e-05
670 1.48276e-05
671 1.71747e-05
672 2.50087e-05
673 2.62509e-05
674 1.95796e-05
675 2.01891e-05
676 1.92981e-05
677 2.85539e-05
678 2.06388e-05
679 1.4097e-05
680 1.66919e-05
681 1.64538e-05
682 1.45945e-05
683 2.04889e-05
684 1.42315e-05
685 3.11651e-05
686 1.53863e-05
687 1.50727e-05
688 2.66781e-05
689 2.39985e-05
690 1.34794e-05
691 2.45395e-05
692 1.55273e-05
693 2.30423e-05
694 1.37997e-05
695 1.61942e-05
696 1.67245e-05
697 1.26473e-05
698 1.5154e-05
699 8.44868e-06
700 2.45372e-05
701 1.62483e-05
702 1.56778e-05
703 2.59639e-05
704 1.90435e-05
705 1.60117e-05
706 1.50665e-05
707 1.38457e-05
708 1.08052e-05
709 8.68547e-06
710 7.53424e-06
711 8.05613e-06
712 1.24108e-05
713 1.04808e-05
714 1.22271e-05
715 9.21425e-06
716 1.19818e-05
717 1.14023e-05
718 1.29369e-05
719 9.32178e-06
720 1.13093e-05
721 1.78924e-05
722 1.22441e-05
723 1.96216e-05
724 1.44584e-05
725 1.75875e-05
726 1.7292e-05
727 2.70625e-05
728 2.18377e-05
729 1.88531e-05
730 1.33763e-05
731 1.01537e-05
732 1.36495e-05
733 5.73097e-06
734 1.07309e-05
735 8.09276e-06
736 9.49674e-06
737 3.97757e-06
738 1.40009e-05
739 9.99485e-06
740 1.26309e-05
741 1.94249e-05
742 2.17371e-05
743 1.84467e-05
744 2.46045e-05
745 1.70856e-05
746 1.22558e-05
747 2.51662e-05
748 7.90027e-06
749 2.31972e-05
750 3.1094e-05
751 1.445e-05
752 1.83507e-05
753 1.19832e-05
754 1.75683e-05
755 1.65345e-05
756 2.84411e-05
757 1.74691e-05
758 1.92997e-05
759 1.14835e-05
760 7.18634e-06
761 1.10025e-05
762 9.48247e-06
763 1.93655e-05
764 1.75235e-05
765 1.58055e-05
766 2.12342e-05
767 1.36695e-05
768 1.1169e-05
769 1.02465e-05
770 1.49188e-05
771 1.65008e-05
772 1.66149e-05
773 5.27787e-06
774 1.64113e-05
775 2.19862e-05
776 2.52294e-05
777 1.81728e-05
778 2.03397e-05
779 3.11278e-05
780 2.53451e-05
781 2.59948e-05
782 1.41017e-05
783 1.29773e-05
784 1.70154e-05
785 1.49569e-05
786 7.9671e-06
787 2.03291e-05
788 1.64899e-05
789 3.03361e-05
790 1.33571e-05
791 9.23173e-06
792 8.04444e-06
793 1.02398e-05
794 1.95313e-05
795 1.65813e-05
796 2.20086e-05
797 1.05875e-05
798 1.85349e-05
799 2.21173e-05
800 1.95026e-05
801 1.5453e-05
802 1.36666e-05
803 1.30573e-05
804 1.26201e-05
805 1.57265e-05
806 1.25472e-05
807 7.04919e-06
808 1.42492e-05
809 2.66252e-05
810 1.60105e-05
811 1.42574e-05
812 1.45065e-05
813 1.89338e-05
814 2.84959e-05
815 2.31831e-05
816 1.31845e-05
817 1.4756e-05
818 2.71469e-05
819 2.37428e-05
820 2.03305e-05
821 1.17568e-05
822 8.35913e-06
823 2.0394e-05
824 1.6884e-05
825 9.88632e-06
826 1.01841e-05
827 1.78116e-05
828 1.60148e-05
829 1.96376e-05
830 1.41474e-05
831 9.51787e-06
832 1.88734e-05
833 1.04571e-05
834 1.62265e-05
835 1.45768e-05
836 1.24061e-05
837 1.19113e-05
838 2.44198e-05
839 1.52645e-05
840 1.37905e-05
841 1.97047e-05
842 1.38092e-05
843 8.37588e-06
844 1.07404e-05
845 1.24337e-05
846 7.44775e-06
847 1.23313e-05
848 1.06102e-05
849 1.15507e-05
850 4.52087e-06
851 1.13719e-05
852 9.7774e-06
853 8.41088e-06
854 9.83653e-06
855 2.09687e-05
856 1.48265e-05
857 7.56646e-06
858 1.36767e-05
859 6.9378e-06
860 1.49742e-05
861 8.88523e-06
862 1.94164e-05
863 1.63586e-05
864 1.64314e-05
865 2.12817e-05
866 1.04988e-05
867 8.85815e-06
868 1.44638e-05
869 1.04821e-05
870 8.62054e-06
871 5.98257e-06
872 9.09068e-06
873 1.20891e-05
874 1.17388e-05
875 1.37845e-05
876 1.78268e-05
877 7.69524e-06
878 1.59547e-05
879 2.42226e-05
880 1.25988e-05
881 6.17479e-06
882 5.78006e-06
883 1.12906e-05
884 1.10134e-05
885 1.43871e-05
886 9.53705e-06
887 1.05882e-05
888 1.79687e-05
889 7.21275e-06
890 1.65323e-05
891 1.25431e-05
892 7.33399e-06
893 1.41314e-05
894 1.23989e-05
895 8.09108e-06
896 2.30367e-05
897 1.54376e-05
898 1.75744e-05
899 2.15729e-05
900 1.4374e-05
901 1.06046e-05
902 9.20513e-06
903 4.52408e-06
904 1.33571e-05
905 1.66569e-05
906 1.65975e-05
907 1.17688e-05
908 1.27887e-05
909 1.1928e-05
910 1.27424e-05
911 1.48969e-05
912 8.45847e-06
913 9.15628e-06
914 1.03196e-05
915 7.46793e-06
916 2.44586e-05
917 1.56976e-05
918 1.24355e-05
919 1.4052e-05
920 1.51573e-05
921 1.69551e-05
922 3.53762e-06
923 1.19806e-05
924 1.76924e-05
925 1.41617e-05
926 6.38717e-06
927 4.07279e-06
928 5.71175e-06
929 9.32075e-06
930 7.73902e-06
931 1.89185e-05
932 1.54579e-05
933 8.9315e-06
934 7.73437e-06
935 5.37014e-06
936 1.64766e-05
937 1.23176e-05
938 7.58585e-06
939 4.23103e-06
940 1.12057e-05
941 8.56736e-06
942 7.39487e-06
943 1.13556e-05
944 2.77434e-06
945 8.76315e-06
946 1.23895e-05
947 1.79435e-05
948 2.27242e-05
949 2.15525e-05
950 1.12227e-05
951 8.24599e-06
952 8.96507e-06
953 4.63957e-06
954 7.62451e-06
955 8.20603e-06
956 9.81593e-06
957 9.68289e-06
958 9.61936e-06
959 2.98826e-06
960 5.53975e-06
961 5.81562e-06
962 5.23385e-06
963 6.91695e-06
964 1.1617e-05
965 3.27948e-06
966 2.97895e-06
967 6.97705e-06
968 6.37593e-06
969 5.26134e-06
970 2.22063e-05
971 2.55839e-05
972 9.81001e-06
973 1.44753e-05
974 2.29945e-05
975 8.30727e-06
976 4.24094e-06
977 5.04904e-06
978 5.56446e-06
979 1.06781e-05
980 1.02749e-05
981 1.24482e-05
982 4.07288e-06
983 3.42963e-06
984 6.85633e-06
985 6.04495e-06
986 6.23725e-06
987 1.18911e-05
988 1.25988e-05
989 7.38663e-06
990 1.11677e-05
991 9.71764e-06
992 1.1552e-05
993 8.44498e-06
994 6.29994e-06
995 4.44987e-06
996 9.80066e-06
997 4.87661e-06
998 9.09335e-06
999 1.26067e-05
1000 6.28074e-06
1001 8.47853e-06
1002 6.40841e-06
1003 1.25801e-05
1004 2.89085e-06
1005 2.4239e-06
1006 1.56731e-05
1007 7.18682e-06
1008 1.06285e-05
1009 7.5072e-06
1010 1.21275e-05
1011 6.53368e-06
1012 7.38249e-06
1013 2.25294e-05
1014 1.56261e-05
1015 1.81654e-05
1016 6.98069e-06
1017 1.21316e-05
1018 5.70937e-06
1019 1.52022e-05
1020 7.82385e-06
1021 9.78031e-06
1022 1.62857e-05
1023 1.09129e-05
1024 3.74109e-06
1025 5.20292e-06
1026 1.21684e-05
1027 4.3244e-06
1028 1.62886e-05
1029 1.19848e-05
1030 1.4517e-05
1031 8.72116e-06
1032 1.64818e-05
1033 1.0724e-05
1034 1.09924e-05
1035 1.25394e-05
1036 1.76156e-05
1037 1.33875e-05
1038 1.00845e-05
1039 8.39249e-06
1040 6.73883e-06
1041 8.80269e-06
1042 3.66505e-06
1043 1.25485e-05
1044 1.07856e-05
1045 8.93653e-06
1046 1.01278e-05
1047 1.09812e-05
1048 7.33255e-06
1049 1.69132e-05
1050 9.13018e-06
1051 1.7744e-05
1052 8.54132e-06
1053 9.01667e-06
1054 9.44137e-06
1055 6.12782e-06
1056 3.93869e-06
1057 3.82117e-06
1058 7.66579e-06
1059 3.3431e-06
1060 1.01351e-05
1061 9.92239e-06
1062 6.4364e-06
1063 9.94499e-06
1064 8.44928e-06
1065 7.59513e-06
1066 6.83304e-06
1067 6.96347e-06
1068 1.29855e-05
1069 3.04596e-06
1070 4.08516e-06
1071 7.47454e-06
1072 8.24139e-06
1073 5.02443e-06
1074 1.45188e-05
1075 4.75202e-06
1076 6.40121e-06
1077 8.01596e-06
1078 1.43425e-05
1079 1.26444e-05
1080 9.88652e-06
1081 8.99785e-06
1082 5.77645e-06
1083 2.08365e-05
1084 1.22867e-05
1085 1.20382e-05
1086 1.08739e-05
1087 8.83933e-06
1088 8.75202e-06
1089 1.214e-05
1090 1.1762e-05
1091 7.59805e-06
1092 5.45006e-06
1093 4.40033e-06
1094 8.15961e-06
1095 5.2252e-06
1096 5.34146e-06
1097 1.41886e-06
1098 3.8097e-06
1099 6.06694e-06
1100 2.31534e-06
1101 9.99047e-06
1102 7.11871e-06
1103 4.75828e-06
1104 7.16873e-06
1105 8.75561e-06
1106 7.13524e-06
1107 1.03322e-05
1108 1.66489e-05
1109 6.29044e-06
1110 1.68473e-05
1111 1.4887e-05
1112 8.40151e-06
1113 1.26973e-05
1114 1.18352e-05
1115 9.05072e-06
1116 4.86498e-06
1117 3.03981e-06
1118 1.01654e-05
1119 7.50718e-06
1120 4.20976e-06
1121 2.38614e-06
1122 5.49467e-06
1123 8.50243e-06
1124 6.90565e-06
1125 6.51337e-06
1126 3.95774e-06
1127 1.1165e-05
1128 1.11396e-05
1129 6.561e-06
1130 2.96443e-06
1131 1.03086e-05
1132 1.84442e-05
1133 6.1012e-06
1134 4.87764e-06
1135 3.45853e-06
1136 2.18389e-06
1137 5.50323e-06
1138 3.86015e-06
1139 2.23963e-06
1140 4.50691e-06
1141 5.34826e-06
1142 5.02599e-06
1143 1.35827e-06
1144 1.02641e-05
1145 2.6152e-06
1146 6.97362e-06
1147 2.78354e-06
1148 4.0818e-06
1149 8.5491e-06
1150 1.472e-06
1151 7.77762e-06
1152 7.28432e-06
1153 8.51438e-06
1154 1.23013e-05
1155 1.46772e-05
1156 7.523e-06
1157 1.65214e-05
1158 1.1921e-05
1159 7.77183e-06
1160 5.95567e-06
1161 7.30279e-06
1162 8.60864e-06
1163 7.5993e-06
1164 4.34986e-06
1165 9.55935e-06
1166 8.4781e-06
1167 8.55343e-06
1168 7.19588e-06
1169 7.30943e-06
1170 9.13782e-06
1171 8.90077e-06
1172 6.08254e-06
1173 5.0164e-06
1174 1.22205e-05
1175 1.00295e-05
1176 1.29085e-05
1177 1.17715e-05
1178 7.07213e-06
1179 9.9182e-06
1180 3.30898e-06
1181 6.44866e-06
1182 7.93632e-06
1183 3.76337e-06
1184 3.58443e-06
1185 9.73325e-06
1186 7.78314e-06
1187 8.71357e-06
1188 7.94397e-06
1189 7.54639e-06
1190 5.65554e-06
1191 3.24974e-06
1192 3.28055e-06
1193 2.22777e-06
1194 1.08535e-05
1195 9.05467e-06
1196 6.7895e-06
1197 1.15099e-05
1198 8.02209e-06
1199 1.20791e-05
1200 8.98707e-06
1201 6.01622e-06
1202 1.31728e-05
1203 6.01334e-06
1204 1.53712e-05
1205 4.28346e-06
1206 3.26325e-06
1207 7.43338e-06
1208 3.41291e-06
1209 4.52256e-06
1210 2.51421e-06
1211 4.43296e-06
1212 5.04401e-06
1213 1.41432e-05
1214 6.82207e-06
1215 7.92246e-06
1216 4.4111e-06
1217 3.39287e-06
1218 1.10682e-05
1219 1.02591e-05
1220 4.73144e-06
1221 2.88124e-06
1222 1.00937e-05
1223 3.70744e-06
1224 1.85211e-06
1225 5.0643e-06
1226 9.03769e-06
1227 7.79337e-06
1228 5.42394e-06
1229 7.23021e-06
1230 3.64475e-06
1231 1.03768e-05
1232 1.00742e-05
1233 8.09716e-06
1234 5.16752e-06
1235 5.67372e-06
1236 7.41829e-06
1237 7.94511e-06
1238 4.04421e-06
1239 2.24414e-06
1240 4.24844e-06
1241 3.69447e-06
1242 7.85079e-06
1243 3.60945e-06
1244 5.60526e-06
1245 2.98747e-06
1246 6.08109e-06
1247 5.74561e-06
1248 6.01027e-06
1249 6.35936e-06
1250 1.66746e-05
1251 7.84109e-06
1252 3.74798e-06
1253 1.16383e-05
1254 7.32038e-06
1255 4.20427e-06
1256 3.93454e-06
1257 5.59378e-06
1258 1.99628e-06
1259 9.69004e-06
1260 7.27367e-06
1261 6.96702e-06
1262 4.08199e-06
1263 6.3093e-06
1264 3.04065e-06
1265 3.11889e-06
1266 9.76426e-06
1267 3.13887e-06
1268 4.46718e-06
1269 1.55915e-05
1270 7.41803e-06
1271 2.93137e-06
1272 4.00072e-06
1273 6.56094e-06
1274 7.2177e-06
1275 7.21726e-06
1276 8.49594e-06
1277 5.13515e-06
1278 9.66077e-06
1279 9.4678e-06
1280 1.13499e-05
1281 7.95812e-06
1282 1.13565e-05
1283 6.54937e-06
1284 2.50781e-06
1285 7.09673e-06
1286 7.21772e-06
1287 1.79747e-05
1288 1.80856e-05
1289 9.74053e-06
1290 7.6738e-06
1291 6.12002e-06
1292 6.07121e-06
1293 3.75806e-06
1294 5.52275e-06
1295 7.65507e-06
1296 4.5959e-06
1297 4.68422e-06
1298 8.17006e-06
1299 3.38368e-06
1300 2.5131e-06
1301 4.54583e-06
1302 1.72342e-06
1303 5.25841e-06
1304 1.16932e-06
1305 3.83543e-06
1306 3.92279e-06
1307 4.54611e-06
1308 6.10317e-06
1309 1.78722e-05
1310 1.36608e-05
1311 6.67048e-06
1312 8.95238e-06
1313 1.29852e-05
1314 5.77872e-06
1315 1.29058e-05
1316 1.04389e-05
1317 1.22605e-05
1318 6.52588e-06
1319 4.7574e-06
1320 1.89247e-06
1321 5.41352e-06
1322 1.07846e-05
1323 9.63471e-06
1324 5.18224e-06
1325 4.41984e-06
1326 7.48191e-06
1327 4.12745e-06
1328 6.60585e-06
1329 3.51753e-06
1330 3.26364e-06
1331 5.85215e-06
1332 1.09412e-05
1333 6.43549e-06
1334 8.06875e-06
1335 6.25454e-06
1336 2.98943e-06
1337 7.34936e-06
1338 2.5809e-06
1339 1.22756e-05
1340 3.97092e-06
1341 3.40218e-06
1342 2.06207e-06
1343 5.84831e-06
1344 2.57845e-06
1345 2.59268e-06
1346 1.37226e-06
1347 1.42576e-06
1348 2.09713e-06
1349 4.98517e-06
1350 6.40478e-06
1351 2.86221e-06
1352 8.99319e-06
1353 5.26339e-06
1354 5.01165e-06
1355 3.0297e-06
1356 6.22193e-06
1357 9.61487e-06
1358 7.57142e-06
1359 9.09148e-07
1360 2.25817e-06
1361 2.57562e-06
1362 7.14595e-06
1363 6.03664e-06
1364 1.43929e-05
1365 4.7544e-06
1366 2.56357e-06
1367 5.54502e-06
1368 7.5779e-06
1369 6.0955e-06
1370 4.69455e-06
1371 8.32888e-06
1372 7.2615e-06
1373 7.41852e-06
1374 3.10948e-06
1375 4.8973e-06
1376 6.01959e-06
1377 3.77647e-06
1378 5.66343e-06
1379 4.09476e-06
1380 7.44907e-06
1381 8.36262e-06
1382 1.89284e-06
1383 9.04145e-06
1384 4.4396e-06
1385 1.26794e-05
1386 1.06515e-05
1387 1.4146e-05
1388 2.91022e-06
1389 1.08748e-05
1390 2.93264e-06
1391 3.92319e-06
1392 2.65205e-06
1393 1.95284e-06
1394 5.09643e-06
1395 4.50185e-06
1396 3.69602e-06
1397 3.54742e-06
1398 2.26933e-06
1399 2.92637e-06
1400 5.57817e-06
1401 1.13244e-05
1402 7.66107e-06
1403 1.16375e-05
1404 9.98625e-06
1405 7.90827e-06
1406 1.93515e-06
1407 4.57711e-06
1408 4.04311e-06
1409 4.11024e-06
1410 5.20968e-06
1411 1.25464e-05
1412 4.24639e-06
1413 3.94049e-06
1414 3.25262e-06
1415 3.30555e-06
1416 3.54729e-06
1417 4.65368e-06
1418 8.12156e-06
1419 1.17155e-05
1420 4.84405e-06
1421 1.1795e-05
1422 3.94585e-06
1423 4.34946e-06
1424 8.06586e-06
1425 3.29976e-06
1426 1.82345e-06
1427 3.31476e-06
1428 1.22359e-06
1429 9.63267e-06
1430 5.01832e-06
1431 2.01706e-05
1432 7.14564e-06
1433 5.77062e-06
1434 2.41103e-06
1435 7.18312e-06
1436 1.08185e-06
1437 6.68938e-06
1438 1.2199e-05
1439 3.15578e-06
1440 8.73491e-06
1441 7.31337e-06
1442 2.57575e-06
1443 6.25659e-06
1444 4.78479e-06
1445 5.20065e-06
1446 4.38671e-06
1447 2.36241e-06
1448 2.71084e-06
1449 6.33601e-06
1450 6.09713e-06
1451 7.18114e-06
1452 2.85774e-06
1453 1.39308e-05
1454 7.39865e-06
1455 4.80632e-06
1456 7.06447e-06
1457 8.69334e-06
1458 6.58827e-06
1459 6.24158e-06
1460 4.96831e-06
1461 2.06826e-06
1462 6.67513e-06
1463 8.46478e-06
1464 6.41135e-06
1465 5.59564e-06
1466 8.8572e-06
1467 3.30381e-06
1468 3.78009e-06
1469 5.17373e-06
1470 2.02598e-06
1471 3.08192e-06
1472 3.12514e-06
1473 2.17019e-06
1474 4.20761e-06
1475 1.28702e-05
1476 6.46293e-06
1477 5.00757e-06
1478 3.55684e-06
1479 7.45296e-06
1480 5.43984e-06
1481 3.78754e-06
1482 1.79487e-06
1483 4.60339e-06
1484 8.2837e-06
1485 3.4427e-06
1486 1.99761e-06
1487 1.32452e-05
1488 7.11649e-06
1489 1.04229e-05
1490 2.7696e-06
1491 6.22568e-06
1492 3.21678e-06
1493 1.84647e-06
1494 3.05536e-06
1495 3.53795e-06
1496 2.299e-06
1497 6.97747e-06
1498 7.23135e-06
1499 3.22313e-06
1500 9.6723e-06
1501 3.17498e-06
1502 1.18466e-05
1503 8.30503e-06
1504 1.99769e-06
1505 1.4469e-06
1506 1.13939e-05
1507 7.891e-06
1508 9.67958e-06
1509 2.89281e-06
1510 1.11068e-06
1511 5.72066e-06
1512 6.4104e-06
1513 1.0817e-05
1514 1.24269e-05
1515 1.2391e-05
1516 1.00305e-05
1517 9.07245e-06
1518 4.27267e-06
1519 4.02055e-06
1520 1.19465e-05
1521 6.45725e-06
1522 9.11857e-06
1523 4.24701e-06
1524 4.22512e-06
1525 7.00441e-06
1526 1.01352e-05
1527 5.02635e-06
1528 2.06656e-06
1529 3.15029e-06
1530 5.89007e-06
1531 2.71309e-06
1532 1.37077e-05
1533 3.64528e-06
1534 1.25241e-05
1535 4.12251e-06
1536 1.98622e-06
1537 5.84511e-06
1538 3.63059e-06
1539 3.37088e-06
1540 5.43548e-06
1541 4.59178e-06
1542 3.8046e-06
1543 3.36369e-06
1544 8.97026e-06
1545 5.81966e-06
1546 4.38886e-06
1547 2.45257e-06
1548 1.87761e-06
1549 1.78794e-06
1550 1.53632e-05
1551 1.17084e-05
1552 5.29414e-06
1553 2.05716e-06
1554 2.87645e-06
1555 4.42687e-06
1556 4.20107e-06
1557 1.64912e-06
1558 2.69329e-06
1559 3.29747e-06
1560 8.06097e-06
1561 3.34634e-06
1562 2.6659e-06
1563 2.62443e-06
1564 9.84466e-07
1565 4.41994e-06
1566 4.118e-06
1567 9.51854e-06
1568 3.37804e-06
1569 9.8368e-06
1570 5.57873e-06
1571 2.12e-06
1572 5.5053e-06
1573 3.00405e-06
1574 5.22376e-06
1575 1.19915e-06
1576 5.01721e-06
1577 7.48948e-06
1578 3.58337e-06
1579 1.01748e-05
1580 4.96245e-06
1581 1.47368e-05
1582 5.50741e-06
1583 6.22772e-06
1584 8.36748e-06
1585 3.17512e-06
1586 3.96154e-06
1587 9.54425e-06
1588 5.09814e-06
1589 4.58619e-06
1590 5.30422e-06
1591 3.51785e-06
1592 7.60825e-06
1593 4.90608e-06
1594 3.24599e-06
1595 3.154e-06
1596 2.36888e-06
1597 1.54133e-06
1598 2.0977e-06
1599 5.57245e-06
1600 9.02932e-06
1601 5.55765e-06
1602 8.90044e-06
1603 3.78389e-06
1604 5.32247e-06
1605 3.69899e-06
1606 5.61645e-06
1607 6.36826e-06
1608 6.90987e-06
1609 3.0724e-06
1610 5.77584e-06
1611 2.18436e-06
1612 9.40282e-07
1613 3.55488e-06
1614 1.06556e-06
1615 2.33184e-06
1616 9.62399e-06
1617 9.18039e-06
1618 4.95977e-06
1619 9.73657e-06
1620 2.4623e-06
1621 5.71501e-06
1622 4.2819e-06
1623 2.20546e-06
1624 3.21195e-06
1625 1.95592e-06
1626 5.05652e-06
1627 4.54881e-06
1628 1.17097e-05
1629 2.24393e-06
1630 1.65826e-06
1631 2.33618e-06
1632 2.1824e-06
1633 7.63572e-07
1634 7.6998e-06
1635 3.94546e-06
1636 5.39382e-06
1637 1.4607e-06
1638 5.83965e-06
1639 2.44526e-06
1640 1.3376e-06
1641 3.06662e-06
1642 9.14347e-06
1643 2.00069e-06
1644 2.8794e-06
1645 5.32301e-06
1646 3.80522e-06
1647 9.75147e-07
1648 1.66742e-06
1649 4.89067e-06
1650 1.57279e-06
1651 2.86725e-06
1652 2.21776e-06
1653 1.52951e-06
1654 1.31608e-06
1655 4.736e-06
1656 4.97252e-07
1657 7.90639e-08
1658 4.81601e-06
1659 2.34393e-06
1660 1.1012e-06
1661 9.00368e-06
1662 5.48646e-06
1663 7.74756e-06
1664 6.53544e-06
1665 3.05586e-06
1666 2.23229e-06
1667 4.37836e-06
1668 2.28719e-06
1669 1.03225e-06
1670 1.9675e-06
1671 2.07525e-06
1672 3.09657e-06
1673 7.72792e-06
1674 7.03694e-06
1675 1.3451e-06
1676 9.85008e-07
1677 2.00722e-06
1678 7.41728e-06
1679 8.77242e-06
1680 2.97417e-06
1681 6.65694e-06
1682 1.35602e-05
1683 7.14238e-06
1684 2.80447e-06
1685 4.72448e-06
1686 4.076e-06
1687 5.49329e-06
1688 1.88685e-06
1689 4.77843e-06
1690 6.29083e-06
1691 4.69054e-06
1692 3.45225e-06
1693 2.51386e-06
1694 1.20606e-05
1695 5.88194e-06
1696 1.23333e-05
1697 6.18362e-06
1698 2.98125e-06
1699 2.35158e-06
1700 4.86844e-06
1701 2.49957e-06
1702 7.47521e-06
1703 1.00717e-05
1704 8.72965e-06
1705 8.02111e-06
1706 2.2049e-06
1707 3.08722e-06
1708 1.3486e-05
1709 6.81617e-06
1710 6.19195e-06
1711 3.5871e-06
1712 2.40945e-06
1713 5.34717e-06
1714 5.78472e-06
1715 2.00753e-06
1716 9.23111e-06
1717 8.48333e-06
1718 2.87835e-06
1719 2.13469e-06
1720 8.18603e-07
1721 1.04996e-06
1722 2.76925e-06
1723 2.04333e-06
1724 4.53358e-06
1725 5.26555e-06
1726 6.70603e-07
1727 1.85664e-06
1728 1.55256e-06
1729 1.2506e-06
1730 1.55961e-06
1731 7.87071e-07
1732 3.42477e-06
1733 4.76988e-06
1734 1.52534e-06
1735 1.74701e-06
1736 1.19438e-06
1737 5.19243e-06
1738 4.61588e-06
1739 2.5358e-06
1740 3.84484e-06
1741 4.6349e-06
1742 3.7329e-06
1743 2.5664e-06
1744 8.07278e-06
1745 5.7022e-06
1746 2.68217e-06
1747 6.84389e-06
1748 1.77193e-06
1749 2.61529e-06
1750 1.04293e-05
1751 5.85018e-06
1752 4.32221e-06
1753 2.77579e-06
1754 2.60532e-06
1755 8.12365e-06
1756 2.9769e-06
1757 1.94347e-06
1758 4.91175e-06
1759 6.44443e-06
1760 2.19433e-06
1761 1.03806e-05
1762 6.83143e-06
1763 3.1904e-06
1764 2.60374e-06
1765 1.38504e-05
1766 3.82372e-06
1767 5.51555e-06
1768 2.14126e-06
1769 4.86029e-06
1770 7.65733e-06
1771 3.09767e-06
1772 1.79179e-06
1773 1.4901e-06
1774 2.74106e-06
1775 1.00557e-05
1776 4.31193e-06
1777 3.16084e-06
1778 1.76616e-06
1779 4.33937e-06
1780 6.16928e-06
1781 3.94525e-06
1782 2.54088e-06
1783 7.58886e-06
1784 6.99302e-06
1785 3.1507e-06
1786 5.90351e-06
1787 1.84293e-06
1788 4.2713e-06
1789 5.68639e-06
1790 7.19344e-06
1791 8.62036e-06
1792 5.05128e-06
1793 2.54864e-06
1794 5.80336e-06
1795 6.41342e-06
1796 3.82637e-06
1797 9.77981e-06
1798 5.00437e-06
1799 2.35901e-06
1800 1.91815e-06
1801 4.60863e-06
1802 2.18493e-06
1803 6.77021e-06
1804 7.0999e-06
1805 6.612e-06
1806 3.49415e-06
1807 3.23818e-06
1808 1.4468e-06
1809 2.29089e-06
1810 3.92189e-07
1811 1.40784e-06
1812 9.33553e-07
1813 8.84953e-07
1814 3.62604e-06
1815 3.08399e-06
1816 2.44281e-06
1817 5.70754e-06
1818 3.55747e-06
1819 6.35958e-06
1820 4.15413e-06
1821 3.17967e-06
1822 3.19789e-06
1823 1.12033e-06
1824 1.15509e-06
1825 2.70695e-06
1826 6.98995e-06
1827 2.60098e-06
1828 3.02623e-06
1829 1.76914e-06
1830 5.78351e-06
1831 8.68496e-07
1832 2.40006e-06
1833 4.16348e-06
1834 3.27163e-06
1835 1.28818e-06
1836 5.83107e-07
1837 4.1704e-06
1838 3.9411e-06
1839 4.59929e-06
1840 1.1008e-05
1841 1.61105e-06
1842 2.42846e-06
1843 5.0212e-06
1844 2.48594e-06
1845 7.00969e-06
1846 2.54071e-06
1847 2.7968e-06
1848 2.67325e-06
1849 9.84624e-07
1850 2.06255e-06
1851 6.45107e-06
1852 2.06352e-06
1853 1.41794e-06
1854 6.84181e-06
1855 2.63543e-06
1856 1.57661e-06
1857 4.80091e-06
1858 4.0244e-06
1859 2.86871e-06
1860 1.99365e-06
1861 1.87415e-06
1862 3.76713e-06
1863 9.94499e-07
1864 6.07576e-07
1865 5.61929e-06
1866 8.646e-07
1867 6.44635e-07
1868 7.25663e-07
1869 4.22828e-06
1870 4.19975e-06
1871 2.67904e-06
1872 2.88825e-06
1873 3.49502e-06
1874 1.61046e-06
1875 2.95251e-06
1876 1.0656e-06
1877 3.60482e-06
1878 2.90179e-06
1879 2.73825e-06
1880 2.19412e-06
1881 8.88567e-06
1882 7.61047e-06
1883 4.97042e-06
1884 3.73894e-06
1885 1.32519e-06
1886 1.02438e-05
1887 3.66504e-06
1888 2.52349e-06
1889 6.18784e-06
1890 1.8958e-06
1891 3.12279e-06
1892 3.4295e-06
1893 3.68827e-06
1894 3.38977e-06
1895 5.93962e-06
1896 7.05996e-06
1897 9.73172e-06
1898 3.13179e-06
1899 1.35746e-06
1900 5.41177e-07
1901 1.81534e-06
1902 4.86608e-06
1903 4.39429e-06
1904 6.90721e-06
1905 1.275e-06
1906 2.07898e-06
1907 2.6111e-06
1908 2.06626e-06
1909 5.37726e-06
1910 1.43756e-05
1911 6.20934e-06
1912 7.21772e-06
1913 2.52843e-06
1914 2.48025e-06
1915 5.50464e-06
1916 4.53358e-06
1917 7.61804e-06
1918 2.11111e-06
1919 2.49228e-06
1920 5.44162e-06
1921 1.97505e-06
1922 2.90637e-06
1923 6.52972e-06
1924 4.93412e-07
1925 2.72026e-06
1926 1.0583e-05
1927 9.23238e-06
1928 2.37004e-06
1929 1.06794e-05
1930 3.40974e-06
1931 2.671e-06
1932 3.28024e-06
1933 6.87298e-06
1934 3.86151e-06
1935 1.27907e-06
1936 2.25977e-06
1937 1.05283e-06
1938 1.6027e-06
1939 1.43196e-06
1940 4.58707e-06
1941 3.70302e-06
1942 3.83446e-06
1943 5.65081e-07
1944 4.04389e-06
1945 3.32942e-06
1946 3.04666e-06
1947 1.65523e-06
1948 5.27746e-06
1949 6.01612e-07
1950 3.70884e-07
1951 2.81995e-06
1952 9.71181e-07
1953 2.38182e-06
1954 2.28766e-06
1955 5.62216e-06
1956 2.61861e-06
1957 4.83411e-06
1958 3.48167e-06
1959 1.52236e-06
1960 8.22825e-07
1961 2.0478e-06
1962 1.50499e-06
1963 4.95351e-06
1964 6.64694e-06
1965 6.16672e-06
1966 5.18497e-06
1967 2.0535e-06
1968 3.34581e-06
1969 2.23108e-06
1970 1.00349e-06
1971 2.50015e-06
1972 2.28173e-06
1973 6.62663e-06
1974 5.87893e-06
1975 2.17485e-06
1976 2.92667e-06
1977 1.07906e-05
1978 7.4306e-06
1979 7.31476e-06
1980 3.98609e-06
1981 7.29105e-06
1982 2.82928e-06
1983 4.88899e-06
1984 7.00338e-06
1985 1.55861e-06
1986 8.35984e-06
1987 4.18921e-06
1988 4.48335e-06
1989 4.55006e-06
1990 2.91162e-06
1991 1.86546e-06
1992 9.50679e-06
1993 2.54957e-06
1994 1.14229e-06
1995 1.50112e-06
1996 1.22218e-06
1997 5.85928e-06
1998 2.24058e-07
1999 1.4912e-07
2000 4.85676e-06
2001 1.75398e-06
2002 4.15081e-06
2003 3.33068e-06
2004 5.68407e-06
2005 2.20147e-06
2006 3.23071e-06
2007 1.76639e-06
2008 8.04924e-06
2009 7.67099e-06
2010 1.11986e-05
2011 9.45898e-06
2012 6.79635e-06
2013 3.70249e-06
2014 1.51157e-06
2015 2.9327e-06
2016 4.89516e-06
2017 1.19391e-06
2018 2.57665e-06
2019 2.66186e-06
2020 5.6567e-06
2021 5.5463e-06
2022 1.62478e-06
2023 6.04608e-07
2024 8.80052e-07
2025 4.15534e-06
2026 2.3216e-06
2027 5.02705e-06
2028 1.28953e-05
2029 4.23612e-06
2030 2.2504e-06
2031 3.55315e-06
2032 1.03752e-06
2033 2.95219e-06
2034 6.20549e-06
2035 3.37904e-06
2036 2.15951e-06
2037 4.85815e-07
2038 6.83271e-06
2039 1.79938e-06
2040 3.14286e-06
2041 3.39313e-06
2042 2.9045e-06
2043 5.29481e-06
2044 1.19415e-06
2045 9.5315e-07
2046 2.41191e-06
2047 2.85981e-06
2048 1.12951e-06
2049 4.97171e-06
2050 8.946e-07
2051 9.20769e-07
2052 2.60375e-06
2053 2.35378e-06
2054 2.4405e-06
2055 4.9682e-07
2056 6.03638e-07
2057 4.1983e-06
2058 2.54297e-06
2059 3.2948e-06
2060 7.8296e-06
2061 3.11283e-06
2062 1.95182e-06
2063 6.09042e-06
2064 5.92648e-06
2065 1.1852e-06
2066 3.29785e-07
2067 2.49335e-06
2068 3.40234e-06
2069 5.59614e-06
2070 6.50987e-06
2071 5.16507e-06
2072 6.3254e-06
2073 2.22096e-06
2074 7.24946e-07
2075 2.15149e-06
2076 4.30215e-06
2077 3.31839e-07
2078 1.12276e-06
2079 6.47153e-06
2080 4.48684e-06
2081 6.25974e-06
2082 2.97784e-06
2083 2.47396e-06
2084 4.17703e-06
2085 4.87648e-06
2086 1.13795e-05
2087 3.15117e-06
2088 5.26163e-06
2089 3.10913e-06
2090 2.42205e-06
2091 2.75488e-06
2092 1.96627e-06
2093 3.48005e-06
2094 2.74131e-07
2095 2.8334e-06
2096 2.13744e-06
2097 2.82636e-06
2098 1.10311e-06
2099 2.30478e-06
2100 1.36722e-06
2101 2.11314e-07
2102 1.36266e-06
2103 1.19964e-06
2104 4.78322e-07
2105 4.31852e-07
2106 3.14585e-07
2107 1.59776e-06
2108 1.51121e-06
2109 7.81046e-07
2110 4.93972e-06
2111 2.21294e-06
2112 9.00072e-06
2113 3.75837e-06
2114 1.39038e-06
2115 2.51782e-06
2116 2.15347e-06
2117 3.06715e-06
2118 9.26364e-07
2119 5.91481e-06
2120 2.40781e-06
2121 1.42562e-06
2122 2.01344e-07
2123 2.26019e-06
2124 2.21645e-06
2125 5.27372e-06
2126 2.12975e-06
2127 5.47143e-06
2128 4.72845e-06
2129 1.35064e-06
2130 9.29988e-07
2131 1.12824e-06
2132 4.43832e-06
2133 1.6668e-06
2134 4.11595e-06
2135 7.56914e-06
2136 1.45501e-06
2137 6.03688e-06
2138 2.51872e-07
2139 2.45891e-06
2140 7.41862e-07
2141 4.13865e-07
2142 1.20851e-06
2143 4.71604e-06
2144 1.69979e-06
2145 2.22332e-06
2146 2.75283e-06
2147 2.53506e-06
2148 1.14839e-06
2149 1.16052e-06
2150 1.55853e-06
2151 3.06908e-06
2152 5.26312e-06
2153 1.76772e-06
2154 7.41668e-06
2155 4.17516e-06
2156 1.27299e-06
2157 4.02109e-07
2158 1.87193e-06
2159 2.85854e-06
2160 1.05199e-06
2161 3.79488e-07
2162 4.01601e-07
2163 1.59973e-06
2164 2.16359e-06
2165 1.19453e-06
2166 1.32464e-06
2167 1.69823e-06
2168 3.29917e-06
2169 9.18232e-06
2170 9.41444e-06
2171 2.91109e-06
2172 1.2738e-06
2173 4.78383e-06
2174 2.47528e-06
2175 2.25449e-06
2176 5.21003e-06
2177 3.6719e-07
2178 2.34639e-07
2179 3.10835e-07
2180 2.23074e-06
2181 3.66914e-06
2182 5.73817e-06
2183 6.70642e-07
2184 2.26049e-06
2185 4.27601e-06
2186 2.36685e-06
2187 1.94741e-06
2188 2.53417e-06
2189 4.00077e-06
2190 7.58163e-07
2191 1.13347e-06
2192 5.5495e-07
2193 1.58917e-07
2194 1.68368e-06
2195 8.38207e-07
2196 2.04423e-06
2197 1.00867e-06
2198 1.03123e-06
2199 1.32179e-07
2200 6.73722e-07
2201 4.87708e-06
2202 9.50502e-07
2203 3.46754e-06
2204 5.1428e-06
2205 4.93094e-06
2206 5.48279e-06
2207 1.16266e-06
2208 3.81846e-06
2209 5.66876e-06
2210 6.43269e-06
2211 5.88159e-06
2212 5.17353e-06
2213 2.42877e-06
2214 2.75206e-06
2215 2.15116e-06
2216 4.54374e-06
2217 1.92009e-06
2218 3.48442e-06
2219 2.00466e-06
2220 2.34317e-06
2221 1.4584e-06
2222 7.79951e-07
2223 6.00644e-06
2224 4.22876e-06
2225 8.45867e-06
2226 3.47365e-06
2227 4.23634e-06
2228 6.01168e-06
2229 4.82865e-06
2230 5.19613e-06
2231 5.31738e-06
2232 2.37667e-06
2233 3.92954e-06
2234 1.19793e-06
2235 5.63073e-07
2236 1.81811e-06
2237 2.63015e-06
2238 7.26221e-06
2239 1.34195e-06
2240 7.18889e-06
2241 1.61757e-06
2242 6.46287e-06
2243 3.09655e-06
2244 7.65776e-07
2245 8.15476e-07
2246 6.31754e-06
2247 6.28163e-06
2248 5.73969e-06
2249 6.42748e-07
2250 4.74849e-06
2251 2.63511e-06
2252 4.5679e-06
2253 1.48186e-06
2254 3.1464e-06
2255 9.99404e-06
2256 4.34368e-06
2257 3.35208e-06
2258 7.29251e-07
2259 3.24274e-06
2260 9.29248e-07
2261 2.4815e-06
2262 2.46067e-06
2263 2.35584e-06
2264 5.77698e-06
2265 2.02044e-06
2266 1.3029e-06
2267 4.08116e-07
2268 1.55135e-06
2269 2.42516e-06
2270 1.78641e-06
2271 2.13233e-06
2272 1.46247e-06
2273 3.35339e-06
2274 2.94775e-06
2275 3.72494e-06
2276 3.41985e-06
2277 1.54993e-06
2278 1.41203e-06
2279 5.18223e-06
2280 2.26324e-06
2281 2.94432e-06
2282 5.83213e-07
2283 2.03241e-06
2284 2.37694e-06
2285 1.18543e-06
2286 4.63365e-06
2287 5.38616e-06
2288 1.43963e-06
2289 2.08479e-06
2290 7.19273e-07
2291 1.12069e-06
2292 1.4934e-06
2293 4.47342e-06
2294 2.40951e-06
2295 4.61051e-06
2296 4.66614e-06
2297 1.61427e-06
2298 2.89372e-06
2299 2.69425e-06
2300 5.10931e-06
2301 3.35892e-06
2302 1.2522e-06
2303 1.00238e-06
2304 8.12001e-07
2305 7.70781e-07
2306 3.68522e-06
2307 5.49105e-06
2308 6.05453e-07
2309 6.32031e-07
2310 8.51485e-07
2311 1.06587e-06
2312 2.37395e-06
2313 4.6983e-06
2314 1.14617e-06
2315 9.40006e-07
2316 4.66989e-07
2317 4.20659e-06
2318 1.5939e-06
2319 9.00647e-06
2320 2.13939e-06
2321 1.75814e-06
2322 1.76874e-06
2323 2.43975e-06
2324 3.47998e-06
2325 2.81149e-06
2326 3.01218e-06
2327 1.49236e-06
2328 1.2072e-06
2329 8.07417e-07
2330 3.57693e-07
2331 4.19399e-06
2332 3.23294e-06
2333 7.39653e-06
2334 7.04923e-06
2335 6.75215e-06
2336 1.59337e-06
2337 6.76472e-07
2338 1.9343e-06
2339 8.73653e-07
2340 5.82503e-06
2341 3.08145e-07
2342 1.32984e-06
2343 8.03885e-07
2344 1.1268e-06
2345 2.761e-07
2346 4.20481e-06
2347 1.69711e-06
2348 6.28038e-07
2349 2.44805e-06
2350 7.28698e-06
2351 5.89531e-06
2352 1.57372e-06
2353 2.33217e-06
2354 6.11113e-07
2355 5.83786e-07
2356 4.06531e-06
2357 1.83767e-06
2358 1.13526e-06
2359 5.19928e-07
2360 9.16098e-07
2361 4.35046e-06
2362 2.16981e-06
2363 7.44448e-07
2364 3.88872e-07
2365 1.23191e-07
2366 7.62827e-07
2367 4.59031e-07
2368 4.50947e-06
2369 1.91918e-06
2370 2.64508e-06
2371 1.96854e-06
2372 2.97662e-06
2373 1.68716e-06
2374 6.27337e-07
2375 1.97884e-06
2376 1.11043e-06
2377 2.25494e-07
2378 2.22546e-07
2379 4.06867e-06
2380 2.06191e-06
2381 1.17011e-05
2382 1.46211e-06
2383 1.79415e-06
2384 8.62853e-07
2385 6.34069e-06
2386 4.54905e-06
2387 2.22565e-06
2388 5.14969e-07
2389 2.69347e-07
2390 2.21384e-06
2391 2.02151e-06
2392 2.14293e-06
2393 4.36251e-06
2394 4.70314e-06
2395 2.61264e-06
2396 1.61406e-06
2397 6.19971e-07
2398 9.87044e-06
2399 3.74604e-06
2400 1.9733e-06
2401 3.65963e-06
2402 1.99087e-06
2403 5.2954e-06
2404 2.18935e-06
2405 2.58807e-06
2406 2.61905e-06
2407 2.30018e-06
2408 3.66792e-07
2409 4.71858e-07
2410 2.83606e-07
2411 1.14566e-07
2412 2.13641e-06
2413 7.52925e-07
2414 8.31557e-06
2415 6.11411e-06
2416 1.45359e-06
2417 2.58504e-06
2418 5.68806e-06
2419 4.06167e-06
2420 3.44719e-06
2421 1.2997e-06
2422 8.82073e-07
2423 7.21559e-07
2424 2.32377e-07
2425 7.91321e-07
2426 6.8704e-06
2427 2.55076e-06
2428 1.46172e-06
2429 1.8775e-07
2430 2.01736e-06
2431 6.71899e-07
2432 6.36345e-07
2433 1.78414e-06
2434 9.85651e-08
2435 2.27669e-06
2436 1.15924e-06
2437 4.66405e-07
2438 7.63701e-07
2439 1.78767e-06
2440 7.38645e-07
2441 9.11118e-07
2442 9.84382e-07
2443 4.90883e-06
2444 2.20451e-06
2445 1.67025e-06
2446 2.7318e-07
2447 1.17716e-07
2448 1.70428e-06
2449 2.9075e-06
2450 5.97766e-07
2451 4.9174e-06
2452 2.41048e-06
2453 2.13062e-07
2454 6.56346e-07
2455 8.88911e-07
2456 4.62085e-06
2457 4.66544e-07
2458 9.00736e-07
2459 9.91832e-07
2460 3.75386e-06
2461 7.78605e-07
2462 3.42821e-07
2463 3.10522e-06
2464 5.16511e-06
2465 2.61199e-06
2466 9.55079e-07
2467 1.53169e-06
2468 6.3133e-07
2469 2.11278e-07
2470 3.43144e-07
2471 4.33336e-07
2472 2.27883e-06
2473 1.38676e-06
2474 6.12537e-07
2475 2.47569e-07
2476 1.64849e-06
2477 1.41821e-06
2478 5.90753e-07
2479 4.30563e-06
2480 1.32564e-06
2481 4.85234e-06
2482 1.78973e-06
2483 1.0171e-06
2484 2.61466e-07
2485 9.70369e-07
2486 8.87442e-07
2487 4.62131e-06
2488 4.91925e-06
2489 2.84892e-06
2490 1.38484e-06
2491 2.08683e-06
2492 4.73893e-06
2493 2.15543e-06
2494 5.35092e-07
2495 2.65133e-06
2496 9.43313e-07
2497 1.00939e-06
2498 1.90936e-06
2499 4.37752e-06
2500 7.11593e-07
2501 4.81401e-06
2502 7.11415e-06
2503 3.18759e-06
2504 3.41662e-07
2505 4.77595e-06
2506 2.5416e-07
2507 1.51537e-07
2508 2.28494e-06
2509 6.44867e-06
2510 8.58838e-06
2511 2.83825e-06
2512 3.12034e-06
2513 2.40616e-06
2514 2.10026e-06
2515 4.81058e-06
2516 1.90548e-06
2517 5.08002e-06
2518 1.18133e-06
2519 1.36318e-05
2520 1.88874e-06
2521 3.08427e-06
2522 5.48232e-06
2523 1.95746e-06
2524 3.17997e-06
2525 1.34608e-06
2526 4.24399e-06
2527 3.34712e-06
2528 1.29846e-06
2529 8.51923e-07
2530 4.39109e-06
2531 3.11041e-06
2532 1.11311e-06
2533 4.46569e-06
2534 4.08078e-07
2535 5.72114e-06
2536 8.01184e-07
2537 8.39591e-06
2538 4.30649e-06
2539 3.05964e-06
2540 1.52247e-06
2541 1.48877e-06
2542 2.32976e-06
2543 2.31593e-06
2544 1.80077e-06
2545 1.83033e-06
2546 1.46803e-06
2547 2.51695e-06
2548 1.61832e-06
2549 5.84966e-07
2550 7.42033e-07
2551 1.52579e-06
2552 1.05117e-06
2553 4.23835e-07
2554 1.23145e-06
2555 1.8873e-06
2556 2.74204e-06
2557 1.01166e-06
2558 2.5641e-06
2559 2.55839e-06
2560 4.22984e-07
2561 9.14616e-07
2562 7.23888e-07
2563 4.39203e-07
2564 1.56236e-06
2565 2.22524e-06
2566 5.25991e-07
2567 3.33742e-06
2568 3.26991e-06
2569 4.87238e-06
2570 1.47433e-06
2571 1.8142e-06
2572 7.44044e-07
2573 1.93157e-06
2574 4.71972e-06
2575 2.06662e-06
2576 1.64565e-06
2577 5.9705e-07
2578 4.12508e-06
2579 2.19041e-06
2580 2.36482e-06
2581 1.27141e-06
2582 8.11465e-07
2583 1.93675e-06
2584 8.72215e-07
2585 1.46421e-06
2586 1.33277e-06
2587 9.68277e-07
2588 3.52396e-07
2589 1.85449e-07
2590 2.63454e-07
2591 2.26827e-06
2592 8.31289e-07
2593 3.21747e-07
2594 1.1233e-06
2595 2.35284e-07
2596 2.26084e-06
2597 1.01468e-06
2598 3.71089e-07
2599 4.62204e-06
2600 4.9275e-06
2601 2.94964e-06
2602 1.68577e-06
2603 2.50741e-06
2604 4.78114e-06
2605 1.90599e-06
2606 8.70887e-07
2607 1.13783e-07
2608 8.50451e-08
2609 3.02164e-07
2610 4.6155e-06
2611 1.529e-06
2612 1.8863e-06
2613 2.18112e-06
2614 7.78666e-08
2615 2.96529e-06
2616 1.24306e-06
2617 7.00894e-07
2618 1.841e-06
2619 9.21895e-07
2620 9.03789e-07
2621 8.60895e-07
2622 1.32245e-06
2623 4.47226e-07
2624 3.6529e-07
2625 3.48576e-07
2626 4.68426e-06
2627 3.64913e-06
2628 1.77412e-06
2629 5.4047e-06
2630 1.21073e-06
2631 1.86353e-06
2632 1.4995e-06
2633 1.05392e-06
2634 3.142e-07
2635 6.26276e-07
2636 2.46341e-07
2637 1.40276e-07
2638 3.22776e-07
2639 4.60625e-08
2640 4.04127e-06
2641 5.94436e-07
2642 4.70514e-07
2643 2.17812e-06
2644 4.32362e-06
2645 6.17113e-08
2646 1.71712e-08
2647 7.60069e-06
2648 1.37252e-06
2649 3.79248e-06
2650 1.62021e-06
2651 1.4324e-06
2652 5.20837e-06
2653 1.93681e-06
2654 7.37855e-07
2655 1.09706e-06
2656 1.1486e-06
2657 9.89688e-06
2658 8.60138e-07
2659 2.51925e-06
2660 8.05478e-07
2661 5.81453e-06
2662 6.82765e-06
2663 3.57759e-06
2664 2.69299e-06
2665 1.06441e-06
2666 6.64929e-07
2667 4.72353e-06
2668 2.20799e-06
2669 3.03405e-07
2670 9.10698e-08
2671 4.09808e-06
2672 9.87485e-08
2673 5.86439e-07
2674 6.33087e-07
2675 1.18477e-07
2676 3.00789e-07
2677 4.06433e-07
2678 6.29998e-07
2679 4.32968e-07
2680 3.46347e-07
2681 5.70044e-06
2682 2.49659e-06
2683 2.45919e-06
2684 6.89146e-08
2685 3.1852e-06
2686 2.09065e-06
2687 2.39298e-06
2688 1.31493e-06
2689 1.86744e-06
2690 8.34075e-07
2691 4.78655e-06
2692 1.46396e-06
2693 2.32118e-06
2694 2.68459e-06
2695 1.04145e-06
2696 6.98707e-07
2697 7.23482e-07
2698 4.77577e-07
2699 1.85021e-06
2700 1.15363e-06
2701 6.00746e-07
2702 1.30762e-07
2703 1.61538e-06
2704 5.9738e-07
2705 3.83203e-07
2706 9.70911e-07
2707 4.89958e-07
2708 4.25241e-06
2709 5.75071e-06
2710 5.16747e-06
2711 1.38436e-06
2712 3.24163e-07
2713 9.0308e-07
2714 3.48664e-07
2715 1.7443e-06
2716 2.73528e-06
2717 1.03187e-06
2718 1.18141e-06
2719 6.39385e-07
2720 1.63252e-06
2721 9.13567e-07
2722 2.10863e-06
2723 5.02308e-06
2724 3.35029e-06
2725 1.91449e-06
2726 8.63165e-07
2727 2.46282e-06
2728 1.98054e-06
2729 6.95457e-07
2730 4.83032e-07
2731 4.81322e-06
2732 4.31229e-06
2733 2.15915e-06
2734 2.47344e-06
2735 8.94902e-07
2736 9.52009e-07
2737 1.2804e-06
2738 2.59203e-07
2739 1.96043e-06
2740 7.25837e-07
2741 8.50943e-07
2742 1.94392e-06
2743 2.00668e-06
2744 4.68276e-07
2745 1.66074e-07
2746 6.95867e-07
2747 1.00019e-06
2748 5.2417e-07
2749 1.84409e-07
2750 1.50581e-06
2751 5.30577e-06
2752 9.49466e-07
2753 2.22544e-06
2754 8.73374e-07
2755 1.90727e-06
2756 7.79119e-07
2757 1.09268e-07
2758 3.55835e-08
2759 9.41082e-07
2760 3.10357e-07
2761 1.7287e-07
2762 9.87688e-08
2763 1.36224e-07
2764 1.49763e-06
2765 1.0501e-07
2766 2.33875e-06
2767 6.04623e-06
2768 1.97501e-06
2769 1.16807e-06
2770 8.148e-07
2771 4.92569e-07
2772 5.0026e-06
2773 3.81895e-06
2774 6.6425e-06
2775 4.10956e-06
2776 1.82764e-06
2777 2.07808e-06
2778 1.09913e-06
2779 4.08328e-06
2780 1.33348e-06
2781 6.41232e-07
2782 2.50808e-07
2783 1.70012e-06
2784 1.01756e-06
2785 1.06321e-06
2786 1.33789e-06
2787 5.54923e-07
2788 4.22177e-06
2789 4.6152e-06
2790 4.33228e-06
2791 1.58267e-06
2792 6.55194e-07
2793 6.71428e-06
2794 2.235e-06
2795 3.52939e-07
2796 8.29358e-07
2797 6.10755e-07
2798 3.6247e-06
2799 2.09635e-06
2800 7.66711e-07
2801 1.07944e-06
2802 8.47948e-07
2803 5.08064e-07
2804 7.55639e-07
2805 1.0902e-07
2806 5.02721e-08
2807 2.44834e-07
2808 4.01825e-06
2809 1.98063e-06
2810 2.06176e-06
2811 2.64615e-06
2812 1.13382e-06
2813 6.29082e-07
2814 2.09516e-07
2815 4.15419e-06
2816 1.62362e-06
2817 8.99674e-07
2818 4.83548e-06
2819 2.27061e-06
2820 1.13951e-06
2821 6.157e-06
2822 3.64563e-06
2823 1.57523e-06
2824 1.24784e-06
2825 1.87758e-06
2826 2.77332e-06
2827 5.04666e-06
2828 2.49309e-06
2829 4.57033e-06
2830 1.84872e-07
2831 1.57746e-06
2832 6.10978e-07
2833 8.17e-07
2834 7.34718e-06
2835 2.68544e-06
2836 1.08993e-06
2837 2.49174e-06
2838 8.4354e-07
2839 1.44837e-07
2840 5.16152e-07
2841 1.21155e-07
2842 2.53764e-07
2843 5.5697e-06
2844 7.57709e-07
2845 2.44489e-07
2846 7.06295e-07
2847 6.05453e-07
2848 7.74553e-06
2849 2.50425e-06
2850 2.9394e-06
2851 2.04217e-06
2852 2.02644e-06
2853 2.78346e-06
2854 1.42071e-06
2855 5.89526e-07
2856 2.08855e-07
2857 4.05389e-06
2858 6.18244e-06
2859 1.02471e-05
2860 2.4677e-06
2861 2.3802e-06
2862 2.60222e-07
2863 2.13342e-06
2864 6.40689e-06
2865 2.15186e-06
2866 1.2729e-06
2867 3.14546e-07
2868 1.84277e-07
2869 1.18896e-07
2870 6.65783e-08
2871 1.52583e-07
2872 1.31746e-07
2873 2.39955e-06
2874 8.82445e-07
2875 2.42028e-07
2876 1.58668e-06
2877 4.89531e-06
2878 5.92073e-06
2879 2.19904e-06
2880 4.60702e-06
2881 2.05954e-06
2882 2.46541e-06
2883 2.58355e-06
2884 8.77404e-07
2885 8.66896e-07
2886 3.83353e-07
2887 2.32446e-06
2888 3.87288e-07
2889 2.12871e-06
2890 2.9017e-06
2891 8.42788e-07
2892 3.52622e-07
2893 1.77841e-06
2894 5.90435e-07
2895 3.36218e-07
2896 3.25297e-07
2897 1.05631e-06
2898 1.52569e-06
2899 7.34116e-07
2900 1.57572e-07
2901 3.17159e-07
2902 1.69944e-07
2903 1.60722e-06
2904 6.99133e-07
2905 8.10088e-07
2906 3.95145e-07
2907 4.0416e-06
2908 3.30988e-08
2909 1.52086e-06
2910 5.67404e-07
2911 4.12059e-07
2912 1.63317e-07
2913 8.50288e-07
2914 1.98534e-07
2915 9.78948e-07
2916 1.74879e-06
2917 1.44185e-06
2918 7.26462e-07
2919 2.50288e-07
2920 1.90737e-06
2921 9.03009e-07
2922 4.73434e-06
2923 1.72697e-06
2924 1.26481e-06
2925 1.08438e-06
2926 5.94578e-06
2927 7.28645e-07
2928 3.21988e-06
2929 1.85271e-06
2930 5.77041e-07
2931 4.79312e-06
2932 1.18047e-06
2933 4.54678e-07
2934 1.8271e-06
2935 1.91854e-06
2936 2.69547e-06
2937 9.55471e-07
2938 8.71675e-07
2939 5.82075e-07
2940 2.87788e-07
2941 1.65449e-07
2942 6.44684e-07
2943 1.35427e-06
2944 1.06622e-06
2945 4.31281e-06
2946 2.01198e-07
2947 1.58249e-07
2948 4.10221e-06
2949 1.59169e-06
2950 4.0507e-06
2951 1.58266e-06
2952 2.08603e-06
2953 1.77199e-06
2954 1.25779e-06
2955 3.36082e-06
2956 7.60624e-07
2957 1.00334e-06
2958 9.25487e-07
2959 4.42752e-08
2960 3.1652e-07
2961 4.2813e-08
2962 9.07591e-08
2963 6.05521e-07
2964 2.26536e-06
2965 2.1543e-06
2966 8.10177e-07
2967 2.27141e-06
2968 3.81251e-07
2969 3.08461e-07
2970 4.10881e-06
2971 6.13335e-06
2972 4.33099e-07
2973 1.83706e-06
2974 4.3908e-06
2975 2.24451e-06
2976 1.35198e-06
2977 9.09724e-07
2978 4.52394e-07
2979 4.38084e-06
2980 1.68318e-06
2981 1.53577e-07
2982 3.11285e-06
2983 1.3797e-06
2984 5.16367e-07
2985 3.67244e-06
2986 5.55396e-06
2987 6.41222e-06
2988 1.34777e-06
2989 1.74026e-06
2990 2.53533e-06
2991 1.92925e-06
2992 1.20892e-06
2993 7.55933e-07
2994 1.68062e-06
2995 2.16248e-06
2996 1.07042e-06
2997 5.54692e-07
2998 3.92895e-07
2999 9.23357e-07
3000 1.91536e-07
3001 3.78019e-06
3002 7.35483e-07
3003 2.07155e-06
3004 3.70298e-06
3005 6.51797e-07
3006 1.36438e-06
3007 2.89437e-07
3008 4.21196e-06
3009 1.62477e-06
3010 5.04505e-06
3011 4.06131e-06
3012 3.09239e-06
3013 1.59936e-06
3014 4.51552e-07
3015 4.62968e-07
3016 5.18497e-08
3017 4.59052e-06
3018 3.38257e-07
3019 1.19106e-06
3020 8.29062e-07
3021 1.77734e-06
3022 8.40853e-07
3023 2.8808e-07
3024 4.40439e-06
3025 5.76999e-07
3026 4.05963e-06
3027 4.50971e-06
3028 7.42808e-07
3029 5.37512e-06
3030 4.36115e-06
3031 1.73701e-06
3032 5.73967e-07
3033 2.40215e-06
3034 6.81829e-07
3035 3.57822e-07
3036 4.19612e-06
3037 7.39735e-06
3038 6.72985e-07
3039 8.52877e-07
3040 2.34602e-07
3041 6.13988e-07
3042 1.71164e-06
3043 4.98147e-06
3044 1.49955e-06
3045 1.19726e-06
3046 8.31392e-07
3047 1.79363e-06
3048 2.24385e-06
3049 1.55227e-06
3050 2.69169e-06
3051 1.70868e-07
3052 6.16045e-07
3053 3.36122e-07
3054 1.68134e-06
3055 3.68704e-07
3056 1.6843e-06
3057 2.09934e-06
3058 1.71146e-06
3059 2.70131e-06
3060 1.66589e-06
3061 4.42824e-07
3062 1.29064e-06
3063 3.21716e-07
3064 8.78604e-07
3065 8.98756e-07
3066 4.75916e-07
3067 6.54317e-07
3068 2.30205e-06
3069 2.77482e-07
3070 1.91898e-07
3071 1.97717e-06
3072 1.50455e-06
3073 4.55599e-06
3074 2.80175e-07
3075 3.39508e-07
3076 3.73876e-07
3077 4.36479e-06
3078 2.2172e-06
3079 1.79254e-06
3080 2.80025e-07
3081 2.96844e-07
3082 1.57878e-06
3083 2.77475e-06
3084 2.49185e-06
3085 6.53948e-07
3086 2.27009e-06
3087 9.35902e-07
3088 1.81408e-06
3089 4.97508e-06
3090 8.62891e-07
3091 1.97283e-06
3092 4.46755e-06
3093 3.07845e-06
3094 7.4976e-07
3095 1.38796e-06
3096 1.36138e-06
3097 4.52706e-07
3098 3.18859e-07
3099 7.78484e-07
3100 5.98218e-07
3101 2.25539e-06
3102 1.76699e-06
3103 2.06691e-06
3104 4.5359e-07
3105 1.26489e-06
3106 7.6376e-07
3107 1.78555e-06
3108 8.02493e-07
3109 9.76697e-07
3110 8.52131e-07
3111 2.95014e-07
3112 3.53422e-06
3113 2.25307e-06
3114 3.38274e-06
3115 4.88115e-06
3116 5.07993e-06
3117 3.02754e-06
3118 5.21218e-07
3119 9.99442e-07
3120 4.59544e-06
3121 4.3052e-07
3122 6.30069e-07
3123 3.28129e-07
3124 6.45209e-08
3125 1.61766e-06
3126 1.54501e-06
3127 2.19292e-07
3128 1.43655e-06
3129 8.12041e-07
3130 1.44438e-06
3131 1.92573e-06
3132 1.17073e-06
3133 8.92831e-07
3134 1.64334e-06
3135 2.61226e-06
3136 4.963e-06
3137 1.67187e-06
3138 7.72591e-07
3139 4.2859e-06
3140 5.82883e-06
3141 2.24644e-06
3142 8.28306e-07
3143 5.31801e-06
3144 2.16403e-06
3145 2.63295e-06
3146 2.25677e-06
3147 1.65395e-06
3148 5.11282e-07
3149 2.89957e-07
3150 1.56493e-06
3151 1.11258e-06
3152 2.58697e-07
3153 5.56996e-07
3154 3.26732e-07
3155 4.46882e-06
3156 5.03839e-07
3157 5.31826e-07
3158 1.76344e-06
3159 2.10111e-06
3160 4.10062e-07
3161 2.17427e-06
3162 3.40691e-07
3163 2.68583e-06
3164 8.06717e-07
3165 5.01277e-07
3166 1.58472e-06
3167 5.86589e-07
3168 4.21628e-06
3169 5.63227e-06
3170 5.84714e-07
3171 9.27295e-08
3172 2.20127e-07
3173 5.89172e-07
3174 5.39982e-06
3175 3.28485e-06
3176 1.21921e-06
3177 8.37845e-07
3178 3.13167e-07
3179 2.16211e-06
3180 4.82543e-07
3181 2.9635e-07
3182 1.58874e-07
3183 4.25551e-08
3184 8.33442e-07
3185 1.06072e-06
3186 1.85483e-06
3187 5.63132e-07
3188 1.4804e-06
3189 2.57447e-06
3190 7.72205e-07
3191 3.6319e-07
3192 8.88974e-07
3193 1.48842e-07
3194 2.35511e-06
3195 4.37703e-06
3196 1.68331e-06
3197 2.41146e-06
3198 6.52286e-07
3199 3.41105e-06
3200 8.86279e-07
3201 6.09557e-08
3202 2.02759e-06
3203 9.54785e-07
3204 1.53543e-07
3205 6.4812e-07
3206 3.31381e-07
3207 1.0783e-07
3208 6.7285e-08
3209 1.48958e-08
3210 4.28515e-06
3211 7.10423e-06
3212 2.27467e-06
3213 8.42167e-07
3214 3.16835e-07
3215 1.88299e-06
3216 1.611e-06
3217 7.93489e-08
3218 2.07617e-06
3219 7.61326e-07
3220 6.2405e-07
3221 7.84722e-07
3222 4.35365e-06
3223 1.73439e-06
3224 2.23156e-06
3225 6.9672e-07
3226 3.20732e-07
3227 4.70176e-08
3228 1.05252e-07
3229 4.40841e-08
3230 8.73784e-08
3231 8.01637e-08
3232 1.53574e-08
3233 5.79784e-07
3234 4.83347e-07
3235 1.09467e-07
3236 4.16134e-08
3237 8.37393e-07
3238 5.21658e-07
3239 8.84194e-07
3240 3.57669e-07
3241 7.86624e-07
3242 3.26389e-06
3243 6.67621e-07
3244 1.63576e-06
3245 4.40371e-06
3246 4.11948e-06
3247 2.24095e-06
3248 1.39365e-06
3249 8.47905e-07
3250 5.57709e-07
3251 2.25939e-07
3252 3.3317e-07
3253 2.44458e-07
3254 7.03531e-07
3255 1.3623e-07
3256 8.56902e-08
3257 6.33185e-07
3258 1.98574e-07
3259 4.72021e-08
3260 2.56904e-07
3261 1.20529e-07
3262 2.34819e-07
3263 6.55505e-07
3264 6.57038e-07
3265 5.06897e-07
3266 2.13295e-06
3267 6.04444e-07
3268 2.96326e-07
3269 4.73978e-06
3270 4.47572e-07
3271 2.06111e-07
3272 6.55252e-08
3273 1.56739e-06
3274 2.14119e-07
3275 5.58164e-06
3276 2.12643e-06
3277 2.44749e-06
3278 3.32911e-06
3279 1.22421e-06
3280 1.78633e-06
3281 1.74233e-06
3282 2.10244e-06
3283 2.3137e-06
3284 8.96889e-07
3285 1.57348e-07
3286 6.92629e-07
3287 2.43865e-06
3288 1.25964e-06
3289 5.04348e-06
3290 3.36106e-06
3291 4.67394e-06
3292 2.34389e-06
3293 2.44444e-06
3294 3.90545e-07
3295 2.62e-06
3296 9.57662e-07
3297 7.35147e-07
3298 4.24158e-06
3299 8.60555e-06
3300 3.70833e-06
3301 2.36815e-06
3302 4.63327e-06
3303 1.54074e-06
3304 2.0919e-06
3305 3.06419e-07
3306 5.23806e-06
3307 2.03376e-06
3308 8.96459e-07
3309 1.06001e-06
3310 5.35731e-07
3311 2.40986e-06
3312 8.40326e-07
3313 3.10409e-07
3314 6.85506e-07
3315 9.08233e-08
3316 4.09025e-06
3317 2.99562e-06
3318 7.86204e-07
3319 4.86271e-06
3320 6.36721e-06
3321 5.81012e-06
3322 2.06796e-07
3323 3.78663e-06
3324 6.76793e-07
3325 2.73494e-07
3326 6.49308e-07
3327 1.55439e-06
3328 7.9495e-07
3329 3.33615e-06
3330 1.19905e-06
3331 3.73848e-07
3332 4.09751e-06
3333 1.7056e-06
3334 7.07842e-07
3335 1.9347e-06
3336 2.71856e-06
3337 1.36874e-06
3338 5.58066e-07
3339 3.92907e-07
3340 6.783e-07
3341 1.53458e-06
3342 3.03536e-08
3343 8.46252e-07
3344 4.40721e-06
3345 5.54721e-06
3346 5.06843e-06
3347 2.38927e-06
3348 2.89391e-06
3349 4.88783e-06
3350 3.99166e-07
3351 1.69989e-06
3352 2.52186e-06
3353 2.66857e-06
3354 9.87383e-07
3355 1.46805e-06
3356 7.91202e-07
3357 8.37852e-07
3358 5.28212e-07
3359 2.07469e-07
3360 6.26091e-08
3361 2.35369e-07
3362 8.54851e-07
3363 1.05762e-06
3364 4.96363e-07
3365 2.85629e-07
3366 2.53244e-07
3367 5.93025e-07
3368 5.47428e-08
3369 2.02773e-07
3370 1.78027e-06
3371 6.22357e-07
3372 4.26409e-06
3373 1.79045e-06
3374 2.77719e-06
3375 5.22468e-06
3376 6.8064e-07
3377 1.73526e-07
3378 5.73155e-07
3379 4.22015e-06
3380 1.7304e-06
3381 6.57926e-07
3382 2.95868e-07
3383 2.11153e-07
3384 1.16566e-06
3385 2.44515e-06
3386 7.1163e-07
3387 8.11838e-07
3388 1.79237e-06
3389 5.82006e-07
3390 2.13007e-07
3391 2.82127e-07
3392 7.6702e-08
3393 2.05653e-07
3394 3.28802e-07
3395 1.01618e-07
3396 1.5824e-06
3397 1.12896e-06
3398 9.66308e-07
3399 3.58945e-07
3400 1.05724e-07
3401 6.10055e-07
3402 1.19643e-06
3403 3.74665e-07
3404 1.07582e-07
3405 2.50288e-07
3406 1.1177e-07
3407 1.42359e-07
3408 2.53281e-07
3409 2.50638e-07
3410 2.20673e-06
3411 7.85097e-07
3412 6.75228e-07
3413 4.42738e-07
3414 9.30795e-08
3415 1.57625e-06
3416 5.72623e-07
3417 2.1573e-07
3418 1.50588e-07
3419 2.56513e-07
3420 2.03445e-06
3421 2.29286e-06
3422 8.20552e-07
3423 6.51282e-07
3424 8.466e-07
3425 1.68767e-07
3426 2.50751e-07
3427 3.49484e-07
3428 1.41111e-07
3429 4.05988e-06
3430 1.49465e-06
3431 2.0449e-06
3432 4.0409e-07
3433 1.80331e-06
3434 4.5406e-06
3435 2.1857e-06
3436 1.4291e-06
3437 9.83853e-07
3438 3.65995e-07
3439 1.41298e-07
3440 4.76463e-07
3441 5.80097e-06
3442 1.69175e-06
3443 1.19544e-06
3444 2.17424e-07
3445 6.84894e-07
3446 1.53417e-06
3447 4.85514e-07
3448 1.48054e-07
3449 1.61077e-06
3450 1.08077e-07
3451 8.40126e-07
3452 5.85233e-07
3453 7.92432e-08
3454 4.38604e-07
3455 2.99097e-07
3456 4.27989e-06
3457 1.72924e-06
3458 2.10477e-06
3459 2.5105e-06
3460 1.45992e-06
3461 3.42543e-07
3462 3.61059e-07
3463 3.34228e-07
3464 1.93963e-06
3465 1.92319e-06
3466 8.37119e-06
3467 3.30472e-06
3468 9.46157e-07
3469 2.64815e-07
3470 2.64108e-08
3471 8.56156e-06
3472 3.1573e-06
3473 2.84153e-06
3474 9.78707e-07
3475 3.70471e-07
3476 6.30482e-07
3477 4.21751e-06
3478 2.99373e-06
3479 7.75102e-07
3480 2.80412e-07
3481 6.84673e-07
3482 1.52302e-06
3483 1.31656e-06
3484 4.28797e-07
3485 1.37245e-07
3486 6.57427e-08
3487 1.23836e-07
3488 1.46657e-07
3489 5.88772e-07
3490 1.10464e-06
3491 2.11362e-07
3492 4.02165e-07
3493 4.06085e-07
3494 1.23513e-07
3495 2.56299e-07
3496 1.96677e-07
3497 7.47208e-08
3498 1.996e-07
3499 1.54084e-07
3500 1.39969e-07
3501 1.82566e-07
3502 2.05294e-06
3503 1.02338e-06
3504 3.95979e-07
3505 1.26005e-07
3506 6.01165e-08
3507 4.08687e-06
3508 1.48758e-06
3509 5.91769e-07
3510 2.03352e-07
3511 1.63084e-07
3512 1.60547e-06
3513 1.14107e-06
3514 4.97568e-07
3515 1.83615e-06
3516 1.17968e-06
3517 8.70345e-07
3518 2.17195e-07
3519 2.74298e-07
3520 1.30211e-07
3521 3.24658e-07
3522 3.7222e-07
3523 2.6776e-07
3524 1.7157e-07
3525 1.04926e-07
3526 4.61774e-08
3527 5.53361e-07
3528 4.20413e-06
3529 1.13506e-07
3530 2.82039e-08
3531 7.82181e-08
3532 4.18615e-08
3533 8.53024e-08
3534 2.45754e-07
3535 1.50613e-06
3536 1.67203e-07
3537 4.0577e-06
3538 1.34879e-07
3539 6.13869e-08
3540 2.96505e-06
3541 5.09419e-06
3542 3.41951e-06
3543 9.18005e-07
3544 9.53021e-07
3545 4.31051e-07
3546 1.44359e-07
3547 2.22347e-07
3548 1.11252e-08
3549 5.4916e-07
3550 2.03869e-07
3551 4.07613e-06
3552 1.54149e-06
3553 1.22702e-06
3554 2.57378e-07
3555 2.3629e-07
3556 5.67205e-06
3557 1.85605e-06
3558 9.02442e-07
3559 9.37348e-07
3560 5.34273e-07
3561 7.29377e-07
3562 6.63954e-07
3563 1.89423e-06
3564 1.03259e-06
3565 2.21567e-06
3566 8.49732e-07
3567 1.43862e-06
3568 5.61033e-07
3569 2.0509e-07
3570 1.62487e-06
3571 7.72816e-07
3572 8.48491e-08
3573 8.09689e-07
3574 1.13082e-07
3575 1.78885e-06
3576 1.15315e-06
3577 4.71622e-07
3578 1.64388e-06
3579 1.39095e-07
3580 1.45138e-07
3581 5.13201e-06
3582 1.88707e-06
3583 6.21795e-07
3584 8.78541e-07
3585 3.23558e-07
3586 1.91975e-07
3587 3.44678e-07
3588 4.23809e-06
3589 1.56481e-06
3590 1.50681e-06
3591 8.28164e-07
3592 3.58771e-07
3593 2.37036e-06
3594 7.45598e-07
3595 6.91653e-08
3596 5.80778e-07
3597 1.81851e-09
3598 2.90204e-08
3599 3.8033e-08
3600 1.67251e-08
3601 1.50836e-06
3602 1.12201e-06
3603 3.55569e-06
3604 5.26922e-06
3605 2.22641e-07
3606 1.82284e-06
3607 9.77337e-07
3608 2.33442e-06
3609 2.94663e-07
3610 3.0607e-07
3611 2.18376e-06
3612 8.20931e-07
3613 2.98436e-07
3614 4.13307e-06
3615 2.34506e-06
3616 1.79726e-07
3617 7.85734e-07
3618 3.57391e-06
3619 1.09323e-06
3620 9.48231e-07
3621 9.06344e-07
3622 3.25712e-07
3623 8.82823e-08
3624 4.2347e-06
3625 1.55942e-06
3626 1.36032e-06
3627 4.47848e-06
3628 2.12223e-06
3629 8.61284e-07
3630 3.85905e-07
3631 1.50456e-07
3632 2.05682e-06
3633 4.83103e-06
3634 2.18856e-06
3635 1.36925e-06
3636 5.42131e-07
3637 2.57249e-07
3638 6.49399e-07
3639 1.90324e-06
3640 2.1032e-07
3641 5.77725e-07
3642 4.04871e-06
3643 2.05348e-06
3644 2.55388e-06
3645 1.01637e-06
3646 3.55961e-07
3647 1.39857e-07
3648 5.23555e-08
3649 2.6827e-07
3650 1.7254e-07
3651 1.5731e-06
3652 6.6023e-08
3653 5.4861e-08
3654 2.0472e-06
3655 1.09739e-06
3656 4.44698e-07
3657 1.16618e-07
3658 2.93974e-07
3659 1.5212e-07
3660 7.92945e-07
3661 1.14442e-07
3662 3.69042e-07
3663 4.05626e-06
3664 3.37788e-06
3665 7.27296e-07
3666 2.30257e-07
3667 8.64359e-08
3668 2.31653e-07
3669 1.5398e-06
3670 1.49725e-06
3671 1.09333e-06
3672 4.43855e-06
3673 7.02218e-07
3674 1.76923e-06
3675 6.47831e-07
3676 7.55225e-07
3677 5.07477e-07
3678 1.6072e-06
3679 1.40422e-06
3680 2.83726e-07
3681 1.72496e-08
3682 1.62728e-06
3683 9.14186e-06
3684 4.66416e-06
3685 1.94322e-06
3686 5.68201e-07
3687 1.90014e-07
3688 4.11528e-06
3689 1.57618e-06
3690 5.80459e-07
3691 8.17794e-07
3692 8.41284e-07
3693 2.77108e-07
3694 1.40331e-07
3695 1.01328e-06
3696 2.83103e-07
3697 4.24297e-06
3698 1.75248e-06
3699 6.535e-07
3700 2.28271e-07
3701 8.24719e-08
3702 6.46328e-07
3703 2.65882e-07
3704 3.60026e-07
3705 5.60798e-08
3706 2.6531e-08
3707 6.15377e-07
3708 5.5792e-06
3709 2.07216e-06
3710 4.56535e-07
3711 6.37264e-07
3712 2.54563e-06
3713 6.14951e-06
3714 1.74576e-06
3715 5.73785e-07
3716 3.91012e-07
3717 1.19895e-06
3718 9.51099e-07
3719 3.61707e-07
3720 1.32577e-07
3721 5.76686e-07
3722 1.70504e-06
3723 2.83896e-06
3724 1.25636e-06
3725 1.314e-07
3726 1.7168e-06
3727 6.57441e-06
3728 9.03018e-07
3729 1.79818e-06
3730 6.83997e-07
3731 4.79269e-06
3732 1.8663e-06
3733 1.0775e-06
3734 5.23727e-07
3735 2.10055e-07
3736 2.48018e-07
3737 1.48643e-07
3738 1.27892e-07
3739 4.10178e-06
3740 4.14386e-08
3741 2.99189e-06
3742 1.28702e-06
3743 1.24657e-06
3744 7.97413e-07
3745 1.65072e-06
3746 6.14134e-07
3747 4.41433e-06
3748 1.66687e-06
3749 6.19894e-07
3750 7.86117e-07
3751 3.57842e-07
3752 6.98258e-07
3753 3.15216e-07
3754 1.70982e-06
3755 1.24652e-06
3756 1.72427e-06
3757 1.06418e-06
3758 9.62277e-07
3759 5.69813e-07
3760 1.57315e-06
3761 2.26764e-06
3762 2.25878e-06
3763 1.83178e-06
3764 6.74332e-07
3765 2.50822e-07
3766 2.77678e-06
3767 9.53915e-07
3768 8.92414e-07
3769 5.31956e-07
3770 1.56234e-06
3771 8.00923e-07
3772 3.62395e-07
3773 2.87367e-07
3774 1.77519e-06
3775 2.16012e-06
3776 4.78484e-06
3777 4.77513e-06
3778 3.15261e-06
3779 2.06428e-06
3780 1.92084e-06
3781 2.27483e-06
3782 1.36176e-06
3783 5.6333e-07
3784 4.00905e-07
3785 7.65849e-07
3786 4.26222e-06
3787 6.73577e-07
3788 3.84005e-06
3789 1.5312e-06
3790 2.77613e-06
3791 1.72419e-06
3792 1.52424e-06
3793 3.16621e-06
3794 9.49827e-07
3795 3.51312e-07
3796 1.62732e-06
3797 1.75866e-06
3798 3.02498e-07
3799 2.80528e-07
3800 7.88605e-08
3801 2.30512e-07
3802 1.55895e-06
3803 5.46513e-07
3804 2.98052e-07
3805 1.53854e-07
3806 1.27198e-07
3807 1.52338e-06
3808 7.55979e-07
3809 8.39792e-07
3810 2.79796e-07
3811 7.53641e-07
3812 3.33532e-07
3813 4.91403e-08
3814 9.22318e-08
3815 3.51923e-08
3816 3.96787e-08
3817 2.11367e-08
3818 2.09137e-07
3819 4.12142e-08
3820 8.07797e-06
3821 4.52005e-06
3822 5.80928e-07
3823 1.2864e-06
3824 7.79114e-07
3825 1.70969e-06
3826 6.83561e-07
3827 2.48916e-07
3828 1.66023e-07
3829 6.28889e-08
3830 6.06084e-08
3831 1.64424e-06
3832 6.83672e-07
3833 2.26606e-07
3834 6.2521e-07
3835 4.45461e-07
3836 3.60566e-07
3837 6.84348e-07
3838 3.17825e-07
3839 1.70553e-06
3840 5.94491e-07
3841 1.70002e-06
3842 2.05038e-06
3843 8.33476e-07
3844 3.05961e-07
3845 1.13041e-07
3846 1.67721e-06
3847 4.09141e-06
3848 2.53708e-06
3849 1.92834e-06
3850 1.20831e-06
3851 1.94566e-06
3852 1.21719e-06
3853 5.73724e-07
3854 1.39497e-07
3855 1.36639e-07
3856 3.68196e-08
3857 5.5835e-06
3858 2.05931e-08
3859 2.25872e-06
3860 1.67572e-06
3861 8.29517e-07
3862 3.54044e-07
3863 5.57754e-06
3864 4.15499e-06
3865 2.98349e-06
3866 1.19461e-06
3867 1.92199e-06
3868 1.36482e-08
3869 9.79167e-09
3870 1.50701e-06
3871 2.65831e-09
3872 5.8893e-07
3873 8.16033e-07
3874 2.29354e-07
3875 2.22833e-07
3876 1.54787e-06
3877 6.57571e-07
3878 3.89417e-07
3879 3.91032e-07
3880 4.9517e-07
3881 1.5194e-06
3882 6.99407e-07
3883 1.31481e-07
3884 8.57627e-07
3885 4.97903e-07
3886 4.38671e-06
3887 1.54786e-06
3888 1.50013e-06
3889 1.1314e-06
3890 2.53916e-07
3891 2.82467e-07
3892 1.52999e-07
3893 8.34856e-08
3894 6.46774e-07
3895 4.29438e-07
3896 2.15903e-08
3897 1.63594e-06
3898 5.56596e-07
3899 7.88945e-08
3900 1.42884e-07
3901 1.94389e-08
3902 1.11176e-07
3903 4.56659e-07
3904 2.05565e-08
3905 1.024e-07
3906 1.11956e-08
3907 1.4702e-08
3908 1.67473e-06
3909 3.01686e-09
3910 6.23596e-09
3911 2.45723e-09
3912 4.39889e-06
3913 1.89113e-06
3914 8.68778e-07
3915 3.37537e-07
3916 1.54806e-07
3917 4.09781e-06
3918 1.55156e-06
3919 5.70729e-07
3920 2.28722e-07
3921 4.35507e-06
3922 3.31262e-07
3923 8.41365e-08
3924 4.03762e-06
3925 1.56787e-06
3926 1.51541e-06
3927 2.84602e-08
3928 2.05662e-06
3929 9.0983e-06
3930 6.3485e-06
3931 8.00823e-07
3932 4.0244e-06
3933 1.51441e-06
3934 5.38016e-07
3935 2.54546e-07
3936 6.65876e-07
3937 1.78904e-06
3938 5.92826e-07
3939 3.98451e-07
3940 1.83892e-06
3941 1.16798e-06
3942 1.72758e-06
3943 5.64327e-07
3944 4.00874e-08
3945 1.48634e-06
3946 2.04577e-06
3947 1.88833e-06
3948 7.24133e-07
3949 6.67375e-07
3950 2.54284e-07
3951 4.63661e-06
3952 1.18306e-07
3953 3.44601e-08
3954 1.68384e-06
3955 8.42238e-07
3956 4.58275e-06
3957 1.70028e-07
3958 6.62526e-08
3959 2.26636e-07
3960 2.12049e-06
3961 2.08077e-06
3962 7.58778e-07
3963 4.20787e-06
3964 3.03732e-06
3965 1.12643e-06
3966 1.23939e-06
3967 4.27367e-07
3968 1.57728e-07
3969 6.72757e-07
3970 2.45221e-07
3971 1.95141e-06
3972 3.4708e-07
3973 6.09273e-07
3974 1.33788e-06
3975 1.6485e-06
3976 4.14588e-08
3977 1.68517e-06
3978 1.47245e-07
3979 8.48684e-07
3980 4.60806e-07
3981 2.10782e-07
3982 1.62954e-07
3983 4.22754e-08
3984 4.01869e-06
3985 3.01016e-06
3986 3.01329e-08
3987 1.14422e-07
3988 3.61931e-08
3989 1.68681e-08
3990 4.54627e-06
3991 1.55367e-06
3992 1.29866e-06
3993 7.12618e-07
3994 1.30909e-07
3995 8.64923e-07
3996 4.31814e-06
3997 4.1459e-06
3998 5.81131e-07
3999 2.05384e-07
4000 1.54714e-06
4001 9.189e-07
4002 4.09432e-06
4003 2.47444e-07
4004 1.11852e-07
4005 3.93098e-08
4006 1.43209e-08
4007 5.47527e-07
4008 8.94451e-08
4009 2.42006e-07
4010 1.55972e-06
4011 4.77043e-06
4012 3.22934e-06
4013 1.1948e-06
4014 4.43532e-07
4015 2.35289e-07
4016 6.81531e-07
4017 4.84929e-07
4018 2.11309e-06
4019 5.02989e-06
4020 2.4034e-06
4021 8.96387e-07
4022 1.34869e-06
4023 4.62613e-06
4024 1.60048e-06
4025 4.74939e-06
4026 5.1871e-07
4027 1.75444e-06
4028 2.30076e-06
4029 6.6143e-07
4030 2.26181e-07
4031 6.35256e-07
4032 4.0737e-07
4033 1.34133e-07
4034 8.357e-07
4035 3.39022e-07
4036 1.58791e-07
4037 8.07205e-06
4038 3.02142e-06
4039 6.39119e-07
4040 1.73365e-06
4041 7.11775e-07
4042 7.83383e-07
4043 1.7135e-06
4044 1.19049e-06
4045 2.52286e-06
4046 1.26928e-06
4047 2.69329e-07
4048 1.26733e-07
4049 2.02346e-06
4050 8.2147e-07
4051 5.01672e-07
4052 2.32331e-06
4053 6.93034e-07
4054 6.35405e-08
4055 4.37542e-06
4056 1.82498e-06
4057 2.19223e-06
4058 1.17809e-06
4059 3.99511e-07
4060 1.6069e-07
4061 8.48522e-08
4062 4.15442e-07
4063 1.55872e-06
4064 5.97843e-07
4065 2.30513e-07
4066 2.29321e-06
4067 2.4402e-06
4068 9.07569e-07
4069 2.38772e-07
4070 4.2605e-06
4071 1.50768e-06
4072 6.92958e-07
4073 2.55024e-07
4074 8.18618e-08
4075 9.16593e-07
4076 8.49539e-07
4077 1.60896e-07
4078 4.57358e-06
4079 7.81846e-07
4080 1.75581e-06
4081 7.93251e-08
4082 7.71843e-07
4083 8.26424e-07
4084 5.07184e-06
4085 2.96688e-07
4086 2.78995e-07
4087 5.62759e-07
4088 4.20814e-06
4089 6.10727e-07
4090 7.55365e-06
4091 2.0286e-06
4092 7.4599e-07
4093 2.15398e-07
4094 2.78228e-07
4095 1.60972e-06
4096 3.52091e-06
4097 1.12426e-06
4098 1.53468e-06
4099 4.14822e-07
4100 3.50213e-07
4101 1.40853e-07
4102 2.52208e-08
4103 1.6268e-06
4104 6.086e-07
4105 1.76872e-06
4106 7.51487e-07
4107 1.01861e-06
4108 3.04509e-07
4109 5.19491e-07
4110 1.6679e-07
4111 1.15432e-07
4112 6.11475e-07
4113 5.64903e-07
4114 3.402e-07
4115 2.89744e-07
4116 3.65662e-07
4117 1.40423e-07
4118 2.11754e-07
4119 1.11566e-07
4120 1.1781e-07
4121 1.51805e-06
4122 1.95631e-06
4123 2.31856e-06
4124 1.36064e-06
4125 1.33355e-06
4126 3.65139e-07
4127 2.05447e-06
4128 1.15933e-06
4129 6.50675e-07
4130 7.18615e-07
4131 2.56228e-07
4132 2.37042e-07
4133 4.11811e-06
4134 5.52342e-06
4135 2.23724e-06
4136 6.22463e-07
4137 4.41961e-06
4138 1.56354e-06
4139 2.07241e-06
4140 2.40382e-06
4141 1.4762e-06
4142 5.33936e-07
4143 1.21257e-07
4144 7.23409e-08
4145 4.10356e-06
4146 2.65663e-07
4147 2.02601e-06
4148 7.50216e-07
4149 7.43988e-07
4150 8.64666e-07
4151 5.86986e-07
4152 1.79587e-06
4153 7.43364e-07
4154 8.55555e-08
4155 4.24931e-07
4156 1.40358e-07
4157 1.11614e-07
4158 5.07873e-08
4159 1.57016e-06
4160 6.22507e-07
4161 4.08446e-06
4162 9.82994e-08
4163 1.49884e-06
4164 1.88798e-08
4165 2.08287e-07
4166 8.82473e-06
4167 1.55875e-06
4168 3.23781e-08
4169 1.56142e-06
4170 2.59177e-06
4171 9.28501e-07
4172 3.56546e-07
4173 7.47134e-07
4174 2.71285e-07
4175 8.10686e-06
4176 3.01277e-06
4177 1.09761e-06
4178 2.51838e-08
4179 2.08464e-07
4180 1.47591e-06
4181 4.85696e-09
4182 3.05891e-07
4183 1.02215e-07
4184 1.80547e-06
4185 6.68272e-07
4186 3.02197e-07
4187 1.04667e-07
4188 7.0731e-08
4189 2.42005e-07
4190 9.63778e-08
4191 2.97581e-06
4192 1.27444e-08
4193 2.62913e-06
4194 8.26032e-07
4195 3.17934e-07
4196 8.84006e-07
4197 2.41068e-07
4198 9.5366e-08
4199 1.90911e-07
4200 2.06481e-07
4201 2.85405e-07
4202 3.61083e-08
4203 7.59198e-08
4204 1.49484e-06
4205 8.45489e-07
4206 2.85828e-07
4207 6.96275e-07
4208 7.97557e-07
4209 1.7537e-06
4210 2.03981e-07
4211 6.61073e-08
4212 7.52377e-07
4213 1.6794e-06
4214 2.74584e-07
4215 8.53289e-07
4216 3.3235e-07
4217 2.08163e-06
4218 7.84632e-07
4219 1.77741e-07
4220 5.1782e-07
4221 5.67302e-06
4222 1.82613e-08
4223 1.00929e-05
4224 3.93062e-06
4225 2.39632e-06
4226 1.15654e-06
4227 2.7881e-07
4228 2.91571e-07
4229 1.91359e-06
4230 5.91783e-07
4231 2.1932e-07
4232 3.03607e-06
4233 1.11559e-06
4234 1.67399e-06
4235 1.3416e-06
4236 5.02946e-06
4237 1.81046e-06
4238 2.52237e-06
4239 1.41985e-06
4240 1.96411e-06
4241 4.82452e-06
4242 4.5385e-06
4243 2.16074e-06
4244 9.92077e-07
4245 5.47671e-07
4246 4.12458e-06
4247 1.71712e-06
4248 2.7097e-06
4249 6.76979e-07
4250 7.76673e-07
4251 1.10374e-06
4252 5.83786e-07
4253 7.13661e-07
4254 3.90955e-08
4255 2.46703e-08
4256 1.56385e-06
4257 5.56152e-07
4258 5.15713e-07
4259 1.05514e-07
4260 1.10971e-07
4261 3.5904e-08
4262 3.30735e-08
4263 3.43585e-06
4264 6.25111e-07
4265 6.44867e-07
4266 4.5826e-07
4267 8.82617e-07
4268 8.6953e-07
4269 4.2233e-07
4270 3.50358e-07
4271 5.90078e-08
4272 5.63022e-07
4273 2.12377e-07
4274 2.78739e-07
4275 1.05511e-07
4276 2.12379e-06
4277 1.35106e-06
4278 3.98253e-07
4279 7.06251e-07
4280 2.52204e-07
4281 3.0422e-07
4282 2.12175e-07
4283 2.58183e-07
4284 1.59353e-06
4285 5.5682e-07
4286 2.95822e-07
4287 8.22064e-08
4288 2.98004e-09
4289 1.5927e-07
4290 5.89808e-08
4291 4.83413e-08
4292 1.71204e-06
4293 5.56974e-07
4294 2.74786e-07
4295 6.88576e-07
4296 4.64177e-06
4297 6.42009e-07
4298 4.25538e-07
4299 1.10649e-07
4300 4.56403e-08
4301 3.01431e-07
4302 2.37931e-07
4303 4.32722e-06
4304 8.61065e-07
4305 3.33184e-06
4306 2.68782e-06
4307 2.37901e-07
4308 8.222e-07
4309 2.02808e-06
4310 2.78978e-07
4311 6.45344e-07
4312 2.63873e-07
4313 6.69878e-07
4314 6.65492e-07
4315 4.82252e-07
4316 2.15504e-07
4317 1.44989e-07
4318 4.73772e-08
4319 5.64483e-07
4320 1.48506e-06
4321 7.42182e-07
4322 4.23676e-06
4323 7.88364e-08
4324 7.06731e-08
4325 3.58046e-08
4326 5.50185e-07
4327 4.31835e-09
4328 9.57946e-07
4329 2.79035e-07
4330 1.57441e-06
4331 7.37162e-07
4332 6.75297e-07
4333 2.73579e-07
4334 3.04968e-06
4335 1.10831e-06
4336 3.06508e-07
4337 1.14326e-07
4338 8.206e-08
4339 3.4461e-08
4340 6.34584e-07
4341 3.72412e-08
4342 4.32689e-08
4343 4.1804e-07
4344 1.57892e-06
4345 7.44808e-08
4346 5.66831e-07
4347 2.13988e-07
4348 4.56379e-07
4349 4.86616e-06
4350 1.79684e-06
4351 1.25263e-07
4352 6.59462e-07
4353 2.8626e-07
4354 1.41994e-07
4355 1.51457e-06
4356 5.49264e-07
4357 4.04284e-07
4358 6.22566e-07
4359 1.1319e-07
4360 4.50275e-08
4361 2.40159e-07
4362 1.18128e-06
4363 1.71696e-06
4364 6.5999e-07
4365 9.58185e-07
4366 4.82433e-07
4367 2.76472e-07
4368 1.28502e-07
4369 1.23956e-07
4370 6.34008e-08
4371 2.29284e-08
4372 1.1222e-07
4373 4.10157e-08
4374 1.61414e-08
4375 2.00839e-07
4376 7.43857e-08
4377 1.54721e-06
4378 5.69149e-07
4379 6.47629e-07
4380 7.79512e-07
4381 2.30652e-07
4382 7.41487e-08
4383 9.17492e-08
4384 1.48538e-06
4385 5.5496e-07
4386 2.06882e-07
4387 1.49887e-07
4388 2.85482e-08
4389 2.21547e-09
4390 2.12124e-07
4391 8.8447e-08
4392 2.28019e-07
4393 2.83049e-07
4394 5.13199e-08
4395 4.20302e-07
4396 2.77059e-07
4397 6.58194e-07
4398 9.83746e-09
4399 8.64807e-08
4400 2.59266e-07
4401 8.95337e-08
4402 5.84453e-07
4403 2.17165e-07
4404 8.26204e-08
4405 5.60913e-08
4406 9.42246e-08
4407 4.47885e-08
4408 8.04495e-08
4409 1.21051e-08
4410 2.03747e-07
4411 8.39876e-08
4412 4.02961e-06
4413 1.48219e-06
4414 5.68608e-07
4415 1.54544e-06
4416 5.96166e-07
4417 2.92762e-07
4418 1.55717e-06
4419 2.30675e-07
4420 3.1238e-07
4421 1.25814e-07
4422 4.26824e-06
4423 1.56037e-06
4424 5.83943e-07
4425 1.78521e-06
4426 6.68002e-07
4427 1.32908e-06
4428 1.02883e-06
4429 3.77456e-07
4430 4.01849e-07
4431 1.23164e-07
4432 2.33515e-07
4433 8.66093e-08
4434 6.55555e-08
4435 1.36302e-08
4436 4.14028e-08
4437 4.08795e-06
4438 5.50731e-06
4439 3.50884e-06
4440 2.29104e-06
4441 5.05792e-07
4442 1.25976e-06
4443 2.64341e-07
4444 6.46197e-07
4445 7.05892e-07
4446 1.92566e-07
4447 5.95574e-07
4448 4.68811e-08
4449 1.50307e-06
4450 6.23502e-07
4451 1.70104e-06
4452 6.27088e-07
4453 4.77553e-06
4454 1.76151e-06
4455 7.1878e-07
4456 3.33923e-07
4457 1.79327e-07
4458 1.36169e-07
4459 1.21501e-08
4460 1.71268e-06
4461 1.30049e-06
4462 6.88408e-07
4463 5.54052e-07
4464 3.74981e-07
4465 2.13462e-07
4466 1.54975e-06
4467 4.6218e-06
4468 1.64444e-06
4469 3.77296e-06
4470 1.43437e-06
4471 1.60617e-07
4472 2.84126e-07
4473 4.24821e-07
4474 6.93172e-07
4475 7.71728e-08
4476 4.21891e-06
4477 1.59258e-06
4478 6.09113e-07
4479 1.72335e-06
4480 9.0777e-08
4481 5.7801e-08
4482 1.68103e-08
4483 2.09293e-07
4484 2.86515e-07
4485 1.50375e-06
4486 5.43473e-07
4487 2.00182e-07
4488 1.57249e-06
4489 4.03722e-06
4490 3.49812e-06
4491 1.09107e-06
4492 9.70049e-07
4493 7.56443e-07
4494 4.26472e-06
4495 1.541e-06
4496 5.2959e-08
4497 7.8666e-08
4498 2.38007e-07
4499 2.02792e-07
4500 2.18833e-06
4501 5.90364e-07
4502 7.41377e-07
4503 6.9836e-07
4504 1.70259e-06
4505 1.0146e-06
4506 4.31331e-06
4507 1.82985e-06
4508 8.55447e-07
4509 1.17486e-07
4510 1.54321e-06
4511 2.07517e-07
4512 7.00423e-07
4513 2.8459e-07
4514 4.9311e-07
4515 8.06428e-07
4516 1.98096e-06
4517 2.7579e-06
4518 4.37336e-07
4519 1.55474e-06
4520 1.13076e-06
4521 4.29125e-06
4522 5.67342e-06
4523 8.64027e-06
4524 3.45196e-06
4525 6.44363e-07
4526 1.13048e-07
4527 2.40255e-07
4528 1.33648e-07
4529 6.17495e-07
4530 7.82038e-07
4531 4.96922e-07
4532 1.85121e-07
4533 1.73613e-06
4534 3.24682e-06
4535 1.70878e-06
4536 6.75105e-07
4537 3.71455e-07
4538 1.3826e-07
4539 6.59543e-08
4540 3.96431e-08
4541 7.08927e-07
4542 8.00886e-07
4543 5.24433e-08
4544 1.25133e-07
4545 1.98238e-08
4546 3.12139e-08
4547 8.89211e-08
4548 4.24152e-08
4549 1.82415e-07
4550 8.07708e-06
4551 1.49605e-06
4552 6.28644e-07
4553 4.23948e-07
4554 1.99488e-07
4555 7.06754e-08
4556 1.51146e-06
4557 5.58329e-07
4558 3.68367e-09
4559 7.76355e-08
4560 2.80487e-08
4561 8.44131e-08
4562 1.14535e-07
4563 1.74006e-06
4564 6.53737e-07
4565 2.18674e-07
4566 4.13342e-06
4567 5.92352e-07
4568 2.83012e-07
4569 3.54084e-07
4570 1.60172e-06
4571 8.16262e-07
4572 3.78294e-07
4573 1.16671e-07
4574 9.7451e-08
4575 6.86619e-09
4576 3.01188e-07
4577 3.02737e-06
4578 1.25705e-06
4579 2.15369e-06
4580 7.23381e-07
4581 6.75175e-07
4582 3.21977e-07
4583 8.96533e-08
4584 2.62478e-07
4585 4.32318e-07
4586 4.70453e-06
4587 2.76714e-07
4588 1.61185e-07
4589 1.43199e-07
4590 2.2523e-07
4591 5.53492e-07
4592 2.10081e-07
4593 2.7509e-07
4594 1.01872e-07
4595 3.69086e-08
4596 2.40861e-08
4597 3.80628e-09
4598 2.05574e-07
4599 7.58682e-08
4600 4.12906e-06
4601 1.21334e-07
4602 4.1564e-08
4603 5.43186e-07
4604 2.36281e-07
4605 9.97501e-08
4606 5.60073e-08
4607 2.50369e-07
4608 1.54525e-08
4609 5.10746e-09
4610 6.07173e-09
4611 2.30265e-07
4612 8.47534e-08
4613 4.58693e-06
4614 1.68469e-06
4615 6.18073e-07
4616 3.55071e-08
4617 1.65102e-08
4618 1.49461e-06
4619 5.53701e-07
4620 2.0003e-07
4621 1.58444e-06
4622 9.57782e-07
4623 6.35828e-06
4624 3.25769e-07
4625 1.50701e-06
4626 1.48824e-06
4627 8.21165e-07
4628 9.25267e-07
4629 2.33975e-06
4630 8.64053e-07
4631 1.21685e-07
4632 4.84552e-08
4633 8.81224e-08
4634 3.32399e-08
4635 2.56659e-08
4636 1.67156e-08
4637 1.0852e-07
4638 5.85552e-07
4639 1.77439e-08
4640 5.5034e-07
4641 2.24876e-07
4642 8.05852e-08
4643 2.96646e-08
4644 1.76973e-09
4645 2.34323e-07
4646 5.55658e-07
4647 1.43441e-08
4648 8.25807e-08
4649 2.30553e-07
4650 1.58647e-07
4651 3.32565e-07
4652 1.34035e-07
4653 6.00331e-07
4654 2.24657e-07
4655 5.49278e-06
4656 2.05087e-06
4657 7.74824e-07
4658 3.1706e-07
4659 2.64059e-08
4660 4.81134e-07
4661 7.17284e-07
4662 2.38576e-07
4663 2.90571e-07
4664 1.50383e-06
4665 4.43653e-08
4666 6.32275e-07
4667 2.30712e-07
4668 4.0891e-06
4669 1.50443e-06
4670 5.44617e-07
4671 2.26286e-07
4672 8.33134e-08
4673 1.02401e-08
4674 4.00511e-06
4675 8.52923e-06
4676 1.69737e-06
4677 4.15141e-07
4678 6.32207e-06
4679 2.36701e-06
4680 1.2326e-07
4681 2.55055e-06
4682 8.67128e-07
4683 4.20146e-07
4684 7.93041e-08
4685 2.88444e-08
4686 4.93992e-08
4687 4.29818e-06
4688 1.77195e-06
4689 5.76337e-07
4690 1.50118e-08
4691 1.58796e-08
4692 2.13106e-07
4693 7.39134e-08
4694 1.01622e-07
4695 2.69673e-08
4696 2.09164e-07
4697 7.69389e-08
4698 2.83289e-08
4699 4.00108e-06
4700 6.0279e-06
4701 2.2863e-06
4702 3.0339e-07
4703 4.23204e-08
4704 1.10051e-06
4705 1.2821e-08
4706 2.77151e-07
4707 5.76871e-09
4708 5.42079e-07
4709 1.54507e-06
4710 5.69314e-07
4711 4.21936e-07
4712 9.07728e-07
4713 4.14481e-07
4714 3.29115e-07
4715 1.19396e-06
4716 4.67453e-07
4717 2.76459e-07
4718 1.53486e-06
4719 2.22682e-06
4720 2.04872e-07
4721 1.05548e-06
4722 4.28103e-06
4723 1.57146e-06
4724 5.12947e-06
4725 1.96025e-06
4726 4.72202e-06
4727 3.67022e-07
4728 1.59651e-06
4729 5.88029e-07
4730 9.6778e-07
4731 3.51202e-07
4732 1.215e-06
4733 2.13099e-07
4734 1.1548e-07
4735 2.61263e-07
4736 1.1748e-07
4737 3.95428e-08
4738 2.11695e-08
4739 1.20079e-08
4740 1.81491e-09
4741 1.23744e-08
4742 8.54244e-08
4743 3.15186e-08
4744 5.63601e-07
4745 1.74916e-06
4746 2.1194e-06
4747 7.83818e-07
4748 4.894e-07
4749 3.16229e-08
4750 2.51961e-07
4751 1.49302e-06
4752 2.08135e-06
4753 9.00966e-07
4754 1.42657e-07
4755 2.68662e-07
4756 3.61217e-07
4757 1.29728e-07
4758 1.16608e-07
4759 2.64821e-08
4760 2.33638e-08
4761 1.66557e-08
4762 7.58015e-07
4763 1.53058e-07
4764 2.04309e-06
4765 7.5204e-07
4766 1.51193e-06
4767 8.94827e-07
4768 3.29684e-07
4769 6.1843e-08
4770 6.5127e-07
4771 3.19137e-06
4772 6.42435e-07
4773 9.5638e-07
4774 1.79211e-06
4775 7.61784e-07
4776 2.55851e-07
4777 1.94288e-07
4778 1.65305e-07
4779 1.06609e-07
4780 7.89505e-08
4781 1.50708e-06
4782 5.56139e-07
4783 7.64901e-08
4784 2.74818e-08
4785 9.35995e-08
4786 2.15095e-06
4787 4.22804e-06
4788 2.30494e-06
4789 1.70618e-07
4790 6.41194e-08
4791 3.01994e-07
4792 1.19115e-07
4793 3.0071e-08
4794 6.85284e-07
4795 3.29574e-07
4796 2.03147e-07
4797 2.10307e-06
4798 2.42124e-07
4799 4.10429e-06
4800 2.23321e-06
4801 4.65387e-06
4802 7.17599e-06
4803 2.85926e-06
4804 9.98009e-07
4805 3.35452e-06
4806 6.53037e-07
4807 1.30493e-07
4808 1.87726e-06
4809 1.15456e-06
4810 7.75378e-07
4811 4.25739e-06
4812 1.58739e-06
4813 8.67981e-07
4814 1.10719e-06
4815 3.37649e-07
4816 6.96526e-08
4817 9.43333e-08
4818 1.51414e-06
4819 4.83069e-06
4820 1.9032e-06
4821 6.47652e-07
4822 2.14878e-07
4823 7.88549e-08
4824 1.19465e-07
4825 3.27393e-08
4826 4.17275e-08
4827 8.80831e-08
4828 1.27125e-07
4829 3.50246e-08
4830 2.33112e-07
4831 3.36734e-08
4832 9.55815e-08
4833 1.50437e-06
4834 7.56187e-07
4835 1.01378e-08
4836 4.0355e-07
4837 2.5846e-07
4838 2.16065e-07
4839 4.01863e-08
4840 1.00317e-07
4841 4.74987e-08
4842 8.61599e-09
4843 5.24839e-09
4844 6.08839e-06
4845 1.30905e-06
4846 1.9536e-06
4847 1.19082e-06
4848 6.47136e-07
4849 1.57976e-07
4850 1.40471e-07
4851 4.27961e-06
4852 1.94116e-08
4853 1.48667e-06
4854 2.49542e-07
4855 1.14119e-06
4856 1.57395e-07
4857 2.70445e-07
4858 2.89239e-07
4859 3.18347e-08
4860 1.48457e-06
4861 5.55497e-07
4862 2.89317e-07
4863 1.79204e-07
4864 8.07765e-07
4865 1.99477e-06
4866 1.94739e-07
4867 5.3745e-08
4868 3.20225e-07
4869 4.49142e-08
4870 6.49068e-07
4871 4.43977e-06
4872 2.30496e-06
4873 8.54196e-07
4874 4.41727e-08
4875 1.08624e-07
4876 5.52829e-07
4877 9.48171e-07
4878 5.79102e-07
4879 1.87815e-07
4880 3.78753e-08
4881 8.71744e-08
4882 2.92162e-08
4883 2.82327e-08
4884 2.4826e-07
4885 1.14671e-07
4886 6.90798e-08
4887 2.87763e-08
4888 4.61597e-08
4889 1.6598e-08
4890 7.4341e-09
4891 1.35782e-06
4892 1.69992e-06
4893 8.44162e-08
4894 1.34913e-07
4895 1.22425e-07
4896 5.8154e-07
4897 2.1297e-07
4898 2.75348e-07
4899 1.04629e-07
4900 6.02586e-06
4901 2.83215e-06
4902 5.2802e-06
4903 1.93239e-06
4904 9.24816e-07
4905 3.31847e-07
4906 1.59408e-06
4907 4.65437e-06
4908 5.72857e-06
4909 2.99555e-08
4910 6.99008e-09
4911 1.70275e-06
4912 4.86137e-07
4913 1.77529e-06
4914 3.85988e-07
4915 6.7894e-07
4916 3.34542e-07
4917 1.47081e-07
4918 4.11762e-06
4919 4.90408e-08
4920 1.48979e-06
4921 6.54791e-07
4922 4.0423e-06
4923 2.12131e-07
4924 1.02282e-07
4925 3.89711e-08
4926 2.37648e-08
4927 1.4802e-06
4928 4.54545e-06
4929 2.01157e-07
4930 7.75069e-08
4931 1.50393e-06
4932 2.02614e-06
4933 8.14311e-07
4934 8.41002e-07
4935 3.85762e-07
4936 1.08661e-07
4937 4.04708e-08
4938 8.79075e-08
4939 5.83605e-07
4940 1.75863e-06
4941 1.50258e-06
4942 4.73207e-07
4943 3.10159e-06
4944 1.68412e-07
4945 6.26078e-08
4946 3.82871e-08
4947 1.16765e-08
4948 5.45274e-07
4949 2.36179e-07
4950 1.55706e-06
4951 1.66563e-06
4952 7.44161e-07
4953 4.72577e-07
4954 7.81421e-07
4955 4.40825e-07
4956 1.69886e-06
4957 7.84572e-07
4958 4.78788e-07
4959 7.15976e-07
4960 1.76755e-06
4961 5.19907e-08
4962 2.84261e-07
4963 6.17512e-08
4964 2.84102e-07
4965 3.21311e-07
4966 8.70635e-08
4967 6.50638e-08
4968 2.87469e-08
4969 5.74863e-07
4970 4.15858e-07
4971 1.56536e-07
4972 4.0564e-06
4973 1.48235e-06
4974 6.10562e-07
4975 2.24342e-07
4976 1.61877e-06
4977 8.1255e-08
4978 8.74697e-08
4979 5.80289e-07
4980 2.21193e-07
4981 2.79203e-07
4982 1.07918e-07
4983 8.50169e-08
4984 1.69284e-07
4985 7.2647e-08
4986 3.65898e-08
4987 9.96958e-09
4988 3.11043e-09
4989 1.47272e-06
4990 1.6994e-06
4991 4.26247e-07
4992 2.93939e-07
4993 3.08192e-08
4994 1.11519e-07
4995 2.74633e-08
4996 5.51477e-07
4997 1.72841e-08
4998 9.91973e-09
4999 0
