0 0
1 0.809148
2 0.264366
3 0.111195
4 0.0582336
5 0.0360378
6 0.0252586
7 0.0190073
8 0.0153073
9 0.0125084
10 0.010444
11 0.00884102
12 0.00779593
13 0.00680413
14 0.00608689
15 0.00541489
16 0.00493975
17 0.00462401
18 0.00417016
19 0.0036319
20 0.00357773
21 0.003286
22 0.0029509
23 0.00280156
24 0.00272472
25 0.00251744
26 0.00238216
27 0.00227998
28 0.00210386
29 0.0021458
30 0.0019853
31 0.00190358
32 0.001811
33 0.00167139
34 0.00162029
35 0.00161084
36 0.00157966
37 0.00137313
38 0.0014535
39 0.00130876
40 0.00122375
41 0.00129185
42 0.00130986
43 0.00113242
44 0.00114525
45 0.00112082
46 0.00109044
47 0.00102827
48 0.000950508
49 0.000924511
50 0.000900335
51 0.00093469
52 0.000902861
53 0.000844125
54 0.000805941
55 0.000899584
56 0.000744846
57 0.000802738
58 0.000764653
59 0.000831432
60 0.000747082
61 0.000688836
62 0.000752234
63 0.000690827
64 0.000621749
65 0.000650588
66 0.000674773
67 0.000603708
68 0.000622309
69 0.000603133
70 0.000561823
71 0.000526209
72 0.000579394
73 0.000555682
74 0.000503631
75 0.000524316
76 0.000518209
77 0.000516445
78 0.000496601
79 0.000409467
80 0.000450352
81 0.000462563
82 0.00045802
83 0.000462802
84 0.000451868
85 0.000429181
86 0.000454429
87 0.000448397
88 0.000428969
89 0.000406169
90 0.000360629
91 0.000402046
92 0.000417701
93 0.000411902
94 0.000369461
95 0.000345898
96 0.000371058
97 0.000332495
98 0.000359725
99 0.00036487
100 0.000343451
101 0.000342083
102 0.000368173
103 0.000338672
104 0.000357703
105 0.000336762
106 0.000354402
107 0.0003241
108 0.000317406
109 0.000290053
110 0.000315964
111 0.000314752
112 0.000302981
113 0.000333649
114 0.000332981
115 0.000272581
116 0.000335109
117 0.000287438
118 0.000315472
119 0.000294622
120 0.000291736
121 0.000294853
122 0.000263725
123 0.000230411
124 0.000275147
125 0.000256415
126 0.000226278
127 0.00025601
128 0.00024717
129 0.000219715
130 0.000234418
131 0.000210078
132 0.00022879
133 0.000224798
134 0.000184959
135 0.000212925
136 0.000234677
137 0.000197628
138 0.000212613
139 0.00021893
140 0.000251771
141 0.000245863
142 0.000245542
143 0.000199678
144 0.000173873
145 0.000180978
146 0.000201776
147 0.000221795
148 0.000198966
149 0.00018713
150 0.000171489
151 0.000195646
152 0.000181335
153 0.000209783
154 0.000209924
155 0.000213563
156 0.000207522
157 0.00015824
158 0.000143462
159 0.000187625
160 0.000187058
161 0.000214175
162 0.000153019
163 0.000168991
164 0.000156953
165 0.000163553
166 0.000146044
167 0.000190588
168 0.000154454
169 0.000157134
170 0.000161109
171 0.000166497
172 0.000185546
173 0.000161478
174 0.000192472
175 0.000139211
176 0.000153706
177 0.00017137
178 0.000158748
179 0.00016124
180 0.000167699
181 0.000157981
182 0.000150284
183 0.00013833
184 0.000113988
185 0.00015252
186 0.000131062
187 0.000133869
188 0.000115828
189 0.00012161
190 0.000122313
191 0.000152171
192 0.000150375
193 0.000122679
194 0.000146453
195 0.000128881
196 0.000134423
197 0.000148472
198 0.000144785
199 0.000137504
200 0.000167545
201 0.000114272
202 0.000117884
203 0.00014887
204 0.000137562
205 0.000132343
206 0.000105129
207 0.00010447
208 0.000114165
209 0.000115685
210 0.000124851
211 0.000106526
212 0.000111152
213 0.000118747
214 0.000144151
215 0.000141161
216 0.000109514
217 0.000117929
218 0.000107439
219 0.000132771
220 0.000138915
221 0.000124987
222 0.000124134
223 0.000123407
224 0.000132836
225 0.000121872
226 0.00010227
227 9.00271e-05
228 0.000104687
229 0.000102208
230 0.000108164
231 0.00010312
232 0.000108302
233 0.000100014
234 9.61647e-05
235 8.52611e-05
236 8.45527e-05
237 9.02614e-05
238 8.81975e-05
239 5.35055e-05
240 7.88583e-05
241 7.66979e-05
242 8.12457e-05
243 0.000103366
244 9.16913e-05
245 8.01032e-05
246 8.44924e-05
247 0.000100601
248 8.07685e-05
249 0.000107913
250 8.61865e-05
251 9.03522e-05
252 7.40045e-05
253 6.71497e-05
254 7.24606e-05
255 9.83068e-05
256 8.08813e-05
257 8.53145e-05
258 6.73317e-05
259 8.90204e-05
260 7.78246e-05
261 9.30554e-05
262 7.79487e-05
263 7.00021e-05
264 9.42085e-05
265 9.74438e-05
266 0.000104138
267 9.29376e-05
268 0.000113329
269 0.000112172
270 8.70548e-05
271 5.41637e-05
272 8.46502e-05
273 7.57258e-05
274 7.73322e-05
275 7.05373e-05
276 7.2149e-05
277 7.91654e-05
278 6.95579e-05
279 7.06348e-05
280 5.80812e-05
281 6.40493e-05
282 9.65477e-05
283 0.000124468
284 8.46469e-05
285 8.40343e-05
286 7.28571e-05
287 8.1426e-05
288 6.73637e-05
289 6.87192e-05
290 7.40331e-05
291 8.41914e-05
292 6.56394e-05
293 6.24117e-05
294 6.59975e-05
295 7.95566e-05
296 8.89729e-05
297 6.55213e-05
298 4.74033e-05
299 6.33602e-05
300 5.80198e-05
301 6.88558e-05
302 6.58416e-05
303 7.14612e-05
304 5.17382e-05
305 7.07392e-05
306 7.42431e-05
307 7.74789e-05
308 6.76589e-05
309 7.94467e-05
310 8.09035e-05
311 8.93821e-05
312 7.22079e-05
313 8.22056e-05
314 6.78897e-05
315 7.9491e-05
316 5.70028e-05
317 4.71692e-05
318 6.77213e-05
319 7.67405e-05
320 6.81199e-05
321 6.39406e-05
322 5.85224e-05
323 6.20322e-05
324 7.22097e-05
325 6.06679e-05
326 7.76843e-05
327 5.93515e-05
328 6.33529e-05
329 3.82297e-05
330 5.43421e-05
331 6.31366e-05
332 7.71923e-05
333 6.372e-05
334 7.06697e-05
335 5.01643e-05
336 4.89337e-05
337 5.09243e-05
338 8.54043e-05
339 5.00302e-05
340 4.89316e-05
341 7.26383e-05
342 4.91095e-05
343 6.3814e-05
344 6.17748e-05
345 8.12144e-05
346 5.51486e-05
347 4.09132e-05
348 4.91421e-05
349 4.94504e-05
350 3.11224e-05
351 6.32672e-05
352 5.65677e-05
353 6.19191e-05
354 5.47945e-05
355 5.00384e-05
356 6.20818e-05
357 5.10401e-05
358 3.97763e-05
359 5.02784e-05
360 5.62618e-05
361 2.96217e-05
362 6.31202e-05
363 3.99559e-05
364 5.99315e-05
365 7.04432e-05
366 5.6524e-05
367 6.12625e-05
368 4.21857e-05
369 4.09876e-05
370 5.00942e-05
371 6.14519e-05
372 4.35881e-05
373 4.28848e-05
374 4.70961e-05
375 4.66763e-05
376 4.9213e-05
377 5.27238e-05
378 7.52753e-05
379 6.6799e-05
380 6.17338e-05
381 5.16765e-05
382 5.17656e-05
383 4.31116e-05
384 5.8818e-05
385 6.10537e-05
386 3.60202e-05
387 4.48781e-05
388 2.80044e-05
389 5.21719e-05
390 4.27828e-05
391 5.41752e-05
392 4.41185e-05
393 6.23815e-05
394 4.49228e-05
395 4.96468e-05
396 4.0918e-05
397 4.11891e-05
398 4.01357e-05
399 5.21716e-05
400 3.21055e-05
401 4.31191e-05
402 4.76956e-05
403 4.59219e-05
404 4.66409e-05
405 5.3431e-05
406 4.1671e-05
407 4.2025e-05
408 4.69659e-05
409 5.81094e-05
410 3.10129e-05
411 4.75861e-05
412 4.84799e-05
413 4.15314e-05
414 3.60329e-05
415 3.37187e-05
416 4.6446e-05
417 4.28393e-05
418 3.92719e-05
419 3.53659e-05
420 4.34678e-05
421 4.50349e-05
422 5.19682e-05
423 4.29535e-05
424 5.06474e-05
425 3.70478e-05
426 4.82227e-05
427 2.93008e-05
428 4.54674e-05
429 4.79171e-05
430 4.27048e-05
431 3.02628e-05
432 3.22179e-05
433 4.66436e-05
434 5.35115e-05
435 5.0338e-05
436 6.20459e-05
437 6.15197e-05
438 4.27109e-05
439 3.35317e-05
440 3.3271e-05
441 3.73239e-05
442 4.45572e-05
443 3.5844e-05
444 3.01108e-05
445 5.3189e-05
446 2.99682e-05
447 4.56614e-05
448 3.79265e-05
449 2.99687e-05
450 2.815e-05
451 3.46834e-05
452 3.43078e-05
453 2.32066e-05
454 3.35768e-05
455 4.40844e-05
456 4.94659e-05
457 6.55269e-05
458 4.41499e-05
459 4.06168e-05
460 3.66243e-05
461 4.50106e-05
462 4.08485e-05
463 3.0084e-05
464 4.10861e-05
465 2.60839e-05
466 3.63568e-05
467 3.72666e-05
468 4.01783e-05
469 4.91836e-05
470 4.95204e-05
471 4.03158e-05
472 3.43674e-05
473 5.49241e-05
474 4.43065e-05
475 5.38632e-05
476 4.53149e-05
477 4.41886e-05
478 4.4833e-05
479 4.651e-05
480 3.02716e-05
481 3.39143e-05
482 4.05434e-05
483 3.55382e-05
484 3.40976e-05
485 3.50289e-05
486 3.32532e-05
487 3.1464e-05
488 2.74493e-05
489 3.83629e-05
490 3.58667e-05
491 2.99225e-05
492 2.82692e-05
493 2.51839e-05
494 3.38773e-05
495 3.17718e-05
496 3.19478e-05
497 3.74753e-05
498 4.12675e-05
499 4.55871e-05
500 2.70701e-05
501 2.96529e-05
502 4.44523e-05
503 4.05809e-05
504 2.49268e-05
505 3.99727e-05
506 3.14539e-05
507 4.26696e-05
508 2.38353e-05
509 2.63155e-05
510 3.09608e-05
511 2.98298e-05
512 4.3315e-05
513 3.40047e-05
514 2.22653e-05
515 1.5653e-05
516 3.842e-05
517 2.35873e-05
518 4.69511e-05
519 4.15888e-05
520 3.65604e-05
521 3.13508e-05
522 2.3636e-05
523 2.21318e-05
524 3.49142e-05
525 3.23741e-05
526 4.13534e-05
527 4.00411e-05
528 3.12978e-05
529 3.72102e-05
530 2.92197e-05
531 3.35131e-05
532 3.93112e-05
533 2.23104e-05
534 4.29107e-05
535 4.13763e-05
536 3.58918e-05
537 3.01253e-05
538 2.82455e-05
539 2.95606e-05
540 2.57392e-05
541 3.58601e-05
542 3.76528e-05
543 2.11693e-05
544 2.56453e-05
545 3.9381e-05
546 4.12226e-05
547 2.87358e-05
548 2.57673e-05
549 3.02193e-05
550 2.99544e-05
551 5.11127e-05
552 3.10132e-05
553 3.05046e-05
554 2.33674e-05
555 2.12989e-05
556 4.96361e-05
557 4.91678e-05
558 3.91632e-05
559 2.32324e-05
560 2.24448e-05
561 3.68854e-05
562 3.56287e-05
563 2.83571e-05
564 2.44528e-05
565 3.2839e-05
566 5.31612e-05
567 3.70761e-05
568 2.27159e-05
569 3.16508e-05
570 2.44363e-05
571 3.48233e-05
572 2.42273e-05
573 2.66188e-05
574 2.14488e-05
575 2.64875e-05
576 3.12489e-05
577 3.05259e-05
578 3.67921e-05
579 4.68232e-05
580 4.11686e-05
581 4.47798e-05
582 2.95795e-05
583 2.53928e-05
584 2.40918e-05
585 3.18451e-05
586 3.72819e-05
587 2.78156e-05
588 2.60465e-05
589 2.08627e-05
590 3.78955e-05
591 2.81678e-05
592 2.28859e-05
593 3.80219e-05
594 4.80245e-05
595 4.50591e-05
596 2.98743e-05
597 3.48203e-05
598 3.45031e-05
599 3.11977e-05
600 3.32109e-05
601 3.42867e-05
602 2.8829e-05
603 4.09319e-05
604 3.289e-05
605 2.89257e-05
606 2.28439e-05
607 2.35035e-05
608 2.12245e-05
609 1.87599e-05
610 2.32553e-05
611 2.43603e-05
612 2.48283e-05
613 2.76944e-05
614 2.13254e-05
615 2.74208e-05
616 2.87714e-05
617 1.9985e-05
618 3.09538e-05
619 2.51613e-05
620 2.10126e-05
621 2.63792e-05
622 2.44783e-05
623 1.48355e-05
624 1.78668e-05
625 2.87974e-05
626 3.48846e-05
627 3.95489e-05
628 3.18323e-05
629 2.27958e-05
630 1.76031e-05
631 1.69472e-05
632 4.39016e-05
633 2.3923e-05
634 2.10829e-05
635 1.76837e-05
636 2.35129e-05
637 1.49379e-05
638 3.46655e-05
639 2.43508e-05
640 1.84602e-05
641 1.572e-05
642 1.92617e-05
643 1.8939e-05
644 2.16082e-05
645 3.58133e-05
646 2.75466e-05
647 2.897e-05
648 3.33966e-05
649 2.54981e-05
650 3.83845e-05
651 2.8791e-05
652 4.55956e-05
653 2.43696e-05
654 3.48519e-05
655 2.67647e-05
656 3.32288e-05
657 2.14893e-05
658 2.54196e-05
659 2.70152e-05
660 2.52683e-05
661 1.96463e-05
662 2.17217e-05
663 2.46297e-05
664 2.61418e-05
665 3.18593e-05
666 3.26649e-05
667 2.1044e-05
668 2.87814e-05
669 3.48773e-05
670 3.53042e-05
671 2.7409e-05
672 1.7452e-05
673 3.28977e-05
674 2.49838e-05
675 4.02234e-05
676 2.49786e-05
677 2.56874e-05
678 3.20716e-05
679 2.7607e-05
680 2.60914e-05
681 1.22165e-05
682 1.81537e-05
683 9.94823e-06
684 1.35214e-05
685 2.97388e-05
686 2.2995e-05
687 2.57512e-05
688 3.19945e-05
689 2.98103e-05
690 1.68565e-05
691 1.59913e-05
692 1.87837e-05
693 1.2677e-05
694 2.2325e-05
695 2.48794e-05
696 2.13383e-05
697 2.02539e-05
698 1.61828e-05
699 2.66141e-05
700 1.93808e-05
701 1.35475e-05
702 1.63436e-05
703 1.58863e-05
704 1.7125e-05
705 2.79758e-05
706 2.17154e-05
707 2.1937e-05
708 1.66297e-05
709 2.48343e-05
710 2.44359e-05
711 1.81919e-05
712 1.46233e-05
713 2.61629e-05
714 3.35406e-05
715 1.9274e-05
716 1.62643e-05
717 1.69963e-05
718 2.11298e-05
719 1.10176e-05
720 3.05285e-05
721 3.18451e-05
722 2.82107e-05
723 1.57061e-05
724 1.83855e-05
725 2.33132e-05
726 2.00811e-05
727 1.02692e-05
728 1.44391e-05
729 1.38532e-05
730 2.55344e-05
731 2.26824e-05
732 1.86179e-05
733 1.60296e-05
734 2.0354e-05
735 1.85608e-05
736 2.519e-05
737 2.30398e-05
738 1.68504e-05
739 1.63047e-05
740 1.52366e-05
741 1.65031e-05
742 2.58992e-05
743 2.27873e-05
744 1.8025e-05
745 2.01967e-05
746 1.58515e-05
747 7.72115e-06
748 1.99856e-05
749 1.98971e-05
750 1.6313e-05
751 1.59352e-05
752 1.35339e-05
753 1.09639e-05
754 1.49089e-05
755 1.83948e-05
756 1.47598e-05
757 2.20846e-05
758 1.50176e-05
759 1.51353e-05
760 1.29874e-05
761 1.7347e-05
762 2.61259e-05
763 1.30272e-05
764 1.94858e-05
765 2.07744e-05
766 1.70956e-05
767 2.28989e-05
768 1.04324e-05
769 1.71996e-05
770 2.84769e-05
771 2.11175e-05
772 2.27562e-05
773 1.20272e-05
774 1.1441e-05
775 2.04125e-05
776 1.18017e-05
777 2.98932e-05
778 2.13525e-05
779 1.74169e-05
780 2.16575e-05
781 2.01479e-05
782 2.8553e-05
783 2.01804e-05
784 1.24571e-05
785 1.75776e-05
786 1.32092e-05
787 1.75833e-05
788 1.72993e-05
789 1.24795e-05
790 1.90642e-05
791 2.00934e-05
792 8.97578e-06
793 1.02257e-05
794 1.63756e-05
795 1.74052e-05
796 1.90564e-05
797 1.71094e-05
798 1.16349e-05
799 1.05219e-05
800 6.59676e-06
801 1.38734e-05
802 1.05228e-05
803 8.41856e-06
804 2.03448e-05
805 1.19776e-05
806 2.54571e-05
807 2.38848e-05
808 1.96768e-05
809 2.10174e-05
810 2.69323e-05
811 1.78115e-05
812 1.91228e-05
813 7.51574e-06
814 1.08202e-05
815 1.25642e-05
816 2.45681e-05
817 1.52858e-05
818 2.84963e-05
819 1.90581e-05
820 1.99846e-05
821 2.49281e-05
822 2.0832e-05
823 1.27548e-05
824 1.40393e-05
825 7.40525e-06
826 1.62545e-05
827 1.3034e-05
828 2.65253e-05
829 2.56707e-05
830 2.40668e-05
831 1.27141e-05
832 2.31959e-05
833 2.32059e-05
834 1.91334e-05
835 1.38909e-05
836 2.02653e-05
837 2.0443e-05
838 9.30217e-06
839 1.22075e-05
840 2.60764e-05
841 1.41697e-05
842 2.4522e-05
843 3.11916e-05
844 1.87489e-05
845 9.4811e-06
846 1.88735e-05
847 1.99284e-05
848 9.2907e-06
849 2.25529e-05
850 1.86624e-05
851 1.86387e-05
852 1.12738e-05
853 1.61477e-05
854 1.68387e-05
855 1.14475e-05
856 1.31321e-05
857 8.95614e-06
858 1.74322e-05
859 2.267e-05
860 1.32963e-05
861 3.1559e-05
862 1.33633e-05
863 1.54058e-05
864 1.87625e-05
865 1.42598e-05
866 1.46441e-05
867 2.12099e-05
868 2.21617e-05
869 1.5042e-05
870 2.2656e-05
871 2.60408e-05
872 1.35715e-05
873 2.91914e-05
874 2.12304e-05
875 1.78261e-05
876 2.09449e-05
877 1.98233e-05
878 1.94458e-05
879 1.0053e-05
880 1.71448e-05
881 1.94866e-05
882 1.32585e-05
883 1.81012e-05
884 1.78781e-05
885 1.46711e-05
886 1.31121e-05
887 1.63747e-05
888 1.04911e-05
889 1.88957e-05
890 1.64297e-05
891 8.97846e-06
892 1.5803e-05
893 1.35402e-05
894 1.30989e-05
895 1.68783e-05
896 2.0282e-05
897 1.57606e-05
898 2.11295e-05
899 9.53277e-06
900 9.52386e-06
901 2.36319e-05
902 2.11803e-05
903 1.46488e-05
904 1.60724e-05
905 1.62929e-05
906 1.78183e-05
907 2.01404e-05
908 1.51878e-05
909 2.01789e-05
910 1.53271e-05
911 1.31458e-05
912 1.65151e-05
913 1.50899e-05
914 2.00429e-05
915 1.28531e-05
916 9.06659e-06
917 1.3619e-05
918 1.38811e-05
919 1.17234e-05
920 1.04461e-05
921 9.63171e-06
922 9.21795e-06
923 1.36444e-05
924 8.89984e-06
925 1.23789e-05
926 1.07883e-05
927 2.0664e-05
928 1.47405e-05
929 9.74832e-06
930 1.11268e-05
931 1.1118e-05
932 2.19735e-05
933 1.31147e-05
934 2.30455e-05
935 1.1689e-05
936 1.15542e-05
937 1.24176e-05
938 1.2665e-05
939 8.62955e-06
940 1.44226e-05
941 1.13948e-05
942 8.76859e-06
943 2.48728e-05
944 1.23007e-05
945 1.0927e-05
946 8.33239e-06
947 1.62726e-05
948 1.64868e-05
949 1.95158e-05
950 1.86223e-05
951 1.31098e-05
952 1.11107e-05
953 1.65691e-05
954 1.63898e-05
955 2.0172e-05
956 8.66971e-06
957 1.4007e-05
958 1.00502e-05
959 1.43851e-05
960 2.10766e-05
961 2.06875e-05
962 1.55543e-05
963 1.42226e-05
964 1.57401e-05
965 8.90904e-06
966 1.29036e-05
967 1.02847e-05
968 1.883e-05
969 1.99342e-05
970 1.06171e-05
971 1.86782e-05
972 9.5388e-06
973 9.69935e-06
974 2.22232e-05
975 2.35551e-05
976 1.25251e-05
977 1.34206e-05
978 1.70632e-05
979 1.87188e-05
980 1.28257e-05
981 8.37954e-06
982 1.34973e-05
983 1.80081e-05
984 2.90323e-05
985 2.35465e-05
986 1.50688e-05
987 7.54804e-06
988 1.08384e-05
989 6.11146e-06
990 1.18488e-05
991 1.04919e-05
992 9.74451e-06
993 9.54056e-06
994 1.63108e-05
995 1.55863e-05
996 1.67041e-05
997 1.0701e-05
998 4.74152e-06
999 1.27868e-05
1000 1.52784e-05
1001 1.02783e-05
1002 1.11002e-05
1003 1.47815e-05
1004 7.4107e-06
1005 3.11627e-06
1006 5.85242e-06
1007 2.87995e-06
1008 4.40222e-06
1009 3.64776e-06
1010 1.58506e-05
1011 1.05434e-05
1012 4.73264e-06
1013 3.57038e-06
1014 6.39875e-06
1015 2.56276e-05
1016 1.96083e-05
1017 1.97566e-05
1018 1.1393e-05
1019 1.03605e-05
1020 1.4616e-05
1021 1.42428e-05
1022 2.11493e-05
1023 1.49459e-05
1024 1.20084e-05
1025 1.20471e-05
1026 4.83447e-06
1027 8.22275e-06
1028 1.10357e-05
1029 1.55869e-05
1030 6.35745e-06
1031 9.15049e-06
1032 9.26278e-06
1033 6.29653e-06
1034 1.4676e-05
1035 1.63888e-05
1036 1.64738e-05
1037 1.16495e-05
1038 1.43686e-05
1039 9.5104e-06
1040 1.16772e-05
1041 1.13027e-05
1042 1.66231e-05
1043 9.82648e-06
1044 1.59855e-05
1045 1.30372e-05
1046 1.76616e-05
1047 2.18876e-05
1048 2.13842e-05
1049 8.76067e-06
1050 5.44935e-06
1051 3.79801e-06
1052 1.52672e-05
1053 1.07847e-05
1054 1.00949e-05
1055 8.24063e-06
1056 1.05202e-05
1057 4.54641e-06
1058 1.20235e-05
1059 1.84487e-05
1060 1.33555e-05
1061 1.0235e-05
1062 1.29383e-05
1063 1.10676e-05
1064 3.54167e-06
1065 7.47589e-06
1066 9.92048e-06
1067 9.47175e-06
1068 1.21019e-05
1069 1.48936e-05
1070 1.58783e-05
1071 9.82264e-06
1072 1.24955e-05
1073 3.45739e-06
1074 9.3767e-06
1075 1.5036e-05
1076 6.8913e-06
1077 1.21948e-05
1078 9.84114e-06
1079 1.64667e-05
1080 1.71914e-05
1081 1.60057e-05
1082 1.51217e-05
1083 8.9168e-06
1084 1.54122e-05
1085 2.32218e-05
1086 9.10952e-06
1087 1.36394e-05
1088 1.08923e-05
1089 1.00862e-05
1090 1.35379e-05
1091 1.08659e-05
1092 1.43169e-05
1093 9.21537e-06
1094 1.4436e-05
1095 1.09282e-05
1096 9.2731e-06
1097 6.08801e-06
1098 1.23158e-05
1099 9.73818e-06
1100 1.37699e-05
1101 1.1413e-05
1102 1.55747e-05
1103 1.49368e-05
1104 1.58793e-05
1105 1.02696e-05
1106 1.40497e-05
1107 9.82127e-06
1108 2.05379e-05
1109 2.12066e-05
1110 1.50721e-05
1111 1.01039e-05
1112 1.29032e-05
1113 8.33295e-06
1114 1.24433e-05
1115 2.49589e-05
1116 1.21761e-05
1117 2.02366e-05
1118 2.30486e-05
1119 2.06468e-05
1120 6.32791e-06
1121 8.80324e-06
1122 2.53049e-05
1123 1.57953e-05
1124 1.04508e-05
1125 1.11541e-05
1126 8.42568e-06
1127 7.25526e-06
1128 4.4522e-06
1129 8.50642e-06
1130 3.21471e-06
1131 1.07319e-05
1132 1.3875e-05
1133 1.2272e-05
1134 6.25761e-06
1135 1.9256e-05
1136 8.48777e-06
1137 1.16125e-05
1138 1.82954e-05
1139 2.2561e-05
1140 2.0247e-05
1141 1.05376e-05
1142 1.36116e-05
1143 1.47968e-05
1144 7.70632e-06
1145 6.77596e-06
1146 7.27249e-06
1147 1.38285e-05
1148 1.7083e-05
1149 1.18409e-05
1150 9.4239e-06
1151 1.88739e-05
1152 1.45117e-05
1153 1.76541e-05
1154 4.20871e-06
1155 1.5149e-05
1156 1.10518e-05
1157 1.04545e-05
1158 2.03786e-05
1159 1.40466e-05
1160 5.85331e-06
1161 1.11854e-05
1162 4.73976e-06
1163 6.30733e-06
1164 1.28897e-05
1165 8.18289e-06
1166 3.97699e-06
1167 7.51413e-06
1168 7.4869e-06
1169 6.63368e-06
1170 1.70548e-05
1171 1.93056e-05
1172 1.63202e-05
1173 1.27708e-05
1174 1.58776e-05
1175 1.97103e-05
1176 9.31525e-06
1177 4.11394e-06
1178 9.40566e-06
1179 2.2882e-05
1180 1.31384e-05
1181 7.83631e-06
1182 4.46403e-06
1183 7.39259e-06
1184 8.62632e-06
1185 9.30247e-06
1186 6.69368e-06
1187 1.47436e-05
1188 9.50085e-06
1189 7.36833e-06
1190 1.00445e-05
1191 6.97629e-06
1192 7.55035e-06
1193 1.61946e-05
1194 9.99927e-06
1195 1.14536e-05
1196 9.67715e-06
1197 1.00892e-05
1198 6.23125e-06
1199 3.27778e-06
1200 5.7969e-06
1201 1.42145e-05
1202 8.40216e-06
1203 8.2928e-06
1204 9.82524e-06
1205 8.82808e-06
1206 2.05648e-05
1207 7.44678e-06
1208 1.78799e-05
1209 9.26092e-06
1210 1.1247e-05
1211 4.18744e-06
1212 7.38036e-06
1213 5.52154e-06
1214 9.57143e-06
1215 3.61996e-06
1216 1.05072e-05
1217 4.07387e-06
1218 4.11099e-06
1219 9.68976e-06
1220 1.23193e-05
1221 1.15258e-05
1222 8.84728e-06
1223 7.26177e-06
1224 1.32246e-05
1225 7.64138e-06
1226 6.39518e-06
1227 8.40567e-06
1228 1.15551e-05
1229 6.1781e-06
1230 5.16334e-06
1231 1.41347e-05
1232 1.60888e-05
1233 7.19489e-06
1234 1.04273e-05
1235 2.2788e-05
1236 1.92474e-05
1237 9.35913e-06
1238 5.43502e-06
1239 1.24116e-05
1240 8.5607e-06
1241 6.97245e-06
1242 9.44273e-06
1243 8.75101e-06
1244 5.36463e-06
1245 2.43198e-05
1246 1.09157e-05
1247 1.37268e-05
1248 6.11522e-06
1249 8.24212e-06
1250 1.01567e-05
1251 8.1673e-06
1252 3.47045e-06
1253 5.06773e-06
1254 6.42081e-06
1255 8.26797e-06
1256 4.48576e-06
1257 1.10214e-05
1258 6.19574e-06
1259 9.37339e-06
1260 1.39755e-05
1261 7.99362e-06
1262 1.2088e-05
1263 5.73014e-06
1264 6.08386e-06
1265 8.74246e-06
1266 1.93435e-05
1267 9.72814e-06
1268 9.19486e-06
1269 1.74393e-05
1270 8.93815e-06
1271 5.99492e-06
1272 9.53182e-06
1273 1.43522e-05
1274 7.16647e-06
1275 6.6394e-06
1276 3.614e-06
1277 1.32617e-05
1278 3.97451e-06
1279 2.59465e-06
1280 1.83287e-05
1281 3.59679e-06
1282 9.93303e-06
1283 5.62267e-06
1284 1.62533e-05
1285 1.40123e-05
1286 1.1956e-05
1287 1.31155e-05
1288 1.31864e-05
1289 1.76478e-05
1290 6.64449e-06
1291 8.40135e-06
1292 1.2373e-05
1293 1.00254e-05
1294 1.0141e-05
1295 1.38167e-05
1296 1.56928e-05
1297 1.60335e-05
1298 6.18826e-06
1299 9.17637e-06
1300 5.06916e-06
1301 1.08958e-05
1302 5.98847e-06
1303 9.36706e-06
1304 1.38814e-05
1305 1.09002e-05
1306 7.79465e-06
1307 4.11655e-06
1308 1.23363e-05
1309 9.64435e-06
1310 1.07919e-05
1311 8.36851e-06
1312 1.07637e-05
1313 7.50275e-06
1314 1.99621e-05
1315 1.16543e-05
1316 1.04843e-05
1317 6.08039e-06
1318 1.30514e-05
1319 1.30404e-05
1320 8.12831e-06
1321 1.25874e-05
1322 1.02221e-05
1323 1.32408e-05
1324 1.33783e-05
1325 1.02522e-05
1326 1.25718e-05
1327 1.33851e-05
1328 1.56048e-05
1329 9.47485e-06
1330 9.21165e-06
1331 9.05818e-06
1332 6.16898e-06
1333 9.948e-06
1334 1.16402e-05
1335 6.7673e-06
1336 1.20274e-05
1337 5.80899e-06
1338 8.94238e-06
1339 4.4331e-06
1340 6.71261e-06
1341 1.72466e-05
1342 8.14246e-06
1343 9.9837e-06
1344 1.54956e-05
1345 3.43844e-06
1346 1.05283e-05
1347 6.67978e-06
1348 3.89178e-06
1349 2.84954e-06
1350 7.50867e-06
1351 3.90736e-06
1352 4.24121e-06
1353 4.63605e-06
1354 6.89814e-06
1355 2.82123e-06
1356 5.79266e-06
1357 3.89861e-06
1358 1.01022e-05
1359 6.58227e-06
1360 1.11638e-05
1361 8.21237e-06
1362 1.60264e-05
1363 1.46607e-05
1364 5.52069e-06
1365 8.09173e-06
1366 7.16746e-06
1367 1.40755e-05
1368 5.22635e-06
1369 5.41459e-06
1370 7.05469e-06
1371 7.72412e-06
1372 7.87943e-06
1373 1.43422e-05
1374 6.72462e-06
1375 7.4996e-06
1376 4.97222e-06
1377 5.20041e-06
1378 3.94174e-06
1379 4.69697e-06
1380 3.53634e-06
1381 5.94407e-06
1382 8.17455e-06
1383 3.66363e-06
1384 5.41133e-06
1385 8.70787e-06
1386 2.81088e-06
1387 5.60718e-06
1388 2.70419e-06
1389 1.01268e-05
1390 5.68973e-06
1391 3.05349e-06
1392 9.60345e-06
1393 6.86017e-06
1394 1.05655e-05
1395 7.3551e-06
1396 4.60239e-06
1397 3.85602e-06
1398 5.15561e-06
1399 9.63202e-06
1400 4.20522e-06
1401 3.19933e-06
1402 5.31211e-06
1403 6.84603e-06
1404 1.07174e-05
1405 1.0058e-05
1406 1.37593e-05
1407 4.14299e-06
1408 5.58931e-06
1409 3.03472e-06
1410 1.00602e-05
1411 9.66149e-06
1412 5.06713e-06
1413 9.46634e-06
1414 1.82297e-05
1415 9.44858e-06
1416 9.59126e-06
1417 1.29365e-05
1418 4.94395e-06
1419 5.24842e-06
1420 3.99109e-06
1421 3.09164e-06
1422 9.68312e-06
1423 5.0437e-06
1424 1.10061e-05
1425 1.3909e-05
1426 9.22171e-06
1427 2.37777e-06
1428 9.39434e-06
1429 1.70944e-05
1430 6.77661e-06
1431 1.18489e-05
1432 1.56785e-05
1433 1.21534e-05
1434 1.4326e-05
1435 1.71887e-05
1436 8.22779e-06
1437 1.09468e-05
1438 2.41569e-05
1439 1.42476e-05
1440 1.2869e-05
1441 1.07038e-05
1442 1.09337e-05
1443 1.30414e-05
1444 1.20094e-05
1445 1.0296e-05
1446 5.42798e-06
1447 3.4451e-06
1448 7.94569e-06
1449 5.59657e-06
1450 1.27751e-05
1451 3.74754e-06
1452 7.2017e-06
1453 4.0928e-06
1454 9.36069e-06
1455 5.59005e-06
1456 6.80987e-06
1457 5.04009e-06
1458 7.31281e-06
1459 3.39968e-06
1460 3.15838e-06
1461 5.37048e-06
1462 8.96841e-06
1463 3.6104e-06
1464 1.46465e-05
1465 7.62306e-06
1466 3.34631e-06
1467 9.18819e-06
1468 1.32878e-05
1469 8.47722e-06
1470 1.95943e-05
1471 1.57827e-05
1472 1.38533e-05
1473 1.37669e-05
1474 1.28957e-05
1475 1.17343e-05
1476 9.94753e-06
1477 5.4588e-06
1478 8.18303e-06
1479 6.0858e-06
1480 1.27341e-05
1481 5.33067e-06
1482 1.23859e-05
1483 1.32964e-05
1484 5.99033e-06
1485 2.81913e-06
1486 4.92319e-06
1487 1.30416e-05
1488 1.3406e-05
1489 1.03234e-05
1490 5.88868e-06
1491 6.99351e-06
1492 8.0099e-06
1493 1.10974e-05
1494 4.65379e-06
1495 1.28845e-05
1496 1.65444e-05
1497 9.35137e-06
1498 6.10131e-06
1499 6.03803e-06
1500 1.50628e-05
1501 7.92121e-06
1502 6.26321e-06
1503 3.40093e-06
1504 5.00256e-06
1505 7.9624e-06
1506 8.61515e-06
1507 1.32966e-05
1508 1.0465e-05
1509 1.32367e-05
1510 8.74781e-06
1511 5.60528e-06
1512 1.45313e-05
1513 9.92166e-06
1514 1.09347e-05
1515 1.38555e-05
1516 5.94174e-06
1517 1.3921e-05
1518 8.34246e-06
1519 5.47197e-06
1520 2.07827e-05
1521 8.8805e-06
1522 1.18128e-05
1523 7.02033e-06
1524 6.61836e-06
1525 7.03708e-06
1526 8.92834e-06
1527 4.57901e-06
1528 8.39292e-06
1529 1.00396e-05
1530 6.89245e-06
1531 4.29726e-06
1532 4.07248e-06
1533 1.29174e-05
1534 4.56386e-06
1535 6.00457e-06
1536 1.07878e-05
1537 6.21095e-06
1538 3.69552e-06
1539 1.61956e-06
1540 4.29451e-06
1541 3.16966e-06
1542 6.0629e-06
1543 1.12091e-05
1544 4.37725e-06
1545 2.36582e-06
1546 8.86016e-06
1547 5.16678e-06
1548 9.4011e-06
1549 6.98113e-06
1550 8.31449e-06
1551 4.8013e-06
1552 3.076e-06
1553 1.91193e-06
1554 3.61114e-06
1555 2.64942e-06
1556 3.24657e-06
1557 1.51853e-05
1558 9.27431e-06
1559 4.41109e-06
1560 6.19548e-06
1561 1.12502e-05
1562 9.79266e-06
1563 7.08491e-06
1564 3.13269e-06
1565 3.52323e-06
1566 1.41637e-05
1567 1.09667e-05
1568 7.60203e-06
1569 8.34822e-06
1570 9.67715e-06
1571 3.4323e-06
1572 9.90846e-06
1573 7.46039e-06
1574 9.25461e-06
1575 9.10622e-06
1576 4.58088e-06
1577 4.38465e-06
1578 7.21036e-06
1579 1.52969e-05
1580 7.72397e-06
1581 2.22796e-06
1582 4.7827e-06
1583 9.70324e-06
1584 7.79315e-06
1585 5.58757e-06
1586 1.0259e-05
1587 5.80058e-06
1588 3.77929e-06
1589 6.61078e-06
1590 7.58501e-06
1591 1.48388e-06
1592 1.29481e-05
1593 1.56544e-05
1594 9.43795e-06
1595 7.42931e-06
1596 7.08899e-06
1597 9.83682e-06
1598 1.241e-05
1599 9.94401e-06
1600 4.68251e-06
1601 2.34826e-06
1602 1.62281e-06
1603 7.29789e-06
1604 9.5637e-06
1605 8.53894e-06
1606 1.24789e-05
1607 4.44372e-06
1608 2.25555e-06
1609 5.31465e-06
1610 5.36162e-06
1611 1.33372e-06
1612 7.70057e-06
1613 3.38691e-06
1614 4.50129e-06
1615 7.62085e-06
1616 3.95317e-06
1617 1.17855e-05
1618 3.46502e-06
1619 1.91191e-05
1620 7.33707e-06
1621 4.07378e-06
1622 3.96868e-06
1623 1.16701e-05
1624 4.30879e-06
1625 5.26224e-06
1626 6.12427e-06
1627 6.59137e-06
1628 5.23422e-06
1629 3.07934e-06
1630 7.90363e-06
1631 4.45549e-06
1632 3.78048e-06
1633 1.12513e-05
1634 8.78964e-06
1635 4.4168e-06
1636 7.36025e-06
1637 1.26335e-05
1638 9.11258e-06
1639 3.81273e-06
1640 7.03988e-06
1641 9.31437e-06
1642 1.04555e-05
1643 4.75822e-06
1644 5.1898e-06
1645 5.18962e-06
1646 4.26546e-06
1647 6.13566e-06
1648 1.05965e-05
1649 5.56541e-06
1650 3.40369e-06
1651 1.09424e-05
1652 8.71315e-06
1653 2.48637e-06
1654 4.73133e-06
1655 4.41019e-06
1656 9.97668e-06
1657 1.4668e-05
1658 4.9787e-06
1659 7.27082e-06
1660 8.51496e-06
1661 6.35662e-06
1662 2.97549e-06
1663 3.50349e-06
1664 1.88244e-06
1665 5.86488e-06
1666 3.63854e-06
1667 1.14176e-05
1668 1.48838e-05
1669 8.02796e-06
1670 6.66824e-06
1671 7.31393e-06
1672 8.02526e-06
1673 8.81045e-06
1674 6.95132e-06
1675 4.63494e-06
1676 2.2303e-06
1677 3.30568e-06
1678 4.66635e-06
1679 2.43136e-06
1680 9.80781e-06
1681 3.87136e-06
1682 5.16244e-06
1683 9.81444e-06
1684 3.93024e-06
1685 2.09633e-06
1686 4.5692e-06
1687 2.55982e-06
1688 1.44742e-06
1689 1.07345e-05
1690 1.90455e-06
1691 4.33806e-06
1692 1.5501e-05
1693 5.91339e-06
1694 3.52416e-06
1695 1.01596e-05
1696 1.11119e-05
1697 1.65164e-05
1698 1.06547e-05
1699 4.19138e-06
1700 3.16785e-06
1701 1.07701e-05
1702 8.36778e-06
1703 6.93207e-06
1704 1.12261e-05
1705 5.14417e-06
1706 5.74067e-06
1707 5.86803e-06
1708 2.17373e-06
1709 1.53624e-05
1710 1.85316e-05
1711 5.37747e-06
1712 3.72414e-06
1713 3.46301e-06
1714 6.30633e-06
1715 7.45819e-06
1716 3.56169e-06
1717 4.51325e-06
1718 1.18806e-05
1719 5.11657e-06
1720 4.78895e-06
1721 5.98488e-06
1722 1.08101e-05
1723 1.27283e-05
1724 6.68382e-06
1725 4.58431e-06
1726 4.1595e-06
1727 1.20748e-05
1728 7.09052e-06
1729 3.51077e-06
1730 2.69315e-06
1731 8.26056e-06
1732 3.02517e-06
1733 6.77108e-06
1734 1.70492e-05
1735 1.07527e-05
1736 9.30719e-06
1737 1.57802e-05
1738 1.12726e-05
1739 1.4666e-05
1740 1.43354e-05
1741 9.59756e-06
1742 5.27506e-06
1743 2.5331e-06
1744 4.85825e-06
1745 7.31537e-06
1746 3.49953e-06
1747 1.45619e-05
1748 6.24679e-06
1749 6.27576e-06
1750 4.63511e-06
1751 2.72156e-06
1752 3.28673e-06
1753 9.32766e-06
1754 1.47009e-05
1755 7.17116e-06
1756 4.25348e-06
1757 3.91233e-06
1758 1.8247e-06
1759 5.95174e-06
1760 2.55049e-06
1761 2.39542e-06
1762 9.70158e-06
1763 8.30921e-06
1764 7.37997e-06
1765 1.00561e-05
1766 4.50043e-06
1767 5.95825e-06
1768 6.63205e-06
1769 2.32601e-06
1770 1.17037e-05
1771 9.1146e-06
1772 1.17654e-05
1773 4.65187e-06
1774 7.38646e-06
1775 3.49146e-06
1776 5.85692e-06
1777 2.51326e-06
1778 2.9624e-06
1779 5.16721e-06
1780 6.70129e-07
1781 1.18021e-06
1782 4.86036e-06
1783 3.707e-06
1784 1.75682e-06
1785 9.44313e-06
1786 9.19972e-06
1787 6.92714e-06
1788 2.7263e-06
1789 2.28204e-06
1790 6.00505e-06
1791 4.4091e-06
1792 5.2116e-06
1793 4.07577e-06
1794 1.14616e-05
1795 3.21827e-06
1796 4.401e-06
1797 6.07077e-06
1798 1.62759e-06
1799 3.10375e-06
1800 6.03276e-06
1801 1.90543e-06
1802 2.76871e-06
1803 1.97753e-06
1804 5.71141e-06
1805 8.34539e-06
1806 5.52228e-06
1807 5.80084e-06
1808 3.27961e-06
1809 1.03963e-06
1810 7.50051e-06
1811 3.47833e-06
1812 3.25468e-06
1813 9.00365e-06
1814 7.33475e-06
1815 9.85494e-06
1816 4.70984e-06
1817 1.03754e-06
1818 2.57075e-06
1819 3.21417e-06
1820 6.82114e-06
1821 1.12071e-05
1822 3.62062e-06
1823 1.27974e-06
1824 8.42038e-06
1825 8.82093e-06
1826 1.03972e-05
1827 6.83749e-06
1828 9.42003e-06
1829 7.39804e-06
1830 7.4679e-06
1831 9.81706e-06
1832 6.11252e-06
1833 3.26466e-06
1834 2.87886e-06
1835 1.35329e-06
1836 9.32072e-06
1837 7.21778e-06
1838 4.44747e-06
1839 1.15862e-05
1840 8.26948e-06
1841 8.95191e-06
1842 2.00228e-05
1843 1.23272e-05
1844 9.93107e-06
1845 9.70098e-06
1846 4.50065e-06
1847 7.44507e-06
1848 3.28345e-06
1849 2.64531e-06
1850 3.46525e-06
1851 2.26662e-06
1852 8.41061e-06
1853 6.19792e-06
1854 1.18455e-05
1855 1.1e-05
1856 8.45374e-06
1857 1.30273e-06
1858 1.07145e-05
1859 1.01116e-05
1860 5.20168e-06
1861 4.40687e-06
1862 5.90281e-06
1863 3.94693e-06
1864 2.91183e-06
1865 6.65764e-06
1866 4.40043e-06
1867 2.30539e-06
1868 3.37056e-06
1869 2.36638e-06
1870 2.40871e-06
1871 4.9839e-06
1872 5.77482e-06
1873 7.23032e-06
1874 1.04512e-05
1875 1.18752e-05
1876 1.06215e-05
1877 2.95534e-06
1878 8.04012e-07
1879 7.6301e-06
1880 7.06502e-06
1881 4.32204e-06
1882 1.29156e-05
1883 1.4087e-05
1884 6.33967e-06
1885 1.25064e-05
1886 1.28631e-05
1887 3.63285e-06
1888 5.34267e-06
1889 5.12625e-06
1890 7.69435e-06
1891 4.53404e-06
1892 7.73291e-06
1893 2.7654e-06
1894 1.5904e-06
1895 4.66217e-06
1896 4.60126e-06
1897 1.60602e-06
1898 1.38974e-06
1899 1.79754e-06
1900 7.07204e-06
1901 5.2158e-06
1902 7.87868e-07
1903 1.80302e-06
1904 5.96922e-06
1905 2.69887e-06
1906 2.33434e-06
1907 3.33044e-06
1908 1.58115e-06
1909 7.08124e-06
1910 9.27605e-06
1911 2.7361e-06
1912 8.81748e-07
1913 1.61178e-06
1914 7.39059e-06
1915 8.88534e-06
1916 2.3183e-06
1917 6.30639e-06
1918 2.99039e-06
1919 8.0529e-06
1920 8.81605e-07
1921 7.83527e-06
1922 3.27097e-06
1923 6.66336e-06
1924 6.49175e-06
1925 5.27817e-06
1926 1.26899e-05
1927 6.61515e-06
1928 1.30036e-05
1929 1.38599e-05
1930 5.17373e-06
1931 3.57532e-06
1932 7.08714e-06
1933 6.90099e-06
1934 2.21228e-06
1935 9.36143e-07
1936 7.12458e-07
1937 2.29382e-06
1938 5.11538e-06
1939 7.79197e-06
1940 3.42166e-06
1941 3.97135e-06
1942 2.35395e-06
1943 2.5555e-06
1944 1.78028e-06
1945 4.10771e-07
1946 1.02284e-06
1947 2.45494e-06
1948 2.29172e-06
1949 9.57031e-06
1950 2.60593e-06
1951 3.112e-06
1952 6.85225e-06
1953 7.41518e-06
1954 6.6252e-06
1955 6.32838e-06
1956 1.14303e-05
1957 1.08208e-05
1958 7.21694e-06
1959 3.96206e-06
1960 2.63828e-06
1961 4.12171e-06
1962 7.50851e-06
1963 2.23224e-06
1964 1.28546e-06
1965 1.19281e-06
1966 8.06837e-07
1967 2.24967e-06
1968 1.40849e-06
1969 7.54816e-06
1970 6.33492e-06
1971 7.69409e-06
1972 7.2899e-06
1973 6.7443e-06
1974 2.59602e-06
1975 1.2747e-05
1976 9.68551e-06
1977 7.64847e-06
1978 5.86237e-06
1979 5.11293e-06
1980 6.94936e-06
1981 4.68092e-06
1982 5.54287e-06
1983 3.62054e-06
1984 5.10133e-06
1985 3.05254e-06
1986 4.85348e-06
1987 3.97782e-06
1988 5.08168e-06
1989 1.08807e-05
1990 5.81556e-06
1991 8.17326e-06
1992 8.87361e-06
1993 4.70663e-06
1994 1.75461e-06
1995 1.28827e-06
1996 1.95251e-06
1997 2.66139e-06
1998 8.52519e-07
1999 4.82466e-07
2000 7.17108e-06
2001 2.62826e-06
2002 9.87713e-06
2003 3.81759e-06
2004 3.3475e-06
2005 6.64576e-06
2006 6.73303e-06
2007 4.25527e-06
2008 6.36944e-06
2009 6.85386e-06
2010 3.06605e-06
2011 2.80286e-06
2012 4.99091e-06
2013 3.37328e-06
2014 2.87346e-06
2015 2.4941e-06
2016 6.64539e-06
2017 7.32585e-06
2018 5.46694e-06
2019 1.9517e-06
2020 6.92096e-06
2021 7.21795e-06
2022 3.46135e-06
2023 3.17255e-06
2024 5.86044e-06
2025 7.90733e-06
2026 2.57016e-06
2027 2.92853e-06
2028 7.97209e-06
2029 9.98096e-06
2030 5.44882e-06
2031 6.85131e-06
2032 2.12727e-06
2033 1.45658e-06
2034 9.88919e-07
2035 5.32519e-06
2036 3.28644e-06
2037 7.35309e-06
2038 2.4613e-06
2039 6.63529e-06
2040 2.33664e-06
2041 5.39569e-06
2042 6.68986e-06
2043 4.7899e-06
2044 4.24035e-06
2045 1.49316e-06
2046 6.78221e-06
2047 9.75599e-06
2048 5.52525e-06
2049 5.40312e-06
2050 2.28867e-06
2051 6.54048e-06
2052 6.99516e-06
2053 7.35853e-06
2054 7.59831e-06
2055 5.00184e-06
2056 8.35313e-06
2057 2.23252e-06
2058 1.08293e-06
2059 1.33489e-06
2060 1.07852e-05
2061 9.51616e-06
2062 6.27354e-06
2063 6.34547e-06
2064 1.36713e-05
2065 2.90798e-06
2066 7.65522e-06
2067 4.8854e-06
2068 1.26804e-06
2069 5.02939e-06
2070 5.2498e-06
2071 1.94861e-06
2072 1.31938e-06
2073 1.14917e-05
2074 3.86381e-06
2075 5.84729e-06
2076 7.19184e-06
2077 6.8003e-06
2078 3.15357e-06
2079 7.80686e-06
2080 3.98303e-06
2081 5.89732e-06
2082 3.19982e-06
2083 2.9759e-06
2084 5.06367e-06
2085 3.70597e-06
2086 5.83971e-06
2087 4.71007e-06
2088 7.71903e-06
2089 1.03231e-05
2090 1.82397e-06
2091 5.13065e-06
2092 7.72149e-06
2093 3.40409e-06
2094 6.20243e-06
2095 8.13764e-06
2096 7.6074e-06
2097 4.38666e-06
2098 9.20567e-06
2099 6.55232e-06
2100 4.77738e-06
2101 3.39353e-06
2102 1.79505e-06
2103 2.11573e-06
2104 2.63016e-07
2105 1.44971e-06
2106 3.89166e-07
2107 2.2258e-06
2108 4.90779e-06
2109 2.77306e-06
2110 3.53293e-06
2111 6.22997e-06
2112 3.9621e-06
2113 2.47569e-06
2114 1.72921e-06
2115 1.31237e-06
2116 4.61896e-06
2117 4.72757e-06
2118 3.64872e-06
2119 1.52835e-05
2120 9.83098e-06
2121 4.26531e-06
2122 3.763e-06
2123 1.13356e-06
2124 9.94324e-07
2125 5.10817e-06
2126 2.55058e-06
2127 1.73064e-06
2128 6.69757e-06
2129 4.79301e-06
2130 4.35117e-06
2131 3.05769e-06
2132 4.44872e-06
2133 3.80248e-06
2134 1.74914e-06
2135 1.49793e-06
2136 3.60425e-06
2137 2.95434e-06
2138 1.01943e-05
2139 3.93572e-06
2140 6.67582e-06
2141 5.25523e-06
2142 4.14192e-06
2143 1.67321e-06
2144 2.50105e-06
2145 5.22828e-06
2146 7.49746e-06
2147 5.26845e-06
2148 3.35252e-06
2149 3.24947e-06
2150 5.9893e-06
2151 2.19912e-06
2152 5.18401e-06
2153 1.36101e-06
2154 1.70517e-06
2155 1.15193e-06
2156 1.79322e-05
2157 1.1783e-05
2158 3.18225e-06
2159 7.84865e-06
2160 1.13425e-05
2161 8.40504e-06
2162 9.74229e-06
2163 5.46311e-06
2164 2.42301e-06
2165 4.04363e-06
2166 1.29813e-06
2167 1.92948e-06
2168 3.9632e-06
2169 3.35661e-06
2170 2.72652e-06
2171 1.24242e-06
2172 9.27147e-06
2173 3.77661e-06
2174 7.61819e-06
2175 2.70291e-06
2176 5.57479e-06
2177 1.93269e-06
2178 5.50002e-06
2179 6.68913e-06
2180 5.80983e-06
2181 2.00082e-06
2182 6.26403e-06
2183 3.72603e-06
2184 3.3045e-06
2185 2.70107e-06
2186 1.70205e-06
2187 1.28666e-05
2188 7.83923e-06
2189 4.46893e-06
2190 3.09007e-06
2191 8.07342e-07
2192 2.76918e-06
2193 4.77957e-06
2194 6.06608e-06
2195 5.16363e-06
2196 3.93664e-06
2197 1.27558e-05
2198 2.33223e-06
2199 1.27441e-06
2200 1.05937e-06
2201 3.64968e-06
2202 1.15097e-06
2203 1.08921e-06
2204 4.74871e-06
2205 6.02266e-06
2206 2.86868e-06
2207 8.39693e-07
2208 2.37435e-06
2209 2.93227e-06
2210 2.87806e-06
2211 1.80188e-06
2212 3.60366e-06
2213 5.80965e-06
2214 1.81671e-06
2215 3.06231e-06
2216 3.37378e-06
2217 6.57092e-06
2218 8.1494e-06
2219 6.46878e-06
2220 3.05204e-06
2221 3.41534e-06
2222 1.89145e-06
2223 5.05964e-06
2224 2.29978e-06
2225 3.48785e-06
2226 7.4724e-06
2227 5.2199e-06
2228 2.16233e-06
2229 1.12616e-06
2230 2.06023e-06
2231 3.38685e-06
2232 3.51521e-06
2233 3.68842e-06
2234 2.09953e-06
2235 1.29589e-06
2236 6.73688e-06
2237 3.52003e-06
2238 5.05296e-06
2239 3.18308e-06
2240 1.99215e-06
2241 3.56372e-06
2242 6.85102e-06
2243 9.08569e-06
2244 5.78423e-06
2245 1.77815e-06
2246 2.56565e-06
2247 3.04981e-06
2248 3.17433e-06
2249 6.14627e-06
2250 5.07097e-06
2251 7.57093e-06
2252 4.57073e-06
2253 1.1393e-05
2254 3.4832e-06
2255 6.8447e-06
2256 8.80583e-06
2257 4.2864e-06
2258 2.89317e-06
2259 6.77062e-06
2260 1.23058e-06
2261 3.40671e-06
2262 3.23327e-06
2263 1.81438e-06
2264 2.99212e-06
2265 1.19834e-05
2266 4.61444e-06
2267 6.65869e-06
2268 5.29719e-06
2269 1.56971e-06
2270 7.97543e-06
2271 5.42412e-06
2272 7.10594e-07
2273 1.80266e-06
2274 1.06264e-05
2275 9.36731e-06
2276 3.33619e-06
2277 1.79958e-06
2278 2.42743e-06
2279 2.21332e-06
2280 1.25626e-05
2281 4.19597e-06
2282 6.28822e-06
2283 4.07158e-06
2284 8.85422e-07
2285 2.87059e-06
2286 5.49193e-06
2287 2.12177e-06
2288 4.07184e-06
2289 3.29082e-06
2290 1.32933e-06
2291 2.8876e-06
2292 1.29296e-06
2293 6.03128e-06
2294 3.6311e-06
2295 2.10174e-06
2296 6.57427e-06
2297 1.37291e-06
2298 5.58746e-06
2299 5.99573e-06
2300 6.61388e-06
2301 6.04437e-06
2302 2.86897e-06
2303 1.52921e-06
2304 2.00191e-06
2305 3.26622e-07
2306 4.50769e-06
2307 9.71805e-06
2308 8.92425e-06
2309 8.31529e-06
2310 3.1998e-06
2311 6.79783e-06
2312 1.35253e-05
2313 1.40385e-06
2314 1.88045e-06
2315 4.96383e-06
2316 4.30764e-06
2317 5.37345e-06
2318 1.83548e-06
2319 4.90374e-06
2320 1.55178e-06
2321 5.79695e-06
2322 4.53104e-06
2323 8.75814e-06
2324 8.80139e-06
2325 1.23994e-05
2326 3.24892e-06
2327 8.45743e-06
2328 7.3722e-06
2329 8.4772e-06
2330 2.87885e-06
2331 5.44849e-06
2332 3.34322e-06
2333 5.48509e-06
2334 3.80534e-06
2335 2.69439e-06
2336 7.60469e-07
2337 4.18952e-06
2338 7.91423e-07
2339 7.67407e-06
2340 2.87501e-06
2341 5.72644e-06
2342 6.11248e-06
2343 2.46935e-06
2344 2.98261e-06
2345 5.89892e-06
2346 3.22423e-06
2347 1.30982e-06
2348 4.98868e-06
2349 7.65791e-06
2350 3.44083e-06
2351 7.69738e-07
2352 2.40248e-06
2353 5.50064e-06
2354 3.80944e-06
2355 6.35694e-07
2356 2.35567e-06
2357 4.02504e-06
2358 1.26231e-06
2359 3.79582e-06
2360 2.86799e-06
2361 2.39161e-06
2362 3.15138e-06
2363 6.08988e-06
2364 7.3005e-06
2365 3.45987e-06
2366 1.77574e-06
2367 3.30536e-06
2368 6.5789e-06
2369 5.36422e-06
2370 2.12345e-06
2371 1.65637e-06
2372 6.19267e-06
2373 1.893e-06
2374 1.15484e-06
2375 1.15914e-06
2376 1.24193e-06
2377 5.41888e-07
2378 4.39543e-07
2379 8.44612e-07
2380 9.83851e-07
2381 1.63662e-06
2382 7.11833e-08
2383 6.6087e-08
2384 4.64443e-06
2385 2.40168e-06
2386 3.44396e-06
2387 6.78859e-06
2388 2.17092e-06
2389 4.54297e-06
2390 1.66953e-06
2391 6.67513e-07
2392 1.76436e-06
2393 2.82534e-06
2394 1.44841e-06
2395 6.73779e-06
2396 6.94656e-06
2397 3.59613e-06
2398 3.96822e-06
2399 5.31241e-06
2400 8.75329e-06
2401 3.79352e-06
2402 2.37804e-06
2403 1.88192e-06
2404 2.81669e-06
2405 4.75417e-06
2406 3.20263e-06
2407 6.0437e-06
2408 7.11032e-06
2409 6.99413e-06
2410 8.09226e-06
2411 2.57482e-06
2412 4.40346e-06
2413 1.689e-06
2414 4.42902e-06
2415 1.18156e-05
2416 6.72968e-06
2417 2.14353e-06
2418 4.18301e-06
2419 2.73003e-06
2420 2.60166e-06
2421 6.20622e-06
2422 3.04186e-06
2423 4.04955e-06
2424 4.14886e-06
2425 9.96922e-06
2426 7.97108e-06
2427 3.2463e-06
2428 3.39688e-06
2429 2.6261e-06
2430 2.63397e-06
2431 1.37062e-06
2432 4.62738e-07
2433 9.13675e-07
2434 1.5202e-06
2435 1.70669e-06
2436 6.46573e-06
2437 7.50114e-06
2438 3.19163e-06
2439 3.03744e-06
2440 1.13695e-06
2441 1.42647e-06
2442 7.46079e-06
2443 6.51843e-06
2444 2.78598e-06
2445 3.07046e-06
2446 1.63658e-06
2447 1.7202e-06
2448 2.90449e-07
2449 7.10014e-07
2450 7.54702e-06
2451 2.99796e-06
2452 3.49593e-06
2453 3.25019e-06
2454 5.2275e-06
2455 3.26897e-06
2456 1.382e-06
2457 1.90836e-06
2458 1.35525e-06
2459 3.81709e-06
2460 2.79985e-06
2461 1.85732e-06
2462 6.81492e-07
2463 2.38e-06
2464 2.82661e-06
2465 1.16603e-06
2466 5.62172e-06
2467 9.64771e-07
2468 4.81447e-06
2469 2.19765e-06
2470 3.13326e-06
2471 1.12604e-06
2472 4.67813e-07
2473 4.51383e-07
2474 1.60144e-06
2475 9.3891e-07
2476 3.4258e-06
2477 9.78519e-07
2478 7.96213e-06
2479 8.07374e-07
2480 4.98055e-06
2481 3.19908e-06
2482 2.9048e-06
2483 3.57337e-06
2484 2.75748e-06
2485 3.57295e-06
2486 3.28205e-06
2487 1.01169e-06
2488 9.64675e-07
2489 9.92937e-07
2490 1.93759e-06
2491 1.28434e-06
2492 5.38367e-06
2493 4.37412e-06
2494 3.89519e-06
2495 5.15648e-06
2496 6.38309e-06
2497 4.65823e-06
2498 1.05385e-06
2499 2.71817e-06
2500 1.97396e-06
2501 9.98995e-07
2502 6.59535e-06
2503 1.38833e-06
2504 1.41322e-06
2505 2.09451e-06
2506 1.04808e-06
2507 2.12358e-06
2508 5.1345e-06
2509 7.96973e-06
2510 2.34419e-06
2511 1.87675e-06
2512 1.30539e-06
2513 1.25181e-06
2514 2.90545e-06
2515 7.89068e-07
2516 2.7786e-06
2517 2.53315e-06
2518 3.37496e-07
2519 2.71659e-06
2520 3.10924e-06
2521 2.35246e-06
2522 1.76122e-06
2523 1.37858e-06
2524 9.55184e-07
2525 9.51252e-07
2526 2.84862e-07
2527 6.55761e-07
2528 1.57563e-06
2529 8.52707e-07
2530 4.19295e-07
2531 4.82776e-06
2532 7.65273e-06
2533 1.6637e-06
2534 3.58342e-06
2535 8.24513e-07
2536 5.62611e-07
2537 2.34959e-06
2538 3.67188e-06
2539 4.98501e-06
2540 3.24488e-06
2541 5.26362e-07
2542 1.72248e-06
2543 6.87347e-07
2544 4.31878e-06
2545 3.68861e-06
2546 5.93163e-06
2547 3.35864e-06
2548 2.52214e-06
2549 1.42033e-06
2550 8.66383e-06
2551 2.72107e-06
2552 4.48312e-06
2553 5.12319e-06
2554 8.03514e-06
2555 1.50741e-06
2556 2.52721e-06
2557 4.33371e-06
2558 2.7353e-06
2559 5.89033e-06
2560 2.27604e-06
2561 1.78806e-06
2562 3.39728e-06
2563 7.14681e-06
2564 3.44436e-06
2565 3.29346e-06
2566 9.33982e-07
2567 4.95107e-06
2568 4.84014e-06
2569 3.12749e-06
2570 2.60949e-06
2571 2.62897e-06
2572 1.35599e-06
2573 1.9354e-06
2574 2.00655e-06
2575 1.18814e-06
2576 6.39153e-07
2577 4.56742e-06
2578 5.34511e-06
2579 3.57807e-06
2580 7.34152e-06
2581 1.78709e-06
2582 1.06506e-05
2583 7.61915e-07
2584 5.39744e-06
2585 4.40486e-06
2586 8.11749e-06
2587 1.57291e-06
2588 8.30672e-07
2589 5.87882e-06
2590 2.6712e-06
2591 3.91467e-07
2592 5.72021e-06
2593 6.37682e-06
2594 5.68825e-06
2595 2.1244e-06
2596 2.70971e-06
2597 2.46034e-06
2598 2.16588e-06
2599 7.00401e-06
2600 3.4967e-06
2601 3.77464e-06
2602 2.06329e-06
2603 1.66635e-06
2604 9.76862e-06
2605 7.13596e-06
2606 3.92572e-06
2607 2.739e-06
2608 1.30384e-06
2609 7.70299e-07
2610 1.20902e-06
2611 2.08805e-06
2612 9.45106e-06
2613 3.79764e-06
2614 4.44614e-06
2615 9.49264e-06
2616 2.60334e-06
2617 7.62328e-06
2618 1.69276e-06
2619 1.12599e-05
2620 1.0154e-05
2621 4.45543e-06
2622 2.86436e-06
2623 5.72495e-06
2624 4.31701e-06
2625 1.8397e-06
2626 9.70398e-06
2627 8.85625e-07
2628 1.07131e-06
2629 7.64987e-06
2630 3.38544e-06
2631 1.04829e-06
2632 5.52053e-06
2633 2.2035e-06
2634 1.717e-06
2635 2.4522e-06
2636 3.17685e-06
2637 5.58741e-06
2638 6.43619e-06
2639 2.88958e-06
2640 2.54533e-06
2641 3.17845e-06
2642 2.94308e-06
2643 1.62276e-06
2644 1.10992e-06
2645 4.89816e-06
2646 3.45265e-06
2647 2.73767e-06
2648 4.67197e-06
2649 2.01719e-06
2650 5.2612e-06
2651 5.59307e-06
2652 1.7303e-06
2653 5.16892e-06
2654 2.41309e-06
2655 2.31361e-06
2656 1.313e-06
2657 2.4859e-06
2658 8.94828e-07
2659 1.00322e-06
2660 4.00377e-07
2661 1.13743e-06
2662 4.56286e-06
2663 1.89245e-06
2664 4.75305e-06
2665 2.13507e-06
2666 1.08855e-06
2667 3.29335e-07
2668 5.84742e-07
2669 3.63373e-06
2670 2.39966e-06
2671 7.94046e-07
2672 8.81136e-07
2673 9.71356e-07
2674 5.33895e-06
2675 2.25628e-06
2676 4.84143e-07
2677 2.52804e-07
2678 5.87487e-06
2679 4.41536e-06
2680 1.65293e-06
2681 5.06852e-07
2682 5.10935e-06
2683 7.27964e-06
2684 3.65297e-06
2685 1.42467e-06
2686 4.01348e-06
2687 7.08679e-06
2688 3.47207e-06
2689 5.00943e-06
2690 7.90743e-06
2691 2.97404e-06
2692 3.17756e-06
2693 1.36855e-06
2694 4.8211e-06
2695 1.76804e-06
2696 5.29093e-06
2697 5.82517e-06
2698 7.40591e-06
2699 6.3403e-06
2700 1.89455e-06
2701 2.00369e-06
2702 1.37822e-06
2703 6.25617e-06
2704 3.46413e-06
2705 2.53465e-06
2706 2.97186e-06
2707 9.00955e-07
2708 9.64779e-07
2709 8.69017e-07
2710 5.66474e-06
2711 3.33991e-06
2712 1.77364e-06
2713 2.69373e-07
2714 1.7717e-06
2715 3.50187e-06
2716 3.66538e-06
2717 1.91652e-06
2718 8.75045e-07
2719 2.27267e-06
2720 5.23422e-06
2721 2.94785e-06
2722 2.92974e-06
2723 3.06823e-06
2724 7.14996e-06
2725 8.05149e-07
2726 6.90492e-06
2727 2.83514e-06
2728 1.29639e-06
2729 3.03266e-06
2730 4.66653e-06
2731 7.09963e-06
2732 3.06958e-06
2733 1.70198e-06
2734 2.123e-06
2735 1.3141e-06
2736 1.76765e-06
2737 4.23389e-06
2738 7.92034e-06
2739 3.73343e-06
2740 1.61579e-06
2741 4.31544e-06
2742 2.61569e-06
2743 3.93493e-06
2744 3.19554e-06
2745 2.60426e-06
2746 7.53164e-06
2747 2.79354e-06
2748 6.10808e-06
2749 2.98158e-06
2750 3.29879e-06
2751 8.49996e-07
2752 5.14087e-07
2753 1.79282e-06
2754 7.02929e-07
2755 4.16239e-06
2756 3.76237e-06
2757 2.24758e-06
2758 1.36604e-06
2759 2.18786e-06
2760 6.54233e-07
2761 9.79695e-07
2762 3.56152e-06
2763 7.51489e-07
2764 1.2645e-06
2765 3.20153e-07
2766 8.66727e-07
2767 8.02505e-06
2768 2.36702e-06
2769 8.46264e-06
2770 2.46121e-06
2771 9.31782e-07
2772 4.80645e-06
2773 2.37957e-06
2774 3.00778e-07
2775 4.62402e-06
2776 2.46165e-06
2777 5.92839e-06
2778 7.80965e-06
2779 4.89456e-06
2780 2.41971e-06
2781 1.78817e-06
2782 1.78304e-06
2783 7.28433e-07
2784 8.83588e-07
2785 2.43872e-07
2786 7.88955e-06
2787 2.43401e-06
2788 1.2114e-06
2789 4.5809e-06
2790 7.68869e-06
2791 3.82609e-06
2792 1.46169e-06
2793 4.22812e-07
2794 1.81798e-06
2795 9.52224e-07
2796 4.59313e-06
2797 2.21475e-06
2798 8.23666e-07
2799 5.81851e-07
2800 5.47118e-06
2801 1.94845e-06
2802 2.33879e-06
2803 9.27341e-06
2804 2.14826e-06
2805 2.18231e-06
2806 1.22642e-06
2807 1.8482e-06
2808 1.71709e-06
2809 4.29635e-06
2810 9.418e-06
2811 2.13105e-06
2812 2.65373e-06
2813 6.55591e-06
2814 2.95212e-06
2815 5.10395e-07
2816 5.50917e-06
2817 9.79772e-06
2818 4.04649e-06
2819 2.03039e-06
2820 9.79832e-07
2821 8.5863e-07
2822 8.23034e-07
2823 4.53257e-06
2824 2.34024e-06
2825 7.16675e-06
2826 4.13905e-06
2827 4.2218e-06
2828 2.74345e-06
2829 1.89848e-06
2830 6.42315e-07
2831 6.39086e-06
2832 2.08958e-06
2833 2.32287e-06
2834 1.96887e-06
2835 7.55559e-07
2836 5.466e-07
2837 6.26287e-06
2838 1.09168e-05
2839 4.03213e-06
2840 4.83367e-06
2841 7.9732e-07
2842 3.50205e-07
2843 6.3477e-06
2844 2.86333e-06
2845 2.10079e-06
2846 1.55461e-06
2847 2.50463e-06
2848 3.36296e-07
2849 1.62937e-06
2850 2.76429e-06
2851 1.13409e-06
2852 2.70466e-06
2853 4.80148e-06
2854 9.80395e-06
2855 5.00171e-06
2856 5.28032e-07
2857 4.15906e-07
2858 3.56056e-06
2859 9.9927e-07
2860 4.20343e-06
2861 7.65928e-06
2862 2.7702e-06
2863 8.84748e-07
2864 6.28538e-07
2865 1.79958e-06
2866 3.3942e-07
2867 2.80488e-06
2868 2.47491e-06
2869 2.38847e-06
2870 1.94109e-06
2871 1.06855e-06
2872 5.34026e-07
2873 3.67385e-06
2874 1.64092e-06
2875 3.71923e-06
2876 4.27054e-06
2877 6.57075e-06
2878 4.87129e-06
2879 3.26539e-06
2880 3.26456e-06
2881 1.36167e-06
2882 1.06436e-05
2883 3.40796e-06
2884 4.84264e-06
2885 1.13781e-06
2886 1.56314e-06
2887 2.66699e-06
2888 1.01089e-06
2889 2.49344e-06
2890 1.79058e-06
2891 4.70688e-07
2892 1.78642e-06
2893 1.34934e-06
2894 1.72039e-06
2895 5.45555e-07
2896 2.44822e-07
2897 1.48632e-07
2898 1.34666e-06
2899 6.52234e-07
2900 1.72118e-06
2901 6.64078e-07
2902 1.94738e-06
2903 3.11097e-07
2904 1.23293e-07
2905 3.86846e-07
2906 4.28811e-06
2907 2.48994e-07
2908 8.99819e-07
2909 4.34014e-06
2910 3.34389e-06
2911 1.23355e-06
2912 4.67405e-06
2913 3.25911e-06
2914 1.81872e-06
2915 9.24112e-06
2916 5.78027e-06
2917 6.6615e-06
2918 8.07397e-06
2919 2.75692e-06
2920 8.21419e-07
2921 6.01529e-07
2922 4.50596e-06
2923 9.68527e-06
2924 2.25373e-06
2925 9.54288e-06
2926 3.08058e-06
2927 6.13873e-06
2928 7.12989e-06
2929 2.25587e-06
2930 6.07599e-06
2931 2.02149e-06
2932 1.4263e-06
2933 6.65225e-06
2934 7.9845e-06
2935 2.35811e-06
2936 1.50571e-06
2937 5.74437e-06
2938 4.51771e-06
2939 5.89207e-06
2940 4.08571e-06
2941 5.94923e-06
2942 1.80225e-06
2943 4.83672e-06
2944 4.57331e-06
2945 4.93833e-06
2946 2.25634e-06
2947 3.06996e-06
2948 5.19027e-06
2949 2.35074e-06
2950 3.31459e-07
2951 2.18372e-06
2952 1.48607e-06
2953 1.10866e-06
2954 1.80816e-06
2955 4.66832e-06
2956 4.14222e-06
2957 7.55736e-06
2958 2.28281e-06
2959 9.53438e-07
2960 9.36573e-07
2961 7.47465e-06
2962 9.64907e-06
2963 3.06861e-06
2964 5.40494e-06
2965 2.14872e-06
2966 9.98239e-07
2967 3.0217e-06
2968 2.01417e-06
2969 3.29003e-07
2970 1.86224e-06
2971 1.59251e-06
2972 7.59828e-07
2973 4.18412e-06
2974 1.85572e-06
2975 3.11451e-06
2976 3.71097e-06
2977 1.11044e-06
2978 3.83276e-06
2979 9.48136e-06
2980 8.59025e-06
2981 1.88237e-06
2982 6.78653e-06
2983 2.4842e-06
2984 1.73604e-06
2985 5.34517e-06
2986 2.04605e-06
2987 7.03569e-07
2988 2.77554e-06
2989 5.23118e-06
2990 1.91721e-06
2991 1.24465e-05
2992 6.195e-06
2993 6.39713e-06
2994 7.59073e-07
2995 7.51279e-07
2996 2.08609e-06
2997 3.34482e-06
2998 1.64516e-06
2999 9.06125e-07
3000 5.37226e-07
3001 3.97051e-07
3002 7.6177e-07
3003 1.83044e-06
3004 2.76927e-06
3005 3.59903e-06
3006 1.93637e-06
3007 2.463e-06
3008 7.62874e-07
3009 3.87611e-07
3010 2.52136e-07
3011 2.61634e-06
3012 1.52786e-06
3013 5.84254e-07
3014 1.74592e-06
3015 2.04867e-06
3016 3.00629e-06
3017 1.9554e-06
3018 1.24843e-06
3019 5.38077e-07
3020 4.98831e-06
3021 2.11274e-06
3022 8.61436e-07
3023 1.0659e-06
3024 1.27522e-06
3025 2.70682e-07
3026 5.73003e-07
3027 2.43525e-07
3028 4.13173e-06
3029 2.14291e-06
3030 2.79855e-06
3031 5.14156e-06
3032 2.81451e-06
3033 1.51816e-06
3034 2.04018e-06
3035 7.92254e-06
3036 8.15058e-06
3037 3.5451e-06
3038 2.99737e-06
3039 7.18281e-06
3040 2.43579e-06
3041 2.68064e-07
3042 4.89369e-07
3043 1.01685e-06
3044 3.72007e-07
3045 1.60655e-06
3046 7.97231e-08
3047 1.37204e-06
3048 2.54827e-06
3049 2.57535e-06
3050 1.79862e-06
3051 6.72743e-07
3052 6.44532e-07
3053 4.77321e-07
3054 1.75918e-07
3055 3.58414e-06
3056 1.22669e-06
3057 3.44386e-06
3058 4.71217e-06
3059 2.8903e-06
3060 6.85646e-06
3061 5.71385e-06
3062 2.19499e-06
3063 4.02667e-06
3064 1.93954e-06
3065 2.92513e-06
3066 1.01169e-06
3067 5.52768e-07
3068 8.68079e-07
3069 2.32146e-07
3070 1.54797e-06
3071 4.19434e-06
3072 4.30964e-06
3073 3.4776e-06
3074 2.4526e-06
3075 8.22105e-07
3076 5.17258e-07
3077 1.11447e-06
3078 3.85484e-07
3079 8.49577e-07
3080 1.83877e-07
3081 1.77409e-06
3082 1.02907e-06
3083 1.95752e-06
3084 4.42204e-07
3085 3.6103e-07
3086 7.15027e-06
3087 1.62537e-06
3088 1.20909e-06
3089 5.53413e-08
3090 1.25952e-05
3091 7.16317e-06
3092 1.59039e-06
3093 3.96739e-06
3094 1.55123e-06
3095 1.09323e-06
3096 8.69777e-06
3097 3.41613e-06
3098 1.91649e-06
3099 4.5047e-06
3100 1.97475e-06
3101 1.76849e-06
3102 6.15035e-07
3103 3.5206e-07
3104 7.88651e-06
3105 2.05049e-06
3106 5.22546e-07
3107 1.37793e-06
3108 1.61066e-06
3109 6.07226e-07
3110 1.03917e-06
3111 8.10364e-06
3112 1.12081e-05
3113 3.71039e-06
3114 7.72694e-06
3115 2.51174e-06
3116 5.4106e-06
3117 6.58212e-06
3118 4.92427e-06
3119 1.35783e-05
3120 5.96825e-06
3121 3.29017e-06
3122 7.79698e-07
3123 1.88666e-06
3124 2.57056e-07
3125 5.89502e-06
3126 2.59217e-06
3127 5.32737e-06
3128 1.7083e-06
3129 4.19037e-06
3130 7.74877e-06
3131 1.46056e-06
3132 9.61797e-07
3133 7.81811e-06
3134 6.36738e-06
3135 3.513e-06
3136 3.1018e-06
3137 2.82497e-06
3138 1.22486e-06
3139 2.2965e-06
3140 1.55381e-06
3141 6.4949e-07
3142 1.67901e-06
3143 1.18469e-06
3144 6.35734e-07
3145 8.41747e-07
3146 4.301e-06
3147 1.92977e-06
3148 7.70096e-07
3149 5.01002e-06
3150 3.49902e-06
3151 1.69157e-06
3152 5.16872e-06
3153 4.60867e-06
3154 3.45942e-06
3155 1.16711e-06
3156 2.29129e-06
3157 4.74964e-07
3158 7.95337e-07
3159 8.31246e-07
3160 1.1829e-06
3161 2.0891e-06
3162 6.02478e-06
3163 7.1793e-06
3164 3.19484e-06
3165 5.81484e-06
3166 4.9795e-06
3167 7.44447e-07
3168 6.40935e-06
3169 5.59913e-06
3170 1.08731e-06
3171 9.27461e-07
3172 2.05789e-06
3173 2.15658e-06
3174 2.49308e-06
3175 1.45991e-06
3176 1.29007e-05
3177 3.37541e-06
3178 5.24968e-06
3179 4.02207e-07
3180 3.53084e-07
3181 4.88174e-07
3182 1.81481e-07
3183 1.583e-06
3184 1.40459e-06
3185 3.23138e-07
3186 9.44742e-07
3187 4.59336e-06
3188 1.66527e-06
3189 7.07957e-07
3190 4.812e-06
3191 1.77203e-06
3192 3.90496e-07
3193 4.92037e-06
3194 1.86378e-06
3195 1.55574e-06
3196 6.76941e-07
3197 4.25376e-06
3198 2.22729e-06
3199 3.90089e-06
3200 1.67981e-06
3201 5.20185e-07
3202 9.69234e-07
3203 5.86331e-06
3204 2.23698e-06
3205 1.52433e-06
3206 8.52889e-07
3207 1.6402e-06
3208 5.72974e-07
3209 1.52494e-06
3210 4.66172e-06
3211 7.21675e-06
3212 6.7288e-06
3213 3.06575e-06
3214 2.41555e-06
3215 1.7992e-06
3216 7.62958e-07
3217 7.01381e-06
3218 6.9695e-06
3219 2.01424e-06
3220 1.98164e-06
3221 2.53009e-06
3222 7.49922e-06
3223 6.75262e-06
3224 2.28448e-06
3225 2.10529e-06
3226 8.72353e-07
3227 5.06875e-06
3228 2.5183e-06
3229 1.82516e-06
3230 1.54619e-06
3231 5.86471e-06
3232 2.24002e-06
3233 6.76978e-07
3234 2.68579e-06
3235 5.00935e-06
3236 2.04098e-06
3237 1.53393e-06
3238 4.24512e-07
3239 2.16989e-06
3240 1.23604e-06
3241 4.72987e-06
3242 3.99801e-06
3243 1.47566e-06
3244 5.12857e-06
3245 1.83973e-06
3246 1.67988e-06
3247 1.46031e-06
3248 5.10777e-07
3249 3.06865e-06
3250 1.51743e-06
3251 4.057e-06
3252 1.75063e-06
3253 6.43595e-07
3254 8.14523e-06
3255 5.13541e-06
3256 1.72547e-06
3257 1.00209e-05
3258 1.70153e-06
3259 9.65716e-07
3260 4.29995e-07
3261 1.62771e-07
3262 7.08372e-06
3263 2.03927e-06
3264 4.43208e-06
3265 1.38397e-06
3266 1.33745e-05
3267 1.68175e-06
3268 2.45643e-06
3269 8.03646e-07
3270 4.87124e-06
3271 2.28564e-06
3272 3.36014e-06
3273 6.25351e-06
3274 1.07354e-06
3275 3.81315e-06
3276 9.30446e-07
3277 2.44345e-06
3278 1.47636e-06
3279 3.28038e-07
3280 4.65764e-07
3281 3.06697e-06
3282 1.47812e-06
3283 3.76966e-07
3284 2.18569e-06
3285 6.78903e-07
3286 6.3472e-06
3287 2.48663e-06
3288 2.45812e-06
3289 9.09309e-07
3290 3.79444e-07
3291 1.09293e-06
3292 4.10633e-07
3293 4.18052e-06
3294 3.26552e-06
3295 1.36312e-06
3296 4.36564e-06
3297 1.73586e-06
3298 3.61481e-06
3299 3.54224e-06
3300 1.33449e-06
3301 5.04258e-06
3302 9.66659e-07
3303 2.99517e-06
3304 2.09071e-06
3305 6.63384e-06
3306 3.25951e-06
3307 2.24343e-06
3308 5.75193e-06
3309 2.35117e-06
3310 4.27155e-07
3311 5.0843e-06
3312 6.28716e-07
3313 1.68815e-06
3314 6.17385e-06
3315 2.27706e-06
3316 1.18226e-06
3317 1.6649e-06
3318 3.54019e-07
3319 9.97705e-07
3320 6.09712e-07
3321 7.02558e-07
3322 4.97532e-06
3323 2.87479e-06
3324 1.01234e-06
3325 3.34624e-06
3326 1.27278e-06
3327 7.62193e-07
3328 1.73542e-06
3329 2.24701e-06
3330 2.2811e-06
3331 9.71862e-07
3332 3.96516e-07
3333 1.17512e-07
3334 1.16981e-07
3335 8.28232e-07
3336 2.02855e-06
3337 7.48928e-07
3338 2.70405e-07
3339 2.11351e-06
3340 1.41189e-06
3341 1.30274e-06
3342 4.74304e-06
3343 4.27164e-06
3344 1.81277e-06
3345 4.45038e-06
3346 8.99465e-07
3347 3.71612e-07
3348 1.5789e-07
3349 6.14776e-06
3350 4.12874e-07
3351 1.8824e-06
3352 7.20022e-07
3353 1.20772e-06
3354 2.02038e-06
3355 6.02492e-07
3356 1.94899e-06
3357 3.64727e-06
3358 2.49532e-06
3359 2.33797e-06
3360 1.32554e-06
3361 8.46522e-06
3362 1.87847e-06
3363 1.01301e-06
3364 1.80359e-06
3365 2.62912e-06
3366 6.62024e-07
3367 4.62812e-06
3368 2.44486e-06
3369 1.7597e-06
3370 8.44955e-07
3371 1.86103e-06
3372 2.88295e-07
3373 1.15339e-07
3374 2.88345e-07
3375 8.70396e-07
3376 2.94573e-07
3377 2.01045e-06
3378 1.25813e-06
3379 9.20923e-07
3380 9.88572e-07
3381 2.0451e-06
3382 1.06336e-05
3383 7.22636e-06
3384 3.45519e-06
3385 1.97458e-06
3386 7.67529e-06
3387 2.27324e-06
3388 5.14241e-06
3389 7.40368e-07
3390 7.31321e-07
3391 6.46067e-06
3392 8.83261e-07
3393 2.22441e-06
3394 2.84412e-06
3395 2.72093e-06
3396 3.12294e-06
3397 2.54691e-06
3398 4.39174e-06
3399 2.54499e-06
3400 8.59516e-06
3401 3.15986e-06
3402 2.83176e-07
3403 1.49403e-07
3404 6.68491e-07
3405 1.31134e-06
3406 7.6171e-07
3407 2.26619e-07
3408 2.32311e-06
3409 2.54283e-06
3410 9.85012e-07
3411 5.3836e-07
3412 4.13863e-06
3413 1.52151e-06
3414 8.32397e-08
3415 2.55811e-06
3416 1.30512e-06
3417 2.45519e-06
3418 1.28883e-05
3419 3.99441e-06
3420 2.8606e-06
3421 1.11793e-06
3422 5.17934e-07
3423 5.13088e-06
3424 4.1435e-06
3425 2.23274e-06
3426 6.32395e-06
3427 7.58694e-07
3428 1.61706e-06
3429 9.30998e-07
3430 5.81998e-07
3431 1.71027e-06
3432 1.03562e-06
3433 9.60482e-07
3434 8.88618e-07
3435 1.09586e-07
3436 4.55694e-06
3437 2.44612e-06
3438 6.74836e-06
3439 8.44898e-07
3440 1.76501e-06
3441 3.34709e-06
3442 1.61874e-06
3443 5.30797e-06
3444 4.48244e-06
3445 6.98963e-07
3446 2.28448e-06
3447 3.69785e-06
3448 2.59993e-06
3449 9.77188e-07
3450 2.3026e-06
3451 5.27925e-06
3452 2.16228e-06
3453 1.28334e-06
3454 6.201e-07
3455 1.19211e-06
3456 1.92298e-06
3457 9.15417e-07
3458 4.25173e-06
3459 2.03573e-06
3460 6.52241e-07
3461 6.27332e-07
3462 1.18303e-07
3463 1.59837e-06
3464 2.15346e-06
3465 3.41275e-06
3466 4.36045e-06
3467 1.78092e-06
3468 1.17229e-06
3469 1.07821e-06
3470 3.49089e-07
3471 1.1089e-07
3472 8.27778e-07
3473 1.71677e-06
3474 1.22575e-06
3475 2.5363e-06
3476 1.00381e-06
3477 4.07804e-07
3478 2.16713e-06
3479 4.70739e-08
3480 4.20515e-07
3481 1.90289e-07
3482 2.76121e-07
3483 9.34726e-08
3484 8.11527e-06
3485 2.78971e-06
3486 1.03593e-06
3487 5.89737e-07
3488 7.11101e-07
3489 2.23747e-07
3490 1.28568e-07
3491 3.28114e-08
3492 1.53786e-06
3493 2.04108e-06
3494 7.57216e-07
3495 4.90851e-07
3496 4.89834e-06
3497 7.60537e-07
3498 2.96467e-06
3499 1.55911e-06
3500 4.68926e-06
3501 1.75012e-06
3502 7.2028e-07
3503 3.50719e-06
3504 9.78111e-07
3505 6.33392e-07
3506 1.77197e-06
3507 5.15651e-06
3508 2.08659e-06
3509 5.34589e-06
3510 1.78314e-06
3511 1.44107e-07
3512 5.41348e-06
3513 3.6573e-06
3514 2.12253e-06
3515 2.50039e-07
3516 8.29956e-07
3517 3.11644e-07
3518 3.26349e-07
3519 3.64511e-07
3520 6.21166e-07
3521 2.8556e-06
3522 7.96224e-07
3523 5.69471e-06
3524 2.8342e-07
3525 2.86677e-06
3526 2.31484e-06
3527 9.59444e-07
3528 2.77575e-07
3529 4.74361e-06
3530 3.58686e-07
3531 8.88586e-07
3532 1.14349e-06
3533 2.64108e-06
3534 5.54833e-07
3535 1.94756e-06
3536 5.03587e-07
3537 8.35657e-07
3538 5.91241e-06
3539 2.6049e-06
3540 1.79706e-06
3541 5.82615e-07
3542 1.94889e-06
3543 1.2754e-05
3544 2.97009e-06
3545 2.10814e-06
3546 2.57675e-06
3547 1.05945e-06
3548 5.16268e-07
3549 1.7901e-06
3550 1.07069e-06
3551 1.92893e-07
3552 5.60517e-07
3553 7.18486e-07
3554 3.45692e-06
3555 1.38731e-06
3556 2.70619e-06
3557 1.0597e-06
3558 1.72004e-07
3559 6.07759e-08
3560 1.55377e-07
3561 4.60316e-06
3562 3.21024e-06
3563 1.12593e-06
3564 1.97097e-06
3565 1.12183e-06
3566 7.7552e-07
3567 1.01712e-06
3568 6.14342e-07
3569 1.05703e-06
3570 1.33589e-07
3571 2.07092e-06
3572 6.39412e-07
3573 2.18326e-06
3574 6.72703e-07
3575 2.42215e-06
3576 1.64665e-06
3577 2.79663e-06
3578 1.02664e-06
3579 3.69562e-07
3580 7.74364e-07
3581 1.59776e-06
3582 3.57692e-07
3583 3.2624e-06
3584 8.58781e-06
3585 4.92957e-06
3586 6.08586e-06
3587 8.8696e-07
3588 3.13978e-07
3589 2.55882e-07
3590 4.14337e-06
3591 3.31322e-06
3592 6.58568e-07
3593 8.10594e-07
3594 1.82086e-06
3595 7.38079e-07
3596 6.76718e-07
3597 2.22864e-07
3598 4.35691e-08
3599 6.81852e-07
3600 7.56099e-07
3601 9.45444e-07
3602 1.69294e-06
3603 1.37989e-07
3604 4.32908e-06
3605 1.60539e-06
3606 2.05977e-06
3607 6.45722e-07
3608 7.74616e-07
3609 1.8386e-06
3610 1.09969e-07
3611 6.04298e-06
3612 9.72074e-07
3613 4.75158e-07
3614 1.93719e-06
3615 1.34362e-06
3616 1.1526e-06
3617 4.6008e-06
3618 2.37913e-06
3619 4.62113e-07
3620 2.6354e-07
3621 1.0571e-07
3622 2.31883e-07
3623 8.01969e-08
3624 1.37291e-06
3625 4.95571e-06
3626 5.93372e-06
3627 5.3623e-06
3628 5.87721e-06
3629 2.69229e-06
3630 9.67711e-07
3631 1.61064e-07
3632 7.14952e-07
3633 8.15412e-07
3634 1.89198e-06
3635 1.07607e-06
3636 7.06435e-07
3637 3.13026e-07
3638 3.4383e-07
3639 9.88716e-07
3640 8.62949e-07
3641 1.99193e-06
3642 9.59254e-07
3643 6.37273e-07
3644 3.73008e-06
3645 1.18357e-06
3646 7.15021e-07
3647 5.38055e-07
3648 5.21556e-06
3649 4.89716e-07
3650 5.89359e-06
3651 6.11826e-06
3652 3.39234e-06
3653 5.81879e-06
3654 8.93353e-07
3655 3.06252e-06
3656 2.78129e-06
3657 6.49849e-06
3658 2.60329e-06
3659 4.16177e-06
3660 2.57207e-06
3661 2.41709e-06
3662 1.07043e-07
3663 2.38669e-06
3664 4.41945e-06
3665 2.06916e-07
3666 6.10564e-07
3667 2.44066e-07
3668 9.18206e-07
3669 5.83579e-07
3670 2.76558e-07
3671 1.80317e-06
3672 2.07552e-06
3673 1.02871e-06
3674 4.32341e-06
3675 6.45277e-06
3676 2.8648e-06
3677 9.60928e-07
3678 5.68308e-07
3679 2.64188e-07
3680 8.49743e-07
3681 4.71075e-06
3682 1.93279e-06
3683 2.33279e-06
3684 1.55805e-06
3685 5.34323e-07
3686 1.3384e-06
3687 5.18569e-06
3688 5.73702e-06
3689 2.80067e-06
3690 2.40381e-06
3691 1.38855e-06
3692 8.35859e-07
3693 1.8344e-06
3694 3.17884e-06
3695 2.35464e-06
3696 8.8655e-07
3697 2.64906e-07
3698 2.82969e-06
3699 1.20636e-06
3700 5.37974e-07
3701 8.24473e-08
3702 2.07507e-07
3703 4.71707e-07
3704 4.98037e-07
3705 4.64409e-06
3706 2.85251e-07
3707 8.09968e-06
3708 4.48811e-06
3709 8.25253e-07
3710 1.78494e-06
3711 4.65039e-06
3712 2.40175e-07
3713 5.03636e-07
3714 4.06064e-06
3715 1.48946e-06
3716 2.63174e-06
3717 1.28323e-06
3718 6.10776e-07
3719 1.91312e-06
3720 8.96187e-06
3721 3.786e-06
3722 3.98665e-06
3723 1.46236e-06
3724 4.68506e-06
3725 3.38514e-06
3726 2.41105e-06
3727 8.72563e-07
3728 1.85257e-06
3729 3.576e-07
3730 2.32897e-07
3731 3.2739e-07
3732 4.42457e-06
3733 1.24981e-07
3734 4.07034e-06
3735 2.1514e-07
3736 1.71714e-06
3737 1.3032e-06
3738 3.70029e-06
3739 1.46416e-06
3740 5.18543e-06
3741 1.85389e-06
3742 6.81933e-07
3743 8.71791e-08
3744 4.27133e-06
3745 3.23959e-06
3746 5.17219e-06
3747 9.68651e-07
3748 3.29349e-06
3749 1.41155e-06
3750 1.3018e-07
3751 4.86022e-06
3752 2.95736e-06
3753 1.34064e-06
3754 2.42814e-06
3755 2.94759e-06
3756 1.12255e-06
3757 2.97144e-07
3758 3.17107e-07
3759 9.09286e-07
3760 3.13154e-07
3761 4.16973e-06
3762 2.32946e-06
3763 9.59181e-07
3764 2.08652e-06
3765 1.24498e-06
3766 2.48145e-06
3767 2.56966e-06
3768 1.61225e-06
3769 4.90289e-07
3770 4.51424e-07
3771 6.24404e-07
3772 1.76834e-06
3773 1.46452e-06
3774 6.97955e-07
3775 4.63109e-07
3776 1.8395e-07
3777 2.60147e-07
3778 1.28488e-06
3779 8.67702e-07
3780 1.77294e-07
3781 1.84304e-06
3782 4.73556e-06
3783 9.9791e-06
3784 4.76471e-06
3785 2.41207e-06
3786 6.61872e-06
3787 6.29207e-06
3788 6.77399e-06
3789 4.26087e-06
3790 1.03189e-06
3791 4.1832e-06
3792 1.82365e-06
3793 6.57494e-07
3794 4.42564e-07
3795 5.19733e-06
3796 2.93006e-06
3797 1.7832e-06
3798 1.16159e-06
3799 7.4187e-07
3800 4.8981e-06
3801 1.74479e-06
3802 1.199e-06
3803 5.12473e-07
3804 6.02998e-06
3805 2.22341e-06
3806 6.27689e-07
3807 4.78668e-06
3808 4.74707e-07
3809 6.32931e-07
3810 5.79577e-07
3811 5.1218e-07
3812 2.12651e-06
3813 2.4086e-07
3814 7.06179e-07
3815 4.48677e-06
3816 5.96351e-06
3817 2.73926e-06
3818 1.10412e-06
3819 3.85321e-07
3820 2.7677e-07
3821 1.518e-06
3822 8.46154e-07
3823 4.87549e-07
3824 1.91622e-06
3825 7.96764e-07
3826 3.88327e-07
3827 1.34652e-07
3828 8.52151e-08
3829 2.64771e-07
3830 1.57063e-06
3831 7.81934e-07
3832 1.11359e-06
3833 5.84905e-06
3834 2.19045e-06
3835 5.83769e-06
3836 8.94197e-07
3837 1.64824e-06
3838 5.92006e-07
3839 1.31448e-06
3840 1.07667e-06
3841 8.39728e-06
3842 1.66594e-06
3843 2.26522e-06
3844 1.36355e-07
3845 1.65547e-06
3846 5.67999e-07
3847 2.49425e-07
3848 4.90295e-07
3849 3.43485e-07
3850 2.65462e-07
3851 2.41279e-07
3852 1.46417e-06
3853 3.0244e-07
3854 4.32566e-07
3855 1.9625e-06
3856 3.32445e-07
3857 6.87623e-07
3858 1.0068e-05
3859 5.40134e-06
3860 2.7279e-06
3861 2.44825e-06
3862 8.54474e-07
3863 4.51948e-07
3864 4.48853e-07
3865 1.60043e-06
3866 4.05805e-06
3867 3.65027e-06
3868 6.3437e-06
3869 1.2248e-07
3870 1.5265e-06
3871 2.77804e-06
3872 1.84161e-06
3873 1.03282e-06
3874 5.08019e-07
3875 2.26366e-06
3876 2.66015e-07
3877 4.32806e-08
3878 5.28523e-06
3879 7.47158e-07
3880 1.76933e-06
3881 6.69861e-07
3882 3.32904e-07
3883 7.54973e-06
3884 2.95717e-07
3885 1.26027e-06
3886 4.26895e-06
3887 9.57381e-06
3888 2.30614e-06
3889 1.31631e-06
3890 2.98843e-07
3891 5.05586e-07
3892 1.29981e-06
3893 3.98842e-06
3894 1.37333e-06
3895 3.94949e-06
3896 1.47815e-06
3897 6.46071e-07
3898 2.16048e-07
3899 6.63984e-07
3900 3.43183e-07
3901 3.87175e-07
3902 4.32837e-06
3903 1.77431e-06
3904 1.81705e-06
3905 7.51387e-07
3906 2.54363e-06
3907 1.27194e-07
3908 5.24682e-06
3909 2.39668e-06
3910 9.33988e-07
3911 1.28114e-07
3912 2.47252e-07
3913 4.29228e-06
3914 1.82442e-06
3915 1.578e-06
3916 4.03458e-06
3917 1.57332e-06
3918 2.06754e-06
3919 3.62506e-07
3920 1.63848e-06
3921 7.76959e-08
3922 8.9454e-08
3923 1.63247e-06
3924 5.75683e-07
3925 3.34669e-07
3926 1.17232e-07
3927 4.88094e-08
3928 1.1876e-07
3929 6.10503e-07
3930 6.6756e-07
3931 1.82284e-06
3932 1.60199e-07
3933 4.60529e-06
3934 1.71273e-06
3935 2.64116e-06
3936 1.17237e-06
3937 3.94824e-07
3938 8.88102e-07
3939 3.7193e-07
3940 1.81997e-06
3941 1.04031e-06
3942 6.019e-07
3943 5.46491e-07
3944 6.64162e-06
3945 2.74637e-06
3946 2.00651e-06
3947 2.23065e-06
3948 1.31459e-06
3949 4.8903e-07
3950 1.19422e-06
3951 4.58603e-06
3952 4.36383e-06
3953 2.64218e-06
3954 2.69516e-06
3955 7.25304e-07
3956 4.5926e-07
3957 1.27169e-06
3958 2.87115e-07
3959 8.0506e-07
3960 7.39985e-07
3961 5.41125e-07
3962 7.14782e-08
3963 3.02422e-08
3964 4.08722e-06
3965 9.01299e-08
3966 1.49177e-06
3967 7.69028e-08
3968 4.51454e-06
3969 2.61754e-06
3970 4.61766e-06
3971 3.09452e-06
3972 1.31736e-06
3973 1.94306e-07
3974 3.33147e-07
3975 1.47288e-07
3976 6.26457e-08
3977 2.83162e-08
3978 7.90641e-07
3979 7.63413e-07
3980 2.39296e-07
3981 1.59835e-06
3982 6.87422e-07
3983 1.62659e-06
3984 2.89235e-06
3985 1.17454e-06
3986 4.69761e-07
3987 2.23872e-07
3988 6.22018e-07
3989 2.44406e-06
3990 2.09792e-06
3991 2.53609e-06
3992 4.99306e-06
3993 1.70785e-06
3994 4.96961e-07
3995 4.27586e-07
3996 4.17893e-06
3997 1.8241e-06
3998 1.13886e-06
3999 4.12018e-06
4000 3.53423e-06
4001 8.58703e-07
4002 7.87758e-07
4003 2.31837e-07
4004 5.97435e-06
4005 1.50019e-06
4006 1.24142e-06
4007 1.01904e-06
4008 3.29926e-07
4009 2.32712e-06
4010 4.99413e-06
4011 7.88233e-06
4012 2.77755e-06
4013 1.67087e-06
4014 4.38533e-07
4015 1.62905e-06
4016 6.80061e-07
4017 2.57834e-07
4018 6.38683e-07
4019 1.05401e-06
4020 2.07914e-06
4021 9.68474e-07
4022 5.27209e-07
4023 2.74265e-07
4024 1.63515e-06
4025 3.60086e-06
4026 1.30756e-06
4027 3.65752e-07
4028 1.07495e-06
4029 5.84311e-06
4030 3.41586e-06
4031 3.16485e-06
4032 5.29099e-06
4033 1.69835e-06
4034 1.46519e-06
4035 1.1253e-06
4036 3.48422e-06
4037 2.72863e-06
4038 1.25854e-06
4039 3.86242e-07
4040 6.40503e-06
4041 8.54122e-06
4042 4.50606e-06
4043 1.37242e-06
4044 2.32272e-06
4045 1.48637e-06
4046 2.30941e-07
4047 1.83173e-06
4048 3.42844e-07
4049 1.41593e-07
4050 5.78034e-08
4051 2.71055e-07
4052 6.08064e-06
4053 5.70203e-06
4054 7.89151e-07
4055 7.72978e-08
4056 1.16319e-06
4057 2.38739e-06
4058 1.00715e-06
4059 1.83591e-06
4060 3.27338e-07
4061 5.82693e-08
4062 1.44919e-07
4063 4.12933e-06
4064 2.20828e-06
4065 1.37911e-06
4066 2.43421e-06
4067 8.96544e-07
4068 2.85495e-07
4069 4.66202e-06
4070 7.58929e-06
4071 5.30869e-06
4072 1.06047e-06
4073 1.33361e-06
4074 1.48287e-06
4075 2.06726e-06
4076 4.75398e-06
4077 1.8542e-06
4078 2.17998e-06
4079 1.57703e-06
4080 1.07067e-06
4081 5.46751e-07
4082 1.60092e-06
4083 5.9123e-07
4084 4.74103e-07
4085 1.64257e-06
4086 7.15214e-07
4087 3.05813e-06
4088 1.13711e-06
4089 2.08286e-07
4090 4.44496e-07
4091 1.6231e-07
4092 7.94634e-08
4093 1.32899e-06
4094 1.1901e-06
4095 1.05389e-06
4096 4.18505e-06
4097 1.7496e-06
4098 8.77762e-07
4099 6.48528e-07
4100 4.50338e-07
4101 9.70142e-07
4102 8.40123e-07
4103 4.11157e-07
4104 1.73315e-06
4105 1.41197e-06
4106 2.14864e-06
4107 2.65736e-07
4108 4.57066e-06
4109 1.7327e-06
4110 2.9359e-07
4111 1.83358e-07
4112 6.19107e-07
4113 5.23042e-07
4114 1.50857e-06
4115 5.86771e-07
4116 4.00216e-07
4117 4.21645e-07
4118 3.28301e-06
4119 6.67659e-06
4120 3.89603e-06
4121 6.63363e-07
4122 2.10207e-06
4123 2.68875e-06
4124 1.09273e-06
4125 6.11303e-07
4126 1.3106e-07
4127 2.9398e-07
4128 3.19911e-07
4129 3.06249e-06
4130 1.40079e-06
4131 3.89862e-07
4132 1.74216e-07
4133 1.58011e-06
4134 9.84224e-07
4135 3.61583e-07
4136 1.14621e-07
4137 6.01225e-09
4138 6.43193e-07
4139 9.81264e-07
4140 1.79858e-07
4141 5.9499e-06
4142 1.74549e-06
4143 1.24341e-06
4144 6.87702e-07
4145 6.9851e-07
4146 4.19553e-06
4147 5.84414e-07
4148 5.41633e-08
4149 3.44256e-08
4150 3.50211e-08
4151 8.37857e-07
4152 3.40683e-07
4153 1.76895e-06
4154 2.15832e-06
4155 4.55964e-06
4156 1.49149e-06
4157 2.22198e-06
4158 6.29338e-06
4159 2.38326e-06
4160 1.03509e-06
4161 2.97396e-07
4162 7.31877e-08
4163 4.62568e-06
4164 8.62781e-07
4165 8.48973e-07
4166 4.65455e-07
4167 3.6752e-07
4168 1.08357e-06
4169 7.54096e-07
4170 3.48966e-07
4171 1.12275e-07
4172 6.11305e-06
4173 2.53449e-06
4174 4.73162e-06
4175 1.76863e-06
4176 6.38309e-07
4177 2.3363e-06
4178 4.87196e-06
4179 1.79887e-06
4180 2.15598e-06
4181 2.24494e-06
4182 8.30653e-07
4183 2.05712e-07
4184 1.69351e-06
4185 6.54298e-07
4186 8.68311e-07
4187 1.00952e-07
4188 1.71296e-06
4189 2.33072e-06
4190 1.28309e-06
4191 1.17632e-06
4192 2.51323e-06
4193 1.03678e-06
4194 1.64805e-06
4195 6.87376e-07
4196 7.05401e-07
4197 6.90082e-07
4198 6.55782e-07
4199 3.10664e-07
4200 5.81935e-08
4201 1.55084e-06
4202 7.02728e-08
4203 3.26825e-08
4204 3.52564e-08
4205 8.58352e-07
4206 2.30977e-06
4207 8.49959e-07
4208 4.40947e-08
4209 1.71478e-06
4210 4.19714e-06
4211 1.64337e-06
4212 2.1833e-06
4213 9.34084e-07
4214 1.82542e-06
4215 8.56613e-07
4216 4.8863e-08
4217 5.74989e-08
4218 1.09593e-08
4219 1.1527e-07
4220 3.14437e-07
4221 8.26223e-07
4222 8.91689e-07
4223 4.91768e-06
4224 1.86443e-06
4225 2.11175e-06
4226 2.04241e-06
4227 1.33733e-06
4228 1.04329e-06
4229 3.87965e-06
4230 2.54078e-06
4231 1.00197e-06
4232 4.59367e-06
4233 1.86674e-06
4234 6.67163e-07
4235 2.62481e-07
4236 2.19482e-07
4237 6.22513e-07
4238 7.23603e-06
4239 5.53632e-06
4240 1.98825e-06
4241 2.74272e-06
4242 1.22889e-06
4243 1.05703e-07
4244 4.03113e-07
4245 3.13874e-07
4246 4.12843e-07
4247 1.85774e-06
4248 6.94431e-07
4249 4.087e-06
4250 1.6657e-06
4251 5.64592e-07
4252 4.26094e-06
4253 6.94093e-07
4254 2.29669e-06
4255 9.22051e-07
4256 1.60843e-06
4257 1.35121e-06
4258 9.0454e-07
4259 5.97564e-07
4260 3.57615e-07
4261 4.05936e-07
4262 1.87399e-06
4263 6.88911e-07
4264 1.19293e-06
4265 4.53362e-06
4266 6.23272e-06
4267 8.62846e-07
4268 5.78798e-06
4269 7.06008e-07
4270 1.22365e-07
4271 1.53986e-06
4272 4.60426e-06
4273 4.63273e-06
4274 4.90463e-07
4275 5.84107e-06
4276 3.6627e-06
4277 3.58666e-07
4278 1.44669e-07
4279 1.32498e-06
4280 1.37773e-06
4281 1.76895e-06
4282 1.02062e-06
4283 5.95589e-07
4284 4.19946e-06
4285 2.40485e-06
4286 2.95345e-06
4287 1.16387e-06
4288 1.03459e-06
4289 4.62206e-06
4290 1.68405e-06
4291 1.09867e-06
4292 9.95967e-07
4293 6.05661e-07
4294 1.25667e-06
4295 8.34102e-07
4296 4.19445e-06
4297 3.64407e-06
4298 1.34044e-06
4299 1.98627e-06
4300 2.22003e-06
4301 8.16494e-07
4302 2.17137e-07
4303 9.99533e-07
4304 3.40811e-07
4305 1.13471e-07
4306 5.23353e-08
4307 5.60915e-07
4308 4.03285e-06
4309 1.69607e-06
4310 8.29903e-07
4311 2.85457e-07
4312 6.61917e-07
4313 7.78143e-07
4314 1.59231e-08
4315 1.55302e-07
4316 6.27327e-07
4317 1.36247e-06
4318 1.04278e-06
4319 6.81054e-07
4320 5.24866e-08
4321 2.97674e-07
4322 8.59026e-07
4323 3.27589e-07
4324 5.59421e-07
4325 4.36414e-06
4326 6.31585e-06
4327 2.91935e-06
4328 1.47813e-06
4329 1.35905e-06
4330 2.30482e-06
4331 1.08324e-06
4332 1.16661e-06
4333 3.18534e-07
4334 1.55302e-06
4335 5.56229e-07
4336 4.11986e-06
4337 2.15432e-06
4338 5.96607e-07
4339 2.14138e-07
4340 5.83264e-06
4341 1.65036e-06
4342 5.13168e-06
4343 1.64492e-06
4344 5.74186e-07
4345 6.84095e-08
4346 2.49662e-08
4347 5.60195e-07
4348 3.16087e-07
4349 2.15834e-06
4350 1.01244e-06
4351 6.39262e-07
4352 5.91845e-06
4353 2.15724e-06
4354 3.81104e-06
4355 1.18516e-06
4356 7.05701e-07
4357 2.21599e-06
4358 3.80714e-06
4359 5.20386e-06
4360 3.30388e-07
4361 1.61442e-06
4362 9.11058e-07
4363 4.50899e-06
4364 8.81282e-08
4365 5.78528e-07
4366 5.76413e-06
4367 2.23946e-06
4368 8.99918e-07
4369 5.30586e-07
4370 4.2597e-06
4371 1.46501e-07
4372 1.57342e-06
4373 6.20924e-07
4374 2.39226e-07
4375 2.18446e-06
4376 7.81796e-07
4377 5.56381e-07
4378 6.17373e-07
4379 6.84663e-07
4380 4.38843e-06
4381 1.81245e-06
4382 8.63244e-07
4383 3.52469e-07
4384 3.17271e-07
4385 1.13435e-07
4386 5.96313e-07
4387 2.33057e-07
4388 1.55847e-06
4389 6.32871e-07
4390 3.67332e-07
4391 4.79225e-08
4392 6.07612e-08
4393 2.05378e-08
4394 8.0253e-08
4395 6.47955e-07
4396 1.25109e-07
4397 4.10003e-06
4398 1.50277e-06
4399 2.93197e-07
4400 1.58039e-06
4401 2.59804e-06
4402 1.91309e-06
4403 1.33193e-06
4404 4.53835e-07
4405 2.788e-07
4406 4.12181e-06
4407 3.59103e-06
4408 4.99838e-06
4409 5.25247e-07
4410 3.53201e-07
4411 1.58903e-06
4412 6.01152e-07
4413 4.64245e-06
4414 1.68832e-06
4415 6.47729e-07
4416 2.65971e-07
4417 4.92773e-08
4418 1.77806e-06
4419 1.09769e-06
4420 1.95917e-06
4421 4.40123e-06
4422 2.10996e-06
4423 1.00956e-06
4424 1.88179e-06
4425 1.53472e-06
4426 2.04834e-06
4427 7.53587e-07
4428 4.78502e-07
4429 7.30193e-07
4430 3.4091e-07
4431 4.54388e-06
4432 1.67308e-06
4433 5.11387e-06
4434 1.84736e-06
4435 8.85435e-07
4436 3.6831e-07
4437 1.59688e-06
4438 4.65398e-06
4439 6.28739e-07
4440 6.47406e-07
4441 2.84637e-07
4442 1.58788e-06
4443 1.10382e-06
4444 9.51547e-07
4445 3.68067e-07
4446 1.57428e-06
4447 5.94733e-07
4448 1.9757e-06
4449 1.19871e-06
4450 1.89266e-06
4451 8.3778e-07
4452 1.78738e-06
4453 2.66863e-07
4454 1.85395e-07
4455 7.24702e-07
4456 1.72908e-06
4457 7.42615e-07
4458 9.69134e-08
4459 3.25049e-06
4460 4.18268e-06
4461 2.15804e-06
4462 8.29996e-07
4463 3.28358e-07
4464 1.22658e-06
4465 4.75028e-06
4466 2.48729e-07
4467 3.08864e-06
4468 1.44304e-06
4469 1.41157e-07
4470 9.10643e-07
4471 4.58538e-06
4472 2.71346e-07
4473 2.22666e-07
4474 1.5095e-06
4475 5.86628e-07
4476 2.08558e-06
4477 4.90935e-07
4478 2.1217e-07
4479 1.50017e-07
4480 3.00232e-06
4481 1.02575e-06
4482 4.19606e-07
4483 2.20532e-06
4484 1.90964e-06
4485 7.21963e-07
4486 1.41369e-07
4487 3.33415e-07
4488 6.54006e-08
4489 2.85066e-08
4490 3.55664e-07
4491 2.36577e-07
4492 3.84646e-07
4493 3.01926e-06
4494 1.24802e-06
4495 1.60379e-07
4496 2.43724e-07
4497 8.21175e-08
4498 2.30818e-08
4499 2.95726e-06
4500 2.05244e-06
4501 6.14522e-06
4502 3.76881e-06
4503 1.40699e-06
4504 6.07231e-06
4505 3.73587e-06
4506 1.33693e-06
4507 1.61109e-06
4508 1.36002e-06
4509 2.27179e-06
4510 5.34873e-06
4511 1.97495e-06
4512 2.24353e-06
4513 1.56133e-06
4514 5.75457e-07
4515 4.06976e-06
4516 3.67576e-06
4517 1.14334e-05
4518 4.39459e-06
4519 3.90714e-07
4520 5.19204e-06
4521 1.35059e-06
4522 4.4956e-06
4523 4.19443e-07
4524 2.02369e-07
4525 2.79415e-07
4526 6.45347e-07
4527 1.80448e-06
4528 1.43047e-06
4529 2.53186e-07
4530 6.37234e-07
4531 4.45482e-06
4532 2.84102e-07
4533 2.16924e-06
4534 8.9672e-07
4535 1.85147e-06
4536 1.61147e-07
4537 5.94138e-08
4538 1.76682e-07
4539 6.02319e-07
4540 1.11833e-06
4541 4.4183e-06
4542 1.75881e-06
4543 2.19484e-06
4544 2.82279e-06
4545 3.24043e-07
4546 4.14295e-06
4547 6.50035e-07
4548 1.72017e-06
4549 7.91426e-07
4550 8.29067e-07
4551 3.11158e-07
4552 1.11836e-07
4553 5.14524e-07
4554 1.54631e-06
4555 7.66511e-07
4556 2.19638e-06
4557 4.29713e-06
4558 6.50716e-07
4559 6.34068e-07
4560 2.5917e-07
4561 1.57151e-06
4562 5.77834e-07
4563 4.12637e-07
4564 2.637e-07
4565 1.51186e-06
4566 1.47455e-07
4567 1.37953e-07
4568 5.62131e-07
4569 4.06652e-06
4570 1.58633e-06
4571 4.41895e-07
4572 8.30639e-07
4573 3.14052e-07
4574 3.79227e-07
4575 1.68317e-06
4576 7.7488e-07
4577 2.30737e-06
4578 6.52949e-07
4579 2.26241e-06
4580 2.21952e-06
4581 6.24484e-07
4582 2.66672e-06
4583 4.39802e-07
4584 2.14412e-07
4585 1.07582e-07
4586 1.14453e-07
4587 4.19557e-08
4588 6.56882e-07
4589 2.04296e-08
4590 3.91463e-08
4591 2.05566e-06
4592 5.5372e-07
4593 6.90295e-07
4594 1.04562e-07
4595 2.81163e-06
4596 2.50945e-06
4597 5.2497e-06
4598 5.20425e-07
4599 9.5078e-07
4600 4.97368e-07
4601 8.96784e-07
4602 1.55603e-06
4603 8.01999e-06
4604 3.01955e-06
4605 1.51434e-06
4606 1.32716e-06
4607 8.29107e-07
4608 2.00179e-06
4609 9.27002e-07
4610 4.50935e-06
4611 2.26606e-07
4612 1.52988e-06
4613 1.74441e-06
4614 1.1196e-05
4615 3.30154e-06
4616 8.09318e-07
4617 2.20659e-07
4618 1.2345e-06
4619 1.1494e-06
4620 9.34157e-07
4621 5.16849e-07
4622 2.09157e-06
4623 1.15184e-06
4624 2.96547e-07
4625 2.50338e-07
4626 5.62822e-06
4627 4.04154e-06
4628 5.43708e-06
4629 7.65832e-07
4630 1.99404e-07
4631 1.04742e-07
4632 1.31005e-07
4633 6.98297e-08
4634 2.37877e-08
4635 5.89264e-07
4636 2.17275e-07
4637 8.96195e-08
4638 5.54786e-06
4639 2.86857e-06
4640 7.12519e-07
4641 1.38107e-07
4642 3.24106e-08
4643 8.22387e-08
4644 5.14231e-06
4645 1.76487e-06
4646 8.68008e-07
4647 8.15458e-07
4648 1.88458e-06
4649 4.07034e-07
4650 3.13383e-07
4651 2.19567e-08
4652 6.63442e-07
4653 8.9525e-07
4654 9.69204e-08
4655 4.07646e-08
4656 4.37742e-06
4657 1.80258e-06
4658 3.69459e-06
4659 2.59921e-06
4660 5.39726e-06
4661 1.91505e-06
4662 2.16228e-07
4663 1.15791e-06
4664 4.3246e-07
4665 9.09054e-07
4666 3.04942e-07
4667 1.7825e-06
4668 3.65157e-08
4669 5.90234e-07
4670 2.43534e-06
4671 9.73428e-07
4672 3.64379e-07
4673 4.00549e-07
4674 1.55345e-06
4675 1.1163e-06
4676 2.21895e-07
4677 3.53701e-07
4678 2.7725e-07
4679 2.22441e-07
4680 4.13705e-06
4681 7.85179e-07
4682 1.52475e-06
4683 2.82695e-07
4684 2.32267e-07
4685 2.31991e-06
4686 9.24283e-07
4687 5.34497e-08
4688 5.74177e-07
4689 4.09344e-06
4690 6.7913e-08
4691 2.75842e-08
4692 1.96496e-06
4693 9.04065e-07
4694 1.02416e-06
4695 2.58377e-07
4696 2.99679e-07
4697 1.89713e-08
4698 1.49092e-06
4699 4.20903e-06
4700 2.90465e-07
4701 4.18809e-06
4702 1.8852e-06
4703 1.24171e-06
4704 1.92465e-06
4705 2.02163e-07
4706 6.90169e-08
4707 2.61103e-06
4708 5.02982e-06
4709 1.6511e-06
4710 4.63504e-06
4711 1.49766e-06
4712 1.10472e-06
4713 2.62786e-06
4714 2.50148e-07
4715 1.03756e-06
4716 4.10822e-07
4717 7.10028e-07
4718 1.59398e-06
4719 1.00429e-06
4720 5.13663e-06
4721 6.22496e-07
4722 8.40021e-06
4723 3.00505e-06
4724 2.85339e-06
4725 5.13645e-07
4726 4.97746e-06
4727 2.19052e-06
4728 8.89269e-07
4729 4.55031e-06
4730 3.14722e-06
4731 2.7119e-06
4732 9.87401e-07
4733 1.73845e-07
4734 6.7865e-07
4735 1.81183e-06
4736 2.40341e-07
4737 4.65049e-06
4738 3.18266e-06
4739 1.19656e-06
4740 4.37218e-07
4741 6.49369e-07
4742 2.93559e-07
4743 6.47638e-07
4744 3.10513e-07
4745 5.87814e-07
4746 4.93797e-07
4747 7.28343e-07
4748 2.71351e-07
4749 9.24402e-07
4750 1.68203e-06
4751 5.38452e-07
4752 8.32913e-08
4753 5.56367e-06
4754 6.03335e-07
4755 1.98116e-07
4756 6.45459e-07
4757 2.26096e-07
4758 8.29997e-08
4759 1.51069e-06
4760 7.84684e-07
4761 2.95887e-08
4762 1.58414e-06
4763 5.64456e-07
4764 2.37244e-07
4765 2.27437e-06
4766 2.35465e-06
4767 3.24711e-07
4768 1.10903e-07
4769 1.51077e-06
4770 4.02015e-06
4771 1.56663e-06
4772 6.71844e-07
4773 1.38076e-06
4774 1.8622e-06
4775 3.20217e-07
4776 3.17498e-07
4777 8.03697e-07
4778 4.13063e-06
4779 5.74247e-06
4780 5.56414e-07
4781 4.8186e-06
4782 1.97341e-06
4783 1.13459e-06
4784 2.00394e-06
4785 2.9747e-06
4786 4.1019e-06
4787 8.21831e-07
4788 9.44552e-07
4789 4.42856e-06
4790 1.76625e-06
4791 1.12967e-06
4792 4.86377e-06
4793 3.80312e-06
4794 1.09862e-06
4795 3.49746e-07
4796 1.96006e-07
4797 6.18657e-08
4798 1.08471e-07
4799 4.8777e-08
4800 9.04996e-07
4801 2.42275e-07
4802 6.24945e-08
4803 4.08476e-06
4804 3.18695e-06
4805 1.26746e-06
4806 4.3325e-07
4807 1.59837e-07
4808 2.3198e-06
4809 2.08658e-06
4810 2.56308e-07
4811 2.70762e-07
4812 1.09504e-06
4813 2.84926e-06
4814 4.92766e-06
4815 1.82549e-06
4816 1.06903e-06
4817 4.02096e-07
4818 3.27882e-07
4819 1.90479e-07
4820 4.73186e-08
4821 2.22268e-08
4822 1.62751e-06
4823 6.28441e-07
4824 3.00001e-07
4825 1.4726e-07
4826 1.19743e-07
4827 4.76041e-08
4828 6.32356e-07
4829 8.17795e-08
4830 1.49579e-06
4831 5.70188e-07
4832 1.75663e-06
4833 4.79315e-06
4834 2.14856e-06
4835 2.51767e-06
4836 9.34724e-07
4837 1.59278e-06
4838 7.72646e-06
4839 2.98962e-06
4840 1.1336e-06
4841 2.02258e-06
4842 1.18537e-07
4843 1.70017e-08
4844 6.25546e-07
4845 6.09127e-07
4846 6.55706e-08
4847 6.06095e-07
4848 6.2972e-07
4849 1.70258e-07
4850 3.06819e-07
4851 2.99515e-07
4852 4.16582e-06
4853 6.02611e-07
4854 1.52287e-06
4855 8.49625e-07
4856 5.3468e-07
4857 1.19633e-06
4858 3.37024e-06
4859 1.16268e-06
4860 1.0291e-06
4861 9.92239e-07
4862 1.51698e-07
4863 1.31524e-07
4864 5.70549e-08
4865 4.03933e-06
4866 1.56112e-06
4867 6.3426e-07
4868 1.02263e-06
4869 3.23584e-08
4870 7.67258e-08
4871 1.28349e-07
4872 4.28087e-06
4873 1.97935e-06
4874 7.51982e-07
4875 2.58755e-07
4876 1.56594e-06
4877 6.16311e-07
4878 4.1401e-07
4879 4.08208e-06
4880 1.92606e-06
4881 2.03199e-07
4882 7.19535e-08
4883 7.56295e-08
4884 2.9698e-06
4885 5.69351e-07
4886 3.11252e-07
4887 7.10039e-07
4888 8.85721e-07
4889 4.20345e-06
4890 2.29854e-06
4891 1.09715e-06
4892 4.30637e-07
4893 2.12518e-07
4894 1.24548e-07
4895 7.35141e-07
4896 2.60577e-07
4897 1.83106e-06
4898 9.13618e-07
4899 1.16066e-06
4900 6.59752e-07
4901 3.64966e-06
4902 1.17843e-06
4903 5.14815e-07
4904 3.54717e-07
4905 4.19348e-06
4906 5.8197e-06
4907 4.6708e-06
4908 1.98694e-06
4909 2.11853e-06
4910 3.36303e-07
4911 6.58302e-07
4912 2.40421e-07
4913 1.2649e-07
4914 1.13556e-08
4915 2.31436e-08
4916 6.94762e-06
4917 2.0652e-06
4918 7.27073e-07
4919 2.60056e-07
4920 3.98065e-07
4921 1.52306e-07
4922 1.02318e-07
4923 1.52158e-06
4924 1.20932e-06
4925 6.1485e-07
4926 2.27185e-07
4927 1.30671e-07
4928 1.51983e-06
4929 5.89902e-07
4930 4.07881e-07
4931 1.53578e-07
4932 6.65605e-08
4933 7.95936e-07
4934 1.29633e-07
4935 4.25194e-08
4936 5.00658e-08
4937 4.56013e-06
4938 7.60005e-07
4939 2.83206e-07
4940 2.28692e-06
4941 1.4002e-06
4942 1.97855e-06
4943 1.24531e-06
4944 3.29548e-07
4945 4.62607e-06
4946 1.77742e-06
4947 2.11898e-06
4948 3.92702e-06
4949 1.56769e-06
4950 6.53475e-07
4951 8.82875e-07
4952 5.13241e-07
4953 5.73376e-07
4954 2.68489e-07
4955 1.54177e-06
4956 2.36478e-06
4957 1.29987e-06
4958 5.75457e-07
4959 1.54621e-07
4960 6.04608e-08
4961 5.65851e-07
4962 9.06849e-08
4963 5.87493e-07
4964 2.21232e-07
4965 1.38515e-06
4966 6.02583e-07
4967 1.62321e-06
4968 7.91996e-07
4969 5.88528e-06
4970 3.66412e-06
4971 8.80432e-07
4972 2.65164e-07
4973 3.10911e-07
4974 3.11815e-07
4975 1.87695e-07
4976 6.54245e-08
4977 7.17544e-08
4978 5.76492e-07
4979 4.35557e-08
4980 2.18421e-07
4981 6.25335e-07
4982 7.60718e-08
4983 3.37385e-06
4984 7.38375e-07
4985 8.58712e-07
4986 3.14041e-07
4987 1.39772e-07
4988 1.52395e-08
4989 4.57574e-06
4990 1.68111e-06
4991 8.81983e-07
4992 1.16184e-07
4993 4.98729e-08
4994 4.88e-08
4995 1.63191e-08
4996 1.58675e-08
4997 6.40774e-09
4998 1.65814e-09
4999 0
