0 0
1 0.644912
2 0.17674
3 0.0661356
4 0.0337108
5 0.0219951
6 0.0160438
7 0.0130392
8 0.0103773
9 0.00860306
10 0.00750282
11 0.00650615
12 0.00585488
13 0.00514232
14 0.00467455
15 0.0041267
16 0.00386108
17 0.00342558
18 0.00306227
19 0.002972
20 0.00269456
21 0.00258745
22 0.00234938
23 0.00219182
24 0.00211214
25 0.00204206
26 0.00186096
27 0.00160819
28 0.00169638
29 0.00164037
30 0.00156786
31 0.00146249
32 0.00152016
33 0.00140172
34 0.00122557
35 0.00115163
36 0.00116418
37 0.00108889
38 0.00108828
39 0.00105501
40 0.00102424
41 0.00100518
42 0.000951314
43 0.000864714
44 0.000828259
45 0.00077414
46 0.000842382
47 0.000763328
48 0.000652963
49 0.00072765
50 0.000756206
51 0.000815913
52 0.000689209
53 0.000603587
54 0.000645808
55 0.000620099
56 0.000610141
57 0.000648575
58 0.000637913
59 0.000646474
60 0.000616332
61 0.000566989
62 0.000614059
63 0.000583121
64 0.000433714
65 0.000476203
66 0.0004942
67 0.000492877
68 0.000552678
69 0.000539228
70 0.000460144
71 0.000480947
72 0.000484995
73 0.000430408
74 0.000452279
75 0.000444822
76 0.000414742
77 0.000432926
78 0.000467378
79 0.000389479
80 0.0004374
81 0.000378207
82 0.000378682
83 0.000345789
84 0.000356912
85 0.000295949
86 0.000272433
87 0.000358155
88 0.000304775
89 0.000401975
90 0.000273585
91 0.000305419
92 0.000330242
93 0.000335619
94 0.00034652
95 0.000298067
96 0.00027429
97 0.000310212
98 0.000301203
99 0.000256471
100 0.000280058
101 0.000267144
102 0.000294451
103 0.000294213
104 0.000273559
105 0.000281857
106 0.000263656
107 0.000247624
108 0.000249884
109 0.000288094
110 0.000255001
111 0.000288571
112 0.000281672
113 0.000285504
114 0.000226473
115 0.000271813
116 0.000173065
117 0.000238986
118 0.000237514
119 0.00021579
120 0.00020853
121 0.000223466
122 0.000214137
123 0.00023621
124 0.00016517
125 0.000176988
126 0.000234834
127 0.00020178
128 0.000200046
129 0.000212762
130 0.000217378
131 0.000226387
132 0.000215128
133 0.000214887
134 0.000176729
135 0.000194725
136 0.000193074
137 0.000161125
138 0.000203796
139 0.000184635
140 0.000153131
141 0.000173074
142 0.000208589
143 0.000195245
144 0.000183941
145 0.000208452
146 0.000194561
147 0.000169786
148 0.000151232
149 0.000175941
150 0.000176289
151 0.000148156
152 0.000166645
153 0.000182539
154 0.000154117
155 0.000150335
156 0.000160174
157 0.000137328
158 0.000130471
159 0.000165036
160 0.00015721
161 0.000151553
162 0.000176387
163 0.000163831
164 0.000140516
165 0.000141077
166 0.000122309
167 0.000149606
168 0.000149671
169 0.000100749
170 0.0001216
171 0.000178004
172 0.00013401
173 9.82866e-05
174 0.000124012
175 0.000117825
176 0.00010583
177 0.000109913
178 0.000122521
179 0.000130854
180 0.000102624
181 0.000107995
182 0.000111117
183 0.000112843
184 0.000134856
185 0.0001407
186 0.000117436
187 9.04458e-05
188 9.45638e-05
189 0.000122438
190 0.000103971
191 0.000136113
192 0.000120904
193 0.000117526
194 0.000122124
195 0.000113563
196 0.0001082
197 0.000133947
198 0.000118227
199 9.89556e-05
200 0.000122296
201 0.000117368
202 8.14023e-05
203 9.83836e-05
204 0.000108133
205 0.000106711
206 0.000105527
207 8.81257e-05
208 8.3204e-05
209 0.000104585
210 0.000141244
211 9.87164e-05
212 8.17762e-05
213 0.000105651
214 8.95986e-05
215 8.24678e-05
216 9.91367e-05
217 9.92781e-05
218 0.000100283
219 9.18853e-05
220 9.10699e-05
221 0.000109585
222 9.53628e-05
223 8.22392e-05
224 0.000102126
225 9.14079e-05
226 8.66642e-05
227 0.00010251
228 0.00010166
229 6.95438e-05
230 8.39572e-05
231 8.34679e-05
232 7.83699e-05
233 0.000113865
234 6.91834e-05
235 9.76978e-05
236 8.61452e-05
237 9.49629e-05
238 6.56799e-05
239 7.36896e-05
240 7.94307e-05
241 6.97936e-05
242 7.26202e-05
243 6.74427e-05
244 8.18826e-05
245 9.20621e-05
246 7.74429e-05
247 5.38802e-05
248 5.3738e-05
249 8.18064e-05
250 8.88907e-05
251 8.24721e-05
252 0.000112402
253 7.23216e-05
254 7.36437e-05
255 6.28225e-05
256 6.34333e-05
257 8.40675e-05
258 7.63602e-05
259 6.45071e-05
260 7.84549e-05
261 6.53994e-05
262 7.86283e-05
263 5.73965e-05
264 6.90017e-05
265 5.92229e-05
266 6.89508e-05
267 6.75432e-05
268 6.80939e-05
269 8.54825e-05
270 5.60272e-05
271 5.34608e-05
272 6.99681e-05
273 8.06436e-05
274 7.91927e-05
275 8.7344e-05
276 6.68692e-05
277 6.96741e-05
278 5.72814e-05
279 5.75243e-05
280 5.46759e-05
281 6.81914e-05
282 7.65527e-05
283 8.67229e-05
284 6.47342e-05
285 6.88628e-05
286 5.00826e-05
287 6.06042e-05
288 5.93066e-05
289 4.82334e-05
290 6.30562e-05
291 4.22176e-05
292 5.17239e-05
293 7.9595e-05
294 8.88106e-05
295 5.6206e-05
296 5.87113e-05
297 4.6664e-05
298 8.05514e-05
299 4.30075e-05
300 5.74983e-05
301 6.65699e-05
302 7.06851e-05
303 5.96554e-05
304 5.44923e-05
305 4.65463e-05
306 5.68585e-05
307 5.17519e-05
308 5.88528e-05
309 6.80905e-05
310 6.55307e-05
311 7.93969e-05
312 6.44251e-05
313 7.89526e-05
314 7.10376e-05
315 5.64162e-05
316 4.4648e-05
317 4.52129e-05
318 3.89018e-05
319 5.6699e-05
320 6.58219e-05
321 7.13864e-05
322 7.00425e-05
323 5.38949e-05
324 7.57178e-05
325 7.07063e-05
326 4.98502e-05
327 6.6966e-05
328 4.07932e-05
329 6.58435e-05
330 5.74875e-05
331 7.08955e-05
332 5.61962e-05
333 4.37682e-05
334 7.22728e-05
335 6.20354e-05
336 4.25076e-05
337 6.92876e-05
338 5.77719e-05
339 5.02702e-05
340 6.58717e-05
341 7.13618e-05
342 4.68297e-05
343 3.66028e-05
344 4.62673e-05
345 5.90222e-05
346 2.8013e-05
347 4.33174e-05
348 4.76642e-05
349 5.41198e-05
350 3.98733e-05
351 4.56559e-05
352 4.63791e-05
353 3.68481e-05
354 3.96466e-05
355 3.19254e-05
356 5.28884e-05
357 5.25719e-05
358 7.03416e-05
359 3.75051e-05
360 3.97309e-05
361 3.93512e-05
362 4.81683e-05
363 4.29139e-05
364 4.4012e-05
365 6.18953e-05
366 5.10582e-05
367 4.52372e-05
368 5.91531e-05
369 5.30098e-05
370 4.84403e-05
371 3.21435e-05
372 4.37108e-05
373 4.2429e-05
374 6.58698e-05
375 6.52304e-05
376 4.11873e-05
377 4.80558e-05
378 4.49156e-05
379 4.87187e-05
380 3.274e-05
381 3.28866e-05
382 5.17497e-05
383 3.73217e-05
384 3.49015e-05
385 3.94507e-05
386 3.28397e-05
387 3.01259e-05
388 4.38532e-05
389 3.41864e-05
390 2.99197e-05
391 2.26373e-05
392 5.39057e-05
393 3.30524e-05
394 5.38509e-05
395 3.04627e-05
396 4.09054e-05
397 4.65154e-05
398 6.22352e-05
399 4.41214e-05
400 5.25577e-05
401 4.96094e-05
402 3.63498e-05
403 4.39987e-05
404 3.97387e-05
405 4.61513e-05
406 4.01246e-05
407 5.29213e-05
408 2.69781e-05
409 5.73064e-05
410 3.55532e-05
411 2.59867e-05
412 3.62092e-05
413 4.212e-05
414 3.24207e-05
415 3.62039e-05
416 2.74859e-05
417 4.28961e-05
418 2.77604e-05
419 4.40555e-05
420 3.37906e-05
421 4.02883e-05
422 3.26434e-05
423 2.80402e-05
424 4.48858e-05
425 3.19588e-05
426 5.47041e-05
427 4.80354e-05
428 5.12024e-05
429 2.179e-05
430 2.90251e-05
431 2.75576e-05
432 3.69848e-05
433 2.09227e-05
434 2.89518e-05
435 3.53677e-05
436 5.16414e-05
437 3.50147e-05
438 2.83544e-05
439 4.81401e-05
440 2.7434e-05
441 3.21455e-05
442 3.49575e-05
443 4.07565e-05
444 2.75205e-05
445 4.69433e-05
446 2.99045e-05
447 1.62287e-05
448 2.50578e-05
449 4.33716e-05
450 3.77042e-05
451 3.29819e-05
452 2.42899e-05
453 4.4465e-05
454 3.41485e-05
455 4.76678e-05
456 3.23484e-05
457 3.06459e-05
458 4.6206e-05
459 1.78407e-05
460 2.17693e-05
461 3.26625e-05
462 3.02313e-05
463 3.73172e-05
464 5.40868e-05
465 2.50376e-05
466 2.91024e-05
467 5.09223e-05
468 4.36831e-05
469 3.36635e-05
470 3.80169e-05
471 3.06169e-05
472 5.17277e-05
473 2.58212e-05
474 2.76379e-05
475 2.39721e-05
476 2.57506e-05
477 3.14551e-05
478 7.09095e-05
479 4.83404e-05
480 3.4279e-05
481 3.31971e-05
482 3.06081e-05
483 3.08668e-05
484 2.69722e-05
485 4.70316e-05
486 2.71499e-05
487 1.88416e-05
488 4.718e-05
489 4.06853e-05
490 3.25459e-05
491 3.86899e-05
492 5.02703e-05
493 3.18631e-05
494 3.74935e-05
495 2.89387e-05
496 3.43502e-05
497 2.20488e-05
498 1.8061e-05
499 2.60424e-05
500 2.77382e-05
501 4.24824e-05
502 3.55458e-05
503 4.5235e-05
504 3.19936e-05
505 2.22462e-05
506 2.14502e-05
507 2.24363e-05
508 4.3531e-05
509 3.51027e-05
510 3.62457e-05
511 4.42304e-05
512 3.51029e-05
513 2.12675e-05
514 2.5441e-05
515 3.4717e-05
516 3.84233e-05
517 3.00647e-05
518 2.72073e-05
519 1.82841e-05
520 3.09611e-05
521 2.87717e-05
522 4.80555e-05
523 2.40686e-05
524 4.40638e-05
525 3.37957e-05
526 2.35494e-05
527 2.68666e-05
528 8.18007e-06
529 1.48595e-05
530 1.71518e-05
531 3.64784e-05
532 1.93747e-05
533 1.25208e-05
534 1.71595e-05
535 1.09598e-05
536 1.54613e-05
537 1.74531e-05
538 2.83513e-05
539 2.55762e-05
540 3.32224e-05
541 2.63659e-05
542 2.54466e-05
543 2.23823e-05
544 2.59685e-05
545 2.78121e-05
546 2.58086e-05
547 3.19939e-05
548 2.13059e-05
549 2.52311e-05
550 1.89138e-05
551 3.7141e-05
552 2.71671e-05
553 1.3938e-05
554 1.33911e-05
555 3.32999e-05
556 1.94125e-05
557 2.10976e-05
558 2.74524e-05
559 3.25044e-05
560 3.48029e-05
561 3.13485e-05
562 2.62761e-05
563 2.85178e-05
564 1.99256e-05
565 1.37446e-05
566 1.24938e-05
567 2.949e-05
568 3.0399e-05
569 4.50384e-05
570 2.71129e-05
571 2.64688e-05
572 2.95369e-05
573 2.03545e-05
574 1.51938e-05
575 2.6808e-05
576 1.4347e-05
577 2.77393e-05
578 2.98557e-05
579 2.01378e-05
580 3.00198e-05
581 1.50198e-05
582 2.31123e-05
583 9.10761e-06
584 2.41778e-05
585 2.22759e-05
586 1.45235e-05
587 1.27157e-05
588 3.35369e-05
589 2.4478e-05
590 2.7982e-05
591 2.08113e-05
592 1.17736e-05
593 9.08309e-06
594 1.51012e-05
595 3.47239e-05
596 3.38294e-05
597 3.85947e-05
598 3.50008e-05
599 2.84356e-05
600 2.75262e-05
601 2.83669e-05
602 1.36458e-05
603 2.53494e-05
604 4.45866e-05
605 2.98587e-05
606 4.81398e-05
607 3.22993e-05
608 1.41425e-05
609 1.1538e-05
610 2.17098e-05
611 2.21282e-05
612 3.0707e-05
613 3.95535e-05
614 2.8003e-05
615 1.11911e-05
616 1.38541e-05
617 1.53698e-05
618 2.16265e-05
619 1.58146e-05
620 1.30991e-05
621 2.05416e-05
622 1.32961e-05
623 2.27283e-05
624 2.21986e-05
625 2.0132e-05
626 1.88544e-05
627 1.07194e-05
628 3.9806e-05
629 1.74188e-05
630 2.06818e-05
631 1.27293e-05
632 6.08674e-06
633 1.27973e-05
634 1.07739e-05
635 1.07687e-05
636 1.30567e-05
637 2.82883e-05
638 2.89715e-05
639 2.92245e-05
640 1.52807e-05
641 1.29242e-05
642 1.66629e-05
643 1.94941e-05
644 2.014e-05
645 2.1216e-05
646 1.99475e-05
647 4.10767e-05
648 2.83147e-05
649 1.73922e-05
650 3.81731e-05
651 2.56809e-05
652 4.07744e-05
653 1.28959e-05
654 3.2792e-05
655 2.70275e-05
656 2.63827e-05
657 3.24039e-05
658 3.92646e-05
659 2.77505e-05
660 1.12485e-05
661 1.48235e-05
662 7.2954e-06
663 1.99884e-05
664 2.04928e-05
665 1.52299e-05
666 1.47912e-05
667 1.54059e-05
668 2.48451e-05
669 2.31905e-05
670 2.35604e-05
671 1.89902e-05
672 1.87556e-05
673 8.68729e-06
674 2.13095e-05
675 2.06797e-05
676 1.3704e-05
677 2.3936e-05
678 2.60759e-05
679 1.53009e-05
680 2.87338e-05
681 1.91778e-05
682 8.48511e-06
683 1.62332e-05
684 2.04191e-05
685 6.51317e-06
686 1.92721e-05
687 9.39913e-06
688 3.00458e-05
689 2.34679e-05
690 2.10622e-05
691 1.44433e-05
692 1.05081e-05
693 8.54813e-06
694 1.63067e-05
695 1.17125e-05
696 6.99667e-06
697 9.34591e-06
698 2.63573e-05
699 2.26555e-05
700 2.40533e-05
701 1.34255e-05
702 2.05351e-05
703 4.04571e-05
704 2.47186e-05
705 1.30907e-05
706 2.66571e-05
707 2.22689e-05
708 2.09283e-05
709 1.28016e-05
710 1.23818e-05
711 9.82232e-06
712 1.241e-05
713 2.48826e-05
714 1.09286e-05
715 7.22141e-06
716 1.54572e-05
717 2.12141e-05
718 1.07589e-05
719 1.23854e-05
720 1.82391e-05
721 9.39214e-06
722 1.19606e-05
723 1.36291e-05
724 1.81151e-05
725 2.10703e-05
726 1.63909e-05
727 1.91173e-05
728 2.90703e-05
729 2.03436e-05
730 8.78814e-06
731 2.34483e-05
732 2.20466e-05
733 2.74796e-05
734 2.6601e-05
735 1.35161e-05
736 1.83456e-05
737 2.23664e-05
738 2.02426e-05
739 2.90865e-05
740 1.42103e-05
741 9.50537e-06
742 1.44393e-05
743 1.34814e-05
744 2.07706e-05
745 1.30855e-05
746 1.29654e-05
747 1.1302e-05
748 1.50722e-05
749 7.56553e-06
750 4.65811e-06
751 6.46397e-06
752 2.01358e-05
753 3.316e-05
754 2.2304e-05
755 1.80457e-05
756 2.64921e-05
757 8.47945e-06
758 7.81159e-06
759 1.89493e-05
760 1.93286e-05
761 1.3867e-05
762 1.09245e-05
763 1.67545e-05
764 1.44006e-05
765 1.85631e-05
766 7.9393e-06
767 2.0369e-05
768 2.05998e-05
769 9.84206e-06
770 1.04652e-05
771 3.32065e-05
772 2.57952e-05
773 1.03792e-05
774 1.59002e-05
775 9.32854e-06
776 1.0336e-05
777 1.03903e-05
778 2.76884e-05
779 1.68e-05
780 9.31585e-06
781 1.05896e-05
782 1.11869e-05
783 1.99927e-05
784 1.64394e-05
785 1.2408e-05
786 1.9945e-05
787 1.61531e-05
788 1.1883e-05
789 1.37169e-05
790 1.5245e-05
791 2.11285e-05
792 1.7117e-05
793 1.08384e-05
794 1.2928e-05
795 1.92457e-05
796 2.64309e-05
797 1.64691e-05
798 1.1496e-05
799 9.31657e-06
800 8.82315e-06
801 8.86444e-06
802 8.49937e-06
803 3.25377e-05
804 2.53619e-05
805 1.65003e-05
806 1.69615e-05
807 2.05835e-05
808 1.16065e-05
809 1.27182e-05
810 2.30576e-05
811 1.10517e-05
812 1.10158e-05
813 2.67069e-05
814 2.65651e-05
815 1.70097e-05
816 1.26974e-05
817 2.44451e-05
818 1.70875e-05
819 1.08228e-05
820 1.87709e-05
821 1.28447e-05
822 1.44193e-05
823 1.22747e-05
824 1.34546e-05
825 1.67619e-05
826 2.35371e-05
827 3.0435e-05
828 1.37305e-05
829 1.73429e-05
830 9.30766e-06
831 1.47414e-05
832 1.46704e-05
833 1.69019e-05
834 3.15435e-05
835 2.76319e-05
836 1.08938e-05
837 2.58979e-05
838 3.7963e-05
839 1.75979e-05
840 1.21344e-05
841 1.45141e-05
842 1.46008e-05
843 2.23233e-05
844 1.13845e-05
845 5.39442e-06
846 1.83908e-05
847 4.12838e-06
848 1.04241e-05
849 1.43343e-05
850 1.44467e-05
851 1.31161e-05
852 1.97358e-05
853 1.55919e-05
854 1.76311e-05
855 8.37465e-06
856 7.51463e-06
857 8.80554e-06
858 5.84625e-06
859 1.0739e-05
860 5.47043e-06
861 8.88731e-06
862 7.97372e-06
863 1.64328e-05
864 7.8259e-06
865 4.30986e-06
866 1.19473e-05
867 1.70451e-05
868 1.34103e-05
869 1.87568e-05
870 8.66363e-06
871 2.09494e-05
872 8.80624e-06
873 1.51347e-05
874 7.97842e-06
875 1.81454e-05
876 1.53776e-05
877 2.80157e-05
878 2.09673e-05
879 2.21905e-05
880 1.03515e-05
881 1.16238e-05
882 2.374e-05
883 1.73285e-05
884 2.29457e-05
885 1.64867e-05
886 3.47173e-05
887 1.60091e-05
888 2.4411e-05
889 6.80875e-06
890 1.21727e-05
891 1.56447e-05
892 1.37217e-05
893 1.44354e-05
894 1.67308e-05
895 1.47344e-05
896 1.54157e-05
897 1.23244e-05
898 1.94053e-05
899 6.1465e-06
900 1.43679e-05
901 1.18497e-05
902 1.17788e-05
903 1.90914e-05
904 9.58919e-06
905 1.48252e-05
906 9.90654e-06
907 1.50757e-05
908 1.83091e-05
909 9.93708e-06
910 3.70412e-06
911 7.34842e-06
912 7.56974e-06
913 1.61773e-05
914 1.3267e-05
915 7.34347e-06
916 3.47714e-06
917 8.67029e-06
918 2.52741e-05
919 1.4263e-05
920 7.08408e-06
921 9.39998e-06
922 1.39999e-05
923 7.73866e-06
924 6.61501e-06
925 6.06838e-06
926 1.61582e-05
927 6.56226e-06
928 1.0821e-05
929 8.31117e-06
930 1.84234e-05
931 1.24363e-05
932 2.34419e-05
933 2.00081e-05
934 8.67759e-06
935 1.36733e-05
936 7.2335e-06
937 1.7006e-05
938 2.83546e-05
939 1.57972e-05
940 9.24911e-06
941 7.5898e-06
942 1.42707e-05
943 1.2363e-05
944 1.00579e-05
945 1.58635e-05
946 9.23629e-06
947 1.1086e-05
948 1.2559e-05
949 1.25694e-05
950 2.07337e-05
951 7.72449e-06
952 3.16765e-06
953 1.56089e-05
954 8.41204e-06
955 1.30578e-05
956 1.54313e-05
957 1.48523e-05
958 1.7055e-05
959 1.45843e-05
960 1.07895e-05
961 2.02443e-05
962 1.79392e-05
963 6.15424e-06
964 2.81559e-05
965 1.32047e-05
966 7.89978e-06
967 1.86841e-05
968 1.20427e-05
969 2.17245e-05
970 1.2345e-05
971 2.54794e-06
972 1.56104e-05
973 1.75943e-05
974 1.813e-05
975 1.12401e-05
976 3.68347e-06
977 9.00607e-06
978 8.68761e-06
979 1.67875e-05
980 6.93654e-06
981 6.21993e-06
982 1.22533e-05
983 5.93145e-06
984 8.07402e-06
985 9.14801e-06
986 1.13962e-05
987 2.10172e-05
988 9.28439e-06
989 1.51826e-05
990 9.3891e-06
991 2.12213e-05
992 1.96301e-05
993 1.39228e-05
994 8.51732e-06
995 3.52418e-06
996 1.23674e-05
997 1.84799e-05
998 8.20808e-06
999 8.47004e-06
1000 4.96627e-06
1001 1.33765e-05
1002 2.39274e-05
1003 1.31775e-05
1004 7.96277e-06
1005 8.14647e-06
1006 4.81855e-06
1007 2.98871e-06
1008 1.01038e-05
1009 1.58482e-05
1010 1.35284e-05
1011 5.00388e-06
1012 7.42945e-06
1013 6.47356e-06
1014 1.258e-05
1015 3.04492e-06
1016 7.18799e-06
1017 7.64328e-06
1018 1.27304e-05
1019 2.36101e-05
1020 2.17821e-05
1021 1.83089e-05
1022 4.69558e-06
1023 5.02567e-06
1024 1.33692e-05
1025 8.68839e-06
1026 1.07806e-05
1027 1.00811e-05
1028 5.28183e-06
1029 8.17135e-06
1030 8.59562e-06
1031 1.16621e-05
1032 7.78611e-06
1033 7.70666e-06
1034 1.08426e-05
1035 1.10803e-05
1036 1.23876e-05
1037 7.87342e-06
1038 1.93179e-05
1039 1.12619e-05
1040 7.35037e-06
1041 1.65578e-05
1042 2.77723e-05
1043 1.29432e-05
1044 1.24405e-05
1045 2.13365e-05
1046 1.29937e-05
1047 1.28251e-05
1048 3.78507e-06
1049 3.12043e-06
1050 1.00565e-05
1051 8.79841e-06
1052 1.48542e-05
1053 1.03441e-05
1054 1.09385e-05
1055 1.2279e-05
1056 7.80909e-06
1057 6.23011e-06
1058 2.82251e-06
1059 1.16845e-05
1060 1.19692e-05
1061 7.17588e-06
1062 2.82163e-05
1063 1.21738e-05
1064 1.00512e-05
1065 1.03105e-05
1066 1.3636e-05
1067 3.08547e-05
1068 1.031e-05
1069 7.62379e-06
1070 9.69193e-06
1071 1.64343e-05
1072 9.83048e-06
1073 3.33051e-06
1074 4.43103e-06
1075 8.44027e-06
1076 9.98003e-06
1077 1.32155e-05
1078 7.26995e-06
1079 9.74048e-06
1080 1.88802e-05
1081 7.28998e-06
1082 7.99343e-06
1083 1.64389e-05
1084 8.32336e-06
1085 1.27224e-05
1086 1.0293e-05
1087 1.17636e-05
1088 1.91518e-05
1089 1.13846e-05
1090 1.40826e-05
1091 4.23691e-06
1092 8.74401e-06
1093 1.2643e-05
1094 5.29593e-06
1095 9.94545e-06
1096 8.92733e-06
1097 2.93025e-06
1098 6.56325e-06
1099 1.15626e-05
1100 1.71059e-05
1101 1.59876e-05
1102 1.47255e-05
1103 2.81251e-05
1104 1.51552e-05
1105 1.17359e-05
1106 1.32731e-05
1107 1.73014e-05
1108 1.1746e-05
1109 9.83555e-06
1110 7.29642e-06
1111 1.24007e-05
1112 1.04727e-05
1113 1.08387e-05
1114 1.7117e-05
1115 1.37699e-05
1116 1.82595e-05
1117 9.24832e-06
1118 1.98811e-05
1119 9.96643e-06
1120 4.83099e-06
1121 1.46867e-05
1122 1.20364e-05
1123 4.11249e-06
1124 7.84426e-06
1125 7.21539e-06
1126 5.14206e-06
1127 9.79619e-06
1128 9.08615e-06
1129 1.3801e-05
1130 1.08881e-05
1131 5.86589e-06
1132 4.92512e-06
1133 2.86846e-06
1134 2.67116e-06
1135 6.47048e-06
1136 3.88243e-06
1137 1.40581e-05
1138 3.76782e-06
1139 1.29833e-05
1140 8.83621e-06
1141 1.03045e-05
1142 8.26748e-06
1143 1.63254e-05
1144 1.05405e-05
1145 9.23476e-06
1146 2.17242e-05
1147 9.33659e-06
1148 1.61121e-05
1149 9.78074e-06
1150 1.64069e-05
1151 4.83329e-06
1152 2.76967e-06
1153 2.75735e-06
1154 3.70145e-06
1155 6.76771e-06
1156 1.39657e-05
1157 4.51624e-06
1158 6.51426e-06
1159 1.39741e-06
1160 1.01282e-05
1161 9.88379e-06
1162 9.4779e-06
1163 6.05059e-06
1164 1.07831e-05
1165 8.92876e-06
1166 3.83744e-06
1167 2.62057e-06
1168 1.24801e-05
1169 1.02671e-05
1170 6.0708e-06
1171 1.52016e-05
1172 8.32532e-06
1173 8.29382e-06
1174 1.59886e-06
1175 1.29586e-05
1176 1.71129e-05
1177 7.2684e-06
1178 2.82655e-05
1179 1.0918e-05
1180 7.36313e-06
1181 5.77872e-07
1182 1.38567e-05
1183 9.59041e-06
1184 3.42607e-06
1185 1.27068e-05
1186 6.24518e-06
1187 6.95041e-06
1188 1.88109e-06
1189 7.4359e-06
1190 3.21626e-06
1191 9.29133e-06
1192 3.99121e-06
1193 1.48592e-05
1194 2.11298e-06
1195 2.80952e-06
1196 2.80956e-06
1197 4.85465e-06
1198 1.2073e-05
1199 6.12272e-06
1200 4.82981e-06
1201 6.45422e-06
1202 6.47143e-06
1203 2.57484e-06
1204 7.43381e-06
1205 1.78274e-05
1206 7.9542e-06
1207 5.11234e-06
1208 3.10619e-06
1209 3.07848e-06
1210 7.05876e-06
1211 1.26194e-05
1212 1.16206e-05
1213 1.03405e-05
1214 7.07859e-06
1215 1.17102e-05
1216 5.47913e-06
1217 8.12476e-06
1218 1.52676e-05
1219 3.74983e-06
1220 1.06759e-05
1221 7.92543e-06
1222 1.09521e-05
1223 5.96033e-06
1224 1.44942e-05
1225 1.16385e-05
1226 1.30013e-05
1227 3.41924e-06
1228 1.17969e-05
1229 1.0808e-05
1230 1.07127e-05
1231 9.81469e-06
1232 8.72881e-06
1233 1.48522e-05
1234 7.93655e-06
1235 2.46203e-06
1236 6.97343e-06
1237 1.22447e-05
1238 9.32396e-06
1239 4.07388e-06
1240 6.95128e-06
1241 1.02745e-05
1242 7.17945e-06
1243 1.20944e-05
1244 8.83208e-06
1245 5.43082e-06
1246 9.68756e-06
1247 8.39345e-06
1248 6.2061e-06
1249 3.39237e-06
1250 1.00906e-05
1251 1.25914e-05
1252 5.85664e-06
1253 2.38362e-06
1254 6.69846e-06
1255 1.26857e-05
1256 7.84015e-06
1257 1.32944e-05
1258 5.02427e-06
1259 1.29066e-05
1260 9.18228e-06
1261 7.70918e-06
1262 6.93237e-06
1263 1.35494e-05
1264 1.1117e-05
1265 8.07771e-06
1266 1.09109e-05
1267 1.37956e-05
1268 6.41208e-06
1269 3.46104e-06
1270 7.6136e-06
1271 3.51659e-06
1272 8.26152e-06
1273 5.16359e-06
1274 4.86965e-06
1275 5.96466e-06
1276 8.86082e-06
1277 5.58012e-06
1278 3.87353e-06
1279 1.5464e-05
1280 1.72374e-06
1281 2.17212e-06
1282 2.36131e-06
1283 5.88649e-06
1284 7.93844e-06
1285 1.09047e-05
1286 2.84807e-06
1287 1.30639e-05
1288 3.13279e-06
1289 4.82609e-06
1290 1.90898e-05
1291 2.32824e-05
1292 2.03337e-05
1293 6.97785e-06
1294 6.33465e-06
1295 6.35199e-06
1296 6.44309e-06
1297 1.47549e-05
1298 1.5021e-05
1299 4.48373e-06
1300 4.24419e-06
1301 9.89437e-06
1302 3.38293e-06
1303 1.92099e-06
1304 9.33818e-06
1305 7.45052e-06
1306 2.47148e-05
1307 1.39167e-05
1308 1.48533e-05
1309 8.35298e-06
1310 2.2162e-06
1311 7.64661e-06
1312 7.30667e-06
1313 5.25e-06
1314 2.1632e-06
1315 5.45612e-06
1316 1.80064e-06
1317 4.80273e-06
1318 1.09178e-05
1319 8.92752e-06
1320 3.99669e-06
1321 6.91114e-06
1322 6.00285e-06
1323 1.05323e-05
1324 1.36841e-05
1325 5.9977e-06
1326 7.60707e-06
1327 9.82713e-06
1328 7.81183e-06
1329 8.25093e-06
1330 5.2332e-06
1331 7.05122e-06
1332 2.00095e-06
1333 5.90103e-06
1334 5.39912e-06
1335 3.50849e-06
1336 1.49766e-06
1337 1.31663e-05
1338 1.43725e-05
1339 1.26298e-05
1340 4.46132e-06
1341 3.36135e-06
1342 1.00927e-05
1343 9.11512e-06
1344 5.51923e-06
1345 1.29772e-06
1346 3.84077e-06
1347 6.17895e-06
1348 6.05601e-07
1349 8.42142e-06
1350 1.12695e-05
1351 1.8366e-05
1352 3.23473e-06
1353 7.15809e-06
1354 6.40974e-06
1355 1.53511e-05
1356 8.16284e-06
1357 6.52867e-06
1358 7.94635e-06
1359 9.75409e-06
1360 1.1526e-05
1361 1.20977e-05
1362 1.27022e-05
1363 1.01191e-05
1364 3.46195e-06
1365 7.41807e-06
1366 1.43449e-05
1367 1.94081e-05
1368 5.46175e-06
1369 9.49252e-06
1370 8.87085e-06
1371 7.17126e-06
1372 3.67617e-06
1373 6.06511e-06
1374 6.02356e-06
1375 4.01879e-06
1376 8.55425e-06
1377 1.79118e-06
1378 2.80222e-06
1379 2.33967e-06
1380 2.69532e-06
1381 2.06299e-06
1382 2.16251e-05
1383 7.95607e-06
1384 7.48224e-06
1385 1.14124e-05
1386 2.73123e-06
1387 2.70845e-06
1388 6.3586e-06
1389 6.42262e-06
1390 3.13207e-06
1391 1.2069e-05
1392 1.02289e-05
1393 1.61213e-05
1394 1.63574e-05
1395 7.78915e-06
1396 1.12865e-05
1397 1.29511e-05
1398 9.56657e-06
1399 4.72312e-06
1400 7.48681e-06
1401 8.67614e-06
1402 7.05516e-06
1403 9.04464e-06
1404 6.64409e-06
1405 7.09566e-06
1406 2.71214e-06
1407 1.36759e-05
1408 3.76632e-06
1409 5.34801e-06
1410 1.43455e-05
1411 8.16998e-06
1412 3.70897e-06
1413 1.14867e-05
1414 9.10671e-06
1415 9.4657e-06
1416 9.15384e-06
1417 7.31313e-06
1418 1.44729e-05
1419 1.71676e-05
1420 1.10794e-05
1421 1.35662e-05
1422 7.31977e-06
1423 7.25633e-06
1424 5.22225e-06
1425 1.07694e-05
1426 5.17512e-06
1427 5.30001e-06
1428 2.96623e-06
1429 1.17892e-05
1430 1.0222e-05
1431 1.93747e-06
1432 8.91404e-06
1433 1.08434e-05
1434 1.36879e-05
1435 7.50225e-06
1436 7.18961e-06
1437 3.11924e-06
1438 2.86123e-06
1439 2.45352e-06
1440 7.31558e-06
1441 1.36619e-06
1442 4.24175e-06
1443 8.22463e-06
1444 6.4598e-06
1445 3.50478e-06
1446 2.23884e-06
1447 1.12601e-05
1448 1.02432e-05
1449 3.84138e-06
1450 2.00446e-06
1451 9.244e-07
1452 4.92827e-06
1453 5.43293e-06
1454 6.78689e-06
1455 1.09304e-05
1456 9.61208e-06
1457 3.44462e-06
1458 1.67269e-06
1459 5.79194e-06
1460 3.82257e-07
1461 6.52259e-06
1462 9.58114e-07
1463 4.30101e-07
1464 3.04883e-06
1465 7.48639e-06
1466 3.53094e-06
1467 9.56686e-06
1468 8.13785e-06
1469 9.53125e-06
1470 2.80066e-06
1471 1.58017e-05
1472 4.28014e-06
1473 6.13173e-06
1474 5.21284e-06
1475 8.88455e-06
1476 6.16324e-06
1477 2.17975e-06
1478 1.17983e-05
1479 4.15741e-06
1480 3.16635e-06
1481 7.11582e-06
1482 1.18623e-05
1483 9.34859e-06
1484 2.37824e-06
1485 3.82009e-06
1486 9.24816e-06
1487 7.21012e-06
1488 1.17154e-05
1489 6.326e-06
1490 3.41518e-06
1491 5.20112e-06
1492 3.45391e-06
1493 6.51603e-06
1494 3.31429e-06
1495 4.3496e-06
1496 2.11371e-06
1497 8.22899e-06
1498 9.64076e-06
1499 3.58524e-06
1500 6.80823e-06
1501 6.71417e-06
1502 4.02314e-06
1503 9.99754e-06
1504 1.87949e-05
1505 1.6159e-05
1506 1.225e-05
1507 6.3563e-06
1508 4.33144e-06
1509 6.6702e-06
1510 6.34476e-06
1511 2.01033e-06
1512 6.4538e-06
1513 6.7896e-06
1514 9.35687e-06
1515 9.10425e-06
1516 5.30792e-06
1517 1.49291e-06
1518 6.42684e-07
1519 4.51836e-06
1520 4.53406e-06
1521 1.65848e-06
1522 6.23987e-06
1523 4.83696e-06
1524 6.47779e-06
1525 2.84958e-06
1526 3.40069e-06
1527 1.09653e-05
1528 6.57531e-06
1529 8.35802e-06
1530 6.96963e-06
1531 5.30538e-06
1532 1.35995e-05
1533 1.2711e-05
1534 8.3523e-06
1535 1.71321e-05
1536 9.73376e-06
1537 7.48556e-06
1538 5.46694e-06
1539 1.24422e-05
1540 5.6798e-06
1541 3.7574e-06
1542 1.89854e-05
1543 1.20768e-05
1544 8.09164e-06
1545 6.62441e-06
1546 4.8795e-06
1547 1.20056e-05
1548 4.72059e-06
1549 1.86512e-06
1550 4.64529e-06
1551 7.01926e-06
1552 9.77564e-06
1553 4.15763e-06
1554 2.521e-06
1555 7.89758e-06
1556 2.37377e-06
1557 5.9496e-06
1558 2.86582e-06
1559 1.16611e-06
1560 1.96878e-06
1561 1.37891e-06
1562 3.3113e-06
1563 6.38195e-06
1564 1.47779e-06
1565 6.05278e-06
1566 1.88261e-06
1567 2.76796e-06
1568 5.65142e-06
1569 1.06544e-05
1570 1.24167e-05
1571 5.96612e-06
1572 2.94313e-06
1573 1.68532e-05
1574 1.61383e-05
1575 1.99241e-05
1576 7.84211e-06
1577 7.92623e-06
1578 1.18553e-05
1579 5.60982e-06
1580 1.28302e-05
1581 1.09611e-05
1582 2.50401e-06
1583 2.37061e-06
1584 7.94882e-06
1585 5.85834e-06
1586 9.2848e-06
1587 1.99498e-06
1588 6.82694e-06
1589 7.32064e-06
1590 6.73229e-06
1591 7.39283e-06
1592 7.0192e-06
1593 1.08326e-05
1594 1.92402e-05
1595 4.62615e-06
1596 3.09336e-06
1597 9.8537e-06
1598 1.39855e-06
1599 1.73419e-06
1600 2.22964e-06
1601 1.00145e-05
1602 1.019e-05
1603 4.75246e-06
1604 5.54001e-06
1605 2.22459e-06
1606 7.14601e-06
1607 9.66624e-06
1608 9.98832e-06
1609 1.07379e-05
1610 1.48713e-05
1611 8.51462e-06
1612 1.08462e-05
1613 7.07561e-06
1614 3.00956e-06
1615 2.08503e-06
1616 4.59215e-06
1617 8.90593e-06
1618 5.59225e-06
1619 2.27939e-06
1620 7.63796e-06
1621 1.28954e-05
1622 9.78514e-06
1623 1.01062e-05
1624 4.75091e-06
1625 1.67048e-05
1626 3.95998e-06
1627 9.12715e-07
1628 6.70067e-06
1629 3.43141e-06
1630 1.57257e-06
1631 2.06699e-06
1632 1.27051e-06
1633 7.80209e-06
1634 4.87262e-06
1635 9.16939e-06
1636 1.62303e-06
1637 2.38152e-06
1638 4.54608e-06
1639 1.15556e-05
1640 8.16069e-06
1641 4.74812e-06
1642 5.99031e-06
1643 2.23875e-06
1644 5.17167e-07
1645 2.91297e-06
1646 6.53389e-06
1647 4.49062e-06
1648 5.42836e-06
1649 7.97076e-06
1650 4.70718e-06
1651 1.45297e-06
1652 6.36196e-07
1653 1.12565e-05
1654 5.78645e-06
1655 5.07108e-06
1656 7.66538e-06
1657 1.59159e-05
1658 3.66083e-06
1659 1.33706e-06
1660 4.46976e-06
1661 7.05432e-06
1662 5.57394e-06
1663 6.6198e-06
1664 2.4637e-06
1665 3.00182e-06
1666 5.22081e-06
1667 1.75914e-06
1668 1.85509e-07
1669 7.08096e-06
1670 5.3012e-06
1671 2.01716e-05
1672 7.54128e-06
1673 3.92339e-06
1674 1.32813e-06
1675 6.2451e-06
1676 3.96797e-06
1677 1.05901e-05
1678 2.45349e-06
1679 1.27424e-05
1680 9.11467e-06
1681 7.72168e-06
1682 4.23674e-06
1683 2.10108e-06
1684 6.29113e-06
1685 1.77543e-06
1686 5.79766e-07
1687 7.2364e-06
1688 3.36369e-06
1689 2.5187e-06
1690 1.00295e-05
1691 8.34923e-06
1692 8.74243e-06
1693 2.79794e-06
1694 1.74987e-06
1695 9.12811e-07
1696 1.46515e-05
1697 2.90841e-06
1698 6.89545e-06
1699 8.31786e-06
1700 5.07424e-06
1701 5.77723e-06
1702 2.2781e-06
1703 9.07198e-06
1704 2.04776e-06
1705 1.69695e-06
1706 5.66264e-06
1707 4.27349e-06
1708 1.6534e-05
1709 1.11415e-05
1710 7.84908e-06
1711 4.41871e-06
1712 5.13436e-06
1713 6.0175e-06
1714 8.26986e-06
1715 1.11339e-05
1716 8.54807e-06
1717 7.04219e-06
1718 2.23156e-06
1719 4.85292e-06
1720 9.86662e-06
1721 1.1572e-05
1722 9.47038e-06
1723 2.898e-06
1724 6.58988e-06
1725 8.81907e-06
1726 7.65728e-06
1727 3.59128e-06
1728 2.26783e-07
1729 7.62299e-06
1730 7.58235e-06
1731 2.11308e-06
1732 4.116e-06
1733 5.7055e-06
1734 5.71046e-06
1735 8.51052e-06
1736 1.56804e-06
1737 5.62139e-06
1738 1.1412e-06
1739 1.32798e-06
1740 3.88548e-06
1741 6.6118e-06
1742 4.76158e-06
1743 4.82661e-06
1744 2.54343e-06
1745 5.56248e-07
1746 2.51059e-06
1747 5.28181e-06
1748 1.72274e-06
1749 3.26403e-06
1750 9.40958e-06
1751 7.2167e-07
1752 4.24463e-06
1753 5.9914e-06
1754 1.89496e-06
1755 1.84721e-06
1756 2.85117e-06
1757 3.06192e-06
1758 2.31002e-06
1759 2.78727e-06
1760 2.41634e-06
1761 4.897e-06
1762 6.41699e-06
1763 3.93113e-06
1764 1.53302e-06
1765 5.22729e-06
1766 5.89818e-06
1767 2.84203e-06
1768 8.72146e-06
1769 8.18394e-06
1770 5.35033e-06
1771 2.63675e-06
1772 5.72886e-06
1773 1.65688e-06
1774 7.72053e-06
1775 5.64681e-06
1776 5.8183e-06
1777 4.6501e-06
1778 5.82477e-06
1779 3.60948e-06
1780 6.00132e-06
1781 2.13815e-06
1782 8.80497e-06
1783 3.6954e-06
1784 3.55205e-06
1785 1.46074e-05
1786 5.18087e-06
1787 2.7587e-06
1788 2.0676e-06
1789 5.38347e-06
1790 9.01938e-06
1791 6.65202e-06
1792 6.33159e-06
1793 1.14793e-05
1794 4.54802e-06
1795 4.58049e-06
1796 5.93053e-06
1797 8.74593e-07
1798 4.58738e-06
1799 2.05933e-06
1800 3.82203e-06
1801 7.51148e-06
1802 7.78165e-06
1803 8.51121e-06
1804 1.02016e-06
1805 4.96957e-06
1806 2.34282e-07
1807 8.0888e-06
1808 6.11762e-06
1809 2.65525e-06
1810 2.49727e-06
1811 6.13551e-06
1812 8.65562e-06
1813 5.12978e-06
1814 2.80307e-06
1815 5.09046e-06
1816 4.79143e-06
1817 4.65134e-06
1818 4.59776e-06
1819 1.88916e-06
1820 6.18407e-06
1821 3.06227e-06
1822 2.18525e-06
1823 4.70108e-07
1824 8.74694e-06
1825 5.68028e-06
1826 3.49995e-06
1827 7.93834e-06
1828 2.90894e-06
1829 8.08648e-06
1830 1.24753e-05
1831 2.67921e-06
1832 2.88251e-06
1833 1.01774e-05
1834 1.11344e-05
1835 4.11357e-06
1836 3.45878e-06
1837 5.01925e-06
1838 4.81965e-06
1839 1.35245e-05
1840 4.20998e-06
1841 1.04827e-06
1842 2.42409e-06
1843 1.00511e-05
1844 3.26069e-06
1845 5.63864e-06
1846 1.47893e-06
1847 2.1011e-06
1848 6.38512e-07
1849 4.48907e-07
1850 5.84208e-06
1851 3.9242e-06
1852 4.82884e-06
1853 4.5268e-06
1854 6.834e-06
1855 3.38085e-06
1856 5.61871e-06
1857 1.75934e-06
1858 9.87475e-06
1859 3.71286e-06
1860 9.26134e-06
1861 1.15319e-05
1862 1.01256e-05
1863 8.36704e-06
1864 3.97566e-06
1865 1.51931e-06
1866 1.93465e-06
1867 4.33972e-06
1868 4.54741e-06
1869 5.68141e-06
1870 1.32423e-06
1871 1.88364e-06
1872 5.37001e-06
1873 1.90277e-06
1874 8.92293e-07
1875 4.52682e-06
1876 2.27848e-06
1877 2.17413e-06
1878 2.48759e-06
1879 6.64296e-07
1880 1.69413e-06
1881 4.75751e-06
1882 9.47754e-06
1883 6.90103e-06
1884 2.46886e-06
1885 1.95523e-06
1886 1.83414e-07
1887 5.74878e-06
1888 8.17601e-07
1889 4.3197e-06
1890 5.88533e-06
1891 6.87269e-06
1892 3.56502e-06
1893 6.77175e-06
1894 6.29618e-06
1895 2.88434e-06
1896 6.20752e-06
1897 7.88863e-07
1898 4.2924e-06
1899 9.70564e-06
1900 1.25009e-05
1901 8.6184e-07
1902 7.41624e-06
1903 9.08365e-06
1904 7.19979e-06
1905 1.1864e-05
1906 7.59426e-06
1907 3.24388e-06
1908 3.97596e-06
1909 1.456e-05
1910 6.60766e-06
1911 1.49932e-06
1912 1.86547e-06
1913 7.6361e-07
1914 9.00022e-07
1915 7.49531e-06
1916 5.54594e-06
1917 1.96075e-06
1918 1.78955e-06
1919 7.60843e-06
1920 1.43484e-05
1921 3.96602e-06
1922 4.85627e-06
1923 4.68788e-06
1924 8.07757e-06
1925 3.79109e-06
1926 3.00106e-06
1927 4.7118e-06
1928 2.30768e-06
1929 5.06121e-07
1930 8.26648e-07
1931 1.49816e-06
1932 5.3138e-07
1933 4.64485e-06
1934 2.43651e-07
1935 5.77783e-06
1936 9.26862e-06
1937 9.04774e-06
1938 3.04257e-06
1939 5.02848e-06
1940 4.86801e-06
1941 5.12717e-06
1942 5.38858e-06
1943 9.41405e-06
1944 3.99979e-06
1945 2.63267e-06
1946 7.91495e-06
1947 2.68701e-06
1948 4.42125e-06
1949 7.29228e-06
1950 2.13769e-06
1951 9.73955e-06
1952 1.01924e-05
1953 5.69063e-06
1954 2.72379e-06
1955 2.71181e-06
1956 2.67107e-06
1957 7.35155e-07
1958 3.21271e-06
1959 1.71991e-06
1960 2.03716e-06
1961 8.79478e-06
1962 3.93465e-06
1963 5.44499e-06
1964 3.47593e-06
1965 2.72009e-06
1966 1.68498e-06
1967 2.73662e-06
1968 3.22901e-06
1969 2.65538e-06
1970 7.35582e-06
1971 7.00734e-07
1972 5.82953e-07
1973 4.19726e-06
1974 2.08194e-06
1975 2.30703e-06
1976 6.15383e-06
1977 7.06612e-06
1978 1.56902e-06
1979 5.70977e-07
1980 7.50898e-07
1981 7.023e-07
1982 7.22173e-06
1983 1.21223e-06
1984 4.42809e-06
1985 4.25919e-06
1986 4.61651e-06
1987 4.79452e-06
1988 5.96391e-06
1989 4.54707e-07
1990 1.79481e-06
1991 6.185e-07
1992 5.30523e-07
1993 4.09496e-06
1994 1.54034e-06
1995 1.48783e-06
1996 1.24615e-06
1997 6.26862e-06
1998 5.79318e-06
1999 1.7056e-06
2000 6.06621e-06
2001 6.25814e-06
2002 1.02995e-05
2003 8.09056e-06
2004 2.50115e-06
2005 7.88646e-06
2006 3.40371e-06
2007 1.5674e-06
2008 2.60006e-06
2009 6.77307e-07
2010 2.33727e-07
2011 1.9584e-07
2012 4.3125e-06
2013 7.77737e-06
2014 6.9426e-07
2015 3.19792e-06
2016 1.06025e-06
2017 3.47784e-06
2018 2.16462e-06
2019 4.82466e-06
2020 8.38615e-06
2021 2.83131e-06
2022 6.84068e-06
2023 9.97433e-06
2024 7.67768e-06
2025 1.67964e-06
2026 3.8049e-07
2027 8.17684e-06
2028 3.06212e-06
2029 4.74604e-06
2030 1.19685e-06
2031 9.9325e-06
2032 1.43225e-05
2033 5.30798e-06
2034 5.36417e-06
2035 2.11697e-06
2036 3.00714e-06
2037 6.49192e-06
2038 1.04971e-05
2039 2.32072e-06
2040 9.09786e-07
2041 2.22336e-06
2042 6.09607e-06
2043 7.53153e-06
2044 3.49489e-06
2045 5.55613e-07
2046 2.36279e-07
2047 2.97753e-07
2048 2.77964e-07
2049 9.60112e-06
2050 7.75791e-06
2051 3.40639e-06
2052 6.0695e-06
2053 4.06079e-06
2054 5.98524e-06
2055 2.10763e-06
2056 7.59191e-07
2057 4.57017e-06
2058 6.94353e-06
2059 1.47173e-06
2060 1.1147e-06
2061 6.52315e-06
2062 1.25549e-05
2063 7.09903e-06
2064 2.32214e-06
2065 2.49944e-06
2066 5.67995e-06
2067 4.23973e-06
2068 7.607e-06
2069 1.91492e-06
2070 2.2633e-06
2071 1.76477e-06
2072 8.03895e-06
2073 3.17653e-06
2074 4.5522e-06
2075 3.29853e-06
2076 5.00038e-06
2077 8.24477e-07
2078 5.02887e-07
2079 2.12969e-07
2080 1.67232e-06
2081 1.6199e-06
2082 5.45879e-08
2083 6.0266e-06
2084 1.018e-07
2085 8.03573e-07
2086 2.8404e-07
2087 8.15226e-06
2088 6.09421e-06
2089 2.03271e-06
2090 9.43479e-07
2091 8.61888e-06
2092 5.15657e-06
2093 1.52916e-06
2094 1.89066e-06
2095 1.94223e-06
2096 9.07056e-06
2097 7.33637e-06
2098 4.04204e-06
2099 1.02953e-05
2100 5.93008e-06
2101 2.09913e-06
2102 1.09643e-06
2103 5.47338e-06
2104 3.27837e-06
2105 1.01092e-05
2106 2.45263e-06
2107 4.1108e-06
2108 9.75218e-06
2109 5.02494e-06
2110 5.30423e-06
2111 2.10951e-06
2112 3.67905e-06
2113 5.51834e-06
2114 5.90692e-06
2115 9.24791e-06
2116 2.85961e-06
2117 3.22579e-07
2118 6.59648e-07
2119 1.17097e-07
2120 7.93632e-07
2121 4.35346e-06
2122 5.6107e-06
2123 1.73792e-06
2124 6.50591e-06
2125 2.35915e-06
2126 7.67891e-07
2127 1.40579e-05
2128 6.74347e-06
2129 9.86556e-06
2130 7.24658e-06
2131 1.00526e-05
2132 2.98051e-06
2133 4.75088e-06
2134 2.28896e-06
2135 5.98129e-06
2136 4.83544e-06
2137 6.08657e-06
2138 6.30918e-07
2139 4.42727e-06
2140 6.88567e-07
2141 2.29446e-06
2142 1.59215e-06
2143 3.50314e-06
2144 8.93919e-07
2145 3.28736e-07
2146 6.41929e-07
2147 4.56124e-06
2148 6.04396e-06
2149 6.49035e-07
2150 6.24274e-06
2151 1.28687e-06
2152 4.73589e-07
2153 6.05723e-07
2154 1.96068e-06
2155 3.31008e-06
2156 7.21226e-07
2157 8.44865e-07
2158 2.48273e-07
2159 1.37767e-07
2160 1.14334e-06
2161 4.20788e-06
2162 2.8685e-06
2163 6.32714e-06
2164 2.31771e-06
2165 4.54209e-07
2166 5.49062e-06
2167 1.67404e-06
2168 4.01082e-06
2169 1.0029e-07
2170 6.05347e-06
2171 2.02779e-06
2172 1.15869e-06
2173 1.77625e-07
2174 1.14079e-06
2175 3.97685e-06
2176 5.72464e-06
2177 1.34566e-06
2178 5.36982e-06
2179 4.85102e-06
2180 4.99508e-06
2181 3.0744e-06
2182 4.82381e-06
2183 7.97747e-06
2184 6.91138e-06
2185 3.08269e-06
2186 4.72086e-07
2187 2.75045e-07
2188 6.59558e-07
2189 5.28462e-07
2190 2.0017e-06
2191 1.24271e-05
2192 5.70171e-06
2193 3.7426e-06
2194 1.71123e-06
2195 1.00513e-06
2196 2.20391e-06
2197 2.39029e-06
2198 6.37302e-06
2199 1.0146e-05
2200 1.72944e-06
2201 5.76584e-06
2202 5.36204e-06
2203 2.47681e-06
2204 2.50441e-06
2205 1.90027e-06
2206 6.15373e-06
2207 2.13881e-07
2208 1.34961e-06
2209 8.71361e-06
2210 6.51278e-06
2211 9.70687e-07
2212 2.9431e-06
2213 2.6118e-06
2214 1.39204e-06
2215 1.59212e-06
2216 5.84433e-06
2217 6.10529e-06
2218 2.65733e-06
2219 4.83107e-06
2220 6.71458e-06
2221 6.22389e-06
2222 3.97703e-06
2223 9.94963e-07
2224 5.69771e-06
2225 7.25246e-06
2226 7.08267e-06
2227 4.19183e-06
2228 5.34166e-06
2229 1.77008e-06
2230 5.70311e-06
2231 2.79953e-06
2232 4.91282e-06
2233 5.71684e-06
2234 3.76106e-06
2235 1.38365e-06
2236 4.75492e-07
2237 4.69782e-06
2238 9.72353e-06
2239 6.84645e-06
2240 4.22052e-06
2241 5.84441e-06
2242 2.195e-06
2243 3.35177e-06
2244 6.64813e-06
2245 8.77375e-07
2246 1.05447e-05
2247 3.80624e-06
2248 3.18998e-06
2249 1.33975e-05
2250 9.12896e-06
2251 3.18745e-06
2252 6.80672e-06
2253 2.55823e-06
2254 6.81514e-06
2255 2.43688e-06
2256 1.1057e-06
2257 2.31534e-07
2258 3.61452e-06
2259 7.16813e-06
2260 6.01837e-06
2261 2.4386e-06
2262 6.31636e-06
2263 2.11672e-06
2264 1.21346e-06
2265 8.44801e-07
2266 5.52542e-06
2267 3.37794e-06
2268 9.76508e-07
2269 1.37081e-07
2270 1.37081e-07
2271 2.45169e-06
2272 1.02784e-06
2273 2.31637e-06
2274 4.32509e-06
2275 6.52083e-06
2276 6.76693e-06
2277 4.31572e-06
2278 1.20704e-05
2279 6.17493e-06
2280 2.00456e-06
2281 2.37699e-06
2282 4.84749e-06
2283 6.09488e-06
2284 2.29727e-07
2285 2.11724e-06
2286 1.30548e-05
2287 7.33425e-06
2288 1.85455e-06
2289 9.40705e-06
2290 4.88994e-06
2291 5.16814e-06
2292 4.9776e-06
2293 5.35827e-06
2294 5.92266e-06
2295 5.89844e-06
2296 1.51198e-06
2297 4.37762e-06
2298 3.11123e-06
2299 5.15496e-06
2300 9.50099e-07
2301 4.84111e-06
2302 1.05345e-06
2303 5.75666e-06
2304 9.42261e-07
2305 1.81766e-06
2306 8.39065e-07
2307 8.82157e-06
2308 1.95186e-06
2309 6.43155e-06
2310 4.59632e-07
2311 4.2154e-06
2312 1.59888e-06
2313 4.88989e-06
2314 2.98763e-06
2315 1.3001e-06
2316 1.92858e-06
2317 4.34775e-06
2318 6.99403e-06
2319 2.10622e-06
2320 5.12641e-06
2321 1.58983e-05
2322 5.82353e-06
2323 1.00875e-05
2324 3.20619e-06
2325 2.95754e-06
2326 6.88834e-06
2327 4.32708e-06
2328 3.46786e-06
2329 6.18988e-06
2330 2.5535e-06
2331 3.98784e-06
2332 6.46757e-06
2333 1.34928e-05
2334 8.6508e-06
2335 2.62443e-06
2336 4.92714e-06
2337 1.81459e-06
2338 2.61605e-07
2339 2.7302e-08
2340 4.037e-06
2341 1.51592e-06
2342 2.56391e-06
2343 8.71879e-07
2344 1.8747e-07
2345 6.06685e-06
2346 2.30647e-06
2347 6.04395e-06
2348 4.02639e-06
2349 1.37501e-06
2350 2.0898e-06
2351 7.7907e-07
2352 4.48338e-06
2353 1.41173e-05
2354 4.78114e-06
2355 5.7501e-06
2356 2.21805e-06
2357 2.55568e-06
2358 1.69787e-06
2359 4.64442e-06
2360 1.53853e-06
2361 8.83485e-08
2362 8.23033e-06
2363 1.75459e-06
2364 4.70929e-06
2365 2.2311e-06
2366 4.74988e-06
2367 1.95346e-06
2368 1.98027e-06
2369 9.68315e-08
2370 4.0424e-06
2371 4.11169e-06
2372 4.20386e-06
2373 1.60174e-06
2374 6.25414e-06
2375 3.04005e-06
2376 2.27377e-06
2377 2.97519e-06
2378 2.21299e-06
2379 2.70264e-06
2380 5.70715e-06
2381 8.02938e-06
2382 8.30308e-06
2383 2.7281e-06
2384 7.1144e-07
2385 5.73384e-07
2386 2.22394e-06
2387 2.6157e-06
2388 1.08861e-06
2389 5.23009e-06
2390 4.77754e-06
2391 7.98788e-06
2392 2.7499e-06
2393 5.40919e-06
2394 5.76382e-06
2395 6.5702e-07
2396 6.38161e-09
2397 5.57486e-08
2398 8.40889e-06
2399 1.06687e-05
2400 2.44227e-06
2401 5.07384e-06
2402 5.5734e-06
2403 4.59202e-06
2404 6.97443e-06
2405 4.71209e-06
2406 5.31354e-06
2407 8.46173e-06
2408 5.64004e-06
2409 1.50296e-06
2410 3.18234e-06
2411 2.10697e-06
2412 2.24297e-06
2413 1.01566e-06
2414 1.2666e-06
2415 9.71271e-06
2416 7.48852e-06
2417 1.17337e-05
2418 3.50142e-06
2419 2.1532e-06
2420 1.73725e-07
2421 3.09724e-06
2422 6.13434e-06
2423 2.76124e-06
2424 4.81513e-06
2425 7.25289e-06
2426 2.25401e-06
2427 8.41175e-07
2428 4.29954e-06
2429 1.5076e-06
2430 1.09328e-06
2431 5.88445e-06
2432 6.36495e-06
2433 6.02118e-07
2434 5.37617e-06
2435 2.02042e-06
2436 2.34063e-06
2437 1.04009e-06
2438 1.41765e-06
2439 4.89266e-06
2440 5.24385e-07
2441 8.11913e-06
2442 4.87511e-08
2443 5.4893e-06
2444 5.4338e-07
2445 2.01058e-07
2446 2.11326e-06
2447 1.68067e-06
2448 6.87867e-07
2449 5.97953e-07
2450 2.82326e-07
2451 8.5476e-07
2452 4.9012e-07
2453 1.2886e-06
2454 9.69168e-07
2455 4.08771e-06
2456 7.00065e-06
2457 8.78111e-06
2458 1.82827e-06
2459 2.24423e-06
2460 5.35104e-06
2461 4.56429e-06
2462 3.77801e-06
2463 1.77734e-06
2464 3.11474e-07
2465 3.12813e-06
2466 3.35864e-06
2467 3.69649e-06
2468 1.18372e-06
2469 1.85174e-06
2470 6.36892e-06
2471 8.65877e-06
2472 8.20414e-06
2473 3.02082e-06
2474 4.12759e-06
2475 5.92676e-06
2476 6.71216e-06
2477 4.96793e-06
2478 8.96996e-07
2479 1.31027e-06
2480 3.57477e-07
2481 1.27833e-07
2482 2.10651e-07
2483 6.94403e-07
2484 2.53258e-07
2485 2.93683e-07
2486 1.56832e-06
2487 5.49177e-07
2488 3.88572e-06
2489 2.70129e-06
2490 2.30279e-06
2491 5.5547e-06
2492 7.50404e-07
2493 4.27606e-06
2494 8.74183e-06
2495 3.68359e-06
2496 3.63111e-06
2497 1.20362e-05
2498 2.04417e-06
2499 8.3108e-06
2500 8.92354e-06
2501 8.7543e-06
2502 2.02177e-05
2503 7.06717e-06
2504 1.3761e-06
2505 2.93462e-06
2506 9.62189e-06
2507 3.62372e-06
2508 5.23285e-06
2509 3.18173e-06
2510 1.1184e-06
2511 9.22915e-06
2512 4.59609e-06
2513 8.52061e-07
2514 3.0738e-06
2515 3.31919e-06
2516 9.96393e-06
2517 4.81781e-06
2518 1.73484e-06
2519 1.00498e-06
2520 1.57824e-06
2521 8.23944e-08
2522 2.59892e-06
2523 3.10332e-07
2524 4.13618e-06
2525 5.72388e-06
2526 4.59982e-06
2527 7.52513e-06
2528 6.44919e-06
2529 2.09372e-06
2530 6.0736e-07
2531 1.93097e-06
2532 7.17973e-07
2533 9.86281e-06
2534 3.56845e-06
2535 1.10314e-06
2536 4.23362e-06
2537 2.63246e-06
2538 4.45551e-06
2539 6.54697e-07
2540 5.50926e-06
2541 2.1115e-06
2542 3.00528e-06
2543 9.10269e-06
2544 2.47023e-06
2545 4.335e-06
2546 2.47731e-06
2547 1.31257e-06
2548 3.50835e-07
2549 3.68198e-07
2550 1.05932e-07
2551 4.2367e-06
2552 7.57779e-06
2553 2.31184e-07
2554 4.5432e-06
2555 1.35584e-06
2556 1.94514e-06
2557 1.63353e-06
2558 1.12921e-06
2559 4.04818e-07
2560 7.46746e-08
2561 4.76765e-06
2562 5.76433e-06
2563 3.59189e-06
2564 1.83461e-06
2565 5.45056e-07
2566 1.81854e-06
2567 2.72908e-07
2568 3.58477e-06
2569 1.12953e-06
2570 4.40153e-07
2571 5.50371e-07
2572 6.98818e-07
2573 2.12007e-06
2574 2.178e-06
2575 4.64704e-06
2576 2.42472e-06
2577 5.54843e-06
2578 4.74183e-06
2579 1.84466e-06
2580 1.25751e-06
2581 2.83671e-07
2582 6.17181e-08
2583 5.54156e-07
2584 6.63161e-06
2585 2.24048e-06
2586 1.47177e-06
2587 7.88404e-06
2588 6.97315e-06
2589 3.37823e-06
2590 5.93829e-06
2591 2.40096e-06
2592 4.16162e-06
2593 1.94454e-06
2594 5.2567e-06
2595 1.92871e-06
2596 2.11904e-06
2597 1.72369e-06
2598 2.06382e-06
2599 5.2213e-06
2600 1.87409e-06
2601 6.03429e-06
2602 3.14592e-06
2603 9.67566e-06
2604 6.89988e-06
2605 1.82528e-06
2606 3.75233e-06
2607 6.3141e-07
2608 1.73008e-06
2609 7.34442e-08
2610 1.49915e-06
2611 1.68083e-06
2612 4.28343e-06
2613 3.11972e-06
2614 8.21864e-07
2615 9.335e-08
2616 2.2562e-06
2617 5.30325e-06
2618 2.21933e-07
2619 2.61698e-07
2620 4.11401e-06
2621 1.6369e-06
2622 6.10474e-07
2623 4.097e-06
2624 1.67951e-06
2625 5.45927e-07
2626 2.0016e-07
2627 7.72914e-08
2628 5.74541e-06
2629 3.07124e-06
2630 1.6609e-06
2631 8.22263e-06
2632 3.04478e-06
2633 2.07724e-06
2634 5.69473e-06
2635 6.36356e-06
2636 4.10319e-06
2637 4.9951e-06
2638 1.55842e-06
2639 3.74242e-06
2640 8.46185e-07
2641 1.3899e-06
2642 3.8842e-06
2643 8.44376e-07
2644 1.01126e-06
2645 4.15931e-06
2646 5.57628e-06
2647 6.41368e-06
2648 5.45563e-06
2649 2.08016e-06
2650 4.24981e-06
2651 9.74939e-06
2652 2.0271e-06
2653 3.07197e-06
2654 3.14297e-06
2655 1.15439e-06
2656 4.30387e-06
2657 8.21286e-07
2658 8.5248e-07
2659 2.66615e-07
2660 4.2959e-06
2661 4.54882e-06
2662 1.67208e-06
2663 3.48872e-06
2664 9.44627e-07
2665 3.29055e-06
2666 1.04272e-06
2667 9.93387e-07
2668 2.57696e-06
2669 7.49198e-07
2670 2.23835e-07
2671 1.69782e-06
2672 5.81452e-07
2673 4.77055e-08
2674 2.13363e-07
2675 7.35601e-08
2676 2.00666e-07
2677 1.57176e-06
2678 8.5688e-06
2679 3.30617e-06
2680 2.04259e-06
2681 2.20501e-07
2682 1.09507e-05
2683 3.48438e-06
2684 1.55816e-06
2685 1.97153e-06
2686 1.61855e-06
2687 6.164e-06
2688 3.93058e-06
2689 1.31782e-06
2690 2.75755e-07
2691 2.85413e-06
2692 4.4262e-06
2693 2.32637e-06
2694 6.68693e-07
2695 4.76404e-06
2696 3.14353e-06
2697 2.72971e-07
2698 4.19933e-06
2699 5.03057e-06
2700 1.38256e-06
2701 5.12303e-06
2702 1.6024e-06
2703 7.79192e-07
2704 3.49815e-07
2705 5.82322e-06
2706 4.07326e-06
2707 1.68061e-06
2708 7.44319e-07
2709 1.0217e-05
2710 7.69286e-07
2711 4.83408e-06
2712 3.06064e-06
2713 1.08698e-05
2714 6.32818e-06
2715 6.52561e-06
2716 6.16444e-06
2717 1.66223e-06
2718 1.97052e-06
2719 1.39214e-06
2720 4.16848e-07
2721 6.16209e-06
2722 1.4195e-06
2723 1.23751e-07
2724 4.04934e-06
2725 6.98131e-06
2726 1.12273e-06
2727 8.19983e-06
2728 4.75041e-06
2729 3.95958e-06
2730 1.56054e-06
2731 5.3938e-06
2732 1.13787e-05
2733 1.03844e-05
2734 3.27881e-06
2735 1.42939e-06
2736 2.82326e-07
2737 1.13777e-07
2738 4.00383e-06
2739 5.47428e-06
2740 2.21273e-06
2741 4.81394e-06
2742 1.77144e-06
2743 2.25879e-06
2744 6.28243e-07
2745 8.40704e-07
2746 2.29748e-07
2747 2.29518e-06
2748 8.44351e-07
2749 5.25038e-06
2750 5.67845e-06
2751 6.71338e-06
2752 2.27057e-06
2753 6.14406e-06
2754 7.60453e-07
2755 6.37984e-07
2756 3.60578e-07
2757 3.42649e-08
2758 1.34895e-09
2759 2.72906e-07
2760 2.11478e-06
2761 4.73e-08
2762 5.55871e-06
2763 2.12798e-06
2764 5.287e-06
2765 2.21335e-06
2766 3.58459e-06
2767 2.23945e-06
2768 8.47163e-06
2769 8.61633e-06
2770 1.31017e-05
2771 6.79341e-06
2772 5.72608e-06
2773 3.31485e-07
2774 9.3653e-08
2775 2.33938e-07
2776 2.02412e-06
2777 2.28941e-06
2778 1.18424e-06
2779 1.27605e-06
2780 1.81146e-06
2781 2.20345e-07
2782 2.54044e-07
2783 4.57013e-06
2784 3.16933e-06
2785 5.41411e-07
2786 5.42709e-07
2787 4.72053e-07
2788 7.32626e-08
2789 5.42016e-07
2790 3.98478e-07
2791 1.62803e-06
2792 5.68349e-07
2793 4.55491e-06
2794 7.45497e-07
2795 8.27425e-06
2796 6.97066e-06
2797 7.42089e-07
2798 4.00167e-07
2799 2.0862e-06
2800 1.36504e-06
2801 1.77454e-06
2802 9.9768e-07
2803 8.27255e-06
2804 2.975e-06
2805 2.76559e-06
2806 6.66868e-06
2807 1.16537e-07
2808 2.3095e-07
2809 8.01127e-06
2810 7.37471e-06
2811 7.37077e-06
2812 2.71122e-06
2813 9.44832e-07
2814 4.52889e-06
2815 3.1607e-06
2816 2.26646e-06
2817 1.96854e-06
2818 3.14655e-07
2819 1.16249e-07
2820 1.0557e-07
2821 7.54727e-07
2822 1.67091e-06
2823 6.31369e-06
2824 2.11701e-06
2825 1.72467e-06
2826 4.70776e-06
2827 7.35387e-06
2828 6.84644e-06
2829 5.30878e-06
2830 2.21618e-06
2831 6.53006e-07
2832 3.7147e-06
2833 5.50349e-06
2834 7.30904e-06
2835 1.02051e-05
2836 3.13615e-06
2837 2.13411e-07
2838 1.10438e-05
2839 2.12317e-06
2840 7.71429e-06
2841 8.15155e-07
2842 5.30958e-07
2843 1.12151e-07
2844 4.3988e-06
2845 1.55488e-06
2846 6.65466e-06
2847 6.23924e-06
2848 2.02412e-06
2849 1.29224e-06
2850 1.02646e-06
2851 3.52607e-06
2852 1.69571e-06
2853 8.16929e-07
2854 2.53545e-07
2855 4.17681e-06
2856 6.75997e-08
2857 6.3339e-07
2858 8.40806e-06
2859 5.92058e-06
2860 6.62061e-07
2861 2.46605e-07
2862 8.07005e-08
2863 1.56001e-06
2864 6.46564e-07
2865 1.48558e-06
2866 3.6465e-10
2867 8.00007e-06
2868 4.02727e-06
2869 2.7242e-07
2870 1.2931e-06
2871 8.50534e-06
2872 1.62913e-06
2873 2.68155e-06
2874 7.45001e-07
2875 1.78624e-07
2876 5.53558e-06
2877 2.57793e-06
2878 7.54143e-07
2879 4.81877e-06
2880 1.74851e-06
2881 1.52166e-06
2882 4.20162e-07
2883 4.07132e-06
2884 1.49775e-06
2885 7.22148e-06
2886 3.20837e-06
2887 1.69054e-06
2888 2.83442e-06
2889 2.14048e-06
2890 5.23299e-06
2891 1.16972e-06
2892 1.57315e-06
2893 1.16376e-06
2894 4.97081e-06
2895 5.96446e-06
2896 9.24672e-06
2897 3.40533e-06
2898 6.31881e-07
2899 8.18427e-08
2900 7.52422e-06
2901 2.59209e-06
2902 9.4616e-07
2903 7.2165e-06
2904 5.18463e-06
2905 2.12759e-06
2906 2.80054e-06
2907 8.25514e-07
2908 3.67046e-07
2909 9.46807e-08
2910 4.13371e-06
2911 4.22801e-06
2912 1.00738e-07
2913 4.03736e-06
2914 3.48445e-06
2915 5.51307e-07
2916 4.55509e-06
2917 1.86982e-06
2918 8.09916e-06
2919 2.85356e-06
2920 2.82326e-07
2921 1.57538e-06
2922 5.11962e-06
2923 2.43105e-06
2924 3.00729e-07
2925 1.76213e-06
2926 4.57469e-06
2927 7.34319e-06
2928 2.16973e-06
2929 7.75484e-08
2930 1.10044e-06
2931 4.40483e-06
2932 7.38263e-08
2933 4.5526e-06
2934 4.25742e-07
2935 4.58338e-06
2936 2.84722e-07
2937 2.76915e-07
2938 2.31657e-06
2939 1.82876e-06
2940 2.69062e-06
2941 4.98845e-06
2942 1.82152e-06
2943 6.43195e-07
2944 1.77466e-06
2945 1.16588e-06
2946 1.30539e-06
2947 5.54846e-06
2948 3.52279e-06
2949 4.94974e-06
2950 1.74758e-06
2951 2.34889e-06
2952 2.4856e-06
2953 3.00408e-06
2954 8.25406e-07
2955 3.0269e-07
2956 2.02992e-07
2957 2.01293e-06
2958 7.44139e-07
2959 5.68013e-06
2960 4.37263e-06
2961 1.60959e-06
2962 1.10655e-06
2963 1.87353e-06
2964 6.15122e-07
2965 1.72746e-06
2966 4.82472e-06
2967 6.4323e-06
2968 8.40841e-07
2969 4.33681e-06
2970 2.05492e-06
2971 8.34654e-07
2972 5.07354e-07
2973 4.46537e-06
2974 1.20457e-06
2975 1.41699e-06
2976 2.1721e-06
2977 5.00764e-06
2978 2.3491e-06
2979 4.57245e-06
2980 2.44456e-06
2981 4.83366e-06
2982 1.3699e-05
2983 3.15624e-06
2984 1.26844e-06
2985 2.40716e-07
2986 1.5729e-06
2987 1.58196e-06
2988 8.54359e-07
2989 2.32734e-06
2990 6.94769e-07
2991 9.9608e-07
2992 4.22527e-07
2993 8.76668e-06
2994 3.57571e-06
2995 1.49457e-06
2996 3.50681e-07
2997 3.07211e-06
2998 2.40391e-06
2999 5.45194e-07
3000 8.29937e-06
3001 7.42458e-06
3002 1.20985e-06
3003 4.5263e-06
3004 3.26803e-07
3005 6.61565e-07
3006 5.10798e-07
3007 1.31625e-07
3008 2.03428e-06
3009 1.31532e-06
3010 5.74991e-06
3011 2.32416e-06
3012 3.2717e-07
3013 6.46728e-07
3014 4.00049e-06
3015 7.51151e-06
3016 1.29181e-06
3017 3.98297e-07
3018 8.27277e-06
3019 3.01643e-06
3020 1.17085e-06
3021 1.673e-06
3022 5.33162e-06
3023 8.69962e-07
3024 1.60148e-06
3025 3.06005e-08
3026 5.49403e-06
3027 1.09047e-06
3028 4.01238e-07
3029 6.52731e-07
3030 4.2401e-06
3031 1.49072e-06
3032 5.48943e-07
3033 4.00577e-06
3034 1.47378e-06
3035 6.2462e-07
3036 2.56733e-07
3037 2.02133e-06
3038 6.42931e-07
3039 1.29936e-05
3040 2.22242e-06
3041 2.72594e-07
3042 1.58214e-06
3043 1.85031e-06
3044 1.75384e-06
3045 1.29539e-06
3046 2.04138e-07
3047 6.75239e-10
3048 3.5577e-07
3049 1.30815e-07
3050 3.10645e-07
3051 1.50761e-06
3052 5.53277e-07
3053 1.91058e-06
3054 1.84801e-07
3055 5.49156e-08
3056 1.37579e-06
3057 1.88376e-06
3058 6.87866e-07
3059 8.13829e-07
3060 4.84437e-06
3061 5.87524e-06
3062 2.6096e-06
3063 4.50782e-06
3064 1.58507e-06
3065 8.08827e-07
3066 5.75915e-06
3067 1.12102e-06
3068 9.53743e-07
3069 7.18273e-06
3070 6.90979e-06
3071 3.1116e-06
3072 1.07143e-06
3073 4.38194e-06
3074 6.09769e-08
3075 3.56264e-07
3076 1.59026e-07
3077 4.72209e-08
3078 8.06556e-08
3079 1.02933e-07
3080 1.3131e-07
3081 2.50454e-08
3082 2.40233e-07
3083 2.13699e-07
3084 5.5463e-06
3085 6.42116e-07
3086 4.99029e-07
3087 3.28872e-06
3088 6.41371e-08
3089 4.3863e-06
3090 1.71617e-06
3091 6.57802e-07
3092 4.19965e-08
3093 1.74928e-06
3094 2.09788e-06
3095 9.18959e-07
3096 3.54608e-07
3097 4.11013e-06
3098 5.48193e-06
3099 2.01336e-06
3100 2.21201e-06
3101 5.55834e-06
3102 6.28167e-07
3103 4.0306e-06
3104 3.14353e-06
3105 1.35559e-06
3106 1.97021e-06
3107 3.69336e-08
3108 5.68293e-07
3109 4.19915e-06
3110 3.05993e-08
3111 1.47293e-06
3112 4.57821e-06
3113 1.68058e-06
3114 2.04711e-06
3115 2.10405e-07
3116 1.62218e-06
3117 6.44421e-07
3118 2.09557e-07
3119 2.00429e-07
3120 4.27671e-06
3121 9.05394e-08
3122 1.50847e-06
3123 1.10326e-07
3124 5.5151e-07
3125 4.7806e-06
3126 1.69545e-06
3127 5.96769e-07
3128 4.04728e-06
3129 1.47535e-06
3130 1.6255e-06
3131 5.45552e-07
3132 9.39868e-07
3133 7.32716e-08
3134 2.06679e-06
3135 4.63463e-06
3136 3.1459e-06
3137 8.4939e-07
3138 1.05527e-06
3139 5.56828e-07
3140 3.12073e-06
3141 6.80467e-07
3142 4.46214e-06
3143 1.81719e-06
3144 5.54928e-07
3145 2.17283e-06
3146 6.51652e-07
3147 4.47674e-06
3148 1.11563e-07
3149 1.31341e-07
3150 4.02118e-06
3151 1.50212e-06
3152 5.47286e-06
3153 2.62796e-06
3154 3.12256e-06
3155 4.81393e-06
3156 3.53835e-06
3157 9.84303e-06
3158 2.35513e-06
3159 5.19777e-06
3160 8.01036e-06
3161 2.39541e-06
3162 8.58468e-07
3163 4.38126e-06
3164 3.24348e-08
3165 1.09312e-06
3166 4.76063e-07
3167 1.57333e-06
3168 1.34699e-06
3169 1.6937e-06
3170 3.04355e-07
3171 4.38458e-06
3172 2.22754e-06
3173 3.67504e-07
3174 3.22058e-07
3175 4.05142e-06
3176 4.01739e-06
3177 3.05598e-06
3178 6.26728e-06
3179 2.72124e-06
3180 4.29102e-07
3181 2.83747e-07
3182 9.94081e-09
3183 7.78915e-09
3184 8.07614e-06
3185 2.2402e-06
3186 8.50893e-07
3187 4.31351e-06
3188 5.93304e-07
3189 4.21656e-06
3190 3.04882e-06
3191 2.06256e-06
3192 7.49211e-07
3193 4.11914e-07
3194 4.14739e-06
3195 2.97407e-06
3196 4.20065e-06
3197 3.81124e-06
3198 3.37822e-06
3199 1.61807e-06
3200 6.05302e-07
3201 2.26798e-07
3202 4.17865e-06
3203 9.71259e-06
3204 2.31024e-06
3205 8.89018e-07
3206 8.54763e-07
3207 1.80282e-06
3208 2.03488e-08
3209 3.64775e-09
3210 3.1827e-06
3211 5.62604e-06
3212 4.02192e-07
3213 8.27266e-06
3214 2.01657e-06
3215 2.69518e-08
3216 3.0163e-06
3217 1.11019e-06
3218 3.65393e-06
3219 2.54206e-06
3220 7.06398e-06
3221 4.03334e-06
3222 1.73436e-06
3223 8.24261e-07
3224 9.14675e-07
3225 2.36209e-07
3226 2.82352e-07
3227 4.67219e-06
3228 4.30929e-06
3229 9.6321e-06
3230 3.00001e-06
3231 7.55109e-07
3232 4.27783e-06
3233 1.61056e-06
3234 6.32489e-07
3235 5.00101e-07
3236 4.15653e-06
3237 5.95254e-07
3238 8.46141e-08
3239 1.04468e-08
3240 1.05217e-07
3241 3.10934e-08
3242 4.064e-06
3243 1.50005e-06
3244 4.74781e-06
3245 7.17183e-06
3246 4.62508e-06
3247 2.38591e-07
3248 7.60312e-08
3249 2.79703e-08
3250 1.48163e-06
3251 6.56835e-06
3252 7.8842e-06
3253 4.34574e-06
3254 5.59873e-06
3255 2.45794e-06
3256 3.49666e-06
3257 2.65136e-06
3258 5.14584e-07
3259 8.34753e-07
3260 2.39381e-07
3261 5.57507e-07
3262 2.01365e-06
3263 9.68007e-07
3264 4.86063e-06
3265 5.95933e-06
3266 2.31637e-06
3267 3.21813e-06
3268 5.67268e-08
3269 4.04678e-06
3270 1.47634e-06
3271 8.47683e-08
3272 4.10024e-06
3273 4.01953e-07
3274 8.47044e-08
3275 4.27297e-06
3276 2.28895e-06
3277 6.27215e-07
3278 2.84326e-07
3279 1.15053e-08
3280 1.03953e-07
3281 7.51091e-08
3282 5.55467e-07
3283 1.6873e-06
3284 6.18746e-07
3285 2.21403e-06
3286 2.01335e-06
3287 1.70491e-06
3288 2.25806e-08
3289 5.48001e-06
3290 7.8842e-06
3291 1.55488e-06
3292 1.99349e-07
3293 2.65465e-06
3294 7.77432e-07
3295 9.39666e-07
3296 4.49546e-07
3297 1.38435e-07
3298 4.05189e-08
3299 2.62506e-11
3300 4.15645e-06
3301 1.70127e-06
3302 6.8968e-07
3303 3.13913e-07
3304 5.73646e-07
3305 1.74456e-06
3306 4.62837e-06
3307 3.07244e-08
3308 1.75519e-06
3309 2.11673e-06
3310 1.03408e-06
3311 4.68789e-06
3312 5.98734e-07
3313 6.5147e-07
3314 2.31586e-07
3315 1.01069e-08
3316 3.05993e-08
3317 4.74317e-06
3318 1.47154e-06
3319 5.4135e-07
3320 4.29638e-06
3321 2.32603e-06
3322 2.11813e-06
3323 4.96285e-06
3324 1.82153e-06
3325 1.27446e-07
3326 2.1269e-08
3327 1.48874e-06
3328 4.54633e-06
3329 4.61919e-06
3330 2.24065e-06
3331 4.2028e-06
3332 8.44418e-07
3333 6.26726e-07
3334 6.88229e-07
3335 1.60867e-06
3336 6.01752e-07
3337 4.23111e-06
3338 2.3056e-06
3339 1.19038e-06
3340 4.38409e-07
3341 1.65102e-07
3342 2.6403e-07
3343 5.54861e-06
3344 5.70753e-06
3345 2.5615e-06
3346 8.96804e-06
3347 2.63909e-06
3348 4.03968e-06
3349 1.48591e-06
3350 7.53239e-08
3351 4.00371e-06
3352 7.89261e-06
3353 5.91762e-06
3354 2.15628e-06
3355 8.18924e-07
3356 4.03736e-06
3357 3.57254e-06
3358 5.73776e-07
3359 7.81209e-07
3360 4.8249e-06
3361 3.76524e-07
3362 7.8345e-08
3363 6.42255e-07
3364 4.03713e-06
3365 4.04816e-06
3366 1.47523e-06
3367 2.98984e-06
3368 5.44992e-07
3369 7.42014e-07
3370 5.94364e-06
3371 1.54481e-06
3372 4.54134e-06
3373 5.41341e-07
3374 1.84935e-10
3375 1.67073e-06
3376 2.16091e-06
3377 3.75784e-06
3378 4.00018e-06
3379 4.54141e-06
3380 3.98422e-07
3381 7.077e-07
3382 1.72823e-06
3383 2.18056e-06
3384 4.50764e-06
3385 2.97382e-06
3386 5.62452e-06
3387 1.87006e-06
3388 7.62562e-07
3389 5.92739e-06
3390 1.69185e-06
3391 6.95725e-07
3392 3.99846e-07
3393 4.47163e-06
3394 4.08342e-06
3395 5.45065e-07
3396 5.49847e-06
3397 4.74057e-06
3398 1.75387e-06
3399 2.68193e-06
3400 5.9168e-06
3401 6.16669e-06
3402 1.80909e-06
3403 2.03768e-06
3404 2.56827e-06
3405 7.44207e-07
3406 4.00143e-06
3407 2.26628e-07
3408 1.54844e-06
3409 2.06811e-06
3410 1.07737e-05
3411 4.60109e-06
3412 2.21311e-07
3413 5.52549e-06
3414 4.11933e-06
3415 1.88292e-06
3416 4.17348e-06
3417 1.50838e-06
3418 4.06057e-08
3419 8.32116e-08
3420 4.22975e-06
3421 8.25012e-07
3422 3.03514e-07
3423 5.88967e-08
3424 2.98404e-06
3425 1.64325e-06
3426 6.00937e-07
3427 3.21575e-07
3428 4.28141e-06
3429 1.59208e-06
3430 5.72625e-07
3431 1.89126e-06
3432 1.59338e-07
3433 1.31943e-07
3434 4.01473e-06
3435 1.47855e-06
3436 2.01489e-06
3437 1.17475e-06
3438 1.7031e-06
3439 4.08501e-06
3440 4.81758e-06
3441 1.60059e-06
3442 2.81836e-06
3443 1.02849e-06
3444 2.87237e-07
3445 1.57581e-06
3446 2.56427e-06
3447 4.39836e-06
3448 2.56412e-06
3449 7.44319e-07
3450 4.07468e-06
3451 1.49897e-06
3452 6.18276e-07
3453 5.95245e-07
3454 1.81853e-06
3455 6.11363e-06
3456 1.69071e-06
3457 4.54882e-06
3458 4.68831e-06
3459 6.73268e-06
3460 1.97138e-06
3461 4.57821e-06
3462 5.48526e-06
3463 4.60881e-06
3464 9.48777e-06
3465 4.69023e-06
3466 6.42085e-07
3467 1.01006e-08
3468 6.55785e-06
3469 1.75526e-06
3470 1.04087e-06
3471 1.78117e-06
3472 1.17944e-06
3473 5.633e-06
3474 3.24424e-06
3475 1.193e-06
3476 1.07585e-07
3477 3.95751e-08
3478 9.45825e-08
3479 4.20681e-06
3480 1.47676e-06
3481 4.74239e-06
3482 5.5549e-06
3483 1.18669e-06
3484 4.65137e-06
3485 1.32004e-06
3486 4.49188e-06
3487 4.56475e-06
3488 1.31871e-06
3489 2.02978e-07
3490 4.07335e-06
3491 8.42564e-07
3492 4.19916e-06
3493 5.47201e-06
3494 1.22361e-12
3495 4.81394e-06
3496 3.16914e-06
3497 4.67842e-06
3498 8.57914e-07
3499 7.73773e-07
3500 3.29997e-06
3501 4.2266e-06
3502 1.5644e-07
3503 4.61825e-06
3504 2.26725e-06
3505 1.02331e-06
3506 1.19021e-06
3507 8.40771e-07
3508 2.99363e-07
3509 6.57403e-06
3510 2.49536e-06
3511 8.98272e-07
3512 1.04898e-06
3513 4.46381e-07
3514 4.19374e-06
3515 3.01379e-06
3516 9.48679e-06
3517 2.55423e-06
3518 2.01294e-06
3519 1.77152e-07
3520 7.92443e-07
3521 2.46489e-07
3522 8.46043e-08
3523 3.61169e-08
3524 7.5319e-07
3525 1.47566e-06
3526 1.47171e-06
3527 1.99645e-07
3528 1.50175e-07
3529 4.45719e-06
3530 1.61043e-06
3531 3.7244e-06
3532 1.83456e-06
3533 4.27295e-06
3534 2.58847e-06
3535 4.37919e-07
3536 1.03998e-07
3537 4.0345e-06
3538 1.51114e-06
3539 2.03483e-08
3540 5.42016e-07
3541 2.14382e-06
3542 4.79544e-06
3543 3.23935e-06
3544 8.71186e-06
3545 1.77838e-06
3546 1.18263e-08
3547 5.72463e-07
3548 2.36026e-07
3549 3.82974e-09
3550 1.32247e-07
3551 1.55519e-06
3552 7.65004e-07
3553 2.14446e-07
3554 1.48424e-09
3555 3.66526e-10
3556 7.70437e-08
3557 1.47152e-06
3558 5.41341e-07
3559 4.22995e-06
3560 1.48303e-06
3561 4.55514e-06
3562 1.47658e-06
3563 5.45017e-07
3564 7.40491e-07
3565 4e-06
3566 2.69518e-08
3567 5.51256e-07
3568 1.99175e-07
3569 1.00708e-07
3570 1.04482e-05
3571 3.49169e-06
3572 3.29738e-06
3573 1.25036e-06
3574 1.70175e-06
3575 6.49344e-07
3576 4.00441e-08
3577 4.0106e-06
3578 4.00007e-06
3579 3.67543e-09
3580 1.54613e-06
3581 7.41008e-07
3582 3.2163e-06
3583 1.46955e-07
3584 1.52549e-06
3585 5.81001e-07
3586 2.76083e-07
3587 6.38552e-06
3588 2.32215e-06
3589 8.50622e-07
3590 7.98041e-07
3591 1.38423e-07
3592 4.4922e-07
3593 4.08336e-06
3594 2.14367e-06
3595 4.54268e-06
3596 2.62071e-06
3597 2.18998e-06
3598 1.03193e-06
3599 4.28604e-06
3600 3.08511e-06
3601 1.09759e-06
3602 4.40232e-06
3603 1.57427e-07
3604 1.04043e-07
3605 3.19412e-08
3606 1.00966e-08
3607 8.2261e-06
3608 1.47651e-06
3609 2.2144e-06
3610 1.22939e-06
3611 3.12992e-07
3612 3.58256e-07
3613 5.1975e-07
3614 3.6822e-06
3615 4.69217e-06
3616 1.83085e-06
3617 3.82332e-08
3618 5.44999e-07
3619 4.30071e-06
3620 1.20541e-07
3621 1.49056e-08
3622 2.33395e-07
3623 1.48361e-07
3624 5.48232e-06
3625 4.00391e-06
3626 2.04174e-06
3627 4.08911e-07
3628 6.21989e-07
3629 1.01833e-07
3630 2.0965e-07
3631 1.077e-07
3632 5.65906e-08
3633 1.48249e-06
3634 7.73413e-08
3635 1.13452e-06
3636 1.15188e-06
3637 2.09622e-06
3638 4.20286e-06
3639 4.10158e-06
3640 1.48193e-06
3641 4.74815e-06
3642 3.01905e-06
3643 5.68302e-07
3644 1.29177e-06
3645 7.32734e-08
3646 4.02696e-06
3647 5.68058e-06
3648 1.54478e-06
3649 4.64654e-06
3650 3.68668e-08
3651 7.44137e-07
3652 9.8276e-06
3653 2.07194e-06
3654 1.29773e-06
3655 4.21042e-06
3656 3.49325e-07
3657 1.49981e-06
3658 3.69336e-08
3659 2.86467e-07
3660 3.05993e-08
3661 1.62537e-06
3662 8.55608e-06
3663 3.27036e-06
3664 2.6098e-06
3665 9.78095e-07
3666 1.27395e-06
3667 1.7319e-06
3668 8.27508e-07
3669 2.32431e-07
3670 1.55752e-06
3671 5.51865e-07
3672 7.42459e-07
3673 5.78932e-07
3674 1.99225e-07
3675 4.81396e-06
3676 1.57181e-06
3677 2.2125e-06
3678 9.24066e-07
3679 4.81474e-07
3680 3.68668e-08
3681 9.91501e-09
3682 1.47535e-06
3683 6.68068e-11
3684 4.0177e-06
3685 1.5048e-06
3686 2.02741e-06
3687 2.86568e-08
3688 7.75407e-08
3689 4.00998e-06
3690 1.47154e-06
3691 2.23283e-06
3692 8.68149e-07
3693 5.77259e-06
3694 8.78247e-07
3695 3.14276e-07
3696 1.72335e-07
3697 5.84113e-08
3698 5.51004e-06
3699 7.55937e-07
3700 8.84276e-06
3701 4.59862e-06
3702 5.50213e-06
3703 5.1097e-06
3704 5.68423e-06
3705 3.44639e-06
3706 1.00282e-05
3707 2.26036e-06
3708 1.79812e-06
3709 1.07558e-06
3710 5.63112e-06
3711 1.71794e-06
3712 2.24593e-06
3713 6.42546e-07
3714 2.25974e-07
3715 2.87885e-08
3716 8.01312e-06
3717 6.95133e-06
3718 2.01821e-06
3719 6.21348e-06
3720 2.2876e-06
3721 7.39378e-08
3722 2.48407e-10
3723 2.69764e-08
3724 9.92405e-09
3725 3.32614e-12
3726 4.14653e-06
3727 5.67069e-06
3728 2.09254e-07
3729 4.14823e-06
3730 2.75135e-08
3731 1.49868e-06
3732 1.47155e-06
3733 1.32235e-06
3734 4.2774e-06
3735 1.77222e-06
3736 1.99833e-07
3737 2.72666e-07
3738 1.00306e-07
3739 3.6901e-08
3740 3.11722e-08
3741 1.5853e-06
3742 6.46547e-07
3743 5.57393e-08
3744 2.95447e-06
3745 4.63237e-06
3746 2.343e-06
3747 1.93471e-06
3748 3.27302e-06
3749 1.72095e-06
3750 4.37818e-06
3751 5.57293e-06
3752 3.84571e-08
3753 4.55493e-06
3754 1.67201e-06
3755 4.10071e-06
3756 9.04132e-12
3757 2.99856e-07
3758 3.05341e-06
3759 1.12322e-06
3760 2.14056e-07
3761 8.50811e-08
3762 3.1275e-08
3763 7.33541e-08
3764 1.10129e-07
3765 3.42468e-08
3766 1.49044e-08
3767 2.21749e-06
3768 5.01673e-06
3769 1.03885e-07
3770 4.01424e-06
3771 4.01059e-06
3772 2.9504e-06
3773 3.02071e-07
3774 4.13113e-06
3775 1.00169e-05
3776 5.41341e-07
3777 2.69518e-08
3778 4.6146e-06
3779 2.26109e-07
3780 8.68919e-08
3781 1.21016e-05
3782 1.48143e-06
3783 5.44989e-07
3784 1.99216e-07
3785 1.05204e-07
3786 2.77452e-06
3787 1.71184e-06
3788 4.97541e-06
3789 4.2855e-06
3790 1.57223e-06
3791 1.73659e-07
3792 1.50838e-06
3793 1.11378e-06
3794 4.09802e-07
3795 1.63212e-06
3796 2.71424e-08
3797 5.78275e-07
3798 2.0282e-07
3799 2.01286e-06
3800 0
3801 7.68783e-07
3802 7.37562e-08
3803 1.49847e-06
3804 5.64819e-07
3805 4.74913e-06
3806 2.72411e-07
3807 1.11475e-07
3808 4.15684e-08
3809 3.69539e-07
3810 4.26383e-07
3811 1.29904e-07
3812 1.2105e-07
3813 5.76267e-06
3814 8.16884e-06
3815 2.44225e-06
3816 2.82507e-07
3817 8.23734e-07
3818 6.68532e-07
3819 1.20044e-07
3820 5.44989e-07
3821 3.9879e-07
3822 7.48528e-08
3823 1.69764e-06
3824 3.09278e-07
3825 3.05993e-08
3826 1.35625e-08
3827 9.48564e-06
3828 1.47671e-06
3829 2.6288e-06
3830 1.38204e-06
3831 1.37081e-07
3832 4.67818e-08
3833 1.48508e-06
3834 4.01267e-06
3835 4.14117e-09
3836 5.44206e-07
3837 5.85023e-10
3838 4.00001e-06
3839 7.79202e-09
3840 2.86652e-09
3841 8.00828e-06
3842 3.0469e-09
3843 1.16199e-06
3844 1.69966e-06
3845 1.95318e-06
3846 6.55252e-07
3847 4.01969e-07
3848 1.1672e-06
3849 9.50895e-07
3850 1.62535e-06
3851 7.72434e-07
3852 7.92261e-07
3853 1.12569e-08
3854 1.67481e-06
3855 5.42931e-07
3856 2.03482e-08
3857 1.47907e-06
3858 1.08543e-06
3859 1.87033e-06
3860 2.0863e-06
3861 1.30885e-06
3862 8.20909e-06
3863 1.54893e-06
3864 5.42865e-07
3865 1.52555e-06
3866 5.65312e-07
3867 1.47286e-06
3868 2.04413e-06
3869 7.51995e-07
3870 1.50549e-09
3871 4.54287e-06
3872 2.06903e-06
3873 4.68787e-06
3874 2.56699e-07
3875 1.55968e-06
3876 3.69216e-06
3877 1.54796e-06
3878 7.14087e-06
3879 2.42266e-06
3880 1.35951e-06
3881 1.01829e-07
3882 1.09362e-06
3883 5.67457e-06
3884 2.28539e-06
3885 7.77885e-07
3886 4.14728e-07
3887 7.69113e-08
3888 1.67067e-06
3889 4.7419e-06
3890 2.01686e-06
3891 7.32626e-08
3892 1.10964e-06
3893 5.97448e-07
3894 4.21979e-06
3895 2.17062e-06
3896 5.80892e-07
3897 4.05422e-08
3898 5.44999e-07
3899 7.50408e-07
3900 7.69101e-08
3901 1.70395e-06
3902 5.62513e-07
3903 2.06443e-07
3904 3.49699e-07
3905 1.60019e-06
3906 5.82228e-07
3907 2.28784e-07
3908 4.08212e-07
3909 6.2108e-06
3910 6.27144e-06
3911 8.27406e-07
3912 2.07093e-06
3913 4.483e-06
3914 5.15097e-06
3915 1.40217e-06
3916 4.15835e-06
3917 2.04463e-06
3918 5.30915e-06
3919 4.53538e-06
3920 5.58536e-06
3921 1.36886e-06
3922 5.01204e-07
3923 4.20921e-09
3924 1.47307e-06
3925 3.09556e-06
3926 4.08278e-07
3927 1.54481e-06
3928 1.11014e-06
3929 2.09248e-07
3930 1.50239e-07
3931 5.68293e-07
3932 5.5547e-06
3933 6.23903e-06
3934 2.09088e-07
3935 2.00499e-07
3936 4.61461e-06
3937 4.02746e-06
3938 2.0129e-06
3939 2.72421e-07
3940 9.30938e-08
3941 4.02695e-06
3942 5.51256e-07
3943 2.26103e-07
3944 4.20907e-06
3945 6.219e-07
3946 7.41841e-07
3947 7.32626e-08
3948 1.00214e-07
3949 3.33436e-12
3950 3.70496e-08
3951 2.02863e-07
3952 1.54478e-06
3953 3.72625e-07
3954 5.54904e-07
3955 4.06933e-07
3956 2.49451e-07
3957 6.3819e-08
3958 4.05143e-08
3959 4.61825e-06
3960 2.0142e-06
3961 7.40983e-07
3962 1.99148e-07
3963 6.01785e-06
3964 6.42291e-06
3965 8.18323e-07
3966 2.36263e-07
3967 1.56215e-06
3968 4.22678e-08
3969 4.01226e-06
3970 1.74528e-06
3971 1.15633e-06
3972 4.25365e-07
3973 2.1002e-06
3974 5.68484e-07
3975 4.19922e-06
3976 3.08956e-06
3977 9.3187e-06
3978 3.15211e-06
3979 7.4049e-07
3980 1.99148e-07
3981 3.07114e-14
3982 3.36264e-11
3983 5.41547e-07
3984 2.72478e-07
3985 2.99372e-07
3986 3.68701e-08
3987 3.64875e-09
3988 1.3423e-09
3989 7.69102e-08
3990 4.05393e-06
3991 1.49136e-06
3992 7.49167e-06
3993 2.80994e-06
3994 4.39879e-06
3995 2.15957e-06
3996 4.80487e-06
3997 2.22213e-06
3998 4.72968e-07
3999 1.9009e-06
4000 2.14176e-07
4001 4.10923e-06
4002 1.47204e-06
4003 1.48143e-06
4004 5.61353e-07
4005 4.26036e-06
4006 1.56864e-06
4007 6.23381e-07
4008 2.27806e-07
4009 4.61651e-06
4010 2.99715e-06
4011 5.51332e-07
4012 7.63995e-07
4013 7.5182e-07
4014 1.54864e-06
4015 7.93147e-08
4016 5.69153e-07
4017 4.20981e-06
4018 1.47545e-06
4019 4.61647e-06
4020 1.11691e-05
4021 1.59955e-06
4022 5.45246e-07
4023 5.42694e-07
4024 2.83313e-07
4025 3.19504e-08
4026 1.47427e-06
4027 1.07866e-09
4028 5.41713e-07
4029 1.9931e-07
4030 5.4164e-07
4031 5.94064e-10
4032 4.00144e-10
4033 1.02099e-10
4034 7.33087e-08
4035 4.02697e-06
4036 1.57308e-06
4037 9.91623e-09
4038 4.50141e-13
4039 5.60896e-10
4040 7.34689e-08
4041 1.27167e-07
4042 4.93827e-10
4043 2.00119e-08
4044 3.71442e-09
4045 4.07329e-06
4046 2.69521e-08
4047 8.19916e-06
4048 4.09905e-06
4049 4.02699e-06
4050 1.48508e-06
4051 2.76415e-06
4052 8.28719e-07
4053 1.57787e-07
4054 4.07888e-06
4055 5.68319e-07
4056 2.1109e-07
4057 2.37261e-08
4058 5.4645e-07
4059 2.10969e-07
4060 7.49408e-08
4061 1.00647e-07
4062 1.13802e-07
4063 3.56803e-08
4064 4.01362e-06
4065 1.51247e-06
4066 8.69231e-08
4067 7.71019e-08
4068 2.97032e-08
4069 1.01219e-09
4070 5.67088e-06
4071 2.01286e-06
4072 7.32638e-08
4073 2.70281e-08
4074 9.93975e-09
4075 3.82919e-09
4076 1.34191e-09
4077 6.72569e-11
4078 2.15218e-10
4079 4.27241e-06
4080 2.17063e-06
4081 2.3051e-06
4082 7.71089e-07
4083 2.84161e-07
4084 7.67935e-07
4085 4.35645e-06
4086 1.27415e-07
4087 4.00998e-06
4088 4e-06
4089 6.15106e-07
4090 1.57198e-06
4091 8.27383e-07
4092 4.51463e-07
4093 1.49336e-06
4094 1.08738e-06
4095 1.6745e-06
4096 7.82524e-08
4097 2.01483e-06
4098 5.18277e-06
4099 2.22711e-07
4100 6.29696e-07
4101 8.52713e-07
4102 5.17829e-07
4103 1.53541e-07
4104 3.91993e-08
4105 6.28439e-07
4106 5.53213e-08
4107 1.05034e-08
4108 1.4759e-06
4109 2.2271e-06
4110 2.21756e-06
4111 1.3553e-06
4112 4.99138e-07
4113 3.04327e-06
4114 4.0539e-06
4115 4.67818e-08
4116 8.68251e-08
4117 4.98938e-09
4118 2.2408e-06
4119 6.24234e-06
4120 6.98411e-06
4121 2.12287e-06
4122 1.19629e-06
4123 4.38619e-06
4124 6.0516e-07
4125 8.21654e-06
4126 3.14628e-06
4127 2.6285e-06
4128 4.96695e-06
4129 1.89095e-06
4130 7.09088e-07
4131 3.09773e-07
4132 2.71341e-08
4133 1.4838e-06
4134 5.71474e-07
4135 2.23202e-06
4136 8.13819e-07
4137 7.69347e-08
4138 3.19502e-08
4139 4.32609e-09
4140 4.34477e-08
4141 5.54982e-09
4142 4.86982e-07
4143 2.01737e-06
4144 2.08637e-06
4145 2.21201e-06
4146 2.86366e-06
4147 9.62093e-07
4148 1.00389e-07
4149 1.50233e-06
4150 4.00057e-06
4151 1.54478e-06
4152 4.76896e-06
4153 8.153e-07
4154 1.69966e-06
4155 9.24126e-10
4156 2.21212e-06
4157 1.01293e-06
4158 5.78444e-06
4159 3.89174e-06
4160 2.46211e-06
4161 1.52519e-06
4162 2.08736e-06
4163 2.05134e-07
4164 1.54631e-06
4165 2.72014e-08
4166 2.5027e-11
4167 7.60137e-11
4168 7.37808e-08
4169 6.99346e-06
4170 2.57142e-06
4171 3.49071e-06
4172 7.42819e-07
4173 2.72592e-07
4174 7.81004e-07
4175 7.83187e-08
4176 5.68811e-07
4177 1.70771e-06
4178 4.07326e-06
4179 2.03999e-06
4180 6.22199e-06
4181 5.43203e-06
4182 3.00706e-07
4183 4.35173e-07
4184 1.52008e-07
4185 5.52726e-06
4186 4.23514e-08
4187 6.03683e-06
4188 2.04138e-07
4189 7.4786e-08
4190 1.48193e-06
4191 2.03999e-06
4192 2.02698e-06
4193 4.94123e-06
4194 6.15948e-06
4195 2.62991e-07
4196 2.71251e-08
4197 3.55887e-08
4198 5.49641e-07
4199 5.43201e-07
4200 6.8428e-10
4201 4.19965e-06
4202 0
4203 4.07326e-06
4204 7.04462e-06
4205 2.56461e-06
4206 4.94332e-06
4207 2.31357e-06
4208 2.72411e-07
4209 1.04035e-06
4210 2.10588e-07
4211 5.8112e-08
4212 2.18978e-07
4213 4.08683e-06
4214 5.52454e-08
4215 4.01175e-06
4216 5.47899e-06
4217 2.04305e-06
4218 1.9933e-07
4219 1.47292e-07
4220 5.41188e-08
4221 6.35855e-07
4222 6.0534e-06
4223 2.23684e-06
4224 5.46827e-07
4225 3.73305e-07
4226 8.34505e-08
4227 8.17491e-07
4228 4.23736e-06
4229 2.82326e-07
4230 7.74037e-08
4231 7.68968e-07
4232 1.22725e-05
4233 3.04325e-06
4234 1.20273e-06
4235 5.90041e-06
4236 2.09787e-06
4237 2.24346e-06
4238 8.13761e-07
4239 2.72414e-07
4240 2.69621e-08
4241 3.94185e-12
4242 2.71594e-08
4243 9.98235e-09
4244 1.23716e-07
4245 6.1842e-06
4246 6.30199e-06
4247 2.02844e-06
4248 1.35662e-06
4249 1.3498e-06
4250 4.4331e-06
4251 1.7554e-06
4252 7.43176e-07
4253 5.02681e-10
4254 2.72617e-07
4255 3.72692e-07
4256 2.69776e-08
4257 4.12767e-06
4258 2.99e-06
4259 1.71085e-06
4260 2.56699e-07
4261 8.58613e-08
4262 3.68668e-08
4263 7.54546e-07
4264 8.28839e-07
4265 4.00919e-07
4266 4.1076e-08
4267 8.33601e-08
4268 1.57538e-06
4269 2.37382e-07
4270 1.49184e-06
4271 5.46331e-07
4272 7.50981e-08
4273 5.89922e-06
4274 8.3897e-08
4275 5.68715e-07
4276 6.21026e-07
4277 4.37699e-07
4278 1.4756e-06
4279 4.81534e-06
4280 2.23896e-06
4281 6.11307e-06
4282 1.50839e-06
4283 8.17425e-07
4284 1.10623e-06
4285 2.02821e-07
4286 6.89217e-07
4287 7.37596e-08
4288 2.69518e-08
4289 4.79811e-06
4290 7.63028e-07
4291 1.54942e-06
4292 2.55785e-06
4293 4.54134e-06
4294 1.67068e-06
4295 2.29257e-06
4296 9.42269e-07
4297 5.28326e-07
4298 1.49375e-06
4299 6.44923e-07
4300 4.03841e-06
4301 4.08746e-06
4302 1.58312e-06
4303 4.65199e-06
4304 1.00966e-08
4305 4.00371e-06
4306 2.94441e-06
4307 4.61462e-06
4308 1.67432e-06
4309 1.22921e-06
4310 1.28453e-12
4311 4.19915e-06
4312 1.54478e-06
4313 1.99148e-07
4314 4.0306e-06
4315 5.51256e-07
4316 3.98297e-07
4317 8.13755e-07
4318 8.14787e-06
4319 4.41455e-06
4320 2.02597e-06
4321 3.47015e-07
4322 1.2766e-07
4323 2.901e-07
4324 1.55477e-06
4325 1.50214e-06
4326 4.55261e-06
4327 9.91501e-09
4328 1.47535e-06
4329 2.01286e-06
4330 8.13752e-07
4331 1.46525e-07
4332 5.7618e-08
4333 1.12569e-08
4334 4.57243e-06
4335 1.78098e-06
4336 7.45509e-07
4337 4.76882e-06
4338 2.07938e-06
4339 1.50354e-07
4340 2.69518e-08
4341 1.12569e-08
4342 4.64261e-06
4343 1.50841e-06
4344 5.54904e-07
4345 7.69191e-08
4346 2.26112e-07
4347 6.14605e-07
4348 3.63181e-07
4349 1.52197e-06
4350 1.00688e-05
4351 2.25455e-06
4352 8.22888e-07
4353 2.4226e-06
4354 8.6917e-06
4355 4.4159e-06
4356 2.55469e-06
4357 2.69609e-08
4358 7.40489e-07
4359 4.2028e-06
4360 1.47286e-06
4361 1.38569e-06
4362 1.84782e-06
4363 1.72289e-06
4364 9.22939e-08
4365 2.31263e-07
4366 4.28557e-06
4367 8.46393e-09
4368 5.44274e-07
4369 2.01502e-07
4370 6.14819e-07
4371 9.11048e-12
4372 3.45677e-07
4373 5.95246e-07
4374 1.68058e-06
4375 5.15959e-06
4376 2.97135e-06
4377 6.24528e-07
4378 3.76276e-07
4379 2.64802e-07
4380 8.97423e-07
4381 4.31293e-06
4382 6.05342e-07
4383 2.00784e-08
4384 2.06535e-07
4385 6.19684e-07
4386 2.36724e-07
4387 2.7631e-07
4388 2.83604e-08
4389 5.54613e-06
4390 6.2125e-06
4391 3.45856e-07
4392 1.02898e-07
4393 5.53652e-07
4394 1.72493e-06
4395 2.11374e-06
4396 3.58611e-06
4397 2.09805e-07
4398 7.71408e-08
4399 4.22752e-06
4400 5.47204e-06
4401 5.47152e-06
4402 2.03981e-06
4403 3.15345e-06
4404 1.16009e-06
4405 1.00346e-06
4406 2.77582e-07
4407 8.25077e-07
4408 1.77456e-06
4409 6.52825e-07
4410 1.35625e-08
4411 7.61129e-07
4412 2.53052e-07
4413 1.49136e-06
4414 3.65086e-09
4415 1.34185e-09
4416 2.0142e-06
4417 0
4418 5.47158e-06
4419 2.04162e-07
4420 2.72411e-07
4421 4.10205e-06
4422 2.99049e-06
4423 2.05702e-06
4424 2.24597e-06
4425 4.55193e-06
4426 1.47523e-06
4427 1.47289e-06
4428 5.41341e-07
4429 7.32626e-08
4430 2.261e-07
4431 2.82326e-07
4432 1.73477e-07
4433 5.82182e-07
4434 2.14363e-07
4435 2.76596e-07
4436 5.93973e-07
4437 2.08595e-07
4438 1.61968e-06
4439 7.44319e-07
4440 6.25861e-07
4441 2.30241e-07
4442 8.47022e-08
4443 4.01094e-06
4444 5.63855e-07
4445 8.20398e-08
4446 4.26591e-07
4447 4.81443e-06
4448 2.21207e-06
4449 6.14629e-07
4450 1.70127e-06
4451 9.91508e-09
4452 2.79706e-07
4453 4.30205e-06
4454 1.5547e-06
4455 7.69101e-08
4456 6.22196e-07
4457 1.28471e-08
4458 4.10031e-06
4459 2.02016e-06
4460 4.98938e-09
4461 4.57147e-06
4462 2.01335e-06
4463 7.50404e-07
4464 2.82326e-07
4465 3.09278e-07
4466 8.36712e-08
4467 1.04368e-06
4468 2.83668e-07
4469 1.7752e-06
4470 4.11306e-06
4471 4.04159e-06
4472 2.01423e-06
4473 5.68491e-06
4474 8.70371e-09
4475 1.58223e-06
4476 6.43071e-07
4477 2.04346e-06
4478 6.07878e-07
4479 1.48049e-07
4480 4.10436e-06
4481 6.38186e-08
4482 2.12781e-07
4483 8.68497e-08
4484 8.56963e-06
4485 3.69662e-06
4486 1.01747e-06
4487 3.74734e-07
4488 6.42322e-07
4489 1.6811e-06
4490 1.13786e-07
4491 3.83245e-09
4492 5.63923e-07
4493 2.03314e-07
4494 2.83668e-07
4495 3.12746e-08
4496 2.01628e-06
4497 5.42108e-07
4498 1.99603e-07
4499 4.07327e-06
4500 1.5084e-06
4501 9.98559e-09
4502 5.44989e-07
4503 4.00001e-06
4504 1.47152e-06
4505 4.19915e-06
4506 3.01631e-06
4507 2.2125e-06
4508 3.83035e-09
4509 2.21335e-06
4510 6.15097e-07
4511 2.53052e-07
4512 2.82326e-07
4513 3.05993e-08
4514 5.41341e-07
4515 8.13752e-07
4516 1.73477e-07
4517 1.70753e-06
4518 6.2452e-07
4519 4e-06
4520 9.91501e-09
4521 1.54478e-06
4522 1.47152e-06
4523 9.76504e-07
4524 3.45673e-07
4525 1.31307e-07
4526 5.82203e-08
4527 5.47523e-06
4528 6.01423e-06
4529 2.21665e-06
4530 1.08421e-06
4531 4.02505e-07
4532 5.45028e-07
4533 4.29943e-06
4534 1.57177e-06
4535 2.99363e-07
4536 1.49849e-06
4537 1.08633e-06
4538 9.59468e-07
4539 8.05576e-08
4540 2.75095e-07
4541 1.00711e-07
4542 9.9164e-09
4543 1.53041e-06
4544 5.53095e-07
4545 1.68423e-06
4546 4.54633e-06
4547 4.19915e-06
4548 2.0863e-06
4549 2.26167e-07
4550 8.08324e-06
4551 2.06679e-06
4552 7.50422e-07
4553 8.17406e-07
4554 1.70127e-06
4555 6.43416e-07
4556 7.8795e-07
4557 5.55153e-07
4558 1.72822e-06
4559 4.55401e-06
4560 1.50576e-06
4561 2.16901e-08
4562 1.47931e-06
4563 2.76479e-06
4564 5.45315e-07
4565 2.1685e-06
4566 1.65565e-06
4567 2.24415e-06
4568 8.26369e-07
4569 1.00711e-07
4570 1.50866e-06
4571 2.55424e-06
4572 9.39647e-07
4573 1.61804e-06
4574 7.67935e-07
4575 8.40885e-07
4576 1.00281e-07
4577 5.51326e-07
4578 1.47517e-06
4579 5.52598e-07
4580 1.68472e-06
4581 6.19775e-07
4582 4.99005e-07
4583 4.72491e-06
4584 2.76663e-07
4585 8.81915e-08
4586 5.73282e-07
4587 1.67201e-06
4588 2.31045e-07
4589 1.76508e-06
4590 3.35742e-08
4591 8.05576e-08
4592 7.67308e-09
4593 1.01202e-07
4594 4.0101e-06
4595 1.26164e-06
4596 5.4152e-08
4597 3.87937e-08
4598 4.008e-06
4599 1.67123e-06
4600 2.76326e-06
4601 2.774e-07
4602 2.73777e-07
4603 1.02231e-07
4604 1.10805e-07
4605 4.09443e-08
4606 1.4834e-06
4607 1.08327e-06
4608 4.00995e-06
4609 9.95195e-09
4610 2.02797e-07
4611 2.00491e-07
4612 7.32627e-08
4613 1.01738e-07
4614 1.50895e-06
4615 7.54055e-07
4616 2.94304e-06
4617 1.08271e-06
4618 3.98984e-07
4619 1.46592e-07
4620 2.45993e-11
4621 5.47154e-06
4622 2.01287e-06
4623 7.41835e-07
4624 8.14248e-07
4625 4.98693e-07
4626 1.37081e-07
4627 5.04384e-08
4628 2.04141e-07
4629 8.63813e-09
4630 2.74454e-08
4631 9.91546e-09
4632 8.6373e-09
4633 1.36773e-09
4634 2.24112e-14
4635 1.6745e-06
4636 5.41902e-07
4637 2.46378e-11
4638 3.82915e-09
4639 4.56964e-06
4640 1.70753e-06
4641 6.24519e-07
4642 2.26109e-07
4643 1.55476e-06
4644 8.32021e-08
4645 6.41568e-07
4646 5.70888e-06
4647 2.09653e-06
4648 4.22993e-06
4649 5.5566e-06
4650 6.08729e-06
4651 3.48469e-06
4652 1.08645e-06
4653 1.86985e-06
4654 8.13757e-07
4655 7.67442e-07
4656 2.01634e-06
4657 6.72155e-07
4658 4.4642e-07
4659 1.54892e-06
4660 3.88839e-08
4661 3.64753e-09
4662 2.31583e-07
4663 9.38346e-08
4664 9.48523e-07
4665 1.74717e-06
4666 2.08682e-06
4667 4.35412e-07
4668 1.21502e-05
4669 1.09216e-07
4670 3.02723e-08
4671 5.18335e-09
4672 2.75383e-09
4673 7.74049e-08
4674 2.73154e-08
4675 2.36113e-08
4676 5.50069e-07
4677 8.16081e-07
4678 2.76271e-08
4679 6.68292e-11
4680 7.68808e-07
4681 4.27242e-06
4682 4.17397e-06
4683 8.26449e-06
4684 1.56826e-06
4685 4.03425e-06
4686 1.34185e-09
4687 1.47237e-06
4688 5.42083e-07
4689 2.09312e-07
4690 7.70015e-08
4691 3.82423e-08
4692 1.49896e-06
4693 2.12959e-07
4694 2.73844e-07
4695 6.88384e-07
4696 5.40942e-08
4697 1.99002e-08
4698 7.69113e-08
4699 2.27509e-07
4700 8.31777e-08
4701 4.56829e-06
4702 2.21201e-06
4703 7.40514e-07
4704 9.92405e-09
4705 4.07326e-06
4706 1.49847e-06
4707 5.51256e-07
4708 2.72411e-07
4709 1.10129e-07
4710 4.00365e-06
4711 1.47286e-06
4712 1.10955e-05
4713 9.40131e-07
4714 2.41134e-06
4715 9.23949e-07
4716 7.14885e-07
4717 4.28945e-07
4718 2.85991e-07
4719 1.02898e-07
4720 4.63481e-09
4721 1.49981e-06
4722 7.77851e-07
4723 2.86337e-07
4724 8.68251e-08
4725 8.55132e-06
4726 1.47517e-06
4727 1.08633e-06
4728 7.32626e-08
4729 1.0205e-07
4730 3.82913e-09
4731 4.19922e-06
4732 1.54481e-06
4733 2.70276e-08
4734 2.02281e-06
4735 7.44146e-07
4736 4.71744e-07
4737 2.99429e-07
4738 5.68327e-07
4739 2.09076e-07
4740 3.64875e-09
4741 1.12573e-08
4742 6.75405e-10
4743 1.59026e-09
4744 5.41902e-07
4745 2.06917e-06
4746 6.14671e-07
4747 2.26125e-07
4748 5.49135e-06
4749 3.48802e-06
4750 5.28317e-06
4751 1.87396e-06
4752 1.61872e-06
4753 1.49999e-06
4754 2.02327e-06
4755 4.55509e-06
4756 8.15161e-07
4757 7.39624e-08
4758 2.48407e-10
4759 3.71433e-09
4760 5.42708e-07
4761 5.94309e-06
4762 6.18634e-06
4763 4.03687e-06
4764 1.47152e-06
4765 1.47152e-06
4766 5.68293e-07
4767 2.261e-07
4768 3.73617e-08
4769 1.50864e-08
4770 2.10118e-07
4771 3.85377e-09
4772 1.41894e-09
4773 1.47204e-06
4774 4.00018e-06
4775 5.47162e-06
4776 3.73944e-11
4777 5.47152e-06
4778 5.47154e-06
4779 1.34518e-09
4780 1.67481e-06
4781 1.15747e-06
4782 4.50141e-13
4783 6.74225e-11
4784 1.99173e-07
4785 7.33417e-08
4786 1.4985e-06
4787 4.50141e-13
4788 2.00491e-07
4789 1.00708e-07
4790 4.69636e-08
4791 5.58551e-07
4792 2.02796e-07
4793 1.47157e-06
4794 5.65233e-06
4795 2.10408e-07
4796 7.7414e-08
4797 4.00137e-06
4798 1.47152e-06
4799 1.08268e-06
4800 1.99157e-07
4801 2.69518e-08
4802 8.00365e-06
4803 2.94802e-06
4804 4.64205e-06
4805 1.78098e-06
4806 1.51528e-08
4807 8.07747e-06
4808 6.95815e-06
4809 3.17617e-06
4810 4.39967e-06
4811 1.61855e-06
4812 5.68479e-07
4813 1.68065e-06
4814 6.45228e-07
4815 7.77356e-07
4816 3.02157e-07
4817 1.05204e-07
4818 5.73776e-07
4819 3.99465e-07
4820 8.36076e-08
4821 5.70176e-06
4822 1.48296e-06
4823 4.15021e-09
4824 1.01738e-07
4825 5.45482e-07
4826 1.40866e-09
4827 5.18216e-10
4828 6.15279e-07
4829 7.67715e-07
4830 8.32782e-08
4831 9.44655e-07
4832 2.28712e-06
4833 6.79098e-07
4834 5.10982e-06
4835 6.07494e-07
4836 4.08343e-06
4837 3.49339e-07
4838 6.38219e-08
4839 5.61197e-07
4840 2.60365e-07
4841 1.6253e-08
4842 9.89726e-10
4843 1.47152e-06
4844 1.4717e-06
4845 1.3384e-10
4846 1.47204e-06
4847 4.54156e-06
4848 6.75342e-06
4849 1.5448e-06
4850 2.02277e-06
4851 4.2261e-06
4852 6.15946e-07
4853 1.99642e-07
4854 2.0142e-06
4855 5.21254e-06
4856 1.00396e-07
4857 5.7839e-07
4858 7.6088e-07
4859 1.62194e-06
4860 4.571e-06
4861 3.14318e-06
4862 2.16324e-06
4863 5.95324e-07
4864 9.94414e-09
4865 3.65657e-09
4866 1.47336e-06
4867 5.51933e-07
4868 1.54861e-06
4869 4.54282e-06
4870 5.54892e-06
4871 2.01572e-06
4872 2.75615e-08
4873 2.9433e-06
4874 2.55429e-06
4875 8.40741e-07
4876 3.26316e-07
4877 2.82326e-07
4878 1.73477e-07
4879 2.62967e-07
4880 1.56826e-06
4881 5.7693e-07
4882 2.10899e-07
4883 2.03471e-07
4884 1.01738e-07
4885 1.04356e-07
4886 3.6867e-08
4887 4e-06
4888 1.54892e-06
4889 5.47669e-06
4890 1.60869e-06
4891 2.58488e-06
4892 7.40517e-07
4893 2.85982e-07
4894 6.25864e-07
4895 5.68293e-07
4896 1.48143e-06
4897 5.44992e-07
4898 1.67067e-06
4899 4.64156e-06
4900 1.69762e-06
4901 5.51323e-07
4902 1.99148e-07
4903 7.69101e-08
4904 3.26314e-07
4905 3.69336e-08
4906 2.94668e-06
4907 6.15946e-07
4908 2.26594e-07
4909 2.6837e-09
4910 2.08173e-08
4911 2.01687e-06
4912 4.02836e-06
4913 5.5175e-07
4914 2.7624e-07
4915 6.15946e-07
4916 2.74454e-08
4917 2.00362e-08
4918 4.03335e-06
4919 1.22441e-08
4920 1.47189e-06
4921 5.41835e-07
4922 5.41523e-07
4923 3.14238e-06
4924 2.28534e-06
4925 2.62748e-06
4926 2.0415e-07
4927 1.00218e-07
4928 2.02412e-06
4929 1.99643e-07
4930 8.27241e-06
4931 3.16914e-06
4932 1.15594e-06
4933 8.13752e-07
4934 9.39638e-07
4935 1.46526e-07
4936 4.12717e-06
4937 3.52174e-06
4938 5.09625e-06
4939 5.88472e-06
4940 1.82267e-06
4941 5.96768e-07
4942 4.91892e-07
4943 1.77309e-07
4944 3.69348e-08
4945 1.51206e-06
4946 1.35716e-08
4947 2.2916e-06
4948 1.31062e-06
4949 4.08705e-07
4950 2.76265e-07
4951 4.10163e-06
4952 5.57226e-06
4953 3.4943e-06
4954 5.04977e-06
4955 1.58165e-06
4956 5.73282e-07
4957 2.24112e-14
4958 4.93647e-10
4959 1.81603e-10
4960 4.02975e-06
4961 1.47881e-06
4962 2.82936e-08
4963 4.14124e-09
4964 4.54286e-06
4965 5.60447e-10
4966 2.03984e-06
4967 9.39647e-07
4968 1.7348e-07
4969 3.68668e-08
4970 4.05143e-08
4971 2.55785e-06
4972 9.49553e-07
4973 1.46525e-07
4974 6.11986e-08
4975 4.09584e-06
4976 1.5031e-06
4977 5.48161e-06
4978 1.47881e-06
4979 9.15863e-06
4980 1.70541e-06
4981 7.2778e-07
4982 1.50218e-06
4983 2.84161e-07
4984 5.57241e-06
4985 2.02801e-06
4986 4.75096e-06
4987 3.04327e-06
4988 5.4135e-07
4989 1.99148e-07
4990 1.08269e-06
4991 4.3983e-06
4992 7.3263e-08
4993 2.05113e-06
4994 7.67961e-07
4995 8.3178e-08
4996 3.4247e-08
4997 4.61613e-06
4998 7.67441e-07
4999 0
