0 0
1 0.78202
2 0.248996
3 0.104291
4 0.0548328
5 0.0345204
6 0.0247709
7 0.0193287
8 0.0153047
9 0.0125784
10 0.0108145
11 0.00952861
12 0.00802621
13 0.0073158
14 0.00636528
15 0.00586377
16 0.00546806
17 0.0048907
18 0.00455292
19 0.00417755
20 0.00392072
21 0.00350996
22 0.00339853
23 0.00321003
24 0.00294405
25 0.00284243
26 0.00260126
27 0.00254318
28 0.00244585
29 0.00224093
30 0.00222971
31 0.00209885
32 0.00204631
33 0.00197379
34 0.00188331
35 0.00188525
36 0.00161058
37 0.00169609
38 0.00168424
39 0.00155015
40 0.00149918
41 0.00140783
42 0.00146808
43 0.00136595
44 0.00133578
45 0.00131314
46 0.0012588
47 0.00112024
48 0.00108636
49 0.00103417
50 0.00103315
51 0.00102796
52 0.000982887
53 0.00102292
54 0.000926356
55 0.000933211
56 0.000970304
57 0.000878198
58 0.000952939
59 0.000830955
60 0.000769843
61 0.000787084
62 0.000778862
63 0.000789108
64 0.000773056
65 0.000724554
66 0.000694844
67 0.000760068
68 0.000757773
69 0.000680355
70 0.000720586
71 0.000657132
72 0.000642587
73 0.000634645
74 0.000645998
75 0.000654061
76 0.0006093
77 0.000590595
78 0.000621506
79 0.00062396
80 0.000587488
81 0.000593238
82 0.000595697
83 0.000507317
84 0.000490541
85 0.000511045
86 0.000508249
87 0.000520194
88 0.000508965
89 0.000496367
90 0.000472249
91 0.000444843
92 0.000436257
93 0.000461682
94 0.00042134
95 0.00043482
96 0.000381775
97 0.000387286
98 0.000411725
99 0.000412394
100 0.000408065
101 0.000395975
102 0.000401352
103 0.000359694
104 0.0003907
105 0.000378425
106 0.000352897
107 0.00038446
108 0.000389232
109 0.00039693
110 0.000346891
111 0.000363715
112 0.000347726
113 0.000344734
114 0.000304474
115 0.000367671
116 0.000337854
117 0.000321045
118 0.000360851
119 0.000336345
120 0.000290382
121 0.000350911
122 0.000299721
123 0.000298401
124 0.000299709
125 0.000307215
126 0.00028657
127 0.000341533
128 0.000272767
129 0.000284233
130 0.000296103
131 0.000326164
132 0.000260377
133 0.000289292
134 0.000285064
135 0.000292062
136 0.000278612
137 0.000297971
138 0.000290711
139 0.000244708
140 0.000268319
141 0.00028489
142 0.000230188
143 0.000251826
144 0.000244733
145 0.000241138
146 0.000246037
147 0.000275285
148 0.000284111
149 0.000258872
150 0.000250328
151 0.00021841
152 0.000217917
153 0.000191815
154 0.000230635
155 0.000242845
156 0.000210529
157 0.000264516
158 0.000201122
159 0.000229631
160 0.000213169
161 0.000203664
162 0.000232792
163 0.000250803
164 0.000237261
165 0.000238612
166 0.00019697
167 0.000245286
168 0.000204498
169 0.000170996
170 0.000200063
171 0.00020351
172 0.000213005
173 0.00019621
174 0.00019115
175 0.000170698
176 0.000205041
177 0.000168387
178 0.00015456
179 0.000203393
180 0.000183439
181 0.00014867
182 0.000157309
183 0.000182714
184 0.000182521
185 0.000187853
186 0.000163395
187 0.000147627
188 0.000156651
189 0.000150215
190 0.000164127
191 0.000178964
192 0.000171251
193 0.000219844
194 0.000181261
195 0.000177699
196 0.000173528
197 0.00020693
198 0.000182576
199 0.000155961
200 0.000157769
201 0.000170658
202 0.000167422
203 0.000171898
204 0.000169399
205 0.000153016
206 0.000146697
207 0.000178991
208 0.000167565
209 0.000147059
210 0.000159267
211 0.000166
212 0.000186507
213 0.000133612
214 0.00013504
215 0.000152265
216 0.000161121
217 0.000153364
218 0.000157778
219 0.000149246
220 0.000140936
221 0.000150981
222 0.000122673
223 0.00013176
224 0.000123374
225 0.000134137
226 0.000133663
227 0.000130958
228 0.00014387
229 0.000122444
230 0.000136025
231 0.000131148
232 0.000140962
233 0.00014973
234 0.000122991
235 0.000105698
236 0.000105519
237 0.000125644
238 0.000133113
239 0.00011652
240 0.000107606
241 0.000110889
242 0.000104927
243 0.000116073
244 0.000106944
245 0.000111508
246 0.000130227
247 0.000129164
248 0.000148239
249 0.000135707
250 0.000129201
251 0.000104858
252 0.000116076
253 9.80102e-05
254 0.000100814
255 0.000125527
256 0.000126476
257 0.000131434
258 9.70994e-05
259 0.000103867
260 0.000123132
261 0.000117197
262 9.89329e-05
263 0.000106587
264 0.0001407
265 9.35206e-05
266 0.000106286
267 0.000123485
268 0.000112357
269 9.11491e-05
270 0.000112194
271 9.73003e-05
272 9.61898e-05
273 0.000102281
274 0.00010462
275 0.000123208
276 0.000121607
277 0.000129763
278 9.47354e-05
279 0.000100528
280 8.30032e-05
281 9.71177e-05
282 9.7579e-05
283 8.57024e-05
284 0.000109644
285 0.000100263
286 9.32325e-05
287 8.29407e-05
288 6.48599e-05
289 0.000122372
290 0.000102644
291 9.94131e-05
292 8.94742e-05
293 8.69928e-05
294 8.44734e-05
295 8.56753e-05
296 8.10965e-05
297 0.00011609
298 9.67309e-05
299 0.000105852
300 8.83011e-05
301 0.000102138
302 7.64848e-05
303 8.41786e-05
304 9.77027e-05
305 9.91466e-05
306 7.261e-05
307 0.000105042
308 8.01461e-05
309 0.000105427
310 8.82775e-05
311 7.63595e-05
312 7.23296e-05
313 8.1855e-05
314 7.90647e-05
315 0.000100894
316 6.84452e-05
317 6.53905e-05
318 9.25129e-05
319 6.60227e-05
320 7.69097e-05
321 9.24926e-05
322 8.29234e-05
323 9.52145e-05
324 7.84445e-05
325 9.10764e-05
326 7.48181e-05
327 9.88315e-05
328 6.50176e-05
329 8.99721e-05
330 9.05003e-05
331 9.16942e-05
332 8.20634e-05
333 7.91792e-05
334 9.19804e-05
335 0.000103156
336 7.40967e-05
337 7.89724e-05
338 0.000106415
339 9.35281e-05
340 7.7237e-05
341 8.64275e-05
342 0.000100571
343 8.23603e-05
344 9.83307e-05
345 7.18455e-05
346 7.84882e-05
347 5.03697e-05
348 8.17417e-05
349 9.28806e-05
350 8.82019e-05
351 8.98063e-05
352 7.13163e-05
353 9.06398e-05
354 9.49143e-05
355 9.2192e-05
356 6.2495e-05
357 8.60939e-05
358 9.2841e-05
359 8.27029e-05
360 7.49878e-05
361 6.42908e-05
362 6.38138e-05
363 8.26117e-05
364 9.4368e-05
365 6.96502e-05
366 0.000114271
367 8.83135e-05
368 5.02705e-05
369 8.92065e-05
370 7.28849e-05
371 4.84893e-05
372 7.48382e-05
373 7.10775e-05
374 6.43581e-05
375 5.23301e-05
376 6.32346e-05
377 6.5834e-05
378 7.52785e-05
379 6.51966e-05
380 5.68796e-05
381 8.12666e-05
382 6.58912e-05
383 5.93552e-05
384 7.01487e-05
385 7.16812e-05
386 4.87242e-05
387 6.50412e-05
388 8.78398e-05
389 7.77421e-05
390 7.3063e-05
391 6.097e-05
392 7.90545e-05
393 5.83381e-05
394 5.07895e-05
395 6.84648e-05
396 7.01933e-05
397 8.76457e-05
398 7.2381e-05
399 6.37712e-05
400 5.88261e-05
401 6.79616e-05
402 9.47862e-05
403 5.832e-05
404 6.19982e-05
405 6.40577e-05
406 5.31554e-05
407 8.36444e-05
408 8.64676e-05
409 8.26531e-05
410 6.67116e-05
411 5.10239e-05
412 5.5661e-05
413 5.67009e-05
414 5.46785e-05
415 7.00258e-05
416 5.19113e-05
417 5.35016e-05
418 3.79432e-05
419 6.41335e-05
420 6.38629e-05
421 5.51129e-05
422 5.75062e-05
423 4.85421e-05
424 4.32569e-05
425 3.83697e-05
426 5.30938e-05
427 7.4086e-05
428 6.41366e-05
429 5.40915e-05
430 4.22392e-05
431 4.83842e-05
432 7.50549e-05
433 5.00404e-05
434 6.56003e-05
435 7.80743e-05
436 7.27469e-05
437 6.18783e-05
438 5.97282e-05
439 7.04313e-05
440 7.86368e-05
441 5.41214e-05
442 5.24953e-05
443 5.49577e-05
444 4.28749e-05
445 4.39498e-05
446 4.04749e-05
447 4.55443e-05
448 3.98049e-05
449 4.08095e-05
450 3.51778e-05
451 4.44323e-05
452 4.25918e-05
453 5.47181e-05
454 3.95814e-05
455 3.85614e-05
456 6.10516e-05
457 4.8606e-05
458 4.50028e-05
459 5.23249e-05
460 4.38867e-05
461 5.47198e-05
462 5.51859e-05
463 5.73122e-05
464 6.36875e-05
465 5.6507e-05
466 3.33467e-05
467 6.14822e-05
468 3.91344e-05
469 3.97689e-05
470 5.38484e-05
471 6.67696e-05
472 5.0192e-05
473 3.67403e-05
474 4.95559e-05
475 5.18302e-05
476 3.92312e-05
477 3.75704e-05
478 4.17453e-05
479 4.60435e-05
480 6.05781e-05
481 5.38571e-05
482 5.00753e-05
483 4.71362e-05
484 3.02913e-05
485 5.99733e-05
486 5.74478e-05
487 4.48398e-05
488 6.55331e-05
489 5.4709e-05
490 5.81e-05
491 4.08437e-05
492 4.28526e-05
493 6.94854e-05
494 5.35438e-05
495 6.63434e-05
496 5.64445e-05
497 5.53576e-05
498 3.5462e-05
499 4.2575e-05
500 4.46287e-05
501 3.96116e-05
502 3.53107e-05
503 3.63819e-05
504 3.87017e-05
505 4.99803e-05
506 4.78934e-05
507 6.6898e-05
508 4.26319e-05
509 4.05711e-05
510 2.93648e-05
511 4.0988e-05
512 5.07205e-05
513 5.20573e-05
514 6.32587e-05
515 5.01247e-05
516 4.53861e-05
517 4.26009e-05
518 3.96523e-05
519 3.48284e-05
520 3.4133e-05
521 4.68846e-05
522 4.96678e-05
523 5.18033e-05
524 5.46624e-05
525 5.17412e-05
526 4.80137e-05
527 7.64706e-05
528 5.04699e-05
529 4.17515e-05
530 4.61412e-05
531 5.53178e-05
532 3.0485e-05
533 3.08718e-05
534 4.71088e-05
535 2.73586e-05
536 2.77904e-05
537 5.52104e-05
538 4.81225e-05
539 3.2914e-05
540 4.27413e-05
541 3.46444e-05
542 4.45797e-05
543 4.79133e-05
544 3.90704e-05
545 3.12092e-05
546 3.325e-05
547 2.91308e-05
548 4.26924e-05
549 3.88523e-05
550 4.80676e-05
551 5.98569e-05
552 2.86238e-05
553 3.5618e-05
554 3.56065e-05
555 3.95832e-05
556 2.90556e-05
557 3.35504e-05
558 3.00643e-05
559 4.34894e-05
560 4.63135e-05
561 3.80814e-05
562 4.91021e-05
563 2.90607e-05
564 3.74273e-05
565 4.54055e-05
566 3.77861e-05
567 4.19477e-05
568 3.20377e-05
569 3.99866e-05
570 2.79814e-05
571 4.79357e-05
572 3.78526e-05
573 5.59418e-05
574 3.70334e-05
575 4.4447e-05
576 4.13731e-05
577 4.46743e-05
578 5.38265e-05
579 5.2499e-05
580 3.35567e-05
581 3.70062e-05
582 4.02208e-05
583 3.37569e-05
584 4.49547e-05
585 3.85243e-05
586 4.81834e-05
587 3.09505e-05
588 3.12145e-05
589 4.55252e-05
590 3.88744e-05
591 4.94913e-05
592 3.16278e-05
593 4.42578e-05
594 6.52822e-05
595 4.66119e-05
596 3.91204e-05
597 3.44451e-05
598 4.58943e-05
599 2.82669e-05
600 4.91111e-05
601 3.23986e-05
602 4.85487e-05
603 3.85281e-05
604 3.76719e-05
605 3.94405e-05
606 3.13481e-05
607 6.48986e-05
608 3.87549e-05
609 2.66607e-05
610 3.47831e-05
611 3.38044e-05
612 3.27851e-05
613 3.3456e-05
614 2.64804e-05
615 4.24633e-05
616 4.09461e-05
617 3.93836e-05
618 4.00866e-05
619 4.46157e-05
620 3.78416e-05
621 4.11466e-05
622 2.73621e-05
623 2.2856e-05
624 3.68405e-05
625 3.50906e-05
626 2.9904e-05
627 3.75537e-05
628 3.58924e-05
629 4.04041e-05
630 2.28912e-05
631 2.72784e-05
632 3.89833e-05
633 3.97293e-05
634 2.6557e-05
635 3.74343e-05
636 4.22989e-05
637 3.43852e-05
638 3.45296e-05
639 3.00576e-05
640 3.06579e-05
641 3.28919e-05
642 3.59667e-05
643 3.29971e-05
644 2.70908e-05
645 3.11632e-05
646 3.04368e-05
647 3.10475e-05
648 3.12086e-05
649 3.81417e-05
650 3.57594e-05
651 5.72573e-05
652 2.91243e-05
653 3.16668e-05
654 3.44724e-05
655 4.03269e-05
656 4.0812e-05
657 4.0506e-05
658 3.14842e-05
659 3.34462e-05
660 3.28943e-05
661 2.44715e-05
662 3.18276e-05
663 3.10391e-05
664 3.78157e-05
665 3.75975e-05
666 2.8535e-05
667 4.04677e-05
668 3.25419e-05
669 3.03006e-05
670 4.01736e-05
671 2.24636e-05
672 3.58068e-05
673 3.10723e-05
674 1.80497e-05
675 2.69043e-05
676 3.71736e-05
677 4.67352e-05
678 5.48726e-05
679 2.93044e-05
680 2.76098e-05
681 2.66125e-05
682 2.91696e-05
683 4.75163e-05
684 3.68222e-05
685 4.70871e-05
686 3.48598e-05
687 3.47404e-05
688 2.44325e-05
689 4.13449e-05
690 3.55717e-05
691 1.71128e-05
692 1.54392e-05
693 2.60177e-05
694 3.13582e-05
695 2.31368e-05
696 2.34693e-05
697 2.86472e-05
698 2.54056e-05
699 2.45648e-05
700 3.77308e-05
701 2.95375e-05
702 2.21883e-05
703 2.49224e-05
704 3.39533e-05
705 2.7839e-05
706 1.62921e-05
707 2.05192e-05
708 3.23956e-05
709 3.36861e-05
710 2.74897e-05
711 3.28593e-05
712 2.4775e-05
713 2.17697e-05
714 3.54854e-05
715 2.03194e-05
716 2.97065e-05
717 2.60138e-05
718 2.99627e-05
719 4.01734e-05
720 2.44138e-05
721 2.65225e-05
722 2.00097e-05
723 2.7654e-05
724 2.39866e-05
725 1.86251e-05
726 3.6677e-05
727 2.10905e-05
728 2.62342e-05
729 3.97634e-05
730 3.5158e-05
731 1.62943e-05
732 2.66626e-05
733 4.67281e-05
734 2.88543e-05
735 3.55997e-05
736 4.33715e-05
737 2.65136e-05
738 4.50224e-05
739 2.52363e-05
740 2.91837e-05
741 2.55961e-05
742 2.16717e-05
743 3.22413e-05
744 2.64618e-05
745 2.73629e-05
746 3.64155e-05
747 2.34231e-05
748 2.37687e-05
749 3.76329e-05
750 3.82072e-05
751 3.11675e-05
752 2.40173e-05
753 3.11423e-05
754 3.31689e-05
755 1.84319e-05
756 2.51294e-05
757 3.51349e-05
758 2.56262e-05
759 2.39549e-05
760 2.12011e-05
761 2.09156e-05
762 1.85928e-05
763 2.17388e-05
764 2.44894e-05
765 3.4833e-05
766 2.83899e-05
767 3.02968e-05
768 2.69439e-05
769 3.88427e-05
770 3.70942e-05
771 2.96734e-05
772 3.29737e-05
773 3.19093e-05
774 2.50888e-05
775 2.57586e-05
776 2.41476e-05
777 1.8663e-05
778 2.53232e-05
779 3.04494e-05
780 2.27491e-05
781 1.58417e-05
782 2.64733e-05
783 2.61369e-05
784 2.50939e-05
785 1.22659e-05
786 1.58414e-05
787 2.61159e-05
788 2.79877e-05
789 2.05942e-05
790 2.93489e-05
791 3.04327e-05
792 2.33617e-05
793 2.21526e-05
794 2.22237e-05
795 3.92189e-05
796 3.07704e-05
797 3.47616e-05
798 2.10985e-05
799 2.77055e-05
800 3.62089e-05
801 2.82005e-05
802 2.30314e-05
803 2.37008e-05
804 1.82292e-05
805 1.98641e-05
806 1.93506e-05
807 2.40855e-05
808 2.4282e-05
809 3.0259e-05
810 3.21195e-05
811 2.55086e-05
812 2.71385e-05
813 2.85674e-05
814 2.57688e-05
815 2.9839e-05
816 1.95958e-05
817 2.38921e-05
818 1.13635e-05
819 2.65403e-05
820 1.58515e-05
821 3.28595e-05
822 3.92458e-05
823 3.54931e-05
824 2.90147e-05
825 1.90586e-05
826 3.7307e-05
827 2.82662e-05
828 3.90614e-05
829 2.23803e-05
830 2.51405e-05
831 2.27429e-05
832 2.55758e-05
833 2.91312e-05
834 3.69101e-05
835 2.81338e-05
836 1.76767e-05
837 2.51381e-05
838 2.88876e-05
839 2.10941e-05
840 2.22354e-05
841 2.89928e-05
842 1.91088e-05
843 1.84292e-05
844 2.37674e-05
845 2.28759e-05
846 2.90466e-05
847 2.8032e-05
848 2.19016e-05
849 2.52903e-05
850 2.45582e-05
851 2.6534e-05
852 1.72643e-05
853 2.4589e-05
854 2.32554e-05
855 3.23688e-05
856 2.53217e-05
857 2.82897e-05
858 1.79331e-05
859 1.68819e-05
860 2.23302e-05
861 1.60714e-05
862 2.81688e-05
863 2.21109e-05
864 1.97561e-05
865 2.97087e-05
866 2.38868e-05
867 1.83562e-05
868 1.51208e-05
869 2.01121e-05
870 2.27287e-05
871 2.23545e-05
872 2.35414e-05
873 2.90242e-05
874 1.71093e-05
875 2.93459e-05
876 2.31368e-05
877 2.68332e-05
878 1.96921e-05
879 2.99749e-05
880 1.88216e-05
881 2.56111e-05
882 2.9367e-05
883 3.08489e-05
884 2.81435e-05
885 3.00171e-05
886 2.59067e-05
887 2.42998e-05
888 1.59752e-05
889 1.84256e-05
890 2.73891e-05
891 1.36171e-05
892 2.50663e-05
893 2.53646e-05
894 3.34923e-05
895 2.35718e-05
896 2.17897e-05
897 2.21439e-05
898 1.8767e-05
899 2.68965e-05
900 1.68801e-05
901 1.97812e-05
902 1.71565e-05
903 2.26545e-05
904 2.31627e-05
905 1.2782e-05
906 2.6136e-05
907 1.96795e-05
908 1.13826e-05
909 2.1999e-05
910 1.87452e-05
911 2.86613e-05
912 1.87712e-05
913 9.34888e-06
914 1.75496e-05
915 2.80202e-05
916 2.22386e-05
917 1.76323e-05
918 1.22804e-05
919 1.99236e-05
920 1.06108e-05
921 2.75081e-05
922 2.03881e-05
923 1.76349e-05
924 2.42134e-05
925 1.85492e-05
926 2.05851e-05
927 2.52428e-05
928 2.76673e-05
929 1.6511e-05
930 1.88587e-05
931 1.59028e-05
932 2.65278e-05
933 1.39052e-05
934 3.21841e-05
935 2.52533e-05
936 3.7352e-05
937 3.97132e-05
938 2.54863e-05
939 1.88342e-05
940 1.18588e-05
941 1.13949e-05
942 2.48629e-05
943 1.22392e-05
944 1.77476e-05
945 1.66316e-05
946 2.05098e-05
947 2.0325e-05
948 1.76843e-05
949 2.41627e-05
950 2.24819e-05
951 1.93568e-05
952 1.67902e-05
953 2.53333e-05
954 1.46823e-05
955 2.00347e-05
956 2.12863e-05
957 2.63993e-05
958 1.76241e-05
959 1.89848e-05
960 1.2136e-05
961 2.56435e-05
962 2.64091e-05
963 3.18395e-05
964 2.23431e-05
965 1.71741e-05
966 1.45596e-05
967 2.02065e-05
968 1.86207e-05
969 1.4566e-05
970 1.2975e-05
971 1.09901e-05
972 1.41325e-05
973 1.77089e-05
974 1.9239e-05
975 2.17089e-05
976 2.07195e-05
977 1.09627e-05
978 1.75628e-05
979 8.09216e-06
980 1.74032e-05
981 1.81058e-05
982 2.10702e-05
983 3.18821e-05
984 2.00533e-05
985 2.37229e-05
986 1.32209e-05
987 1.42154e-05
988 1.72351e-05
989 1.93641e-05
990 1.35809e-05
991 1.66921e-05
992 2.24965e-05
993 2.87165e-05
994 1.85114e-05
995 2.4029e-05
996 2.77206e-05
997 1.36333e-05
998 9.83876e-06
999 1.99189e-05
1000 1.92217e-05
1001 1.25217e-05
1002 1.82496e-05
1003 1.06099e-05
1004 1.79303e-05
1005 1.2465e-05
1006 2.182e-05
1007 2.81536e-05
1008 2.89457e-05
1009 1.81298e-05
1010 8.56257e-06
1011 2.00562e-05
1012 1.27441e-05
1013 9.3803e-06
1014 1.72779e-05
1015 2.13233e-05
1016 1.00544e-05
1017 1.70159e-05
1018 1.38714e-05
1019 1.9317e-05
1020 1.6551e-05
1021 2.09436e-05
1022 1.52695e-05
1023 5.94306e-06
1024 1.16678e-05
1025 1.2951e-05
1026 7.97827e-06
1027 7.27303e-06
1028 8.88676e-06
1029 1.22549e-05
1030 1.39541e-05
1031 1.9582e-05
1032 1.65588e-05
1033 1.40945e-05
1034 1.62814e-05
1035 8.06034e-06
1036 1.58332e-05
1037 2.02141e-05
1038 1.96033e-05
1039 1.60488e-05
1040 2.06699e-05
1041 2.28907e-05
1042 2.74355e-05
1043 2.18821e-05
1044 1.20457e-05
1045 2.3059e-05
1046 2.3989e-05
1047 2.70958e-05
1048 2.03021e-05
1049 1.21775e-05
1050 1.21922e-05
1051 9.27948e-06
1052 1.57859e-05
1053 1.57765e-05
1054 1.61161e-05
1055 1.87513e-05
1056 1.47124e-05
1057 9.04282e-06
1058 9.58986e-06
1059 1.7729e-05
1060 2.44637e-05
1061 2.22961e-05
1062 1.60678e-05
1063 1.51082e-05
1064 1.89978e-05
1065 1.86152e-05
1066 2.02878e-05
1067 3.19338e-05
1068 3.68966e-05
1069 3.60182e-05
1070 2.74122e-05
1071 1.97628e-05
1072 2.51417e-05
1073 2.07864e-05
1074 1.81399e-05
1075 1.75036e-05
1076 2.65319e-05
1077 1.78173e-05
1078 1.88118e-05
1079 1.63201e-05
1080 2.23581e-05
1081 1.78867e-05
1082 1.5443e-05
1083 7.21025e-06
1084 1.93404e-05
1085 1.76389e-05
1086 6.64489e-06
1087 2.07146e-05
1088 1.08944e-05
1089 7.87504e-06
1090 1.56954e-05
1091 1.17383e-05
1092 1.36325e-05
1093 1.63725e-05
1094 1.4076e-05
1095 1.12654e-05
1096 2.54112e-05
1097 1.95524e-05
1098 1.8104e-05
1099 1.0777e-05
1100 1.2772e-05
1101 1.86663e-05
1102 2.0835e-05
1103 1.28051e-05
1104 1.00328e-05
1105 1.59455e-05
1106 1.08404e-05
1107 1.53928e-05
1108 1.82222e-05
1109 2.29045e-05
1110 2.28375e-05
1111 9.05851e-06
1112 1.86406e-05
1113 1.35634e-05
1114 7.21203e-06
1115 1.25595e-05
1116 1.339e-05
1117 1.41621e-05
1118 8.18446e-06
1119 1.76831e-05
1120 2.00498e-05
1121 2.89268e-05
1122 1.95317e-05
1123 1.71008e-05
1124 2.36653e-05
1125 1.31789e-05
1126 1.75515e-05
1127 6.68055e-06
1128 4.60403e-06
1129 6.46499e-06
1130 7.36199e-06
1131 2.05188e-05
1132 2.21285e-05
1133 1.25898e-05
1134 1.23707e-05
1135 9.95357e-06
1136 1.37462e-05
1137 2.12026e-05
1138 2.53525e-05
1139 1.7876e-05
1140 1.16122e-05
1141 9.06377e-06
1142 1.2812e-05
1143 7.94957e-06
1144 1.51531e-05
1145 1.61535e-05
1146 1.67207e-05
1147 1.93499e-05
1148 2.22134e-05
1149 1.69152e-05
1150 1.12773e-05
1151 5.10095e-06
1152 6.99716e-06
1153 1.28027e-05
1154 1.02104e-05
1155 1.59575e-05
1156 1.34604e-05
1157 1.0946e-05
1158 1.68343e-05
1159 8.20287e-06
1160 1.08815e-05
1161 9.55722e-06
1162 2.12185e-05
1163 2.2955e-05
1164 1.93226e-05
1165 1.73008e-05
1166 1.3142e-05
1167 1.66974e-05
1168 1.07767e-05
1169 5.51002e-06
1170 5.75908e-06
1171 1.64453e-05
1172 1.14021e-05
1173 1.5961e-05
1174 8.27885e-06
1175 9.93844e-06
1176 7.23757e-06
1177 9.38536e-06
1178 2.12641e-05
1179 1.18597e-05
1180 1.46023e-05
1181 1.03858e-05
1182 2.66514e-05
1183 3.02469e-05
1184 1.10466e-05
1185 2.07493e-05
1186 1.63662e-05
1187 1.32763e-05
1188 1.404e-05
1189 1.43717e-05
1190 1.5814e-05
1191 1.20653e-05
1192 5.9321e-06
1193 1.18878e-05
1194 1.57843e-05
1195 1.10457e-05
1196 1.39312e-05
1197 2.93973e-05
1198 1.7067e-05
1199 1.11539e-05
1200 1.08335e-05
1201 1.86789e-05
1202 1.80083e-05
1203 1.44454e-05
1204 1.00089e-05
1205 2.70729e-05
1206 1.67964e-05
1207 1.27177e-05
1208 1.18312e-05
1209 2.15123e-05
1210 1.17416e-05
1211 1.47435e-05
1212 1.85733e-05
1213 1.70428e-05
1214 1.17233e-05
1215 1.25678e-05
1216 1.18891e-05
1217 1.05048e-05
1218 1.65295e-05
1219 1.96003e-05
1220 2.1709e-05
1221 1.89427e-05
1222 4.05536e-06
1223 2.24144e-05
1224 1.28654e-05
1225 1.75228e-05
1226 1.6061e-05
1227 6.25781e-06
1228 2.46495e-05
1229 1.58008e-05
1230 1.29353e-05
1231 1.47188e-05
1232 1.87449e-05
1233 2.09609e-05
1234 1.66203e-05
1235 7.90372e-06
1236 1.22211e-05
1237 1.18649e-05
1238 1.62588e-05
1239 2.4255e-05
1240 1.71796e-05
1241 1.26276e-05
1242 8.79003e-06
1243 1.14842e-05
1244 1.02982e-05
1245 1.4473e-05
1246 6.01708e-06
1247 1.53921e-05
1248 1.27984e-05
1249 1.00709e-05
1250 1.44812e-05
1251 9.54298e-06
1252 4.05749e-06
1253 8.37932e-06
1254 2.51504e-06
1255 1.33622e-05
1256 3.11425e-06
1257 5.98827e-06
1258 4.88882e-06
1259 9.41701e-06
1260 9.55481e-06
1261 1.68248e-05
1262 1.8768e-05
1263 1.54711e-05
1264 4.79633e-06
1265 1.65626e-05
1266 2.45705e-05
1267 1.72492e-05
1268 1.51525e-05
1269 6.25978e-06
1270 9.01127e-06
1271 1.27823e-05
1272 1.19838e-05
1273 9.187e-06
1274 1.49131e-05
1275 7.19399e-06
1276 1.67868e-05
1277 2.12367e-05
1278 1.60834e-05
1279 2.51843e-05
1280 1.49189e-05
1281 1.84105e-05
1282 1.80759e-05
1283 1.07971e-05
1284 1.17455e-05
1285 1.36693e-05
1286 4.44878e-06
1287 8.76571e-06
1288 1.04815e-05
1289 1.20981e-05
1290 1.34324e-05
1291 1.85891e-05
1292 1.75747e-05
1293 1.24365e-05
1294 1.30667e-05
1295 9.25228e-06
1296 1.55916e-05
1297 1.32881e-05
1298 1.20201e-05
1299 7.61071e-06
1300 1.27526e-05
1301 7.42248e-06
1302 6.563e-06
1303 1.24282e-05
1304 1.56447e-05
1305 2.1908e-05
1306 1.3038e-05
1307 8.71614e-06
1308 9.82529e-06
1309 1.38004e-05
1310 9.35194e-06
1311 6.72933e-06
1312 3.90425e-06
1313 2.12044e-05
1314 1.12889e-05
1315 1.00395e-05
1316 4.26363e-06
1317 1.29757e-05
1318 1.18488e-05
1319 1.49797e-05
1320 9.67432e-06
1321 2.28762e-05
1322 1.07492e-05
1323 2.91752e-05
1324 2.01061e-05
1325 1.18371e-05
1326 1.08987e-05
1327 8.81214e-06
1328 1.40652e-05
1329 6.32615e-06
1330 7.99335e-06
1331 1.53634e-05
1332 2.07559e-05
1333 1.02424e-05
1334 1.16154e-05
1335 2.60133e-05
1336 1.68691e-05
1337 1.72291e-05
1338 1.39567e-05
1339 9.12048e-06
1340 1.7052e-05
1341 7.67339e-06
1342 8.94662e-06
1343 1.39642e-05
1344 5.03615e-06
1345 1.09134e-05
1346 5.94275e-06
1347 9.44652e-06
1348 6.32571e-06
1349 1.26753e-05
1350 1.14895e-05
1351 1.39382e-05
1352 2.01468e-05
1353 8.67459e-06
1354 1.13037e-05
1355 5.59552e-06
1356 5.6788e-06
1357 7.28789e-06
1358 1.22119e-05
1359 1.30866e-05
1360 1.65325e-05
1361 1.11635e-05
1362 5.4028e-06
1363 1.0681e-05
1364 1.36242e-05
1365 1.30168e-05
1366 1.36593e-05
1367 9.02714e-06
1368 7.1531e-06
1369 2.31368e-05
1370 7.2138e-06
1371 2.99092e-06
1372 1.59562e-05
1373 1.56489e-05
1374 1.10096e-05
1375 1.40022e-05
1376 1.15039e-05
1377 1.11918e-05
1378 7.56997e-06
1379 7.16289e-06
1380 1.55877e-05
1381 1.70042e-05
1382 1.29039e-05
1383 2.42937e-05
1384 1.6032e-05
1385 1.53167e-05
1386 6.64765e-06
1387 6.04873e-06
1388 1.07253e-05
1389 8.69337e-06
1390 1.21151e-05
1391 5.62709e-06
1392 9.11411e-06
1393 7.80703e-06
1394 1.04541e-05
1395 8.89654e-06
1396 2.10481e-05
1397 1.33343e-05
1398 1.29172e-05
1399 1.52993e-05
1400 1.22826e-05
1401 1.26245e-05
1402 2.1282e-05
1403 2.59404e-05
1404 1.20493e-05
1405 1.33531e-05
1406 8.05605e-06
1407 1.65057e-05
1408 1.45779e-05
1409 7.03705e-06
1410 1.6144e-05
1411 1.03916e-05
1412 1.95071e-05
1413 1.53164e-05
1414 1.19587e-05
1415 1.71217e-05
1416 1.13369e-05
1417 2.20659e-05
1418 8.2245e-06
1419 1.56524e-05
1420 1.20503e-05
1421 2.82598e-05
1422 8.75167e-06
1423 1.10215e-05
1424 1.33444e-05
1425 1.32834e-05
1426 1.07675e-05
1427 1.35732e-05
1428 1.2838e-05
1429 8.9775e-06
1430 1.26977e-05
1431 1.2188e-05
1432 1.02721e-05
1433 1.36874e-05
1434 1.01501e-05
1435 8.16578e-06
1436 1.07874e-05
1437 2.11228e-05
1438 1.0384e-05
1439 1.88175e-05
1440 1.64336e-05
1441 1.01449e-05
1442 1.4435e-05
1443 5.0849e-06
1444 5.39816e-06
1445 1.80087e-05
1446 1.46303e-05
1447 1.29833e-05
1448 6.92283e-06
1449 7.25547e-06
1450 1.67496e-05
1451 2.04614e-05
1452 8.17051e-06
1453 9.25939e-06
1454 1.09698e-05
1455 1.42788e-05
1456 1.23254e-05
1457 1.15199e-05
1458 1.20204e-05
1459 6.32031e-06
1460 9.23378e-06
1461 1.45001e-05
1462 9.55492e-06
1463 1.30369e-05
1464 7.47169e-06
1465 2.43583e-05
1466 1.03856e-05
1467 9.61182e-06
1468 1.13503e-05
1469 1.20343e-05
1470 1.03959e-05
1471 1.18526e-05
1472 1.31317e-05
1473 1.38891e-05
1474 8.91359e-06
1475 7.22513e-06
1476 1.01389e-05
1477 6.10623e-06
1478 6.81128e-06
1479 5.94729e-06
1480 1.33824e-05
1481 2.30158e-05
1482 1.82433e-05
1483 1.06898e-05
1484 1.5112e-05
1485 1.36971e-05
1486 9.43538e-06
1487 1.54393e-05
1488 5.82502e-06
1489 9.16857e-06
1490 4.8096e-06
1491 9.06754e-06
1492 8.8983e-06
1493 1.28776e-05
1494 1.70359e-05
1495 9.13646e-06
1496 7.97122e-06
1497 8.15064e-06
1498 5.39344e-06
1499 4.25301e-06
1500 2.38014e-06
1501 7.93729e-06
1502 7.0981e-06
1503 1.38265e-05
1504 1.27456e-05
1505 7.45795e-06
1506 7.16203e-06
1507 1.28528e-05
1508 1.29034e-05
1509 1.14466e-05
1510 3.11822e-06
1511 1.36375e-05
1512 4.40956e-06
1513 7.69483e-06
1514 7.69218e-06
1515 1.14428e-05
1516 1.24942e-05
1517 1.46285e-05
1518 1.06143e-05
1519 1.3296e-05
1520 1.47776e-05
1521 9.26217e-06
1522 1.57089e-05
1523 1.70927e-05
1524 2.3591e-05
1525 2.25752e-05
1526 7.1138e-06
1527 2.24618e-06
1528 1.4713e-05
1529 4.02064e-06
1530 7.66698e-06
1531 9.77869e-06
1532 5.26875e-06
1533 8.80273e-06
1534 1.39446e-05
1535 1.7682e-05
1536 1.37111e-05
1537 8.85266e-06
1538 1.39645e-05
1539 1.14467e-05
1540 5.20404e-06
1541 1.22887e-05
1542 1.28654e-05
1543 8.61194e-06
1544 4.81076e-06
1545 1.9162e-05
1546 9.89483e-06
1547 4.71037e-06
1548 1.56168e-05
1549 1.49609e-05
1550 2.58037e-05
1551 9.50612e-06
1552 1.5933e-05
1553 6.35584e-06
1554 5.03988e-06
1555 2.69462e-06
1556 1.05396e-05
1557 6.94266e-06
1558 1.23438e-05
1559 1.08749e-05
1560 8.02917e-06
1561 7.0706e-06
1562 1.48094e-05
1563 1.19631e-05
1564 4.47607e-06
1565 8.00739e-06
1566 8.20549e-06
1567 1.29696e-05
1568 6.38245e-06
1569 1.59325e-05
1570 1.11287e-05
1571 1.10803e-05
1572 1.44618e-05
1573 9.19501e-06
1574 1.16212e-05
1575 7.67931e-06
1576 1.2566e-05
1577 3.59839e-06
1578 1.98822e-05
1579 1.34884e-05
1580 5.04822e-06
1581 8.60767e-06
1582 1.69488e-05
1583 1.13962e-05
1584 1.28864e-05
1585 4.7278e-06
1586 1.02542e-05
1587 1.37573e-05
1588 1.69363e-05
1589 9.66648e-06
1590 1.36143e-05
1591 1.52222e-05
1592 1.14128e-05
1593 1.77567e-05
1594 1.9774e-05
1595 1.23828e-05
1596 1.09602e-05
1597 1.32015e-05
1598 5.22301e-06
1599 1.26506e-05
1600 1.12511e-05
1601 1.48467e-05
1602 1.07443e-05
1603 6.0927e-06
1604 1.06085e-05
1605 1.80878e-05
1606 2.35034e-05
1607 1.18673e-05
1608 8.48746e-06
1609 2.01552e-05
1610 1.34067e-05
1611 7.41892e-06
1612 7.78575e-06
1613 9.43695e-06
1614 1.4126e-05
1615 5.06148e-06
1616 4.81439e-06
1617 1.84728e-05
1618 1.48973e-05
1619 1.90602e-05
1620 6.96979e-06
1621 1.28339e-05
1622 1.1697e-05
1623 1.09054e-05
1624 4.97531e-06
1625 6.24872e-06
1626 2.9429e-06
1627 9.16098e-06
1628 7.87931e-06
1629 7.00031e-06
1630 9.66246e-06
1631 1.68257e-05
1632 1.17717e-05
1633 1.23273e-05
1634 7.00159e-06
1635 2.88907e-06
1636 1.12942e-05
1637 7.58514e-06
1638 8.87815e-06
1639 7.08641e-06
1640 1.51244e-05
1641 8.67828e-06
1642 1.04863e-05
1643 1.29145e-05
1644 1.2039e-05
1645 7.89969e-06
1646 1.62992e-05
1647 9.26925e-06
1648 9.27349e-06
1649 9.14116e-06
1650 5.25755e-06
1651 5.17085e-06
1652 1.27739e-05
1653 5.69158e-06
1654 7.02936e-06
1655 1.74722e-05
1656 1.36893e-05
1657 6.76368e-06
1658 2.1675e-06
1659 1.27473e-05
1660 5.59292e-06
1661 3.22508e-06
1662 1.84149e-05
1663 8.83614e-06
1664 8.18834e-06
1665 5.62961e-06
1666 6.36483e-06
1667 3.06279e-06
1668 8.87132e-06
1669 7.88636e-06
1670 7.75704e-06
1671 1.59867e-06
1672 8.95571e-06
1673 4.42641e-06
1674 2.27791e-06
1675 1.22223e-05
1676 5.54608e-06
1677 1.35824e-05
1678 1.04434e-05
1679 1.46236e-05
1680 1.16783e-05
1681 1.02466e-05
1682 4.53788e-06
1683 8.17017e-06
1684 1.93161e-06
1685 1.58042e-05
1686 1.54275e-05
1687 7.29521e-06
1688 1.1887e-05
1689 1.30499e-05
1690 6.73263e-06
1691 1.34249e-05
1692 1.01811e-05
1693 1.53213e-05
1694 9.71086e-06
1695 1.57261e-05
1696 9.94315e-06
1697 9.15906e-06
1698 9.87427e-06
1699 8.16914e-06
1700 2.60487e-06
1701 6.1086e-06
1702 5.43549e-06
1703 6.92929e-06
1704 1.33896e-05
1705 1.73513e-06
1706 1.31912e-05
1707 1.09095e-05
1708 9.66463e-06
1709 7.17191e-06
1710 6.64013e-06
1711 4.44032e-06
1712 6.03118e-06
1713 7.25876e-06
1714 4.9162e-06
1715 3.1891e-06
1716 4.78761e-06
1717 6.53829e-06
1718 7.11648e-06
1719 3.08629e-06
1720 1.69688e-06
1721 4.63188e-06
1722 8.63835e-06
1723 6.30048e-06
1724 6.89552e-06
1725 8.84813e-06
1726 5.34823e-06
1727 7.13658e-06
1728 1.81078e-05
1729 8.23355e-06
1730 9.11768e-06
1731 5.46921e-06
1732 8.27988e-06
1733 1.54974e-05
1734 5.52313e-06
1735 6.50728e-06
1736 1.29042e-05
1737 9.70785e-06
1738 8.47949e-06
1739 4.31571e-06
1740 7.91099e-06
1741 1.05234e-05
1742 8.84833e-06
1743 1.00696e-05
1744 6.97906e-06
1745 1.55028e-05
1746 1.64163e-05
1747 3.39238e-06
1748 1.32673e-05
1749 1.91301e-05
1750 1.38243e-05
1751 1.2103e-05
1752 5.84817e-06
1753 1.08693e-05
1754 1.85896e-05
1755 9.53008e-06
1756 1.2756e-05
1757 1.00262e-05
1758 9.63154e-06
1759 1.63601e-05
1760 1.10762e-05
1761 6.58342e-06
1762 8.45176e-06
1763 4.80545e-06
1764 1.08865e-05
1765 1.08211e-05
1766 7.61955e-06
1767 1.6162e-05
1768 1.57613e-05
1769 1.06839e-05
1770 2.66094e-06
1771 3.34818e-06
1772 3.44457e-06
1773 7.89366e-06
1774 7.72883e-06
1775 1.17721e-05
1776 1.12832e-05
1777 6.13987e-06
1778 7.65053e-06
1779 1.37721e-05
1780 6.72135e-06
1781 5.21109e-06
1782 9.48399e-06
1783 1.04054e-05
1784 4.43034e-06
1785 3.66482e-06
1786 5.31735e-06
1787 4.80991e-06
1788 6.08693e-06
1789 6.39247e-06
1790 3.0168e-06
1791 3.36647e-06
1792 3.79764e-06
1793 3.76732e-06
1794 8.27209e-06
1795 5.50168e-06
1796 7.25674e-06
1797 6.35468e-06
1798 9.83061e-06
1799 8.43322e-06
1800 4.8089e-06
1801 3.36832e-06
1802 1.23823e-05
1803 3.30257e-06
1804 8.88003e-06
1805 8.27005e-06
1806 9.35825e-06
1807 6.06621e-06
1808 6.80632e-06
1809 4.8835e-06
1810 7.05412e-06
1811 4.07123e-06
1812 3.86333e-06
1813 4.01197e-06
1814 1.53957e-06
1815 1.06068e-05
1816 6.9869e-06
1817 1.17066e-05
1818 7.41324e-06
1819 2.36312e-06
1820 4.2064e-06
1821 5.33145e-06
1822 1.2852e-06
1823 1.20067e-05
1824 1.25393e-05
1825 6.36008e-06
1826 6.77982e-06
1827 8.71725e-06
1828 7.4417e-06
1829 8.40527e-06
1830 3.80145e-06
1831 5.94463e-06
1832 1.23337e-05
1833 6.87109e-06
1834 1.60015e-05
1835 8.3307e-06
1836 6.5728e-06
1837 6.49605e-06
1838 8.78481e-06
1839 1.58184e-05
1840 1.16447e-05
1841 9.28385e-06
1842 7.54288e-06
1843 1.06658e-05
1844 3.99269e-06
1845 8.16304e-06
1846 6.99416e-06
1847 5.98848e-06
1848 5.25892e-06
1849 8.23205e-06
1850 8.04754e-06
1851 8.52933e-06
1852 2.326e-06
1853 9.9225e-06
1854 7.49461e-06
1855 2.81557e-06
1856 6.63813e-06
1857 7.93198e-06
1858 1.01344e-05
1859 4.28477e-06
1860 3.73133e-06
1861 7.23834e-06
1862 6.98506e-06
1863 1.34263e-05
1864 1.89138e-05
1865 6.59182e-06
1866 8.41941e-06
1867 1.07808e-05
1868 6.35641e-06
1869 5.61606e-06
1870 1.69259e-05
1871 1.61359e-05
1872 9.00601e-06
1873 5.45653e-06
1874 5.2468e-06
1875 6.30499e-06
1876 7.88659e-06
1877 5.78679e-06
1878 1.26241e-05
1879 9.94073e-06
1880 1.56674e-05
1881 6.1664e-06
1882 1.00876e-05
1883 5.32046e-06
1884 7.03149e-06
1885 8.11341e-06
1886 6.71808e-06
1887 1.13953e-05
1888 7.88023e-06
1889 1.03578e-05
1890 5.86288e-06
1891 3.04845e-06
1892 1.00512e-05
1893 1.079e-05
1894 8.48702e-06
1895 5.11506e-06
1896 1.75421e-05
1897 1.19152e-05
1898 6.70095e-06
1899 5.16091e-06
1900 7.87568e-06
1901 2.2849e-06
1902 5.70129e-06
1903 3.60607e-06
1904 6.75412e-06
1905 1.12662e-05
1906 1.59025e-05
1907 7.914e-06
1908 4.62557e-06
1909 7.20676e-06
1910 3.23769e-06
1911 3.36668e-06
1912 4.7672e-06
1913 8.7983e-06
1914 1.10695e-05
1915 6.53225e-06
1916 7.33309e-06
1917 7.0685e-06
1918 6.38757e-06
1919 1.02466e-05
1920 5.68248e-06
1921 1.14169e-05
1922 6.69311e-06
1923 5.65042e-06
1924 9.86144e-06
1925 6.93338e-06
1926 8.65193e-06
1927 1.02844e-05
1928 8.61177e-06
1929 5.74692e-06
1930 8.19373e-06
1931 5.74857e-06
1932 3.65193e-06
1933 7.67604e-06
1934 4.74403e-06
1935 2.42416e-06
1936 1.79587e-06
1937 4.96754e-06
1938 7.68224e-06
1939 9.43378e-06
1940 8.69511e-06
1941 1.14678e-05
1942 1.53565e-05
1943 1.56049e-05
1944 5.22718e-06
1945 1.58231e-05
1946 6.7193e-06
1947 8.40229e-06
1948 1.09651e-05
1949 4.76498e-06
1950 5.16835e-06
1951 1.19635e-06
1952 3.42419e-06
1953 7.74605e-06
1954 3.58228e-06
1955 5.08997e-06
1956 9.07581e-06
1957 5.56082e-06
1958 5.47932e-06
1959 4.01172e-06
1960 1.34986e-06
1961 7.19712e-06
1962 7.14386e-06
1963 5.4201e-06
1964 6.84828e-06
1965 3.70931e-06
1966 5.31488e-06
1967 1.03172e-05
1968 8.48916e-06
1969 5.40664e-06
1970 4.41876e-06
1971 8.55128e-06
1972 4.28447e-06
1973 3.44079e-06
1974 5.76118e-06
1975 4.70959e-06
1976 9.49076e-06
1977 1.16673e-05
1978 9.30941e-06
1979 1.73189e-05
1980 6.8704e-06
1981 5.81448e-06
1982 1.03928e-05
1983 7.91714e-06
1984 6.55894e-06
1985 2.87184e-06
1986 2.03975e-06
1987 1.49823e-05
1988 5.84908e-06
1989 7.5422e-06
1990 7.71337e-06
1991 9.58545e-06
1992 7.37824e-06
1993 4.46452e-06
1994 6.4982e-06
1995 1.33353e-05
1996 4.91805e-06
1997 3.61778e-06
1998 5.45889e-06
1999 2.55618e-06
2000 1.37012e-06
2001 4.16694e-06
2002 2.91476e-06
2003 6.62207e-06
2004 9.08071e-06
2005 1.138e-05
2006 3.02753e-06
2007 9.66246e-06
2008 3.90824e-06
2009 1.38752e-05
2010 7.61132e-06
2011 1.51312e-05
2012 9.5909e-06
2013 1.55733e-05
2014 8.73521e-06
2015 1.30199e-05
2016 1.1094e-05
2017 1.20694e-05
2018 2.09006e-05
2019 9.15948e-06
2020 4.65839e-06
2021 6.76181e-06
2022 2.74915e-06
2023 8.89665e-06
2024 1.00846e-05
2025 8.04832e-06
2026 9.02928e-06
2027 9.50038e-06
2028 4.96603e-06
2029 4.80479e-06
2030 3.21729e-06
2031 9.84249e-06
2032 7.28501e-06
2033 1.19798e-05
2034 1.24606e-05
2035 1.52606e-05
2036 1.32991e-05
2037 7.15403e-06
2038 1.48757e-05
2039 5.81166e-06
2040 1.01287e-05
2041 5.70488e-06
2042 3.00401e-06
2043 1.01629e-05
2044 1.54937e-05
2045 4.77483e-06
2046 6.41145e-06
2047 4.1488e-06
2048 1.81097e-06
2049 7.69822e-06
2050 1.16157e-05
2051 4.00807e-06
2052 9.28698e-06
2053 4.67998e-06
2054 1.19511e-06
2055 3.14388e-06
2056 1.1103e-05
2057 7.93738e-06
2058 2.50539e-06
2059 3.10823e-06
2060 6.23316e-06
2061 4.84818e-06
2062 6.14511e-06
2063 4.10346e-06
2064 5.01788e-06
2065 9.86191e-06
2066 5.92432e-06
2067 2.55387e-06
2068 5.8397e-06
2069 7.94833e-06
2070 9.21188e-06
2071 5.05086e-06
2072 7.18901e-06
2073 7.93241e-06
2074 7.19331e-06
2075 8.31116e-06
2076 3.97761e-06
2077 8.58887e-06
2078 5.12957e-06
2079 6.85375e-06
2080 1.46005e-05
2081 1.12304e-05
2082 4.16414e-06
2083 6.44136e-06
2084 9.78504e-06
2085 5.83257e-06
2086 5.09929e-06
2087 5.71441e-06
2088 1.12862e-05
2089 4.52208e-07
2090 2.85478e-06
2091 2.33721e-06
2092 7.47986e-06
2093 4.68453e-06
2094 6.76231e-06
2095 9.47699e-06
2096 9.49771e-06
2097 2.75918e-06
2098 4.82964e-06
2099 5.89637e-06
2100 6.39244e-06
2101 2.36187e-06
2102 1.25911e-05
2103 4.00011e-06
2104 3.91869e-06
2105 1.2044e-05
2106 1.24168e-05
2107 4.21015e-06
2108 1.29918e-06
2109 2.21737e-06
2110 1.30862e-05
2111 8.55335e-06
2112 3.53583e-06
2113 1.11946e-05
2114 8.57635e-06
2115 7.34441e-06
2116 4.10761e-06
2117 8.47739e-06
2118 8.02772e-06
2119 2.91963e-06
2120 4.81831e-06
2121 6.15669e-06
2122 1.0521e-05
2123 3.92553e-06
2124 4.73074e-06
2125 1.01143e-05
2126 3.68137e-06
2127 2.01162e-05
2128 1.07216e-05
2129 1.30326e-05
2130 4.84424e-06
2131 2.43391e-06
2132 4.22675e-06
2133 5.59099e-06
2134 5.03338e-06
2135 6.7956e-06
2136 1.72758e-06
2137 4.3599e-06
2138 3.60261e-06
2139 7.55819e-06
2140 7.64285e-06
2141 4.75325e-06
2142 2.10604e-06
2143 3.37408e-06
2144 1.20126e-06
2145 1.24055e-06
2146 2.0854e-06
2147 2.00702e-05
2148 1.84162e-05
2149 6.76312e-06
2150 1.3895e-05
2151 4.83619e-06
2152 4.65042e-06
2153 1.4533e-05
2154 5.38259e-06
2155 7.08052e-06
2156 1.34196e-05
2157 3.9205e-06
2158 6.27603e-06
2159 3.5767e-06
2160 2.78292e-06
2161 1.80606e-06
2162 2.11111e-06
2163 6.33615e-06
2164 4.41392e-06
2165 1.74195e-06
2166 5.47629e-06
2167 1.49128e-05
2168 7.77688e-06
2169 2.84872e-06
2170 7.27003e-06
2171 8.27631e-06
2172 3.03253e-06
2173 2.6299e-06
2174 1.3875e-06
2175 5.74335e-06
2176 7.27167e-06
2177 8.22625e-06
2178 6.64858e-06
2179 4.07502e-06
2180 7.47679e-06
2181 6.90751e-06
2182 3.66878e-06
2183 4.93723e-06
2184 3.17604e-06
2185 2.64017e-06
2186 3.85692e-06
2187 6.66817e-06
2188 2.72402e-06
2189 2.71595e-06
2190 6.28666e-06
2191 1.35445e-05
2192 9.9959e-06
2193 4.56643e-06
2194 8.98371e-06
2195 7.08171e-06
2196 7.61714e-06
2197 6.41377e-06
2198 9.70247e-06
2199 3.43068e-06
2200 7.67131e-06
2201 9.8655e-06
2202 3.16417e-06
2203 1.10413e-05
2204 5.36812e-06
2205 2.41219e-06
2206 8.33878e-06
2207 7.09445e-06
2208 1.00156e-05
2209 7.24762e-06
2210 1.42741e-05
2211 9.56592e-06
2212 6.54777e-06
2213 8.17067e-06
2214 4.13215e-06
2215 2.7023e-06
2216 1.0605e-05
2217 4.98582e-06
2218 7.07908e-06
2219 3.40828e-06
2220 1.2531e-06
2221 8.18948e-07
2222 5.54153e-06
2223 1.09834e-05
2224 1.19079e-05
2225 1.04336e-05
2226 1.19983e-05
2227 5.64941e-06
2228 7.54981e-06
2229 4.89558e-06
2230 6.9797e-06
2231 4.53732e-06
2232 2.27796e-06
2233 6.97063e-06
2234 1.0507e-05
2235 3.4349e-06
2236 4.65615e-06
2237 3.80738e-06
2238 3.79555e-06
2239 5.20709e-06
2240 3.96403e-06
2241 8.65732e-06
2242 8.68497e-06
2243 1.20985e-05
2244 5.17676e-06
2245 6.76456e-06
2246 5.16872e-06
2247 9.29378e-06
2248 1.38233e-05
2249 1.56709e-05
2250 2.08909e-06
2251 1.15448e-05
2252 9.24097e-06
2253 8.34233e-06
2254 8.26764e-06
2255 7.71127e-06
2256 4.82516e-06
2257 5.0226e-06
2258 3.43927e-06
2259 3.89379e-06
2260 7.64689e-06
2261 8.12711e-06
2262 4.78861e-06
2263 4.6751e-06
2264 3.84628e-06
2265 1.19387e-05
2266 8.39758e-06
2267 5.02949e-06
2268 5.1616e-06
2269 1.89631e-06
2270 1.75318e-06
2271 1.09782e-06
2272 2.87642e-06
2273 5.62893e-06
2274 7.85623e-06
2275 3.72975e-06
2276 8.35597e-06
2277 3.10818e-06
2278 1.57045e-06
2279 7.6458e-06
2280 6.42448e-06
2281 1.83946e-06
2282 1.58272e-05
2283 5.85326e-06
2284 1.17427e-05
2285 6.25199e-06
2286 4.56059e-06
2287 3.72721e-06
2288 7.93714e-06
2289 6.37898e-06
2290 9.62829e-06
2291 7.51388e-06
2292 1.05092e-05
2293 1.0229e-05
2294 8.84738e-06
2295 5.61345e-06
2296 1.18991e-06
2297 1.76302e-06
2298 1.03004e-05
2299 7.49779e-06
2300 5.90075e-06
2301 2.22385e-06
2302 3.47849e-06
2303 8.76131e-06
2304 6.35541e-06
2305 3.75251e-06
2306 3.51834e-06
2307 2.78786e-06
2308 1.94385e-06
2309 2.11972e-06
2310 5.22331e-06
2311 6.56371e-06
2312 2.43779e-06
2313 2.17193e-06
2314 4.37744e-06
2315 7.02641e-06
2316 1.75726e-06
2317 3.4279e-06
2318 7.54966e-06
2319 2.85792e-06
2320 9.06935e-06
2321 4.46201e-06
2322 1.02876e-05
2323 3.46274e-06
2324 3.75941e-06
2325 6.41686e-06
2326 4.47576e-06
2327 2.77557e-06
2328 3.34957e-06
2329 3.49626e-06
2330 1.05935e-05
2331 5.92624e-06
2332 5.20604e-06
2333 3.29413e-06
2334 3.97307e-06
2335 1.03095e-05
2336 1.79672e-05
2337 1.73644e-05
2338 1.21267e-05
2339 1.67546e-05
2340 5.64684e-06
2341 4.78119e-06
2342 9.16654e-06
2343 4.12171e-06
2344 1.90319e-06
2345 1.39184e-06
2346 9.38888e-06
2347 7.65209e-06
2348 6.26167e-06
2349 6.18573e-06
2350 6.25323e-06
2351 5.71874e-06
2352 5.12847e-06
2353 3.0562e-06
2354 2.3524e-06
2355 7.34254e-06
2356 3.202e-06
2357 8.41994e-07
2358 5.49818e-06
2359 3.88664e-06
2360 1.04204e-05
2361 7.51063e-06
2362 1.09783e-05
2363 1.05456e-05
2364 1.4307e-05
2365 9.53223e-06
2366 1.02347e-05
2367 5.24021e-06
2368 8.86512e-06
2369 4.39793e-06
2370 5.93444e-06
2371 6.29675e-06
2372 2.4518e-06
2373 3.15586e-06
2374 9.49351e-06
2375 6.98619e-06
2376 2.9568e-06
2377 6.94504e-06
2378 1.11929e-05
2379 8.97228e-06
2380 7.3317e-06
2381 5.99668e-06
2382 1.5336e-06
2383 4.33288e-06
2384 5.91283e-06
2385 8.3638e-06
2386 5.35607e-06
2387 5.01086e-06
2388 8.6137e-06
2389 5.05429e-06
2390 1.44134e-05
2391 8.64147e-06
2392 8.82201e-06
2393 8.71334e-06
2394 5.93658e-06
2395 4.35404e-06
2396 2.18621e-06
2397 8.04623e-07
2398 2.69843e-06
2399 2.12558e-06
2400 9.77643e-06
2401 3.83972e-06
2402 6.47613e-06
2403 1.83985e-06
2404 9.31126e-06
2405 2.06027e-06
2406 4.09741e-06
2407 1.10176e-05
2408 7.32023e-06
2409 9.14602e-06
2410 5.46399e-06
2411 5.70677e-06
2412 3.1203e-06
2413 7.56384e-06
2414 6.41803e-06
2415 6.36468e-06
2416 6.25002e-06
2417 5.57418e-06
2418 5.06429e-06
2419 6.40163e-06
2420 1.6049e-06
2421 1.58904e-05
2422 7.11616e-06
2423 8.47716e-06
2424 5.67274e-06
2425 7.48538e-06
2426 2.07181e-06
2427 8.88122e-06
2428 7.81701e-06
2429 4.80751e-06
2430 1.50427e-06
2431 6.56816e-06
2432 6.21432e-06
2433 7.97046e-06
2434 1.20274e-05
2435 4.37868e-06
2436 2.28153e-06
2437 9.05651e-06
2438 8.9607e-06
2439 8.79297e-06
2440 2.34016e-06
2441 5.49882e-06
2442 3.61512e-06
2443 3.52302e-06
2444 9.33771e-06
2445 7.86439e-06
2446 2.45832e-06
2447 1.68968e-06
2448 3.84891e-07
2449 7.05163e-06
2450 6.64813e-07
2451 1.33724e-05
2452 6.52747e-06
2453 6.77357e-06
2454 3.56269e-06
2455 5.08064e-06
2456 2.51648e-06
2457 3.71186e-06
2458 1.23749e-05
2459 9.37113e-06
2460 6.72911e-06
2461 4.6747e-06
2462 2.26951e-06
2463 3.19603e-06
2464 6.87895e-06
2465 2.9766e-06
2466 8.81626e-06
2467 1.31747e-05
2468 8.73665e-06
2469 3.38604e-06
2470 3.17682e-06
2471 3.79154e-06
2472 6.85463e-06
2473 9.01929e-06
2474 7.00422e-06
2475 8.30212e-06
2476 3.14416e-06
2477 4.93463e-06
2478 6.90483e-06
2479 2.0397e-06
2480 2.94855e-06
2481 9.8845e-06
2482 6.92992e-06
2483 1.1397e-05
2484 4.14309e-06
2485 3.2765e-06
2486 5.26486e-07
2487 9.63014e-07
2488 2.06969e-06
2489 2.2727e-06
2490 4.71181e-06
2491 8.31931e-06
2492 1.80111e-06
2493 6.67458e-06
2494 9.6675e-06
2495 3.85976e-06
2496 6.96392e-06
2497 2.64333e-06
2498 2.67215e-06
2499 3.59829e-06
2500 1.01568e-05
2501 9.39259e-07
2502 1.44487e-05
2503 1.10651e-05
2504 1.01678e-05
2505 2.49913e-06
2506 7.15014e-06
2507 3.83617e-06
2508 6.89714e-06
2509 3.9025e-06
2510 3.39674e-06
2511 3.05478e-06
2512 7.38238e-06
2513 6.82775e-06
2514 3.1276e-06
2515 1.96784e-06
2516 8.18121e-07
2517 4.22435e-06
2518 6.44529e-06
2519 4.06723e-06
2520 6.62621e-06
2521 1.39464e-05
2522 1.39085e-05
2523 1.12796e-05
2524 6.44883e-06
2525 7.18612e-06
2526 3.50149e-06
2527 7.92687e-06
2528 2.69352e-06
2529 9.83707e-06
2530 7.77428e-06
2531 4.39048e-06
2532 3.14891e-06
2533 1.94182e-06
2534 3.60731e-06
2535 3.51324e-06
2536 3.21069e-06
2537 5.83996e-06
2538 4.2447e-06
2539 3.2539e-06
2540 1.95853e-06
2541 5.32992e-06
2542 2.59766e-06
2543 1.58224e-06
2544 7.17354e-07
2545 7.07597e-06
2546 3.35513e-06
2547 2.39408e-06
2548 5.49301e-06
2549 8.55545e-06
2550 4.22704e-06
2551 6.72451e-06
2552 2.9411e-06
2553 2.8527e-06
2554 2.018e-06
2555 7.1499e-06
2556 3.84338e-06
2557 1.89937e-06
2558 5.98136e-07
2559 2.15499e-06
2560 5.06085e-06
2561 2.03519e-06
2562 6.39563e-06
2563 4.948e-06
2564 3.04224e-06
2565 1.11187e-05
2566 5.19015e-06
2567 9.46e-06
2568 5.62685e-06
2569 1.86868e-06
2570 1.28069e-06
2571 1.09392e-05
2572 7.95578e-06
2573 4.79584e-06
2574 1.31389e-05
2575 5.59524e-06
2576 7.46598e-06
2577 7.30157e-06
2578 5.65217e-06
2579 1.00552e-05
2580 1.05884e-05
2581 6.99341e-06
2582 5.30833e-06
2583 9.26246e-06
2584 1.49877e-05
2585 8.36501e-06
2586 1.22766e-05
2587 5.72834e-06
2588 4.05594e-06
2589 9.0892e-06
2590 8.17501e-06
2591 8.98965e-06
2592 1.82331e-06
2593 4.49887e-06
2594 1.31257e-06
2595 7.61074e-06
2596 4.24728e-06
2597 1.07915e-06
2598 7.30541e-06
2599 6.16198e-06
2600 3.24947e-06
2601 1.60873e-06
2602 3.02303e-06
2603 6.85035e-07
2604 2.12093e-06
2605 2.51168e-06
2606 4.34451e-06
2607 4.10392e-06
2608 2.47284e-06
2609 3.72936e-06
2610 6.06492e-06
2611 2.65051e-06
2612 7.62866e-06
2613 7.12656e-06
2614 1.01373e-05
2615 4.63294e-06
2616 2.45121e-06
2617 6.14952e-06
2618 5.00154e-06
2619 1.16434e-05
2620 9.22711e-06
2621 1.38183e-06
2622 4.85779e-06
2623 3.84501e-06
2624 5.24408e-06
2625 3.0791e-06
2626 5.32846e-06
2627 3.36274e-06
2628 2.45226e-06
2629 7.05403e-06
2630 3.26925e-06
2631 4.20369e-06
2632 6.88917e-06
2633 1.23111e-06
2634 1.17324e-06
2635 4.79963e-06
2636 6.2955e-06
2637 3.06761e-06
2638 1.65599e-06
2639 4.89117e-06
2640 2.73075e-06
2641 1.73748e-06
2642 5.01895e-06
2643 8.72752e-06
2644 1.28668e-05
2645 3.26958e-06
2646 5.78715e-06
2647 2.08606e-06
2648 4.50856e-06
2649 8.32456e-06
2650 6.01301e-06
2651 5.14783e-06
2652 6.36134e-06
2653 5.64226e-06
2654 3.333e-06
2655 2.36263e-06
2656 2.40305e-06
2657 7.4828e-06
2658 1.11532e-06
2659 1.32275e-05
2660 1.09112e-05
2661 8.11947e-06
2662 7.99968e-06
2663 1.86199e-06
2664 1.16042e-05
2665 8.36028e-06
2666 5.22333e-06
2667 1.15239e-05
2668 5.20041e-06
2669 2.49236e-06
2670 7.87698e-06
2671 1.86021e-05
2672 1.29248e-05
2673 1.26367e-05
2674 9.93449e-06
2675 4.95021e-06
2676 1.94601e-06
2677 7.59714e-07
2678 6.17471e-06
2679 6.60281e-06
2680 7.20632e-06
2681 5.95739e-06
2682 4.2306e-06
2683 5.17746e-06
2684 3.68981e-06
2685 5.66278e-06
2686 3.56702e-06
2687 6.42634e-06
2688 6.61177e-06
2689 1.24406e-06
2690 7.82156e-06
2691 2.75584e-06
2692 4.75895e-06
2693 6.39769e-06
2694 6.94465e-06
2695 1.51429e-06
2696 3.20338e-06
2697 1.11705e-06
2698 2.07949e-06
2699 4.99641e-06
2700 4.66016e-06
2701 9.96464e-07
2702 1.95632e-06
2703 5.67444e-06
2704 7.75239e-06
2705 4.71001e-06
2706 2.03857e-06
2707 8.26372e-06
2708 1.05519e-05
2709 4.91209e-06
2710 8.05461e-06
2711 4.98697e-06
2712 1.11141e-05
2713 5.47208e-06
2714 9.29899e-06
2715 7.68725e-06
2716 3.65718e-06
2717 6.41503e-06
2718 4.11584e-06
2719 9.59254e-06
2720 4.53838e-06
2721 4.39663e-06
2722 3.43952e-06
2723 5.24321e-06
2724 2.1649e-06
2725 1.40716e-06
2726 4.64405e-06
2727 4.34877e-06
2728 1.84789e-06
2729 4.94777e-06
2730 2.44486e-06
2731 9.55903e-07
2732 3.37663e-06
2733 7.48659e-06
2734 2.03253e-06
2735 1.47624e-06
2736 3.7894e-06
2737 1.60895e-06
2738 1.95872e-06
2739 5.20403e-06
2740 6.05875e-06
2741 8.86168e-06
2742 6.12988e-06
2743 4.76365e-06
2744 9.711e-07
2745 1.82057e-05
2746 1.33502e-05
2747 7.62353e-06
2748 2.17782e-06
2749 3.03677e-06
2750 2.63457e-06
2751 9.07703e-06
2752 6.43375e-06
2753 5.82406e-06
2754 8.65867e-06
2755 7.86629e-06
2756 7.3687e-06
2757 3.05989e-06
2758 4.84173e-06
2759 7.26888e-06
2760 2.96336e-06
2761 5.71447e-06
2762 3.7311e-06
2763 4.22101e-06
2764 1.04029e-06
2765 5.86403e-06
2766 1.71659e-06
2767 2.90988e-06
2768 7.64952e-06
2769 4.50847e-06
2770 1.94589e-06
2771 2.70272e-06
2772 5.80615e-06
2773 3.0796e-06
2774 4.55185e-06
2775 2.23754e-06
2776 4.77382e-06
2777 4.21113e-06
2778 6.43685e-06
2779 5.30786e-06
2780 9.36405e-06
2781 1.90433e-06
2782 1.06552e-06
2783 2.90588e-06
2784 4.19989e-06
2785 5.46476e-06
2786 3.64442e-06
2787 5.63054e-06
2788 1.26859e-05
2789 5.8558e-06
2790 1.23591e-06
2791 2.27651e-07
2792 2.38097e-06
2793 9.11533e-06
2794 1.92096e-06
2795 4.62583e-06
2796 5.14573e-06
2797 5.98729e-06
2798 3.53079e-06
2799 1.4326e-06
2800 1.05468e-06
2801 3.72185e-06
2802 5.1207e-06
2803 3.53613e-06
2804 3.19536e-06
2805 5.44551e-06
2806 4.36834e-06
2807 2.06664e-06
2808 3.59365e-06
2809 2.18434e-06
2810 5.86557e-06
2811 2.25039e-06
2812 5.1621e-06
2813 9.85619e-06
2814 6.36326e-06
2815 4.76391e-06
2816 2.90059e-06
2817 1.18483e-05
2818 7.68402e-06
2819 9.2624e-07
2820 3.56381e-06
2821 2.32914e-06
2822 9.61673e-07
2823 1.06424e-05
2824 8.48268e-06
2825 3.54033e-06
2826 6.22866e-06
2827 6.50809e-06
2828 6.41666e-06
2829 3.84343e-06
2830 7.14886e-06
2831 7.74124e-06
2832 8.91302e-06
2833 4.00901e-06
2834 7.41643e-07
2835 2.45353e-06
2836 1.49878e-06
2837 4.65468e-06
2838 9.0004e-06
2839 3.33444e-06
2840 7.6888e-06
2841 4.68999e-06
2842 1.96958e-06
2843 4.15334e-06
2844 1.87125e-06
2845 9.79262e-06
2846 2.26582e-06
2847 1.20242e-06
2848 2.63077e-06
2849 5.8217e-06
2850 3.61353e-07
2851 4.21555e-06
2852 1.02558e-05
2853 6.10065e-06
2854 3.87659e-06
2855 1.60102e-06
2856 2.18724e-06
2857 3.91689e-07
2858 1.97744e-06
2859 3.40863e-06
2860 2.50288e-06
2861 6.55458e-07
2862 5.51793e-06
2863 2.07761e-06
2864 5.62123e-06
2865 7.05742e-06
2866 1.38051e-05
2867 3.49878e-06
2868 4.46902e-06
2869 5.98495e-06
2870 8.41399e-06
2871 4.15957e-06
2872 2.5407e-06
2873 6.60256e-07
2874 8.32628e-07
2875 1.03861e-06
2876 1.7494e-06
2877 2.48967e-06
2878 4.26304e-06
2879 4.117e-06
2880 5.18832e-06
2881 6.14476e-06
2882 1.02553e-05
2883 5.22631e-06
2884 4.38562e-06
2885 1.92634e-06
2886 6.16291e-06
2887 1.12612e-05
2888 1.00555e-05
2889 5.35731e-06
2890 7.41231e-06
2891 6.67158e-06
2892 2.57267e-06
2893 5.11075e-06
2894 5.29587e-06
2895 1.05236e-05
2896 2.97994e-06
2897 3.29682e-06
2898 3.10734e-06
2899 6.15091e-07
2900 2.5489e-06
2901 3.99012e-06
2902 3.33088e-06
2903 1.83229e-06
2904 1.92374e-06
2905 1.2872e-06
2906 2.02979e-06
2907 2.82263e-06
2908 6.05017e-06
2909 7.25053e-06
2910 8.0733e-06
2911 3.55784e-06
2912 3.63781e-06
2913 4.63042e-06
2914 5.15346e-06
2915 6.67089e-06
2916 7.49007e-06
2917 8.35119e-06
2918 1.09787e-05
2919 1.97194e-06
2920 6.47174e-06
2921 4.22737e-06
2922 6.67869e-06
2923 2.59492e-06
2924 2.01182e-06
2925 2.05206e-06
2926 1.81293e-06
2927 9.19335e-06
2928 1.80188e-05
2929 6.60418e-06
2930 1.31008e-05
2931 2.00615e-06
2932 1.38838e-06
2933 1.46169e-06
2934 9.42388e-06
2935 4.53664e-06
2936 1.58601e-06
2937 3.40174e-06
2938 1.62734e-06
2939 4.5759e-06
2940 9.97096e-07
2941 5.76248e-06
2942 3.32608e-06
2943 2.69143e-06
2944 4.88108e-06
2945 2.69928e-06
2946 1.45858e-05
2947 5.72398e-06
2948 1.92731e-06
2949 9.97825e-06
2950 2.61014e-06
2951 5.67208e-06
2952 7.53142e-06
2953 5.38359e-06
2954 2.42747e-06
2955 2.06249e-06
2956 2.2526e-06
2957 5.00762e-06
2958 1.71204e-06
2959 2.28816e-06
2960 5.52848e-07
2961 4.71478e-06
2962 3.85257e-06
2963 4.05417e-06
2964 1.12521e-05
2965 2.64852e-06
2966 4.73952e-06
2967 1.71145e-06
2968 4.92356e-06
2969 2.27663e-06
2970 6.27669e-06
2971 6.77281e-06
2972 5.13452e-06
2973 3.08837e-06
2974 2.40343e-06
2975 2.86968e-06
2976 1.62439e-06
2977 4.26964e-06
2978 1.74489e-06
2979 1.25454e-06
2980 3.39639e-07
2981 6.66566e-06
2982 7.27317e-06
2983 2.85561e-06
2984 1.21078e-06
2985 1.01724e-06
2986 2.02516e-06
2987 3.52139e-07
2988 1.53363e-06
2989 6.35898e-06
2990 2.88387e-06
2991 9.5566e-06
2992 1.88067e-06
2993 1.3084e-06
2994 4.48159e-06
2995 2.07443e-06
2996 2.40488e-06
2997 2.99734e-06
2998 3.27955e-06
2999 2.56475e-06
3000 1.71062e-06
3001 5.26438e-06
3002 2.25191e-06
3003 5.75286e-06
3004 2.83628e-06
3005 6.72756e-06
3006 3.9113e-06
3007 9.64523e-06
3008 1.16737e-05
3009 4.99242e-06
3010 5.26726e-06
3011 7.78256e-06
3012 6.64438e-06
3013 5.40156e-06
3014 1.88776e-06
3015 4.8489e-07
3016 1.96733e-06
3017 1.50803e-06
3018 5.4129e-06
3019 2.89978e-06
3020 7.19457e-06
3021 3.11246e-06
3022 6.11725e-06
3023 1.53455e-06
3024 5.03124e-06
3025 1.86732e-06
3026 2.44406e-06
3027 2.01672e-06
3028 3.26929e-06
3029 1.46125e-06
3030 2.35313e-06
3031 2.51019e-06
3032 3.69641e-06
3033 1.51905e-06
3034 6.59901e-06
3035 3.38848e-06
3036 5.3076e-06
3037 1.62943e-06
3038 5.63688e-07
3039 2.27321e-06
3040 6.81961e-07
3041 3.10796e-06
3042 6.65486e-07
3043 5.56174e-06
3044 3.09901e-06
3045 1.07337e-05
3046 3.55974e-06
3047 1.77988e-06
3048 5.10055e-06
3049 5.95107e-06
3050 2.7715e-06
3051 1.27784e-06
3052 7.23302e-07
3053 2.30288e-06
3054 2.12367e-06
3055 6.22525e-06
3056 6.45566e-06
3057 3.16144e-06
3058 6.68962e-06
3059 7.24318e-06
3060 2.88659e-06
3061 2.41826e-06
3062 3.5182e-06
3063 1.38863e-06
3064 4.64651e-06
3065 7.99063e-06
3066 8.58108e-06
3067 4.93172e-06
3068 3.02728e-06
3069 2.085e-06
3070 1.26431e-06
3071 6.71084e-07
3072 5.90306e-06
3073 3.75343e-06
3074 1.57947e-06
3075 5.66599e-07
3076 2.27766e-06
3077 1.13349e-06
3078 2.86684e-06
3079 5.98386e-06
3080 2.30673e-06
3081 1.60188e-06
3082 7.61326e-06
3083 6.13168e-06
3084 3.21677e-06
3085 1.5359e-06
3086 2.60542e-06
3087 6.43635e-06
3088 8.54033e-06
3089 1.6162e-06
3090 2.56262e-06
3091 3.91176e-06
3092 5.35504e-06
3093 1.96075e-06
3094 1.28993e-06
3095 4.58929e-07
3096 1.36685e-06
3097 1.76005e-06
3098 5.20224e-06
3099 8.12657e-06
3100 2.94965e-06
3101 1.19715e-06
3102 2.04745e-06
3103 1.04373e-06
3104 2.46726e-06
3105 1.1373e-06
3106 4.38126e-06
3107 2.60414e-06
3108 2.59618e-06
3109 6.4433e-06
3110 2.38852e-06
3111 1.47964e-06
3112 1.50777e-06
3113 3.29259e-06
3114 2.83216e-06
3115 2.71456e-06
3116 1.03497e-05
3117 8.68855e-06
3118 3.23483e-06
3119 4.03161e-06
3120 1.62692e-06
3121 6.77949e-06
3122 9.56034e-06
3123 3.98636e-06
3124 6.19168e-06
3125 2.42105e-06
3126 2.01243e-06
3127 5.69506e-06
3128 5.90163e-06
3129 2.43197e-06
3130 5.55349e-06
3131 1.88311e-06
3132 3.0969e-07
3133 2.1351e-06
3134 7.80215e-07
3135 4.64103e-07
3136 2.60687e-07
3137 7.32505e-07
3138 4.6132e-07
3139 2.05281e-06
3140 1.86822e-06
3141 3.16563e-06
3142 2.88647e-06
3143 4.92511e-07
3144 1.63349e-06
3145 2.24295e-06
3146 1.14478e-05
3147 6.982e-06
3148 2.45656e-06
3149 1.45002e-06
3150 5.28077e-07
3151 2.13818e-06
3152 8.97002e-06
3153 5.49715e-06
3154 3.76819e-06
3155 9.91282e-07
3156 4.85239e-06
3157 3.70607e-06
3158 1.33992e-05
3159 7.34989e-07
3160 7.39438e-06
3161 2.34295e-06
3162 5.65955e-06
3163 4.20956e-06
3164 6.42919e-06
3165 3.13727e-06
3166 6.05222e-06
3167 2.31973e-06
3168 1.11495e-06
3169 1.17077e-06
3170 2.90573e-06
3171 4.9329e-06
3172 5.95248e-06
3173 2.3762e-06
3174 4.19231e-06
3175 5.21158e-06
3176 3.06701e-06
3177 2.23741e-06
3178 6.69853e-07
3179 1.84295e-06
3180 1.91502e-06
3181 4.69956e-06
3182 5.73762e-06
3183 1.70944e-06
3184 6.37957e-07
3185 8.94525e-07
3186 5.74417e-07
3187 5.94143e-06
3188 1.96153e-07
3189 1.84971e-06
3190 3.34844e-07
3191 4.83395e-06
3192 5.80745e-07
3193 5.72759e-06
3194 8.53229e-06
3195 2.714e-06
3196 2.0703e-06
3197 6.37821e-07
3198 1.77829e-06
3199 1.2414e-06
3200 8.16047e-06
3201 5.51036e-06
3202 1.06862e-06
3203 1.03604e-05
3204 3.97576e-06
3205 4.45408e-06
3206 2.98401e-06
3207 3.91071e-06
3208 7.95913e-06
3209 6.39865e-06
3210 2.33071e-06
3211 4.15401e-06
3212 1.43657e-06
3213 9.4156e-07
3214 1.60277e-06
3215 6.43064e-07
3216 2.41868e-06
3217 6.91816e-06
3218 2.75849e-06
3219 3.07485e-06
3220 6.77894e-06
3221 3.39562e-06
3222 1.90594e-06
3223 2.964e-06
3224 2.43454e-06
3225 9.63623e-07
3226 2.30998e-06
3227 6.61228e-06
3228 7.24734e-07
3229 7.03647e-06
3230 6.26286e-06
3231 7.65854e-07
3232 4.43269e-07
3233 5.02371e-06
3234 5.34836e-06
3235 3.64884e-07
3236 3.39282e-06
3237 7.08526e-06
3238 2.36581e-06
3239 1.51878e-06
3240 6.00942e-06
3241 4.2751e-06
3242 2.90884e-06
3243 1.88892e-06
3244 5.33238e-06
3245 6.83522e-06
3246 4.40523e-06
3247 5.95674e-06
3248 6.67702e-06
3249 3.99375e-06
3250 9.42631e-07
3251 3.6848e-06
3252 5.4995e-06
3253 3.0301e-06
3254 1.06924e-05
3255 3.4811e-06
3256 3.28604e-06
3257 3.83313e-06
3258 2.72341e-06
3259 3.02771e-06
3260 2.27299e-06
3261 5.65207e-06
3262 4.11233e-06
3263 1.1552e-06
3264 3.80668e-06
3265 8.25278e-06
3266 8.21273e-06
3267 1.92731e-06
3268 1.26194e-05
3269 1.54547e-06
3270 1.12989e-05
3271 3.58013e-06
3272 3.26647e-06
3273 2.21808e-06
3274 1.24401e-06
3275 5.79537e-06
3276 2.49806e-06
3277 2.52011e-06
3278 1.65096e-06
3279 1.07052e-06
3280 7.35466e-06
3281 3.02364e-06
3282 2.67404e-06
3283 2.46896e-06
3284 4.14028e-07
3285 4.23476e-06
3286 2.72345e-06
3287 2.63662e-06
3288 1.74152e-06
3289 5.62153e-06
3290 5.89321e-06
3291 7.05157e-06
3292 7.15542e-06
3293 2.53325e-06
3294 6.26927e-06
3295 6.62607e-06
3296 2.48628e-06
3297 7.41345e-06
3298 4.42525e-06
3299 1.14203e-06
3300 5.5897e-06
3301 3.64926e-06
3302 1.26837e-05
3303 5.73138e-06
3304 3.04423e-06
3305 4.34263e-07
3306 4.62538e-06
3307 3.73586e-06
3308 2.72595e-06
3309 6.57627e-06
3310 9.11911e-06
3311 2.46325e-06
3312 2.41313e-06
3313 9.79377e-06
3314 4.64525e-06
3315 7.11398e-06
3316 1.86666e-06
3317 2.94239e-07
3318 6.17669e-06
3319 5.20683e-06
3320 5.03919e-06
3321 2.81651e-06
3322 3.44275e-06
3323 5.64068e-06
3324 8.75684e-06
3325 3.80369e-06
3326 1.46289e-06
3327 1.17423e-06
3328 1.26986e-06
3329 2.36178e-06
3330 7.24707e-06
3331 2.95239e-06
3332 3.21352e-06
3333 5.10176e-06
3334 4.07617e-07
3335 4.79704e-07
3336 8.01521e-07
3337 1.71198e-07
3338 3.91228e-07
3339 3.19167e-06
3340 5.96387e-06
3341 2.4996e-06
3342 5.4432e-07
3343 4.72201e-06
3344 3.33748e-06
3345 2.10236e-06
3346 3.78538e-06
3347 6.18725e-06
3348 1.44352e-05
3349 1.00545e-05
3350 2.81214e-06
3351 6.12644e-06
3352 4.5672e-07
3353 4.23884e-06
3354 5.3767e-06
3355 1.12049e-06
3356 3.28786e-06
3357 2.08755e-06
3358 3.28759e-06
3359 2.43729e-06
3360 5.45451e-07
3361 1.73769e-06
3362 2.80595e-06
3363 3.87404e-06
3364 1.20667e-06
3365 2.21784e-06
3366 6.5829e-06
3367 3.47179e-06
3368 5.31192e-06
3369 4.845e-06
3370 3.73041e-06
3371 2.8665e-06
3372 9.69033e-07
3373 2.79257e-06
3374 4.33056e-06
3375 2.66422e-06
3376 5.26666e-06
3377 5.03501e-06
3378 2.26363e-06
3379 7.45572e-07
3380 8.24431e-06
3381 6.37926e-06
3382 4.87698e-06
3383 3.85711e-06
3384 1.40414e-06
3385 1.1736e-06
3386 3.53486e-07
3387 1.64088e-06
3388 4.47514e-07
3389 8.36697e-07
3390 8.54421e-06
3391 4.29621e-06
3392 2.7066e-06
3393 1.67802e-06
3394 1.2021e-06
3395 3.03515e-06
3396 4.87728e-06
3397 4.43161e-06
3398 3.28294e-06
3399 2.65761e-06
3400 8.15088e-07
3401 1.07891e-06
3402 4.42734e-06
3403 1.29438e-06
3404 1.79245e-06
3405 8.91052e-06
3406 2.39681e-06
3407 5.34838e-06
3408 3.33833e-06
3409 1.16412e-06
3410 1.11005e-05
3411 4.06873e-06
3412 9.14187e-07
3413 4.73125e-07
3414 1.96333e-07
3415 1.77043e-06
3416 1.99535e-06
3417 7.63776e-07
3418 1.44935e-06
3419 1.49135e-06
3420 2.61437e-06
3421 2.57838e-06
3422 2.42767e-06
3423 7.99029e-07
3424 6.46811e-07
3425 6.326e-06
3426 3.08751e-06
3427 2.67874e-06
3428 2.45872e-06
3429 2.03087e-06
3430 5.10832e-06
3431 3.92492e-06
3432 6.33428e-06
3433 1.43776e-06
3434 8.65458e-06
3435 3.71173e-06
3436 6.38175e-06
3437 2.15825e-06
3438 2.59453e-06
3439 4.0666e-06
3440 1.71155e-06
3441 5.17852e-06
3442 3.81448e-06
3443 1.38694e-06
3444 2.37201e-06
3445 2.62436e-06
3446 1.49725e-06
3447 3.07523e-06
3448 5.44653e-07
3449 2.44929e-06
3450 1.5819e-06
3451 8.14837e-07
3452 5.18465e-06
3453 1.79981e-06
3454 6.70746e-07
3455 4.30525e-06
3456 1.94401e-06
3457 7.29251e-06
3458 3.72261e-06
3459 3.23303e-06
3460 5.11773e-06
3461 7.67644e-07
3462 5.98503e-06
3463 9.75104e-07
3464 9.98964e-07
3465 9.69177e-06
3466 3.98925e-06
3467 3.52904e-06
3468 1.03814e-05
3469 7.80403e-06
3470 3.58696e-06
3471 1.6244e-06
3472 5.31562e-06
3473 6.17258e-07
3474 4.74616e-07
3475 1.97342e-06
3476 2.68688e-06
3477 2.60072e-06
3478 9.66175e-07
3479 8.22726e-07
3480 9.94625e-06
3481 1.5159e-06
3482 7.30374e-06
3483 7.82785e-06
3484 2.65218e-06
3485 6.01307e-06
3486 3.7792e-06
3487 1.01092e-05
3488 7.06832e-06
3489 6.23207e-06
3490 3.68089e-06
3491 3.25284e-06
3492 2.74457e-06
3493 4.66691e-06
3494 8.60305e-06
3495 7.83609e-06
3496 2.16649e-06
3497 1.01762e-06
3498 1.96519e-06
3499 9.52675e-07
3500 9.1439e-06
3501 4.8763e-07
3502 2.32102e-06
3503 1.50084e-06
3504 4.67505e-06
3505 3.78047e-06
3506 3.8207e-06
3507 8.10846e-06
3508 3.05966e-06
3509 2.33371e-06
3510 2.3829e-06
3511 1.18338e-05
3512 3.12105e-06
3513 4.84575e-06
3514 3.85398e-06
3515 2.16622e-06
3516 2.27232e-06
3517 1.86898e-06
3518 2.39942e-06
3519 2.39539e-06
3520 8.90721e-06
3521 3.71493e-06
3522 1.45343e-06
3523 1.34251e-06
3524 1.03643e-06
3525 9.53852e-07
3526 9.39888e-06
3527 2.21672e-06
3528 9.22721e-06
3529 6.90441e-06
3530 2.82431e-06
3531 5.35454e-06
3532 2.25583e-06
3533 2.4483e-06
3534 8.9529e-07
3535 2.74843e-06
3536 4.91649e-06
3537 4.56818e-06
3538 1.14581e-06
3539 2.57458e-06
3540 1.43891e-06
3541 9.13889e-07
3542 7.5362e-07
3543 1.74343e-06
3544 4.7503e-07
3545 6.19148e-06
3546 7.04837e-06
3547 6.16479e-06
3548 6.40646e-07
3549 1.17784e-06
3550 5.48139e-06
3551 5.11191e-06
3552 7.48887e-06
3553 6.43292e-06
3554 1.02962e-05
3555 6.38535e-06
3556 2.06305e-06
3557 7.57262e-06
3558 1.85402e-06
3559 1.28888e-05
3560 4.3889e-06
3561 6.13169e-06
3562 4.02558e-06
3563 3.30898e-06
3564 5.89261e-06
3565 5.22387e-06
3566 5.56586e-06
3567 3.8405e-06
3568 4.81433e-06
3569 1.58978e-06
3570 7.17101e-06
3571 3.86822e-06
3572 1.58677e-06
3573 2.21628e-06
3574 2.97522e-06
3575 2.64013e-06
3576 1.26816e-06
3577 1.71661e-06
3578 1.20895e-06
3579 5.60209e-06
3580 6.45444e-06
3581 6.20078e-06
3582 1.56382e-06
3583 5.43389e-06
3584 3.98736e-06
3585 1.09636e-05
3586 3.14949e-06
3587 6.92149e-06
3588 7.60306e-07
3589 4.88311e-07
3590 3.96289e-07
3591 6.3661e-06
3592 4.91175e-07
3593 1.89726e-06
3594 1.91786e-06
3595 1.50383e-06
3596 2.33221e-06
3597 3.94769e-07
3598 2.42345e-06
3599 2.58553e-06
3600 2.40391e-06
3601 2.83044e-06
3602 2.26349e-06
3603 8.87704e-07
3604 7.973e-06
3605 7.48857e-07
3606 1.4041e-06
3607 1.2843e-06
3608 1.95273e-06
3609 1.36543e-06
3610 4.42834e-06
3611 1.27832e-05
3612 6.61854e-06
3613 3.7546e-06
3614 1.19009e-06
3615 1.96514e-06
3616 1.8753e-06
3617 2.82179e-06
3618 2.24779e-06
3619 7.30083e-06
3620 6.94148e-06
3621 2.96442e-06
3622 2.77148e-06
3623 2.42281e-06
3624 2.44464e-06
3625 2.19289e-06
3626 2.92567e-06
3627 1.81779e-06
3628 9.17634e-06
3629 3.26529e-06
3630 3.53424e-06
3631 5.68577e-06
3632 2.0323e-06
3633 3.88118e-06
3634 1.25857e-06
3635 3.6908e-06
3636 2.23241e-06
3637 3.06936e-06
3638 3.06443e-06
3639 5.73382e-06
3640 7.27919e-06
3641 4.43248e-06
3642 4.48267e-06
3643 2.02327e-06
3644 3.6752e-06
3645 5.29555e-06
3646 3.69589e-06
3647 1.75458e-06
3648 5.4575e-07
3649 2.53853e-07
3650 1.6993e-06
3651 1.49304e-06
3652 2.37542e-06
3653 3.07723e-06
3654 1.50884e-06
3655 5.03207e-07
3656 6.18132e-07
3657 4.04144e-07
3658 2.57948e-07
3659 9.58218e-06
3660 3.5212e-06
3661 2.22375e-06
3662 1.19538e-06
3663 1.05161e-05
3664 3.80067e-06
3665 6.8791e-06
3666 5.2469e-06
3667 2.94249e-06
3668 2.95641e-06
3669 4.68445e-06
3670 9.95658e-07
3671 5.03921e-06
3672 1.79695e-06
3673 6.03319e-07
3674 2.65559e-06
3675 1.30246e-06
3676 4.76827e-06
3677 2.40336e-06
3678 2.32153e-06
3679 4.21995e-06
3680 5.56993e-06
3681 3.54154e-06
3682 1.70717e-06
3683 6.01601e-06
3684 2.37549e-06
3685 6.27357e-06
3686 2.62639e-06
3687 3.28004e-06
3688 5.7809e-06
3689 5.13779e-06
3690 1.87364e-06
3691 7.13955e-07
3692 2.65444e-07
3693 4.15671e-06
3694 5.58567e-06
3695 2.52127e-06
3696 4.96767e-06
3697 6.76165e-06
3698 2.42452e-06
3699 1.53388e-06
3700 1.06739e-06
3701 8.77108e-07
3702 3.69308e-07
3703 5.1847e-07
3704 1.12719e-06
3705 7.67021e-06
3706 2.10814e-06
3707 2.31317e-06
3708 6.01163e-06
3709 3.86712e-06
3710 2.20989e-06
3711 1.23303e-06
3712 3.27003e-06
3713 5.93654e-06
3714 5.99403e-06
3715 3.97734e-06
3716 1.44478e-06
3717 1.05998e-06
3718 1.32549e-06
3719 4.41564e-06
3720 6.19847e-06
3721 4.95664e-06
3722 2.75633e-06
3723 9.73705e-06
3724 4.34253e-06
3725 3.29395e-06
3726 2.53857e-06
3727 9.98556e-07
3728 2.3724e-06
3729 1.40407e-06
3730 1.40369e-05
3731 4.73395e-06
3732 3.78322e-06
3733 2.87252e-06
3734 9.58287e-06
3735 9.96952e-06
3736 8.35328e-06
3737 8.71936e-06
3738 8.82634e-06
3739 4.51883e-06
3740 1.40233e-06
3741 2.69635e-06
3742 2.59633e-06
3743 1.83924e-06
3744 2.3316e-06
3745 5.5806e-06
3746 5.55827e-06
3747 2.30036e-06
3748 3.71721e-06
3749 5.02691e-06
3750 3.10759e-06
3751 1.48352e-06
3752 6.77487e-06
3753 4.13722e-06
3754 1.35891e-06
3755 1.50909e-06
3756 5.62624e-07
3757 7.51145e-07
3758 2.30406e-06
3759 1.41267e-06
3760 2.78788e-06
3761 1.56022e-06
3762 1.04989e-05
3763 4.05366e-06
3764 5.17684e-06
3765 4.72371e-07
3766 9.7364e-07
3767 3.88913e-07
3768 5.14747e-06
3769 7.10369e-07
3770 2.29494e-06
3771 3.19734e-06
3772 2.89464e-06
3773 1.1202e-06
3774 5.18776e-06
3775 3.86661e-06
3776 3.32546e-06
3777 1.15552e-06
3778 4.50051e-06
3779 1.0549e-05
3780 3.89131e-06
3781 1.75677e-06
3782 1.93711e-06
3783 7.22757e-07
3784 4.88809e-06
3785 4.65093e-06
3786 3.68902e-06
3787 2.52281e-06
3788 7.36447e-07
3789 4.53197e-07
3790 5.93974e-06
3791 3.19632e-06
3792 5.16304e-06
3793 3.60459e-06
3794 4.09087e-06
3795 1.41043e-06
3796 4.31606e-07
3797 4.00434e-06
3798 1.39345e-06
3799 4.66761e-07
3800 8.11947e-08
3801 3.10335e-06
3802 1.0331e-06
3803 8.68044e-06
3804 1.9281e-06
3805 9.89114e-07
3806 4.20407e-06
3807 1.73753e-06
3808 5.64528e-06
3809 3.24766e-06
3810 3.54107e-06
3811 9.98215e-07
3812 6.62243e-06
3813 7.90465e-06
3814 7.53496e-06
3815 1.0204e-05
3816 2.23982e-06
3817 4.19656e-07
3818 5.13691e-06
3819 2.4244e-06
3820 9.1064e-06
3821 8.74163e-06
3822 1.16431e-05
3823 3.16207e-06
3824 4.96336e-06
3825 8.50081e-06
3826 3.73041e-06
3827 1.37781e-06
3828 1.92488e-06
3829 5.10851e-06
3830 4.47236e-07
3831 7.05167e-07
3832 9.40156e-07
3833 2.45873e-06
3834 6.72598e-06
3835 8.09469e-06
3836 4.56924e-06
3837 5.09099e-06
3838 2.31343e-06
3839 6.65614e-06
3840 1.12872e-06
3841 1.8873e-06
3842 4.10707e-06
3843 1.39802e-06
3844 2.12206e-06
3845 4.20632e-06
3846 1.39162e-06
3847 4.73196e-06
3848 5.81483e-06
3849 6.17407e-06
3850 1.39525e-06
3851 6.21004e-06
3852 2.79649e-06
3853 5.04475e-06
3854 7.59089e-06
3855 2.96957e-06
3856 4.11416e-06
3857 5.05484e-06
3858 2.38259e-06
3859 2.34725e-06
3860 1.82464e-06
3861 5.56342e-06
3862 4.57641e-07
3863 4.98844e-06
3864 4.53541e-06
3865 1.472e-06
3866 6.535e-06
3867 2.9089e-06
3868 1.28979e-06
3869 9.16543e-07
3870 6.39785e-06
3871 1.88291e-06
3872 2.86154e-07
3873 7.48577e-06
3874 3.00859e-06
3875 6.92617e-07
3876 4.24143e-06
3877 3.28308e-06
3878 1.28079e-06
3879 1.96162e-06
3880 7.17431e-07
3881 4.32695e-06
3882 3.3106e-06
3883 2.08855e-06
3884 2.76694e-07
3885 1.0583e-05
3886 3.86037e-06
3887 2.58356e-06
3888 2.09604e-06
3889 1.10809e-06
3890 4.18517e-07
3891 1.23801e-07
3892 4.29307e-06
3893 5.84512e-06
3894 4.08758e-06
3895 5.5273e-06
3896 4.70162e-06
3897 2.13253e-06
3898 1.72714e-06
3899 6.70612e-07
3900 6.66588e-06
3901 1.60319e-06
3902 8.82237e-07
3903 9.27208e-07
3904 1.56678e-06
3905 5.70064e-07
3906 3.24677e-06
3907 5.7476e-06
3908 1.73955e-06
3909 1.04969e-05
3910 3.72601e-06
3911 4.35871e-06
3912 2.81247e-06
3913 7.46505e-06
3914 1.29263e-06
3915 8.21058e-07
3916 7.89423e-06
3917 2.6454e-06
3918 1.18693e-06
3919 7.52808e-07
3920 1.39215e-06
3921 1.30304e-06
3922 6.67217e-07
3923 4.15742e-06
3924 1.66645e-06
3925 4.62992e-06
3926 1.84988e-06
3927 1.08608e-06
3928 1.80822e-06
3929 7.29322e-06
3930 2.67328e-06
3931 1.14368e-06
3932 1.79869e-07
3933 3.4868e-07
3934 4.14149e-07
3935 4.30992e-06
3936 3.04663e-06
3937 2.62601e-06
3938 4.933e-06
3939 1.18503e-06
3940 4.41357e-06
3941 3.79874e-06
3942 1.42013e-06
3943 4.93814e-06
3944 1.29833e-06
3945 9.31119e-07
3946 3.88933e-07
3947 1.90126e-06
3948 6.81691e-06
3949 4.45739e-06
3950 1.75416e-06
3951 4.56485e-06
3952 9.04963e-07
3953 5.28522e-06
3954 4.29449e-06
3955 3.63178e-06
3956 1.7619e-06
3957 6.39944e-06
3958 5.04999e-06
3959 1.66045e-06
3960 1.14346e-05
3961 4.92669e-06
3962 4.2192e-06
3963 2.11022e-06
3964 5.32551e-06
3965 1.11571e-05
3966 8.65188e-06
3967 5.80958e-06
3968 7.39854e-06
3969 4.37338e-06
3970 1.1397e-06
3971 1.34964e-06
3972 8.15961e-06
3973 2.45621e-06
3974 5.96491e-06
3975 7.24605e-06
3976 5.42999e-06
3977 8.05198e-06
3978 7.00006e-06
3979 8.08435e-06
3980 7.51755e-06
3981 3.76734e-06
3982 2.7875e-06
3983 1.3051e-06
3984 4.56375e-07
3985 3.29444e-06
3986 1.54903e-06
3987 8.8194e-07
3988 1.74105e-06
3989 5.65267e-06
3990 3.4277e-06
3991 4.79674e-06
3992 2.98152e-06
3993 7.29689e-06
3994 6.54599e-06
3995 1.14485e-05
3996 8.23266e-06
3997 7.84963e-06
3998 6.98231e-06
3999 1.234e-06
4000 2.01798e-06
4001 4.47451e-06
4002 5.45443e-06
4003 9.72222e-07
4004 1.96057e-06
4005 9.64805e-06
4006 7.03404e-06
4007 6.03894e-06
4008 5.37839e-06
4009 2.89479e-06
4010 3.17095e-06
4011 3.11148e-06
4012 3.50094e-06
4013 1.19189e-06
4014 1.04871e-05
4015 5.58831e-06
4016 2.259e-06
4017 4.06084e-06
4018 2.34956e-06
4019 7.09958e-06
4020 3.56571e-06
4021 1.10565e-06
4022 1.91737e-06
4023 5.51152e-07
4024 9.01656e-06
4025 6.46152e-06
4026 3.97442e-06
4027 1.29351e-06
4028 6.3964e-07
4029 9.21502e-07
4030 5.71495e-06
4031 4.52769e-06
4032 2.60923e-06
4033 1.77434e-06
4034 4.16398e-06
4035 1.85648e-06
4036 1.32332e-06
4037 4.68577e-06
4038 1.02372e-06
4039 4.95086e-06
4040 1.89639e-06
4041 6.68846e-07
4042 1.73235e-06
4043 3.39013e-06
4044 1.12912e-06
4045 7.26091e-07
4046 2.05477e-06
4047 4.3179e-07
4048 2.43042e-07
4049 1.61377e-06
4050 4.89543e-06
4051 8.68107e-06
4052 6.85854e-06
4053 2.70986e-06
4054 8.68194e-07
4055 3.31e-06
4056 7.10109e-06
4057 2.66032e-06
4058 3.1463e-06
4059 1.18724e-05
4060 6.4183e-06
4061 2.69759e-06
4062 1.51885e-06
4063 2.50832e-06
4064 1.00291e-06
4065 1.29201e-06
4066 1.02939e-06
4067 1.98647e-06
4068 2.16534e-06
4069 1.00152e-06
4070 1.63724e-06
4071 6.11492e-06
4072 2.34349e-06
4073 1.04573e-05
4074 4.18513e-06
4075 2.15065e-06
4076 1.00098e-05
4077 4.99963e-07
4078 4.93421e-06
4079 1.19303e-06
4080 2.3065e-06
4081 8.41735e-07
4082 9.81316e-07
4083 6.03368e-06
4084 3.88762e-06
4085 6.17905e-06
4086 2.80271e-06
4087 2.53012e-06
4088 2.82399e-06
4089 2.33574e-06
4090 9.99882e-07
4091 1.70584e-06
4092 7.30438e-06
4093 2.34748e-06
4094 4.59403e-06
4095 2.26851e-06
4096 1.54887e-06
4097 2.06431e-06
4098 2.8536e-06
4099 3.99836e-06
4100 3.49564e-06
4101 1.86556e-06
4102 4.31511e-06
4103 6.79025e-06
4104 4.19191e-06
4105 4.51312e-06
4106 2.75126e-06
4107 6.44568e-06
4108 1.89642e-06
4109 2.00249e-06
4110 1.76095e-06
4111 6.0329e-07
4112 1.80171e-06
4113 2.16491e-06
4114 4.4804e-06
4115 3.01892e-06
4116 6.51574e-06
4117 2.71503e-06
4118 2.92755e-06
4119 2.93547e-06
4120 5.40436e-06
4121 1.14721e-05
4122 4.85369e-06
4123 4.61264e-06
4124 3.11801e-06
4125 5.27272e-06
4126 2.62751e-06
4127 5.30493e-07
4128 1.79584e-06
4129 9.73478e-07
4130 1.96231e-06
4131 4.94404e-06
4132 6.22881e-06
4133 2.39319e-06
4134 8.3287e-07
4135 2.3739e-06
4136 9.73408e-07
4137 4.82943e-06
4138 2.57424e-06
4139 6.10445e-06
4140 4.15012e-06
4141 4.57473e-06
4142 1.64158e-06
4143 6.94059e-07
4144 3.36698e-06
4145 1.47152e-06
4146 1.05487e-06
4147 6.04662e-06
4148 7.81888e-06
4149 2.53376e-06
4150 1.20339e-06
4151 1.39187e-06
4152 7.62559e-06
4153 2.384e-06
4154 5.46994e-06
4155 2.31297e-06
4156 2.32628e-06
4157 6.41692e-06
4158 2.74383e-06
4159 1.16129e-06
4160 2.08891e-06
4161 1.50244e-06
4162 5.9734e-06
4163 4.5488e-07
4164 1.90296e-06
4165 8.92709e-07
4166 1.90443e-06
4167 7.13037e-07
4168 1.00336e-06
4169 4.75904e-07
4170 4.85602e-07
4171 9.11489e-07
4172 9.05364e-06
4173 3.27272e-06
4174 3.81061e-06
4175 5.65152e-06
4176 4.25612e-06
4177 1.60721e-06
4178 2.08789e-06
4179 1.10117e-06
4180 3.26005e-07
4181 2.07164e-06
4182 2.23054e-06
4183 2.02225e-06
4184 4.75778e-06
4185 1.97755e-06
4186 1.29444e-06
4187 2.51072e-07
4188 2.13087e-06
4189 1.39659e-06
4190 3.55923e-07
4191 4.56412e-07
4192 1.18723e-06
4193 4.64187e-07
4194 4.17149e-06
4195 4.27258e-06
4196 1.57171e-06
4197 1.01522e-06
4198 2.11289e-07
4199 1.74395e-07
4200 6.51447e-07
4201 5.73853e-06
4202 8.37244e-07
4203 2.31528e-06
4204 1.18586e-06
4205 1.19155e-06
4206 4.921e-06
4207 8.31947e-07
4208 2.2203e-06
4209 2.21643e-06
4210 1.41726e-06
4211 2.13971e-06
4212 4.27454e-06
4213 3.88979e-06
4214 1.6785e-06
4215 7.3807e-07
4216 2.611e-06
4217 9.34397e-07
4218 1.1121e-06
4219 9.62862e-07
4220 3.55202e-07
4221 1.53259e-06
4222 8.15369e-07
4223 1.1702e-06
4224 6.03717e-06
4225 5.15903e-06
4226 1.01485e-06
4227 2.35899e-06
4228 7.57841e-07
4229 6.27504e-06
4230 2.85546e-06
4231 6.47032e-06
4232 5.54266e-06
4233 3.82286e-06
4234 1.47706e-06
4235 7.00985e-07
4236 2.16342e-07
4237 7.23288e-07
4238 2.46197e-06
4239 5.40707e-07
4240 1.31535e-06
4241 4.52746e-06
4242 2.24888e-06
4243 4.57364e-06
4244 9.74089e-07
4245 2.08355e-06
4246 8.67503e-07
4247 6.53792e-06
4248 2.9235e-06
4249 6.12871e-07
4250 3.26722e-06
4251 2.1473e-06
4252 1.00515e-06
4253 3.46222e-07
4254 3.23942e-06
4255 1.20435e-06
4256 4.5112e-06
4257 2.54691e-06
4258 6.11496e-06
4259 3.83917e-06
4260 3.28767e-06
4261 1.59986e-06
4262 1.44649e-06
4263 1.07239e-06
4264 3.71859e-07
4265 4.78591e-06
4266 1.74765e-06
4267 6.70947e-07
4268 5.72212e-06
4269 3.69135e-06
4270 1.28463e-06
4271 1.12401e-06
4272 1.83167e-06
4273 4.82381e-06
4274 6.78408e-06
4275 6.87454e-07
4276 5.87477e-06
4277 8.65531e-06
4278 3.78294e-06
4279 5.34579e-06
4280 4.68294e-06
4281 5.84026e-06
4282 2.26118e-06
4283 4.96315e-08
4284 1.63481e-06
4285 2.04138e-06
4286 5.41601e-06
4287 1.82497e-06
4288 8.20626e-07
4289 4.7835e-06
4290 1.80631e-06
4291 9.34977e-07
4292 6.42607e-07
4293 3.93313e-06
4294 3.75185e-07
4295 1.51007e-07
4296 5.81655e-06
4297 3.43396e-06
4298 1.52159e-06
4299 1.74472e-06
4300 1.15741e-06
4301 3.58662e-07
4302 7.68621e-07
4303 5.77125e-07
4304 1.75116e-06
4305 3.48482e-07
4306 5.00991e-06
4307 5.74718e-06
4308 3.77206e-06
4309 1.45343e-06
4310 3.19889e-07
4311 1.87723e-07
4312 1.92889e-06
4313 2.17911e-06
4314 8.65706e-07
4315 1.2265e-06
4316 2.52358e-06
4317 6.32516e-06
4318 7.25496e-06
4319 2.66178e-06
4320 1.2957e-06
4321 4.55465e-06
4322 2.76947e-06
4323 5.24088e-06
4324 6.53583e-06
4325 1.19713e-06
4326 7.34251e-07
4327 5.39371e-06
4328 2.63495e-06
4329 1.80832e-06
4330 2.22887e-06
4331 3.47315e-06
4332 3.18369e-06
4333 2.73425e-06
4334 1.01252e-06
4335 3.81578e-07
4336 6.19005e-06
4337 3.78151e-06
4338 6.77256e-06
4339 8.71438e-06
4340 3.10375e-06
4341 1.57152e-06
4342 9.04326e-07
4343 4.20439e-07
4344 2.21596e-07
4345 1.85075e-07
4346 6.65623e-07
4347 3.67925e-07
4348 1.57124e-07
4349 5.27523e-07
4350 2.21006e-07
4351 1.52886e-06
4352 6.34685e-07
4353 2.99802e-08
4354 6.99448e-07
4355 2.37809e-07
4356 4.19042e-06
4357 1.79199e-07
4358 5.00028e-06
4359 2.08466e-06
4360 3.89419e-07
4361 4.61876e-06
4362 2.11645e-06
4363 5.42903e-06
4364 3.62961e-06
4365 1.38795e-06
4366 5.08128e-07
4367 3.88374e-06
4368 4.3079e-06
4369 5.5992e-06
4370 2.92427e-06
4371 8.36871e-07
4372 4.98011e-07
4373 1.18115e-07
4374 1.25831e-06
4375 2.08268e-06
4376 8.93413e-07
4377 6.03846e-07
4378 2.25825e-06
4379 1.90705e-06
4380 2.63154e-06
4381 2.53449e-07
4382 7.08474e-07
4383 2.93045e-06
4384 4.91965e-06
4385 1.67585e-06
4386 1.42979e-06
4387 6.20741e-06
4388 7.70315e-07
4389 5.27289e-07
4390 2.37151e-06
4391 7.21397e-07
4392 2.31023e-07
4393 8.03204e-06
4394 9.20608e-06
4395 3.72918e-06
4396 2.73333e-06
4397 4.44644e-06
4398 3.34148e-06
4399 2.09401e-06
4400 9.82943e-07
4401 2.10675e-07
4402 6.022e-06
4403 4.07579e-06
4404 2.95552e-06
4405 2.57522e-06
4406 1.25316e-06
4407 2.44467e-07
4408 3.03192e-07
4409 1.79574e-06
4410 2.64801e-06
4411 4.86215e-06
4412 6.21684e-07
4413 2.3747e-06
4414 2.70518e-06
4415 2.36215e-06
4416 2.32194e-06
4417 1.41009e-06
4418 2.06927e-06
4419 2.13471e-06
4420 5.05603e-06
4421 5.12935e-06
4422 2.0679e-06
4423 4.66965e-06
4424 1.92006e-06
4425 7.80432e-07
4426 4.33623e-06
4427 1.45401e-07
4428 2.43083e-06
4429 4.88997e-06
4430 3.40826e-06
4431 9.19147e-07
4432 1.77526e-06
4433 7.20072e-07
4434 9.61474e-07
4435 1.56068e-06
4436 1.27107e-06
4437 5.69237e-07
4438 4.28742e-06
4439 8.9498e-08
4440 1.58988e-06
4441 1.40842e-06
4442 1.05889e-06
4443 1.87605e-06
4444 1.26525e-06
4445 1.01887e-06
4446 1.63383e-07
4447 3.06052e-06
4448 8.17969e-07
4449 8.66802e-07
4450 7.28945e-06
4451 3.8797e-06
4452 1.14076e-05
4453 6.8665e-06
4454 1.35691e-06
4455 5.55581e-07
4456 7.76268e-07
4457 9.50502e-07
4458 7.58174e-07
4459 4.48399e-07
4460 7.03189e-07
4461 2.33597e-06
4462 8.12621e-06
4463 7.85876e-06
4464 2.71703e-06
4465 2.61728e-07
4466 7.20553e-07
4467 1.25371e-06
4468 1.12176e-06
4469 4.87163e-06
4470 7.1937e-06
4471 7.64555e-06
4472 2.81187e-06
4473 5.32093e-06
4474 1.58273e-06
4475 1.70381e-06
4476 9.68098e-07
4477 1.92592e-06
4478 1.84029e-06
4479 1.46139e-06
4480 2.42898e-06
4481 5.01319e-06
4482 4.69287e-06
4483 1.4604e-06
4484 1.27894e-07
4485 8.88654e-07
4486 1.79893e-06
4487 4.36965e-06
4488 2.01692e-06
4489 6.32446e-06
4490 2.23827e-06
4491 2.35119e-06
4492 2.53531e-06
4493 5.22247e-06
4494 1.62679e-06
4495 5.64045e-06
4496 5.28549e-06
4497 8.13895e-07
4498 1.38972e-06
4499 4.68694e-07
4500 6.85683e-07
4501 4.25491e-06
4502 5.58697e-06
4503 2.16162e-06
4504 8.78655e-07
4505 1.85453e-06
4506 2.74888e-07
4507 7.9653e-07
4508 2.65691e-06
4509 8.05283e-07
4510 9.91853e-07
4511 1.96495e-06
4512 6.22548e-07
4513 5.18123e-07
4514 6.11725e-07
4515 5.0078e-06
4516 1.94614e-06
4517 2.57809e-06
4518 4.5153e-07
4519 2.59612e-06
4520 1.5211e-06
4521 5.43626e-07
4522 3.8391e-06
4523 2.08606e-06
4524 3.91011e-07
4525 8.77826e-07
4526 4.27054e-06
4527 3.15373e-06
4528 5.62996e-06
4529 5.03799e-06
4530 2.38913e-06
4531 2.1427e-06
4532 2.82251e-07
4533 1.29821e-07
4534 1.07449e-06
4535 1.21576e-06
4536 4.69631e-06
4537 5.86304e-06
4538 1.72603e-06
4539 2.17039e-06
4540 1.10342e-06
4541 2.07165e-06
4542 7.62827e-07
4543 9.70998e-07
4544 2.08184e-06
4545 2.81115e-06
4546 2.61421e-07
4547 4.82121e-06
4548 1.70168e-06
4549 4.09602e-06
4550 3.25552e-06
4551 3.89584e-07
4552 5.77958e-07
4553 9.00158e-07
4554 1.85611e-06
4555 1.012e-06
4556 4.91748e-06
4557 7.37852e-07
4558 4.19957e-06
4559 7.13286e-06
4560 3.17992e-06
4561 2.50913e-06
4562 8.21854e-07
4563 3.5405e-07
4564 3.60195e-07
4565 9.17858e-07
4566 5.61682e-08
4567 2.09235e-06
4568 6.27322e-06
4569 5.2066e-06
4570 1.43863e-06
4571 2.09298e-06
4572 6.70204e-06
4573 1.05054e-06
4574 3.6574e-06
4575 6.77138e-06
4576 2.26072e-06
4577 4.37389e-06
4578 1.7534e-06
4579 2.36924e-06
4580 2.19634e-06
4581 1.47947e-06
4582 1.88158e-06
4583 8.6564e-07
4584 3.76629e-07
4585 2.51885e-07
4586 2.34361e-06
4587 2.19879e-06
4588 6.88134e-07
4589 4.20445e-06
4590 2.13711e-06
4591 1.14675e-06
4592 4.02362e-06
4593 1.70045e-06
4594 5.82164e-06
4595 1.95477e-06
4596 3.14357e-06
4597 4.8282e-06
4598 1.77553e-06
4599 4.45787e-06
4600 2.61234e-06
4601 1.19369e-06
4602 4.75864e-06
4603 3.49929e-07
4604 1.80851e-06
4605 4.69362e-08
4606 1.00704e-07
4607 3.50076e-08
4608 4.04562e-06
4609 4.92502e-08
4610 1.47805e-06
4611 2.31645e-06
4612 1.31466e-06
4613 9.63108e-07
4614 7.74445e-07
4615 4.29787e-06
4616 7.62597e-06
4617 8.14502e-06
4618 8.20409e-07
4619 1.6171e-06
4620 6.0951e-07
4621 2.30483e-07
4622 3.68187e-07
4623 4.90745e-06
4624 2.74496e-06
4625 2.69557e-06
4626 9.04186e-07
4627 4.67325e-07
4628 4.17887e-06
4629 1.68601e-06
4630 2.48646e-07
4631 6.29295e-06
4632 1.86561e-06
4633 2.19576e-06
4634 7.95065e-07
4635 1.64465e-06
4636 4.07796e-07
4637 2.04316e-07
4638 5.90169e-08
4639 4.03582e-06
4640 3.04405e-06
4641 2.07966e-06
4642 8.11128e-07
4643 1.17728e-06
4644 8.29439e-07
4645 1.98222e-06
4646 8.2392e-07
4647 4.25731e-06
4648 4.654e-06
4649 3.34076e-06
4650 1.22519e-06
4651 4.92858e-06
4652 4.4126e-06
4653 1.68113e-06
4654 6.21978e-07
4655 3.23371e-07
4656 8.12287e-07
4657 4.85659e-06
4658 1.85503e-06
4659 8.08174e-07
4660 3.8308e-07
4661 6.55421e-07
4662 4.23088e-06
4663 3.20209e-06
4664 4.33454e-06
4665 3.93777e-06
4666 4.29634e-06
4667 1.58693e-06
4668 1.31463e-05
4669 4.13329e-06
4670 4.00278e-06
4671 5.68404e-06
4672 1.88409e-06
4673 9.47894e-07
4674 1.43491e-06
4675 5.33239e-07
4676 1.90083e-06
4677 6.84751e-07
4678 1.20511e-06
4679 5.78969e-06
4680 2.30092e-06
4681 6.92163e-07
4682 3.12339e-07
4683 1.2541e-06
4684 5.82655e-07
4685 4.4636e-06
4686 3.14435e-06
4687 1.27064e-06
4688 1.76235e-06
4689 1.9732e-06
4690 4.68573e-07
4691 5.75539e-06
4692 5.26188e-06
4693 6.28612e-06
4694 1.16906e-06
4695 5.16267e-07
4696 9.02859e-08
4697 5.48721e-06
4698 7.78183e-06
4699 1.44973e-06
4700 4.51118e-06
4701 3.60296e-06
4702 2.46068e-06
4703 2.49706e-06
4704 1.75698e-06
4705 5.32202e-07
4706 7.3385e-07
4707 2.71644e-06
4708 4.07738e-06
4709 1.74533e-06
4710 5.5452e-07
4711 3.86009e-06
4712 2.47702e-06
4713 2.02538e-06
4714 3.11942e-06
4715 5.93695e-07
4716 3.02082e-07
4717 3.43752e-07
4718 6.44697e-07
4719 3.69546e-07
4720 5.61708e-06
4721 2.09685e-06
4722 2.42256e-07
4723 6.49429e-07
4724 3.93932e-08
4725 8.31713e-07
4726 1.82994e-06
4727 1.68791e-06
4728 4.14951e-06
4729 1.94444e-06
4730 4.71588e-06
4731 1.87635e-06
4732 1.58327e-06
4733 1.73349e-06
4734 2.2262e-06
4735 8.43089e-07
4736 1.9631e-06
4737 9.45843e-07
4738 8.32754e-06
4739 1.74016e-07
4740 3.53923e-06
4741 3.80439e-06
4742 4.26554e-06
4743 1.79889e-06
4744 4.41863e-07
4745 1.16225e-07
4746 1.93315e-07
4747 1.22649e-07
4748 1.55075e-06
4749 9.45406e-07
4750 4.8428e-06
4751 1.93316e-06
4752 1.23867e-06
4753 3.13954e-06
4754 5.30176e-06
4755 2.28941e-06
4756 5.00399e-06
4757 3.4813e-06
4758 4.79095e-06
4759 2.10837e-06
4760 1.3272e-06
4761 3.71692e-07
4762 7.62573e-07
4763 2.01509e-06
4764 4.82272e-06
4765 2.42407e-06
4766 5.60793e-06
4767 2.65134e-06
4768 8.92827e-07
4769 5.10629e-07
4770 5.25061e-06
4771 3.59885e-06
4772 4.51131e-06
4773 6.39865e-06
4774 2.16637e-06
4775 5.92229e-06
4776 1.91751e-06
4777 3.28827e-06
4778 1.99536e-06
4779 1.37624e-06
4780 1.22921e-06
4781 1.6822e-07
4782 1.36917e-07
4783 5.20112e-08
4784 2.85664e-07
4785 1.21976e-06
4786 1.06487e-06
4787 4.31941e-07
4788 3.27013e-06
4789 6.3589e-07
4790 5.45406e-07
4791 4.2667e-06
4792 1.61995e-06
4793 1.23594e-06
4794 7.93357e-07
4795 4.39808e-07
4796 1.56537e-06
4797 2.71757e-07
4798 2.35381e-07
4799 4.09042e-06
4800 7.07316e-06
4801 1.6181e-06
4802 2.76215e-06
4803 2.83802e-07
4804 1.80276e-06
4805 5.95561e-06
4806 2.15727e-06
4807 6.10825e-07
4808 1.76403e-06
4809 6.60712e-07
4810 2.74129e-07
4811 1.07854e-07
4812 4.56407e-06
4813 1.73697e-06
4814 6.41898e-07
4815 1.74173e-06
4816 2.3278e-06
4817 1.51277e-06
4818 4.4946e-07
4819 1.75668e-06
4820 8.14183e-07
4821 1.37299e-06
4822 1.41059e-06
4823 1.75375e-06
4824 7.70867e-07
4825 6.41453e-06
4826 2.13829e-06
4827 1.07891e-06
4828 1.81417e-06
4829 3.08138e-06
4830 1.39731e-06
4831 1.90434e-06
4832 7.18233e-07
4833 1.90081e-06
4834 8.21491e-06
4835 9.13124e-06
4836 3.44837e-06
4837 1.30644e-06
4838 2.9156e-07
4839 1.916e-06
4840 4.72396e-06
4841 3.55442e-06
4842 7.84138e-07
4843 9.23193e-08
4844 6.23098e-06
4845 8.5814e-07
4846 7.79033e-06
4847 2.33339e-06
4848 5.28035e-06
4849 2.88194e-06
4850 3.89547e-07
4851 2.65298e-06
4852 3.05147e-06
4853 2.13906e-06
4854 8.86436e-06
4855 9.1725e-06
4856 1.83523e-06
4857 4.70439e-07
4858 9.44198e-07
4859 5.87701e-06
4860 2.36955e-06
4861 5.41765e-06
4862 4.33109e-06
4863 1.88471e-06
4864 1.78115e-06
4865 1.27959e-07
4866 6.05617e-07
4867 7.54938e-07
4868 1.08705e-06
4869 2.00976e-07
4870 9.25484e-08
4871 7.36246e-07
4872 5.14064e-07
4873 4.22196e-07
4874 1.90067e-07
4875 2.69585e-07
4876 3.11133e-07
4877 1.21395e-07
4878 2.70731e-07
4879 1.13453e-07
4880 1.51198e-06
4881 2.12123e-06
4882 2.53517e-06
4883 1.75555e-06
4884 7.55093e-07
4885 3.78738e-07
4886 2.15609e-06
4887 1.40365e-06
4888 3.4821e-07
4889 1.30331e-07
4890 6.55686e-07
4891 8.68407e-07
4892 1.93332e-06
4893 4.67892e-06
4894 7.0501e-06
4895 5.78655e-06
4896 1.50983e-06
4897 2.49478e-06
4898 1.94411e-06
4899 5.40643e-07
4900 2.27422e-07
4901 1.43394e-07
4902 7.51534e-08
4903 4.39694e-08
4904 5.58076e-07
4905 5.96867e-06
4906 6.05695e-06
4907 1.63626e-06
4908 2.08074e-07
4909 6.23481e-07
4910 1.00431e-06
4911 6.40806e-06
4912 2.70495e-06
4913 7.05579e-07
4914 7.00452e-07
4915 9.04139e-07
4916 9.17781e-07
4917 1.90626e-07
4918 3.09746e-07
4919 3.87493e-07
4920 2.52687e-07
4921 3.00922e-06
4922 2.05786e-06
4923 2.40577e-07
4924 3.76115e-06
4925 1.00521e-06
4926 1.55929e-06
4927 1.84038e-06
4928 1.35716e-06
4929 5.02815e-07
4930 2.16847e-06
4931 1.58641e-06
4932 1.10693e-06
4933 3.48659e-07
4934 6.27847e-07
4935 3.95261e-06
4936 1.72917e-06
4937 6.2167e-06
4938 2.82434e-06
4939 2.5268e-06
4940 4.51317e-06
4941 6.72877e-07
4942 6.24306e-06
4943 2.98984e-06
4944 1.99924e-07
4945 5.86565e-07
4946 1.67432e-06
4947 7.59366e-07
4948 6.56093e-07
4949 1.9141e-06
4950 4.90046e-06
4951 8.70743e-07
4952 9.33261e-07
4953 3.85339e-06
4954 2.64178e-06
4955 2.29999e-06
4956 4.42792e-06
4957 1.69424e-07
4958 7.08326e-07
4959 3.74392e-06
4960 5.02362e-07
4961 1.91367e-06
4962 1.08549e-06
4963 4.1815e-06
4964 1.58404e-06
4965 8.20003e-06
4966 6.09702e-06
4967 2.22836e-06
4968 1.30114e-06
4969 5.96904e-07
4970 4.14993e-07
4971 1.83415e-06
4972 6.66182e-06
4973 2.3317e-06
4974 6.62516e-07
4975 2.33041e-06
4976 2.12584e-06
4977 1.31337e-06
4978 6.22932e-07
4979 1.7857e-06
4980 2.25869e-06
4981 2.79373e-07
4982 2.29442e-06
4983 4.29356e-07
4984 5.64506e-06
4985 6.65058e-06
4986 5.23461e-06
4987 3.33677e-06
4988 2.50871e-07
4989 4.8274e-06
4990 2.015e-06
4991 1.39286e-06
4992 5.96336e-07
4993 8.48691e-06
4994 3.56648e-06
4995 1.69265e-06
4996 2.20652e-06
4997 1.71229e-08
4998 3.84756e-08
4999 0
