1 1 1 1 0 0 0
1 1 1.64872 1 0.10057 0.0982947 0.102909
1 1 2.71828 1 0.162374 0.15942 0.165193
1 1 4.48169 1 0.232874 0.22947 0.236247
1 1 7.38906 1 0.283099 0.279382 0.286868
1 1 12.1825 1 0.328554 0.324769 0.332507
1 1 20.0855 1 0.366479 0.362435 0.370388
1 1 33.1155 1 0.401926 0.397728 0.405845
1 1 54.5982 1 0.432902 0.428884 0.437049
1 1 90.0171 1 0.46105 0.456839 0.465289
1 1 148.413 1 0.486521 0.482345 0.490693
1 1 244.692 1 0.510095 0.505944 0.514323
1 1 403.429 1 0.53146 0.527201 0.535616
1 1 665.142 1 0.552362 0.548186 0.556607
1 1 1096.63 1 0.570501 0.56622 0.574742
1 1 1808.04 1 0.586226 0.582118 0.590501
1 1 2980.96 1 0.601377 0.597112 0.605453
1 1 4914.77 1 0.614809 0.610726 0.619004
1 1 8103.08 1 0.628153 0.624106 0.632345
1 1 13359.7 1 0.632776 0.628715 0.636946
1 1 22026.5 1 0.632776 0.628728 0.636805
1 1 36315.5 1 0.632776 0.628686 0.636935
1 1 59874.1 1 0.632776 0.62862 0.636821
1 1 98715.8 1 0.632776 0.628775 0.636817
1 1 162755 1 0.632776 0.628589 0.636798
1 1 268337 1 0.632776 0.628673 0.636871
1 1 442413 1 0.632776 0.628689 0.636976
1 1 729416 1 0.632776 0.62871 0.63691
1 1 1.2026e+06 1 0.632776 0.628717 0.636894
