0 0
1 0.0001144
2 6.99619e-05
3 5.83619e-05
4 4.6e-05
5 4.67619e-05
6 4.23619e-05
7 3.72e-05
8 3.52e-05
9 2.64e-05
10 2.55239e-05
11 2.76e-05
12 1.96e-05
13 1.96e-05
14 2.12e-05
15 2.35619e-05
16 1.91619e-05
17 1.8e-05
18 2.43619e-05
19 1.44e-05
20 1.76e-05
21 1.99619e-05
22 1.84e-05
23 1.87239e-05
24 1.48e-05
25 2.23619e-05
26 1.36e-05
27 1.75239e-05
28 1.11619e-05
29 1.31619e-05
30 1.4e-05
31 1.39619e-05
32 1.44e-05
33 1.36e-05
34 1.56e-05
35 1.23619e-05
36 1.24e-05
37 1.64e-05
38 1.16e-05
39 1.32e-05
40 1.19619e-05
41 1.16e-05
42 1.32e-05
43 9.6e-06
44 8.8e-06
45 9.56193e-06
46 9.6e-06
47 1.03619e-05
48 1.03619e-05
49 1.2e-05
50 1.2e-05
51 9.12387e-06
52 1.08e-05
53 1.43619e-05
54 7.6e-06
55 1.12e-05
56 8.8e-06
57 7.6e-06
58 8.4e-06
59 6e-06
60 5.6e-06
61 8.36193e-06
62 9.6e-06
63 8.36193e-06
64 6.8e-06
65 7.96193e-06
66 8.8e-06
67 8.4e-06
68 8e-06
69 8.76193e-06
70 8e-06
71 1e-05
72 9.16193e-06
73 1.19619e-05
74 6.4e-06
75 7.6e-06
76 9.96193e-06
77 1.19619e-05
78 6.76193e-06
79 9.2e-06
80 6.4e-06
81 1.12e-05
82 7.2e-06
83 8.4e-06
84 1.11619e-05
85 7.2e-06
86 6.76193e-06
87 8.4e-06
88 7.52387e-06
89 9.52387e-06
90 6.36193e-06
91 8e-06
92 6.8e-06
93 7.6e-06
94 6.36193e-06
95 9.52387e-06
96 7.2e-06
97 8e-06
98 5.96193e-06
99 5.16193e-06
100 7.2e-06
101 7.6e-06
102 8e-06
103 4.8e-06
104 7.52387e-06
105 8e-06
106 6e-06
107 5.6e-06
108 8.8e-06
109 2.8e-06
110 8e-06
111 2e-06
112 8.76193e-06
113 5.92387e-06
114 7.6e-06
115 8.4e-06
116 4e-06
117 6.36193e-06
118 3.2e-06
119 5.6e-06
120 4.8e-06
121 7.2e-06
122 6.36193e-06
123 7.2e-06
124 5.2e-06
125 3.16193e-06
126 7.6e-06
127 6.8e-06
128 3.6e-06
129 5.2e-06
130 4.8e-06
131 6.4e-06
132 6.8e-06
133 6.4e-06
134 6e-06
135 4e-06
136 4e-06
137 3.96193e-06
138 5.56193e-06
139 4.4e-06
140 8e-06
141 6.36193e-06
142 3.2e-06
143 4e-06
144 4.8e-06
145 7.16193e-06
146 7.12387e-06
147 5.96193e-06
148 4.8e-06
149 6.4e-06
150 6.4e-06
151 4e-06
152 4e-06
153 4.8e-06
154 7.56193e-06
155 6e-06
156 6.36193e-06
157 3.6e-06
158 3.16193e-06
159 5.6e-06
160 3.2e-06
161 2e-06
162 6e-06
163 5.2e-06
164 5.2e-06
165 4e-06
166 4.8e-06
167 4e-06
168 4.36193e-06
169 5.2e-06
170 4.36193e-06
171 3.2e-06
172 6.36193e-06
173 4.8e-06
174 3.6e-06
175 4.4e-06
176 4.36193e-06
177 4e-06
178 4e-06
179 5.52749e-06
180 4.36193e-06
181 5.6e-06
182 5.16193e-06
183 5.6e-06
184 4e-06
185 1.96193e-06
186 5.6e-06
187 6.8e-06
188 4e-06
189 6e-06
190 4.4e-06
191 4.36193e-06
192 4.36193e-06
193 5.16193e-06
194 3.56193e-06
195 3.6e-06
196 6.4e-06
197 5.6e-06
198 3.2e-06
199 2.76193e-06
200 6e-06
201 4.8e-06
202 3.96193e-06
203 5.2e-06
204 3.6e-06
205 2.4e-06
206 5.2e-06
207 5.6e-06
208 3.6e-06
209 4.8e-06
210 2.4e-06
211 6.4e-06
212 4e-06
213 4e-06
214 4.72387e-06
215 4.4e-06
216 4.8e-06
217 2.4e-06
218 4.4e-06
219 3.56193e-06
220 4e-06
221 6.4e-06
222 4e-06
223 5.92387e-06
224 3.2e-06
225 3.56193e-06
226 6.76193e-06
227 5.2e-06
228 3.2e-06
229 3.96193e-06
230 3.16193e-06
231 3.96193e-06
232 5.52387e-06
233 3.2e-06
234 4.8e-06
235 3.6e-06
236 4.8e-06
237 1.6e-06
238 4.76193e-06
239 2.4e-06
240 5.6e-06
241 3.6e-06
242 4.36193e-06
243 3.2e-06
244 4.36193e-06
245 3.6e-06
246 3.16193e-06
247 3.96193e-06
248 2.8e-06
249 3.2e-06
250 4.4e-06
251 5.6e-06
252 1.6e-06
253 6.8e-06
254 2.8e-06
255 2e-06
256 4.4e-06
257 3.96193e-06
258 3.2e-06
259 2.4e-06
260 4.4e-06
261 6.36193e-06
262 4.36193e-06
263 3.6e-06
264 4e-06
265 3.2e-06
266 2.36193e-06
267 5.6e-06
268 3.96193e-06
269 2.4e-06
270 5.16193e-06
271 3.6e-06
272 2.8e-06
273 2.8e-06
274 2.4e-06
275 2e-06
276 3.2e-06
277 4.4e-06
278 3.56193e-06
279 3.56193e-06
280 4e-06
281 3.6e-06
282 3.16193e-06
283 1.6e-06
284 5.56193e-06
285 5.16193e-06
286 3.6e-06
287 3.96193e-06
288 3.2e-06
289 3.16193e-06
290 5.16193e-06
291 1.56193e-06
292 1.6e-06
293 3.2e-06
294 2.8e-06
295 4e-06
296 3.2e-06
297 3.16193e-06
298 3.6e-06
299 3.6e-06
300 4.8e-06
301 2.36193e-06
302 2.4e-06
303 3.2e-06
304 4.4e-06
305 3.6e-06
306 2e-06
307 3.2e-06
308 3.6e-06
309 4.4e-06
310 4e-06
311 2e-06
312 3.16193e-06
313 2e-06
314 4e-06
315 3.56193e-06
316 4e-06
317 4e-06
318 4.76193e-06
319 3.2e-06
320 2.4e-06
321 7.61935e-07
322 2.8e-06
323 2.4e-06
324 1.6e-06
325 2.32749e-06
326 5.6e-06
327 2.8e-06
328 4e-06
329 3.56193e-06
330 4.36193e-06
331 3.56193e-06
332 4.8e-06
333 4.4e-06
334 3.96193e-06
335 4.4e-06
336 3.2e-06
337 4.4e-06
338 2e-06
339 3.6e-06
340 3.2e-06
341 4.4e-06
342 3.56193e-06
343 3.6e-06
344 2.4e-06
345 3.6e-06
346 2.4e-06
347 2.8e-06
348 2.72387e-06
349 3.2e-06
350 1.96193e-06
351 5.2e-06
352 2.72749e-06
353 3.56193e-06
354 3.96193e-06
355 4.4e-06
356 3.08943e-06
357 2e-06
358 3.56193e-06
359 8e-07
360 3.2e-06
361 3.56193e-06
362 3.6e-06
363 1.2e-06
364 8e-07
365 2.8e-06
366 4e-06
367 2.4e-06
368 2.4e-06
369 4e-06
370 2.4e-06
371 4.32387e-06
372 2.36193e-06
373 1.6e-06
374 1.2e-06
375 5.12749e-06
376 1.96193e-06
377 2.4e-06
378 5.96193e-06
379 5.16193e-06
380 3.16193e-06
381 2.4e-06
382 5.6e-06
383 4e-06
384 4e-06
385 2.76193e-06
386 4.4e-06
387 1.2e-06
388 4.8e-06
389 4.4e-06
390 2.8e-06
391 1.6e-06
392 2.4e-06
393 2.8e-06
394 3.6e-06
395 2e-06
396 4e-06
397 3.56193e-06
398 1.96193e-06
399 2.8e-06
400 5.2e-06
401 2.8e-06
402 3.2e-06
403 1.6e-06
404 3.6e-06
405 2.8e-06
406 4.76193e-06
407 3.2e-06
408 3.2e-06
409 2.8e-06
410 3.16193e-06
411 1.6e-06
412 3.2e-06
413 4e-06
414 2.8e-06
415 2e-06
416 1.6e-06
417 3.56193e-06
418 2.4e-06
419 2e-06
420 1.2e-06
421 1.6e-06
422 2.76193e-06
423 4.8e-06
424 2e-06
425 6.4e-06
426 2e-06
427 3.96193e-06
428 2.76193e-06
429 4.4e-06
430 2.4e-06
431 1.6e-06
432 3.56193e-06
433 3.6e-06
434 1.6e-06
435 2.36193e-06
436 3.45136e-06
437 3.2e-06
438 3.6e-06
439 3.6e-06
440 2.4e-06
441 1.2e-06
442 3.56193e-06
443 1.6e-06
444 1.6e-06
445 3.2e-06
446 3.56193e-06
447 1.6e-06
448 4e-07
449 2.8e-06
450 2.6858e-06
451 3.16193e-06
452 2.36193e-06
453 2e-06
454 1.2e-06
455 4.4e-06
456 4e-06
457 3.92387e-06
458 2.36193e-06
459 2e-06
460 1.56193e-06
461 2.8e-06
462 3.2e-06
463 4e-06
464 5.2e-06
465 2.8e-06
466 2.76193e-06
467 1.2e-06
468 5.48943e-06
469 3.2e-06
470 2.4e-06
471 2.8e-06
472 2.8e-06
473 3.16193e-06
474 2e-06
475 2e-06
476 2.4e-06
477 2e-06
478 2.8e-06
479 2.8e-06
480 1.2e-06
481 2.8e-06
482 5.52387e-06
483 2e-06
484 2e-06
485 2e-06
486 3.6e-06
487 2.36193e-06
488 2.76193e-06
489 1.2e-06
490 6e-06
491 3.2e-06
492 2e-06
493 3.2e-06
494 3.2e-06
495 1.6e-06
496 2.76193e-06
497 1.96193e-06
498 2.72387e-06
499 2.4e-06
500 2.4e-06
501 3.2e-06
502 3.96193e-06
503 1.96193e-06
504 1.6e-06
505 1.6e-06
506 2.4e-06
507 2.76193e-06
508 3.96193e-06
509 3.16193e-06
510 4.36193e-06
511 2.4e-06
512 1.6e-06
513 2.8e-06
514 4.76193e-06
515 2e-06
516 2.4e-06
517 1.6e-06
518 4.36193e-06
519 4e-06
520 2.8e-06
521 1.2e-06
522 3.2e-06
523 1.96193e-06
524 2.76193e-06
525 2e-06
526 1.56193e-06
527 1.6e-06
528 2.4e-06
529 3.6e-06
530 3.56193e-06
531 3.2e-06
532 1.6e-06
533 1.2e-06
534 4e-06
535 2.8e-06
536 2.8e-06
537 2e-06
538 1.92749e-06
539 3.2e-06
540 2.8e-06
541 1.6e-06
542 3.2e-06
543 1.2e-06
544 2.4e-06
545 2.32387e-06
546 2.8e-06
547 3.6e-06
548 1.6e-06
549 2e-06
550 2.72387e-06
551 2.32387e-06
552 3.6e-06
553 3.2e-06
554 2e-06
555 3.6e-06
556 3.8858e-06
557 1.96193e-06
558 1.56193e-06
559 2.8e-06
560 1.2e-06
561 1.16193e-06
562 4.4e-06
563 3.2e-06
564 3.6e-06
565 4.36193e-06
566 2.76193e-06
567 2.4e-06
568 1.96193e-06
569 1.6e-06
570 2.8e-06
571 2e-06
572 2.4e-06
573 2.4e-06
574 2e-06
575 2.36193e-06
576 4.36193e-06
577 1.56193e-06
578 1.6e-06
579 3.2e-06
580 1.2e-06
581 4.4e-06
582 2.4e-06
583 2.8e-06
584 1.2e-06
585 0
586 2.4e-06
587 1.6e-06
588 1.2e-06
589 2.4e-06
590 2.36193e-06
591 1.6e-06
592 2e-06
593 1.6e-06
594 2.8e-06
595 1.6e-06
596 3.16193e-06
597 2.8e-06
598 4e-06
599 1.2e-06
600 1.2e-06
601 3.2e-06
602 1.6e-06
603 2.8e-06
604 2e-06
605 1.6e-06
606 2.36193e-06
607 2e-06
608 2.76193e-06
609 2.4e-06
610 3.16193e-06
611 4e-06
612 1.6e-06
613 2e-06
614 2e-06
615 1.6e-06
616 1.56193e-06
617 3.4858e-06
618 3.92387e-06
619 4e-06
620 1.6e-06
621 1.6e-06
622 1.6e-06
623 3.2e-06
624 2.36193e-06
625 2e-06
626 2e-06
627 1.2e-06
628 2.4e-06
629 4e-07
630 2e-06
631 2.76193e-06
632 1.6e-06
633 2.4e-06
634 1.96193e-06
635 2.4e-06
636 3.2e-06
637 3.96193e-06
638 3.96193e-06
639 3.2e-06
640 8e-07
641 1.6e-06
642 1.6e-06
643 2.8e-06
644 3.56193e-06
645 2.4e-06
646 1.16193e-06
647 2e-06
648 2e-06
649 4.4e-06
650 2.72387e-06
651 8e-07
652 1.6e-06
653 3.2e-06
654 2.4e-06
655 8e-07
656 1.56193e-06
657 1.96193e-06
658 1.2e-06
659 8e-07
660 2e-06
661 2.4e-06
662 1.6e-06
663 2e-06
664 3.2e-06
665 2e-06
666 3.12387e-06
667 2e-06
668 1.56193e-06
669 8e-07
670 1.96193e-06
671 2.4e-06
672 1.2e-06
673 1.6e-06
674 8e-07
675 2.76193e-06
676 8e-07
677 1.56193e-06
678 4.4e-06
679 3.12387e-06
680 8e-07
681 2.4e-06
682 2.4e-06
683 8e-07
684 3.16193e-06
685 1.6e-06
686 2.8e-06
687 1.6e-06
688 2.4e-06
689 2.4e-06
690 2e-06
691 2.8e-06
692 8e-07
693 1.2e-06
694 2.8e-06
695 2.8e-06
696 1.6e-06
697 3.96193e-06
698 2.4e-06
699 2e-06
700 1.56193e-06
701 3.2e-06
702 8e-07
703 2.76193e-06
704 2.4e-06
705 1.16193e-06
706 2.8e-06
707 2e-06
708 2e-06
709 2.8e-06
710 8e-07
711 2.4e-06
712 1.96193e-06
713 1.2e-06
714 2.8e-06
715 7.61935e-07
716 2.4e-06
717 1.6e-06
718 2e-06
719 1.6e-06
720 2.8e-06
721 1.2e-06
722 1.6e-06
723 3.2e-06
724 3.52387e-06
725 1.16193e-06
726 8e-07
727 3.56193e-06
728 1.6e-06
729 1.56193e-06
730 2.76193e-06
731 2.4e-06
732 2.4e-06
733 1.96193e-06
734 4.36193e-06
735 2e-06
736 4.36193e-06
737 1.2e-06
738 3.96193e-06
739 2e-06
740 1.6e-06
741 2.4e-06
742 3.2e-06
743 2.8e-06
744 1.6e-06
745 2.4e-06
746 2e-06
747 4.36193e-06
748 4.76193e-06
749 1.6e-06
750 1.6e-06
751 2.4e-06
752 2e-06
753 3.12387e-06
754 4e-06
755 3.2e-06
756 1.56193e-06
757 2.4e-06
758 1.96193e-06
759 1.2e-06
760 0
761 1.96193e-06
762 1.2e-06
763 4e-06
764 1.6e-06
765 2e-06
766 8e-07
767 2e-06
768 3.56193e-06
769 3.6e-06
770 3.2e-06
771 2.8e-06
772 4e-07
773 1.6e-06
774 2e-06
775 4e-07
776 7.61935e-07
777 1.2e-06
778 2e-06
779 1.6e-06
780 2.76193e-06
781 1.6e-06
782 8e-07
783 3.16193e-06
784 2.4e-06
785 2e-06
786 1.16193e-06
787 8e-07
788 7.61935e-07
789 8e-07
790 2e-06
791 1.2e-06
792 2.36193e-06
793 2.4e-06
794 1.2e-06
795 1.6e-06
796 8e-07
797 2.4e-06
798 8e-07
799 2.36193e-06
800 3.2e-06
801 2.4e-06
802 1.96193e-06
803 8e-07
804 3.2e-06
805 1.2e-06
806 2e-06
807 1.2e-06
808 2e-06
809 4e-07
810 4.72387e-06
811 1.2e-06
812 8e-07
813 1.2e-06
814 4e-07
815 1.16193e-06
816 3.2e-06
817 1.6e-06
818 4e-06
819 4e-07
820 2.4e-06
821 2e-06
822 1.2e-06
823 3.16193e-06
824 1.2e-06
825 1.16193e-06
826 2.4e-06
827 8e-07
828 1.6e-06
829 8e-07
830 1.2e-06
831 1.6e-06
832 3.61935e-07
833 4e-07
834 1.6e-06
835 5.4858e-06
836 1.56193e-06
837 1.2e-06
838 1.6e-06
839 2.36193e-06
840 1.96193e-06
841 1.6e-06
842 1.96193e-06
843 1.6e-06
844 2.4e-06
845 2.4e-06
846 2.36193e-06
847 3.2e-06
848 2e-06
849 2.4e-06
850 2.4e-06
851 8e-07
852 1.2e-06
853 2.36193e-06
854 1.6e-06
855 2.64774e-06
856 2.36193e-06
857 4e-07
858 8e-07
859 1.56193e-06
860 1.56193e-06
861 2.8e-06
862 8e-07
863 2.4e-06
864 1.56193e-06
865 2e-06
866 1.56193e-06
867 2.8e-06
868 1.2e-06
869 1.88943e-06
870 2.8e-06
871 2e-06
872 1.6e-06
873 1.16193e-06
874 2.8e-06
875 3.2e-06
876 1.6e-06
877 2.76193e-06
878 1.6e-06
879 2e-06
880 2.4e-06
881 2.8e-06
882 2e-06
883 1.2e-06
884 2.8e-06
885 2.4e-06
886 8e-07
887 1.2e-06
888 2.4e-06
889 1.6e-06
890 2.72387e-06
891 2e-06
892 1.2e-06
893 1.6e-06
894 1.56193e-06
895 2.8e-06
896 2.8e-06
897 3.56193e-06
898 1.6e-06
899 1.2e-06
900 2.36193e-06
901 1.56193e-06
902 8e-07
903 2.4e-06
904 1.96193e-06
905 1.16193e-06
906 1.16193e-06
907 2e-06
908 1.6e-06
909 1.6e-06
910 2.8e-06
911 2.8e-06
912 1.6e-06
913 3.2e-06
914 2.4e-06
915 1.2e-06
916 1.6e-06
917 2e-06
918 1.6e-06
919 2e-06
920 1.6e-06
921 2.4e-06
922 2.72387e-06
923 2e-06
924 2e-06
925 2.32387e-06
926 1.6e-06
927 8e-07
928 1.6e-06
929 3.52387e-06
930 1.16193e-06
931 8e-07
932 1.2e-06
933 8e-07
934 8e-07
935 2e-06
936 1.16193e-06
937 1.96193e-06
938 4e-07
939 1.96193e-06
940 2e-06
941 3.4858e-06
942 1.2e-06
943 1.8858e-06
944 1.56193e-06
945 1.2e-06
946 2e-06
947 1.6e-06
948 2e-06
949 2.36193e-06
950 1.96193e-06
951 8e-07
952 1.2e-06
953 2e-06
954 3.56193e-06
955 1.2e-06
956 1.2e-06
957 2e-06
958 1.6e-06
959 8e-07
960 2.8e-06
961 1.52749e-06
962 1.2e-06
963 1.16193e-06
964 2.8e-06
965 8e-07
966 2e-06
967 1.6e-06
968 1.6e-06
969 1.96193e-06
970 8e-07
971 2e-06
972 1.2e-06
973 1.6e-06
974 8e-07
975 1.2e-06
976 2.8e-06
977 4e-07
978 1.16193e-06
979 2.4e-06
980 1.2e-06
981 4e-07
982 1.96193e-06
983 2.8e-06
984 1.6e-06
985 4e-07
986 1.6e-06
987 3.2e-06
988 1.52387e-06
989 1.6e-06
990 1.6e-06
991 1.2e-06
992 1.6e-06
993 8e-07
994 1.2e-06
995 1.6e-06
996 1.2e-06
997 1.96193e-06
998 1.2e-06
999 0
