0 0
1 1.136e-05
2 7.8e-06
3 5.8e-06
4 5.2396e-06
5 4.0396e-06
6 4.68e-06
7 3.56e-06
8 3e-06
9 2.5992e-06
10 2.3596e-06
11 2.84e-06
12 2.7196e-06
13 1.8e-06
14 2.52e-06
15 2.2796e-06
16 1.8e-06
17 2.4e-06
18 2.2e-06
19 2.12e-06
20 1.84e-06
21 1.68e-06
22 1.84e-06
23 1.56e-06
24 1.3996e-06
25 1.36e-06
26 1.5996e-06
27 1.28e-06
28 1.7196e-06
29 1.5192e-06
30 1.5592e-06
31 1.32e-06
32 2e-06
33 1.12e-06
34 1.48e-06
35 1.36e-06
36 1.16e-06
37 1.28e-06
38 1.08e-06
39 1.0396e-06
40 1.0396e-06
41 1.3196e-06
42 1.3192e-06
43 1.0796e-06
44 1.36e-06
45 1.32e-06
46 1.16e-06
47 1.3592e-06
48 1.2e-06
49 1e-06
50 6.4e-07
51 9.6e-07
52 8.8e-07
53 1.16e-06
54 6.8e-07
55 7.2e-07
56 1.04e-06
57 1.16e-06
58 1.0792e-06
59 8.4e-07
60 1.16e-06
61 1.08e-06
62 1.16e-06
63 6.8e-07
64 1e-06
65 8.8e-07
66 9.2e-07
67 9.6e-07
68 1.0796e-06
69 1e-06
70 1.08e-06
71 9.99602e-07
72 8.39602e-07
73 9.6e-07
74 6e-07
75 7.6e-07
76 8e-07
77 6.8e-07
78 7.19204e-07
79 6.8e-07
80 6.8e-07
81 8.8e-07
82 9.59602e-07
83 9.2e-07
84 6e-07
85 7.59602e-07
86 7.59204e-07
87 5.6e-07
88 9.59602e-07
89 9.59602e-07
90 8e-07
91 5.19602e-07
92 9.99602e-07
93 6.79602e-07
94 7.99602e-07
95 5.99602e-07
96 4.8e-07
97 7.6e-07
98 5.6e-07
99 4.4e-07
100 7.59204e-07
101 6.4e-07
102 7.6e-07
103 6.4e-07
104 1.1196e-06
105 6.39602e-07
106 7.6e-07
107 3.19602e-07
108 5.2e-07
109 5.59602e-07
110 8.8e-07
111 5.6e-07
112 6.79602e-07
113 7.2e-07
114 7.2e-07
115 8.39204e-07
116 6.4e-07
117 5.19602e-07
118 4.8e-07
119 6.8e-07
120 4.8e-07
121 3.2e-07
122 5.99602e-07
123 3.2e-07
124 6e-07
125 5.6e-07
126 6.4e-07
127 5.2e-07
128 6e-07
129 4.8e-07
130 8.79204e-07
131 2.4e-07
132 5.6e-07
133 5.6e-07
134 4e-07
135 5.19204e-07
136 4.39602e-07
137 7.99602e-07
138 5.2e-07
139 6.8e-07
140 5.59208e-07
141 5.2e-07
142 8.4e-07
143 4.8e-07
144 4.39602e-07
145 3.59602e-07
146 7.2e-07
147 4.79602e-07
148 5.99602e-07
149 4.8e-07
150 4.4e-07
151 4.8e-07
152 4.8e-07
153 6.8e-07
154 8.4e-07
155 3.6e-07
156 7.99602e-07
157 4.4e-07
158 4.4e-07
159 6.79602e-07
160 5.2e-07
161 7.59602e-07
162 3.99204e-07
163 6.39204e-07
164 5.59204e-07
165 5.2e-07
166 4.8e-07
167 5.59602e-07
168 6.79602e-07
169 9.99602e-07
170 4.4e-07
171 3.2e-07
172 6.39602e-07
173 4.4e-07
174 3.19602e-07
175 6e-07
176 3.6e-07
177 5.99602e-07
178 7.19204e-07
179 7.6e-07
180 2.8e-07
181 4.79602e-07
182 6.4e-07
183 3.6e-07
184 2.4e-07
185 4.8e-07
186 5.2e-07
187 6.8e-07
188 3.2e-07
189 5.2e-07
190 4.4e-07
191 4.8e-07
192 3.6e-07
193 4.8e-07
194 4.4e-07
195 5.19602e-07
196 2.8e-07
197 4e-07
198 7.6e-07
199 4.8e-07
200 3.6e-07
201 4e-07
202 4.4e-07
203 7.2e-07
204 4.8e-07
205 4.8e-07
206 5.19602e-07
207 4.8e-07
208 5.19602e-07
209 2.4e-07
210 4.4e-07
211 4.8e-07
212 4.4e-07
213 3.19602e-07
214 4.4e-07
215 4e-07
216 4.4e-07
217 6.4e-07
218 5.59602e-07
219 2e-07
220 4e-07
221 6.79602e-07
222 9.6e-07
223 5.19602e-07
224 4.79208e-07
225 2.8e-07
226 6e-07
227 3.59602e-07
228 3.99204e-07
229 6e-07
230 5.19602e-07
231 3.6e-07
232 3.6e-07
233 3.6e-07
234 5.6e-07
235 2e-07
236 6.39602e-07
237 3.2e-07
238 5.2e-07
239 5.2e-07
240 7.98806e-07
241 3.98806e-07
242 3.2e-07
243 4.39602e-07
244 2.4e-07
245 3.2e-07
246 3.59602e-07
247 3.2e-07
248 3.99204e-07
249 3.99204e-07
250 4e-07
251 4e-07
252 2.39602e-07
253 2.79602e-07
254 3.2e-07
255 4.4e-07
256 5.19602e-07
257 4e-07
258 3.99602e-07
259 4.4e-07
260 2.4e-07
261 2.39602e-07
262 3.2e-07
263 3.2e-07
264 4e-07
265 5.2e-07
266 3.59602e-07
267 3.59602e-07
268 2.78806e-07
269 6.79602e-07
270 4.8e-07
271 4.79602e-07
272 3.2e-07
273 7.2e-07
274 2.8e-07
275 4e-07
276 3.99602e-07
277 2.79602e-07
278 3.2e-07
279 6e-07
280 2.4e-07
281 4.4e-07
282 5.6e-07
283 2e-07
284 4.8e-07
285 4.4e-07
286 4.8e-07
287 5.59602e-07
288 3.99602e-07
289 2.8e-07
290 4e-07
291 4.8e-07
292 4.8e-07
293 4.79602e-07
294 3.2e-07
295 3.19602e-07
296 4.39602e-07
297 3.99204e-07
298 3.19602e-07
299 2.8e-07
300 3.6e-07
301 3.59602e-07
302 5.19602e-07
303 3.59602e-07
304 6.79208e-07
305 4.4e-07
306 4.4e-07
307 2.39602e-07
308 3.19602e-07
309 3.6e-07
310 3.99208e-07
311 2.4e-07
312 3.2e-07
313 2.39602e-07
314 3.59602e-07
315 2.8e-07
316 4e-07
317 2.8e-07
318 4e-07
319 2.4e-07
320 2.8e-07
321 3.2e-07
322 2.4e-07
323 2.4e-07
324 4.8e-07
325 4.39602e-07
326 4e-07
327 1.6e-07
328 3.59602e-07
329 3.2e-07
330 1.99602e-07
331 1.99602e-07
332 5.6e-07
333 3.6e-07
334 3.6e-07
335 3.2e-07
336 3.2e-07
337 2.4e-07
338 3.6e-07
339 2e-07
340 4e-08
341 8e-08
342 3.6e-07
343 4e-07
344 1.99602e-07
345 1.6e-07
346 1.6e-07
347 2.4e-07
348 1.6e-07
349 2.8e-07
350 2.79602e-07
351 1.6e-07
352 3.2e-07
353 2.79602e-07
354 3.19602e-07
355 3.2e-07
356 5.59602e-07
357 4e-07
358 2.8e-07
359 3.59602e-07
360 2.79204e-07
361 3.6e-07
362 2.8e-07
363 2.8e-07
364 3.2e-07
365 2.8e-07
366 2.39602e-07
367 4.39204e-07
368 4.4e-07
369 2.4e-07
370 5.19602e-07
371 2.39602e-07
372 2.79602e-07
373 4.8e-07
374 4.8e-07
375 3.59204e-07
376 2.39602e-07
377 5.19602e-07
378 4e-08
379 4.39602e-07
380 3.6e-07
381 2.4e-07
382 7.2e-07
383 3.6e-07
384 3.2e-07
385 3.99602e-07
386 4e-07
387 8e-08
388 1.2e-07
389 2.8e-07
390 3.19602e-07
391 2.8e-07
392 2.4e-07
393 2.8e-07
394 3.2e-07
395 4.39602e-07
396 2.4e-07
397 3.2e-07
398 3.5881e-07
399 8e-08
400 2.8e-07
401 2.8e-07
402 3.19602e-07
403 1.6e-07
404 3.99204e-07
405 2.4e-07
406 2.8e-07
407 3.2e-07
408 2e-07
409 3.59602e-07
410 3.6e-07
411 2.4e-07
412 2e-07
413 1.6e-07
414 1.2e-07
415 2.79602e-07
416 2.8e-07
417 3.2e-07
418 4.39602e-07
419 3.2e-07
420 3.99602e-07
421 1.99602e-07
422 2.8e-07
423 4e-08
424 3.2e-07
425 2.39602e-07
426 1.6e-07
427 3.59204e-07
428 2.8e-07
429 2.8e-07
430 3.2e-07
431 4.79602e-07
432 2.8e-07
433 3.6e-07
434 4.8e-07
435 2.39602e-07
436 2.4e-07
437 4e-07
438 2.8e-07
439 2.4e-07
440 3.2e-07
441 1.2e-07
442 4.4e-07
443 2.39602e-07
444 2.4e-07
445 1.19602e-07
446 2e-07
447 3.2e-07
448 4.4e-07
449 4.8e-07
450 3.59204e-07
451 2.4e-07
452 2.79602e-07
453 4e-07
454 2.4e-07
455 2e-07
456 2.4e-07
457 8e-08
458 1.6e-07
459 3.2e-07
460 1.99602e-07
461 4.4e-07
462 3.59602e-07
463 2e-07
464 4.8e-07
465 3.2e-07
466 5.19204e-07
467 5.2e-07
468 4.4e-07
469 2.79602e-07
470 4.79602e-07
471 5.99204e-07
472 3.6e-07
473 1.19602e-07
474 1.6e-07
475 2.39204e-07
476 2.8e-07
477 4.39602e-07
478 2.8e-07
479 3.19602e-07
480 3.19602e-07
481 2.39208e-07
482 8e-08
483 1.2e-07
484 3.6e-07
485 1.2e-07
486 1.19204e-07
487 2.8e-07
488 4.39602e-07
489 3.2e-07
490 3.19602e-07
491 3.19602e-07
492 3.18818e-07
493 2e-07
494 1.2e-07
495 2e-07
496 5.2e-07
497 8e-08
498 2.8e-07
499 3.58806e-07
500 2e-07
501 2.4e-07
502 1.2e-07
503 1.6e-07
504 1.2e-07
505 1.19602e-07
506 2.4e-07
507 2.4e-07
508 4e-07
509 1.19602e-07
510 3.6e-07
511 2.8e-07
512 2.4e-07
513 1.6e-07
514 1.99602e-07
515 2.4e-07
516 4e-07
517 1.6e-07
518 1.99602e-07
519 2.4e-07
520 4e-07
521 1.6e-07
522 4e-07
523 1.2e-07
524 3.6e-07
525 3.99602e-07
526 1.2e-07
527 3.2e-07
528 3.6e-07
529 1.6e-07
530 3.6e-07
531 2.8e-07
532 2e-07
533 3.2e-07
534 3.19602e-07
535 8e-08
536 2.4e-07
537 1.99602e-07
538 2.8e-07
539 1.6e-07
540 3.2e-07
541 2.8e-07
542 4.8e-07
543 3.6e-07
544 3.2e-07
545 1.2e-07
546 1.19208e-07
547 3.6e-07
548 2.8e-07
549 4e-08
550 2.79602e-07
551 1.6e-07
552 2.4e-07
553 2e-07
554 2.4e-07
555 3.2e-07
556 2e-07
557 1.99602e-07
558 2.39602e-07
559 1.6e-07
560 3.2e-07
561 3.2e-07
562 2e-07
563 3.2e-07
564 1.6e-07
565 8e-08
566 8e-08
567 1.2e-07
568 1.6e-07
569 2.79602e-07
570 2e-07
571 1.6e-07
572 1.99602e-07
573 2.4e-07
574 2e-07
575 1.6e-07
576 2e-07
577 2e-07
578 3.19602e-07
579 2.8e-07
580 2.8e-07
581 2.4e-07
582 1.19602e-07
583 3.59602e-07
584 1.19602e-07
585 2.8e-07
586 1.2e-07
587 4.39602e-07
588 2e-07
589 3.2e-07
590 2e-07
591 1.2e-07
592 2.4e-07
593 2.4e-07
594 3.2e-07
595 2.39204e-07
596 2.8e-07
597 1.2e-07
598 1.6e-07
599 1.6e-07
600 1.6e-07
601 1.2e-07
602 1.99204e-07
603 2.4e-07
604 2.4e-07
605 3.99208e-07
606 2.4e-07
607 1.99204e-07
608 2.4e-07
609 8e-08
610 4e-07
611 1.2e-07
612 2.8e-07
613 2.4e-07
614 1.6e-07
615 4.4e-07
616 3.6e-07
617 3.99602e-07
618 2.8e-07
619 3.2e-07
620 2e-07
621 2.4e-07
622 1.2e-07
623 2e-07
624 2.8e-07
625 1.99602e-07
626 3.19602e-07
627 8e-08
628 1.99602e-07
629 1.19602e-07
630 3.2e-07
631 2.4e-07
632 2.39602e-07
633 3.19602e-07
634 1.6e-07
635 4e-08
636 4.39602e-07
637 3.2e-07
638 1.2e-07
639 8e-08
640 1.2e-07
641 2.39602e-07
642 2e-07
643 3.2e-07
644 2.79602e-07
645 2.8e-07
646 8e-08
647 2.8e-07
648 2e-07
649 2.8e-07
650 4.79204e-07
651 2.4e-07
652 3.59602e-07
653 2.39208e-07
654 1.6e-07
655 2.79602e-07
656 4e-08
657 8e-08
658 4e-07
659 1.2e-07
660 2.8e-07
661 1.2e-07
662 2.4e-07
663 3.99602e-07
664 2e-07
665 1.6e-07
666 2.8e-07
667 4.4e-07
668 2.8e-07
669 3.98806e-07
670 1.2e-07
671 1.6e-07
672 1.2e-07
673 3.6e-07
674 1.99602e-07
675 1.59602e-07
676 3.2e-07
677 1.6e-07
678 1.19602e-07
679 3.6e-07
680 1.6e-07
681 8e-08
682 8e-08
683 2.39602e-07
684 1.99602e-07
685 1.59204e-07
686 1.2e-07
687 1.6e-07
688 2e-07
689 2.7881e-07
690 2.39602e-07
691 2.8e-07
692 2.4e-07
693 3.9602e-08
694 1.6e-07
695 1.6e-07
696 4e-07
697 2.8e-07
698 3.2e-07
699 4e-08
700 3.2e-07
701 2.4e-07
702 4e-07
703 2.8e-07
704 4e-08
705 2.79602e-07
706 2.4e-07
707 4e-08
708 2.4e-07
709 1.2e-07
710 2e-07
711 1.2e-07
712 8e-08
713 8e-08
714 2e-07
715 2e-07
716 1.19602e-07
717 2.4e-07
718 1.6e-07
719 2e-07
720 4e-07
721 1.2e-07
722 1.6e-07
723 1.6e-07
724 8e-08
725 3.6e-07
726 7.9602e-08
727 1.2e-07
728 1.6e-07
729 3.59204e-07
730 2.4e-07
731 8e-08
732 2.4e-07
733 2.79204e-07
734 2.79602e-07
735 2.39602e-07
736 2.39204e-07
737 8e-08
738 1.59602e-07
739 3.59602e-07
740 1.99602e-07
741 4e-07
742 2e-07
743 4e-07
744 8e-08
745 1.19602e-07
746 1.99602e-07
747 1.2e-07
748 1.99602e-07
749 1.6e-07
750 3.99602e-07
751 3.19602e-07
752 2.79602e-07
753 1.2e-07
754 8e-08
755 2e-07
756 8e-08
757 1.99602e-07
758 2.4e-07
759 3.2e-07
760 4.79204e-07
761 1.2e-07
762 2.8e-07
763 4e-08
764 2.79602e-07
765 2e-07
766 1.19208e-07
767 2e-07
768 1.2e-07
769 2e-07
770 2e-07
771 4e-08
772 1.59602e-07
773 3.2e-07
774 1.2e-07
775 3.59602e-07
776 2.39602e-07
777 2.8e-07
778 2.79602e-07
779 3.6e-07
780 2e-07
781 2.7881e-07
782 2.4e-07
783 2e-07
784 2.79204e-07
785 3.99602e-07
786 2.4e-07
787 7.9602e-08
788 4e-08
789 1.2e-07
790 8e-08
791 2.39204e-07
792 1.19602e-07
793 2.39602e-07
794 2.8e-07
795 2.8e-07
796 1.2e-07
797 2.8e-07
798 2.39602e-07
799 3.59602e-07
800 3.19602e-07
801 2.8e-07
802 1.19602e-07
803 2e-07
804 2.79208e-07
805 2.39602e-07
806 1.19602e-07
807 3.2e-07
808 2.4e-07
809 1.19602e-07
810 1.19602e-07
811 4e-08
812 8e-08
813 3.19602e-07
814 2.4e-07
815 1.6e-07
816 4.4e-07
817 1.2e-07
818 1.6e-07
819 1.6e-07
820 8e-08
821 1.59602e-07
822 2.39602e-07
823 2.8e-07
824 1.6e-07
825 2e-07
826 3.19602e-07
827 2.4e-07
828 2.39602e-07
829 4e-07
830 1.6e-07
831 2.79602e-07
832 1.2e-07
833 2.8e-07
834 8e-08
835 2.4e-07
836 2.4e-07
837 1.6e-07
838 1.2e-07
839 2.4e-07
840 8e-08
841 1.19602e-07
842 1.6e-07
843 2.39602e-07
844 1.6e-07
845 2.8e-07
846 1.2e-07
847 2.79602e-07
848 1.2e-07
849 2e-07
850 2.39204e-07
851 1.59602e-07
852 1.6e-07
853 3.1881e-07
854 8e-08
855 2e-07
856 2e-07
857 2.4e-07
858 4e-08
859 2.79602e-07
860 1.6e-07
861 1.6e-07
862 2e-07
863 2.4e-07
864 3.6e-07
865 2e-07
866 2e-07
867 8e-08
868 8e-08
869 1.2e-07
870 1.59204e-07
871 8e-08
872 3.6e-07
873 2.4e-07
874 2e-07
875 3.2e-07
876 8e-08
877 2.8e-07
878 1.6e-07
879 3.2e-07
880 2e-07
881 1.2e-07
882 1.2e-07
883 2.39602e-07
884 1.99602e-07
885 2.4e-07
886 3.19602e-07
887 2.8e-07
888 1.59602e-07
889 2e-07
890 1.2e-07
891 2.4e-07
892 1.19602e-07
893 3.2e-07
894 2.39204e-07
895 1.6e-07
896 1.59602e-07
897 2.4e-07
898 4e-08
899 8e-08
900 2e-07
901 2.4e-07
902 1.2e-07
903 1.59204e-07
904 8e-08
905 2.39602e-07
906 1.59602e-07
907 2.4e-07
908 2e-07
909 8e-08
910 2e-07
911 4e-08
912 2.4e-07
913 1.6e-07
914 2.39602e-07
915 4e-08
916 2.78806e-07
917 1.6e-07
918 8e-08
919 8e-08
920 1.99602e-07
921 1.59602e-07
922 1.6e-07
923 2e-07
924 1.2e-07
925 1.59602e-07
926 1.6e-07
927 4e-08
928 1.6e-07
929 2.4e-07
930 2e-07
931 8e-08
932 2e-07
933 3.19602e-07
934 8e-08
935 2e-07
936 2e-07
937 3.6e-07
938 1.6e-07
939 8e-08
940 1.99204e-07
941 8e-08
942 1.6e-07
943 1.6e-07
944 2.79602e-07
945 2.8e-07
946 1.99602e-07
947 1.2e-07
948 1.99602e-07
949 2.39602e-07
950 2.8e-07
951 3.99602e-07
952 1.2e-07
953 8e-08
954 2e-07
955 1.2e-07
956 1.6e-07
957 1.6e-07
958 4e-08
959 1.99204e-07
960 2.39602e-07
961 3.59602e-07
962 3.2e-07
963 2e-07
964 4e-07
965 1.2e-07
966 8e-08
967 2e-07
968 8e-08
969 2.8e-07
970 2.4e-07
971 7.9602e-08
972 2e-07
973 8e-08
974 1.6e-07
975 1.2e-07
976 2e-07
977 1.19602e-07
978 8e-08
979 8e-08
980 1.6e-07
981 1.6e-07
982 8e-08
983 1.6e-07
984 1.2e-07
985 1.2e-07
986 2.8e-07
987 2.39602e-07
988 4e-08
989 1.99602e-07
990 3.2e-07
991 2.4e-07
992 1.6e-07
993 8e-08
994 7.9602e-08
995 8e-08
996 2.8e-07
997 1.6e-07
998 2e-07
999 0
