0 0
1 1.016e-05
2 7.0396e-06
3 6.56e-06
4 5.16e-06
5 3.9596e-06
6 4.24e-06
7 3.04e-06
8 3.7196e-06
9 3.08e-06
10 2.84e-06
11 2.76e-06
12 2.8e-06
13 2.52e-06
14 2.76e-06
15 2.04e-06
16 1.76e-06
17 2.2e-06
18 1.92e-06
19 1.6e-06
20 1.92e-06
21 1.64e-06
22 1.6e-06
23 1.56e-06
24 1.6792e-06
25 1.5596e-06
26 1.7192e-06
27 1.6e-06
28 1.8792e-06
29 1.3192e-06
30 1.04e-06
31 1.24e-06
32 9.2e-07
33 1.6796e-06
34 1.12e-06
35 1.68e-06
36 1.24e-06
37 9.6e-07
38 9.19602e-07
39 1.1996e-06
40 1.3996e-06
41 1.24e-06
42 8.4e-07
43 7.2e-07
44 1.12e-06
45 1.1196e-06
46 6.8e-07
47 1e-06
48 9.6e-07
49 9.2e-07
50 1e-06
51 1.3596e-06
52 1.04e-06
53 8.4e-07
54 9.59602e-07
55 8.4e-07
56 1e-06
57 3.6e-07
58 1.12e-06
59 1.16e-06
60 1e-06
61 7.6e-07
62 1.1996e-06
63 1e-06
64 6.4e-07
65 1.04e-06
66 7.6e-07
67 1.3196e-06
68 9.98806e-07
69 1.1596e-06
70 8e-07
71 9.6e-07
72 9.6e-07
73 7.59208e-07
74 1.0396e-06
75 7.2e-07
76 1.12e-06
77 5.59602e-07
78 8.39204e-07
79 6.79204e-07
80 5.2e-07
81 1e-06
82 6e-07
83 1.04e-06
84 9.6e-07
85 9.59602e-07
86 7.6e-07
87 7.2e-07
88 1.12e-06
89 7.99602e-07
90 8.79602e-07
91 7.6e-07
92 7.59204e-07
93 7.2e-07
94 7.19204e-07
95 6.79602e-07
96 6.39204e-07
97 6e-07
98 7.59602e-07
99 8e-07
100 9.6e-07
101 7.59602e-07
102 6.79602e-07
103 6.39602e-07
104 7.59602e-07
105 1e-06
106 8.4e-07
107 5.19602e-07
108 5.2e-07
109 9.2e-07
110 7.2e-07
111 3.99602e-07
112 8.4e-07
113 7.6e-07
114 7.99602e-07
115 6.8e-07
116 6.4e-07
117 6.8e-07
118 5.99602e-07
119 6.8e-07
120 6.8e-07
121 3.99602e-07
122 4.79602e-07
123 5.19602e-07
124 7.2e-07
125 4.39602e-07
126 3.6e-07
127 4.39602e-07
128 7.6e-07
129 9.19602e-07
130 6e-07
131 4e-07
132 5.6e-07
133 8.4e-07
134 8.39602e-07
135 6e-07
136 2.8e-07
137 6.79602e-07
138 5.59204e-07
139 5.2e-07
140 5.19602e-07
141 6e-07
142 9.2e-07
143 3.2e-07
144 5.6e-07
145 7.19602e-07
146 7.19204e-07
147 5.19602e-07
148 5.6e-07
149 5.99602e-07
150 7.59204e-07
151 4.39602e-07
152 5.6e-07
153 7.98806e-07
154 6e-07
155 5.6e-07
156 5.59602e-07
157 5.2e-07
158 5.6e-07
159 5.6e-07
160 5.6e-07
161 5.6e-07
162 3.99204e-07
163 4.8e-07
164 5.2e-07
165 4.8e-07
166 3.99602e-07
167 5.2e-07
168 9.1881e-07
169 4.4e-07
170 2.8e-07
171 3.99602e-07
172 8e-07
173 5.2e-07
174 7.58806e-07
175 6e-07
176 4e-07
177 4e-07
178 4e-07
179 4.8e-07
180 7.19204e-07
181 7.2e-07
182 6.39204e-07
183 6e-07
184 5.2e-07
185 4.4e-07
186 7.59208e-07
187 3.19602e-07
188 4.4e-07
189 5.2e-07
190 5.6e-07
191 6.4e-07
192 7.6e-07
193 4.4e-07
194 1.99602e-07
195 4.8e-07
196 6.4e-07
197 1.6e-07
198 2.79602e-07
199 3.59602e-07
200 4.4e-07
201 5.19204e-07
202 2.8e-07
203 6.4e-07
204 2.4e-07
205 1.6e-07
206 3.2e-07
207 2.4e-07
208 5.2e-07
209 4.39602e-07
210 4e-07
211 4.39602e-07
212 3.59602e-07
213 4.8e-07
214 5.19602e-07
215 3.59602e-07
216 5.19602e-07
217 4.4e-07
218 4.39602e-07
219 4.4e-07
220 5.2e-07
221 3.2e-07
222 6.4e-07
223 4.39602e-07
224 3.99602e-07
225 6.39204e-07
226 2.39204e-07
227 5.6e-07
228 5.2e-07
229 4.79602e-07
230 4.8e-07
231 4.8e-07
232 4.4e-07
233 4.4e-07
234 3.59602e-07
235 3.19602e-07
236 2.8e-07
237 2.4e-07
238 3.6e-07
239 2.4e-07
240 3.2e-07
241 4.39602e-07
242 3.2e-07
243 3.2e-07
244 2.4e-07
245 3.59602e-07
246 4.4e-07
247 3.2e-07
248 3.6e-07
249 4.8e-07
250 2.8e-07
251 5.59602e-07
252 4.79602e-07
253 2.4e-07
254 4.4e-07
255 4e-07
256 2.39602e-07
257 2.8e-07
258 3.6e-07
259 3.6e-07
260 4.4e-07
261 5.6e-07
262 5.2e-07
263 4e-07
264 4e-07
265 2.39602e-07
266 2.79602e-07
267 4.39602e-07
268 5.99602e-07
269 6.79602e-07
270 3.2e-07
271 5.59602e-07
272 2e-07
273 6e-07
274 3.2e-07
275 3.2e-07
276 3.19602e-07
277 3.59602e-07
278 4.79602e-07
279 4.4e-07
280 2e-07
281 3.19602e-07
282 7.59602e-07
283 4e-07
284 2.79602e-07
285 4e-07
286 2.4e-07
287 3.59602e-07
288 2.79602e-07
289 5.2e-07
290 5.19602e-07
291 3.2e-07
292 4.8e-07
293 2e-07
294 6.39602e-07
295 3.59602e-07
296 3.6e-07
297 2.8e-07
298 3.99602e-07
299 3.2e-07
300 3.19602e-07
301 4e-07
302 2.8e-07
303 2.4e-07
304 2.8e-07
305 3.6e-07
306 4e-07
307 2.8e-07
308 6.8e-07
309 2.8e-07
310 5.9801e-07
311 4.79204e-07
312 5.99602e-07
313 2.4e-07
314 2.8e-07
315 2e-07
316 3.6e-07
317 2e-07
318 3.2e-07
319 3.2e-07
320 3.59602e-07
321 5.2e-07
322 2.4e-07
323 8e-08
324 2.39602e-07
325 5.59602e-07
326 4.8e-07
327 3.59602e-07
328 2e-07
329 4.8e-07
330 3.6e-07
331 2.8e-07
332 3.6e-07
333 2.4e-07
334 2.79602e-07
335 3.99208e-07
336 3.6e-07
337 2.4e-07
338 2e-07
339 1.2e-07
340 4.4e-07
341 4e-07
342 6.39602e-07
343 2.4e-07
344 2.8e-07
345 2.39602e-07
346 8e-08
347 3.2e-07
348 3.6e-07
349 4e-07
350 2.8e-07
351 5.59204e-07
352 3.99602e-07
353 2.4e-07
354 2.4e-07
355 2.4e-07
356 4.4e-07
357 4.4e-07
358 3.6e-07
359 2e-07
360 2e-07
361 3.6e-07
362 4.39204e-07
363 4e-07
364 3.59602e-07
365 1.99602e-07
366 2.8e-07
367 1.99602e-07
368 4e-07
369 3.6e-07
370 3.99204e-07
371 3.19602e-07
372 3.19602e-07
373 4.39602e-07
374 2.4e-07
375 3.59602e-07
376 3.2e-07
377 2e-07
378 2.8e-07
379 1.6e-07
380 2.4e-07
381 1.99602e-07
382 1.6e-07
383 4.39602e-07
384 8e-08
385 2.8e-07
386 2e-07
387 4.39602e-07
388 2e-07
389 2e-07
390 3.99602e-07
391 3.99602e-07
392 3.19208e-07
393 1.2e-07
394 2.4e-07
395 3.19204e-07
396 2.4e-07
397 2e-07
398 2.8e-07
399 1.2e-07
400 2.8e-07
401 1.59204e-07
402 1.2e-07
403 4.8e-07
404 4.39204e-07
405 1.2e-07
406 2e-07
407 2e-07
408 4e-07
409 3.6e-07
410 2.8e-07
411 2.8e-07
412 1.2e-07
413 2.39602e-07
414 3.6e-07
415 4e-07
416 8e-08
417 3.6e-07
418 3.6e-07
419 4.4e-07
420 4e-07
421 2.8e-07
422 3.2e-07
423 2.4e-07
424 2e-07
425 5.6e-07
426 2.8e-07
427 1.2e-07
428 2e-07
429 2.8e-07
430 2e-07
431 1.6e-07
432 2.79602e-07
433 2.4e-07
434 1.6e-07
435 2e-07
436 1.2e-07
437 2.8e-07
438 7.9602e-08
439 2.39602e-07
440 2.4e-07
441 2.4e-07
442 4e-07
443 2.8e-07
444 4.8e-07
445 3.2e-07
446 1.59602e-07
447 2e-07
448 3.2e-07
449 2.8e-07
450 1.99602e-07
451 2.4e-07
452 4e-07
453 1.2e-07
454 2.8e-07
455 2.4e-07
456 1.6e-07
457 4.8e-07
458 2.8e-07
459 3.19602e-07
460 2e-07
461 2.4e-07
462 1.2e-07
463 3.2e-07
464 4.4e-07
465 2.4e-07
466 3.99602e-07
467 1.2e-07
468 3.6e-07
469 4.39602e-07
470 2.39602e-07
471 2.8e-07
472 3.19602e-07
473 2.8e-07
474 1.6e-07
475 3.6e-07
476 2.4e-07
477 1.6e-07
478 3.99602e-07
479 4e-07
480 4.39204e-07
481 1.6e-07
482 2.8e-07
483 2.39602e-07
484 1.2e-07
485 2.4e-07
486 4e-07
487 3.6e-07
488 1.6e-07
489 4.39602e-07
490 1.6e-07
491 4.8e-07
492 2.8e-07
493 2e-07
494 3.59602e-07
495 2.4e-07
496 1.6e-07
497 8e-08
498 3.19602e-07
499 3.6e-07
500 2e-07
501 2.4e-07
502 2e-07
503 2.4e-07
504 2.4e-07
505 8e-08
506 2e-07
507 3.2e-07
508 3.19204e-07
509 3.6e-07
510 2.4e-07
511 2.39602e-07
512 1.99602e-07
513 1.6e-07
514 2e-07
515 2.79602e-07
516 1.99602e-07
517 2.79602e-07
518 3.2e-07
519 3.59602e-07
520 2.8e-07
521 4e-07
522 1.6e-07
523 2.4e-07
524 2.4e-07
525 1.99602e-07
526 3.2e-07
527 2.4e-07
528 2.8e-07
529 3.2e-07
530 4.4e-07
531 2.4e-07
532 3.2e-07
533 2.4e-07
534 2e-07
535 2.4e-07
536 3.2e-07
537 2e-07
538 8e-08
539 2.8e-07
540 1.2e-07
541 1.6e-07
542 3.99602e-07
543 3.2e-07
544 2.79602e-07
545 1.99602e-07
546 3.2e-07
547 4e-07
548 3.19602e-07
549 3.59602e-07
550 2e-07
551 2.8e-07
552 2.4e-07
553 2.4e-07
554 2.4e-07
555 1.6e-07
556 1.6e-07
557 2e-07
558 2.39602e-07
559 1.99602e-07
560 2e-07
561 3.6e-07
562 2e-07
563 2e-07
564 3.59602e-07
565 2.4e-07
566 3.2e-07
567 2e-07
568 2.4e-07
569 2.4e-07
570 2.39602e-07
571 2.39602e-07
572 2e-07
573 2.4e-07
574 2e-07
575 3.6e-07
576 8e-08
577 3.2e-07
578 1.2e-07
579 3.6e-07
580 2e-07
581 2.4e-07
582 1.2e-07
583 2.8e-07
584 4e-07
585 2.79602e-07
586 2e-07
587 2e-07
588 2.8e-07
589 3.19602e-07
590 3.2e-07
591 3.59602e-07
592 4e-08
593 2.39602e-07
594 2e-07
595 2.79602e-07
596 2e-07
597 1.59602e-07
598 1.2e-07
599 1.6e-07
600 1.59602e-07
601 2.4e-07
602 2.39602e-07
603 3.2e-07
604 2.4e-07
605 4e-07
606 1.99602e-07
607 2.4e-07
608 2e-07
609 2e-07
610 1.2e-07
611 2e-07
612 2.39602e-07
613 1.6e-07
614 1.6e-07
615 1.6e-07
616 1.6e-07
617 2.4e-07
618 2.4e-07
619 2.4e-07
620 2.8e-07
621 2.8e-07
622 1.6e-07
623 1.6e-07
624 2.8e-07
625 1.99602e-07
626 4e-07
627 2e-07
628 1.6e-07
629 1.98806e-07
630 1.59602e-07
631 1.2e-07
632 2.4e-07
633 2.39204e-07
634 1.2e-07
635 2e-07
636 3.99602e-07
637 2e-07
638 2e-07
639 1.2e-07
640 2.4e-07
641 1.6e-07
642 2.8e-07
643 1.99602e-07
644 3.2e-07
645 2.39602e-07
646 1.2e-07
647 4e-08
648 2e-07
649 7.9602e-08
650 3.6e-07
651 8e-08
652 2.39208e-07
653 4e-08
654 2.39602e-07
655 8e-08
656 1.19602e-07
657 2e-07
658 4e-08
659 2.4e-07
660 3.59602e-07
661 2e-07
662 1.2e-07
663 3.59602e-07
664 2.4e-07
665 1.59602e-07
666 2e-07
667 3.19602e-07
668 8e-08
669 2.8e-07
670 3.2e-07
671 2.8e-07
672 2.8e-07
673 1.6e-07
674 2.79602e-07
675 2.8e-07
676 1.6e-07
677 3.59602e-07
678 2e-07
679 2.4e-07
680 2e-07
681 3.19602e-07
682 1.59602e-07
683 1.2e-07
684 1.19208e-07
685 2.4e-07
686 2e-07
687 4e-08
688 2.8e-07
689 2.8e-07
690 3.59602e-07
691 3.59602e-07
692 1.2e-07
693 3.19602e-07
694 8e-08
695 3.99602e-07
696 2.8e-07
697 1.59602e-07
698 3.19602e-07
699 1.2e-07
700 2.8e-07
701 2.4e-07
702 1.6e-07
703 3.6e-07
704 2e-07
705 2.4e-07
706 1.2e-07
707 1.2e-07
708 1.59602e-07
709 1.59602e-07
710 2.8e-07
711 3.99602e-07
712 3.19602e-07
713 3.2e-07
714 2.4e-07
715 1.2e-07
716 1.99602e-07
717 4e-08
718 1.6e-07
719 3.2e-07
720 1.2e-07
721 2.8e-07
722 2.8e-07
723 2.8e-07
724 1.6e-07
725 8e-08
726 2e-07
727 2.8e-07
728 2.8e-07
729 1.2e-07
730 2e-07
731 2e-07
732 2.79602e-07
733 2.79602e-07
734 1.19602e-07
735 1.99602e-07
736 3.19602e-07
737 2.8e-07
738 3.6e-07
739 2.4e-07
740 1.6e-07
741 1.19602e-07
742 2.4e-07
743 1.6e-07
744 2e-07
745 1.6e-07
746 1.6e-07
747 1.2e-07
748 1.2e-07
749 2.79602e-07
750 3.99602e-07
751 2.4e-07
752 1.2e-07
753 1.59602e-07
754 1.2e-07
755 2.79602e-07
756 1.2e-07
757 2.39602e-07
758 2e-07
759 1.6e-07
760 2e-07
761 2e-07
762 2e-07
763 8e-08
764 1.6e-07
765 8e-08
766 1.59602e-07
767 3.59602e-07
768 8e-08
769 2e-07
770 4e-08
771 3.6e-07
772 2.4e-07
773 2.4e-07
774 4e-08
775 1.2e-07
776 2e-07
777 1.2e-07
778 1.2e-07
779 1.6e-07
780 2.79602e-07
781 8e-08
782 3.6e-07
783 2.4e-07
784 1.6e-07
785 1.99602e-07
786 2.4e-07
787 1.6e-07
788 4e-08
789 0
790 8e-08
791 8e-08
792 1.59602e-07
793 2.4e-07
794 1.19602e-07
795 3.6e-07
796 8e-08
797 1.2e-07
798 2.4e-07
799 2.8e-07
800 2.8e-07
801 8e-08
802 8e-08
803 8e-08
804 1.6e-07
805 1.99204e-07
806 1.2e-07
807 8e-08
808 2e-07
809 1.2e-07
810 2e-07
811 1.99602e-07
812 2.4e-07
813 1.99602e-07
814 1.59602e-07
815 2.4e-07
816 2e-07
817 1.2e-07
818 2e-07
819 1.99602e-07
820 1.59602e-07
821 1.59204e-07
822 8e-08
823 3.19602e-07
824 8e-08
825 1.2e-07
826 1.2e-07
827 2e-07
828 1.59204e-07
829 4e-07
830 1.6e-07
831 8e-08
832 1.2e-07
833 2.4e-07
834 1.2e-07
835 4.39602e-07
836 2.4e-07
837 1.19602e-07
838 1.2e-07
839 2e-07
840 1.59602e-07
841 1.19602e-07
842 2.8e-07
843 2e-07
844 1.6e-07
845 1.19602e-07
846 1.6e-07
847 2e-07
848 2.4e-07
849 2.4e-07
850 1.2e-07
851 1.6e-07
852 8e-08
853 1.6e-07
854 1.6e-07
855 2e-07
856 1.2e-07
857 1.2e-07
858 2e-07
859 2.8e-07
860 4e-07
861 1.2e-07
862 2.8e-07
863 1.2e-07
864 2.8e-07
865 3.6e-07
866 2.8e-07
867 4e-08
868 2e-07
869 1.6e-07
870 1.6e-07
871 2e-07
872 3.19602e-07
873 1.2e-07
874 2.39204e-07
875 3.19602e-07
876 2.4e-07
877 2.4e-07
878 2.8e-07
879 2.4e-07
880 3.6e-07
881 2.39602e-07
882 1.59602e-07
883 1.6e-07
884 1.6e-07
885 2.4e-07
886 2.4e-07
887 2e-07
888 1.6e-07
889 1.2e-07
890 4e-08
891 8e-08
892 1.99602e-07
893 1.6e-07
894 1.2e-07
895 1.99602e-07
896 1.6e-07
897 1.2e-07
898 2e-07
899 1.6e-07
900 1.99602e-07
901 2.39602e-07
902 1.6e-07
903 3.6e-07
904 1.19602e-07
905 2.4e-07
906 1.19602e-07
907 2.4e-07
908 4e-08
909 1.6e-07
910 1.6e-07
911 1.99602e-07
912 2e-07
913 2.4e-07
914 1.19602e-07
915 1.59602e-07
916 2.4e-07
917 2.8e-07
918 8e-08
919 4e-08
920 4e-08
921 1.99602e-07
922 1.59602e-07
923 1.2e-07
924 7.9602e-08
925 1.19602e-07
926 8e-08
927 1.59602e-07
928 1.6e-07
929 2e-07
930 8e-08
931 2e-07
932 5.2e-07
933 2e-07
934 1.6e-07
935 1.2e-07
936 1.6e-07
937 1.19602e-07
938 1.2e-07
939 2.4e-07
940 2.79204e-07
941 4.8e-07
942 2e-07
943 2e-07
944 1.59602e-07
945 2.8e-07
946 2.4e-07
947 1.2e-07
948 4e-08
949 1.6e-07
950 1.6e-07
951 2e-07
952 2e-07
953 1.6e-07
954 3.2e-07
955 1.2e-07
956 1.2e-07
957 2.79602e-07
958 1.2e-07
959 1.2e-07
960 1.2e-07
961 1.99602e-07
962 3.59204e-07
963 1.6e-07
964 1.6e-07
965 3.2e-07
966 8e-08
967 1.6e-07
968 4e-08
969 2.4e-07
970 2.8e-07
971 1.19602e-07
972 2.4e-07
973 1.6e-07
974 1.6e-07
975 1.2e-07
976 2.79602e-07
977 8e-08
978 1.99602e-07
979 2e-07
980 1.2e-07
981 8e-08
982 1.6e-07
983 1.2e-07
984 1.6e-07
985 2.8e-07
986 1.6e-07
987 2e-07
988 2e-07
989 1.99602e-07
990 1.2e-07
991 8e-08
992 2e-07
993 4e-08
994 2e-07
995 1.6e-07
996 0
997 2.39602e-07
998 1.99602e-07
999 0
