0.75 1e-05 1 0 0 0 0
0.75 1e-05 2.71828 0 4.63157e-06 4.59037e-06 4.67397e-06
0.75 1e-05 7.38906 0 7.22432e-06 7.16032e-06 7.28912e-06
0.75 1e-05 20.0855 0 8.91748e-06 8.83949e-06 8.99588e-06
0.75 1e-05 54.5982 0 1.00487e-05 9.96306e-06 1.01347e-05
0.75 1e-05 148.413 0 1.08818e-05 1.07878e-05 1.09734e-05
0.75 1e-05 403.429 0 1.15378e-05 1.14402e-05 1.16334e-05
0.75 1e-05 1096.63 0 1.19554e-05 1.18586e-05 1.20546e-05
0.75 1e-05 2980.96 0 1.2277e-05 1.2171e-05 1.2375e-05
0.75 1e-05 8103.08 0 1.24938e-05 1.2391e-05 1.2599e-05
0.75 1e-05 22026.5 0 1.2661e-05 1.25554e-05 1.2765e-05
0.75 1e-05 59874.1 0 1.28098e-05 1.27066e-05 1.29158e-05
0.75 1e-05 162755 0 1.2883e-05 1.27774e-05 1.29906e-05
0.75 1e-05 442413 0 1.2883e-05 1.27758e-05 1.2991e-05
0.75 1e-05 1.2026e+06 0 1.2883e-05 1.27758e-05 1.29886e-05
