0.75 1e-05 1 0 0 0 0
0.75 1e-05 2.71828 0 4.68997e-06 4.59397e-06 4.78597e-06
0.75 1e-05 7.38906 0 7.26192e-06 7.11592e-06 7.40592e-06
0.75 1e-05 20.0855 0 8.92788e-06 8.75189e-06 9.10188e-06
0.75 1e-05 54.5982 0 1.00519e-05 9.85986e-06 1.02498e-05
0.75 1e-05 148.413 0 1.10378e-05 1.08318e-05 1.12478e-05
0.75 1e-05 403.429 0 1.16338e-05 1.14098e-05 1.18538e-05
0.75 1e-05 1096.63 0 1.21058e-05 1.18798e-05 1.23338e-05
0.75 1e-05 2980.96 0 1.24138e-05 1.21798e-05 1.26478e-05
0.75 1e-05 8103.08 0 1.26198e-05 1.23878e-05 1.28558e-05
0.75 1e-05 22026.5 0 1.28258e-05 1.25858e-05 1.30618e-05
0.75 1e-05 59874.1 0 1.29458e-05 1.27098e-05 1.31838e-05
0.75 1e-05 162755 0 1.30498e-05 1.28118e-05 1.32978e-05
0.75 1e-05 442413 0 1.30818e-05 1.28458e-05 1.33258e-05
0.75 1e-05 1.2026e+06 0 1.31278e-05 1.28838e-05 1.33718e-05
