1 1000 1 0 0 0 0
1 1000 2.71828 0 0.0974 0.0945 0.1003
1 1000 7.38906 0 0.154 0.1505 0.1575
1 1000 20.0855 0 0.202 0.198 0.2059
1 1000 54.5982 0 0.2426 0.2382 0.2468
1 1000 148.413 0 0.276 0.2716 0.2803
1 1000 403.429 0 0.3101 0.3056 0.3148
1 1000 1096.63 0 0.3402 0.3355 0.3449
1 1000 2980.96 0 0.3678 0.363 0.3726
1 1000 8103.08 0 0.3909 0.3861 0.3958
1 1000 22026.5 0 0.4119 0.4069 0.4167
1 1000 59874.1 0 0.4335 0.4287 0.4384
1 1000 162755 0 0.4539 0.449 0.4589
1 1000 442413 0 0.4718 0.4669 0.4767
1 1000 1.2026e+06 0 0.4855 0.4806 0.4906
