0.5 1e-05 1 0 0 0 0
0.5 1e-05 2.71828 0 4.60397e-06 4.50797e-06 4.69797e-06
0.5 1e-05 7.38906 0 6.09394e-06 5.96194e-06 6.22794e-06
0.5 1e-05 20.0855 0 6.62593e-06 6.47793e-06 6.76992e-06
0.5 1e-05 54.5982 0 6.78592e-06 6.63592e-06 6.93792e-06
0.5 1e-05 148.413 0 6.89192e-06 6.74192e-06 7.04192e-06
0.5 1e-05 403.429 0 6.91392e-06 6.76192e-06 7.05992e-06
0.5 1e-05 1096.63 0 6.93392e-06 6.78392e-06 7.08192e-06
0.5 1e-05 2980.96 0 6.93992e-06 6.78792e-06 7.08992e-06
0.5 1e-05 8103.08 0 6.93992e-06 6.78792e-06 7.08992e-06
0.5 1e-05 22026.5 0 6.93992e-06 6.78992e-06 7.09191e-06
0.5 1e-05 59874.1 0 6.93992e-06 6.78992e-06 7.09391e-06
0.5 1e-05 162755 0 6.93992e-06 6.78792e-06 7.08792e-06
0.5 1e-05 442413 0 6.93992e-06 6.78992e-06 7.08992e-06
0.5 1e-05 1.2026e+06 0 6.93992e-06 6.78992e-06 7.08991e-06
