0.5 1e-05 1 0 0 0 0
0.5 1e-05 2.71828 0 4.72137e-06 4.70757e-06 4.73485e-06
0.5 1e-05 7.38906 0 6.34285e-06 6.32313e-06 6.36165e-06
0.5 1e-05 20.0855 0 6.87272e-06 6.85196e-06 6.89388e-06
0.5 1e-05 54.5982 0 7.07352e-06 7.05252e-06 7.09508e-06
0.5 1e-05 148.413 0 7.14516e-06 7.12384e-06 7.16728e-06
0.5 1e-05 403.429 0 7.17411e-06 7.15208e-06 7.19475e-06
0.5 1e-05 1096.63 0 7.18351e-06 7.16172e-06 7.20511e-06
0.5 1e-05 2980.96 0 7.18351e-06 7.16184e-06 7.20491e-06
0.5 1e-05 8103.08 0 7.18351e-06 7.1622e-06 7.20567e-06
0.5 1e-05 22026.5 0 7.18351e-06 7.16156e-06 7.20547e-06
0.5 1e-05 59874.1 0 7.18351e-06 7.16172e-06 7.20531e-06
0.5 1e-05 162755 0 7.18351e-06 7.16176e-06 7.20555e-06
0.5 1e-05 442413 0 7.18351e-06 7.16204e-06 7.20519e-06
0.5 1 1 0 0 0 0
0.5 1 2.71828 0 0.255866 0.255174 0.25654
0.5 1 7.38906 0 0.294408 0.293684 0.295137
0.5 1 20.0855 0 0.307756 0.307032 0.308505
0.5 1 54.5982 0 0.313194 0.312446 0.313959
0.5 1 148.413 0 0.315269 0.314524 0.316021
0.5 1 403.429 0 0.316117 0.315359 0.316879
0.5 1 1096.63 0 0.316421 0.315665 0.317184
0.5 1 2980.96 0 0.316421 0.315682 0.317163
0.5 1 8103.08 0 0.316421 0.315674 0.317163
0.5 1 22026.5 0 0.316421 0.315672 0.317162
0.5 1 59874.1 0 0.316421 0.315658 0.317176
0.5 1 162755 0 0.316421 0.315656 0.317169
0.5 1 442413 0 0.316421 0.315665 0.317181
0.75 1e-05 1 0 0 0 0
0.75 1e-05 2.71828 0 4.60961e-06 4.59645e-06 4.62277e-06
0.75 1e-05 7.38906 0 7.13624e-06 7.11632e-06 7.15584e-06
0.75 1e-05 20.0855 0 8.78761e-06 8.76297e-06 8.81157e-06
0.75 1e-05 54.5982 0 9.94142e-06 9.9145e-06 9.96914e-06
0.75 1e-05 148.413 0 1.08079e-05 1.07791e-05 1.08374e-05
0.75 1e-05 403.429 0 1.14063e-05 1.13759e-05 1.14364e-05
0.75 1e-05 1096.63 0 1.18106e-05 1.17795e-05 1.18424e-05
0.75 1e-05 2980.96 0 1.18106e-05 1.17798e-05 1.18418e-05
0.75 1e-05 8103.08 0 1.18106e-05 1.17789e-05 1.18416e-05
0.75 1e-05 22026.5 0 1.18106e-05 1.1779e-05 1.18426e-05
0.75 1e-05 59874.1 0 1.18106e-05 1.17787e-05 1.18416e-05
0.75 1e-05 162755 0 1.18106e-05 1.17795e-05 1.18426e-05
0.75 1e-05 442413 0 1.18106e-05 1.17791e-05 1.18418e-05
0.75 1 1 0 0 0 0
0.75 1 2.71828 0 0.254549 0.253853 0.25523
0.75 1 7.38906 0 0.327018 0.326275 0.327772
0.75 1 20.0855 0 0.367771 0.36699 0.36855
0.75 1 54.5982 0 0.393914 0.393121 0.394719
0.75 1 148.413 0 0.412593 0.411798 0.413396
0.75 1 403.429 0 0.425202 0.424402 0.426
0.75 1 1096.63 0 0.433438 0.432618 0.434248
0.75 1 2980.96 0 0.433438 0.432639 0.434257
0.75 1 8103.08 0 0.433438 0.432608 0.434232
0.75 1 22026.5 0 0.433438 0.432636 0.434258
0.75 1 59874.1 0 0.433438 0.432632 0.434262
0.75 1 162755 0 0.433438 0.432635 0.434245
0.75 1 442413 0 0.433438 0.432626 0.434219
1.25 1 1 0 0 0 0
1.25 1 2.71828 0 0.249501 0.246227 0.252827
1.25 1 7.38906 0 0.387773 0.384008 0.391639
1.25 1 20.0855 0 0.49331 0.489236 0.49727
1.25 1 54.5982 0 0.57556 0.571487 0.579616
1.25 1 148.413 0 0.648296 0.644299 0.652285
1.25 1 403.429 0 0.712948 0.709232 0.716753
1.25 1 1096.63 0 0.763435 0.759956 0.766896
1.25 1 2980.96 0 0.803093 0.79982 0.806413
1.25 1 8103.08 0 0.83845 0.835454 0.841497
1.25 1 22026.5 0 0.869359 0.866575 0.872157
1.25 1 59874.1 0 0.891218 0.888663 0.893841
1.25 1 162755 0 0.909969 0.907595 0.91238
1.25 1 442413 0 0.909969 0.907543 0.912344
1.45 1 1 0 0 0 0
1.45 1 2.71828 0 0.260063 0.256624 0.263408
1.45 1 7.38906 0 0.419555 0.415688 0.423386
1.45 1 20.0855 0 0.543078 0.539015 0.54721
1.45 1 54.5982 0 0.645009 0.641135 0.648888
1.45 1 148.413 0 0.730607 0.726839 0.734287
1.45 1 403.429 0 0.796976 0.793574 0.800245
1.45 1 1096.63 0 0.847818 0.844749 0.850907
1.45 1 2980.96 0 0.886604 0.883896 0.88931
1.45 1 8103.08 0 0.916464 0.914142 0.918835
1.45 1 22026.5 0 0.937988 0.935959 0.940082
1.45 1 59874.1 0 0.954737 0.952934 0.956498
1.45 1 162755 0 0.966638 0.965167 0.968192
1.45 1 442413 0 0.966638 0.965131 0.968177
1.65 1 1 0 0 0 0
1.65 1 2.71828 0 0.26497 0.261666 0.26831
1.65 1 7.38906 0 0.446694 0.442809 0.450505
1.65 1 20.0855 0 0.586564 0.582597 0.590614
1.65 1 54.5982 0 0.699219 0.695576 0.702998
1.65 1 148.413 0 0.788766 0.785413 0.792172
1.65 1 403.429 0 0.854218 0.851217 0.85721
1.65 1 1096.63 0 0.899092 0.896632 0.901643
1.65 1 2980.96 0 0.931489 0.929385 0.933559
1.65 1 8103.08 0 0.952561 0.95077 0.954357
1.65 1 22026.5 0 0.968639 0.967178 0.970116
1.65 1 59874.1 0 0.97863 0.977431 0.979877
1.65 1 162755 0 0.984677 0.98362 0.985727
1.65 1 442413 0 0.984677 0.983621 0.985702
1.85 1 1 0 0 0 0
1.85 1 2.71828 0 0.26614 0.262886 0.269486
1.85 1 7.38906 0 0.464967 0.461064 0.468875
1.85 1 20.0855 0 0.626567 0.622657 0.630273
1.85 1 54.5982 0 0.748738 0.745212 0.752248
1.85 1 148.413 0 0.831899 0.828785 0.835004
1.85 1 403.429 0 0.890437 0.887913 0.893051
1.85 1 1096.63 0 0.931418 0.929343 0.933546
1.85 1 2980.96 0 0.95506 0.953339 0.956824
1.85 1 8103.08 0 0.970154 0.96872 0.971597
1.85 1 22026.5 0 0.981279 0.980096 0.982431
1.85 1 59874.1 0 0.987284 0.986363 0.988242
1.85 1 162755 0 0.991602 0.990862 0.992365
1.85 1 442413 0 0.991602 0.990831 0.992356
1 1 1 0 0 0 0
1 1 2.71828 0 0.252652 0.249334 0.255938
1 1 7.38906 0 0.358269 0.354344 0.362034
1 1 20.0855 0 0.431473 0.427537 0.43553
1 1 54.5982 0 0.484411 0.480351 0.488551
1 1 148.413 0 0.533002 0.528928 0.537194
1 1 403.429 0 0.573565 0.569442 0.577608
1 1 1096.63 0 0.608522 0.604492 0.612613
1 1 2980.96 0 0.638177 0.634218 0.642157
1 1 8103.08 0 0.663892 0.659995 0.667712
1 1 22026.5 0 0.686698 0.682931 0.690534
1 1 59874.1 0 0.70532 0.701483 0.709192
1 1 162755 0 0.721007 0.71726 0.724691
1 1 442413 0 0.721007 0.717303 0.724674
2.05 1 1 0 0 0 0
2.05 1 2.71828 0 0.783743 0.781616 0.785915
2.05 1 7.38906 0 0.857616 0.855139 0.860116
2.05 1 20.0855 0 0.857632 0.855179 0.860035
2.05 1 54.5982 0 0.857632 0.855121 0.860088
2.05 1 148.413 0 0.857632 0.855194 0.860136
2.05 1 403.429 0 0.857632 0.855132 0.860118
2.05 1 1096.63 0 0.857632 0.855182 0.860076
2.05 1 2980.96 0 0.857632 0.855142 0.86012
2.05 1 8103.08 0 0.857632 0.855126 0.860118
2.05 1 22026.5 0 0.857632 0.855169 0.860118
2.05 1 59874.1 0 0.857632 0.855179 0.86011
2.05 1 162755 0 0.857632 0.855111 0.860114
2.05 1 442413 0 0.857632 0.855148 0.86009
