1 1000 1 0 0 0 0
1 1000 1.64872 0 0.0008 0.0005 0.0011
1 1000 2.71828 0 0.0012 0.0009 0.0016
1 1000 4.48169 0 0.0022 0.0017 0.0027
1 1000 7.38906 0 0.003 0.0025 0.0035
1 1000 12.1825 0 0.0035 0.0029 0.0041
1 1000 20.0855 0 0.0042 0.0036 0.0049
1 1000 33.1155 0 0.0051 0.0044 0.0058
1 1000 54.5982 0 0.0058 0.005 0.0065
1 1000 90.0171 0 0.0068 0.006 0.0076
1 1000 148.413 0 0.0069 0.0061 0.0077
1 1000 244.692 0 0.0075 0.0066 0.0083
1 1000 403.429 0 0.0084 0.0075 0.0093
1 1000 665.142 0 0.0089 0.008 0.0098
1 1000 1096.63 0 0.0095 0.0085 0.0105
1 1000 1808.04 0 0.0101 0.0091 0.0111
1 1000 2980.96 0 0.0107 0.0097 0.0117
1 1000 4914.77 0 0.0112 0.0101 0.0122
1 1000 8103.08 0 0.0125 0.0114 0.0136
1 1000 13359.7 0 0.0135 0.0124 0.0146
1 1000 22026.5 0 0.0139 0.0127 0.0151
1 1000 36315.5 0 0.0144 0.0132 0.0155
1 1000 59874.1 0 0.0148 0.0136 0.016
1 1000 98715.8 0 0.0153 0.0141 0.0165
1 1000 162755 0 0.0155 0.0143 0.0167
1 1000 268337 0 0.0168 0.0155 0.0181
1 1000 442413 0 0.0176 0.0163 0.0189
1 1000 729416 0 0.018 0.0167 0.0193
1 1000 1.2026e+06 0 0.0184 0.017 0.0198
1 10 1 0 0 0 0
1 10 1.64872 0 0.000799964 0.000499977 0.00109995
1 10 2.71828 0 0.00119995 0.000899959 0.00149993
1 10 4.48169 0 0.0021999 0.00169992 0.00269988
1 10 7.38906 0 0.00299986 0.00239989 0.00349984
1 10 12.1825 0 0.00349984 0.00289987 0.00409981
1 10 20.0855 0 0.00419981 0.00359984 0.00479978
1 10 33.1155 0 0.00509977 0.0043998 0.00579974
1 10 54.5982 0 0.00579974 0.00499977 0.0065997
1 10 90.0171 0 0.00679969 0.00599973 0.00759965
1 10 148.413 0 0.00689969 0.00609972 0.00769965
1 10 244.692 0 0.00749966 0.0066997 0.00829962
1 10 403.429 0 0.00839962 0.00749966 0.00929958
1 10 665.142 0 0.0088996 0.00799964 0.00979956
1 10 1096.63 0 0.00949957 0.00849962 0.0103995
1 10 1808.04 0 0.0100995 0.00909959 0.0110995
1 10 2980.96 0 0.0106995 0.00969956 0.0116995
1 10 4914.77 0 0.0111995 0.0101995 0.0122994
1 10 8103.08 0 0.0124994 0.0113995 0.0135994
1 10 13359.7 0 0.0134994 0.0123994 0.0146993
1 10 22026.5 0 0.0138994 0.0126994 0.0149993
1 10 36315.5 0 0.0143994 0.0131994 0.0155993
1 10 59874.1 0 0.0147993 0.0135994 0.0159993
1 10 98715.8 0 0.0152993 0.0140994 0.0164993
1 10 162755 0 0.0154993 0.0142994 0.0166992
1 10 268337 0 0.0167992 0.0154993 0.0180992
1 10 442413 0 0.0175992 0.0162993 0.0188992
1 10 729416 0 0.0179992 0.0166993 0.0192991
1 10 1.2026e+06 0 0.0183992 0.0169993 0.0196991
1 1 1 0 0 0 0
1 1 1.64872 0 0.000505696 0.00031606 0.000695333
1 1 2.71828 0 0.000758545 0.000568909 0.000948181
1 1 4.48169 0 0.00139067 0.0010746 0.00170673
1 1 7.38906 0 0.00189636 0.0015803 0.00227563
1 1 12.1825 0 0.00221242 0.00183315 0.00259169
1 1 20.0855 0 0.00265491 0.00227563 0.00303418
1 1 33.1155 0 0.00322381 0.00278133 0.0036663
1 1 54.5982 0 0.0036663 0.0031606 0.00410878
1 1 90.0171 0 0.00429842 0.00379272 0.00480412
1 1 148.413 0 0.00436163 0.00385594 0.00486733
1 1 244.692 0 0.0047409 0.00423521 0.00530981
1 1 403.429 0 0.00530981 0.0047409 0.00587872
1 1 665.142 0 0.00564913 0.00505696 0.00625799
1 1 1096.63 0 0.0060284 0.00539628 0.00663727
1 1 1808.04 0 0.00640767 0.00577555 0.00703979
1 1 2980.96 0 0.00678694 0.00613157 0.00744232
1 1 4914.77 0 0.007103 0.00644763 0.00775838
1 1 8103.08 0 0.00792476 0.00721273 0.00862009
1 1 13359.7 0 0.00855688 0.00782159 0.00929217
1 1 22026.5 0 0.00880973 0.00807444 0.00954502
1 1 36315.5 0 0.00912579 0.00836725 0.00986763
1 1 59874.1 0 0.00937864 0.00862009 0.0101372
1 1 98715.8 0 0.0096947 0.0089129 0.0104532
1 1 162755 0 0.00982112 0.00906258 0.0105797
1 1 268337 0 0.0106661 0.00982112 0.0114646
1 1 442413 0 0.0111718 0.0103501 0.0120103
1 1 729416 0 0.0114712 0.0106327 0.0123162
1 1 1.2026e+06 0 0.011724 0.0108689 0.012569
