1 1 1 0 0 0 0
1 1 2.71828 0 0.251167 0.247906 0.254503
1 1 7.38906 0 0.358612 0.354737 0.362422
1 1 20.0855 0 0.435207 0.431145 0.439233
1 1 54.5982 0 0.492971 0.488868 0.497048
1 1 148.413 0 0.540493 0.536426 0.54447
1 1 403.429 0 0.578064 0.573992 0.582209
1 1 1096.63 0 0.610331 0.606291 0.614299
1 1 2980.96 0 0.639129 0.635307 0.643161
1 1 8103.08 0 0.664541 0.66065 0.668468
1 1 22026.5 0 0.685126 0.681161 0.689009
1 1 59874.1 0 0.702602 0.698794 0.706378
1 1 162755 0 0.72035 0.716611 0.724158
1 1 442413 0 0.737 0.733339 0.740635
1 1 1.2026e+06 0 0.750685 0.747099 0.75419
