1.25 1 1 0 0 0 0
1.25 1 2.71828 0 0.0313329 0.0299655 0.0327235
1.25 1 7.38906 0 0.0578595 0.0560234 0.0596891
1.25 1 20.0855 0 0.084086 0.0818653 0.0863352
1.25 1 54.5982 0 0.114193 0.111727 0.116743
1.25 1 148.413 0 0.14905 0.146231 0.151866
1.25 1 403.429 0 0.188031 0.18492 0.191139
1.25 1 1096.63 0 0.235001 0.231489 0.238437
1.25 1 2980.96 0 0.284937 0.281277 0.288543
1.25 1 8103.08 0 0.330743 0.326911 0.334472
1.25 1 22026.5 0 0.385563 0.381573 0.389506
1.25 1 59874.1 0 0.440687 0.436622 0.444659
1.25 1 162755 0 0.493918 0.489722 0.498079
1.25 1 442413 0 0.549905 0.545855 0.553889
1.25 1 1.2026e+06 0 0.602277 0.598208 0.606303
1.45 1 1 0 0 0 0
1.45 1 2.71828 0 0.0295397 0.0281955 0.0308606
1.45 1 7.38906 0 0.061474 0.0596277 0.0633818
1.45 1 20.0855 0 0.0958772 0.0935469 0.0982231
1.45 1 54.5982 0 0.141321 0.138501 0.144054
1.45 1 148.413 0 0.194311 0.191164 0.197469
1.45 1 403.429 0 0.257551 0.253985 0.261107
1.45 1 1096.63 0 0.329365 0.32557 0.333117
1.45 1 2980.96 0 0.409086 0.405046 0.413143
1.45 1 8103.08 0 0.49468 0.490651 0.498888
1.45 1 22026.5 0 0.577351 0.57335 0.581403
1.45 1 59874.1 0 0.653247 0.649272 0.657307
1.45 1 162755 0 0.71895 0.715228 0.722813
1.45 1 442413 0 0.779929 0.776415 0.783467
1.45 1 1.2026e+06 0 0.830295 0.827184 0.833406
1.65 1 1 0 0 0 0
1.65 1 2.71828 0 0.0306608 0.0293268 0.0320115
1.65 1 7.38906 0 0.0624068 0.0604953 0.0643057
1.65 1 20.0855 0 0.108234 0.105839 0.110662
1.65 1 54.5982 0 0.163515 0.160535 0.166432
1.65 1 148.413 0 0.235523 0.232149 0.238971
1.65 1 403.429 0 0.326771 0.323051 0.330563
1.65 1 1096.63 0 0.427376 0.423411 0.431434
1.65 1 2980.96 0 0.536173 0.532141 0.540204
1.65 1 8103.08 0 0.63918 0.635202 0.643101
1.65 1 22026.5 0 0.733488 0.729794 0.737013
1.65 1 59874.1 0 0.808571 0.805323 0.811845
1.65 1 162755 0 0.866324 0.863561 0.869091
1.65 1 442413 0 0.90945 0.90709 0.911891
1.65 1 1.2026e+06 0 0.93748 0.935434 0.93952
1.85 1 1 0 0 0 0
1.85 1 2.71828 0 0.0306942 0.0293202 0.0320449
1.85 1 7.38906 0 0.0691524 0.0671301 0.0711014
1.85 1 20.0855 0 0.12214 0.119538 0.124734
1.85 1 54.5982 0 0.188116 0.185071 0.19127
1.85 1 148.413 0 0.27813 0.274541 0.281643
1.85 1 403.429 0 0.395722 0.391888 0.399701
1.85 1 1096.63 0 0.520682 0.516685 0.524685
1.85 1 2980.96 0 0.646572 0.642603 0.650391
1.85 1 8103.08 0 0.750428 0.746787 0.753985
1.85 1 22026.5 0 0.829658 0.826574 0.832842
1.85 1 59874.1 0 0.88596 0.88335 0.88863
1.85 1 162755 0 0.927621 0.925455 0.929809
1.85 1 442413 0 0.954959 0.953196 0.956703
1.85 1 1.2026e+06 0 0.971541 0.970126 0.972948
1 1 1 0 0 0 0
1 1 2.71828 0 0.0308039 0.0294133 0.0321147
1 1 7.38906 0 0.0527849 0.0510317 0.0544998
1 1 20.0855 0 0.0718794 0.0698032 0.0739172
1 1 54.5982 0 0.0890647 0.0867696 0.091338
1 1 148.413 0 0.105186 0.1027 0.107627
1 1 403.429 0 0.123338 0.120726 0.125984
1 1 1096.63 0 0.136773 0.13401 0.139509
1 1 2980.96 0 0.151165 0.148292 0.154049
1 1 8103.08 0 0.167307 0.164279 0.170345
1 1 22026.5 0 0.179582 0.176514 0.182637
1 1 59874.1 0 0.192152 0.188997 0.195344
1 1 162755 0 0.204716 0.201433 0.208003
1 1 442413 0 0.216944 0.213609 0.220315
1 1 1.2026e+06 0 0.228844 0.225408 0.232255
2.05 1 1 0 0 0 0
2.05 1 2.71828 0 0.25795 0.25466 0.261346
2.05 1 7.38906 0 0.405452 0.401581 0.409405
2.05 1 20.0855 0 0.522313 0.518231 0.526254
2.05 1 54.5982 0 0.624771 0.620908 0.628664
2.05 1 148.413 0 0.718852 0.715176 0.722478
2.05 1 403.429 0 0.797958 0.794679 0.801305
2.05 1 1096.63 0 0.862893 0.860066 0.86573
2.05 1 2980.96 0 0.90783 0.905444 0.910275
2.05 1 8103.08 0 0.940094 0.938099 0.942081
2.05 1 22026.5 0 0.961426 0.959834 0.963045
2.05 1 59874.1 0 0.974074 0.972745 0.97541
2.05 1 162755 0 0.983793 0.982732 0.984836
2.05 1 442413 0 0.990228 0.989398 0.991054
2.05 1 1.2026e+06 0 0.994074 0.993452 0.994718
