0 0
1 0.001104
2 0.000744
3 0.00054
4 0.000452
5 0.000432
6 0.000369472
7 0.000332
8 0.000264
9 0.00026
10 0.000208
11 0.000225472
12 0.000176
13 0.000224
14 0.00016
15 0.000156
16 0.000201472
17 0.000184
18 0.000144
19 0.000148
20 0.000148
21 0.0001
22 0.00014
23 0.000144
24 8.8e-05
25 0.00012
26 0.00014
27 0.000116
28 0.000109472
29 0.000101472
30 9.6e-05
31 0.000105472
32 8.8e-05
33 0.000116
34 9.34715e-05
35 8e-05
36 0.000121472
37 8.4e-05
38 0.000124
39 7.2e-05
40 9.2e-05
41 8.8e-05
42 8.4e-05
43 0.0001
44 0.00012
45 6e-05
46 8.14715e-05
47 9.6e-05
48 4.4e-05
49 7.6e-05
50 5.6e-05
51 8.4e-05
52 7.6e-05
53 4.4e-05
54 7.2e-05
55 7.2e-05
56 5.2e-05
57 7.2e-05
58 6e-05
59 8e-05
60 0.0001
61 7.2e-05
62 9.2e-05
63 4.94715e-05
64 4.4e-05
65 5.34715e-05
66 7.6e-05
67 4.4e-05
68 6e-05
69 6.94715e-05
70 6.54715e-05
71 6.94715e-05
72 4.8e-05
73 7.34715e-05
74 4.4e-05
75 3.2e-05
76 4.4e-05
77 7.34715e-05
78 4.94715e-05
79 5.4943e-05
80 7.2e-05
81 7.2e-05
82 6.4e-05
83 3.74715e-05
84 5.2e-05
85 3.74715e-05
86 3.74715e-05
87 6.8e-05
88 4.4e-05
89 4.54715e-05
90 5.2e-05
91 2.4e-05
92 4e-05
93 5.2e-05
94 6.8e-05
95 5.74715e-05
96 4.4e-05
97 6e-05
98 4.94715e-05
99 7.6e-05
100 5.6e-05
101 5.2e-05
102 1.74715e-05
103 3.74715e-05
104 6e-05
105 4.8e-05
106 3.6e-05
107 5.6e-05
108 5.2e-05
109 4e-05
110 2.54715e-05
111 4.4e-05
112 4.94715e-05
113 3.6e-05
114 5.2e-05
115 3.2e-05
116 8e-05
117 6e-05
118 4e-05
119 3.2e-05
120 4.4e-05
121 4.94715e-05
122 6.8e-05
123 2.8e-05
124 6e-05
125 3.6e-05
126 3.0943e-05
127 5.2e-05
128 3.6e-05
129 2.94715e-05
130 4.8e-05
131 4.14715e-05
132 5.2e-05
133 2.8e-05
134 4.4e-05
135 6e-05
136 4.8e-05
137 3.2e-05
138 3.6e-05
139 2.8e-05
140 4.4e-05
141 4.4e-05
142 2.14715e-05
143 2.4e-05
144 3.2e-05
145 4e-05
146 3.6e-05
147 4e-05
148 4.8e-05
149 6.8e-05
150 2e-05
151 3.6e-05
152 4.14715e-05
153 6.54715e-05
154 5.2e-05
155 2e-05
156 4e-05
157 4.4e-05
158 2.8e-05
159 3.2e-05
160 2e-05
161 4.4e-05
162 3.2e-05
163 4e-05
164 2.8e-05
165 3.2e-05
166 3.6e-05
167 2.94715e-05
168 2e-05
169 4.8e-05
170 2e-05
171 2e-05
172 2e-05
173 1.6e-05
174 3.6e-05
175 3.34715e-05
176 2.6943e-05
177 1.6e-05
178 3.6e-05
179 9.47152e-06
180 2e-05
181 3.2e-05
182 2.8e-05
183 3.2e-05
184 2.4e-05
185 9.47152e-06
186 2.4e-05
187 4e-05
188 4.8e-05
189 2e-05
190 2.8e-05
191 3.2e-05
192 3.2e-05
193 4e-05
194 2.54715e-05
195 2.8e-05
196 4.8e-05
197 4e-05
198 3.6e-05
199 4e-05
200 3.2e-05
201 2.4e-05
202 4.8e-05
203 4e-06
204 2.8e-05
205 3.6e-05
206 2.4e-05
207 2.8e-05
208 3.6e-05
209 3.2e-05
210 3.6e-05
211 2e-05
212 3.2e-05
213 1.8943e-05
214 2.94715e-05
215 4e-05
216 2.4e-05
217 3.2e-05
218 2e-05
219 2e-05
220 3.34715e-05
221 2.8e-05
222 2.8e-05
223 4e-06
224 2.8e-05
225 2.8e-05
226 1.74715e-05
227 1.6e-05
228 1.6e-05
229 3.2e-05
230 2.4e-05
231 2e-05
232 1.2e-05
233 4e-05
234 2e-05
235 1.6e-05
236 2.8e-05
237 4e-05
238 2.8e-05
239 2.4e-05
240 2.4e-05
241 3.34715e-05
242 2.4e-05
243 2.8e-05
244 1.74715e-05
245 3.2e-05
246 2.8e-05
247 2.2943e-05
248 3.0943e-05
249 2e-05
250 2.8e-05
251 1.6e-05
252 3.34715e-05
253 2e-05
254 4e-06
255 3.2e-05
256 2e-05
257 1.2e-05
258 1.6e-05
259 1.6e-05
260 2e-05
261 1.6e-05
262 1.74715e-05
263 4.4e-05
264 2e-05
265 8e-06
266 1.6e-05
267 2.4e-05
268 2e-05
269 3.2e-05
270 2.8e-05
271 8e-06
272 8e-06
273 2.2943e-05
274 2.14715e-05
275 3.2e-05
276 1.6e-05
277 2.4e-05
278 2.8e-05
279 1.6e-05
280 4.4e-05
281 2.8e-05
282 4.8e-05
283 1.34715e-05
284 3.74715e-05
285 2.05413e-05
286 2.4e-05
287 1.2e-05
288 2e-05
289 3.6e-05
290 2.4e-05
291 2.54715e-05
292 2e-05
293 2e-05
294 9.47152e-06
295 1.74715e-05
296 2.14715e-05
297 2e-05
298 3.2e-05
299 2e-05
300 2.4e-05
301 2e-05
302 3.6e-05
303 4e-05
304 1.2e-05
305 2.8e-05
306 8e-06
307 2.8e-05
308 2.4e-05
309 2.4e-05
310 1.6e-05
311 2.54715e-05
312 1.2e-05
313 1.74715e-05
314 1.2e-05
315 2e-05
316 2.4e-05
317 3.2e-05
318 2e-05
319 3.2e-05
320 2e-05
321 2.8e-05
322 1.6e-05
323 1.2e-05
324 1.2e-05
325 2.4e-05
326 1.6e-05
327 2.4e-05
328 1.2e-05
329 2.4e-05
330 8e-06
331 1.6e-05
332 2e-05
333 3.2e-05
334 2.14715e-05
335 2e-05
336 2e-05
337 2e-05
338 1.6e-05
339 3.6e-05
340 2.54715e-05
341 3.6e-05
342 1.6e-05
343 2.4e-05
344 2.8e-05
345 2e-05
346 2e-05
347 2e-05
348 3.2e-05
349 8e-06
350 2.54715e-05
351 1.34715e-05
352 8e-06
353 2e-05
354 2.4e-05
355 1.8943e-05
356 2.8e-05
357 1.2e-05
358 3.34715e-05
359 2.94715e-05
360 2.4e-05
361 2e-05
362 1.74715e-05
363 1.6e-05
364 3.4943e-05
365 2.8e-05
366 1.8943e-05
367 2.8e-05
368 2.4e-05
369 4.8e-05
370 2e-05
371 8e-06
372 2.6943e-05
373 1.2e-05
374 2.4e-05
375 2.4e-05
376 2e-05
377 1.2e-05
378 2e-05
379 1.2e-05
380 1.2e-05
381 1.8943e-05
382 8e-06
383 1.2e-05
384 8e-06
385 2e-05
386 8e-06
387 1.6e-05
388 2.05413e-05
389 1.2e-05
390 2.8e-05
391 2.14715e-05
392 2e-05
393 8e-06
394 1.2e-05
395 1.47152e-06
396 2e-05
397 1.74715e-05
398 1.6e-05
399 2.14715e-05
400 2e-05
401 9.47152e-06
402 1.6e-05
403 2.14715e-05
404 2e-05
405 8e-06
406 2.54715e-05
407 4e-06
408 1.74715e-05
409 1.6e-05
410 4e-06
411 3.6e-05
412 1.2e-05
413 1.34715e-05
414 1.6e-05
415 2e-05
416 1.2e-05
417 8e-06
418 8e-06
419 2.4e-05
420 2.54715e-05
421 8e-06
422 2e-05
423 8e-06
424 2.8e-05
425 1.2e-05
426 2e-05
427 1.6e-05
428 4e-06
429 8e-06
430 2.4e-05
431 8e-06
432 2e-05
433 2.8e-05
434 1.2e-05
435 8e-06
436 4e-06
437 1.6e-05
438 1.34715e-05
439 4e-06
440 2.8e-05
441 2e-05
442 1.6e-05
443 1.6e-05
444 8e-06
445 8e-06
446 8e-06
447 9.47152e-06
448 1.65413e-05
449 2e-05
450 2e-05
451 2e-05
452 2e-05
453 8e-06
454 1.6e-05
455 3.2e-05
456 1.2e-05
457 4e-06
458 2e-05
459 2.14715e-05
460 4e-06
461 2e-05
462 8e-06
463 4e-06
464 4e-06
465 1.2e-05
466 1.2e-05
467 2e-05
468 2.4e-05
469 8e-06
470 1.2e-05
471 1.2e-05
472 8e-06
473 1.2e-05
474 2e-05
475 1.6e-05
476 1.34715e-05
477 2e-05
478 1.2e-05
479 1.6e-05
480 8e-06
481 1.2e-05
482 2.14715e-05
483 1.2e-05
484 1.6e-05
485 2.8e-05
486 1.2e-05
487 2.4e-05
488 5.47152e-06
489 1.6e-05
490 2.4e-05
491 2e-05
492 2.4e-05
493 2e-05
494 8e-06
495 2.8e-05
496 8e-06
497 4e-06
498 1.6e-05
499 1.2e-05
500 2e-05
501 8e-06
502 2.4e-05
503 1.6e-05
504 1.6e-05
505 1.6e-05
506 4e-06
507 1.6e-05
508 1.74715e-05
509 1.6e-05
510 2e-05
511 1.6e-05
512 2.6943e-05
513 8e-06
514 1.74715e-05
515 1.2e-05
516 1.6e-05
517 2.4e-05
518 4e-06
519 8e-06
520 1.34715e-05
521 1.2e-05
522 1.74715e-05
523 1.2e-05
524 2.4e-05
525 2e-05
526 8e-06
527 1.6e-05
528 3.2e-05
529 2.54715e-05
530 1.6e-05
531 2.20129e-05
532 2.8e-05
533 8e-06
534 3.6e-05
535 0
536 2.4e-05
537 8e-06
538 2e-05
539 2.14715e-05
540 2e-05
541 1.6e-05
542 4e-06
543 1.6e-05
544 1.2e-05
545 1.2e-05
546 5.47152e-06
547 8e-06
548 8e-06
549 2e-05
550 2.4e-05
551 2.4e-05
552 8e-06
553 8e-06
554 8e-06
555 2.8e-05
556 1.2e-05
557 1.2e-05
558 2e-05
559 4e-06
560 8e-06
561 1.2e-05
562 1.2e-05
563 8e-06
564 2e-05
565 1.6e-05
566 1.4943e-05
567 8e-06
568 8e-06
569 1.2e-05
570 1.6e-05
571 8e-06
572 2.54715e-05
573 9.47152e-06
574 1.2e-05
575 2e-05
576 2e-05
577 4e-06
578 1.6e-05
579 1.2e-05
580 4e-06
581 2.4e-05
582 0
583 1.6e-05
584 1.6e-05
585 8e-06
586 1.2e-05
587 2e-05
588 2.4e-05
589 4e-06
590 8e-06
591 8e-06
592 8e-06
593 2e-05
594 2e-05
595 2e-05
596 1.2e-05
597 1.74715e-05
598 8e-06
599 4e-06
600 0
601 1.6e-05
602 2.94715e-05
603 0
604 4e-06
605 3.6e-05
606 8e-06
607 1.8943e-05
608 1.2e-05
609 2.4e-05
610 8e-06
611 8e-06
612 1.2e-05
613 8e-06
614 8e-06
615 2.4e-05
616 2.4e-05
617 1.2e-05
618 1.6e-05
619 8e-06
620 3.2e-05
621 9.47152e-06
622 8e-06
623 1.2e-05
624 1.2e-05
625 1.2e-05
626 4e-06
627 8e-06
628 3.2e-05
629 2e-05
630 1.2e-05
631 5.47152e-06
632 2.54715e-05
633 2.94715e-05
634 8e-06
635 1.6e-05
636 1.2e-05
637 1.2e-05
638 3.2e-05
639 1.47152e-06
640 8e-06
641 1.6e-05
642 4e-06
643 0
644 2.8e-05
645 2.8e-05
646 8e-06
647 2.14715e-05
648 2.8e-05
649 1.2e-05
650 8e-06
651 2.14715e-05
652 1.6e-05
653 1.6e-05
654 4e-06
655 8e-06
656 1.6e-05
657 2.8e-05
658 9.47152e-06
659 2.4e-05
660 8e-06
661 2.4e-05
662 4e-06
663 1.2e-05
664 1.2e-05
665 1.2e-05
666 8e-06
667 1.2e-05
668 4e-06
669 1.6e-05
670 0
671 1.2e-05
672 8e-06
673 4e-06
674 8e-06
675 2.4e-05
676 8e-06
677 1.2e-05
678 2e-05
679 1.6e-05
680 4e-06
681 8e-06
682 4e-06
683 1.2e-05
684 8e-06
685 1.2e-05
686 4e-06
687 4e-06
688 1.2e-05
689 8e-06
690 4e-06
691 1.6e-05
692 4e-06
693 1.34715e-05
694 2.4e-05
695 1.74715e-05
696 2.8e-05
697 8e-06
698 8e-06
699 1.2e-05
700 2.8e-05
701 4e-06
702 8e-06
703 1.2e-05
704 8e-06
705 4e-06
706 8e-06
707 1.6e-05
708 1.2e-05
709 1.2e-05
710 1.6e-05
711 1.6e-05
712 1.6e-05
713 1.6e-05
714 4e-06
715 2e-05
716 4e-06
717 8e-06
718 4e-06
719 1.34715e-05
720 1.2e-05
721 8e-06
722 3.2e-05
723 2.4e-05
724 1.6e-05
725 2e-05
726 8e-06
727 2e-05
728 0
729 1.6e-05
730 1.2e-05
731 1.6e-05
732 1.2e-05
733 2e-05
734 9.47152e-06
735 2.4e-05
736 8e-06
737 1.6e-05
738 1.6e-05
739 8e-06
740 8e-06
741 1.2e-05
742 8e-06
743 1.6e-05
744 1.6e-05
745 4e-06
746 2.8e-05
747 2.4e-05
748 5.47152e-06
749 1.6e-05
750 2e-05
751 8e-06
752 4e-06
753 2.8e-05
754 9.47152e-06
755 1.2e-05
756 4e-06
757 4e-06
758 2.8e-05
759 4e-06
760 8e-06
761 2.4e-05
762 2e-05
763 2e-05
764 2e-05
765 1.6e-05
766 8e-06
767 4e-06
768 8e-06
769 4e-06
770 3.2e-05
771 1.2e-05
772 2.8e-05
773 5.47152e-06
774 4e-06
775 2.4e-05
776 4e-06
777 1.6e-05
778 1.6e-05
779 1.6e-05
780 1.6e-05
781 1.6e-05
782 4e-06
783 1.6e-05
784 8e-06
785 1.6e-05
786 1.2e-05
787 9.47152e-06
788 2e-05
789 1.74715e-05
790 8e-06
791 1.2e-05
792 4e-06
793 1.2e-05
794 1.2e-05
795 1.2e-05
796 2.14715e-05
797 0
798 8e-06
799 0
800 1.2e-05
801 8e-06
802 1.2e-05
803 1.6e-05
804 2.8e-05
805 2e-05
806 4e-06
807 9.47152e-06
808 8e-06
809 1.2e-05
810 2e-05
811 1.6e-05
812 1.2e-05
813 8e-06
814 1.2e-05
815 1.2e-05
816 1.2e-05
817 2e-05
818 0
819 2.4e-05
820 8e-06
821 0
822 8e-06
823 4e-06
824 8e-06
825 1.2e-05
826 4e-06
827 1.2e-05
828 8e-06
829 0
830 4e-06
831 4e-06
832 0
833 4e-06
834 1.34715e-05
835 1.6e-05
836 4e-06
837 8e-06
838 4e-06
839 1.2e-05
840 0
841 4e-06
842 8e-06
843 8e-06
844 1.2e-05
845 8e-06
846 8e-06
847 1.2e-05
848 4e-06
849 4e-06
850 8e-06
851 1.2e-05
852 4e-06
853 1.2e-05
854 2e-05
855 1.6e-05
856 5.47152e-06
857 4e-06
858 8e-06
859 1.2e-05
860 8e-06
861 8e-06
862 8e-06
863 2.4e-05
864 2e-05
865 2e-05
866 4e-06
867 1.6e-05
868 8e-06
869 5.47152e-06
870 8e-06
871 1.6e-05
872 2e-05
873 8e-06
874 1.2e-05
875 0
876 1.2e-05
877 4e-06
878 1.2e-05
879 4e-06
880 1.2e-05
881 8e-06
882 4e-06
883 5.47152e-06
884 4e-06
885 1.47152e-06
886 5.47152e-06
887 4e-06
888 2.14715e-05
889 1.34715e-05
890 8e-06
891 8e-06
892 8e-06
893 8e-06
894 8e-06
895 8e-06
896 1.2e-05
897 1.6e-05
898 1.6e-05
899 8e-06
900 2.4e-05
901 1.2e-05
902 4e-06
903 9.47152e-06
904 1.6e-05
905 4e-06
906 5.47152e-06
907 1.2e-05
908 1.2e-05
909 2.14715e-05
910 8e-06
911 8e-06
912 0
913 1.2e-05
914 0
915 1.2e-05
916 8e-06
917 1.2e-05
918 4e-06
919 1.2e-05
920 1.6e-05
921 8e-06
922 1.6e-05
923 1.2e-05
924 4e-06
925 1.6e-05
926 2e-05
927 8e-06
928 4e-06
929 1.6e-05
930 1.6e-05
931 8e-06
932 1.2e-05
933 8e-06
934 4e-06
935 8e-06
936 2.4e-05
937 1.2e-05
938 4e-06
939 1.2e-05
940 8e-06
941 1.6e-05
942 4e-06
943 8e-06
944 4e-06
945 8e-06
946 4e-06
947 0
948 2.14715e-05
949 0
950 0
951 8e-06
952 2e-05
953 4e-06
954 4e-06
955 1.2e-05
956 1.2e-05
957 4e-06
958 0
959 1.6e-05
960 1.2e-05
961 1.2e-05
962 1.2e-05
963 1.6e-05
964 1.47152e-06
965 8e-06
966 4e-06
967 8e-06
968 8e-06
969 2e-05
970 1.2e-05
971 4e-06
972 1.2e-05
973 8e-06
974 1.2e-05
975 0
976 8e-06
977 1.6e-05
978 2e-05
979 8e-06
980 8e-06
981 1.2e-05
982 1.6e-05
983 8e-06
984 2.14715e-05
985 4e-06
986 1.2e-05
987 4e-06
988 2e-05
989 1.6e-05
990 4e-06
991 8e-06
992 1.2e-05
993 4e-06
994 8e-06
995 2e-05
996 0
997 1.2e-05
998 4e-06
999 0
