0 0
1 0.0001104
2 7.44e-05
3 5.4e-05
4 4.52e-05
5 4.32e-05
6 3.71619e-05
7 3.32e-05
8 2.64e-05
9 2.6e-05
10 2.08e-05
11 2.27619e-05
12 1.76e-05
13 2.24e-05
14 1.6e-05
15 1.56e-05
16 2.03619e-05
17 1.84e-05
18 1.44e-05
19 1.48e-05
20 1.48e-05
21 1e-05
22 1.4e-05
23 1.44e-05
24 8.8e-06
25 1.2e-05
26 1.4e-05
27 1.16e-05
28 1.11619e-05
29 1.03619e-05
30 9.6e-06
31 1.07619e-05
32 8.8e-06
33 1.16e-05
34 9.56193e-06
35 8e-06
36 1.23619e-05
37 8.4e-06
38 1.24e-05
39 7.2e-06
40 9.2e-06
41 8.8e-06
42 8.4e-06
43 1e-05
44 1.2e-05
45 6e-06
46 8.36193e-06
47 9.6e-06
48 4.4e-06
49 7.6e-06
50 5.6e-06
51 8.4e-06
52 7.6e-06
53 4.4e-06
54 7.2e-06
55 7.2e-06
56 5.2e-06
57 7.2e-06
58 6e-06
59 8e-06
60 1e-05
61 7.2e-06
62 9.2e-06
63 5.16193e-06
64 4.4e-06
65 5.56193e-06
66 7.6e-06
67 4.4e-06
68 6e-06
69 7.16193e-06
70 6.76193e-06
71 7.16193e-06
72 4.8e-06
73 7.56193e-06
74 4.4e-06
75 3.2e-06
76 4.4e-06
77 7.56193e-06
78 5.16193e-06
79 5.92387e-06
80 7.2e-06
81 7.2e-06
82 6.4e-06
83 3.96193e-06
84 5.2e-06
85 3.96193e-06
86 3.96193e-06
87 6.8e-06
88 4.4e-06
89 4.76193e-06
90 5.2e-06
91 2.4e-06
92 4e-06
93 5.2e-06
94 6.8e-06
95 5.96193e-06
96 4.4e-06
97 6e-06
98 5.16193e-06
99 7.6e-06
100 5.6e-06
101 5.2e-06
102 1.96193e-06
103 3.96193e-06
104 6e-06
105 4.8e-06
106 3.6e-06
107 5.6e-06
108 5.2e-06
109 4e-06
110 2.76193e-06
111 4.4e-06
112 5.16193e-06
113 3.6e-06
114 5.2e-06
115 3.2e-06
116 8e-06
117 6e-06
118 4e-06
119 3.2e-06
120 4.4e-06
121 5.16193e-06
122 6.8e-06
123 2.8e-06
124 6e-06
125 3.6e-06
126 3.52387e-06
127 5.2e-06
128 3.6e-06
129 3.16193e-06
130 4.8e-06
131 4.36193e-06
132 5.2e-06
133 2.8e-06
134 4.4e-06
135 6e-06
136 4.8e-06
137 3.2e-06
138 3.6e-06
139 2.8e-06
140 4.4e-06
141 4.4e-06
142 2.36193e-06
143 2.4e-06
144 3.2e-06
145 4e-06
146 3.6e-06
147 4e-06
148 4.8e-06
149 6.8e-06
150 2e-06
151 3.6e-06
152 4.36193e-06
153 6.76193e-06
154 5.2e-06
155 2e-06
156 4e-06
157 4.4e-06
158 2.8e-06
159 3.2e-06
160 2e-06
161 4.4e-06
162 3.2e-06
163 4e-06
164 2.8e-06
165 3.2e-06
166 3.6e-06
167 3.16193e-06
168 2e-06
169 4.8e-06
170 2e-06
171 2e-06
172 2e-06
173 1.6e-06
174 3.6e-06
175 3.56193e-06
176 3.12387e-06
177 1.6e-06
178 3.6e-06
179 1.16193e-06
180 2e-06
181 3.2e-06
182 2.8e-06
183 3.2e-06
184 2.4e-06
185 1.16193e-06
186 2.4e-06
187 4e-06
188 4.8e-06
189 2e-06
190 2.8e-06
191 3.2e-06
192 3.2e-06
193 4e-06
194 2.76193e-06
195 2.8e-06
196 4.8e-06
197 4e-06
198 3.6e-06
199 4e-06
200 3.2e-06
201 2.4e-06
202 4.8e-06
203 4e-07
204 2.8e-06
205 3.6e-06
206 2.4e-06
207 2.8e-06
208 3.6e-06
209 3.2e-06
210 3.6e-06
211 2e-06
212 3.2e-06
213 2.32387e-06
214 3.16193e-06
215 4e-06
216 2.4e-06
217 3.2e-06
218 2e-06
219 2e-06
220 3.56193e-06
221 2.8e-06
222 2.8e-06
223 4e-07
224 2.8e-06
225 2.8e-06
226 1.96193e-06
227 1.6e-06
228 1.6e-06
229 3.2e-06
230 2.4e-06
231 2e-06
232 1.2e-06
233 4e-06
234 2e-06
235 1.6e-06
236 2.8e-06
237 4e-06
238 2.8e-06
239 2.4e-06
240 2.4e-06
241 3.56193e-06
242 2.4e-06
243 2.8e-06
244 1.96193e-06
245 3.2e-06
246 2.8e-06
247 2.72387e-06
248 3.52387e-06
249 2e-06
250 2.8e-06
251 1.6e-06
252 3.56193e-06
253 2e-06
254 4e-07
255 3.2e-06
256 2e-06
257 1.2e-06
258 1.6e-06
259 1.6e-06
260 2e-06
261 1.6e-06
262 1.96193e-06
263 4.4e-06
264 2e-06
265 8e-07
266 1.6e-06
267 2.4e-06
268 2e-06
269 3.2e-06
270 2.8e-06
271 8e-07
272 8e-07
273 2.72387e-06
274 2.36193e-06
275 3.2e-06
276 1.6e-06
277 2.4e-06
278 2.8e-06
279 1.6e-06
280 4.4e-06
281 2.8e-06
282 4.8e-06
283 1.56193e-06
284 3.96193e-06
285 2.32749e-06
286 2.4e-06
287 1.2e-06
288 2e-06
289 3.6e-06
290 2.4e-06
291 2.76193e-06
292 2e-06
293 2e-06
294 1.16193e-06
295 1.96193e-06
296 2.36193e-06
297 2e-06
298 3.2e-06
299 2e-06
300 2.4e-06
301 2e-06
302 3.6e-06
303 4e-06
304 1.2e-06
305 2.8e-06
306 8e-07
307 2.8e-06
308 2.4e-06
309 2.4e-06
310 1.6e-06
311 2.76193e-06
312 1.2e-06
313 1.96193e-06
314 1.2e-06
315 2e-06
316 2.4e-06
317 3.2e-06
318 2e-06
319 3.2e-06
320 2e-06
321 2.8e-06
322 1.6e-06
323 1.2e-06
324 1.2e-06
325 2.4e-06
326 1.6e-06
327 2.4e-06
328 1.2e-06
329 2.4e-06
330 8e-07
331 1.6e-06
332 2e-06
333 3.2e-06
334 2.36193e-06
335 2e-06
336 2e-06
337 2e-06
338 1.6e-06
339 3.6e-06
340 2.76193e-06
341 3.6e-06
342 1.6e-06
343 2.4e-06
344 2.8e-06
345 2e-06
346 2e-06
347 2e-06
348 3.2e-06
349 8e-07
350 2.76193e-06
351 1.56193e-06
352 8e-07
353 2e-06
354 2.4e-06
355 2.32387e-06
356 2.8e-06
357 1.2e-06
358 3.56193e-06
359 3.16193e-06
360 2.4e-06
361 2e-06
362 1.96193e-06
363 1.6e-06
364 3.92387e-06
365 2.8e-06
366 2.32387e-06
367 2.8e-06
368 2.4e-06
369 4.8e-06
370 2e-06
371 8e-07
372 3.12387e-06
373 1.2e-06
374 2.4e-06
375 2.4e-06
376 2e-06
377 1.2e-06
378 2e-06
379 1.2e-06
380 1.2e-06
381 2.32387e-06
382 8e-07
383 1.2e-06
384 8e-07
385 2e-06
386 8e-07
387 1.6e-06
388 2.32749e-06
389 1.2e-06
390 2.8e-06
391 2.36193e-06
392 2e-06
393 8e-07
394 1.2e-06
395 3.61935e-07
396 2e-06
397 1.96193e-06
398 1.6e-06
399 2.36193e-06
400 2e-06
401 1.16193e-06
402 1.6e-06
403 2.36193e-06
404 2e-06
405 8e-07
406 2.76193e-06
407 4e-07
408 1.96193e-06
409 1.6e-06
410 4e-07
411 3.6e-06
412 1.2e-06
413 1.56193e-06
414 1.6e-06
415 2e-06
416 1.2e-06
417 8e-07
418 8e-07
419 2.4e-06
420 2.76193e-06
421 8e-07
422 2e-06
423 8e-07
424 2.8e-06
425 1.2e-06
426 2e-06
427 1.6e-06
428 4e-07
429 8e-07
430 2.4e-06
431 8e-07
432 2e-06
433 2.8e-06
434 1.2e-06
435 8e-07
436 4e-07
437 1.6e-06
438 1.56193e-06
439 4e-07
440 2.8e-06
441 2e-06
442 1.6e-06
443 1.6e-06
444 8e-07
445 8e-07
446 8e-07
447 1.16193e-06
448 1.92749e-06
449 2e-06
450 2e-06
451 2e-06
452 2e-06
453 8e-07
454 1.6e-06
455 3.2e-06
456 1.2e-06
457 4e-07
458 2e-06
459 2.36193e-06
460 4e-07
461 2e-06
462 8e-07
463 4e-07
464 4e-07
465 1.2e-06
466 1.2e-06
467 2e-06
468 2.4e-06
469 8e-07
470 1.2e-06
471 1.2e-06
472 8e-07
473 1.2e-06
474 2e-06
475 1.6e-06
476 1.56193e-06
477 2e-06
478 1.2e-06
479 1.6e-06
480 8e-07
481 1.2e-06
482 2.36193e-06
483 1.2e-06
484 1.6e-06
485 2.8e-06
486 1.2e-06
487 2.4e-06
488 7.61935e-07
489 1.6e-06
490 2.4e-06
491 2e-06
492 2.4e-06
493 2e-06
494 8e-07
495 2.8e-06
496 8e-07
497 4e-07
498 1.6e-06
499 1.2e-06
500 2e-06
501 8e-07
502 2.4e-06
503 1.6e-06
504 1.6e-06
505 1.6e-06
506 4e-07
507 1.6e-06
508 1.96193e-06
509 1.6e-06
510 2e-06
511 1.6e-06
512 3.12387e-06
513 8e-07
514 1.96193e-06
515 1.2e-06
516 1.6e-06
517 2.4e-06
518 4e-07
519 8e-07
520 1.56193e-06
521 1.2e-06
522 1.96193e-06
523 1.2e-06
524 2.4e-06
525 2e-06
526 8e-07
527 1.6e-06
528 3.2e-06
529 2.76193e-06
530 1.6e-06
531 2.68943e-06
532 2.8e-06
533 8e-07
534 3.6e-06
535 0
536 2.4e-06
537 8e-07
538 2e-06
539 2.36193e-06
540 2e-06
541 1.6e-06
542 4e-07
543 1.6e-06
544 1.2e-06
545 1.2e-06
546 7.61935e-07
547 8e-07
548 8e-07
549 2e-06
550 2.4e-06
551 2.4e-06
552 8e-07
553 8e-07
554 8e-07
555 2.8e-06
556 1.2e-06
557 1.2e-06
558 2e-06
559 4e-07
560 8e-07
561 1.2e-06
562 1.2e-06
563 8e-07
564 2e-06
565 1.6e-06
566 1.92387e-06
567 8e-07
568 8e-07
569 1.2e-06
570 1.6e-06
571 8e-07
572 2.76193e-06
573 1.16193e-06
574 1.2e-06
575 2e-06
576 2e-06
577 4e-07
578 1.6e-06
579 1.2e-06
580 4e-07
581 2.4e-06
582 0
583 1.6e-06
584 1.6e-06
585 8e-07
586 1.2e-06
587 2e-06
588 2.4e-06
589 4e-07
590 8e-07
591 8e-07
592 8e-07
593 2e-06
594 2e-06
595 2e-06
596 1.2e-06
597 1.96193e-06
598 8e-07
599 4e-07
600 0
601 1.6e-06
602 3.16193e-06
603 0
604 4e-07
605 3.6e-06
606 8e-07
607 2.32387e-06
608 1.2e-06
609 2.4e-06
610 8e-07
611 8e-07
612 1.2e-06
613 8e-07
614 8e-07
615 2.4e-06
616 2.4e-06
617 1.2e-06
618 1.6e-06
619 8e-07
620 3.2e-06
621 1.16193e-06
622 8e-07
623 1.2e-06
624 1.2e-06
625 1.2e-06
626 4e-07
627 8e-07
628 3.2e-06
629 2e-06
630 1.2e-06
631 7.61935e-07
632 2.76193e-06
633 3.16193e-06
634 8e-07
635 1.6e-06
636 1.2e-06
637 1.2e-06
638 3.2e-06
639 3.61935e-07
640 8e-07
641 1.6e-06
642 4e-07
643 0
644 2.8e-06
645 2.8e-06
646 8e-07
647 2.36193e-06
648 2.8e-06
649 1.2e-06
650 8e-07
651 2.36193e-06
652 1.6e-06
653 1.6e-06
654 4e-07
655 8e-07
656 1.6e-06
657 2.8e-06
658 1.16193e-06
659 2.4e-06
660 8e-07
661 2.4e-06
662 4e-07
663 1.2e-06
664 1.2e-06
665 1.2e-06
666 8e-07
667 1.2e-06
668 4e-07
669 1.6e-06
670 0
671 1.2e-06
672 8e-07
673 4e-07
674 8e-07
675 2.4e-06
676 8e-07
677 1.2e-06
678 2e-06
679 1.6e-06
680 4e-07
681 8e-07
682 4e-07
683 1.2e-06
684 8e-07
685 1.2e-06
686 4e-07
687 4e-07
688 1.2e-06
689 8e-07
690 4e-07
691 1.6e-06
692 4e-07
693 1.56193e-06
694 2.4e-06
695 1.96193e-06
696 2.8e-06
697 8e-07
698 8e-07
699 1.2e-06
700 2.8e-06
701 4e-07
702 8e-07
703 1.2e-06
704 8e-07
705 4e-07
706 8e-07
707 1.6e-06
708 1.2e-06
709 1.2e-06
710 1.6e-06
711 1.6e-06
712 1.6e-06
713 1.6e-06
714 4e-07
715 2e-06
716 4e-07
717 8e-07
718 4e-07
719 1.56193e-06
720 1.2e-06
721 8e-07
722 3.2e-06
723 2.4e-06
724 1.6e-06
725 2e-06
726 8e-07
727 2e-06
728 0
729 1.6e-06
730 1.2e-06
731 1.6e-06
732 1.2e-06
733 2e-06
734 1.16193e-06
735 2.4e-06
736 8e-07
737 1.6e-06
738 1.6e-06
739 8e-07
740 8e-07
741 1.2e-06
742 8e-07
743 1.6e-06
744 1.6e-06
745 4e-07
746 2.8e-06
747 2.4e-06
748 7.61935e-07
749 1.6e-06
750 2e-06
751 8e-07
752 4e-07
753 2.8e-06
754 1.16193e-06
755 1.2e-06
756 4e-07
757 4e-07
758 2.8e-06
759 4e-07
760 8e-07
761 2.4e-06
762 2e-06
763 2e-06
764 2e-06
765 1.6e-06
766 8e-07
767 4e-07
768 8e-07
769 4e-07
770 3.2e-06
771 1.2e-06
772 2.8e-06
773 7.61935e-07
774 4e-07
775 2.4e-06
776 4e-07
777 1.6e-06
778 1.6e-06
779 1.6e-06
780 1.6e-06
781 1.6e-06
782 4e-07
783 1.6e-06
784 8e-07
785 1.6e-06
786 1.2e-06
787 1.16193e-06
788 2e-06
789 1.96193e-06
790 8e-07
791 1.2e-06
792 4e-07
793 1.2e-06
794 1.2e-06
795 1.2e-06
796 2.36193e-06
797 0
798 8e-07
799 0
800 1.2e-06
801 8e-07
802 1.2e-06
803 1.6e-06
804 2.8e-06
805 2e-06
806 4e-07
807 1.16193e-06
808 8e-07
809 1.2e-06
810 2e-06
811 1.6e-06
812 1.2e-06
813 8e-07
814 1.2e-06
815 1.2e-06
816 1.2e-06
817 2e-06
818 0
819 2.4e-06
820 8e-07
821 0
822 8e-07
823 4e-07
824 8e-07
825 1.2e-06
826 4e-07
827 1.2e-06
828 8e-07
829 0
830 4e-07
831 4e-07
832 0
833 4e-07
834 1.56193e-06
835 1.6e-06
836 4e-07
837 8e-07
838 4e-07
839 1.2e-06
840 0
841 4e-07
842 8e-07
843 8e-07
844 1.2e-06
845 8e-07
846 8e-07
847 1.2e-06
848 4e-07
849 4e-07
850 8e-07
851 1.2e-06
852 4e-07
853 1.2e-06
854 2e-06
855 1.6e-06
856 7.61935e-07
857 4e-07
858 8e-07
859 1.2e-06
860 8e-07
861 8e-07
862 8e-07
863 2.4e-06
864 2e-06
865 2e-06
866 4e-07
867 1.6e-06
868 8e-07
869 7.61935e-07
870 8e-07
871 1.6e-06
872 2e-06
873 8e-07
874 1.2e-06
875 0
876 1.2e-06
877 4e-07
878 1.2e-06
879 4e-07
880 1.2e-06
881 8e-07
882 4e-07
883 7.61935e-07
884 4e-07
885 3.61935e-07
886 7.61935e-07
887 4e-07
888 2.36193e-06
889 1.56193e-06
890 8e-07
891 8e-07
892 8e-07
893 8e-07
894 8e-07
895 8e-07
896 1.2e-06
897 1.6e-06
898 1.6e-06
899 8e-07
900 2.4e-06
901 1.2e-06
902 4e-07
903 1.16193e-06
904 1.6e-06
905 4e-07
906 7.61935e-07
907 1.2e-06
908 1.2e-06
909 2.36193e-06
910 8e-07
911 8e-07
912 0
913 1.2e-06
914 0
915 1.2e-06
916 8e-07
917 1.2e-06
918 4e-07
919 1.2e-06
920 1.6e-06
921 8e-07
922 1.6e-06
923 1.2e-06
924 4e-07
925 1.6e-06
926 2e-06
927 8e-07
928 4e-07
929 1.6e-06
930 1.6e-06
931 8e-07
932 1.2e-06
933 8e-07
934 4e-07
935 8e-07
936 2.4e-06
937 1.2e-06
938 4e-07
939 1.2e-06
940 8e-07
941 1.6e-06
942 4e-07
943 8e-07
944 4e-07
945 8e-07
946 4e-07
947 0
948 2.36193e-06
949 0
950 0
951 8e-07
952 2e-06
953 4e-07
954 4e-07
955 1.2e-06
956 1.2e-06
957 4e-07
958 0
959 1.6e-06
960 1.2e-06
961 1.2e-06
962 1.2e-06
963 1.6e-06
964 3.61935e-07
965 8e-07
966 4e-07
967 8e-07
968 8e-07
969 2e-06
970 1.2e-06
971 4e-07
972 1.2e-06
973 8e-07
974 1.2e-06
975 0
976 8e-07
977 1.6e-06
978 2e-06
979 8e-07
980 8e-07
981 1.2e-06
982 1.6e-06
983 8e-07
984 2.36193e-06
985 4e-07
986 1.2e-06
987 4e-07
988 2e-06
989 1.6e-06
990 4e-07
991 8e-07
992 1.2e-06
993 4e-07
994 8e-07
995 2e-06
996 0
997 1.2e-06
998 4e-07
999 0
