0 0
1 0.000984
2 0.000658943
3 0.000508
4 0.000408
5 0.00032
6 0.000372
7 0.000316
8 0.000318943
9 0.000261472
10 0.000220415
11 0.00016
12 0.000184
13 0.000181472
14 0.000204
15 0.000205472
16 0.000173472
17 0.00016
18 0.00018
19 0.000164
20 0.000148
21 0.000132415
22 0.00012
23 0.000158943
24 0.00012
25 0.000121472
26 0.000108
27 0.000101472
28 0.000117472
29 0.000145472
30 0.000112
31 0.000145472
32 9.2e-05
33 8.94715e-05
34 0.000104
35 0.00012
36 9.6e-05
37 0.000113472
38 9.6e-05
39 0.000152
40 0.00012
41 7.2e-05
42 0.000100541
43 9.6e-05
44 8e-05
45 8.4e-05
46 7.0943e-05
47 7.6e-05
48 7.74715e-05
49 0.000104
50 8.8e-05
51 7.2e-05
52 7.2e-05
53 7.2e-05
54 8e-05
55 7.74715e-05
56 7.2e-05
57 8e-05
58 8.54715e-05
59 8.54715e-05
60 6.94715e-05
61 6.4e-05
62 9.2e-05
63 5.6e-05
64 4.8e-05
65 3.74715e-05
66 7.6e-05
67 9.2e-05
68 6.8e-05
69 4.8e-05
70 4.94715e-05
71 5.6e-05
72 5.2e-05
73 7.2e-05
74 7.2e-05
75 8.94715e-05
76 5.2e-05
77 4.4e-05
78 4.94715e-05
79 5.6e-05
80 5.6e-05
81 5.2e-05
82 5.74715e-05
83 6.4e-05
84 4.54715e-05
85 7.34715e-05
86 3.6e-05
87 2.8e-05
88 5.2e-05
89 4.8e-05
90 4.4e-05
91 3.2e-05
92 3.6e-05
93 3.2e-05
94 4.2943e-05
95 5.2e-05
96 4e-05
97 6e-05
98 5.34715e-05
99 4.4e-05
100 4.14715e-05
101 5.6e-05
102 5.2e-05
103 4.8e-05
104 8.8e-05
105 5.2e-05
106 4.14715e-05
107 2.4e-05
108 8e-05
109 5.2e-05
110 6.94715e-05
111 3.2e-05
112 4.8e-05
113 5.74715e-05
114 6.4e-05
115 2.8e-05
116 4e-05
117 5.2e-05
118 5.4943e-05
119 6.8e-05
120 6.4e-05
121 4.94715e-05
122 4.4e-05
123 3.74715e-05
124 5.74715e-05
125 6.4e-05
126 4.4e-05
127 4.94715e-05
128 4.8e-05
129 4e-05
130 5.2e-05
131 4e-05
132 3.6e-05
133 5.2e-05
134 6e-05
135 2.4e-05
136 4.4e-05
137 5.6e-05
138 4.8e-05
139 6e-05
140 2e-05
141 4.4e-05
142 3.6e-05
143 3.2e-05
144 3.74715e-05
145 4.2943e-05
146 3.2e-05
147 2.4e-05
148 2e-05
149 3.0943e-05
150 4e-05
151 3.34715e-05
152 5.6e-05
153 4.8e-05
154 2e-05
155 1.6e-05
156 5.34715e-05
157 2.54715e-05
158 5.6e-05
159 3.6e-05
160 4e-05
161 2.8e-05
162 2.8e-05
163 1.2e-05
164 4e-05
165 4e-05
166 3.6e-05
167 3.2e-05
168 3.2e-05
169 3.2e-05
170 3.34715e-05
171 3.2e-05
172 3.6e-05
173 3.2e-05
174 3.2e-05
175 3.6e-05
176 2.4e-05
177 4.4e-05
178 3.2e-05
179 1.2e-05
180 4.4e-05
181 2.8e-05
182 2.4e-05
183 2e-05
184 1.74715e-05
185 3.6e-05
186 2.8e-05
187 2e-05
188 3.2e-05
189 2.8e-05
190 2e-05
191 2.8e-05
192 5.2e-05
193 3.2e-05
194 3.6e-05
195 4e-05
196 1.34715e-05
197 2e-05
198 3.2e-05
199 1.6e-05
200 2e-05
201 2e-05
202 3.2e-05
203 3.6e-05
204 4e-05
205 2.94715e-05
206 3.2e-05
207 3.34715e-05
208 2e-05
209 2.8e-05
210 2.8e-05
211 1.6e-05
212 2e-05
213 2.14715e-05
214 3.2e-05
215 1.2e-05
216 2.4e-05
217 1.6e-05
218 2.54715e-05
219 1.6e-05
220 2.8e-05
221 3.2e-05
222 2.94715e-05
223 2.4e-05
224 2.54715e-05
225 1.2e-05
226 3.6e-05
227 1.4943e-05
228 2.4e-05
229 1.6e-05
230 1.6e-05
231 4e-05
232 2.4e-05
233 2.4e-05
234 4.8e-05
235 2.4e-05
236 4.8e-05
237 2.8e-05
238 2.4e-05
239 8e-06
240 3.2e-05
241 2.8e-05
242 4e-06
243 2.60129e-05
244 3.6e-05
245 2.4e-05
246 4e-05
247 3.6e-05
248 3.6e-05
249 0
250 3.6e-05
251 8e-06
252 4e-05
253 3.2e-05
254 4.8e-05
255 1.2e-05
256 2.4e-05
257 1.2e-05
258 2e-05
259 3.2e-05
260 2e-05
261 2e-05
262 2.14715e-05
263 2.8e-05
264 3.2e-05
265 4.4e-05
266 3.2e-05
267 8e-06
268 2.4e-05
269 2.4e-05
270 2.8e-05
271 1.6e-05
272 2.14715e-05
273 3.6e-05
274 8e-06
275 4.4e-05
276 5.47152e-06
277 2e-05
278 1.34715e-05
279 2e-05
280 2.8e-05
281 1.6e-05
282 2.8e-05
283 2.4e-05
284 2.8e-05
285 2e-05
286 1.6e-05
287 1.6e-05
288 3.2e-05
289 2e-05
290 2.8e-05
291 2.14715e-05
292 1.2e-05
293 2.4e-05
294 8e-06
295 2.14715e-05
296 8e-06
297 4e-05
298 1.2e-05
299 3.6e-05
300 8e-06
301 2.54715e-05
302 8e-06
303 1.74715e-05
304 2.8e-05
305 2.4e-05
306 2.4e-05
307 2.8e-05
308 1.6e-05
309 4e-06
310 1.2e-05
311 2e-05
312 1.6e-05
313 1.6e-05
314 2e-05
315 3.6e-05
316 3.6e-05
317 8e-06
318 2.8e-05
319 2.8e-05
320 1.6e-05
321 3.34715e-05
322 3.2e-05
323 2.4e-05
324 2.8e-05
325 3.2e-05
326 4e-06
327 1.2e-05
328 2e-05
329 8e-06
330 2e-05
331 1.6e-05
332 1.74715e-05
333 8e-06
334 1.2e-05
335 3.6e-05
336 3.2e-05
337 1.2e-05
338 2e-05
339 2e-05
340 1.2e-05
341 1.2e-05
342 2.4e-05
343 1.74715e-05
344 2.4e-05
345 2e-05
346 1.6e-05
347 2e-05
348 2.94715e-05
349 8e-06
350 2.4e-05
351 2e-05
352 5.47152e-06
353 1.6e-05
354 8e-06
355 3.6e-05
356 2.4e-05
357 1.2e-05
358 4e-06
359 2.8e-05
360 1.6e-05
361 8e-06
362 1.6e-05
363 2.8e-05
364 1.2e-05
365 2e-05
366 3.2e-05
367 8e-06
368 1.74715e-05
369 1.6e-05
370 1.2e-05
371 1.6e-05
372 1.25413e-05
373 2e-05
374 3.6e-05
375 3.2e-05
376 2.8e-05
377 1.2e-05
378 8e-06
379 2.4e-05
380 8e-06
381 2e-05
382 8e-06
383 3.2e-05
384 1.2e-05
385 1.8943e-05
386 3.2e-05
387 3.6e-05
388 1.2e-05
389 1.2e-05
390 8e-06
391 8e-06
392 8e-06
393 2e-05
394 3.2e-05
395 1.74715e-05
396 1.2e-05
397 1.6e-05
398 4e-06
399 2.4e-05
400 1.6e-05
401 2e-05
402 1.2e-05
403 1.2e-05
404 3.2e-05
405 1.2e-05
406 1.34715e-05
407 4e-06
408 1.74715e-05
409 2.8e-05
410 1.2e-05
411 8e-06
412 2.4e-05
413 1.2e-05
414 8e-06
415 8e-06
416 1.74715e-05
417 4e-06
418 4.4e-05
419 4e-06
420 1.2e-05
421 2.14715e-05
422 1.74715e-05
423 1.4943e-05
424 4e-06
425 8e-06
426 1.6e-05
427 1.2e-05
428 2.4e-05
429 1.34715e-05
430 4e-05
431 8e-06
432 1.2e-05
433 8e-06
434 2.8e-05
435 8e-06
436 2e-05
437 2e-05
438 8e-06
439 2e-05
440 1.2e-05
441 2.4e-05
442 2.4e-05
443 1.6e-05
444 4e-06
445 1.2e-05
446 2e-05
447 2e-05
448 1.6e-05
449 1.2e-05
450 1.34715e-05
451 2.94715e-05
452 1.74715e-05
453 2e-05
454 1.6e-05
455 2e-05
456 4e-06
457 2.4e-05
458 9.47152e-06
459 1.2e-05
460 5.47152e-06
461 8e-06
462 2e-05
463 2.4e-05
464 2e-05
465 2.94715e-05
466 1.6e-05
467 2e-05
468 1.2e-05
469 2.54715e-05
470 8e-06
471 1.2e-05
472 2.14715e-05
473 2.8e-05
474 2.8e-05
475 8e-06
476 2.4e-05
477 2.4e-05
478 1.2e-05
479 8e-06
480 1.2e-05
481 1.2e-05
482 1.6e-05
483 1.6e-05
484 1.2e-05
485 2e-05
486 1.34715e-05
487 1.34715e-05
488 1.2e-05
489 8e-06
490 2e-05
491 1.8943e-05
492 2.14715e-05
493 2.4e-05
494 2.4e-05
495 2e-05
496 1.6e-05
497 2.4e-05
498 2.4e-05
499 8e-06
500 2e-05
501 1.2e-05
502 1.2e-05
503 1.2e-05
504 1.6e-05
505 1.2e-05
506 8e-06
507 4e-06
508 2.8e-05
509 2.54715e-05
510 1.6e-05
511 1.2e-05
512 8e-06
513 8e-06
514 2.4e-05
515 2e-05
516 8e-06
517 1.6e-05
518 4e-06
519 1.6e-05
520 1.6e-05
521 4e-06
522 2.4e-05
523 1.2e-05
524 2.4e-05
525 2e-05
526 2.8e-05
527 2.54715e-05
528 1.2e-05
529 0
530 1.6e-05
531 1.6e-05
532 8e-06
533 1.2e-05
534 8e-06
535 1.74715e-05
536 1.6e-05
537 2.8e-05
538 4e-06
539 1.2e-05
540 8e-06
541 8e-06
542 2e-05
543 2e-05
544 2e-05
545 1.74715e-05
546 3.2e-05
547 2.4e-05
548 1.6e-05
549 4e-06
550 8e-06
551 2.8e-05
552 2.14715e-05
553 8e-06
554 1.2e-05
555 2.8e-05
556 8e-06
557 5.47152e-06
558 1.2e-05
559 1.74715e-05
560 2e-05
561 1.2e-05
562 1.6e-05
563 1.74715e-05
564 2.4e-05
565 2.4e-05
566 1.2e-05
567 1.2e-05
568 8e-06
569 8e-06
570 9.47152e-06
571 4e-06
572 1.6e-05
573 2e-05
574 1.6e-05
575 1.74715e-05
576 1.34715e-05
577 2.54715e-05
578 2e-05
579 8e-06
580 9.47152e-06
581 1.2e-05
582 8e-06
583 2.14715e-05
584 1.2e-05
585 3.2e-05
586 8e-06
587 4e-06
588 8e-06
589 1.2e-05
590 2.8e-05
591 1.2e-05
592 4e-06
593 8e-06
594 4e-06
595 1.6e-05
596 1.74715e-05
597 3.6e-05
598 2e-05
599 8e-06
600 4e-06
601 1.2e-05
602 8e-06
603 2.8e-05
604 1.2e-05
605 1.6e-05
606 3.2e-05
607 1.6e-05
608 1.74715e-05
609 1.34715e-05
610 5.47152e-06
611 1.6e-05
612 1.6e-05
613 1.2e-05
614 8e-06
615 8e-06
616 8e-06
617 8e-06
618 8e-06
619 1.2e-05
620 2e-05
621 1.2e-05
622 8e-06
623 2e-05
624 1.2e-05
625 1.4943e-05
626 1.2e-05
627 8e-06
628 2e-05
629 4e-06
630 1.6e-05
631 8e-06
632 1.2e-05
633 1.2e-05
634 1.6e-05
635 8e-06
636 8e-06
637 1.6e-05
638 8e-06
639 4e-06
640 1.6e-05
641 2e-05
642 1.34715e-05
643 2e-05
644 1.6e-05
645 1.2e-05
646 1.2e-05
647 1.2e-05
648 8e-06
649 4e-06
650 8e-06
651 8e-06
652 8e-06
653 1.2e-05
654 1.2e-05
655 1.2e-05
656 1.2e-05
657 4e-06
658 8e-06
659 1.6e-05
660 8e-06
661 8e-06
662 2.4e-05
663 1.2e-05
664 1.2e-05
665 1.2e-05
666 1.6e-05
667 5.47152e-06
668 0
669 2.54715e-05
670 1.4943e-05
671 1.2e-05
672 1.6e-05
673 8e-06
674 8e-06
675 8e-06
676 2.4e-05
677 1.2e-05
678 1.0943e-05
679 8e-06
680 2e-05
681 8e-06
682 1.2e-05
683 8e-06
684 4e-06
685 1.2e-05
686 1.6e-05
687 1.6e-05
688 1.6e-05
689 2.14715e-05
690 2.8e-05
691 1.2e-05
692 2.4e-05
693 8e-06
694 1.6e-05
695 4e-06
696 0
697 0
698 8e-06
699 2e-05
700 1.6e-05
701 0
702 4e-06
703 8e-06
704 8e-06
705 8e-06
706 1.6e-05
707 1.6e-05
708 4e-06
709 1.2e-05
710 1.6e-05
711 2e-05
712 4.54134e-06
713 0
714 8e-06
715 2e-05
716 5.47152e-06
717 4e-06
718 8e-06
719 2e-05
720 1.6e-05
721 8e-06
722 2.8e-05
723 1.6e-05
724 2e-05
725 2.4e-05
726 4e-06
727 4e-06
728 1.2e-05
729 1.2e-05
730 0
731 8e-06
732 8e-06
733 8e-06
734 2e-05
735 8e-06
736 4e-06
737 1.6e-05
738 9.47152e-06
739 1.6e-05
740 8e-06
741 1.6e-05
742 1.2e-05
743 1.6e-05
744 4e-06
745 1.6e-05
746 8e-06
747 0
748 0
749 8e-06
750 4e-06
751 4e-06
752 8e-06
753 4e-06
754 2.4e-05
755 0
756 1.6e-05
757 2e-05
758 4e-06
759 8e-06
760 2.94715e-05
761 8e-06
762 0
763 8e-06
764 1.2e-05
765 2.94715e-05
766 1.6e-05
767 1.34715e-05
768 2.4e-05
769 5.47152e-06
770 1.6e-05
771 1.6e-05
772 2e-05
773 1.2e-05
774 2.4e-05
775 2.4e-05
776 1.6e-05
777 4e-06
778 1.2e-05
779 1.2e-05
780 2e-05
781 1.2e-05
782 8e-06
783 8e-06
784 4e-06
785 4e-06
786 1.2e-05
787 2.4e-05
788 1.2e-05
789 1.2e-05
790 1.6e-05
791 4e-06
792 0
793 1.2e-05
794 0
795 2.4e-05
796 8e-06
797 8e-06
798 4e-06
799 8e-06
800 1.6e-05
801 1.2e-05
802 8e-06
803 0
804 1.6e-05
805 1.74715e-05
806 1.6e-05
807 8e-06
808 2e-05
809 8e-06
810 4e-06
811 1.2e-05
812 3.2e-05
813 0
814 1.6e-05
815 8e-06
816 1.34715e-05
817 4e-06
818 1.2e-05
819 1.47152e-06
820 4e-06
821 1.2e-05
822 8e-06
823 1.34715e-05
824 8e-06
825 2e-05
826 0
827 1.6e-05
828 0
829 8e-06
830 4e-06
831 8e-06
832 8e-06
833 1.6e-05
834 8e-06
835 2e-05
836 1.34715e-05
837 2e-05
838 9.47152e-06
839 5.47152e-06
840 9.47152e-06
841 4e-06
842 1.2e-05
843 1.2e-05
844 2e-05
845 1.6e-05
846 0
847 4e-06
848 1.6e-05
849 4e-06
850 2e-05
851 2e-05
852 1.6e-05
853 1.34715e-05
854 0
855 2.8e-05
856 4e-06
857 1.2e-05
858 4e-06
859 1.2e-05
860 1.2e-05
861 1.2e-05
862 8e-06
863 8e-06
864 4e-06
865 2.4e-05
866 8e-06
867 8e-06
868 8e-06
869 4e-06
870 1.2e-05
871 1.2e-05
872 4e-06
873 8e-06
874 8e-06
875 4e-06
876 0
877 1.2e-05
878 4e-06
879 1.2e-05
880 4e-06
881 0
882 1.2e-05
883 1.2e-05
884 8e-06
885 2e-05
886 0
887 1.2e-05
888 3.2e-05
889 8e-06
890 1.2e-05
891 4e-06
892 8e-06
893 2e-05
894 2e-05
895 1.2e-05
896 1.2e-05
897 4e-06
898 8e-06
899 8e-06
900 1.34715e-05
901 2e-05
902 1.2e-05
903 4e-06
904 4e-06
905 8e-06
906 8e-06
907 1.2e-05
908 9.47152e-06
909 8e-06
910 1.2e-05
911 1.6e-05
912 8e-06
913 8e-06
914 2e-05
915 0
916 8e-06
917 1.2e-05
918 2e-05
919 1.74715e-05
920 2.4e-05
921 4e-06
922 2.4e-05
923 2.4e-05
924 8e-06
925 0
926 1.0943e-05
927 3.2e-05
928 8e-06
929 0
930 5.47152e-06
931 1.34715e-05
932 1.6e-05
933 1.2e-05
934 1.2e-05
935 8e-06
936 1.6e-05
937 8e-06
938 1.6e-05
939 1.2e-05
940 8e-06
941 1.2e-05
942 8e-06
943 1.6e-05
944 1.34715e-05
945 2.54715e-05
946 4e-06
947 8e-06
948 8e-06
949 5.47152e-06
950 1.34715e-05
951 1.2e-05
952 4e-06
953 4e-06
954 5.47152e-06
955 5.47152e-06
956 2.4e-05
957 1.2e-05
958 0
959 8e-06
960 2e-05
961 8e-06
962 1.2e-05
963 8e-06
964 1.2e-05
965 2e-05
966 4e-06
967 1.2e-05
968 1.2e-05
969 8e-06
970 8e-06
971 0
972 2.8e-05
973 8e-06
974 1.34715e-05
975 8e-06
976 8e-06
977 1.2e-05
978 4e-06
979 8e-06
980 1.2e-05
981 9.47152e-06
982 2e-05
983 4e-06
984 4e-06
985 8e-06
986 2e-05
987 5.47152e-06
988 0
989 1.2e-05
990 8e-06
991 4e-06
992 8e-06
993 1.6e-05
994 1.6e-05
995 2e-05
996 8e-06
997 4e-06
998 1.6e-05
999 0
