0 -2.68223188089506 -2.71418613339798 -2.65027762839215
0.993251773010283 -2.82832978805099 -2.86201358900342 -2.79464767881674
2.00012773496011 -3.25057291161146 -3.28942251937364 -3.21172330384928
3.00022217882684 -4.26764136489175 -4.32174131637162 -4.21354141341189
4.00003388275086 -6.6170278483444 -6.74189699743965 -6.49215869924914
4.99997871390773 -10.211935756305 -11.0586464205431 -9.36522209718277
6.00000299062804 -13.8680625389023 -17.9693425700995 -9.76678250770519
6.9999971198819 -18.9988666440429 -26.0856712401047 -11.9120620479811
8.00000067527204 -57.7191885889566 -72.0132124524192 -43.4251437168699
8.99999951529857 -320.695023513651 -329.02165073929 -312.368403841353
