181 183
184 186
376 379
393 394
454 455
10894 10896
10924 10926
11163 11169
11190 11191
11281 11282
11296 11300
33178 33181
35365 35366
38092 38093
38098 38100
38101 38104
38107 38108
38109 38112
38194 38197
38211 38212
38430 38432
38433 38434
38436 38437
38453 38457
38480 38481
38482 38484
38905 38907
38913 38914
38967 38969
39098 39099
39112 39113
39116 39118
39120 39121
39174 39175
41062 41064
41065 41066
41096 41098
41105 41106
42909 42910
42917 42918
42930 42931
42932 42934
42936 42937
42938 42939
43021 43022
46936 46937
46938 46940
52867 52871
52873 52874
52878 52879
52880 52881
52887 52890
52918 52920
53176 53177
53180 53183
53234 53235
53239 53241
53258 53260
92933 92937
92939 92941
93012 93014
93293 93296
93297 93298
93299 93300
93307 93308
93314 93315
93319 93320
93325 93326
