10 11
39045 39046
39047 39048
39610 39611
39614 39618
39621 39622
39623 39630
39634 39635
39637 39638
41968 41970
41971 41973
41976 41977
41978 41979
41981 41982
41997 41998
42011 42013
42021 42024
42245 42246
42247 42248
42253 42255
42355 42356
42358 42359
42574 42575
42622 42623
42628 42629
42651 42652
42781 42783
42801 42802
42936 42937
42940 42941
42969 42970
42971 42972
42974 42975
42984 42985
50071 50073
50103 50105
50130 50131
50133 50134
50153 50156
50158 50159
50162 50163
50626 50627
50634 50635
50637 50639
50650 50651
50653 50654
50706 50707
50908 50909
51470 51472
51480 51481
51499 51500
51511 51513
51517 51518
51523 51526
51581 51582
64868 64869
64886 64887
64898 64900
64970 64973
64986 64987
64991 64992
65171 65172
65183 65185
65193 65194
65287 65288
65308 65310
75067 75070
80030 80031
81868 81869
81878 81879
81882 81883
82045 82047
82048 82050
