0 0
1 2.85402e-08
2 2.7385e-06
3 5.25036e-06
4 3.63478e-06
5 1.77551e-06
6 1.62848e-06
7 1.76936e-06
8 1.28854e-06
9 8.16215e-07
10 4.85074e-07
11 5.97422e-07
12 5.96153e-07
13 5.69935e-07
14 8.09495e-07
15 1.91235e-07
16 1.94962e-07
17 4.00482e-07
18 1.7581e-07
19 2.96599e-07
20 1.05373e-07
21 9.57905e-08
22 7.63618e-08
23 7.08517e-08
24 6.89089e-08
25 4.86998e-08
26 8.46722e-08
27 7.79907e-08
28 2.21646e-08
29 4.93246e-08
30 7.67386e-09
31 3.781e-08
32 3.65906e-08
33 1.33708e-08
34 6.20671e-12
35 3.04076e-08
36 4.91422e-08
37 4.87385e-08
38 1.27752e-09
39 1.85086e-09
40 1.3961e-08
41 2.05206e-08
42 1.04702e-08
43 8.82074e-10
44 1.62232e-10
45 1.1246e-08
46 2.69119e-11
47 1.0091e-11
48 4.40014e-11
49 1.57509e-08
50 1.38842e-08
51 4.85511e-10
52 2.78128e-09
53 5.24517e-12
54 2.6458e-11
55 5.75837e-11
56 0
57 0
58 0
59 4.55574e-09
60 8.74581e-09
61 2.66624e-09
62 2.30407e-08
63 2.41806e-09
64 0
65 1.4602e-13
66 1.56317e-10
67 0
68 0
69 1.51448e-09
70 9.18272e-12
71 1.15629e-08
72 0
73 0
74 1.15618e-09
75 6.04733e-09
76 0
77 7.37427e-09
78 0
79 0
80 0
81 6.5789e-10
82 0
83 0
84 1.16062e-08
85 0
86 0
87 3.63419e-10
88 0
89 0
90 0
91 0
92 0
93 0
94 0
95 2.27844e-09
96 0
97 0
98 0
99 0
100 0
101 0
102 0
103 0
104 1.73825e-12
105 0
106 0
107 0
108 0
109 1.54552e-11
110 1.4042e-13
111 0
112 0
113 3.84992e-12
114 0
115 6.55166e-11
116 0
117 0
118 0
119 0
120 0
121 0
122 0
123 0
124 0
125 4.06301e-10
126 0
127 0
128 0
129 0
130 3.79227e-12
131 0
132 0
133 0
134 0
135 1.6677e-12
136 0
137 5.3458e-09
138 0
139 0
140 0
141 0
142 3.67636e-10
143 0
144 0
145 2.38309e-09
146 0
147 0
148 0
149 0
150 0
151 0
152 0
153 0
154 0
155 0
156 0
157 0
158 0
159 2.18664e-10
160 0
161 0
162 0
163 0
164 1.40783e-13
165 0
166 0
167 0
168 0
169 2.44188e-09
170 0
171 0
172 0
173 0
174 0
175 0
176 0
177 4.24117e-11
178 0
179 0
180 3.96546e-11
181 5.06483e-10
182 4.76137e-09
183 0
184 0
185 0
186 0
187 2.89708e-10
188 0
189 0
190 0
191 0
192 0
193 0
194 0
195 0
196 0
197 6.4721e-10
198 0
199 0
200 0
201 0
202 0
203 0
204 0
205 0
206 0
207 8.81166e-10
208 0
209 0
210 5.51612e-09
211 0
212 0
213 0
214 0
215 0
216 0
217 0
218 0
219 0
220 0
221 0
222 0
223 9.40218e-11
224 0
225 0
226 0
227 0
228 0
229 0
230 0
231 0
232 0
233 0
234 0
235 0
236 0
237 0
238 0
239 4.95906e-09
240 0
241 0
242 0
243 0
244 2.74696e-10
245 0
246 0
247 0
248 0
249 0
