0 0
1 0
2 2.6951e-12
3 6.86146e-12
4 6.22779e-12
5 3.84428e-12
6 3.75709e-12
7 7.90347e-12
8 4.01183e-12
9 3.05011e-12
10 2.18909e-12
11 1.97751e-11
12 2.3881e-12
13 2.88887e-12
14 3.58651e-12
15 3.00637e-11
16 4.14963e-12
17 2.19845e-12
18 1.58526e-12
19 1.81779e-12
20 8.18382e-13
21 6.6349e-13
22 1.04208e-12
23 7.00855e-13
24 5.65235e-13
25 8.21015e-13
26 8.71383e-13
27 6.75373e-13
28 1.66055e-13
29 5.13165e-13
30 1.78185e-13
31 4.70518e-13
32 3.81784e-13
33 3.33478e-14
34 2.6512e-14
35 2.09069e-13
36 1.95793e-13
37 1.76777e-13
38 5.62037e-14
39 1.20791e-13
40 3.60472e-13
41 1.61784e-13
42 1.5769e-13
43 1.89276e-14
44 1.71034e-14
45 6.03593e-13
46 2.99446e-14
47 0
48 2.91818e-14
49 3.7076e-13
50 1.08263e-13
51 8.15525e-15
52 2.49771e-13
53 7.05533e-15
54 0
55 0
56 0
57 7.81923e-15
58 8.69008e-15
59 5.99312e-14
60 0
61 1.43929e-13
62 1.00206e-13
63 7.7902e-15
64 7.39976e-15
65 1.54716e-14
66 0
67 0
68 0
69 7.47533e-15
70 7.68905e-15
71 1.30132e-13
72 0
73 7.73011e-15
74 1.61295e-14
75 0
76 7.33975e-15
77 6.64076e-15
78 0
79 0
80 1.55111e-14
81 7.90296e-15
82 0
83 1.5011e-14
84 9.17182e-15
85 7.76499e-15
86 0
87 0
88 7.76992e-15
89 1.58006e-14
90 0
91 0
92 0
93 7.7138e-15
94 0
95 0
96 0
97 0
98 0
99 0
100 8.09593e-15
101 0
102 0
103 8.20385e-15
104 0
105 0
106 0
107 0
108 0
109 0
110 0
111 0
112 0
113 0
114 8.28478e-15
115 0
116 0
117 7.77086e-15
118 7.79557e-15
119 0
120 0
121 0
122 0
123 0
124 0
125 9.60803e-15
126 7.65857e-15
127 0
128 0
129 0
130 0
131 0
132 0
133 0
134 0
135 0
136 0
137 7.77695e-15
138 0
139 0
140 6.57959e-15
141 0
142 0
143 0
144 0
145 0
146 0
147 0
148 7.8548e-15
149 0
150 0
151 0
152 0
153 0
154 7.83173e-15
155 0
156 0
157 8.55718e-15
158 0
159 0
160 0
161 0
162 7.81796e-15
163 0
164 7.76437e-15
165 0
166 7.5722e-15
167 0
168 0
169 0
170 7.7166e-15
171 0
172 0
173 0
174 0
175 0
176 0
177 8.03955e-15
178 0
179 0
180 0
181 0
182 0
183 0
184 0
185 8.00287e-15
186 0
187 0
188 0
189 0
190 0
191 0
192 0
193 0
194 0
195 0
196 0
197 0
198 0
199 0
200 0
201 0
202 0
203 0
204 0
205 0
206 0
207 0
208 0
209 0
210 0
211 0
212 0
213 0
214 0
215 0
216 0
217 0
218 0
219 0
220 0
221 0
222 0
223 0
224 0
225 0
226 0
227 0
228 0
229 0
230 0
231 0
232 0
233 0
234 0
235 0
236 0
237 0
238 0
239 0
240 0
241 0
242 0
243 0
244 7.73709e-15
245 0
246 0
247 0
248 0
249 0
