0 -6.62268160544692 -6.63875156605246 -6.60701385231672
0.993251773010283 -6.64358495411633 -6.65943532968156 -6.62771734868211
2.00012773496011 -6.61305787163645 -6.62901052565321 -6.59778103366715
3.00022217882684 -6.6367362674269 -6.65322934643926 -6.62130646668314
4.00003388275086 -6.62596553223519 -6.64191245633495 -6.60998674632935
4.99997871390773 -6.63334083353126 -6.64920597453737 -6.61800784086716
6.00000299062804 -6.70244988579781 -6.71903755468294 -6.68622903480434
6.9999971198819 -6.87074855335304 -6.88814874934322 -6.853428091506
8.00000067527204 -7.16390896905378 -7.18356280047302 -7.14490014280718
8.99999951529857 -7.50515782867074 -7.52763155191485 -7.4832474320784
9.99997885272489 -8.16878885485636 -8.19698826725895 -8.14169256782755
10.9999976331124 -9.43528304073204 -9.45596601213962 -9.41497625173465
12.0000012815651 -11.4660132535269 -11.5213760709731 -11.4137409817991
