0 1
102 104
106 107
108 111
138 139
145 146
148 150
161 165
207 210
232 234
235 238
240 242
275 276
277 279
281 284
320 321
323 326
327 328
334 335
340 341
347 348
437 438
442 443
445 447
505 506
509 510
2463 2464
3181 3182
3185 3188
3189 3191
3193 3194
3220 3223
3232 3234
3243 3248
3249 3251
3254 3258
3263 3265
3295 3296
3298 3300
3305 3307
3308 3309
4037 4038
4050 4051
4072 4077
4078 4079
4080 4083
4098 4099
4173 4175
4176 4177
4184 4185
4186 4188
4191 4193
4194 4196
4266 4269
4271 4272
4388 4389
