0 5
18 19
21 22
143 148
151 153
236 239
245 248
253 254
326 327
334 336
337 338
348 349
350 355
356 360
376 378
416 418
420 421
422 423
454 458
495 496
512 514
516 517
889 890
891 892
1083 1086
1088 1090
1120 1121
1124 1126
1127 1129
1132 1133
1134 1139
1160 1162
1247 1248
2256 2258
3281 3284
3701 3702
3704 3705
3712 3713
5241 5243
5252 5253
5258 5260
5269 5270
5271 5273
5397 5398
5408 5409
7843 7845
8339 8341
8359 8363
8364 8365
8521 8522
8526 8529
8566 8569
8570 8571
8575 8576
8895 8898
8899 8902
8907 8908
8995 8996
9012 9021
9415 9417
9421 9422
