0 1
6535 6537
6639 6640
6678 6680
6684 6686
6829 6832
6841 6842
6845 6848
6851 6854
6882 6883
7064 7068
7170 7171
7172 7174
7175 7176
7209 7210
7249 7253
7287 7289
7295 7296
7300 7302
7306 7310
7444 7445
7577 7579
7581 7584
7585 7586
7749 7750
7755 7760
7827 7830
7831 7833
7858 7859
7873 7876
7896 7897
7918 7921
7926 7928
7929 7932
8354 8357
8359 8363
8365 8366
9157 9158
9179 9180
9191 9196
9197 9199
9200 9202
9210 9213
9216 9217
9249 9252
9253 9255
9257 9258
9260 9261
9312 9315
9325 9326
9432 9433
9437 9438
