0 2
23 24
2293 2294
2342 2343
2446 2447
2448 2450
3089 3095
3099 3101
3107 3108
4087 4088
4089 4094
4118 4123
4159 4162
4164 4165
4174 4175
4180 4182
4200 4203
4204 4205
4229 4230
4246 4247
4834 4835
4850 4851
4861 4862
4866 4867
4868 4869
4903 4904
4907 4908
5724 5725
5728 5729
5753 5755
5756 5757
5758 5759
5811 5812
5847 5848
5860 5861
5863 5865
6093 6094
6103 6104
6276 6280
6281 6282
6284 6287
6343 6345
6353 6354
6355 6356
6403 6404
6422 6423
6428 6430
6443 6445
6450 6454
6455 6457
6458 6459
6492 6493
6619 6620
6623 6624
6788 6790
6791 6793
6937 6940
7068 7069
7071 7075
7076 7077
7082 7083
8145 8146
8268 8270
8288 8290
9553 9556
9562 9565
9592 9593
9597 9598
9627 9628
