0 1
162 164
168 171
173 174
197 198
211 212
215 217
218 219
225 228
259 261
382 384
385 386
389 390
403 407
411 413
891 892
913 914
1749 1750
1751 1752
1759 1760
1761 1762
1763 1766
1770 1772
1774 1775
1795 1796
1797 1798
1831 1832
1833 1834
1934 1935
1940 1942
2155 2156
3013 3017
3245 3247
3248 3249
3264 3265
3267 3269
6225 6226
6229 6232
6250 6251
6311 6313
6314 6315
6316 6317
6325 6326
6345 6347
6348 6349
6350 6357
6633 6635
6655 6656
7796 7797
9316 9317
9320 9322
9439 9440
9460 9461
9463 9464
9465 9467
