0 1
89 90
386 387
1175 1176
1190 1193
1457 1459
1463 1464
1539 1540
1541 1542
1543 1544
1881 1883
1915 1918
2207 2209
2300 2302
2303 2306
2480 2483
2484 2486
2487 2488
2489 2492
2507 2508
2626 2628
2707 2708
2709 2710
2711 2712
2714 2715
2748 2751
2752 2753
2860 2864
2922 2923
3049 3054
3149 3150
3158 3162
3182 3184
3185 3186
3187 3188
3190 3191
3197 3200
3204 3206
3230 3233
3286 3287
3289 3297
3415 3417
3791 3792
3804 3806
3809 3810
3812 3814
3816 3817
3838 3841
3947 3949
3951 3953
3954 3955
3973 3975
3981 3982
4057 4060
4082 4083
4121 4122
4123 4127
4166 4169
4188 4190
4528 4529
4531 4533
5208 5214
5216 5217
7380 7381
7382 7383
7384 7386
8851 8852
