0 1
2 3
143 144
145 147
174 175
184 187
481 482
484 485
490 491
492 493
527 533
540 543
546 548
551 555
557 558
592 593
595 596
634 635
639 642
663 665
666 670
671 674
758 759
1533 1534
1535 1537
1549 1550
1763 1765
1769 1771
1792 1794
2568 2574
2575 2576
2583 2585
2588 2589
2590 2592
2594 2595
2612 2614
2621 2622
2623 2626
2654 2656
4008 4009
4010 4011
4015 4016
4019 4020
4024 4026
4293 4294
8760 8762
8763 8764
8774 8775
8776 8777
8782 8784
8786 8787
8788 8789
8790 8791
9664 9669
9670 9673
9682 9683
