0 1
2 5
7 9
1104 1107
1120 1123
1194 1195
1199 1202
1203 1204
1205 1206
1251 1254
1255 1258
1273 1279
3586 3587
3596 3597
3639 3641
4430 4431
4476 4477
4478 4480
4523 4524
5764 5766
5770 5772
5814 5815
5816 5817
5819 5824
5826 5828
5829 5830
6038 6040
6047 6050
6165 6167
6170 6171
6227 6228
6229 6230
6232 6233
6325 6326
6330 6332
6333 6337
6342 6343
6344 6346
6350 6351
6469 6471
6604 6605
6609 6610
6628 6629
6643 6645
6651 6652
6653 6654
6733 6735
6738 6739
6740 6742
6794 6795
6922 6923
7110 7111
