0 1
104 106
111 114
125 126
262 264
424 425
429 432
442 443
1079 1080
1086 1087
1113 1114
1115 1117
1121 1124
1126 1127
1813 1814
1815 1820
1821 1822
1851 1852
5697 5699
5815 5818
5819 5823
5825 5827
5910 5912
5931 5932
5934 5935
5947 5948
6063 6064
6085 6086
7465 7469
7470 7471
7553 7554
7557 7560
7619 7620
7629 7630
8291 8293
8297 8299
8313 8316
8317 8318
8348 8349
8826 8827
8831 8833
8835 8836
8837 8840
8844 8846
8864 8865
8995 8997
9070 9071
9134 9135
9139 9140
9141 9142
9143 9144
9223 9224
9243 9244
9256 9257
9262 9263
