0 8
474 475
1185 1186
1200 1201
1207 1208
1264 1266
1268 1270
1342 1345
1365 1367
1370 1378
1392 1393
1609 1611
1625 1626
1627 1629
1717 1718
1720 1721
1726 1728
1729 1730
1735 1738
2151 2152
2153 2154
2159 2160
2248 2249
2257 2258
2261 2262
2785 2788
2789 2791
2792 2793
2803 2804
2807 2808
2809 2813
3621 3624
6014 6016
6031 6033
6061 6063
6065 6069
6083 6085
6097 6100
6107 6108
6110 6111
6116 6120
6132 6135
6149 6150
6151 6154
6162 6163
7206 7208
7264 7267
7268 7269
7314 7315
7319 7321
7334 7335
8794 8797
8802 8803
9101 9102
9855 9856
9891 9892
9935 9941
9942 9943
9946 9947
9968 9971
9998 