0 2
101 102
250 251
2753 2755
2835 2838
2862 2864
2940 2943
2944 2945
2946 2949
2989 2992
2993 2995
2998 3002
3023 3027
3048 3049
3052 3053
3072 3073
3074 3079
3081 3082
6995 6996
6998 6999
7073 7074
7108 7112
7113 7115
7119 7120
8262 8264
8265 8267
8271 8274
8275 8276
8283 8284
8316 8318
8323 8324
8325 8327
8371 8374
8376 8377
8378 8379
8705 8706
8707 8708
8747 8748
8766 8770
8796 8799
8843 8844
8873 8874
8877 8878
8903 8904
8905 8906
9213 9215
9279 9280
9303 9305
9316 9317
9318 9323
9542 9543
9623 9624
9625 9626
9634 9635
9696 9697
9712 9713
9715 9716
9729 9730
9732 9736
9738 9739
9740 9742
9747 9748
