0 1
3 4
39 43
45 47
116 117
123 125
126 128
418 420
422 424
425 426
446 448
449 452
707 709
913 915
916 919
1042 1043
1072 1073
1078 1079
1092 1093
1226 1231
2141 2142
2143 2146
2147 2152
2216 2219
2220 2221
2228 2229
2244 2249
2250 2251
2260 2264
2326 2327
2328 2333
3165 3166
3167 3168
3195 3198
3319 3320
3322 3323
3326 3328
3354 3355
3361 3364
3365 3366
3367 3369
7259 7261
7271 7274
7323 7324
7328 7331
7334 7335
7337 7339
7410 7414
7465 7468
7505 7506
7548 7549
7550 7556
7562 7563
7570 7572
7573 7575
7640 7641
7717 7719
7727 7728
8234 8236
8239 8240
8249 8250
8261 8263
8264 8265
8266 8267
8309 8312
8317 8318
8320 8324
8343 8347
8357 8358
8374 8375
8394 8397
8422 8425
8432 8433
