0 1
14 16
17 19
25 26
1854 1855
1880 1881
1894 1897
2030 2031
2047 2049
2050 2055
2056 2057
2060 2061
2104 2105
2109 2110
2111 2113
2678 2679
2699 2700
2759 2761
2762 2763
2778 2779
2781 2782
3712 3713
3714 3716
3860 3866
4485 4486
4540 4541
4544 4545
4546 4548
4562 4563
4566 4568
4569 4570
4671 4672
4675 4676
4679 4682
4730 4731
4744 4745
5338 5340
5343 5344
5346 5348
5414 5415
5450 5453
5455 5456
5500 5502
5503 5504
5522 5524
5526 5530
5532 5533
5573 5574
5577 5578
5921 5922
5930 5933
5934 5935
5943 5944
5949 5951
6916 6918
6921 6922
6923 6925
6939 6941
6944 6945
6955 6956
6984 6985
7118 7119
7244 7247
7249 7251
