0 1
49 50
3933 3934
3935 3936
3952 3953
3954 3956
4002 4004
4016 4017
4019 4024
4026 4027
4034 4035
4098 4099
4102 4104
4282 4283
4284 4287
4350 4351
4352 4354
4382 4383
4387 4388
4391 4392
4532 4534
4536 4537
4545 4546
4552 4556
4560 4561
4564 4566
4569 4571
4573 4575
4579 4581
4657 4661
4662 4664
7099 7100
7101 7103
7112 7114
7121 7122
7130 7131
7135 7137
7142 7143
7147 7150
7154 7156
7198 7200
7214 7215
7244 7245
7251 7254
7266 7272
7286 7288
7291 7292
7294 7295
7313 7314
7330 7331
7336 7337
7369 7371
7372 7373
