0 1
108 113
176 177
2319 2320
2337 2338
2340 2342
2432 2433
2465 2466
2499 2503
3247 3252
3255 3256
3293 3294
3297 3298
3299 3300
3302 3306
3383 3384
3415 3417
3449 3450
3872 3874
3875 3876
3877 3878
3882 3883
3884 3885
4230 4231
4235 4237
4247 4249
4394 4396
4397 4399
4835 4836
4838 4839
4843 4845
4848 4849
5006 5008
5009 5010
5011 5014
5020 5024
5025 5026
5152 5154
5157 5161
5172 5173
5193 5194
5198 5199
5320 5324
5422 5423
5424 5426
5430 5431
5432 5436
5446 5451
5464 5465
5467 5469
5475 5476
5479 5480
5489 5490
5494 5495
5506 5507
5508 5509
5518 5527
6245 6246
6255 6257
6373 6374
6376 6378
6390 6391
6466 6469
6470 6471
6472 6473
6474 6479
6480 6481
7998 7999
