0 1
2 3
8 9
12 13
18 20
26 27
34 35
82 84
86 88
92 93
96 98
99 101
105 106
155 156
158 159
2602 2605
2606 2612
2666 2667
2671 2674
2745 2746
2750 2751
2758 2760
2761 2765
2771 2772
2774 2776
2790 2792
2804 2805
2807 2809
2812 2813
2815 2816
2820 2822
2825 2827
2829 2831
2839 2841
2870 2871
2885 2886
2887 2888
3109 3110
3113 3114
3115 3116
3117 3118
3119 3120
3121 3122
3606 3613
3637 3638
3661 3662
3690 3691
3699 3700
3720 3723
3725 3726
3731 3733
3747 3749
3964 3965
3978 3979
4026 4029
4067 4068
4069 4071
6691 6692
6702 6703
6704 6705
6751 6753
6754 6755
6780 6783
