0 1
96 97
102 107
1667 1668
1699 1701
1707 1708
1726 1729
1742 1744
1749 1750
1785 1789
1792 1796
1804 1805
1806 1813
1814 1817
2358 2360
2418 2420
2422 2423
2427 2428
2829 2831
2833 2836
2837 2838
2857 2858
2863 2865
2912 2914
2916 2917
2935 2936
3101 3103
3104 3107
3562 3563
3574 3575
3615 3616
3620 3626
3627 3632
3722 3723
3733 3734
3737 3738
3749 3750
3929 3931
4200 4202
4203 4208
4209 4210
4249 4250
4263 4264
4282 4285
4334 4335
4434 4436
4443 4444
4457 4458
4469 4470
4478 4479
4480 4481
4611 4615
4617 4618
5601 5603
5604 5605
5627 5628
5638 5639
5648 5649
6994 6995
6999 7001
7002 7007
7011 7013
7838 7839
