0 1
2 4
172 174
2105 2109
2110 2111
2748 2749
2785 2786
2787 2789
2796 2797
2825 2827
2828 2831
2832 2833
2837 2838
2840 2842
2844 2845
2894 2896
2899 2900
2933 2934
2939 2940
2942 2943
2944 2946
3025 3027
7683 7684
7818 7819
7864 7865
7875 7876
7880 7881
7886 7889
7890 7892
7916 7918
8008 8009
8031 8034
8417 8418
8443 8444
8445 8446
8719 8720
8783 8784
8789 8790
9014 9015
9089 9091
9093 9094
9100 9101
9102 9103
9146 9148
9149 9151
9178 9179
9182 9183
9191 9199
9246 9248
9250 9251
9253 9254
9317 9318
9328 9329
9331 9334
9352 9353
9354 9355
9388 9390
9392 9393
9431 9433
9436 9438
9440 9441
