0 2
4 7
114 116
135 136
141 142
149 151
152 154
169 173
174 177
257 258
265 267
507 509
528 529
582 583
586 587
592 593
594 595
678 682
683 684
685 687
690 691
692 693
694 695
701 702
879 880
1062 1063
1133 1134
1146 1149
4568 4569
4581 4583
4584 4587
4589 4593
4624 4626
4627 4628
4629 4630
4634 4635
4648 4649
4650 4651
4658 4659
4663 4664
5004 5006
5007 5010
5011 5012
5028 5031
5058 5059
5071 5074
5075 5076
5142 5143
5191 5192
5198 5199
5204 5205
5208 5209
5210 5211
5234 5237
5252 5253
5359 5360
5361 5362
5367 5369
5385 5386
5390 5391
5392 5393
5415 5417
5419 5420
5533 5534
5535 5536
