0 2
5 8
9 11
20 21
24 25
29 30
31 32
40 41
42 43
86 87
88 89
916 919
935 936
954 955
956 957
3798 3800
3801 3804
3806 3809
3810 3811
3815 3816
3817 3818
3821 3823
3903 3904
3906 3907
3942 3943
3964 3970
4207 4208
4209 4210
4213 4214
4220 4221
4283 4285
4287 4288
4637 4640
4879 4881
4885 4892
4899 4900
4948 4949
4950 4951
4959 4962
4969 4970
5039 5040
5041 5044
5066 5068
5070 5073
5215 5220
5221 5222
5357 5358
5359 5360
5361 5363
5364 5365
5367 5368
5527 5528
6767 6768
6769 6770
6778 6781
6783 6784
