0 0
1 0
2 0
3 8e-09
4 0
5 0
6 0
7 0
8 0
9 0
10 8e-09
11 0
12 0
13 0
14 0
15 0
16 0
17 0
18 0
19 0
20 8e-09
21 8e-09
22 0
23 0
24 0
25 0
26 0
27 0
28 1.6e-08
29 0
30 0
31 0
32 0
33 8e-09
34 0
35 0
36 0
37 0
38 0
39 0
40 8e-09
41 1.6e-08
42 0
43 8e-09
44 0
45 8e-09
46 0
47 0
48 0
49 8e-09
50 0
51 0
52 0
53 0
54 8e-09
55 0
56 8e-09
57 0
58 8e-09
59 0
60 0
61 0
62 0
63 0
64 8e-09
65 0
66 1.6e-08
67 8e-09
68 0
69 8e-09
70 2.4e-08
71 0
72 0
73 0
74 8e-09
75 8e-09
76 0
77 0
78 8e-09
79 2.4e-08
80 0
81 8e-09
82 8e-09
83 8e-09
84 0
85 0
86 8e-09
87 2.4e-08
88 0
89 0
90 8e-09
91 8e-09
92 8e-09
93 0
94 8e-09
95 1.6e-08
96 0
97 8e-09
98 8e-09
99 0
100 1.6e-08
101 1.6e-08
102 0
103 8e-09
104 8e-09
105 0
106 1.6e-08
107 8e-09
108 0
109 0
110 8e-09
111 8e-09
112 3.2e-08
113 8e-09
114 0
115 0
116 8e-09
117 8e-09
118 8e-09
119 8e-09
120 8e-09
121 1.6e-08
122 8e-09
123 8e-09
124 0
125 8e-09
126 8e-09
127 0
128 1.6e-08
129 1.6e-08
130 1.6e-08
131 1.6e-08
132 2.4e-08
133 1.6e-08
134 1.6e-08
135 8e-09
136 1.6e-08
137 2.4e-08
138 8e-09
139 8e-09
140 0
141 8e-09
142 1.6e-08
143 2.4e-08
144 8e-09
145 2.4e-08
146 8e-09
147 0
148 8e-09
149 2.4e-08
150 2.4e-08
151 0
152 1.6e-08
153 2.4e-08
154 2.4e-08
155 8e-09
156 8e-09
157 2.4e-08
158 0
159 8e-09
160 8e-09
161 2.4e-08
162 8e-09
163 1.6e-08
164 2.4e-08
165 8e-09
166 1.6e-08
167 8e-09
168 1.6e-08
169 8e-09
170 8e-09
171 1.6e-08
172 8e-09
173 2.4e-08
174 8e-09
175 1.6e-08
176 8e-09
177 0
178 8e-09
179 8e-09
180 1.6e-08
181 1.6e-08
182 1.6e-08
183 1.6e-08
184 8e-09
185 1.6e-08
186 8e-09
187 8e-09
188 3.2e-08
189 0
190 1.6e-08
191 2.4e-08
192 8e-09
193 1.6e-08
194 2.4e-08
195 8e-09
196 8e-09
197 1.6e-08
198 1.6e-08
199 8e-09
200 2.39204e-08
201 2.4e-08
202 0
203 8e-09
204 1.6e-08
205 0
206 8e-09
207 0
208 3.2e-08
209 8e-09
210 3.2e-08
211 1.6e-08
212 0
213 1.6e-08
214 2.4e-08
215 8e-09
216 1.6e-08
217 0
218 2.4e-08
219 1.6e-08
220 1.6e-08
221 2.4e-08
222 1.6e-08
223 0
224 3.2e-08
225 2.4e-08
226 1.6e-08
227 7.9204e-09
228 1.6e-08
229 1.6e-08
230 1.6e-08
231 0
232 0
233 8e-09
234 8e-09
235 3.2e-08
236 2.4e-08
237 3.2e-08
238 1.6e-08
239 1.6e-08
240 4.8e-08
241 8e-09
242 0
243 2.4e-08
244 2.4e-08
245 1.6e-08
246 5.6e-08
247 4e-08
248 1.6e-08
249 3.2e-08
250 8e-09
251 8e-09
252 8e-09
253 1.6e-08
254 8e-09
255 8e-09
256 2.4e-08
257 1.6e-08
258 2.4e-08
259 4.8e-08
260 0
261 2.4e-08
262 1.6e-08
263 3.2e-08
264 8e-09
265 4e-08
266 2.4e-08
267 2.4e-08
268 2.4e-08
269 1.6e-08
270 8e-09
271 4e-08
272 2.4e-08
273 3.2e-08
274 8e-09
275 8e-09
276 2.4e-08
277 8e-09
278 8e-09
279 5.6e-08
280 2.4e-08
281 3.2e-08
282 3.2e-08
283 3.2e-08
284 1.6e-08
285 1.6e-08
286 3.2e-08
287 1.6e-08
288 2.4e-08
289 2.4e-08
290 4e-08
291 1.6e-08
292 4.8e-08
293 4e-08
294 2.39204e-08
295 1.6e-08
296 1.6e-08
297 8e-09
298 8e-09
299 4.8e-08
300 2.4e-08
301 3.2e-08
302 1.6e-08
303 8e-09
304 1.6e-08
305 8e-09
306 2.4e-08
307 8e-09
308 8e-09
309 4e-08
310 1.6e-08
311 1.6e-08
312 1.6e-08
313 2.4e-08
314 1.6e-08
315 2.4e-08
316 1.6e-08
317 3.2e-08
318 0
319 4e-08
320 1.6e-08
321 3.2e-08
322 2.4e-08
323 8e-09
324 5.6e-08
325 2.4e-08
326 0
327 8e-09
328 4e-08
329 5.6e-08
330 8e-09
331 8e-09
332 4.8e-08
333 0
334 4.8e-08
335 2.4e-08
336 8e-09
337 1.6e-08
338 8e-09
339 4.8e-08
340 1.6e-08
341 8e-09
342 8e-09
343 4e-08
344 1.6e-08
345 1.6e-08
346 2.4e-08
347 2.4e-08
348 1.6e-08
349 1.6e-08
350 1.6e-08
351 1.6e-08
352 4e-08
353 5.6e-08
354 1.6e-08
355 2.4e-08
356 2.4e-08
357 1.6e-08
358 4.8e-08
359 3.2e-08
360 1.6e-08
361 3.2e-08
362 1.6e-08
363 1.59204e-08
364 3.2e-08
365 2.4e-08
366 7.9204e-09
367 0
368 8e-09
369 3.2e-08
370 3.2e-08
371 2.4e-08
372 4e-08
373 4e-08
374 4e-08
375 2.4e-08
376 4e-08
377 4e-08
378 2.4e-08
379 2.4e-08
380 8e-09
381 4e-08
382 3.2e-08
383 8e-09
384 8e-09
385 2.4e-08
386 4.8e-08
387 5.6e-08
388 3.2e-08
389 1.59204e-08
390 4.8e-08
391 3.19204e-08
392 1.6e-08
393 3.2e-08
394 2.4e-08
395 8e-09
396 8e-09
397 2.4e-08
398 3.2e-08
399 4e-08
400 1.6e-08
401 2.4e-08
402 8e-09
403 1.6e-08
404 5.6e-08
405 3.2e-08
406 3.2e-08
407 3.2e-08
408 3.2e-08
409 2.4e-08
410 1.6e-08
411 3.2e-08
412 1.6e-08
413 3.2e-08
414 1.6e-08
415 8e-09
416 1.6e-08
417 8e-09
418 2.39204e-08
419 3.2e-08
420 4e-08
421 8e-09
422 1.6e-08
423 4.8e-08
424 4e-08
425 3.2e-08
426 0
427 2.4e-08
428 2.4e-08
429 3.2e-08
430 1.6e-08
431 8e-09
432 3.19204e-08
433 7.9204e-09
434 3.2e-08
435 7.2e-08
436 2.4e-08
437 2.4e-08
438 1.6e-08
439 1.6e-08
440 5.6e-08
441 3.2e-08
442 0
443 1.6e-08
444 3.2e-08
445 2.4e-08
446 5.6e-08
447 1.6e-08
448 8e-09
449 2.4e-08
450 2.4e-08
451 8e-09
452 2.4e-08
453 5.6e-08
454 3.2e-08
455 3.2e-08
456 3.2e-08
457 3.19204e-08
458 2.4e-08
459 2.4e-08
460 2.4e-08
461 1.6e-08
462 3.2e-08
463 1.6e-08
464 4e-08
465 2.4e-08
466 1.6e-08
467 0
468 4e-08
469 3.2e-08
470 2.4e-08
471 4e-08
472 1.6e-08
473 4e-08
474 4.79204e-08
475 5.6e-08
476 8e-09
477 3.2e-08
478 1.6e-08
479 1.59204e-08
480 4e-08
481 1.6e-08
482 1.59204e-08
483 8e-09
484 4e-08
485 4.8e-08
486 1.6e-08
487 4.8e-08
488 4.8e-08
489 1.6e-08
490 3.2e-08
491 3.2e-08
492 4e-08
493 3.2e-08
494 2.4e-08
495 1.6e-08
496 5.6e-08
497 2.4e-08
498 7.2e-08
499 0
500 8e-09
501 5.6e-08
502 2.4e-08
503 3.2e-08
504 4e-08
505 3.2e-08
506 1.6e-08
507 4.8e-08
508 1.6e-08
509 3.2e-08
510 1.6e-08
511 3.2e-08
512 2.4e-08
513 2.4e-08
514 3.2e-08
515 3.2e-08
516 3.2e-08
517 2.4e-08
518 1.6e-08
519 2.4e-08
520 1.6e-08
521 3.2e-08
522 2.4e-08
523 4.8e-08
524 4.8e-08
525 4e-08
526 4e-08
527 8e-09
528 3.2e-08
529 1.6e-08
530 3.2e-08
531 1.6e-08
532 1.6e-08
533 8e-09
534 1.6e-08
535 4e-08
536 1.6e-08
537 4e-08
538 8e-09
539 4e-08
540 2.4e-08
541 2.4e-08
542 4e-08
543 8e-09
544 1.6e-08
545 2.4e-08
546 2.4e-08
547 2.4e-08
548 6.4e-08
549 5.6e-08
550 2.4e-08
551 2.4e-08
552 4e-08
553 2.4e-08
554 1.6e-08
555 4.8e-08
556 2.4e-08
557 1.6e-08
558 8e-09
559 1.6e-08
560 0
561 8e-09
562 3.2e-08
563 4.8e-08
564 5.6e-08
565 2.4e-08
566 4e-08
567 2.4e-08
568 8e-09
569 2.4e-08
570 2.4e-08
571 2.4e-08
572 4e-08
573 8e-08
574 2.4e-08
575 1.6e-08
576 4.8e-08
577 2.4e-08
578 3.2e-08
579 4.8e-08
580 4.8e-08
581 1.6e-08
582 4.8e-08
583 4e-08
584 2.4e-08
585 4.8e-08
586 2.4e-08
587 4.8e-08
588 1.6e-08
589 2.4e-08
590 3.19204e-08
591 0
592 8e-09
593 2.4e-08
594 8e-09
595 2.4e-08
596 2.4e-08
597 4.8e-08
598 2.4e-08
599 1.6e-08
600 5.6e-08
601 4e-08
602 2.4e-08
603 4e-08
604 0
605 1.6e-08
606 4.8e-08
607 1.6e-08
608 3.2e-08
609 4.8e-08
610 8e-09
611 4e-08
612 4.8e-08
613 1.6e-08
614 8e-09
615 8e-09
616 4e-08
617 8e-09
618 2.4e-08
619 4e-08
620 4.8e-08
621 5.6e-08
622 1.6e-08
623 3.2e-08
624 4e-08
625 6.4e-08
626 4.8e-08
627 4e-08
628 3.2e-08
629 3.2e-08
630 2.4e-08
631 4e-08
632 8e-09
633 8e-09
634 4e-08
635 1.6e-08
636 8e-09
637 4.8e-08
638 2.4e-08
639 5.6e-08
640 1.6e-08
641 2.4e-08
642 3.2e-08
643 8e-09
644 5.6e-08
645 1.6e-08
646 2.4e-08
647 4e-08
648 3.2e-08
649 1.6e-08
650 3.2e-08
651 2.39204e-08
652 4e-08
653 2.39204e-08
654 3.2e-08
655 4e-08
656 4e-08
657 1.6e-08
658 3.2e-08
659 2.4e-08
660 4e-08
661 4e-08
662 4e-08
663 4.8e-08
664 2.4e-08
665 4.8e-08
666 4e-08
667 3.2e-08
668 3.2e-08
669 4e-08
670 2.4e-08
671 2.4e-08
672 7.2e-08
673 5.6e-08
674 2.4e-08
675 5.6e-08
676 8e-09
677 5.6e-08
678 3.2e-08
679 4e-08
680 2.39204e-08
681 2.4e-08
682 8e-08
683 4.8e-08
684 4.8e-08
685 4.8e-08
686 3.2e-08
687 5.6e-08
688 6.4e-08
689 1.6e-08
690 1.6e-08
691 2.4e-08
692 2.4e-08
693 3.2e-08
694 2.4e-08
695 2.4e-08
696 4e-08
697 2.4e-08
698 2.4e-08
699 3.2e-08
700 2.4e-08
701 5.6e-08
702 3.2e-08
703 0
704 2.4e-08
705 4.8e-08
706 2.4e-08
707 5.6e-08
708 2.4e-08
709 1.6e-08
710 4.8e-08
711 4.8e-08
712 2.4e-08
713 4e-08
714 4.8e-08
715 2.4e-08
716 2.4e-08
717 4e-08
718 2.4e-08
719 3.2e-08
720 2.4e-08
721 1.6e-08
722 3.2e-08
723 2.4e-08
724 4.8e-08
725 2.4e-08
726 3.2e-08
727 2.39204e-08
728 3.2e-08
729 3.2e-08
730 5.6e-08
731 2.4e-08
732 2.4e-08
733 4e-08
734 2.4e-08
735 3.2e-08
736 4e-08
737 2.4e-08
738 5.6e-08
739 3.2e-08
740 4.8e-08
741 4.8e-08
742 3.2e-08
743 3.2e-08
744 3.2e-08
745 4e-08
746 2.4e-08
747 6.4e-08
748 2.4e-08
749 2.4e-08
750 8e-09
751 4e-08
752 3.2e-08
753 4.8e-08
754 9.6e-08
755 1.6e-08
756 8e-09
757 3.2e-08
758 6.4e-08
759 3.2e-08
760 3.2e-08
761 5.6e-08
762 4.8e-08
763 1.6e-08
764 2.4e-08
765 8e-09
766 2.4e-08
767 3.2e-08
768 4e-08
769 3.2e-08
770 2.4e-08
771 1.59204e-08
772 2.4e-08
773 4e-08
774 3.2e-08
775 2.4e-08
776 4.8e-08
777 4e-08
778 8e-09
779 3.2e-08
780 5.59204e-08
781 4e-08
782 0
783 3.2e-08
784 3.2e-08
785 8e-09
786 3.2e-08
787 1.6e-08
788 4e-08
789 1.6e-08
790 4.79204e-08
791 3.2e-08
792 3.2e-08
793 2.4e-08
794 5.6e-08
795 3.2e-08
796 4e-08
797 2.4e-08
798 1.6e-08
799 1.6e-08
800 3.19204e-08
801 2.4e-08
802 1.6e-08
803 2.4e-08
804 4.8e-08
805 8e-09
806 4.8e-08
807 2.4e-08
808 4.8e-08
809 4.8e-08
810 1.6e-08
811 2.4e-08
812 3.2e-08
813 2.4e-08
814 4.8e-08
815 1.59204e-08
816 2.4e-08
817 4.8e-08
818 2.39204e-08
819 2.4e-08
820 2.4e-08
821 4.79204e-08
822 4e-08
823 4.79204e-08
824 3.2e-08
825 1.6e-08
826 1.6e-08
827 5.6e-08
828 3.2e-08
829 3.2e-08
830 3.2e-08
831 2.4e-08
832 3.2e-08
833 2.4e-08
834 1.6e-08
835 3.2e-08
836 4.8e-08
837 8e-09
838 4.79204e-08
839 3.19204e-08
840 3.2e-08
841 2.4e-08
842 3.2e-08
843 2.4e-08
844 4e-08
845 1.6e-08
846 2.4e-08
847 3.2e-08
848 3.2e-08
849 8e-09
850 3.99204e-08
851 2.4e-08
852 3.19204e-08
853 8e-09
854 2.4e-08
855 0
856 2.4e-08
857 0
858 4e-08
859 2.4e-08
860 4.8e-08
861 2.4e-08
862 4e-08
863 2.4e-08
864 7.2e-08
865 3.2e-08
866 4e-08
867 3.2e-08
868 4.8e-08
869 2.4e-08
870 4.8e-08
871 1.6e-08
872 7.2e-08
873 3.2e-08
874 3.2e-08
875 5.6e-08
876 5.58408e-08
877 1.6e-08
878 3.2e-08
879 2.4e-08
880 7.2e-08
881 5.6e-08
882 3.2e-08
883 4.8e-08
884 4e-08
885 2.4e-08
886 3.2e-08
887 1.6e-08
888 3.2e-08
889 3.19204e-08
890 1.6e-08
891 5.6e-08
892 6.4e-08
893 4e-08
894 4e-08
895 2.4e-08
896 3.2e-08
897 2.4e-08
898 1.6e-08
899 7.2e-08
900 5.6e-08
901 4e-08
902 1.6e-08
903 2.4e-08
904 5.6e-08
905 6.4e-08
906 3.2e-08
907 2.4e-08
908 4e-08
909 4e-08
910 3.2e-08
911 4e-08
912 4e-08
913 2.39204e-08
914 2.4e-08
915 7.9204e-09
916 1.6e-08
917 8e-09
918 4.8e-08
919 0
920 3.99204e-08
921 1.6e-08
922 2.4e-08
923 4e-08
924 1.6e-08
925 1.59204e-08
926 2.4e-08
927 4.8e-08
928 3.2e-08
929 4e-08
930 4.8e-08
931 5.6e-08
932 1.6e-08
933 1.6e-08
934 3.2e-08
935 4.8e-08
936 2.4e-08
937 5.6e-08
938 4e-08
939 6.39204e-08
940 1.6e-08
941 3.2e-08
942 1.6e-08
943 3.2e-08
944 4.8e-08
945 4e-08
946 4e-08
947 4e-08
948 2.4e-08
949 3.2e-08
950 3.99204e-08
951 4e-08
952 1.6e-08
953 4e-08
954 1.6e-08
955 3.2e-08
956 2.4e-08
957 1.6e-08
958 3.2e-08
959 8e-09
960 2.4e-08
961 2.4e-08
962 4.8e-08
963 8e-08
964 3.19204e-08
965 4.8e-08
966 5.6e-08
967 3.2e-08
968 3.2e-08
969 2.4e-08
970 2.4e-08
971 8e-09
972 2.4e-08
973 1.6e-08
974 3.2e-08
975 3.19204e-08
976 3.19204e-08
977 1.6e-08
978 3.2e-08
979 2.4e-08
980 0
981 1.6e-08
982 4e-08
983 3.2e-08
984 4e-08
985 4e-08
986 2.4e-08
987 2.4e-08
988 5.6e-08
989 4e-08
990 4e-08
991 4e-08
992 5.59204e-08
993 3.2e-08
994 2.4e-08
995 2.4e-08
996 3.2e-08
997 4e-08
998 3.2e-08
999 0
