0 0
1 0
2 4e-08
3 1.2e-07
4 3.2e-07
5 1.6e-07
6 5.6e-07
7 2e-07
8 3.6e-07
9 3.6e-07
10 4.8e-07
11 7.2e-07
12 4e-07
13 4.8e-07
14 7.2e-07
15 7.2e-07
16 5.6e-07
17 6.4e-07
18 3.6e-07
19 6e-07
20 8.4e-07
21 8.8e-07
22 4.8e-07
23 7.59602e-07
24 8e-07
25 6.4e-07
26 4e-07
27 4e-07
28 5.6e-07
29 6e-07
30 6.4e-07
31 4.4e-07
32 5.6e-07
33 8e-07
34 4e-07
35 4e-07
36 8.4e-07
37 5.6e-07
38 4.4e-07
39 5.59602e-07
40 2.4e-07
41 6e-07
42 3.6e-07
43 3.6e-07
44 4.4e-07
45 4e-07
46 4.8e-07
47 4e-07
48 5.6e-07
49 3.2e-07
50 4.8e-07
51 4e-07
52 3.59602e-07
53 4.4e-07
54 3.2e-07
55 6e-07
56 2.8e-07
57 3.99602e-07
58 3.2e-07
59 2e-07
60 4e-07
61 6e-07
62 2.4e-07
63 4.4e-07
64 3.6e-07
65 2e-07
66 4.8e-07
67 4.8e-07
68 5.2e-07
69 5.19602e-07
70 4.4e-07
71 2.8e-07
72 1.2e-07
73 1.6e-07
74 3.6e-07
75 2.8e-07
76 2.8e-07
77 2e-07
78 1.59602e-07
79 3.6e-07
80 3.6e-07
81 2.8e-07
82 3.99602e-07
83 3.6e-07
84 3.6e-07
85 2e-07
86 4e-07
87 2.4e-07
88 3.6e-07
89 3.2e-07
90 4e-07
91 4.8e-07
92 4.4e-07
93 3.6e-07
94 2.8e-07
95 3.2e-07
96 4.4e-07
97 3.2e-07
98 3.99602e-07
99 3.2e-07
100 2.8e-07
101 2e-07
102 1.19602e-07
103 2.4e-07
104 3.2e-07
105 2e-07
106 2.8e-07
107 3.6e-07
108 4.4e-07
109 2e-07
110 2.4e-07
111 1.2e-07
112 3.2e-07
113 2.8e-07
114 1.2e-07
115 2.39602e-07
116 2.8e-07
117 2.4e-07
118 1.99602e-07
119 1.2e-07
120 1.6e-07
121 3.6e-07
122 3.2e-07
123 2.8e-07
124 2.8e-07
125 3.19204e-07
126 2.4e-07
127 4.39602e-07
128 1.2e-07
129 3.2e-07
130 3.19602e-07
131 2.4e-07
132 3.2e-07
133 2.4e-07
134 2.8e-07
135 1.2e-07
136 2.4e-07
137 3.6e-07
138 4.8e-07
139 3.2e-07
140 2.79602e-07
141 2.8e-07
142 2e-07
143 4e-07
144 1.2e-07
145 1.6e-07
146 2.4e-07
147 0
148 1.6e-07
149 2.8e-07
150 2e-07
151 1.6e-07
152 8e-08
153 8e-08
154 2.8e-07
155 2.4e-07
156 1.6e-07
157 2.8e-07
158 1.6e-07
159 1.59602e-07
160 2e-07
161 3.2e-07
162 1.2e-07
163 2e-07
164 1.2e-07
165 4.4e-07
166 3.2e-07
167 1.2e-07
168 8e-08
169 5.2e-07
170 2.4e-07
171 2e-07
172 1.99602e-07
173 4.8e-07
174 8e-08
175 3.2e-07
176 1.6e-07
177 2e-07
178 1.2e-07
179 2.8e-07
180 1.6e-07
181 1.2e-07
182 1.2e-07
183 2.8e-07
184 1.6e-07
185 8e-08
186 4e-08
187 2.4e-07
188 1.2e-07
189 4e-08
190 2.4e-07
191 2.8e-07
192 2e-07
193 1.2e-07
194 2e-07
195 1.2e-07
196 2.79602e-07
197 2.8e-07
198 2e-07
199 2.4e-07
200 1.6e-07
201 4e-08
202 4e-08
203 0
204 8e-08
205 2.8e-07
206 2e-07
207 1.2e-07
208 2.4e-07
209 1.2e-07
210 4e-08
211 3.59602e-07
212 3.2e-07
213 2e-07
214 3.2e-07
215 2e-07
216 1.6e-07
217 2e-07
218 1.6e-07
219 1.6e-07
220 4e-08
221 2.8e-07
222 2.79602e-07
223 4e-08
224 1.6e-07
225 1.6e-07
226 1.2e-07
227 2e-07
228 1.2e-07
229 4e-08
230 1.6e-07
231 1.2e-07
232 1.2e-07
233 1.2e-07
234 2.4e-07
235 1.6e-07
236 2.4e-07
237 1.6e-07
238 2.8e-07
239 8e-08
240 4e-08
241 4e-08
242 1.6e-07
243 8e-08
244 0
245 1.2e-07
246 1.2e-07
247 4e-08
248 8e-08
249 2.4e-07
250 1.2e-07
251 2e-07
252 2.4e-07
253 4e-08
254 2.4e-07
255 2.4e-07
256 1.2e-07
257 0
258 1.2e-07
259 2.8e-07
260 2e-07
261 4e-08
262 8e-08
263 1.2e-07
264 1.6e-07
265 2.4e-07
266 1.6e-07
267 2e-07
268 4e-08
269 4e-08
270 0
271 1.6e-07
272 1.2e-07
273 4e-08
274 1.2e-07
275 8e-08
276 4e-08
277 2.4e-07
278 1.2e-07
279 1.6e-07
280 1.6e-07
281 1.6e-07
282 4e-08
283 8e-08
284 1.6e-07
285 8e-08
286 1.6e-07
287 1.2e-07
288 2e-07
289 2e-07
290 8e-08
291 8e-08
292 2.4e-07
293 2e-07
294 8e-08
295 4e-08
296 8e-08
297 1.2e-07
298 1.2e-07
299 1.2e-07
300 4e-08
301 8e-08
302 1.6e-07
303 0
304 1.6e-07
305 4e-08
306 4e-08
307 1.6e-07
308 8e-08
309 2.4e-07
310 8e-08
311 8e-08
312 1.6e-07
313 1.99602e-07
314 1.6e-07
315 1.2e-07
316 4e-08
317 2e-07
318 1.2e-07
319 4e-08
320 8e-08
321 1.2e-07
322 1.6e-07
323 4e-08
324 3.9602e-08
325 4e-08
326 2e-07
327 1.6e-07
328 2e-07
329 1.2e-07
330 8e-08
331 1.2e-07
332 2.8e-07
333 4e-08
334 1.2e-07
335 1.19602e-07
336 1.6e-07
337 1.2e-07
338 2e-07
339 4e-08
340 8e-08
341 1.2e-07
342 8e-08
343 4e-08
344 1.2e-07
345 1.2e-07
346 1.2e-07
347 1.6e-07
348 1.6e-07
349 8e-08
350 8e-08
351 4e-08
352 1.59602e-07
353 1.59602e-07
354 1.2e-07
355 8e-08
356 8e-08
357 1.2e-07
358 8e-08
359 1.6e-07
360 0
361 3.99204e-07
362 4e-08
363 1.2e-07
364 2e-07
365 1.6e-07
366 0
367 1.2e-07
368 0
369 1.6e-07
370 1.2e-07
371 0
372 8e-08
373 8e-08
374 1.2e-07
375 8e-08
376 1.6e-07
377 2e-07
378 7.9602e-08
379 8e-08
380 4e-08
381 0
382 8e-08
383 1.6e-07
384 1.2e-07
385 1.2e-07
386 4e-08
387 8e-08
388 1.6e-07
389 4e-08
390 1.6e-07
391 1.2e-07
392 1.2e-07
393 1.2e-07
394 0
395 1.2e-07
396 8e-08
397 1.2e-07
398 8e-08
399 1.6e-07
400 4e-08
401 1.6e-07
402 4e-08
403 1.2e-07
404 8e-08
405 1.2e-07
406 0
407 4e-08
408 4e-08
409 1.59602e-07
410 1.2e-07
411 4e-08
412 8e-08
413 2.8e-07
414 8e-08
415 1.2e-07
416 8e-08
417 2.4e-07
418 2e-07
419 8e-08
420 1.59602e-07
421 4e-08
422 7.9602e-08
423 4e-08
424 1.6e-07
425 8e-08
426 8e-08
427 0
428 8e-08
429 1.2e-07
430 1.2e-07
431 4e-08
432 0
433 1.2e-07
434 8e-08
435 4e-08
436 1.19602e-07
437 4e-08
438 1.6e-07
439 8e-08
440 8e-08
441 1.59602e-07
442 4e-08
443 8e-08
444 4e-08
445 1.19602e-07
446 4e-08
447 1.2e-07
448 4e-08
449 8e-08
450 4e-08
451 8e-08
452 1.19602e-07
453 4e-08
454 2.4e-07
455 4e-08
456 4e-08
457 4e-08
458 1.6e-07
459 1.2e-07
460 1.2e-07
461 4e-08
462 0
463 1.6e-07
464 1.2e-07
465 4e-08
466 1.2e-07
467 4e-08
468 4e-08
469 4e-08
470 8e-08
471 7.9602e-08
472 8e-08
473 4e-08
474 8e-08
475 0
476 8e-08
477 4e-08
478 8e-08
479 1.2e-07
480 1.6e-07
481 1.6e-07
482 1.2e-07
483 8e-08
484 1.2e-07
485 1.2e-07
486 4e-08
487 4e-08
488 8e-08
489 8e-08
490 4e-08
491 1.2e-07
492 8e-08
493 2.4e-07
494 1.2e-07
495 8e-08
496 8e-08
497 4e-08
498 1.59602e-07
499 4e-08
500 8e-08
501 8e-08
502 1.2e-07
503 0
504 0
505 2e-07
506 1.2e-07
507 0
508 1.2e-07
509 4e-08
510 8e-08
511 0
512 8e-08
513 0
514 8e-08
515 4e-08
516 0
517 1.19602e-07
518 8e-08
519 8e-08
520 8e-08
521 4e-08
522 2e-07
523 4e-08
524 0
525 0
526 4e-08
527 4e-08
528 4e-08
529 0
530 1.2e-07
531 7.9602e-08
532 8e-08
533 4e-08
534 8e-08
535 4e-08
536 1.6e-07
537 0
538 0
539 2e-07
540 0
541 8e-08
542 0
543 4e-08
544 8e-08
545 2e-07
546 1.6e-07
547 8e-08
548 1.6e-07
549 2e-07
550 1.6e-07
551 4e-08
552 4e-08
553 1.2e-07
554 8e-08
555 2.4e-07
556 1.19602e-07
557 1.6e-07
558 1.2e-07
559 1.6e-07
560 8e-08
561 8e-08
562 4e-08
563 1.2e-07
564 4e-08
565 4e-08
566 1.59602e-07
567 0
568 1.6e-07
569 4e-08
570 3.9602e-08
571 8e-08
572 8e-08
573 8e-08
574 8e-08
575 8e-08
576 8e-08
577 1.6e-07
578 4e-08
579 4e-08
580 8e-08
581 1.6e-07
582 1.6e-07
583 1.6e-07
584 8e-08
585 8e-08
586 0
587 1.2e-07
588 0
589 2.4e-07
590 1.2e-07
591 4e-08
592 8e-08
593 4e-08
594 4e-08
595 8e-08
596 4e-08
597 1.2e-07
598 4e-08
599 0
600 0
601 4e-08
602 4e-08
603 4e-08
604 0
605 4e-08
606 8e-08
607 8e-08
608 0
609 0
610 1.2e-07
611 0
612 4e-08
613 1.2e-07
614 1.59602e-07
615 3.9602e-08
616 4e-08
617 8e-08
618 8e-08
619 8e-08
620 0
621 4e-08
622 4e-08
623 1.2e-07
624 1.2e-07
625 4e-08
626 8e-08
627 0
628 4e-08
629 4e-08
630 8e-08
631 1.2e-07
632 4e-08
633 8e-08
634 4e-08
635 0
636 4e-08
637 8e-08
638 8e-08
639 8e-08
640 1.2e-07
641 7.9602e-08
642 1.2e-07
643 4e-08
644 8e-08
645 4e-08
646 0
647 4e-08
648 4e-08
649 0
650 8e-08
651 1.2e-07
652 8e-08
653 4e-08
654 1.2e-07
655 4e-08
656 0
657 1.6e-07
658 4e-08
659 4e-08
660 4e-08
661 0
662 4e-08
663 2e-07
664 1.2e-07
665 4e-08
666 0
667 4e-08
668 8e-08
669 4e-08
670 0
671 0
672 4e-08
673 8e-08
674 4e-08
675 8e-08
676 4e-08
677 1.2e-07
678 8e-08
679 8e-08
680 1.2e-07
681 0
682 1.6e-07
683 4e-08
684 8e-08
685 8e-08
686 4e-08
687 0
688 0
689 4e-08
690 0
691 4e-08
692 4e-08
693 0
694 8e-08
695 4e-08
696 2.4e-07
697 7.9602e-08
698 8e-08
699 8e-08
700 2e-07
701 0
702 8e-08
703 8e-08
704 4e-08
705 1.2e-07
706 0
707 4e-08
708 0
709 1.2e-07
710 0
711 1.6e-07
712 8e-08
713 4e-08
714 4e-08
715 1.2e-07
716 0
717 0
718 0
719 0
720 4e-08
721 4e-08
722 4e-08
723 4e-08
724 8e-08
725 4e-08
726 1.2e-07
727 0
728 1.2e-07
729 8e-08
730 2e-07
731 4e-08
732 0
733 0
734 4e-08
735 0
736 0
737 4e-08
738 0
739 4e-08
740 4e-08
741 1.2e-07
742 8e-08
743 1.2e-07
744 0
745 4e-08
746 0
747 0
748 4e-08
749 1.59602e-07
750 1.2e-07
751 4e-08
752 8e-08
753 0
754 8e-08
755 1.2e-07
756 0
757 1.2e-07
758 4e-08
759 0
760 8e-08
761 4e-08
762 0
763 4e-08
764 7.9602e-08
765 4e-08
766 0
767 8e-08
768 1.6e-07
769 8e-08
770 4e-08
771 0
772 4e-08
773 4e-08
774 0
775 8e-08
776 1.2e-07
777 4e-08
778 0
779 4e-08
780 7.9602e-08
781 4e-08
782 4e-08
783 1.6e-07
784 8e-08
785 0
786 8e-08
787 8e-08
788 0
789 8e-08
790 1.2e-07
791 4e-08
792 4e-08
793 4e-08
794 1.6e-07
795 4e-08
796 1.2e-07
797 1.2e-07
798 1.2e-07
799 3.9602e-08
800 4e-08
801 8e-08
802 0
803 1.2e-07
804 8e-08
805 1.2e-07
806 4e-08
807 4e-08
808 2e-07
809 4e-08
810 0
811 0
812 0
813 4e-08
814 4e-08
815 4e-08
816 8e-08
817 0
818 0
819 8e-08
820 0
821 1.6e-07
822 0
823 1.2e-07
824 0
825 4e-08
826 4e-08
827 4e-08
828 8e-08
829 1.2e-07
830 8e-08
831 0
832 4e-08
833 4e-08
834 4e-08
835 1.6e-07
836 0
837 8e-08
838 4e-08
839 8e-08
840 4e-08
841 0
842 0
843 0
844 4e-08
845 0
846 4e-08
847 1.2e-07
848 1.2e-07
849 8e-08
850 4e-08
851 4e-08
852 0
853 0
854 4e-08
855 8e-08
856 1.6e-07
857 8e-08
858 4e-08
859 0
860 0
861 4e-08
862 8e-08
863 4e-08
864 4e-08
865 8e-08
866 4e-08
867 0
868 2e-07
869 0
870 4e-08
871 4e-08
872 8e-08
873 4e-08
874 0
875 1.2e-07
876 4e-08
877 3.9602e-08
878 4e-08
879 4e-08
880 0
881 4e-08
882 1.2e-07
883 1.2e-07
884 8e-08
885 8e-08
886 1.2e-07
887 4e-08
888 4e-08
889 8e-08
890 0
891 8e-08
892 3.9602e-08
893 4e-08
894 1.2e-07
895 8e-08
896 4e-08
897 8e-08
898 1.2e-07
899 8e-08
900 0
901 4e-08
902 8e-08
903 7.9602e-08
904 0
905 1.2e-07
906 4e-08
907 4e-08
908 4e-08
909 4e-08
910 8e-08
911 8e-08
912 0
913 0
914 4e-08
915 8e-08
916 4e-08
917 8e-08
918 4e-08
919 0
920 0
921 8e-08
922 4e-08
923 0
924 0
925 8e-08
926 4e-08
927 0
928 0
929 0
930 4e-08
931 0
932 4e-08
933 4e-08
934 0
935 4e-08
936 4e-08
937 4e-08
938 1.2e-07
939 8e-08
940 0
941 0
942 4e-08
943 8e-08
944 8e-08
945 8e-08
946 8e-08
947 0
948 4e-08
949 1.2e-07
950 4e-08
951 0
952 4e-08
953 1.6e-07
954 0
955 8e-08
956 8e-08
957 1.2e-07
958 0
959 4e-08
960 0
961 8e-08
962 8e-08
963 0
964 4e-08
965 1.2e-07
966 4e-08
967 0
968 8e-08
969 8e-08
970 4e-08
971 1.2e-07
972 8e-08
973 4e-08
974 0
975 4e-08
976 0
977 0
978 4e-08
979 1.19602e-07
980 8e-08
981 0
982 8e-08
983 4e-08
984 8e-08
985 4e-08
986 0
987 0
988 1.2e-07
989 0
990 0
991 4e-08
992 4e-08
993 2e-07
994 0
995 8e-08
996 4e-08
997 0
998 4e-08
999 0
