0 0
1 0
2 0
3 8e-08
4 0
5 0
6 0
7 0
8 0
9 0
10 8e-08
11 0
12 0
13 0
14 0
15 0
16 0
17 0
18 0
19 0
20 8e-08
21 8e-08
22 0
23 0
24 0
25 0
26 0
27 0
28 1.6e-07
29 0
30 0
31 0
32 0
33 8e-08
34 0
35 0
36 0
37 0
38 0
39 0
40 8e-08
41 1.6e-07
42 0
43 8e-08
44 0
45 8e-08
46 0
47 0
48 0
49 8e-08
50 0
51 0
52 0
53 0
54 8e-08
55 0
56 8e-08
57 0
58 8e-08
59 0
60 0
61 0
62 0
63 0
64 8e-08
65 0
66 1.6e-07
67 8e-08
68 0
69 8e-08
70 2.4e-07
71 0
72 0
73 0
74 8e-08
75 8e-08
76 0
77 0
78 8e-08
79 2.4e-07
80 0
81 8e-08
82 8e-08
83 8e-08
84 0
85 0
86 8e-08
87 2.4e-07
88 0
89 0
90 8e-08
91 8e-08
92 8e-08
93 0
94 8e-08
95 1.6e-07
96 0
97 8e-08
98 8e-08
99 0
100 1.6e-07
101 1.6e-07
102 0
103 8e-08
104 8e-08
105 0
106 1.6e-07
107 8e-08
108 0
109 0
110 8e-08
111 8e-08
112 3.2e-07
113 8e-08
114 0
115 0
116 8e-08
117 8e-08
118 8e-08
119 8e-08
120 8e-08
121 1.6e-07
122 8e-08
123 8e-08
124 0
125 8e-08
126 8e-08
127 0
128 1.6e-07
129 1.6e-07
130 1.6e-07
131 1.6e-07
132 2.4e-07
133 1.6e-07
134 1.6e-07
135 8e-08
136 1.6e-07
137 2.4e-07
138 8e-08
139 8e-08
140 0
141 8e-08
142 1.6e-07
143 2.4e-07
144 8e-08
145 2.4e-07
146 8e-08
147 0
148 8e-08
149 2.4e-07
150 2.4e-07
151 0
152 1.6e-07
153 2.4e-07
154 2.4e-07
155 8e-08
156 8e-08
157 2.4e-07
158 0
159 8e-08
160 8e-08
161 2.4e-07
162 8e-08
163 1.6e-07
164 2.4e-07
165 8e-08
166 1.6e-07
167 8e-08
168 1.6e-07
169 8e-08
170 8e-08
171 1.6e-07
172 8e-08
173 2.4e-07
174 8e-08
175 1.6e-07
176 8e-08
177 0
178 8e-08
179 8e-08
180 1.6e-07
181 1.6e-07
182 1.6e-07
183 1.6e-07
184 8e-08
185 1.6e-07
186 8e-08
187 8e-08
188 3.2e-07
189 0
190 1.6e-07
191 2.4e-07
192 8e-08
193 1.6e-07
194 2.4e-07
195 8e-08
196 8e-08
197 1.6e-07
198 1.6e-07
199 8e-08
200 2.32387e-07
201 2.4e-07
202 0
203 8e-08
204 1.6e-07
205 0
206 8e-08
207 0
208 3.2e-07
209 8e-08
210 3.2e-07
211 1.6e-07
212 0
213 1.6e-07
214 2.4e-07
215 8e-08
216 1.6e-07
217 0
218 2.4e-07
219 1.6e-07
220 1.6e-07
221 2.4e-07
222 1.6e-07
223 0
224 3.2e-07
225 2.4e-07
226 1.6e-07
227 7.2387e-08
228 1.6e-07
229 1.6e-07
230 1.6e-07
231 0
232 0
233 8e-08
234 8e-08
235 3.2e-07
236 2.4e-07
237 3.2e-07
238 1.6e-07
239 1.6e-07
240 4.8e-07
241 8e-08
242 0
243 2.4e-07
244 2.4e-07
245 1.6e-07
246 5.6e-07
247 4e-07
248 1.6e-07
249 3.2e-07
250 8e-08
251 8e-08
252 8e-08
253 1.6e-07
254 8e-08
255 8e-08
256 2.4e-07
257 1.6e-07
258 2.4e-07
259 4.8e-07
260 0
261 2.4e-07
262 1.6e-07
263 3.2e-07
264 8e-08
265 4e-07
266 2.4e-07
267 2.4e-07
268 2.4e-07
269 1.6e-07
270 8e-08
271 4e-07
272 2.4e-07
273 3.2e-07
274 8e-08
275 8e-08
276 2.4e-07
277 8e-08
278 8e-08
279 5.6e-07
280 2.4e-07
281 3.2e-07
282 3.2e-07
283 3.2e-07
284 1.6e-07
285 1.6e-07
286 3.2e-07
287 1.6e-07
288 2.4e-07
289 2.4e-07
290 4e-07
291 1.6e-07
292 4.8e-07
293 4e-07
294 2.32387e-07
295 1.6e-07
296 1.6e-07
297 8e-08
298 8e-08
299 4.8e-07
300 2.4e-07
301 3.2e-07
302 1.6e-07
303 8e-08
304 1.6e-07
305 8e-08
306 2.4e-07
307 8e-08
308 8e-08
309 4e-07
310 1.6e-07
311 1.6e-07
312 1.6e-07
313 2.4e-07
314 1.6e-07
315 2.4e-07
316 1.6e-07
317 3.2e-07
318 0
319 4e-07
320 1.6e-07
321 3.2e-07
322 2.4e-07
323 8e-08
324 5.6e-07
325 2.4e-07
326 0
327 8e-08
328 4e-07
329 5.6e-07
330 8e-08
331 8e-08
332 4.8e-07
333 0
334 4.8e-07
335 2.4e-07
336 8e-08
337 1.6e-07
338 8e-08
339 4.8e-07
340 1.6e-07
341 8e-08
342 8e-08
343 4e-07
344 1.6e-07
345 1.6e-07
346 2.4e-07
347 2.4e-07
348 1.6e-07
349 1.6e-07
350 1.6e-07
351 1.6e-07
352 4e-07
353 5.6e-07
354 1.6e-07
355 2.4e-07
356 2.4e-07
357 1.6e-07
358 4.8e-07
359 3.2e-07
360 1.6e-07
361 3.2e-07
362 1.6e-07
363 1.52387e-07
364 3.2e-07
365 2.4e-07
366 7.2387e-08
367 0
368 8e-08
369 3.2e-07
370 3.2e-07
371 2.4e-07
372 4e-07
373 4e-07
374 4e-07
375 2.4e-07
376 4e-07
377 4e-07
378 2.4e-07
379 2.4e-07
380 8e-08
381 4e-07
382 3.2e-07
383 8e-08
384 8e-08
385 2.4e-07
386 4.8e-07
387 5.6e-07
388 3.2e-07
389 1.52387e-07
390 4.8e-07
391 3.12387e-07
392 1.6e-07
393 3.2e-07
394 2.4e-07
395 8e-08
396 8e-08
397 2.4e-07
398 3.2e-07
399 4e-07
400 1.6e-07
401 2.4e-07
402 8e-08
403 1.6e-07
404 5.6e-07
405 3.2e-07
406 3.2e-07
407 3.2e-07
408 3.2e-07
409 2.4e-07
410 1.6e-07
411 3.2e-07
412 1.6e-07
413 3.2e-07
414 1.6e-07
415 8e-08
416 1.6e-07
417 8e-08
418 2.32387e-07
419 3.2e-07
420 4e-07
421 8e-08
422 1.6e-07
423 4.8e-07
424 4e-07
425 3.2e-07
426 0
427 2.4e-07
428 2.4e-07
429 3.2e-07
430 1.6e-07
431 8e-08
432 3.12387e-07
433 7.2387e-08
434 3.2e-07
435 7.2e-07
436 2.4e-07
437 2.4e-07
438 1.6e-07
439 1.6e-07
440 5.6e-07
441 3.2e-07
442 0
443 1.6e-07
444 3.2e-07
445 2.4e-07
446 5.6e-07
447 1.6e-07
448 8e-08
449 2.4e-07
450 2.4e-07
451 8e-08
452 2.4e-07
453 5.6e-07
454 3.2e-07
455 3.2e-07
456 3.2e-07
457 3.12387e-07
458 2.4e-07
459 2.4e-07
460 2.4e-07
461 1.6e-07
462 3.2e-07
463 1.6e-07
464 4e-07
465 2.4e-07
466 1.6e-07
467 0
468 4e-07
469 3.2e-07
470 2.4e-07
471 4e-07
472 1.6e-07
473 4e-07
474 4.72387e-07
475 5.6e-07
476 8e-08
477 3.2e-07
478 1.6e-07
479 1.52387e-07
480 4e-07
481 1.6e-07
482 1.52387e-07
483 8e-08
484 4e-07
485 4.8e-07
486 1.6e-07
487 4.8e-07
488 4.8e-07
489 1.6e-07
490 3.2e-07
491 3.2e-07
492 4e-07
493 3.2e-07
494 2.4e-07
495 1.6e-07
496 5.6e-07
497 2.4e-07
498 7.2e-07
499 0
500 8e-08
501 5.6e-07
502 2.4e-07
503 3.2e-07
504 4e-07
505 3.2e-07
506 1.6e-07
507 4.8e-07
508 1.6e-07
509 3.2e-07
510 1.6e-07
511 3.2e-07
512 2.4e-07
513 2.4e-07
514 3.2e-07
515 3.2e-07
516 3.2e-07
517 2.4e-07
518 1.6e-07
519 2.4e-07
520 1.6e-07
521 3.2e-07
522 2.4e-07
523 4.8e-07
524 4.8e-07
525 4e-07
526 4e-07
527 8e-08
528 3.2e-07
529 1.6e-07
530 3.2e-07
531 1.6e-07
532 1.6e-07
533 8e-08
534 1.6e-07
535 4e-07
536 1.6e-07
537 4e-07
538 8e-08
539 4e-07
540 2.4e-07
541 2.4e-07
542 4e-07
543 8e-08
544 1.6e-07
545 2.4e-07
546 2.4e-07
547 2.4e-07
548 6.4e-07
549 5.6e-07
550 2.4e-07
551 2.4e-07
552 4e-07
553 2.4e-07
554 1.6e-07
555 4.8e-07
556 2.4e-07
557 1.6e-07
558 8e-08
559 1.6e-07
560 0
561 8e-08
562 3.2e-07
563 4.8e-07
564 5.6e-07
565 2.4e-07
566 4e-07
567 2.4e-07
568 8e-08
569 2.4e-07
570 2.4e-07
571 2.4e-07
572 4e-07
573 8e-07
574 2.4e-07
575 1.6e-07
576 4.8e-07
577 2.4e-07
578 3.2e-07
579 4.8e-07
580 4.8e-07
581 1.6e-07
582 4.8e-07
583 4e-07
584 2.4e-07
585 4.8e-07
586 2.4e-07
587 4.8e-07
588 1.6e-07
589 2.4e-07
590 3.12387e-07
591 0
592 8e-08
593 2.4e-07
594 8e-08
595 2.4e-07
596 2.4e-07
597 4.8e-07
598 2.4e-07
599 1.6e-07
600 5.6e-07
601 4e-07
602 2.4e-07
603 4e-07
604 0
605 1.6e-07
606 4.8e-07
607 1.6e-07
608 3.2e-07
609 4.8e-07
610 8e-08
611 4e-07
612 4.8e-07
613 1.6e-07
614 8e-08
615 8e-08
616 4e-07
617 8e-08
618 2.4e-07
619 4e-07
620 4.8e-07
621 5.6e-07
622 1.6e-07
623 3.2e-07
624 4e-07
625 6.4e-07
626 4.8e-07
627 4e-07
628 3.2e-07
629 3.2e-07
630 2.4e-07
631 4e-07
632 8e-08
633 8e-08
634 4e-07
635 1.6e-07
636 8e-08
637 4.8e-07
638 2.4e-07
639 5.6e-07
640 1.6e-07
641 2.4e-07
642 3.2e-07
643 8e-08
644 5.6e-07
645 1.6e-07
646 2.4e-07
647 4e-07
648 3.2e-07
649 1.6e-07
650 3.2e-07
651 2.32387e-07
652 4e-07
653 2.32387e-07
654 3.2e-07
655 4e-07
656 4e-07
657 1.6e-07
658 3.2e-07
659 2.4e-07
660 4e-07
661 4e-07
662 4e-07
663 4.8e-07
664 2.4e-07
665 4.8e-07
666 4e-07
667 3.2e-07
668 3.2e-07
669 4e-07
670 2.4e-07
671 2.4e-07
672 7.2e-07
673 5.6e-07
674 2.4e-07
675 5.6e-07
676 8e-08
677 5.6e-07
678 3.2e-07
679 4e-07
680 2.32387e-07
681 2.4e-07
682 8e-07
683 4.8e-07
684 4.8e-07
685 4.8e-07
686 3.2e-07
687 5.6e-07
688 6.4e-07
689 1.6e-07
690 1.6e-07
691 2.4e-07
692 2.4e-07
693 3.2e-07
694 2.4e-07
695 2.4e-07
696 4e-07
697 2.4e-07
698 2.4e-07
699 3.2e-07
700 2.4e-07
701 5.6e-07
702 3.2e-07
703 0
704 2.4e-07
705 4.8e-07
706 2.4e-07
707 5.6e-07
708 2.4e-07
709 1.6e-07
710 4.8e-07
711 4.8e-07
712 2.4e-07
713 4e-07
714 4.8e-07
715 2.4e-07
716 2.4e-07
717 4e-07
718 2.4e-07
719 3.2e-07
720 2.4e-07
721 1.6e-07
722 3.2e-07
723 2.4e-07
724 4.8e-07
725 2.4e-07
726 3.2e-07
727 2.32387e-07
728 3.2e-07
729 3.2e-07
730 5.6e-07
731 2.4e-07
732 2.4e-07
733 4e-07
734 2.4e-07
735 3.2e-07
736 4e-07
737 2.4e-07
738 5.6e-07
739 3.2e-07
740 4.8e-07
741 4.8e-07
742 3.2e-07
743 3.2e-07
744 3.2e-07
745 4e-07
746 2.4e-07
747 6.4e-07
748 2.4e-07
749 2.4e-07
750 8e-08
751 4e-07
752 3.2e-07
753 4.8e-07
754 9.6e-07
755 1.6e-07
756 8e-08
757 3.2e-07
758 6.4e-07
759 3.2e-07
760 3.2e-07
761 5.6e-07
762 4.8e-07
763 1.6e-07
764 2.4e-07
765 8e-08
766 2.4e-07
767 3.2e-07
768 4e-07
769 3.2e-07
770 2.4e-07
771 1.52387e-07
772 2.4e-07
773 4e-07
774 3.2e-07
775 2.4e-07
776 4.8e-07
777 4e-07
778 8e-08
779 3.2e-07
780 5.52387e-07
781 4e-07
782 0
783 3.2e-07
784 3.2e-07
785 8e-08
786 3.2e-07
787 1.6e-07
788 4e-07
789 1.6e-07
790 4.72387e-07
791 3.2e-07
792 3.2e-07
793 2.4e-07
794 5.6e-07
795 3.2e-07
796 4e-07
797 2.4e-07
798 1.6e-07
799 1.6e-07
800 3.12387e-07
801 2.4e-07
802 1.6e-07
803 2.4e-07
804 4.8e-07
805 8e-08
806 4.8e-07
807 2.4e-07
808 4.8e-07
809 4.8e-07
810 1.6e-07
811 2.4e-07
812 3.2e-07
813 2.4e-07
814 4.8e-07
815 1.52387e-07
816 2.4e-07
817 4.8e-07
818 2.32387e-07
819 2.4e-07
820 2.4e-07
821 4.72387e-07
822 4e-07
823 4.72387e-07
824 3.2e-07
825 1.6e-07
826 1.6e-07
827 5.6e-07
828 3.2e-07
829 3.2e-07
830 3.2e-07
831 2.4e-07
832 3.2e-07
833 2.4e-07
834 1.6e-07
835 3.2e-07
836 4.8e-07
837 8e-08
838 4.72387e-07
839 3.12387e-07
840 3.2e-07
841 2.4e-07
842 3.2e-07
843 2.4e-07
844 4e-07
845 1.6e-07
846 2.4e-07
847 3.2e-07
848 3.2e-07
849 8e-08
850 3.92387e-07
851 2.4e-07
852 3.12387e-07
853 8e-08
854 2.4e-07
855 0
856 2.4e-07
857 0
858 4e-07
859 2.4e-07
860 4.8e-07
861 2.4e-07
862 4e-07
863 2.4e-07
864 7.2e-07
865 3.2e-07
866 4e-07
867 3.2e-07
868 4.8e-07
869 2.4e-07
870 4.8e-07
871 1.6e-07
872 7.2e-07
873 3.2e-07
874 3.2e-07
875 5.6e-07
876 5.44774e-07
877 1.6e-07
878 3.2e-07
879 2.4e-07
880 7.2e-07
881 5.6e-07
882 3.2e-07
883 4.8e-07
884 4e-07
885 2.4e-07
886 3.2e-07
887 1.6e-07
888 3.2e-07
889 3.12387e-07
890 1.6e-07
891 5.6e-07
892 6.4e-07
893 4e-07
894 4e-07
895 2.4e-07
896 3.2e-07
897 2.4e-07
898 1.6e-07
899 7.2e-07
900 5.6e-07
901 4e-07
902 1.6e-07
903 2.4e-07
904 5.6e-07
905 6.4e-07
906 3.2e-07
907 2.4e-07
908 4e-07
909 4e-07
910 3.2e-07
911 4e-07
912 4e-07
913 2.32387e-07
914 2.4e-07
915 7.2387e-08
916 1.6e-07
917 8e-08
918 4.8e-07
919 0
920 3.92387e-07
921 1.6e-07
922 2.4e-07
923 4e-07
924 1.6e-07
925 1.52387e-07
926 2.4e-07
927 4.8e-07
928 3.2e-07
929 4e-07
930 4.8e-07
931 5.6e-07
932 1.6e-07
933 1.6e-07
934 3.2e-07
935 4.8e-07
936 2.4e-07
937 5.6e-07
938 4e-07
939 6.32387e-07
940 1.6e-07
941 3.2e-07
942 1.6e-07
943 3.2e-07
944 4.8e-07
945 4e-07
946 4e-07
947 4e-07
948 2.4e-07
949 3.2e-07
950 3.92387e-07
951 4e-07
952 1.6e-07
953 4e-07
954 1.6e-07
955 3.2e-07
956 2.4e-07
957 1.6e-07
958 3.2e-07
959 8e-08
960 2.4e-07
961 2.4e-07
962 4.8e-07
963 8e-07
964 3.12387e-07
965 4.8e-07
966 5.6e-07
967 3.2e-07
968 3.2e-07
969 2.4e-07
970 2.4e-07
971 8e-08
972 2.4e-07
973 1.6e-07
974 3.2e-07
975 3.12387e-07
976 3.12387e-07
977 1.6e-07
978 3.2e-07
979 2.4e-07
980 0
981 1.6e-07
982 4e-07
983 3.2e-07
984 4e-07
985 4e-07
986 2.4e-07
987 2.4e-07
988 5.6e-07
989 4e-07
990 4e-07
991 4e-07
992 5.52387e-07
993 3.2e-07
994 2.4e-07
995 2.4e-07
996 3.2e-07
997 4e-07
998 3.2e-07
999 0
