0 0
1 0
2 0
3 8e-07
4 0
5 0
6 0
7 0
8 0
9 0
10 8e-07
11 0
12 0
13 0
14 0
15 0
16 0
17 0
18 0
19 0
20 8e-07
21 8e-07
22 0
23 0
24 0
25 0
26 0
27 0
28 1.6e-06
29 0
30 0
31 0
32 0
33 8e-07
34 0
35 0
36 0
37 0
38 0
39 0
40 8e-07
41 1.6e-06
42 0
43 8e-07
44 0
45 8e-07
46 0
47 0
48 0
49 8e-07
50 0
51 0
52 0
53 0
54 8e-07
55 0
56 8e-07
57 0
58 8e-07
59 0
60 0
61 0
62 0
63 0
64 8e-07
65 0
66 1.6e-06
67 8e-07
68 0
69 8e-07
70 2.4e-06
71 0
72 0
73 0
74 8e-07
75 8e-07
76 0
77 0
78 8e-07
79 2.4e-06
80 0
81 8e-07
82 8e-07
83 8e-07
84 0
85 0
86 8e-07
87 2.4e-06
88 0
89 0
90 8e-07
91 8e-07
92 8e-07
93 0
94 8e-07
95 1.6e-06
96 0
97 8e-07
98 8e-07
99 0
100 1.6e-06
101 1.6e-06
102 0
103 8e-07
104 8e-07
105 0
106 1.6e-06
107 8e-07
108 0
109 0
110 8e-07
111 8e-07
112 3.2e-06
113 8e-07
114 0
115 0
116 8e-07
117 8e-07
118 8e-07
119 8e-07
120 8e-07
121 1.6e-06
122 8e-07
123 8e-07
124 0
125 8e-07
126 8e-07
127 0
128 1.6e-06
129 1.6e-06
130 1.6e-06
131 1.6e-06
132 2.4e-06
133 1.6e-06
134 1.6e-06
135 8e-07
136 1.6e-06
137 2.4e-06
138 8e-07
139 8e-07
140 0
141 8e-07
142 1.6e-06
143 2.4e-06
144 8e-07
145 2.4e-06
146 8e-07
147 0
148 8e-07
149 2.4e-06
150 2.4e-06
151 0
152 1.6e-06
153 2.4e-06
154 2.4e-06
155 8e-07
156 8e-07
157 2.4e-06
158 0
159 8e-07
160 8e-07
161 2.4e-06
162 8e-07
163 1.6e-06
164 2.4e-06
165 8e-07
166 1.6e-06
167 8e-07
168 1.6e-06
169 8e-07
170 8e-07
171 1.6e-06
172 8e-07
173 2.4e-06
174 8e-07
175 1.6e-06
176 8e-07
177 0
178 8e-07
179 8e-07
180 1.6e-06
181 1.6e-06
182 1.6e-06
183 1.6e-06
184 8e-07
185 1.6e-06
186 8e-07
187 8e-07
188 3.2e-06
189 0
190 1.6e-06
191 2.4e-06
192 8e-07
193 1.6e-06
194 2.4e-06
195 8e-07
196 8e-07
197 1.6e-06
198 1.6e-06
199 8e-07
200 1.8943e-06
201 2.4e-06
202 0
203 8e-07
204 1.6e-06
205 0
206 8e-07
207 0
208 3.2e-06
209 8e-07
210 3.2e-06
211 1.6e-06
212 0
213 1.6e-06
214 2.4e-06
215 8e-07
216 1.6e-06
217 0
218 2.4e-06
219 1.6e-06
220 1.6e-06
221 2.4e-06
222 1.6e-06
223 0
224 3.2e-06
225 2.4e-06
226 1.6e-06
227 2.94304e-07
228 1.6e-06
229 1.6e-06
230 1.6e-06
231 0
232 0
233 8e-07
234 8e-07
235 3.2e-06
236 2.4e-06
237 3.2e-06
238 1.6e-06
239 1.6e-06
240 4.8e-06
241 8e-07
242 0
243 2.4e-06
244 2.4e-06
245 1.6e-06
246 5.6e-06
247 4e-06
248 1.6e-06
249 3.2e-06
250 8e-07
251 8e-07
252 8e-07
253 1.6e-06
254 8e-07
255 8e-07
256 2.4e-06
257 1.6e-06
258 2.4e-06
259 4.8e-06
260 0
261 2.4e-06
262 1.6e-06
263 3.2e-06
264 8e-07
265 4e-06
266 2.4e-06
267 2.4e-06
268 2.4e-06
269 1.6e-06
270 8e-07
271 4e-06
272 2.4e-06
273 3.2e-06
274 8e-07
275 8e-07
276 2.4e-06
277 8e-07
278 8e-07
279 5.6e-06
280 2.4e-06
281 3.2e-06
282 3.2e-06
283 3.2e-06
284 1.6e-06
285 1.6e-06
286 3.2e-06
287 1.6e-06
288 2.4e-06
289 2.4e-06
290 4e-06
291 1.6e-06
292 4.8e-06
293 4e-06
294 1.8943e-06
295 1.6e-06
296 1.6e-06
297 8e-07
298 8e-07
299 4.8e-06
300 2.4e-06
301 3.2e-06
302 1.6e-06
303 8e-07
304 1.6e-06
305 8e-07
306 2.4e-06
307 8e-07
308 8e-07
309 4e-06
310 1.6e-06
311 1.6e-06
312 1.6e-06
313 2.4e-06
314 1.6e-06
315 2.4e-06
316 1.6e-06
317 3.2e-06
318 0
319 4e-06
320 1.6e-06
321 3.2e-06
322 2.4e-06
323 8e-07
324 5.6e-06
325 2.4e-06
326 0
327 8e-07
328 4e-06
329 5.6e-06
330 8e-07
331 8e-07
332 4.8e-06
333 0
334 4.8e-06
335 2.4e-06
336 8e-07
337 1.6e-06
338 8e-07
339 4.8e-06
340 1.6e-06
341 8e-07
342 8e-07
343 4e-06
344 1.6e-06
345 1.6e-06
346 2.4e-06
347 2.4e-06
348 1.6e-06
349 1.6e-06
350 1.6e-06
351 1.6e-06
352 4e-06
353 5.6e-06
354 1.6e-06
355 2.4e-06
356 2.4e-06
357 1.6e-06
358 4.8e-06
359 3.2e-06
360 1.6e-06
361 3.2e-06
362 1.6e-06
363 1.0943e-06
364 3.2e-06
365 2.4e-06
366 2.94304e-07
367 0
368 8e-07
369 3.2e-06
370 3.2e-06
371 2.4e-06
372 4e-06
373 4e-06
374 4e-06
375 2.4e-06
376 4e-06
377 4e-06
378 2.4e-06
379 2.4e-06
380 8e-07
381 4e-06
382 3.2e-06
383 8e-07
384 8e-07
385 2.4e-06
386 4.8e-06
387 5.6e-06
388 3.2e-06
389 1.0943e-06
390 4.8e-06
391 2.6943e-06
392 1.6e-06
393 3.2e-06
394 2.4e-06
395 8e-07
396 8e-07
397 2.4e-06
398 3.2e-06
399 4e-06
400 1.6e-06
401 2.4e-06
402 8e-07
403 1.6e-06
404 5.6e-06
405 3.2e-06
406 3.2e-06
407 3.2e-06
408 3.2e-06
409 2.4e-06
410 1.6e-06
411 3.2e-06
412 1.6e-06
413 3.2e-06
414 1.6e-06
415 8e-07
416 1.6e-06
417 8e-07
418 1.8943e-06
419 3.2e-06
420 4e-06
421 8e-07
422 1.6e-06
423 4.8e-06
424 4e-06
425 3.2e-06
426 0
427 2.4e-06
428 2.4e-06
429 3.2e-06
430 1.6e-06
431 8e-07
432 2.6943e-06
433 2.94304e-07
434 3.2e-06
435 7.2e-06
436 2.4e-06
437 2.4e-06
438 1.6e-06
439 1.6e-06
440 5.6e-06
441 3.2e-06
442 0
443 1.6e-06
444 3.2e-06
445 2.4e-06
446 5.6e-06
447 1.6e-06
448 8e-07
449 2.4e-06
450 2.4e-06
451 8e-07
452 2.4e-06
453 5.6e-06
454 3.2e-06
455 3.2e-06
456 3.2e-06
457 2.6943e-06
458 2.4e-06
459 2.4e-06
460 2.4e-06
461 1.6e-06
462 3.2e-06
463 1.6e-06
464 4e-06
465 2.4e-06
466 1.6e-06
467 0
468 4e-06
469 3.2e-06
470 2.4e-06
471 4e-06
472 1.6e-06
473 4e-06
474 4.2943e-06
475 5.6e-06
476 8e-07
477 3.2e-06
478 1.6e-06
479 1.0943e-06
480 4e-06
481 1.6e-06
482 1.0943e-06
483 8e-07
484 4e-06
485 4.8e-06
486 1.6e-06
487 4.8e-06
488 4.8e-06
489 1.6e-06
490 3.2e-06
491 3.2e-06
492 4e-06
493 3.2e-06
494 2.4e-06
495 1.6e-06
496 5.6e-06
497 2.4e-06
498 7.2e-06
499 0
500 8e-07
501 5.6e-06
502 2.4e-06
503 3.2e-06
504 4e-06
505 3.2e-06
506 1.6e-06
507 4.8e-06
508 1.6e-06
509 3.2e-06
510 1.6e-06
511 3.2e-06
512 2.4e-06
513 2.4e-06
514 3.2e-06
515 3.2e-06
516 3.2e-06
517 2.4e-06
518 1.6e-06
519 2.4e-06
520 1.6e-06
521 3.2e-06
522 2.4e-06
523 4.8e-06
524 4.8e-06
525 4e-06
526 4e-06
527 8e-07
528 3.2e-06
529 1.6e-06
530 3.2e-06
531 1.6e-06
532 1.6e-06
533 8e-07
534 1.6e-06
535 4e-06
536 1.6e-06
537 4e-06
538 8e-07
539 4e-06
540 2.4e-06
541 2.4e-06
542 4e-06
543 8e-07
544 1.6e-06
545 2.4e-06
546 2.4e-06
547 2.4e-06
548 6.4e-06
549 5.6e-06
550 2.4e-06
551 2.4e-06
552 4e-06
553 2.4e-06
554 1.6e-06
555 4.8e-06
556 2.4e-06
557 1.6e-06
558 8e-07
559 1.6e-06
560 0
561 8e-07
562 3.2e-06
563 4.8e-06
564 5.6e-06
565 2.4e-06
566 4e-06
567 2.4e-06
568 8e-07
569 2.4e-06
570 2.4e-06
571 2.4e-06
572 4e-06
573 8e-06
574 2.4e-06
575 1.6e-06
576 4.8e-06
577 2.4e-06
578 3.2e-06
579 4.8e-06
580 4.8e-06
581 1.6e-06
582 4.8e-06
583 4e-06
584 2.4e-06
585 4.8e-06
586 2.4e-06
587 4.8e-06
588 1.6e-06
589 2.4e-06
590 2.6943e-06
591 0
592 8e-07
593 2.4e-06
594 8e-07
595 2.4e-06
596 2.4e-06
597 4.8e-06
598 2.4e-06
599 1.6e-06
600 5.6e-06
601 4e-06
602 2.4e-06
603 4e-06
604 0
605 1.6e-06
606 4.8e-06
607 1.6e-06
608 3.2e-06
609 4.8e-06
610 8e-07
611 4e-06
612 4.8e-06
613 1.6e-06
614 8e-07
615 8e-07
616 4e-06
617 8e-07
618 2.4e-06
619 4e-06
620 4.8e-06
621 5.6e-06
622 1.6e-06
623 3.2e-06
624 4e-06
625 6.4e-06
626 4.8e-06
627 4e-06
628 3.2e-06
629 3.2e-06
630 2.4e-06
631 4e-06
632 8e-07
633 8e-07
634 4e-06
635 1.6e-06
636 8e-07
637 4.8e-06
638 2.4e-06
639 5.6e-06
640 1.6e-06
641 2.4e-06
642 3.2e-06
643 8e-07
644 5.6e-06
645 1.6e-06
646 2.4e-06
647 4e-06
648 3.2e-06
649 1.6e-06
650 3.2e-06
651 1.8943e-06
652 4e-06
653 1.8943e-06
654 3.2e-06
655 4e-06
656 4e-06
657 1.6e-06
658 3.2e-06
659 2.4e-06
660 4e-06
661 4e-06
662 4e-06
663 4.8e-06
664 2.4e-06
665 4.8e-06
666 4e-06
667 3.2e-06
668 3.2e-06
669 4e-06
670 2.4e-06
671 2.4e-06
672 7.2e-06
673 5.6e-06
674 2.4e-06
675 5.6e-06
676 8e-07
677 5.6e-06
678 3.2e-06
679 4e-06
680 1.8943e-06
681 2.4e-06
682 8e-06
683 4.8e-06
684 4.8e-06
685 4.8e-06
686 3.2e-06
687 5.6e-06
688 6.4e-06
689 1.6e-06
690 1.6e-06
691 2.4e-06
692 2.4e-06
693 3.2e-06
694 2.4e-06
695 2.4e-06
696 4e-06
697 2.4e-06
698 2.4e-06
699 3.2e-06
700 2.4e-06
701 5.6e-06
702 3.2e-06
703 0
704 2.4e-06
705 4.8e-06
706 2.4e-06
707 5.6e-06
708 2.4e-06
709 1.6e-06
710 4.8e-06
711 4.8e-06
712 2.4e-06
713 4e-06
714 4.8e-06
715 2.4e-06
716 2.4e-06
717 4e-06
718 2.4e-06
719 3.2e-06
720 2.4e-06
721 1.6e-06
722 3.2e-06
723 2.4e-06
724 4.8e-06
725 2.4e-06
726 3.2e-06
727 1.8943e-06
728 3.2e-06
729 3.2e-06
730 5.6e-06
731 2.4e-06
732 2.4e-06
733 4e-06
734 2.4e-06
735 3.2e-06
736 4e-06
737 2.4e-06
738 5.6e-06
739 3.2e-06
740 4.8e-06
741 4.8e-06
742 3.2e-06
743 3.2e-06
744 3.2e-06
745 4e-06
746 2.4e-06
747 6.4e-06
748 2.4e-06
749 2.4e-06
750 8e-07
751 4e-06
752 3.2e-06
753 4.8e-06
754 9.6e-06
755 1.6e-06
756 8e-07
757 3.2e-06
758 6.4e-06
759 3.2e-06
760 3.2e-06
761 5.6e-06
762 4.8e-06
763 1.6e-06
764 2.4e-06
765 8e-07
766 2.4e-06
767 3.2e-06
768 4e-06
769 3.2e-06
770 2.4e-06
771 1.0943e-06
772 2.4e-06
773 4e-06
774 3.2e-06
775 2.4e-06
776 4.8e-06
777 4e-06
778 8e-07
779 3.2e-06
780 5.0943e-06
781 4e-06
782 0
783 3.2e-06
784 3.2e-06
785 8e-07
786 3.2e-06
787 1.6e-06
788 4e-06
789 1.6e-06
790 4.2943e-06
791 3.2e-06
792 3.2e-06
793 2.4e-06
794 5.6e-06
795 3.2e-06
796 4e-06
797 2.4e-06
798 1.6e-06
799 1.6e-06
800 2.6943e-06
801 2.4e-06
802 1.6e-06
803 2.4e-06
804 4.8e-06
805 8e-07
806 4.8e-06
807 2.4e-06
808 4.8e-06
809 4.8e-06
810 1.6e-06
811 2.4e-06
812 3.2e-06
813 2.4e-06
814 4.8e-06
815 1.0943e-06
816 2.4e-06
817 4.8e-06
818 1.8943e-06
819 2.4e-06
820 2.4e-06
821 4.2943e-06
822 4e-06
823 4.2943e-06
824 3.2e-06
825 1.6e-06
826 1.6e-06
827 5.6e-06
828 3.2e-06
829 3.2e-06
830 3.2e-06
831 2.4e-06
832 3.2e-06
833 2.4e-06
834 1.6e-06
835 3.2e-06
836 4.8e-06
837 8e-07
838 4.2943e-06
839 2.6943e-06
840 3.2e-06
841 2.4e-06
842 3.2e-06
843 2.4e-06
844 4e-06
845 1.6e-06
846 2.4e-06
847 3.2e-06
848 3.2e-06
849 8e-07
850 3.4943e-06
851 2.4e-06
852 2.6943e-06
853 8e-07
854 2.4e-06
855 0
856 2.4e-06
857 0
858 4e-06
859 2.4e-06
860 4.8e-06
861 2.4e-06
862 4e-06
863 2.4e-06
864 7.2e-06
865 3.2e-06
866 4e-06
867 3.2e-06
868 4.8e-06
869 2.4e-06
870 4.8e-06
871 1.6e-06
872 7.2e-06
873 3.2e-06
874 3.2e-06
875 5.6e-06
876 4.58861e-06
877 1.6e-06
878 3.2e-06
879 2.4e-06
880 7.2e-06
881 5.6e-06
882 3.2e-06
883 4.8e-06
884 4e-06
885 2.4e-06
886 3.2e-06
887 1.6e-06
888 3.2e-06
889 2.6943e-06
890 1.6e-06
891 5.6e-06
892 6.4e-06
893 4e-06
894 4e-06
895 2.4e-06
896 3.2e-06
897 2.4e-06
898 1.6e-06
899 7.2e-06
900 5.6e-06
901 4e-06
902 1.6e-06
903 2.4e-06
904 5.6e-06
905 6.4e-06
906 3.2e-06
907 2.4e-06
908 4e-06
909 4e-06
910 3.2e-06
911 4e-06
912 4e-06
913 1.8943e-06
914 2.4e-06
915 2.94304e-07
916 1.6e-06
917 8e-07
918 4.8e-06
919 0
920 3.4943e-06
921 1.6e-06
922 2.4e-06
923 4e-06
924 1.6e-06
925 1.0943e-06
926 2.4e-06
927 4.8e-06
928 3.2e-06
929 4e-06
930 4.8e-06
931 5.6e-06
932 1.6e-06
933 1.6e-06
934 3.2e-06
935 4.8e-06
936 2.4e-06
937 5.6e-06
938 4e-06
939 5.8943e-06
940 1.6e-06
941 3.2e-06
942 1.6e-06
943 3.2e-06
944 4.8e-06
945 4e-06
946 4e-06
947 4e-06
948 2.4e-06
949 3.2e-06
950 3.4943e-06
951 4e-06
952 1.6e-06
953 4e-06
954 1.6e-06
955 3.2e-06
956 2.4e-06
957 1.6e-06
958 3.2e-06
959 8e-07
960 2.4e-06
961 2.4e-06
962 4.8e-06
963 8e-06
964 2.6943e-06
965 4.8e-06
966 5.6e-06
967 3.2e-06
968 3.2e-06
969 2.4e-06
970 2.4e-06
971 8e-07
972 2.4e-06
973 1.6e-06
974 3.2e-06
975 2.6943e-06
976 2.6943e-06
977 1.6e-06
978 3.2e-06
979 2.4e-06
980 0
981 1.6e-06
982 4e-06
983 3.2e-06
984 4e-06
985 4e-06
986 2.4e-06
987 2.4e-06
988 5.6e-06
989 4e-06
990 4e-06
991 4e-06
992 5.0943e-06
993 3.2e-06
994 2.4e-06
995 2.4e-06
996 3.2e-06
997 4e-06
998 3.2e-06
999 0
