0 0
1 1.312e-05
2 6.8e-06
3 4.88e-06
4 3.5992e-06
5 3.9196e-06
6 2.88e-06
7 2.8396e-06
8 2.56e-06
9 1.72e-06
10 2.04e-06
11 1.68e-06
12 1.24e-06
13 2.04e-06
14 1.5196e-06
15 1.64e-06
16 1.48e-06
17 8.4e-07
18 1.28e-06
19 1.12e-06
20 1.08e-06
21 9.6e-07
22 9.6e-07
23 9.19602e-07
24 5.6e-07
25 8.8e-07
26 1.12e-06
27 8.4e-07
28 5.2e-07
29 9.6e-07
30 9.59602e-07
31 1.12e-06
32 5.6e-07
33 6e-07
34 9.59602e-07
35 5.2e-07
36 7.2e-07
37 6.4e-07
38 7.2e-07
39 8e-07
40 9.6e-07
41 6.4e-07
42 8.8e-07
43 4.8e-07
44 5.6e-07
45 6e-07
46 5.99602e-07
47 5.19602e-07
48 5.2e-07
49 3.6e-07
50 4.39602e-07
51 4.4e-07
52 4.8e-07
53 6e-07
54 3.2e-07
55 5.2e-07
56 3.99602e-07
57 5.2e-07
58 3.2e-07
59 5.2e-07
60 4.8e-07
61 5.99602e-07
62 4.8e-07
63 6e-07
64 4e-07
65 3.2e-07
66 2.79602e-07
67 6e-07
68 2.4e-07
69 4.8e-07
70 3.6e-07
71 2.39208e-07
72 2e-07
73 4.39602e-07
74 2e-07
75 4e-07
76 4e-07
77 5.6e-07
78 5.2e-07
79 2.39602e-07
80 4.4e-07
81 5.2e-07
82 6.4e-07
83 3.2e-07
84 2.79602e-07
85 4.4e-07
86 4e-07
87 3.99602e-07
88 2.8e-07
89 4e-07
90 4.8e-07
91 2.8e-07
92 4.8e-07
93 2.8e-07
94 3.2e-07
95 4e-07
96 4e-07
97 5.6e-07
98 1.6e-07
99 2.8e-07
100 2e-07
101 2.8e-07
102 3.2e-07
103 3.6e-07
104 1.59602e-07
105 4.79204e-07
106 2.79602e-07
107 2.4e-07
108 1.6e-07
109 3.6e-07
110 2e-07
111 4.8e-07
112 2e-07
113 2.8e-07
114 1.6e-07
115 3.19602e-07
116 4e-07
117 2e-07
118 2.8e-07
119 2.8e-07
120 2e-07
121 3.2e-07
122 4e-07
123 8e-08
124 1.2e-07
125 2e-07
126 2.4e-07
127 3.2e-07
128 1.6e-07
129 2.8e-07
130 1.2e-07
131 5.2e-07
132 7.9602e-08
133 2e-07
134 2.8e-07
135 2e-07
136 2.8e-07
137 2.4e-07
138 5.2e-07
139 3.19602e-07
140 2e-07
141 2.4e-07
142 2.4e-07
143 3.2e-07
144 2.4e-07
145 2.4e-07
146 2.8e-07
147 2.4e-07
148 1.6e-07
149 4.4e-07
150 2.4e-07
151 2.8e-07
152 2.8e-07
153 3.2e-07
154 8e-08
155 1.2e-07
156 4e-08
157 3.2e-07
158 2e-07
159 1.2e-07
160 3.2e-07
161 2.8e-07
162 1.6e-07
163 1.2e-07
164 2e-07
165 1.6e-07
166 2.8e-07
167 2.4e-07
168 1.2e-07
169 2e-07
170 1.6e-07
171 2e-07
172 2.79602e-07
173 1.6e-07
174 2.79602e-07
175 2.79602e-07
176 4e-08
177 2.8e-07
178 1.6e-07
179 2.79602e-07
180 1.2e-07
181 2.4e-07
182 1.2e-07
183 4e-08
184 1.6e-07
185 8e-08
186 1.2e-07
187 8e-08
188 1.19602e-07
189 1.2e-07
190 2e-07
191 8e-08
192 3.2e-07
193 1.59602e-07
194 2e-07
195 2.4e-07
196 2.8e-07
197 8e-08
198 3.2e-07
199 7.9602e-08
200 2.4e-07
201 1.6e-07
202 2.4e-07
203 1.6e-07
204 1.2e-07
205 2e-07
206 2.4e-07
207 1.6e-07
208 2e-07
209 1.6e-07
210 2.8e-07
211 1.6e-07
212 2.79602e-07
213 2.79602e-07
214 1.19602e-07
215 1.6e-07
216 8e-08
217 8e-08
218 1.6e-07
219 8e-08
220 2e-07
221 8e-08
222 8e-08
223 8e-08
224 3.2e-07
225 1.2e-07
226 1.2e-07
227 1.59602e-07
228 2.8e-07
229 2e-07
230 1.6e-07
231 8e-08
232 1.2e-07
233 2e-07
234 2e-07
235 1.6e-07
236 2e-07
237 1.2e-07
238 1.2e-07
239 1.59602e-07
240 1.2e-07
241 3.2e-07
242 2e-07
243 1.6e-07
244 2.4e-07
245 2.8e-07
246 1.2e-07
247 1.2e-07
248 8e-08
249 1.2e-07
250 1.6e-07
251 1.19602e-07
252 1.6e-07
253 1.2e-07
254 8e-08
255 2.8e-07
256 1.6e-07
257 8e-08
258 1.6e-07
259 1.2e-07
260 4e-08
261 4e-08
262 8e-08
263 1.6e-07
264 0
265 3.19602e-07
266 1.6e-07
267 2e-07
268 2.4e-07
269 1.6e-07
270 4e-08
271 2.8e-07
272 8e-08
273 1.6e-07
274 1.6e-07
275 1.2e-07
276 1.6e-07
277 2.4e-07
278 1.6e-07
279 0
280 1.2e-07
281 8e-08
282 8e-08
283 1.6e-07
284 2e-07
285 8e-08
286 8e-08
287 8e-08
288 1.6e-07
289 1.2e-07
290 8e-08
291 8e-08
292 1.6e-07
293 1.6e-07
294 2.4e-07
295 8e-08
296 1.2e-07
297 4e-08
298 2e-07
299 2e-07
300 2e-07
301 1.2e-07
302 2.4e-07
303 2e-07
304 8e-08
305 1.2e-07
306 0
307 1.2e-07
308 2.4e-07
309 8e-08
310 8e-08
311 4e-08
312 1.6e-07
313 1.2e-07
314 8e-08
315 1.6e-07
316 1.2e-07
317 1.2e-07
318 2e-07
319 1.6e-07
320 1.2e-07
321 4e-08
322 1.6e-07
323 0
324 4e-08
325 8e-08
326 2.8e-07
327 1.6e-07
328 1.6e-07
329 1.6e-07
330 1.6e-07
331 1.2e-07
332 8e-08
333 2e-07
334 1.6e-07
335 8e-08
336 1.2e-07
337 8e-08
338 1.6e-07
339 8e-08
340 7.9602e-08
341 4e-08
342 1.2e-07
343 4e-08
344 1.59602e-07
345 8e-08
346 1.2e-07
347 1.19602e-07
348 4e-08
349 1.2e-07
350 1.6e-07
351 8e-08
352 4e-08
353 4e-08
354 8e-08
355 0
356 1.99602e-07
357 4e-08
358 1.2e-07
359 1.2e-07
360 2.4e-07
361 2.4e-07
362 7.9602e-08
363 1.6e-07
364 1.6e-07
365 1.99204e-07
366 1.6e-07
367 4e-08
368 2e-07
369 8e-08
370 8e-08
371 1.2e-07
372 1.6e-07
373 4e-08
374 1.2e-07
375 1.2e-07
376 8e-08
377 8e-08
378 1.2e-07
379 1.6e-07
380 2e-07
381 8e-08
382 1.2e-07
383 2.39602e-07
384 2e-07
385 1.2e-07
386 2.4e-07
387 1.6e-07
388 4e-08
389 0
390 1.2e-07
391 1.2e-07
392 0
393 4e-08
394 4e-08
395 0
396 0
397 8e-08
398 0
399 4e-08
400 1.2e-07
401 1.2e-07
402 2.4e-07
403 8e-08
404 4e-08
405 1.2e-07
406 0
407 7.9602e-08
408 1.6e-07
409 1.2e-07
410 1.6e-07
411 4e-08
412 8e-08
413 1.2e-07
414 8e-08
415 8e-08
416 8e-08
417 1.2e-07
418 4e-08
419 4e-08
420 4e-08
421 4e-08
422 4e-08
423 1.2e-07
424 2.8e-07
425 1.2e-07
426 1.2e-07
427 4e-08
428 1.6e-07
429 1.6e-07
430 8e-08
431 4e-08
432 1.2e-07
433 1.6e-07
434 1.6e-07
435 4e-08
436 2.4e-07
437 7.9602e-08
438 8e-08
439 4e-08
440 0
441 4e-08
442 1.2e-07
443 0
444 1.99602e-07
445 1.2e-07
446 1.6e-07
447 0
448 1.6e-07
449 1.2e-07
450 8e-08
451 8e-08
452 4e-08
453 8e-08
454 8e-08
455 1.2e-07
456 1.2e-07
457 8e-08
458 1.2e-07
459 8e-08
460 2.4e-07
461 1.2e-07
462 2e-07
463 1.6e-07
464 2.39204e-07
465 4e-08
466 1.59602e-07
467 1.2e-07
468 8e-08
469 0
470 4e-08
471 1.2e-07
472 4e-08
473 8e-08
474 1.2e-07
475 4e-08
476 4e-08
477 2.4e-07
478 1.6e-07
479 0
480 8e-08
481 4e-08
482 8e-08
483 7.9602e-08
484 8e-08
485 4e-08
486 4e-08
487 8e-08
488 2e-07
489 4e-08
490 1.2e-07
491 7.9602e-08
492 8e-08
493 4e-08
494 0
495 8e-08
496 4e-08
497 4e-08
498 3.9602e-08
499 4e-08
500 1.2e-07
501 4e-08
502 1.2e-07
503 1.2e-07
504 8e-08
505 4e-08
506 8e-08
507 8e-08
508 1.2e-07
509 8e-08
510 1.2e-07
511 1.2e-07
512 1.59602e-07
513 8e-08
514 8e-08
515 1.2e-07
516 0
517 7.9602e-08
518 8e-08
519 1.6e-07
520 0
521 4e-08
522 0
523 1.2e-07
524 8e-08
525 1.6e-07
526 2e-07
527 4e-08
528 1.6e-07
529 1.6e-07
530 7.9602e-08
531 4e-08
532 8e-08
533 4e-08
534 0
535 1.2e-07
536 0
537 8e-08
538 1.2e-07
539 1.6e-07
540 1.6e-07
541 3.9602e-08
542 1.2e-07
543 1.2e-07
544 4e-08
545 1.2e-07
546 4e-08
547 1.6e-07
548 4e-08
549 8e-08
550 8e-08
551 4e-08
552 1.6e-07
553 8e-08
554 1.2e-07
555 0
556 1.2e-07
557 0
558 4e-08
559 0
560 1.2e-07
561 1.2e-07
562 8e-08
563 4e-08
564 8e-08
565 1.2e-07
566 4e-08
567 1.2e-07
568 4e-08
569 4e-08
570 1.2e-07
571 0
572 2e-07
573 3.9602e-08
574 4e-08
575 8e-08
576 0
577 0
578 4e-08
579 8e-08
580 8e-08
581 8e-08
582 0
583 4e-08
584 8e-08
585 1.2e-07
586 1.99602e-07
587 8e-08
588 1.2e-07
589 4e-08
590 0
591 1.6e-07
592 1.2e-07
593 8e-08
594 1.2e-07
595 0
596 4e-08
597 8e-08
598 8e-08
599 4e-08
600 8e-08
601 4e-08
602 4e-08
603 1.6e-07
604 8e-08
605 4e-08
606 8e-08
607 0
608 4e-08
609 4e-08
610 2.4e-07
611 4e-08
612 4e-08
613 0
614 1.19602e-07
615 4e-08
616 4e-08
617 8e-08
618 4e-08
619 8e-08
620 1.2e-07
621 4e-08
622 0
623 4e-08
624 4e-08
625 8e-08
626 1.6e-07
627 1.6e-07
628 4e-08
629 2.8e-07
630 1.19602e-07
631 0
632 0
633 4e-08
634 0
635 1.2e-07
636 0
637 4e-08
638 1.6e-07
639 2e-07
640 1.2e-07
641 8e-08
642 0
643 0
644 8e-08
645 1.2e-07
646 4e-08
647 1.2e-07
648 4e-08
649 4e-08
650 8e-08
651 4e-08
652 4e-08
653 8e-08
654 0
655 1.2e-07
656 4e-08
657 1.99602e-07
658 4e-08
659 4e-08
660 4e-08
661 0
662 0
663 4e-08
664 4e-08
665 4e-08
666 8e-08
667 4e-08
668 4e-08
669 4e-08
670 8e-08
671 0
672 0
673 4e-08
674 4e-08
675 1.6e-07
676 4e-08
677 0
678 8e-08
679 8e-08
680 4e-08
681 8e-08
682 4e-08
683 8e-08
684 0
685 8e-08
686 8e-08
687 4e-08
688 1.2e-07
689 0
690 1.2e-07
691 4e-08
692 8e-08
693 4e-08
694 4e-08
695 4e-08
696 4e-08
697 0
698 4e-08
699 1.2e-07
700 1.6e-07
701 0
702 0
703 8e-08
704 4e-08
705 1.2e-07
706 1.59602e-07
707 8e-08
708 4e-08
709 4e-08
710 4e-08
711 0
712 4e-08
713 4e-08
714 8e-08
715 4e-08
716 4e-08
717 4e-08
718 0
719 4e-08
720 2.4e-07
721 4e-08
722 4e-08
723 8e-08
724 8e-08
725 1.2e-07
726 8e-08
727 1.2e-07
728 0
729 4e-08
730 0
731 0
732 8e-08
733 0
734 0
735 4e-08
736 4e-08
737 4e-08
738 4e-08
739 8e-08
740 4e-08
741 0
742 8e-08
743 0
744 0
745 8e-08
746 8e-08
747 0
748 4e-08
749 8e-08
750 1.2e-07
751 8e-08
752 0
753 0
754 8e-08
755 0
756 0
757 0
758 8e-08
759 8e-08
760 4e-08
761 4e-08
762 0
763 8e-08
764 0
765 1.2e-07
766 4e-08
767 1.6e-07
768 4e-08
769 4e-08
770 1.2e-07
771 8e-08
772 1.2e-07
773 2e-07
774 8e-08
775 4e-08
776 4e-08
777 0
778 4e-08
779 0
780 0
781 0
782 4e-08
783 1.2e-07
784 0
785 4e-08
786 0
787 4e-08
788 8e-08
789 8e-08
790 1.19602e-07
791 4e-08
792 4e-08
793 0
794 1.6e-07
795 8e-08
796 4e-08
797 2e-07
798 4e-08
799 4e-08
800 0
801 4e-08
802 8e-08
803 8e-08
804 0
805 4e-08
806 4e-08
807 8e-08
808 0
809 7.9602e-08
810 0
811 8e-08
812 8e-08
813 2e-07
814 8e-08
815 4e-08
816 1.6e-07
817 4e-08
818 0
819 8e-08
820 4e-08
821 8e-08
822 8e-08
823 0
824 4e-08
825 8e-08
826 8e-08
827 4e-08
828 8e-08
829 0
830 0
831 4e-08
832 0
833 8e-08
834 8e-08
835 0
836 4e-08
837 3.9602e-08
838 0
839 4e-08
840 4e-08
841 1.2e-07
842 8e-08
843 0
844 0
845 1.6e-07
846 8e-08
847 4e-08
848 8e-08
849 4e-08
850 4e-08
851 4e-08
852 4e-08
853 0
854 0
855 0
856 0
857 4e-08
858 8e-08
859 8e-08
860 4e-08
861 8e-08
862 4e-08
863 4e-08
864 0
865 4e-08
866 1.59602e-07
867 8e-08
868 8e-08
869 1.2e-07
870 4e-08
871 4e-08
872 4e-08
873 0
874 4e-08
875 8e-08
876 4e-08
877 8e-08
878 4e-08
879 4e-08
880 8e-08
881 4e-08
882 8e-08
883 0
884 1.6e-07
885 4e-08
886 8e-08
887 0
888 7.9602e-08
889 1.2e-07
890 1.59602e-07
891 4e-08
892 1.6e-07
893 1.2e-07
894 1.2e-07
895 0
896 0
897 4e-08
898 8e-08
899 8e-08
900 4e-08
901 8e-08
902 0
903 4e-08
904 1.6e-07
905 1.6e-07
906 4e-08
907 4e-08
908 8e-08
909 4e-08
910 4e-08
911 4e-08
912 8e-08
913 1.2e-07
914 4e-08
915 4e-08
916 3.9602e-08
917 0
918 1.2e-07
919 4e-08
920 4e-08
921 8e-08
922 3.9602e-08
923 4e-08
924 3.92079e-08
925 1.2e-07
926 4e-08
927 8e-08
928 8e-08
929 8e-08
930 0
931 2e-07
932 1.2e-07
933 4e-08
934 4e-08
935 0
936 4e-08
937 8e-08
938 0
939 4e-08
940 0
941 4e-08
942 4e-08
943 4e-08
944 0
945 0
946 1.2e-07
947 0
948 8e-08
949 0
950 7.9602e-08
951 0
952 8e-08
953 1.6e-07
954 4e-08
955 4e-08
956 4e-08
957 0
958 8e-08
959 0
960 0
961 8e-08
962 3.9602e-08
963 0
964 0
965 0
966 4e-08
967 4e-08
968 4e-08
969 4e-08
970 4e-08
971 4e-08
972 0
973 4e-08
974 4e-08
975 4e-08
976 4e-08
977 0
978 0
979 4e-08
980 4e-08
981 4e-08
982 4e-08
983 8e-08
984 4e-08
985 8e-08
986 4e-08
987 1.2e-07
988 4e-08
989 0
990 4e-08
991 4e-08
992 4e-08
993 4e-08
994 0
995 0
996 8e-08
997 0
998 8e-08
999 0
