0 0
1 3.56e-06
2 4.2796e-06
3 4.1596e-06
4 2.92e-06
5 3.24e-06
6 2.8e-06
7 2.52e-06
8 2.52e-06
9 2.08e-06
10 2.12e-06
11 1.76e-06
12 1.4396e-06
13 1.4396e-06
14 1.2796e-06
15 1.04e-06
16 1.36e-06
17 1.12e-06
18 1.1196e-06
19 9.6e-07
20 1.04e-06
21 9.6e-07
22 8.79602e-07
23 6.79602e-07
24 8.8e-07
25 6.4e-07
26 9.6e-07
27 8.4e-07
28 9.6e-07
29 1e-06
30 7.2e-07
31 6.4e-07
32 7.2e-07
33 7.2e-07
34 8.8e-07
35 4.8e-07
36 5.6e-07
37 5.6e-07
38 5.2e-07
39 5.6e-07
40 1.2e-07
41 6.79602e-07
42 4.4e-07
43 5.2e-07
44 4.8e-07
45 5.6e-07
46 5.6e-07
47 4.8e-07
48 4.8e-07
49 6e-07
50 7.2e-07
51 4.79602e-07
52 5.99602e-07
53 2.4e-07
54 4.8e-07
55 3.2e-07
56 5.6e-07
57 4.4e-07
58 6e-07
59 5.19602e-07
60 6e-07
61 2.8e-07
62 4.8e-07
63 1.6e-07
64 4.8e-07
65 4e-07
66 3.6e-07
67 3.6e-07
68 3.6e-07
69 8.4e-07
70 5.2e-07
71 2e-07
72 4.8e-07
73 3.6e-07
74 5.2e-07
75 4e-07
76 5.2e-07
77 3.6e-07
78 2.8e-07
79 4e-07
80 3.6e-07
81 2.4e-07
82 2e-07
83 4e-07
84 5.2e-07
85 1.2e-07
86 4e-07
87 5.2e-07
88 3.6e-07
89 2.8e-07
90 2e-07
91 1.6e-07
92 2.8e-07
93 1.2e-07
94 2.8e-07
95 1.6e-07
96 1.2e-07
97 4e-07
98 1.6e-07
99 3.2e-07
100 1.6e-07
101 3.6e-07
102 4.8e-07
103 4e-07
104 2.4e-07
105 1.2e-07
106 2e-07
107 1.2e-07
108 3.2e-07
109 2.4e-07
110 2e-07
111 2.8e-07
112 5.59602e-07
113 2.4e-07
114 2.4e-07
115 2.8e-07
116 1.6e-07
117 8e-08
118 4e-07
119 3.2e-07
120 2.4e-07
121 1.99602e-07
122 2.8e-07
123 2.4e-07
124 2e-07
125 2e-07
126 1.6e-07
127 1.6e-07
128 2.4e-07
129 4.8e-07
130 2.8e-07
131 1.6e-07
132 2e-07
133 1.2e-07
134 3.2e-07
135 1.2e-07
136 2.8e-07
137 2.39602e-07
138 1.6e-07
139 2e-07
140 2.8e-07
141 2e-07
142 2.8e-07
143 3.19602e-07
144 2.4e-07
145 3.19602e-07
146 1.2e-07
147 2.8e-07
148 1.6e-07
149 1.6e-07
150 1.6e-07
151 1.2e-07
152 8e-08
153 4e-08
154 2e-07
155 2e-07
156 1.6e-07
157 1.2e-07
158 2.8e-07
159 2.8e-07
160 1.2e-07
161 2.4e-07
162 2e-07
163 2.8e-07
164 8e-08
165 1.6e-07
166 1.2e-07
167 1.59602e-07
168 1.2e-07
169 0
170 2.4e-07
171 2.4e-07
172 1.99602e-07
173 1.2e-07
174 3.6e-07
175 8e-08
176 1.2e-07
177 3.2e-07
178 2e-07
179 8e-08
180 2e-07
181 2e-07
182 2e-07
183 2.4e-07
184 3.2e-07
185 8e-08
186 2e-07
187 4e-08
188 1.6e-07
189 1.2e-07
190 2e-07
191 2e-07
192 8e-08
193 1.6e-07
194 1.2e-07
195 3.6e-07
196 1.6e-07
197 1.2e-07
198 8e-08
199 1.6e-07
200 1.2e-07
201 1.6e-07
202 1.2e-07
203 2e-07
204 1.6e-07
205 2e-07
206 2e-07
207 2.39602e-07
208 4e-08
209 1.99602e-07
210 3.2e-07
211 1.6e-07
212 8e-08
213 2e-07
214 1.6e-07
215 1.6e-07
216 1.6e-07
217 1.2e-07
218 8e-08
219 1.6e-07
220 8e-08
221 8e-08
222 3.2e-07
223 2.4e-07
224 1.6e-07
225 1.6e-07
226 1.2e-07
227 8e-08
228 1.2e-07
229 8e-08
230 8e-08
231 2.8e-07
232 1.2e-07
233 2e-07
234 1.6e-07
235 1.2e-07
236 1.2e-07
237 4e-08
238 4e-08
239 2e-07
240 2.8e-07
241 2.8e-07
242 2e-07
243 2e-07
244 2e-07
245 8e-08
246 8e-08
247 4e-08
248 1.2e-07
249 1.99602e-07
250 2.4e-07
251 8e-08
252 1.6e-07
253 4e-08
254 8e-08
255 8e-08
256 1.19602e-07
257 4e-08
258 4e-08
259 2.4e-07
260 8e-08
261 1.2e-07
262 2e-07
263 8e-08
264 1.6e-07
265 1.6e-07
266 1.2e-07
267 1.6e-07
268 8e-08
269 8e-08
270 2e-07
271 1.6e-07
272 1.99602e-07
273 0
274 1.6e-07
275 8e-08
276 8e-08
277 1.2e-07
278 1.6e-07
279 4e-08
280 8e-08
281 1.6e-07
282 1.2e-07
283 4e-08
284 4e-08
285 8e-08
286 4e-08
287 8e-08
288 1.6e-07
289 2e-07
290 1.2e-07
291 1.6e-07
292 1.99602e-07
293 4e-08
294 3.19602e-07
295 2.4e-07
296 1.2e-07
297 2.79602e-07
298 1.2e-07
299 2.4e-07
300 4e-08
301 1.6e-07
302 8e-08
303 1.6e-07
304 1.6e-07
305 4e-08
306 8e-08
307 1.6e-07
308 1.2e-07
309 7.9602e-08
310 4e-08
311 1.2e-07
312 1.6e-07
313 1.2e-07
314 4e-08
315 8e-08
316 1.6e-07
317 2.4e-07
318 8e-08
319 1.2e-07
320 4e-08
321 1.2e-07
322 8e-08
323 8e-08
324 4e-08
325 8e-08
326 1.2e-07
327 1.2e-07
328 1.2e-07
329 1.2e-07
330 8e-08
331 7.9602e-08
332 8e-08
333 8e-08
334 1.6e-07
335 1.6e-07
336 1.2e-07
337 8e-08
338 2.4e-07
339 8e-08
340 1.19602e-07
341 1.6e-07
342 1.2e-07
343 4e-08
344 0
345 0
346 1.2e-07
347 1.2e-07
348 2e-07
349 4e-08
350 4e-08
351 8e-08
352 4e-08
353 1.2e-07
354 2e-07
355 8e-08
356 4e-08
357 8e-08
358 4e-08
359 1.2e-07
360 1.2e-07
361 4e-08
362 2.4e-07
363 1.2e-07
364 7.9602e-08
365 1.19602e-07
366 2.4e-07
367 1.2e-07
368 4e-08
369 4e-08
370 4e-08
371 0
372 8e-08
373 0
374 8e-08
375 0
376 2e-07
377 1.6e-07
378 0
379 1.2e-07
380 1.6e-07
381 8e-08
382 2.8e-07
383 1.99602e-07
384 2.4e-07
385 4e-08
386 2e-07
387 0
388 1.2e-07
389 4e-08
390 1.6e-07
391 1.6e-07
392 1.2e-07
393 1.2e-07
394 8e-08
395 0
396 4e-08
397 1.2e-07
398 8e-08
399 4e-08
400 4e-08
401 4e-08
402 4e-08
403 1.2e-07
404 3.9602e-08
405 1.2e-07
406 8e-08
407 4e-08
408 1.2e-07
409 8e-08
410 8e-08
411 0
412 1.2e-07
413 1.2e-07
414 0
415 8e-08
416 8e-08
417 1.6e-07
418 4e-08
419 4e-08
420 1.2e-07
421 8e-08
422 2.8e-07
423 8e-08
424 0
425 8e-08
426 8e-08
427 4e-08
428 4e-08
429 4e-08
430 1.6e-07
431 1.2e-07
432 1.2e-07
433 8e-08
434 8e-08
435 1.2e-07
436 4e-08
437 8e-08
438 1.2e-07
439 1.6e-07
440 4e-08
441 1.59602e-07
442 1.2e-07
443 0
444 8e-08
445 0
446 1.2e-07
447 0
448 1.2e-07
449 1.2e-07
450 8e-08
451 1.2e-07
452 2e-07
453 8e-08
454 1.2e-07
455 0
456 2.39602e-07
457 2e-07
458 8e-08
459 0
460 2.4e-07
461 4e-08
462 1.2e-07
463 1.6e-07
464 8e-08
465 4e-08
466 1.2e-07
467 4e-08
468 1.2e-07
469 8e-08
470 4e-08
471 1.6e-07
472 1.6e-07
473 8e-08
474 8e-08
475 1.2e-07
476 1.6e-07
477 1.6e-07
478 8e-08
479 0
480 0
481 4e-08
482 1.2e-07
483 2.4e-07
484 8e-08
485 1.6e-07
486 4e-08
487 1.19602e-07
488 4e-08
489 4e-08
490 1.2e-07
491 8e-08
492 1.6e-07
493 1.6e-07
494 1.6e-07
495 1.2e-07
496 4e-08
497 0
498 1.2e-07
499 1.2e-07
500 4e-08
501 4e-08
502 1.6e-07
503 0
504 4e-08
505 8e-08
506 1.19602e-07
507 4e-08
508 2e-07
509 8e-08
510 1.99602e-07
511 7.9602e-08
512 4e-08
513 0
514 0
515 1.6e-07
516 4e-08
517 8e-08
518 1.6e-07
519 0
520 4e-08
521 8e-08
522 8e-08
523 1.2e-07
524 0
525 8e-08
526 4e-08
527 8e-08
528 8e-08
529 1.2e-07
530 8e-08
531 1.2e-07
532 1.6e-07
533 4e-08
534 8e-08
535 8e-08
536 1.19602e-07
537 1.2e-07
538 7.9602e-08
539 4e-08
540 1.2e-07
541 1.59602e-07
542 8e-08
543 4e-08
544 1.2e-07
545 4e-08
546 8e-08
547 1.6e-07
548 4e-08
549 8e-08
550 8e-08
551 1.2e-07
552 1.6e-07
553 4e-08
554 1.6e-07
555 1.6e-07
556 4e-08
557 1.2e-07
558 1.2e-07
559 1.2e-07
560 1.2e-07
561 8e-08
562 8e-08
563 4e-08
564 4e-08
565 8e-08
566 1.2e-07
567 7.9602e-08
568 1.6e-07
569 1.2e-07
570 2e-07
571 0
572 4e-08
573 4e-08
574 1.2e-07
575 2e-07
576 8e-08
577 4e-08
578 4e-08
579 1.2e-07
580 4e-08
581 1.19602e-07
582 0
583 1.6e-07
584 8e-08
585 0
586 0
587 8e-08
588 4e-08
589 1.2e-07
590 4e-08
591 7.9602e-08
592 4e-08
593 0
594 7.9602e-08
595 0
596 4e-08
597 1.2e-07
598 1.99602e-07
599 4e-08
600 1.2e-07
601 8e-08
602 0
603 1.2e-07
604 1.2e-07
605 8e-08
606 1.6e-07
607 8e-08
608 4e-08
609 4e-08
610 4e-08
611 8e-08
612 1.6e-07
613 8e-08
614 4e-08
615 8e-08
616 8e-08
617 8e-08
618 0
619 0
620 1.2e-07
621 8e-08
622 8e-08
623 1.2e-07
624 1.6e-07
625 0
626 4e-08
627 4e-08
628 8e-08
629 8e-08
630 8e-08
631 1.2e-07
632 4e-08
633 0
634 8e-08
635 1.6e-07
636 0
637 1.6e-07
638 8e-08
639 1.99602e-07
640 8e-08
641 1.2e-07
642 4e-08
643 8e-08
644 8e-08
645 0
646 8e-08
647 4e-08
648 4e-08
649 0
650 4e-08
651 1.2e-07
652 8e-08
653 4e-08
654 8e-08
655 0
656 1.2e-07
657 0
658 4e-08
659 8e-08
660 8e-08
661 4e-08
662 4e-08
663 2.4e-07
664 1.6e-07
665 4e-08
666 4e-08
667 1.2e-07
668 0
669 8e-08
670 8e-08
671 4e-08
672 4e-08
673 0
674 0
675 4e-08
676 4e-08
677 1.2e-07
678 8e-08
679 4e-08
680 0
681 0
682 4e-08
683 4e-08
684 0
685 0
686 4e-08
687 4e-08
688 8e-08
689 4e-08
690 0
691 8e-08
692 8e-08
693 1.2e-07
694 0
695 4e-08
696 1.2e-07
697 4e-08
698 1.2e-07
699 4e-08
700 8e-08
701 8e-08
702 4e-08
703 8e-08
704 0
705 4e-08
706 8e-08
707 8e-08
708 0
709 4e-08
710 8e-08
711 1.2e-07
712 4e-08
713 4e-08
714 1.2e-07
715 8e-08
716 1.2e-07
717 1.2e-07
718 1.2e-07
719 1.2e-07
720 4e-08
721 4e-08
722 0
723 1.6e-07
724 4e-08
725 1.6e-07
726 1.2e-07
727 4e-08
728 1.2e-07
729 4e-08
730 8e-08
731 8e-08
732 4e-08
733 8e-08
734 7.9602e-08
735 4e-08
736 1.6e-07
737 0
738 0
739 0
740 0
741 4e-08
742 4e-08
743 4e-08
744 0
745 0
746 8e-08
747 8e-08
748 0
749 8e-08
750 4e-08
751 4e-08
752 4e-08
753 0
754 4e-08
755 8e-08
756 1.19602e-07
757 4e-08
758 4e-08
759 1.2e-07
760 0
761 0
762 4e-08
763 8e-08
764 0
765 8e-08
766 1.99602e-07
767 4e-08
768 8e-08
769 8e-08
770 8e-08
771 0
772 4e-08
773 0
774 4e-08
775 8e-08
776 0
777 4e-08
778 1.19602e-07
779 4e-08
780 0
781 8e-08
782 0
783 0
784 4e-08
785 0
786 8e-08
787 0
788 1.2e-07
789 0
790 8e-08
791 4e-08
792 3.9602e-08
793 1.2e-07
794 0
795 1.2e-07
796 8e-08
797 8e-08
798 0
799 4e-08
800 4e-08
801 1.2e-07
802 0
803 8e-08
804 1.6e-07
805 4e-08
806 4e-08
807 4e-08
808 4e-08
809 1.2e-07
810 1.2e-07
811 4e-08
812 8e-08
813 4e-08
814 0
815 0
816 1.2e-07
817 4e-08
818 0
819 0
820 0
821 4e-08
822 0
823 4e-08
824 0
825 8e-08
826 0
827 8e-08
828 4e-08
829 1.2e-07
830 8e-08
831 8e-08
832 7.9602e-08
833 4e-08
834 8e-08
835 1.2e-07
836 1.6e-07
837 8e-08
838 7.9602e-08
839 0
840 4e-08
841 0
842 4e-08
843 0
844 0
845 1.6e-07
846 8e-08
847 0
848 4e-08
849 0
850 4e-08
851 4e-08
852 0
853 8e-08
854 7.9602e-08
855 1.2e-07
856 4e-08
857 1.2e-07
858 8e-08
859 8e-08
860 1.19602e-07
861 0
862 4e-08
863 4e-08
864 1.2e-07
865 1.2e-07
866 0
867 1.2e-07
868 4e-08
869 0
870 4e-08
871 7.9602e-08
872 8e-08
873 0
874 8e-08
875 4e-08
876 4e-08
877 1.2e-07
878 0
879 4e-08
880 4e-08
881 0
882 4e-08
883 8e-08
884 4e-08
885 8e-08
886 4e-08
887 4e-08
888 0
889 4e-08
890 8e-08
891 4e-08
892 4e-08
893 8e-08
894 4e-08
895 4e-08
896 1.59602e-07
897 4e-08
898 1.2e-07
899 0
900 4e-08
901 8e-08
902 4e-08
903 0
904 8e-08
905 8e-08
906 0
907 4e-08
908 0
909 4e-08
910 0
911 4e-08
912 4e-08
913 0
914 0
915 4e-08
916 1.6e-07
917 8e-08
918 4e-08
919 4e-08
920 0
921 4e-08
922 4e-08
923 4e-08
924 1.2e-07
925 1.6e-07
926 8e-08
927 0
928 0
929 1.2e-07
930 0
931 1.2e-07
932 4e-08
933 1.2e-07
934 0
935 4e-08
936 8e-08
937 0
938 4e-08
939 3.9602e-08
940 1.2e-07
941 0
942 4e-08
943 0
944 4e-08
945 4e-08
946 0
947 4e-08
948 4e-08
949 0
950 4e-08
951 0
952 1.6e-07
953 4e-08
954 0
955 0
956 4e-08
957 1.2e-07
958 0
959 8e-08
960 7.9602e-08
961 0
962 0
963 1.2e-07
964 0
965 8e-08
966 0
967 0
968 4e-08
969 1.2e-07
970 4e-08
971 4e-08
972 8e-08
973 0
974 4e-08
975 4e-08
976 1.2e-07
977 4e-08
978 8e-08
979 0
980 3.9602e-08
981 8e-08
982 0
983 4e-08
984 4e-08
985 4e-08
986 0
987 0
988 8e-08
989 0
990 8e-08
991 4e-08
992 8e-08
993 4e-08
994 4e-08
995 2e-07
996 1.2e-07
997 4e-08
998 4e-08
999 0
