0 0
1 0.0001264
2 6.28e-05
3 4.28e-05
4 3.68e-05
5 3.4e-05
6 2.55239e-05
7 3.44e-05
8 2.4e-05
9 2e-05
10 1.91619e-05
11 1.6e-05
12 1.68e-05
13 1.23619e-05
14 1.04e-05
15 1.16e-05
16 1.52e-05
17 7.96193e-06
18 1.07619e-05
19 6.76193e-06
20 1.36e-05
21 8e-06
22 6e-06
23 1.39619e-05
24 6e-06
25 9.6e-06
26 1e-05
27 1.12e-05
28 9.2e-06
29 6.4e-06
30 6.4e-06
31 7.2e-06
32 5.16193e-06
33 6.8e-06
34 7.92387e-06
35 1.04e-05
36 5.96193e-06
37 4.4e-06
38 9.6e-06
39 5.2e-06
40 4.8e-06
41 5.6e-06
42 4.8e-06
43 6e-06
44 7.2e-06
45 5.6e-06
46 3.6e-06
47 2.8e-06
48 8e-06
49 4.8e-06
50 3.2e-06
51 4.4e-06
52 4e-06
53 6.4e-06
54 6e-06
55 3.6e-06
56 4e-06
57 4.4e-06
58 5.2e-06
59 6e-06
60 7.6e-06
61 6.4e-06
62 3.6e-06
63 4.8e-06
64 4e-06
65 4e-06
66 4.4e-06
67 3.16193e-06
68 2.8e-06
69 6.8e-06
70 6e-06
71 2.8e-06
72 4.4e-06
73 5.2e-06
74 2.4e-06
75 4.4e-06
76 4.8e-06
77 4.8e-06
78 2.8e-06
79 1.2e-06
80 3.6e-06
81 2.8e-06
82 8e-07
83 5.2e-06
84 1.6e-06
85 2.8e-06
86 3.2e-06
87 2.72387e-06
88 2e-06
89 3.2e-06
90 5.2e-06
91 2.4e-06
92 1.2e-06
93 2.4e-06
94 1.56193e-06
95 3.6e-06
96 2.8e-06
97 3.96193e-06
98 2.76193e-06
99 2.4e-06
100 4e-07
101 3.2e-06
102 3.6e-06
103 3.6e-06
104 1.2e-06
105 8e-07
106 2e-06
107 3.6e-06
108 2e-06
109 2.8e-06
110 1.6e-06
111 1.2e-06
112 2.76193e-06
113 2e-06
114 1.6e-06
115 1.2e-06
116 4.8e-06
117 1.6e-06
118 1.6e-06
119 2.8e-06
120 2.8e-06
121 1.6e-06
122 4.8e-06
123 2e-06
124 1.2e-06
125 2.4e-06
126 1.6e-06
127 3.56193e-06
128 2.4e-06
129 2e-06
130 0
131 2.4e-06
132 2e-06
133 3.2e-06
134 3.6e-06
135 2.8e-06
136 3.6e-06
137 3.2e-06
138 2.4e-06
139 2e-06
140 3.2e-06
141 3.2e-06
142 2.8e-06
143 2.8e-06
144 2.4e-06
145 2.8e-06
146 2e-06
147 2.4e-06
148 1.6e-06
149 3.2e-06
150 1.2e-06
151 1.6e-06
152 2.4e-06
153 2.76193e-06
154 3.6e-06
155 1.96193e-06
156 2e-06
157 2.8e-06
158 2.36193e-06
159 3.6e-06
160 3.2e-06
161 1.6e-06
162 2e-06
163 2e-06
164 1.2e-06
165 3.6e-06
166 1.6e-06
167 1.2e-06
168 1.2e-06
169 2.4e-06
170 2.8e-06
171 4.4e-06
172 1.6e-06
173 2.4e-06
174 1.2e-06
175 2.4e-06
176 2.8e-06
177 2e-06
178 2.76193e-06
179 1.96193e-06
180 2e-06
181 4e-07
182 2e-06
183 3.2e-06
184 4e-07
185 2.4e-06
186 4e-07
187 1.96193e-06
188 1.6e-06
189 2e-06
190 1.6e-06
191 2.8e-06
192 8e-07
193 2e-06
194 8e-07
195 1.6e-06
196 4e-07
197 1.56193e-06
198 1.56193e-06
199 1.6e-06
200 1.2e-06
201 8e-07
202 0
203 2e-06
204 1.2e-06
205 2e-06
206 2e-06
207 2e-06
208 1.6e-06
209 1.6e-06
210 8e-07
211 2e-06
212 0
213 3.2e-06
214 8e-07
215 8e-07
216 1.2e-06
217 4e-07
218 2.8e-06
219 1.6e-06
220 4e-07
221 8e-07
222 2e-06
223 1.6e-06
224 8e-07
225 1.2e-06
226 7.61935e-07
227 8e-07
228 8e-07
229 1.6e-06
230 1.6e-06
231 2e-06
232 4e-07
233 2e-06
234 1.2e-06
235 1.6e-06
236 2.4e-06
237 8e-07
238 2e-06
239 2e-06
240 3.2e-06
241 1.2e-06
242 1.16193e-06
243 8e-07
244 1.6e-06
245 1.6e-06
246 1.2e-06
247 1.6e-06
248 1.6e-06
249 2e-06
250 4e-07
251 2e-06
252 2e-06
253 1.2e-06
254 4e-07
255 2.4e-06
256 8e-07
257 1.6e-06
258 2.4e-06
259 4e-07
260 2e-06
261 1.2e-06
262 8e-07
263 1.96193e-06
264 8e-07
265 2.8e-06
266 2e-06
267 1.6e-06
268 1.6e-06
269 2e-06
270 1.6e-06
271 1.2e-06
272 2e-06
273 1.2e-06
274 8e-07
275 8e-07
276 1.2e-06
277 8e-07
278 1.6e-06
279 1.6e-06
280 4e-07
281 4e-07
282 1.2e-06
283 1.2e-06
284 8e-07
285 4e-07
286 1.2e-06
287 1.2e-06
288 1.2e-06
289 8e-07
290 4e-07
291 1.6e-06
292 4e-07
293 1.2e-06
294 1.2e-06
295 2.4e-06
296 2.8e-06
297 1.2e-06
298 2.4e-06
299 1.16193e-06
300 8e-07
301 8e-07
302 2e-06
303 8e-07
304 1.2e-06
305 0
306 4e-07
307 1.6e-06
308 1.2e-06
309 1.56193e-06
310 2e-06
311 8e-07
312 4e-07
313 8e-07
314 1.52749e-06
315 3.2e-06
316 1.2e-06
317 8e-07
318 8e-07
319 4e-07
320 4e-07
321 8e-07
322 1.2e-06
323 1.2e-06
324 2e-06
325 0
326 4e-07
327 8e-07
328 0
329 1.2e-06
330 2e-06
331 8e-07
332 1.6e-06
333 1.2e-06
334 2e-06
335 1.6e-06
336 1.2e-06
337 1.2e-06
338 1.2e-06
339 1.6e-06
340 1.6e-06
341 1.6e-06
342 8e-07
343 1.56193e-06
344 1.2e-06
345 8e-07
346 4e-07
347 8e-07
348 4e-07
349 4e-07
350 2.36193e-06
351 8e-07
352 4e-07
353 4e-07
354 4e-07
355 8e-07
356 1.2e-06
357 8e-07
358 4e-07
359 2.8e-06
360 0
361 7.61935e-07
362 8e-07
363 8e-07
364 8e-07
365 1.16193e-06
366 1.2e-06
367 4e-07
368 1.2e-06
369 1.2e-06
370 8e-07
371 1.2e-06
372 4e-07
373 1.6e-06
374 2e-06
375 1.2e-06
376 1.2e-06
377 1.56193e-06
378 1.2e-06
379 4e-07
380 2.4e-06
381 1.2e-06
382 0
383 4e-07
384 1.6e-06
385 1.16193e-06
386 2.4e-06
387 4e-07
388 1.6e-06
389 0
390 1.6e-06
391 4e-07
392 2e-06
393 4e-07
394 1.6e-06
395 4e-07
396 4e-07
397 2.36193e-06
398 4e-07
399 4e-07
400 4e-07
401 1.16193e-06
402 4e-07
403 1.2e-06
404 1.2e-06
405 8e-07
406 4e-07
407 0
408 1.16193e-06
409 8e-07
410 8e-07
411 1.6e-06
412 4e-07
413 1.2e-06
414 8e-07
415 0
416 1.2e-06
417 8e-07
418 0
419 0
420 4e-07
421 8e-07
422 1.2e-06
423 2.76193e-06
424 8e-07
425 8e-07
426 8e-07
427 4e-07
428 8e-07
429 1.16193e-06
430 4e-07
431 7.61935e-07
432 4e-07
433 2.4e-06
434 8e-07
435 2e-06
436 1.6e-06
437 0
438 4e-07
439 1.2e-06
440 8e-07
441 8e-07
442 4e-07
443 8e-07
444 1.6e-06
445 8e-07
446 8e-07
447 8e-07
448 4e-07
449 8e-07
450 4e-07
451 1.2e-06
452 1.2e-06
453 1.6e-06
454 1.2e-06
455 0
456 8e-07
457 4e-07
458 1.6e-06
459 7.61935e-07
460 8e-07
461 8e-07
462 1.6e-06
463 1.2e-06
464 1.2e-06
465 2e-06
466 1.2e-06
467 2.4e-06
468 1.2e-06
469 1.2e-06
470 4e-07
471 8e-07
472 4e-07
473 1.6e-06
474 1.6e-06
475 4e-07
476 1.56193e-06
477 8e-07
478 0
479 4e-07
480 8e-07
481 4e-07
482 0
483 4e-07
484 0
485 4e-07
486 0
487 1.2e-06
488 4e-07
489 1.6e-06
490 0
491 8e-07
492 4e-07
493 8e-07
494 1.2e-06
495 8e-07
496 1.2e-06
497 4e-07
498 4e-07
499 8e-07
500 7.61935e-07
501 4e-07
502 1.2e-06
503 1.2e-06
504 1.2e-06
505 8e-07
506 8e-07
507 8e-07
508 8e-07
509 0
510 4e-07
511 4e-07
512 4e-07
513 1.6e-06
514 1.2e-06
515 4e-07
516 4e-07
517 4e-07
518 1.2e-06
519 4e-07
520 2e-06
521 4e-07
522 1.2e-06
523 1.2e-06
524 8e-07
525 4e-07
526 4e-07
527 1.2e-06
528 1.6e-06
529 4e-07
530 4e-07
531 8e-07
532 4e-07
533 1.2e-06
534 1.2e-06
535 8e-07
536 1.6e-06
537 4e-07
538 4e-07
539 1.2e-06
540 4e-07
541 0
542 0
543 8e-07
544 1.2e-06
545 0
546 1.2e-06
547 8e-07
548 1.2e-06
549 4e-07
550 1.2e-06
551 7.61935e-07
552 4e-07
553 4e-07
554 1.2e-06
555 3.2e-06
556 4e-07
557 1.6e-06
558 1.6e-06
559 4e-07
560 7.61935e-07
561 1.2e-06
562 1.2e-06
563 4e-07
564 4e-07
565 4e-07
566 4e-07
567 2.8e-06
568 4e-07
569 1.2e-06
570 4e-07
571 1.6e-06
572 1.2e-06
573 7.61935e-07
574 8e-07
575 4e-07
576 4e-07
577 1.6e-06
578 4e-07
579 8e-07
580 4e-07
581 1.2e-06
582 1.6e-06
583 8e-07
584 1.2e-06
585 8e-07
586 8e-07
587 1.6e-06
588 4e-07
589 0
590 8e-07
591 8e-07
592 8e-07
593 0
594 1.2e-06
595 1.2e-06
596 1.6e-06
597 8e-07
598 8e-07
599 1.52387e-06
600 1.2e-06
601 4e-07
602 1.2e-06
603 3.61935e-07
604 8e-07
605 8e-07
606 1.16193e-06
607 4e-07
608 8e-07
609 4e-07
610 4e-07
611 2e-06
612 8e-07
613 0
614 1.2e-06
615 1.2e-06
616 1.12749e-06
617 1.6e-06
618 0
619 4e-07
620 2.36193e-06
621 0
622 8e-07
623 8e-07
624 7.61935e-07
625 1.2e-06
626 8e-07
627 0
628 4e-07
629 4e-07
630 0
631 4e-07
632 4e-07
633 4e-07
634 8e-07
635 8e-07
636 4e-07
637 1.2e-06
638 2e-06
639 1.2e-06
640 4e-07
641 0
642 1.2e-06
643 4e-07
644 4e-07
645 8e-07
646 1.6e-06
647 4e-07
648 8e-07
649 0
650 1.2e-06
651 8e-07
652 0
653 4e-07
654 0
655 4e-07
656 8e-07
657 8e-07
658 4e-07
659 4e-07
660 1.2e-06
661 4e-07
662 1.2e-06
663 8e-07
664 0
665 1.6e-06
666 1.96193e-06
667 8e-07
668 0
669 8e-07
670 4e-07
671 4e-07
672 0
673 4e-07
674 4e-07
675 8e-07
676 0
677 1.2e-06
678 0
679 4e-07
680 1.2e-06
681 4e-07
682 8e-07
683 4e-07
684 1.2e-06
685 0
686 4e-07
687 1.6e-06
688 0
689 4e-07
690 0
691 4e-07
692 0
693 8e-07
694 0
695 4e-07
696 8e-07
697 4e-07
698 8e-07
699 4e-07
700 4e-07
701 0
702 8e-07
703 8e-07
704 0
705 8e-07
706 8e-07
707 1.2e-06
708 0
709 4e-07
710 8e-07
711 4e-07
712 3.61935e-07
713 1.2e-06
714 0
715 4e-07
716 0
717 1.2e-06
718 4e-07
719 1.2e-06
720 8e-07
721 4e-07
722 0
723 8e-07
724 1.2e-06
725 0
726 0
727 4e-07
728 0
729 1.6e-06
730 4e-07
731 4e-07
732 1.2e-06
733 1.2e-06
734 1.2e-06
735 0
736 1.2e-06
737 1.2e-06
738 1.2e-06
739 0
740 8e-07
741 4e-07
742 4e-07
743 0
744 4e-07
745 4e-07
746 4e-07
747 1.2e-06
748 8e-07
749 3.61935e-07
750 4e-07
751 8e-07
752 4e-07
753 8e-07
754 0
755 8e-07
756 8e-07
757 1.2e-06
758 8e-07
759 8e-07
760 8e-07
761 8e-07
762 0
763 0
764 1.2e-06
765 4e-07
766 8e-07
767 4e-07
768 8e-07
769 1.2e-06
770 8e-07
771 1.2e-06
772 4e-07
773 1.2e-06
774 0
775 4e-07
776 0
777 4e-07
778 8e-07
779 0
780 1.2e-06
781 1.2e-06
782 0
783 8e-07
784 8e-07
785 1.2e-06
786 8e-07
787 1.2e-06
788 0
789 4e-07
790 0
791 0
792 4e-07
793 0
794 0
795 8e-07
796 0
797 8e-07
798 8e-07
799 8e-07
800 4e-07
801 0
802 1.2e-06
803 7.61935e-07
804 4e-07
805 1.6e-06
806 8e-07
807 1.2e-06
808 1.6e-06
809 0
810 4e-07
811 4e-07
812 8e-07
813 0
814 1.2e-06
815 4e-07
816 1.2e-06
817 4e-07
818 8e-07
819 4e-07
820 0
821 0
822 4e-07
823 4e-07
824 4e-07
825 8e-07
826 8e-07
827 1.2e-06
828 4e-07
829 4e-07
830 3.27492e-07
831 1.2e-06
832 8e-07
833 8e-07
834 4e-07
835 8e-07
836 4e-07
837 1.2e-06
838 8e-07
839 8e-07
840 0
841 4e-07
842 4e-07
843 8e-07
844 4e-07
845 8e-07
846 4e-07
847 0
848 0
849 2e-06
850 8e-07
851 8e-07
852 1.6e-06
853 0
854 1.2e-06
855 0
856 4e-07
857 0
858 4e-07
859 2e-06
860 8e-07
861 0
862 4e-07
863 0
864 0
865 4e-07
866 8e-07
867 8e-07
868 0
869 4e-07
870 4e-07
871 4e-07
872 4e-07
873 4e-07
874 4e-07
875 0
876 0
877 8e-07
878 1.2e-06
879 4e-07
880 1.6e-06
881 0
882 1.96193e-06
883 1.2e-06
884 8e-07
885 0
886 8e-07
887 8e-07
888 0
889 3.61935e-07
890 4e-07
891 0
892 4e-07
893 1.2e-06
894 4e-07
895 8e-07
896 1.2e-06
897 4e-07
898 4e-07
899 8e-07
900 1.2e-06
901 4e-07
902 4e-07
903 8e-07
904 8e-07
905 0
906 0
907 8e-07
908 4e-07
909 8e-07
910 8e-07
911 4e-07
912 0
913 0
914 1.6e-06
915 8e-07
916 4e-07
917 1.2e-06
918 8e-07
919 7.61935e-07
920 4e-07
921 8e-07
922 8e-07
923 1.2e-06
924 1.6e-06
925 0
926 0
927 7.61935e-07
928 0
929 4e-07
930 8e-07
931 8e-07
932 4e-07
933 0
934 0
935 3.61935e-07
936 8e-07
937 4e-07
938 4e-07
939 4e-07
940 8e-07
941 4e-07
942 1.2e-06
943 1.16193e-06
944 0
945 8e-07
946 4e-07
947 8e-07
948 4e-07
949 4e-07
950 0
951 1.6e-06
952 8e-07
953 0
954 1.16193e-06
955 1.6e-06
956 4e-07
957 4e-07
958 8e-07
959 4e-07
960 4e-07
961 3.61935e-07
962 4e-07
963 0
964 1.2e-06
965 4e-07
966 0
967 0
968 1.2e-06
969 8e-07
970 0
971 4e-07
972 8e-07
973 4e-07
974 4e-07
975 2e-06
976 8e-07
977 0
978 0
979 0
980 7.61935e-07
981 0
982 0
983 0
984 8e-07
985 4e-07
986 4e-07
987 4e-07
988 4e-07
989 4e-07
990 8e-07
991 8e-07
992 4e-07
993 8e-07
994 0
995 4e-07
996 8e-07
997 0
998 4e-07
999 0
