0 0
1 0
2 0
3 0
4 0
5 0
6 0
7 4e-07
8 0
9 0
10 4e-07
11 0
12 0
13 0
14 0
15 4e-07
16 0
17 0
18 0
19 0
20 0
21 0
22 0
23 0
24 0
25 0
26 0
27 0
28 4e-07
29 4e-07
30 4e-07
31 0
32 4e-07
33 0
34 8e-07
35 0
36 0
37 0
38 4e-07
39 0
40 0
41 4e-07
42 4e-07
43 4e-07
44 4e-07
45 4e-07
46 4e-07
47 0
48 4e-07
49 0
50 8e-07
51 8e-07
52 4e-07
53 8e-07
54 4e-07
55 4e-07
56 4e-07
57 4e-07
58 0
59 4e-07
60 0
61 8e-07
62 8e-07
63 1.2e-06
64 0
65 4e-07
66 0
67 0
68 0
69 0
70 4e-07
71 0
72 4e-07
73 4e-07
74 4e-07
75 4e-07
76 8e-07
77 4e-07
78 0
79 1.2e-06
80 0
81 0
82 8e-07
83 0
84 1.2e-06
85 0
86 1.2e-06
87 0
88 1.2e-06
89 8e-07
90 4e-07
91 8e-07
92 0
93 1.2e-06
94 8e-07
95 4e-07
96 4e-07
97 1.6e-06
98 0
99 8e-07
100 0
101 4e-07
102 8e-07
103 4e-07
104 8e-07
105 4e-07
106 1.2e-06
107 4e-07
108 8e-07
109 2e-06
110 8e-07
111 4e-07
112 0
113 4e-07
114 1.2e-06
115 4e-07
116 1.2e-06
117 4e-07
118 1.6e-06
119 1.2e-06
120 0
121 8e-07
122 4e-07
123 7.61935e-07
124 1.2e-06
125 1.2e-06
126 4e-07
127 1.96193e-06
128 8e-07
129 4e-07
130 1.6e-06
131 0
132 1.2e-06
133 1.2e-06
134 0
135 4e-07
136 1.2e-06
137 4e-07
138 1.2e-06
139 4e-07
140 4e-07
141 4e-07
142 4e-07
143 2.4e-06
144 4e-07
145 7.61935e-07
146 1.2e-06
147 4e-07
148 1.2e-06
149 4e-07
150 1.6e-06
151 1.2e-06
152 2.4e-06
153 4e-07
154 4e-07
155 2.4e-06
156 8e-07
157 1.6e-06
158 1.16193e-06
159 4e-07
160 8e-07
161 0
162 4e-07
163 4e-07
164 1.6e-06
165 4e-07
166 8e-07
167 1.6e-06
168 1.2e-06
169 4e-07
170 8e-07
171 8e-07
172 8e-07
173 4e-07
174 8e-07
175 1.2e-06
176 8e-07
177 8e-07
178 0
179 1.2e-06
180 1.2e-06
181 0
182 1.2e-06
183 1.2e-06
184 4e-07
185 8e-07
186 1.2e-06
187 1.2e-06
188 8e-07
189 1.6e-06
190 1.2e-06
191 4e-07
192 1.2e-06
193 8e-07
194 1.2e-06
195 8e-07
196 8e-07
197 1.2e-06
198 1.2e-06
199 1.6e-06
200 8e-07
201 8e-07
202 8e-07
203 0
204 4e-07
205 4e-07
206 4e-07
207 1.2e-06
208 0
209 1.2e-06
210 1.6e-06
211 8e-07
212 4e-07
213 2.4e-06
214 1.2e-06
215 1.2e-06
216 8e-07
217 8e-07
218 1.6e-06
219 8e-07
220 0
221 8e-07
222 1.6e-06
223 4e-07
224 4e-07
225 8e-07
226 1.6e-06
227 8e-07
228 4e-07
229 4e-07
230 4e-07
231 0
232 8e-07
233 8e-07
234 0
235 1.2e-06
236 2e-06
237 1.6e-06
238 1.6e-06
239 2.8e-06
240 0
241 8e-07
242 8e-07
243 1.6e-06
244 1.2e-06
245 0
246 0
247 2e-06
248 1.2e-06
249 8e-07
250 1.2e-06
251 1.6e-06
252 8e-07
253 1.6e-06
254 0
255 0
256 1.2e-06
257 8e-07
258 1.2e-06
259 1.2e-06
260 4e-07
261 4e-07
262 1.2e-06
263 1.6e-06
264 4e-07
265 4e-07
266 8e-07
267 1.6e-06
268 4e-07
269 4e-07
270 1.2e-06
271 1.6e-06
272 1.6e-06
273 8e-07
274 1.2e-06
275 4e-07
276 8e-07
277 4e-07
278 8e-07
279 1.6e-06
280 8e-07
281 2e-06
282 8e-07
283 0
284 1.6e-06
285 1.6e-06
286 0
287 8e-07
288 4e-07
289 0
290 4e-07
291 1.2e-06
292 8e-07
293 8e-07
294 8e-07
295 0
296 8e-07
297 1.2e-06
298 4e-07
299 8e-07
300 8e-07
301 1.6e-06
302 0
303 1.16193e-06
304 7.61935e-07
305 8e-07
306 4e-07
307 1.6e-06
308 0
309 1.6e-06
310 4e-07
311 0
312 4e-07
313 4e-07
314 1.6e-06
315 1.2e-06
316 1.6e-06
317 2e-06
318 8e-07
319 4e-07
320 1.6e-06
321 2e-06
322 8e-07
323 8e-07
324 1.2e-06
325 4e-07
326 8e-07
327 4e-07
328 1.2e-06
329 8e-07
330 8e-07
331 2e-06
332 1.2e-06
333 4e-07
334 8e-07
335 2.36193e-06
336 2e-06
337 1.2e-06
338 0
339 4e-07
340 0
341 1.2e-06
342 8e-07
343 1.6e-06
344 1.6e-06
345 1.6e-06
346 8e-07
347 0
348 1.6e-06
349 1.2e-06
350 8e-07
351 1.6e-06
352 0
353 4e-07
354 8e-07
355 4e-07
356 8e-07
357 1.2e-06
358 1.6e-06
359 4e-07
360 4e-07
361 4e-07
362 8e-07
363 4e-07
364 0
365 0
366 8e-07
367 1.6e-06
368 2.4e-06
369 1.6e-06
370 8e-07
371 8e-07
372 0
373 1.2e-06
374 8e-07
375 4e-07
376 4e-07
377 0
378 1.2e-06
379 8e-07
380 0
381 1.6e-06
382 8e-07
383 0
384 4e-07
385 8e-07
386 4e-07
387 0
388 4e-07
389 0
390 0
391 4e-07
392 2e-06
393 1.6e-06
394 0
395 8e-07
396 0
397 4e-07
398 4e-07
399 8e-07
400 0
401 0
402 4e-07
403 8e-07
404 8e-07
405 1.2e-06
406 8e-07
407 0
408 4e-07
409 1.6e-06
410 4e-07
411 4e-07
412 1.2e-06
413 4e-07
414 2e-06
415 4e-07
416 0
417 1.2e-06
418 4e-07
419 0
420 7.61935e-07
421 8e-07
422 4e-07
423 4e-07
424 1.2e-06
425 4e-07
426 4e-07
427 4e-07
428 1.6e-06
429 8e-07
430 8e-07
431 1.6e-06
432 4e-07
433 1.6e-06
434 7.61935e-07
435 4e-07
436 8e-07
437 0
438 8e-07
439 4e-07
440 8e-07
441 8e-07
442 8e-07
443 4e-07
444 8e-07
445 1.2e-06
446 1.2e-06
447 2e-06
448 4e-07
449 1.2e-06
450 4e-07
451 1.6e-06
452 0
453 1.2e-06
454 1.2e-06
455 8e-07
456 4e-07
457 4e-07
458 8e-07
459 1.2e-06
460 4e-07
461 1.2e-06
462 2e-06
463 1.2e-06
464 4e-07
465 4e-07
466 4e-07
467 4e-07
468 8e-07
469 8e-07
470 8e-07
471 0
472 4e-07
473 1.2e-06
474 0
475 8e-07
476 1.2e-06
477 8e-07
478 4e-07
479 8e-07
480 3.61935e-07
481 8e-07
482 4e-07
483 1.2e-06
484 4e-07
485 1.6e-06
486 0
487 8e-07
488 4e-07
489 1.6e-06
490 8e-07
491 8e-07
492 4e-07
493 0
494 4e-07
495 1.6e-06
496 1.6e-06
497 4e-07
498 1.2e-06
499 0
500 2e-06
501 4e-07
502 1.6e-06
503 1.6e-06
504 4e-07
505 0
506 4e-07
507 0
508 0
509 4e-07
510 0
511 4e-07
512 4e-07
513 4e-07
514 0
515 8e-07
516 4e-07
517 0
518 8e-07
519 0
520 0
521 1.6e-06
522 0
523 1.2e-06
524 0
525 8e-07
526 2.8e-06
527 1.6e-06
528 8e-07
529 8e-07
530 1.6e-06
531 1.2e-06
532 8e-07
533 8e-07
534 4e-07
535 8e-07
536 0
537 4e-07
538 8e-07
539 4e-07
540 8e-07
541 4e-07
542 1.6e-06
543 4e-07
544 4e-07
545 4e-07
546 0
547 4e-07
548 8e-07
549 1.6e-06
550 8e-07
551 4e-07
552 4e-07
553 1.2e-06
554 4e-07
555 1.2e-06
556 4e-07
557 4e-07
558 8e-07
559 8e-07
560 4e-07
561 0
562 1.16193e-06
563 8e-07
564 0
565 1.2e-06
566 0
567 8e-07
568 2.4e-06
569 1.2e-06
570 8e-07
571 8e-07
572 0
573 4e-07
574 8e-07
575 8e-07
576 0
577 0
578 1.6e-06
579 0
580 8e-07
581 0
582 8e-07
583 4e-07
584 8e-07
585 8e-07
586 0
587 4e-07
588 1.2e-06
589 1.2e-06
590 4e-07
591 8e-07
592 8e-07
593 8e-07
594 8e-07
595 0
596 8e-07
597 1.2e-06
598 0
599 8e-07
600 0
601 4e-07
602 4e-07
603 4e-07
604 8e-07
605 8e-07
606 2e-06
607 4e-07
608 1.2e-06
609 8e-07
610 2e-06
611 1.6e-06
612 8e-07
613 1.2e-06
614 8e-07
615 4e-07
616 1.6e-06
617 0
618 4e-07
619 8e-07
620 1.2e-06
621 4e-07
622 4e-07
623 1.6e-06
624 8e-07
625 3.61935e-07
626 4e-07
627 1.2e-06
628 4e-07
629 0
630 4e-07
631 0
632 0
633 8e-07
634 8e-07
635 0
636 8e-07
637 0
638 1.2e-06
639 0
640 0
641 0
642 4e-07
643 8e-07
644 4e-07
645 4e-07
646 4e-07
647 7.61935e-07
648 4e-07
649 1.2e-06
650 4e-07
651 4e-07
652 0
653 0
654 0
655 1.6e-06
656 0
657 4e-07
658 4e-07
659 8e-07
660 3.61935e-07
661 4e-07
662 1.6e-06
663 4e-07
664 2e-06
665 4e-07
666 4e-07
667 4e-07
668 1.2e-06
669 4e-07
670 4e-07
671 4e-07
672 0
673 0
674 0
675 4e-07
676 8e-07
677 1.2e-06
678 8e-07
679 4e-07
680 4e-07
681 1.6e-06
682 4e-07
683 0
684 0
685 4e-07
686 0
687 1.6e-06
688 0
689 0
690 4e-07
691 4e-07
692 8e-07
693 0
694 4e-07
695 0
696 8e-07
697 4e-07
698 4e-07
699 0
700 8e-07
701 4e-07
702 4e-07
703 0
704 1.2e-06
705 1.6e-06
706 4e-07
707 8e-07
708 8e-07
709 8e-07
710 1.2e-06
711 1.2e-06
712 8e-07
713 1.2e-06
714 4e-07
715 4e-07
716 8e-07
717 0
718 0
719 0
720 1.6e-06
721 4e-07
722 8e-07
723 0
724 0
725 0
726 8e-07
727 4e-07
728 0
729 0
730 8e-07
731 1.6e-06
732 8e-07
733 0
734 4e-07
735 8e-07
736 1.6e-06
737 1.2e-06
738 4e-07
739 8e-07
740 4e-07
741 4e-07
742 8e-07
743 4e-07
744 8e-07
745 0
746 1.2e-06
747 4e-07
748 0
749 1.2e-06
750 4e-07
751 8e-07
752 8e-07
753 4e-07
754 0
755 0
756 4e-07
757 1.2e-06
758 4e-07
759 0
760 1.2e-06
761 8e-07
762 4e-07
763 3.61935e-07
764 0
765 4e-07
766 1.2e-06
767 4e-07
768 4e-07
769 0
770 8e-07
771 4e-07
772 4e-07
773 8e-07
774 8e-07
775 8e-07
776 0
777 1.2e-06
778 4e-07
779 0
780 8e-07
781 4e-07
782 4e-07
783 8e-07
784 0
785 1.6e-06
786 8e-07
787 4e-07
788 4e-07
789 8e-07
790 4e-07
791 0
792 0
793 8e-07
794 0
795 4e-07
796 8e-07
797 1.6e-06
798 4e-07
799 0
800 4e-07
801 8e-07
802 4e-07
803 1.2e-06
804 3.61935e-07
805 8e-07
806 8e-07
807 8e-07
808 7.61935e-07
809 1.2e-06
810 0
811 8e-07
812 1.2e-06
813 0
814 4e-07
815 0
816 0
817 8e-07
818 4e-07
819 7.61935e-07
820 4e-07
821 4e-07
822 8e-07
823 8e-07
824 1.2e-06
825 4e-07
826 4e-07
827 4e-07
828 8e-07
829 0
830 1.2e-06
831 1.2e-06
832 0
833 4e-07
834 4e-07
835 1.2e-06
836 4e-07
837 0
838 4e-07
839 8e-07
840 0
841 8e-07
842 1.2e-06
843 4e-07
844 0
845 1.2e-06
846 4e-07
847 1.56193e-06
848 8e-07
849 1.2e-06
850 1.6e-06
851 8e-07
852 1.2e-06
853 4e-07
854 4e-07
855 1.56193e-06
856 0
857 8e-07
858 0
859 4e-07
860 4e-07
861 0
862 0
863 4e-07
864 4e-07
865 8e-07
866 0
867 4e-07
868 0
869 4e-07
870 4e-07
871 8e-07
872 0
873 4e-07
874 8e-07
875 8e-07
876 4e-07
877 0
878 0
879 8e-07
880 0
881 0
882 0
883 4e-07
884 0
885 8e-07
886 4e-07
887 1.16193e-06
888 4e-07
889 4e-07
890 0
891 3.61935e-07
892 4e-07
893 4e-07
894 0
895 4e-07
896 0
897 0
898 4e-07
899 8e-07
900 4e-07
901 8e-07
902 0
903 0
904 4e-07
905 1.6e-06
906 8e-07
907 8e-07
908 4e-07
909 4e-07
910 4e-07
911 0
912 4e-07
913 1.2e-06
914 4e-07
915 1.2e-06
916 4e-07
917 4e-07
918 8e-07
919 4e-07
920 1.2e-06
921 8e-07
922 8e-07
923 4e-07
924 0
925 4e-07
926 4e-07
927 7.61935e-07
928 0
929 0
930 4e-07
931 8e-07
932 0
933 0
934 0
935 8e-07
936 1.2e-06
937 8e-07
938 4e-07
939 0
940 0
941 4e-07
942 8e-07
943 3.61935e-07
944 0
945 0
946 3.61935e-07
947 4e-07
948 4e-07
949 1.2e-06
950 8e-07
951 4e-07
952 1.2e-06
953 3.61935e-07
954 4e-07
955 0
956 0
957 0
958 1.2e-06
959 0
960 4e-07
961 4e-07
962 0
963 0
964 8e-07
965 0
966 0
967 4e-07
968 8e-07
969 4e-07
970 4e-07
971 8e-07
972 4e-07
973 0
974 0
975 0
976 8e-07
977 0
978 1.2e-06
979 0
980 1.2e-06
981 4e-07
982 1.2e-06
983 8e-07
984 1.16193e-06
985 4e-07
986 1.2e-06
987 0
988 8e-07
989 8e-07
990 8e-07
991 0
992 4e-07
993 0
994 8e-07
995 4e-07
996 8e-07
997 4e-07
998 0
999 0
