0 0
1 0.0001312
2 6.8e-05
3 4.88e-05
4 3.59239e-05
5 3.91619e-05
6 2.88e-05
7 2.83619e-05
8 2.56e-05
9 1.72e-05
10 2.04e-05
11 1.68e-05
12 1.24e-05
13 2.04e-05
14 1.51619e-05
15 1.64e-05
16 1.48e-05
17 8.4e-06
18 1.28e-05
19 1.12e-05
20 1.08e-05
21 9.6e-06
22 9.6e-06
23 9.16193e-06
24 5.6e-06
25 8.8e-06
26 1.12e-05
27 8.4e-06
28 5.2e-06
29 9.6e-06
30 9.56193e-06
31 1.12e-05
32 5.6e-06
33 6e-06
34 9.56193e-06
35 5.2e-06
36 7.2e-06
37 6.4e-06
38 7.2e-06
39 8e-06
40 9.6e-06
41 6.4e-06
42 8.8e-06
43 4.8e-06
44 5.6e-06
45 6e-06
46 5.96193e-06
47 5.16193e-06
48 5.2e-06
49 3.6e-06
50 4.36193e-06
51 4.4e-06
52 4.8e-06
53 6e-06
54 3.2e-06
55 5.2e-06
56 3.96193e-06
57 5.2e-06
58 3.2e-06
59 5.2e-06
60 4.8e-06
61 5.96193e-06
62 4.8e-06
63 6e-06
64 4e-06
65 3.2e-06
66 2.76193e-06
67 6e-06
68 2.4e-06
69 4.8e-06
70 3.6e-06
71 2.32749e-06
72 2e-06
73 4.36193e-06
74 2e-06
75 4e-06
76 4e-06
77 5.6e-06
78 5.2e-06
79 2.36193e-06
80 4.4e-06
81 5.2e-06
82 6.4e-06
83 3.2e-06
84 2.76193e-06
85 4.4e-06
86 4e-06
87 3.96193e-06
88 2.8e-06
89 4e-06
90 4.8e-06
91 2.8e-06
92 4.8e-06
93 2.8e-06
94 3.2e-06
95 4e-06
96 4e-06
97 5.6e-06
98 1.6e-06
99 2.8e-06
100 2e-06
101 2.8e-06
102 3.2e-06
103 3.6e-06
104 1.56193e-06
105 4.72387e-06
106 2.76193e-06
107 2.4e-06
108 1.6e-06
109 3.6e-06
110 2e-06
111 4.8e-06
112 2e-06
113 2.8e-06
114 1.6e-06
115 3.16193e-06
116 4e-06
117 2e-06
118 2.8e-06
119 2.8e-06
120 2e-06
121 3.2e-06
122 4e-06
123 8e-07
124 1.2e-06
125 2e-06
126 2.4e-06
127 3.2e-06
128 1.6e-06
129 2.8e-06
130 1.2e-06
131 5.2e-06
132 7.61935e-07
133 2e-06
134 2.8e-06
135 2e-06
136 2.8e-06
137 2.4e-06
138 5.2e-06
139 3.16193e-06
140 2e-06
141 2.4e-06
142 2.4e-06
143 3.2e-06
144 2.4e-06
145 2.4e-06
146 2.8e-06
147 2.4e-06
148 1.6e-06
149 4.4e-06
150 2.4e-06
151 2.8e-06
152 2.8e-06
153 3.2e-06
154 8e-07
155 1.2e-06
156 4e-07
157 3.2e-06
158 2e-06
159 1.2e-06
160 3.2e-06
161 2.8e-06
162 1.6e-06
163 1.2e-06
164 2e-06
165 1.6e-06
166 2.8e-06
167 2.4e-06
168 1.2e-06
169 2e-06
170 1.6e-06
171 2e-06
172 2.76193e-06
173 1.6e-06
174 2.76193e-06
175 2.76193e-06
176 4e-07
177 2.8e-06
178 1.6e-06
179 2.76193e-06
180 1.2e-06
181 2.4e-06
182 1.2e-06
183 4e-07
184 1.6e-06
185 8e-07
186 1.2e-06
187 8e-07
188 1.16193e-06
189 1.2e-06
190 2e-06
191 8e-07
192 3.2e-06
193 1.56193e-06
194 2e-06
195 2.4e-06
196 2.8e-06
197 8e-07
198 3.2e-06
199 7.61935e-07
200 2.4e-06
201 1.6e-06
202 2.4e-06
203 1.6e-06
204 1.2e-06
205 2e-06
206 2.4e-06
207 1.6e-06
208 2e-06
209 1.6e-06
210 2.8e-06
211 1.6e-06
212 2.76193e-06
213 2.76193e-06
214 1.16193e-06
215 1.6e-06
216 8e-07
217 8e-07
218 1.6e-06
219 8e-07
220 2e-06
221 8e-07
222 8e-07
223 8e-07
224 3.2e-06
225 1.2e-06
226 1.2e-06
227 1.56193e-06
228 2.8e-06
229 2e-06
230 1.6e-06
231 8e-07
232 1.2e-06
233 2e-06
234 2e-06
235 1.6e-06
236 2e-06
237 1.2e-06
238 1.2e-06
239 1.56193e-06
240 1.2e-06
241 3.2e-06
242 2e-06
243 1.6e-06
244 2.4e-06
245 2.8e-06
246 1.2e-06
247 1.2e-06
248 8e-07
249 1.2e-06
250 1.6e-06
251 1.16193e-06
252 1.6e-06
253 1.2e-06
254 8e-07
255 2.8e-06
256 1.6e-06
257 8e-07
258 1.6e-06
259 1.2e-06
260 4e-07
261 4e-07
262 8e-07
263 1.6e-06
264 0
265 3.16193e-06
266 1.6e-06
267 2e-06
268 2.4e-06
269 1.6e-06
270 4e-07
271 2.8e-06
272 8e-07
273 1.6e-06
274 1.6e-06
275 1.2e-06
276 1.6e-06
277 2.4e-06
278 1.6e-06
279 0
280 1.2e-06
281 8e-07
282 8e-07
283 1.6e-06
284 2e-06
285 8e-07
286 8e-07
287 8e-07
288 1.6e-06
289 1.2e-06
290 8e-07
291 8e-07
292 1.6e-06
293 1.6e-06
294 2.4e-06
295 8e-07
296 1.2e-06
297 4e-07
298 2e-06
299 2e-06
300 2e-06
301 1.2e-06
302 2.4e-06
303 2e-06
304 8e-07
305 1.2e-06
306 0
307 1.2e-06
308 2.4e-06
309 8e-07
310 8e-07
311 4e-07
312 1.6e-06
313 1.2e-06
314 8e-07
315 1.6e-06
316 1.2e-06
317 1.2e-06
318 2e-06
319 1.6e-06
320 1.2e-06
321 4e-07
322 1.6e-06
323 0
324 4e-07
325 8e-07
326 2.8e-06
327 1.6e-06
328 1.6e-06
329 1.6e-06
330 1.6e-06
331 1.2e-06
332 8e-07
333 2e-06
334 1.6e-06
335 8e-07
336 1.2e-06
337 8e-07
338 1.6e-06
339 8e-07
340 7.61935e-07
341 4e-07
342 1.2e-06
343 4e-07
344 1.56193e-06
345 8e-07
346 1.2e-06
347 1.16193e-06
348 4e-07
349 1.2e-06
350 1.6e-06
351 8e-07
352 4e-07
353 4e-07
354 8e-07
355 0
356 1.96193e-06
357 4e-07
358 1.2e-06
359 1.2e-06
360 2.4e-06
361 2.4e-06
362 7.61935e-07
363 1.6e-06
364 1.6e-06
365 1.92387e-06
366 1.6e-06
367 4e-07
368 2e-06
369 8e-07
370 8e-07
371 1.2e-06
372 1.6e-06
373 4e-07
374 1.2e-06
375 1.2e-06
376 8e-07
377 8e-07
378 1.2e-06
379 1.6e-06
380 2e-06
381 8e-07
382 1.2e-06
383 2.36193e-06
384 2e-06
385 1.2e-06
386 2.4e-06
387 1.6e-06
388 4e-07
389 0
390 1.2e-06
391 1.2e-06
392 0
393 4e-07
394 4e-07
395 0
396 0
397 8e-07
398 0
399 4e-07
400 1.2e-06
401 1.2e-06
402 2.4e-06
403 8e-07
404 4e-07
405 1.2e-06
406 0
407 7.61935e-07
408 1.6e-06
409 1.2e-06
410 1.6e-06
411 4e-07
412 8e-07
413 1.2e-06
414 8e-07
415 8e-07
416 8e-07
417 1.2e-06
418 4e-07
419 4e-07
420 4e-07
421 4e-07
422 4e-07
423 1.2e-06
424 2.8e-06
425 1.2e-06
426 1.2e-06
427 4e-07
428 1.6e-06
429 1.6e-06
430 8e-07
431 4e-07
432 1.2e-06
433 1.6e-06
434 1.6e-06
435 4e-07
436 2.4e-06
437 7.61935e-07
438 8e-07
439 4e-07
440 0
441 4e-07
442 1.2e-06
443 0
444 1.96193e-06
445 1.2e-06
446 1.6e-06
447 0
448 1.6e-06
449 1.2e-06
450 8e-07
451 8e-07
452 4e-07
453 8e-07
454 8e-07
455 1.2e-06
456 1.2e-06
457 8e-07
458 1.2e-06
459 8e-07
460 2.4e-06
461 1.2e-06
462 2e-06
463 1.6e-06
464 2.32387e-06
465 4e-07
466 1.56193e-06
467 1.2e-06
468 8e-07
469 0
470 4e-07
471 1.2e-06
472 4e-07
473 8e-07
474 1.2e-06
475 4e-07
476 4e-07
477 2.4e-06
478 1.6e-06
479 0
480 8e-07
481 4e-07
482 8e-07
483 7.61935e-07
484 8e-07
485 4e-07
486 4e-07
487 8e-07
488 2e-06
489 4e-07
490 1.2e-06
491 7.61935e-07
492 8e-07
493 4e-07
494 0
495 8e-07
496 4e-07
497 4e-07
498 3.61935e-07
499 4e-07
500 1.2e-06
501 4e-07
502 1.2e-06
503 1.2e-06
504 8e-07
505 4e-07
506 8e-07
507 8e-07
508 1.2e-06
509 8e-07
510 1.2e-06
511 1.2e-06
512 1.56193e-06
513 8e-07
514 8e-07
515 1.2e-06
516 0
517 7.61935e-07
518 8e-07
519 1.6e-06
520 0
521 4e-07
522 0
523 1.2e-06
524 8e-07
525 1.6e-06
526 2e-06
527 4e-07
528 1.6e-06
529 1.6e-06
530 7.61935e-07
531 4e-07
532 8e-07
533 4e-07
534 0
535 1.2e-06
536 0
537 8e-07
538 1.2e-06
539 1.6e-06
540 1.6e-06
541 3.61935e-07
542 1.2e-06
543 1.2e-06
544 4e-07
545 1.2e-06
546 4e-07
547 1.6e-06
548 4e-07
549 8e-07
550 8e-07
551 4e-07
552 1.6e-06
553 8e-07
554 1.2e-06
555 0
556 1.2e-06
557 0
558 4e-07
559 0
560 1.2e-06
561 1.2e-06
562 8e-07
563 4e-07
564 8e-07
565 1.2e-06
566 4e-07
567 1.2e-06
568 4e-07
569 4e-07
570 1.2e-06
571 0
572 2e-06
573 3.61935e-07
574 4e-07
575 8e-07
576 0
577 0
578 4e-07
579 8e-07
580 8e-07
581 8e-07
582 0
583 4e-07
584 8e-07
585 1.2e-06
586 1.96193e-06
587 8e-07
588 1.2e-06
589 4e-07
590 0
591 1.6e-06
592 1.2e-06
593 8e-07
594 1.2e-06
595 0
596 4e-07
597 8e-07
598 8e-07
599 4e-07
600 8e-07
601 4e-07
602 4e-07
603 1.6e-06
604 8e-07
605 4e-07
606 8e-07
607 0
608 4e-07
609 4e-07
610 2.4e-06
611 4e-07
612 4e-07
613 0
614 1.16193e-06
615 4e-07
616 4e-07
617 8e-07
618 4e-07
619 8e-07
620 1.2e-06
621 4e-07
622 0
623 4e-07
624 4e-07
625 8e-07
626 1.6e-06
627 1.6e-06
628 4e-07
629 2.8e-06
630 1.16193e-06
631 0
632 0
633 4e-07
634 0
635 1.2e-06
636 0
637 4e-07
638 1.6e-06
639 2e-06
640 1.2e-06
641 8e-07
642 0
643 0
644 8e-07
645 1.2e-06
646 4e-07
647 1.2e-06
648 4e-07
649 4e-07
650 8e-07
651 4e-07
652 4e-07
653 8e-07
654 0
655 1.2e-06
656 4e-07
657 1.96193e-06
658 4e-07
659 4e-07
660 4e-07
661 0
662 0
663 4e-07
664 4e-07
665 4e-07
666 8e-07
667 4e-07
668 4e-07
669 4e-07
670 8e-07
671 0
672 0
673 4e-07
674 4e-07
675 1.6e-06
676 4e-07
677 0
678 8e-07
679 8e-07
680 4e-07
681 8e-07
682 4e-07
683 8e-07
684 0
685 8e-07
686 8e-07
687 4e-07
688 1.2e-06
689 0
690 1.2e-06
691 4e-07
692 8e-07
693 4e-07
694 4e-07
695 4e-07
696 4e-07
697 0
698 4e-07
699 1.2e-06
700 1.6e-06
701 0
702 0
703 8e-07
704 4e-07
705 1.2e-06
706 1.56193e-06
707 8e-07
708 4e-07
709 4e-07
710 4e-07
711 0
712 4e-07
713 4e-07
714 8e-07
715 4e-07
716 4e-07
717 4e-07
718 0
719 4e-07
720 2.4e-06
721 4e-07
722 4e-07
723 8e-07
724 8e-07
725 1.2e-06
726 8e-07
727 1.2e-06
728 0
729 4e-07
730 0
731 0
732 8e-07
733 0
734 0
735 4e-07
736 4e-07
737 4e-07
738 4e-07
739 8e-07
740 4e-07
741 0
742 8e-07
743 0
744 0
745 8e-07
746 8e-07
747 0
748 4e-07
749 8e-07
750 1.2e-06
751 8e-07
752 0
753 0
754 8e-07
755 0
756 0
757 0
758 8e-07
759 8e-07
760 4e-07
761 4e-07
762 0
763 8e-07
764 0
765 1.2e-06
766 4e-07
767 1.6e-06
768 4e-07
769 4e-07
770 1.2e-06
771 8e-07
772 1.2e-06
773 2e-06
774 8e-07
775 4e-07
776 4e-07
777 0
778 4e-07
779 0
780 0
781 0
782 4e-07
783 1.2e-06
784 0
785 4e-07
786 0
787 4e-07
788 8e-07
789 8e-07
790 1.16193e-06
791 4e-07
792 4e-07
793 0
794 1.6e-06
795 8e-07
796 4e-07
797 2e-06
798 4e-07
799 4e-07
800 0
801 4e-07
802 8e-07
803 8e-07
804 0
805 4e-07
806 4e-07
807 8e-07
808 0
809 7.61935e-07
810 0
811 8e-07
812 8e-07
813 2e-06
814 8e-07
815 4e-07
816 1.6e-06
817 4e-07
818 0
819 8e-07
820 4e-07
821 8e-07
822 8e-07
823 0
824 4e-07
825 8e-07
826 8e-07
827 4e-07
828 8e-07
829 0
830 0
831 4e-07
832 0
833 8e-07
834 8e-07
835 0
836 4e-07
837 3.61935e-07
838 0
839 4e-07
840 4e-07
841 1.2e-06
842 8e-07
843 0
844 0
845 1.6e-06
846 8e-07
847 4e-07
848 8e-07
849 4e-07
850 4e-07
851 4e-07
852 4e-07
853 0
854 0
855 0
856 0
857 4e-07
858 8e-07
859 8e-07
860 4e-07
861 8e-07
862 4e-07
863 4e-07
864 0
865 4e-07
866 1.56193e-06
867 8e-07
868 8e-07
869 1.2e-06
870 4e-07
871 4e-07
872 4e-07
873 0
874 4e-07
875 8e-07
876 4e-07
877 8e-07
878 4e-07
879 4e-07
880 8e-07
881 4e-07
882 8e-07
883 0
884 1.6e-06
885 4e-07
886 8e-07
887 0
888 7.61935e-07
889 1.2e-06
890 1.56193e-06
891 4e-07
892 1.6e-06
893 1.2e-06
894 1.2e-06
895 0
896 0
897 4e-07
898 8e-07
899 8e-07
900 4e-07
901 8e-07
902 0
903 4e-07
904 1.6e-06
905 1.6e-06
906 4e-07
907 4e-07
908 8e-07
909 4e-07
910 4e-07
911 4e-07
912 8e-07
913 1.2e-06
914 4e-07
915 4e-07
916 3.61935e-07
917 0
918 1.2e-06
919 4e-07
920 4e-07
921 8e-07
922 3.61935e-07
923 4e-07
924 3.27492e-07
925 1.2e-06
926 4e-07
927 8e-07
928 8e-07
929 8e-07
930 0
931 2e-06
932 1.2e-06
933 4e-07
934 4e-07
935 0
936 4e-07
937 8e-07
938 0
939 4e-07
940 0
941 4e-07
942 4e-07
943 4e-07
944 0
945 0
946 1.2e-06
947 0
948 8e-07
949 0
950 7.61935e-07
951 0
952 8e-07
953 1.6e-06
954 4e-07
955 4e-07
956 4e-07
957 0
958 8e-07
959 0
960 0
961 8e-07
962 3.61935e-07
963 0
964 0
965 0
966 4e-07
967 4e-07
968 4e-07
969 4e-07
970 4e-07
971 4e-07
972 0
973 4e-07
974 4e-07
975 4e-07
976 4e-07
977 0
978 0
979 4e-07
980 4e-07
981 4e-07
982 4e-07
983 8e-07
984 4e-07
985 8e-07
986 4e-07
987 1.2e-06
988 4e-07
989 0
990 4e-07
991 4e-07
992 4e-07
993 4e-07
994 0
995 0
996 8e-07
997 0
998 8e-07
999 0
