0 0
1 0.000356
2 0.000425472
3 0.000413472
4 0.000292
5 0.000324
6 0.00028
7 0.000252
8 0.000252
9 0.000208
10 0.000212
11 0.000176
12 0.000141472
13 0.000141472
14 0.000125472
15 0.000104
16 0.000136
17 0.000112
18 0.000109472
19 9.6e-05
20 0.000104
21 9.6e-05
22 8.54715e-05
23 6.54715e-05
24 8.8e-05
25 6.4e-05
26 9.6e-05
27 8.4e-05
28 9.6e-05
29 0.0001
30 7.2e-05
31 6.4e-05
32 7.2e-05
33 7.2e-05
34 8.8e-05
35 4.8e-05
36 5.6e-05
37 5.6e-05
38 5.2e-05
39 5.6e-05
40 1.2e-05
41 6.54715e-05
42 4.4e-05
43 5.2e-05
44 4.8e-05
45 5.6e-05
46 5.6e-05
47 4.8e-05
48 4.8e-05
49 6e-05
50 7.2e-05
51 4.54715e-05
52 5.74715e-05
53 2.4e-05
54 4.8e-05
55 3.2e-05
56 5.6e-05
57 4.4e-05
58 6e-05
59 4.94715e-05
60 6e-05
61 2.8e-05
62 4.8e-05
63 1.6e-05
64 4.8e-05
65 4e-05
66 3.6e-05
67 3.6e-05
68 3.6e-05
69 8.4e-05
70 5.2e-05
71 2e-05
72 4.8e-05
73 3.6e-05
74 5.2e-05
75 4e-05
76 5.2e-05
77 3.6e-05
78 2.8e-05
79 4e-05
80 3.6e-05
81 2.4e-05
82 2e-05
83 4e-05
84 5.2e-05
85 1.2e-05
86 4e-05
87 5.2e-05
88 3.6e-05
89 2.8e-05
90 2e-05
91 1.6e-05
92 2.8e-05
93 1.2e-05
94 2.8e-05
95 1.6e-05
96 1.2e-05
97 4e-05
98 1.6e-05
99 3.2e-05
100 1.6e-05
101 3.6e-05
102 4.8e-05
103 4e-05
104 2.4e-05
105 1.2e-05
106 2e-05
107 1.2e-05
108 3.2e-05
109 2.4e-05
110 2e-05
111 2.8e-05
112 5.34715e-05
113 2.4e-05
114 2.4e-05
115 2.8e-05
116 1.6e-05
117 8e-06
118 4e-05
119 3.2e-05
120 2.4e-05
121 1.74715e-05
122 2.8e-05
123 2.4e-05
124 2e-05
125 2e-05
126 1.6e-05
127 1.6e-05
128 2.4e-05
129 4.8e-05
130 2.8e-05
131 1.6e-05
132 2e-05
133 1.2e-05
134 3.2e-05
135 1.2e-05
136 2.8e-05
137 2.14715e-05
138 1.6e-05
139 2e-05
140 2.8e-05
141 2e-05
142 2.8e-05
143 2.94715e-05
144 2.4e-05
145 2.94715e-05
146 1.2e-05
147 2.8e-05
148 1.6e-05
149 1.6e-05
150 1.6e-05
151 1.2e-05
152 8e-06
153 4e-06
154 2e-05
155 2e-05
156 1.6e-05
157 1.2e-05
158 2.8e-05
159 2.8e-05
160 1.2e-05
161 2.4e-05
162 2e-05
163 2.8e-05
164 8e-06
165 1.6e-05
166 1.2e-05
167 1.34715e-05
168 1.2e-05
169 0
170 2.4e-05
171 2.4e-05
172 1.74715e-05
173 1.2e-05
174 3.6e-05
175 8e-06
176 1.2e-05
177 3.2e-05
178 2e-05
179 8e-06
180 2e-05
181 2e-05
182 2e-05
183 2.4e-05
184 3.2e-05
185 8e-06
186 2e-05
187 4e-06
188 1.6e-05
189 1.2e-05
190 2e-05
191 2e-05
192 8e-06
193 1.6e-05
194 1.2e-05
195 3.6e-05
196 1.6e-05
197 1.2e-05
198 8e-06
199 1.6e-05
200 1.2e-05
201 1.6e-05
202 1.2e-05
203 2e-05
204 1.6e-05
205 2e-05
206 2e-05
207 2.14715e-05
208 4e-06
209 1.74715e-05
210 3.2e-05
211 1.6e-05
212 8e-06
213 2e-05
214 1.6e-05
215 1.6e-05
216 1.6e-05
217 1.2e-05
218 8e-06
219 1.6e-05
220 8e-06
221 8e-06
222 3.2e-05
223 2.4e-05
224 1.6e-05
225 1.6e-05
226 1.2e-05
227 8e-06
228 1.2e-05
229 8e-06
230 8e-06
231 2.8e-05
232 1.2e-05
233 2e-05
234 1.6e-05
235 1.2e-05
236 1.2e-05
237 4e-06
238 4e-06
239 2e-05
240 2.8e-05
241 2.8e-05
242 2e-05
243 2e-05
244 2e-05
245 8e-06
246 8e-06
247 4e-06
248 1.2e-05
249 1.74715e-05
250 2.4e-05
251 8e-06
252 1.6e-05
253 4e-06
254 8e-06
255 8e-06
256 9.47152e-06
257 4e-06
258 4e-06
259 2.4e-05
260 8e-06
261 1.2e-05
262 2e-05
263 8e-06
264 1.6e-05
265 1.6e-05
266 1.2e-05
267 1.6e-05
268 8e-06
269 8e-06
270 2e-05
271 1.6e-05
272 1.74715e-05
273 0
274 1.6e-05
275 8e-06
276 8e-06
277 1.2e-05
278 1.6e-05
279 4e-06
280 8e-06
281 1.6e-05
282 1.2e-05
283 4e-06
284 4e-06
285 8e-06
286 4e-06
287 8e-06
288 1.6e-05
289 2e-05
290 1.2e-05
291 1.6e-05
292 1.74715e-05
293 4e-06
294 2.94715e-05
295 2.4e-05
296 1.2e-05
297 2.54715e-05
298 1.2e-05
299 2.4e-05
300 4e-06
301 1.6e-05
302 8e-06
303 1.6e-05
304 1.6e-05
305 4e-06
306 8e-06
307 1.6e-05
308 1.2e-05
309 5.47152e-06
310 4e-06
311 1.2e-05
312 1.6e-05
313 1.2e-05
314 4e-06
315 8e-06
316 1.6e-05
317 2.4e-05
318 8e-06
319 1.2e-05
320 4e-06
321 1.2e-05
322 8e-06
323 8e-06
324 4e-06
325 8e-06
326 1.2e-05
327 1.2e-05
328 1.2e-05
329 1.2e-05
330 8e-06
331 5.47152e-06
332 8e-06
333 8e-06
334 1.6e-05
335 1.6e-05
336 1.2e-05
337 8e-06
338 2.4e-05
339 8e-06
340 9.47152e-06
341 1.6e-05
342 1.2e-05
343 4e-06
344 0
345 0
346 1.2e-05
347 1.2e-05
348 2e-05
349 4e-06
350 4e-06
351 8e-06
352 4e-06
353 1.2e-05
354 2e-05
355 8e-06
356 4e-06
357 8e-06
358 4e-06
359 1.2e-05
360 1.2e-05
361 4e-06
362 2.4e-05
363 1.2e-05
364 5.47152e-06
365 9.47152e-06
366 2.4e-05
367 1.2e-05
368 4e-06
369 4e-06
370 4e-06
371 0
372 8e-06
373 0
374 8e-06
375 0
376 2e-05
377 1.6e-05
378 0
379 1.2e-05
380 1.6e-05
381 8e-06
382 2.8e-05
383 1.74715e-05
384 2.4e-05
385 4e-06
386 2e-05
387 0
388 1.2e-05
389 4e-06
390 1.6e-05
391 1.6e-05
392 1.2e-05
393 1.2e-05
394 8e-06
395 0
396 4e-06
397 1.2e-05
398 8e-06
399 4e-06
400 4e-06
401 4e-06
402 4e-06
403 1.2e-05
404 1.47152e-06
405 1.2e-05
406 8e-06
407 4e-06
408 1.2e-05
409 8e-06
410 8e-06
411 0
412 1.2e-05
413 1.2e-05
414 0
415 8e-06
416 8e-06
417 1.6e-05
418 4e-06
419 4e-06
420 1.2e-05
421 8e-06
422 2.8e-05
423 8e-06
424 0
425 8e-06
426 8e-06
427 4e-06
428 4e-06
429 4e-06
430 1.6e-05
431 1.2e-05
432 1.2e-05
433 8e-06
434 8e-06
435 1.2e-05
436 4e-06
437 8e-06
438 1.2e-05
439 1.6e-05
440 4e-06
441 1.34715e-05
442 1.2e-05
443 0
444 8e-06
445 0
446 1.2e-05
447 0
448 1.2e-05
449 1.2e-05
450 8e-06
451 1.2e-05
452 2e-05
453 8e-06
454 1.2e-05
455 0
456 2.14715e-05
457 2e-05
458 8e-06
459 0
460 2.4e-05
461 4e-06
462 1.2e-05
463 1.6e-05
464 8e-06
465 4e-06
466 1.2e-05
467 4e-06
468 1.2e-05
469 8e-06
470 4e-06
471 1.6e-05
472 1.6e-05
473 8e-06
474 8e-06
475 1.2e-05
476 1.6e-05
477 1.6e-05
478 8e-06
479 0
480 0
481 4e-06
482 1.2e-05
483 2.4e-05
484 8e-06
485 1.6e-05
486 4e-06
487 9.47152e-06
488 4e-06
489 4e-06
490 1.2e-05
491 8e-06
492 1.6e-05
493 1.6e-05
494 1.6e-05
495 1.2e-05
496 4e-06
497 0
498 1.2e-05
499 1.2e-05
500 4e-06
501 4e-06
502 1.6e-05
503 0
504 4e-06
505 8e-06
506 9.47152e-06
507 4e-06
508 2e-05
509 8e-06
510 1.74715e-05
511 5.47152e-06
512 4e-06
513 0
514 0
515 1.6e-05
516 4e-06
517 8e-06
518 1.6e-05
519 0
520 4e-06
521 8e-06
522 8e-06
523 1.2e-05
524 0
525 8e-06
526 4e-06
527 8e-06
528 8e-06
529 1.2e-05
530 8e-06
531 1.2e-05
532 1.6e-05
533 4e-06
534 8e-06
535 8e-06
536 9.47152e-06
537 1.2e-05
538 5.47152e-06
539 4e-06
540 1.2e-05
541 1.34715e-05
542 8e-06
543 4e-06
544 1.2e-05
545 4e-06
546 8e-06
547 1.6e-05
548 4e-06
549 8e-06
550 8e-06
551 1.2e-05
552 1.6e-05
553 4e-06
554 1.6e-05
555 1.6e-05
556 4e-06
557 1.2e-05
558 1.2e-05
559 1.2e-05
560 1.2e-05
561 8e-06
562 8e-06
563 4e-06
564 4e-06
565 8e-06
566 1.2e-05
567 5.47152e-06
568 1.6e-05
569 1.2e-05
570 2e-05
571 0
572 4e-06
573 4e-06
574 1.2e-05
575 2e-05
576 8e-06
577 4e-06
578 4e-06
579 1.2e-05
580 4e-06
581 9.47152e-06
582 0
583 1.6e-05
584 8e-06
585 0
586 0
587 8e-06
588 4e-06
589 1.2e-05
590 4e-06
591 5.47152e-06
592 4e-06
593 0
594 5.47152e-06
595 0
596 4e-06
597 1.2e-05
598 1.74715e-05
599 4e-06
600 1.2e-05
601 8e-06
602 0
603 1.2e-05
604 1.2e-05
605 8e-06
606 1.6e-05
607 8e-06
608 4e-06
609 4e-06
610 4e-06
611 8e-06
612 1.6e-05
613 8e-06
614 4e-06
615 8e-06
616 8e-06
617 8e-06
618 0
619 0
620 1.2e-05
621 8e-06
622 8e-06
623 1.2e-05
624 1.6e-05
625 0
626 4e-06
627 4e-06
628 8e-06
629 8e-06
630 8e-06
631 1.2e-05
632 4e-06
633 0
634 8e-06
635 1.6e-05
636 0
637 1.6e-05
638 8e-06
639 1.74715e-05
640 8e-06
641 1.2e-05
642 4e-06
643 8e-06
644 8e-06
645 0
646 8e-06
647 4e-06
648 4e-06
649 0
650 4e-06
651 1.2e-05
652 8e-06
653 4e-06
654 8e-06
655 0
656 1.2e-05
657 0
658 4e-06
659 8e-06
660 8e-06
661 4e-06
662 4e-06
663 2.4e-05
664 1.6e-05
665 4e-06
666 4e-06
667 1.2e-05
668 0
669 8e-06
670 8e-06
671 4e-06
672 4e-06
673 0
674 0
675 4e-06
676 4e-06
677 1.2e-05
678 8e-06
679 4e-06
680 0
681 0
682 4e-06
683 4e-06
684 0
685 0
686 4e-06
687 4e-06
688 8e-06
689 4e-06
690 0
691 8e-06
692 8e-06
693 1.2e-05
694 0
695 4e-06
696 1.2e-05
697 4e-06
698 1.2e-05
699 4e-06
700 8e-06
701 8e-06
702 4e-06
703 8e-06
704 0
705 4e-06
706 8e-06
707 8e-06
708 0
709 4e-06
710 8e-06
711 1.2e-05
712 4e-06
713 4e-06
714 1.2e-05
715 8e-06
716 1.2e-05
717 1.2e-05
718 1.2e-05
719 1.2e-05
720 4e-06
721 4e-06
722 0
723 1.6e-05
724 4e-06
725 1.6e-05
726 1.2e-05
727 4e-06
728 1.2e-05
729 4e-06
730 8e-06
731 8e-06
732 4e-06
733 8e-06
734 5.47152e-06
735 4e-06
736 1.6e-05
737 0
738 0
739 0
740 0
741 4e-06
742 4e-06
743 4e-06
744 0
745 0
746 8e-06
747 8e-06
748 0
749 8e-06
750 4e-06
751 4e-06
752 4e-06
753 0
754 4e-06
755 8e-06
756 9.47152e-06
757 4e-06
758 4e-06
759 1.2e-05
760 0
761 0
762 4e-06
763 8e-06
764 0
765 8e-06
766 1.74715e-05
767 4e-06
768 8e-06
769 8e-06
770 8e-06
771 0
772 4e-06
773 0
774 4e-06
775 8e-06
776 0
777 4e-06
778 9.47152e-06
779 4e-06
780 0
781 8e-06
782 0
783 0
784 4e-06
785 0
786 8e-06
787 0
788 1.2e-05
789 0
790 8e-06
791 4e-06
792 1.47152e-06
793 1.2e-05
794 0
795 1.2e-05
796 8e-06
797 8e-06
798 0
799 4e-06
800 4e-06
801 1.2e-05
802 0
803 8e-06
804 1.6e-05
805 4e-06
806 4e-06
807 4e-06
808 4e-06
809 1.2e-05
810 1.2e-05
811 4e-06
812 8e-06
813 4e-06
814 0
815 0
816 1.2e-05
817 4e-06
818 0
819 0
820 0
821 4e-06
822 0
823 4e-06
824 0
825 8e-06
826 0
827 8e-06
828 4e-06
829 1.2e-05
830 8e-06
831 8e-06
832 5.47152e-06
833 4e-06
834 8e-06
835 1.2e-05
836 1.6e-05
837 8e-06
838 5.47152e-06
839 0
840 4e-06
841 0
842 4e-06
843 0
844 0
845 1.6e-05
846 8e-06
847 0
848 4e-06
849 0
850 4e-06
851 4e-06
852 0
853 8e-06
854 5.47152e-06
855 1.2e-05
856 4e-06
857 1.2e-05
858 8e-06
859 8e-06
860 9.47152e-06
861 0
862 4e-06
863 4e-06
864 1.2e-05
865 1.2e-05
866 0
867 1.2e-05
868 4e-06
869 0
870 4e-06
871 5.47152e-06
872 8e-06
873 0
874 8e-06
875 4e-06
876 4e-06
877 1.2e-05
878 0
879 4e-06
880 4e-06
881 0
882 4e-06
883 8e-06
884 4e-06
885 8e-06
886 4e-06
887 4e-06
888 0
889 4e-06
890 8e-06
891 4e-06
892 4e-06
893 8e-06
894 4e-06
895 4e-06
896 1.34715e-05
897 4e-06
898 1.2e-05
899 0
900 4e-06
901 8e-06
902 4e-06
903 0
904 8e-06
905 8e-06
906 0
907 4e-06
908 0
909 4e-06
910 0
911 4e-06
912 4e-06
913 0
914 0
915 4e-06
916 1.6e-05
917 8e-06
918 4e-06
919 4e-06
920 0
921 4e-06
922 4e-06
923 4e-06
924 1.2e-05
925 1.6e-05
926 8e-06
927 0
928 0
929 1.2e-05
930 0
931 1.2e-05
932 4e-06
933 1.2e-05
934 0
935 4e-06
936 8e-06
937 0
938 4e-06
939 1.47152e-06
940 1.2e-05
941 0
942 4e-06
943 0
944 4e-06
945 4e-06
946 0
947 4e-06
948 4e-06
949 0
950 4e-06
951 0
952 1.6e-05
953 4e-06
954 0
955 0
956 4e-06
957 1.2e-05
958 0
959 8e-06
960 5.47152e-06
961 0
962 0
963 1.2e-05
964 0
965 8e-06
966 0
967 0
968 4e-06
969 1.2e-05
970 4e-06
971 4e-06
972 8e-06
973 0
974 4e-06
975 4e-06
976 1.2e-05
977 4e-06
978 8e-06
979 0
980 1.47152e-06
981 8e-06
982 0
983 4e-06
984 4e-06
985 4e-06
986 0
987 0
988 8e-06
989 0
990 8e-06
991 4e-06
992 8e-06
993 4e-06
994 4e-06
995 2e-05
996 1.2e-05
997 4e-06
998 4e-06
999 0
