0 0
1 1.272e-05
2 7.12e-06
3 5.2e-06
4 4.68e-06
5 3.24e-06
6 2.5996e-06
7 2.84e-06
8 1.84e-06
9 1.68e-06
10 1.8e-06
11 1.88e-06
12 1.7996e-06
13 1.48e-06
14 1.32e-06
15 1.2e-06
16 1.4e-06
17 1.08e-06
18 1.08e-06
19 1e-06
20 1e-06
21 1.24e-06
22 1.08e-06
23 9.6e-07
24 9.2e-07
25 1.16e-06
26 5.59602e-07
27 8e-07
28 7.2e-07
29 6.8e-07
30 1.16e-06
31 6.4e-07
32 8.4e-07
33 6.8e-07
34 8.4e-07
35 9.6e-07
36 6.39602e-07
37 7.6e-07
38 5.2e-07
39 7.99602e-07
40 8e-07
41 8e-07
42 3.2e-07
43 5.2e-07
44 6.4e-07
45 5.19602e-07
46 6e-07
47 6.8e-07
48 4.8e-07
49 6e-07
50 4.4e-07
51 2.8e-07
52 6.4e-07
53 6.8e-07
54 4.4e-07
55 6.8e-07
56 2e-07
57 3.6e-07
58 4.8e-07
59 2.4e-07
60 5.2e-07
61 5.19204e-07
62 1.99602e-07
63 3.2e-07
64 3.2e-07
65 3.99602e-07
66 5.6e-07
67 3.19602e-07
68 2.4e-07
69 3.2e-07
70 5.99602e-07
71 2.39208e-07
72 2e-07
73 1.99602e-07
74 4.8e-07
75 3.2e-07
76 5.2e-07
77 1.99602e-07
78 4.4e-07
79 5.2e-07
80 2e-07
81 4.8e-07
82 3.2e-07
83 2.4e-07
84 6.4e-07
85 4.79208e-07
86 3.6e-07
87 3.6e-07
88 4e-07
89 3.2e-07
90 3.2e-07
91 2.4e-07
92 1.6e-07
93 3.2e-07
94 4.4e-07
95 4e-07
96 3.2e-07
97 3.6e-07
98 4e-07
99 2.4e-07
100 3.2e-07
101 3.6e-07
102 2e-07
103 3.2e-07
104 7.6e-07
105 3.2e-07
106 4e-07
107 4e-07
108 4.8e-07
109 2.4e-07
110 2e-07
111 2.8e-07
112 1.59602e-07
113 1.6e-07
114 3.2e-07
115 4e-08
116 1.6e-07
117 1.6e-07
118 2.4e-07
119 1.2e-07
120 2.8e-07
121 3.19602e-07
122 2e-07
123 3.2e-07
124 2.39602e-07
125 2e-07
126 3.6e-07
127 1.2e-07
128 4e-07
129 3.19208e-07
130 4e-07
131 2.4e-07
132 4e-07
133 3.19602e-07
134 3.2e-07
135 2e-07
136 2.8e-07
137 1.6e-07
138 1.2e-07
139 2.4e-07
140 8e-08
141 3.6e-07
142 1.99602e-07
143 1.99602e-07
144 1.2e-07
145 1.2e-07
146 2.8e-07
147 2.8e-07
148 1.6e-07
149 3.2e-07
150 2.8e-07
151 1.6e-07
152 2.8e-07
153 2e-07
154 1.6e-07
155 2e-07
156 2.8e-07
157 1.2e-07
158 1.6e-07
159 1.6e-07
160 2.4e-07
161 1.6e-07
162 2.4e-07
163 1.6e-07
164 8e-08
165 3.6e-07
166 1.6e-07
167 1.2e-07
168 2e-07
169 4.4e-07
170 2.8e-07
171 1.2e-07
172 1.2e-07
173 2e-07
174 1.2e-07
175 2e-07
176 2e-07
177 2e-07
178 1.2e-07
179 2e-07
180 4e-08
181 2e-07
182 8e-08
183 1.2e-07
184 1.2e-07
185 2.8e-07
186 1.99602e-07
187 2.79602e-07
188 3.59602e-07
189 1.6e-07
190 1.6e-07
191 2.8e-07
192 8e-08
193 1.2e-07
194 1.19602e-07
195 3.2e-07
196 1.2e-07
197 2.4e-07
198 2.4e-07
199 4e-08
200 3.19602e-07
201 4e-08
202 1.59602e-07
203 1.2e-07
204 1.6e-07
205 1.99602e-07
206 2.79602e-07
207 1.6e-07
208 1.2e-07
209 8e-08
210 7.9602e-08
211 1.2e-07
212 8e-08
213 8e-08
214 1.6e-07
215 8e-08
216 1.2e-07
217 2e-07
218 4e-08
219 1.6e-07
220 4e-08
221 1.6e-07
222 8e-08
223 2e-07
224 1.6e-07
225 1.6e-07
226 8e-08
227 8e-08
228 1.6e-07
229 1.2e-07
230 2e-07
231 8e-08
232 2e-07
233 1.6e-07
234 1.6e-07
235 1.6e-07
236 2.4e-07
237 2.8e-07
238 1.6e-07
239 1.2e-07
240 1.6e-07
241 1.6e-07
242 8e-08
243 1.2e-07
244 1.2e-07
245 1.2e-07
246 1.2e-07
247 1.2e-07
248 1.6e-07
249 1.2e-07
250 3.6e-07
251 7.9602e-08
252 8e-08
253 2.4e-07
254 1.6e-07
255 1.6e-07
256 1.99602e-07
257 1.6e-07
258 2.4e-07
259 1.6e-07
260 8e-08
261 2e-07
262 4e-08
263 2.8e-07
264 2.8e-07
265 8e-08
266 1.2e-07
267 1.2e-07
268 2e-07
269 1.6e-07
270 1.2e-07
271 8e-08
272 1.6e-07
273 4e-08
274 2.4e-07
275 2.4e-07
276 1.2e-07
277 4e-08
278 1.6e-07
279 8e-08
280 1.2e-07
281 1.2e-07
282 2.39602e-07
283 1.59602e-07
284 2e-07
285 2.4e-07
286 1.2e-07
287 1.2e-07
288 4e-08
289 1.6e-07
290 4e-08
291 4e-08
292 4e-08
293 8e-08
294 1.2e-07
295 8e-08
296 0
297 2.8e-07
298 1.2e-07
299 0
300 4e-08
301 1.6e-07
302 2e-07
303 1.6e-07
304 1.59602e-07
305 1.6e-07
306 8e-08
307 2.4e-07
308 4e-08
309 4e-08
310 1.6e-07
311 1.99602e-07
312 4e-08
313 1.2e-07
314 1.6e-07
315 1.2e-07
316 2e-07
317 8e-08
318 2e-07
319 8e-08
320 2e-07
321 4e-08
322 4e-08
323 2e-07
324 2.79208e-07
325 4e-08
326 8e-08
327 1.2e-07
328 1.19602e-07
329 8e-08
330 8e-08
331 8e-08
332 8e-08
333 2e-07
334 1.2e-07
335 4e-08
336 1.2e-07
337 8e-08
338 4e-08
339 4e-08
340 2.4e-07
341 1.2e-07
342 8e-08
343 2e-07
344 1.6e-07
345 8e-08
346 0
347 8e-08
348 1.2e-07
349 4e-08
350 8e-08
351 8e-08
352 0
353 0
354 0
355 8e-08
356 4e-08
357 8e-08
358 8e-08
359 1.2e-07
360 8e-08
361 1.19602e-07
362 8e-08
363 1.2e-07
364 2e-07
365 4e-08
366 1.6e-07
367 8e-08
368 0
369 1.6e-07
370 1.2e-07
371 4e-08
372 4e-08
373 4e-08
374 1.6e-07
375 8e-08
376 8e-08
377 0
378 1.2e-07
379 1.6e-07
380 0
381 4e-08
382 3.19204e-07
383 8e-08
384 4e-08
385 8e-08
386 1.2e-07
387 8e-08
388 1.2e-07
389 4e-08
390 1.99602e-07
391 2e-07
392 8e-08
393 1.2e-07
394 1.6e-07
395 4e-08
396 4e-08
397 4e-08
398 1.2e-07
399 1.6e-07
400 1.59602e-07
401 4e-08
402 2.8e-07
403 4e-08
404 8e-08
405 4e-08
406 8e-08
407 4e-08
408 8e-08
409 8e-08
410 1.6e-07
411 4e-08
412 8e-08
413 8e-08
414 1.59602e-07
415 1.2e-07
416 2.4e-07
417 0
418 1.6e-07
419 4e-08
420 0
421 1.2e-07
422 8e-08
423 4e-08
424 2e-07
425 1.2e-07
426 2e-07
427 1.2e-07
428 8e-08
429 1.6e-07
430 8e-08
431 4e-08
432 8e-08
433 8e-08
434 1.6e-07
435 4e-08
436 0
437 4e-08
438 1.2e-07
439 8e-08
440 8e-08
441 0
442 2e-07
443 0
444 8e-08
445 1.2e-07
446 1.6e-07
447 2e-07
448 0
449 1.2e-07
450 4e-08
451 4e-08
452 4e-08
453 1.6e-07
454 2e-07
455 8e-08
456 7.9602e-08
457 1.19602e-07
458 3.2e-07
459 1.2e-07
460 4e-08
461 4e-08
462 8e-08
463 1.2e-07
464 1.6e-07
465 8e-08
466 4e-08
467 4e-08
468 7.9602e-08
469 1.6e-07
470 8e-08
471 4e-08
472 8e-08
473 8e-08
474 8e-08
475 1.2e-07
476 8e-08
477 4e-08
478 8e-08
479 4e-08
480 4e-08
481 0
482 0
483 1.59602e-07
484 8e-08
485 1.6e-07
486 8e-08
487 8e-08
488 0
489 1.2e-07
490 8e-08
491 4e-08
492 8e-08
493 0
494 4e-08
495 4e-08
496 2e-07
497 4e-08
498 1.2e-07
499 1.2e-07
500 1.6e-07
501 8e-08
502 2e-07
503 1.2e-07
504 4e-08
505 4e-08
506 1.6e-07
507 7.9602e-08
508 8e-08
509 4e-08
510 0
511 8e-08
512 4e-08
513 4e-08
514 0
515 1.2e-07
516 0
517 4e-08
518 4e-08
519 8e-08
520 0
521 0
522 2e-07
523 4e-08
524 1.2e-07
525 4e-08
526 3.9602e-08
527 4e-08
528 8e-08
529 1.2e-07
530 0
531 1.2e-07
532 0
533 2e-07
534 1.6e-07
535 8e-08
536 4e-08
537 8e-08
538 8e-08
539 1.2e-07
540 0
541 1.2e-07
542 2e-07
543 8e-08
544 1.6e-07
545 1.2e-07
546 4e-08
547 4e-08
548 4e-08
549 0
550 4e-08
551 4e-08
552 8e-08
553 8e-08
554 0
555 8e-08
556 1.19602e-07
557 1.59602e-07
558 2e-07
559 1.6e-07
560 1.2e-07
561 8e-08
562 0
563 4e-08
564 8e-08
565 0
566 4e-08
567 3.9602e-08
568 1.6e-07
569 1.2e-07
570 1.99602e-07
571 1.6e-07
572 8e-08
573 8e-08
574 4e-08
575 4e-08
576 4e-08
577 0
578 4e-08
579 4e-08
580 4e-08
581 8e-08
582 4e-08
583 4e-08
584 0
585 4e-08
586 0
587 1.19602e-07
588 4e-08
589 1.6e-07
590 0
591 4e-08
592 0
593 1.2e-07
594 4e-08
595 1.6e-07
596 7.9602e-08
597 7.9602e-08
598 4e-08
599 8e-08
600 4e-08
601 1.2e-07
602 0
603 8e-08
604 4e-08
605 1.2e-07
606 1.2e-07
607 4e-08
608 1.2e-07
609 1.6e-07
610 4e-08
611 1.2e-07
612 1.6e-07
613 2e-07
614 1.6e-07
615 3.9602e-08
616 1.2e-07
617 8e-08
618 1.2e-07
619 4e-08
620 0
621 1.2e-07
622 4e-08
623 4e-08
624 0
625 2.8e-07
626 8e-08
627 4e-08
628 8e-08
629 4e-08
630 1.6e-07
631 1.59602e-07
632 4e-08
633 4e-08
634 4e-08
635 4e-08
636 0
637 4e-08
638 4e-08
639 8e-08
640 4e-08
641 4e-08
642 8e-08
643 8e-08
644 8e-08
645 1.6e-07
646 4e-08
647 3.9602e-08
648 1.2e-07
649 7.9602e-08
650 4e-08
651 0
652 4e-08
653 8e-08
654 8e-08
655 8e-08
656 0
657 7.9602e-08
658 4e-08
659 8e-08
660 4e-08
661 8e-08
662 2e-07
663 4e-08
664 0
665 4e-08
666 8e-08
667 0
668 0
669 4e-08
670 8e-08
671 1.59602e-07
672 1.2e-07
673 1.2e-07
674 2e-07
675 0
676 0
677 4e-08
678 0
679 8e-08
680 0
681 4e-08
682 4e-08
683 4e-08
684 1.2e-07
685 2.4e-07
686 4e-08
687 8e-08
688 1.2e-07
689 0
690 1.2e-07
691 0
692 0
693 4e-08
694 1.2e-07
695 0
696 8e-08
697 1.6e-07
698 8e-08
699 1.2e-07
700 4e-08
701 8e-08
702 0
703 1.2e-07
704 4e-08
705 0
706 4e-08
707 4e-08
708 4e-08
709 4e-08
710 8e-08
711 0
712 0
713 0
714 4e-08
715 4e-08
716 8e-08
717 8e-08
718 0
719 4e-08
720 8e-08
721 1.6e-07
722 0
723 0
724 4e-08
725 4e-08
726 1.2e-07
727 4e-08
728 1.2e-07
729 1.2e-07
730 4e-08
731 0
732 0
733 8e-08
734 0
735 0
736 8e-08
737 8e-08
738 4e-08
739 4e-08
740 4e-08
741 4e-08
742 1.2e-07
743 4e-08
744 1.2e-07
745 8e-08
746 8e-08
747 1.2e-07
748 4e-08
749 0
750 8e-08
751 4e-08
752 4e-08
753 4e-08
754 4e-08
755 4e-08
756 0
757 1.2e-07
758 4e-08
759 1.2e-07
760 1.19602e-07
761 4e-08
762 8e-08
763 8e-08
764 0
765 4e-08
766 4e-08
767 1.2e-07
768 8e-08
769 0
770 4e-08
771 4e-08
772 8e-08
773 8e-08
774 4e-08
775 1.6e-07
776 4e-08
777 4e-08
778 1.6e-07
779 0
780 1.59602e-07
781 8e-08
782 4e-08
783 7.9602e-08
784 1.2e-07
785 1.2e-07
786 1.6e-07
787 4e-08
788 8e-08
789 4e-08
790 4e-08
791 4e-08
792 1.2e-07
793 4e-08
794 8e-08
795 4e-08
796 4e-08
797 4e-08
798 1.59602e-07
799 0
800 4e-08
801 0
802 0
803 8e-08
804 8e-08
805 0
806 4e-08
807 1.2e-07
808 1.2e-07
809 8e-08
810 0
811 1.2e-07
812 4e-08
813 4e-08
814 4e-08
815 0
816 8e-08
817 8e-08
818 4e-08
819 4e-08
820 8e-08
821 1.98806e-07
822 0
823 0
824 4e-08
825 4e-08
826 4e-08
827 8e-08
828 0
829 8e-08
830 8e-08
831 1.6e-07
832 4e-08
833 1.2e-07
834 0
835 4e-08
836 1.6e-07
837 4e-08
838 8e-08
839 4e-08
840 3.9602e-08
841 4e-08
842 1.59602e-07
843 1.6e-07
844 4e-08
845 0
846 3.9602e-08
847 0
848 4e-08
849 1.2e-07
850 3.9602e-08
851 0
852 1.2e-07
853 4e-08
854 4e-08
855 0
856 0
857 0
858 0
859 4e-08
860 1.6e-07
861 0
862 0
863 4e-08
864 4e-08
865 0
866 1.2e-07
867 3.9602e-08
868 0
869 0
870 0
871 4e-08
872 8e-08
873 1.2e-07
874 8e-08
875 7.9602e-08
876 4e-08
877 4e-08
878 4e-08
879 0
880 0
881 8e-08
882 8e-08
883 0
884 0
885 4e-08
886 8e-08
887 0
888 8e-08
889 0
890 1.19602e-07
891 0
892 4e-08
893 4e-08
894 4e-08
895 8e-08
896 4e-08
897 0
898 4e-08
899 0
900 8e-08
901 8e-08
902 8e-08
903 0
904 8e-08
905 0
906 8e-08
907 8e-08
908 0
909 1.2e-07
910 4e-08
911 4e-08
912 4e-08
913 1.2e-07
914 0
915 1.2e-07
916 4e-08
917 4e-08
918 0
919 8e-08
920 1.2e-07
921 1.2e-07
922 8e-08
923 1.2e-07
924 4e-08
925 8e-08
926 7.9602e-08
927 8e-08
928 0
929 0
930 4e-08
931 0
932 8e-08
933 4e-08
934 4e-08
935 0
936 0
937 8e-08
938 1.2e-07
939 0
940 0
941 1.2e-07
942 8e-08
943 0
944 4e-08
945 0
946 8e-08
947 0
948 1.2e-07
949 8e-08
950 0
951 8e-08
952 4e-08
953 0
954 1.2e-07
955 8e-08
956 0
957 4e-08
958 0
959 4e-08
960 8e-08
961 4e-08
962 0
963 8e-08
964 8e-08
965 4e-08
966 4e-08
967 4e-08
968 4e-08
969 8e-08
970 4e-08
971 8e-08
972 4e-08
973 1.2e-07
974 8e-08
975 7.9602e-08
976 4e-08
977 0
978 4e-08
979 0
980 0
981 0
982 0
983 7.9602e-08
984 8e-08
985 8e-08
986 7.9602e-08
987 4e-08
988 8e-08
989 4e-08
990 0
991 8e-08
992 4e-08
993 0
994 8e-08
995 1.2e-07
996 4e-08
997 8e-08
998 0
999 0
