0 0
1 7.2e-05
2 9.2e-05
3 0.000132
4 0.00012
5 6.4e-05
6 8.4e-05
7 6e-05
8 8.8e-05
9 5.6e-05
10 6e-05
11 6e-05
12 4.8e-05
13 4e-05
14 3.6e-05
15 3.6e-05
16 3.6e-05
17 4.8e-05
18 2.8e-05
19 2.4e-05
20 3.2e-05
21 4e-05
22 1.2e-05
23 1.2e-05
24 2.4e-05
25 4.8e-05
26 0
27 1.2e-05
28 1.6e-05
29 8e-06
30 1.6e-05
31 2.4e-05
32 8e-06
33 1.6e-05
34 2.4e-05
35 2.4e-05
36 1.6e-05
37 2e-05
38 2e-05
39 1.2e-05
40 8e-06
41 0
42 1.6e-05
43 4e-06
44 8e-06
45 2.8e-05
46 4e-06
47 4e-06
48 0
49 4e-06
50 8e-06
51 8e-06
52 4e-06
53 1.2e-05
54 1.2e-05
55 1.2e-05
56 8e-06
57 4e-06
58 8e-06
59 4e-06
60 8e-06
61 1.6e-05
62 1.2e-05
63 4e-06
64 8e-06
65 4e-06
66 1.2e-05
67 0
68 4e-06
69 4e-06
70 1.2e-05
71 4e-06
72 4e-06
73 0
74 1.6e-05
75 4e-06
76 4e-06
77 8e-06
78 8e-06
79 8e-06
80 4e-06
81 4e-06
82 4e-06
83 4e-06
84 8e-06
85 0
86 0
87 0
88 1.2e-05
89 4e-06
90 4e-06
91 0
92 0
93 4e-06
94 8e-06
95 1.2e-05
96 0
97 4e-06
98 4e-06
99 4e-06
100 8e-06
101 0
102 4e-06
103 0
104 4e-06
105 0
106 4e-06
107 4e-06
108 0
109 0
110 4e-06
111 0
112 0
113 4e-06
114 4e-06
115 4e-06
116 4e-06
117 0
118 4e-06
119 4e-06
120 0
121 0
122 0
123 0
124 4e-06
125 4e-06
126 4e-06
127 0
128 0
129 0
130 4e-06
131 4e-06
132 4e-06
133 0
134 0
135 0
136 0
137 0
138 8e-06
139 4e-06
140 0
141 0
142 4e-06
143 1.2e-05
144 8e-06
145 4e-06
146 0
147 0
148 4e-06
149 0
150 0
151 4e-06
152 4e-06
153 4e-06
154 4e-06
155 0
156 0
157 4e-06
158 0
159 0
160 4e-06
161 0
162 0
163 4e-06
164 4e-06
165 0
166 0
167 0
168 0
169 0
170 4e-06
171 4e-06
172 0
173 4e-06
174 4e-06
175 0
176 4e-06
177 4e-06
178 4e-06
179 0
180 4e-06
181 0
182 0
183 0
184 0
185 4e-06
186 0
187 0
188 0
189 0
190 4e-06
191 4e-06
192 0
193 0
194 0
195 4e-06
196 0
197 0
198 0
199 0
200 0
201 0
202 0
203 0
204 4e-06
205 0
206 0
207 0
208 0
209 0
210 4e-06
211 0
212 0
213 0
214 0
215 4e-06
216 0
217 0
218 0
219 0
220 4e-06
221 0
222 0
223 0
224 4e-06
225 0
226 4e-06
227 0
228 0
229 0
230 4e-06
231 0
232 0
233 0
234 0
235 0
236 4e-06
237 0
238 0
239 0
240 8e-06
241 0
242 0
243 0
244 0
245 0
246 0
247 0
248 0
249 0
250 0
251 4e-06
252 0
253 4e-06
254 8e-06
255 0
256 4e-06
257 0
258 0
259 0
260 0
261 0
262 0
263 4e-06
264 0
265 0
266 0
267 4e-06
268 4e-06
269 0
270 4e-06
271 0
272 0
273 0
274 0
275 0
276 0
277 0
278 0
279 0
280 0
281 0
282 0
283 0
284 0
285 0
286 0
287 0
288 0
289 0
290 0
291 4e-06
292 0
293 0
294 0
295 0
296 0
297 0
298 4e-06
299 4e-06
300 8e-06
301 0
302 0
303 0
304 0
305 0
306 0
307 0
308 0
309 0
310 0
311 0
312 0
313 0
314 0
315 0
316 0
317 0
318 4e-06
319 0
320 0
321 0
322 4e-06
323 0
324 0
325 0
326 4e-06
327 0
328 0
329 0
330 0
331 0
332 0
333 0
334 0
335 0
336 0
337 0
338 0
339 4e-06
340 0
341 0
342 0
343 0
344 0
345 4e-06
346 0
347 4e-06
348 0
349 0
350 0
351 0
352 0
353 0
354 0
355 0
356 0
357 0
358 0
359 0
360 0
361 0
362 0
363 0
364 0
365 0
366 4e-06
367 4e-06
368 0
369 0
370 0
371 0
372 0
373 0
374 0
375 0
376 0
377 0
378 4e-06
379 0
380 0
381 0
382 0
383 0
384 4e-06
385 0
386 0
387 0
388 4e-06
389 4e-06
390 0
391 0
392 4e-06
393 0
394 0
395 0
396 0
397 0
398 0
399 0
400 0
401 0
402 0
403 0
404 0
405 0
406 0
407 0
408 0
409 0
410 0
411 0
412 0
413 0
414 0
415 0
416 4e-06
417 0
418 0
419 0
420 0
421 0
422 0
423 0
424 0
425 0
426 0
427 0
428 0
429 0
430 0
431 0
432 4e-06
433 0
434 0
435 0
436 0
437 0
438 4e-06
439 0
440 0
441 0
442 0
443 0
444 0
445 4e-06
446 0
447 0
448 4e-06
449 0
450 0
451 0
452 4e-06
453 4e-06
454 0
455 0
456 0
457 0
458 0
459 0
460 4e-06
461 0
462 0
463 0
464 0
465 0
466 0
467 0
468 0
469 0
470 0
471 0
472 0
473 0
474 0
475 0
476 0
477 1.2e-05
478 0
479 0
480 0
481 0
482 0
483 0
484 0
485 0
486 0
487 0
488 0
489 0
490 0
491 0
492 0
493 0
494 4e-06
495 0
496 0
497 0
498 0
499 4e-06
500 0
501 0
502 0
503 0
504 0
505 0
506 0
507 4e-06
508 0
509 0
510 0
511 0
512 0
513 0
514 0
515 0
516 0
517 0
518 0
519 4e-06
520 0
521 0
522 0
523 0
524 0
525 0
526 0
527 0
528 0
529 0
530 0
531 0
532 0
533 0
534 0
535 0
536 0
537 0
538 0
539 0
540 0
541 0
542 0
543 0
544 0
545 0
546 0
547 0
548 4e-06
549 0
550 0
551 0
552 0
553 0
554 0
555 0
556 0
557 0
558 0
559 0
560 0
561 0
562 0
563 0
564 0
565 0
566 0
567 0
568 0
569 0
570 0
571 0
572 0
573 0
574 0
575 0
576 4e-06
577 4e-06
578 0
579 0
580 0
581 0
582 0
583 0
584 0
585 0
586 0
587 4e-06
588 0
589 4e-06
590 0
591 0
592 0
593 0
594 0
595 0
596 0
597 0
598 0
599 0
600 0
601 0
602 0
603 0
604 4e-06
605 0
606 0
607 0
608 0
609 0
610 0
611 0
612 0
613 0
614 0
615 0
616 4e-06
617 0
618 0
619 0
620 0
621 0
622 0
623 0
624 0
625 0
626 0
627 0
628 0
629 0
630 0
631 0
632 0
633 0
634 0
635 0
636 0
637 0
638 0
639 0
640 0
641 4e-06
642 0
643 0
644 0
645 0
646 0
647 0
648 0
649 0
650 0
651 0
652 0
653 0
654 0
655 0
656 4e-06
657 0
658 0
659 0
660 0
661 0
662 0
663 0
664 0
665 0
666 0
667 0
668 0
669 0
670 0
671 0
672 0
673 0
674 0
675 0
676 0
677 0
678 0
679 0
680 0
681 4e-06
682 0
683 0
684 0
685 0
686 0
687 0
688 0
689 0
690 0
691 0
692 0
693 0
694 0
695 0
696 0
697 0
698 0
699 0
700 0
701 0
702 0
703 0
704 0
705 0
706 0
707 0
708 0
709 0
710 0
711 4e-06
712 0
713 0
714 0
715 0
716 0
717 0
718 0
719 0
720 0
721 0
722 0
723 0
724 0
725 0
726 0
727 0
728 0
729 0
730 0
731 0
732 0
733 0
734 0
735 0
736 0
737 0
738 0
739 0
740 0
741 0
742 0
743 0
744 0
745 0
746 0
747 0
748 0
749 0
750 0
751 0
752 0
753 0
754 0
755 0
756 0
757 0
758 0
759 0
760 0
761 0
762 0
763 0
764 0
765 0
766 0
767 0
768 4e-06
769 0
770 0
771 0
772 0
773 0
774 0
775 0
776 0
777 0
778 0
779 0
780 0
781 0
782 0
783 0
784 0
785 0
786 0
787 0
788 0
789 0
790 0
791 0
792 4e-06
793 0
794 0
795 0
796 0
797 0
798 0
799 0
800 0
801 0
802 0
803 0
804 0
805 0
806 0
807 0
808 0
809 0
810 0
811 0
812 0
813 0
814 0
815 0
816 4e-06
817 0
818 0
819 0
820 0
821 4e-06
822 0
823 0
824 0
825 0
826 0
827 4e-06
828 0
829 0
830 0
831 0
832 0
833 4e-06
834 0
835 0
836 0
837 0
838 0
839 0
840 0
841 0
842 0
843 0
844 0
845 0
846 0
847 0
848 0
849 0
850 0
851 0
852 0
853 0
854 0
855 0
856 0
857 0
858 0
859 0
860 0
861 0
862 0
863 0
864 0
865 0
866 0
867 0
868 0
869 0
870 0
871 0
872 0
873 0
874 0
875 0
876 0
877 0
878 0
879 4e-06
880 0
881 0
882 4e-06
883 4e-06
884 0
885 0
886 0
887 0
888 0
889 4e-06
890 0
891 0
892 4e-06
893 0
894 0
895 0
896 0
897 0
898 0
899 0
900 0
901 0
902 0
903 0
904 0
905 0
906 0
907 4e-06
908 0
909 0
910 0
911 0
912 0
913 0
914 0
915 4e-06
916 0
917 0
918 0
919 0
920 0
921 0
922 0
923 0
924 0
925 0
926 0
927 0
928 4e-06
929 0
930 0
931 4e-06
932 0
933 0
934 0
935 0
936 0
937 0
938 0
939 0
940 0
941 0
942 0
943 0
944 0
945 0
946 0
947 0
948 0
949 0
950 0
951 0
952 0
953 0
954 0
955 0
956 0
957 0
958 0
959 0
960 0
961 0
962 0
963 0
964 0
965 0
966 0
967 0
968 0
969 0
970 0
971 0
972 0
973 0
974 0
975 0
976 0
977 4e-06
978 0
979 0
980 0
981 0
982 0
983 0
984 0
985 0
986 0
987 0
988 0
989 0
990 0
991 0
992 0
993 0
994 0
995 0
996 0
997 0
998 0
999 0
