0 0
1 0.001556
2 0.000657472
3 0.000348
4 0.00022
5 0.000205472
6 0.000188
7 0.000116
8 0.00012
9 6.8e-05
10 6e-05
11 4.4e-05
12 6.4e-05
13 2.8e-05
14 5.2e-05
15 1.6e-05
16 2.94715e-05
17 4.4e-05
18 3.6e-05
19 2e-05
20 4e-05
21 1.6e-05
22 3.2e-05
23 4.8e-05
24 1.2e-05
25 5.47152e-06
26 2e-05
27 2.4e-05
28 2e-05
29 1.2e-05
30 3.2e-05
31 8e-06
32 1.6e-05
33 2.8e-05
34 2e-05
35 8e-06
36 4e-06
37 1.2e-05
38 2e-05
39 0
40 1.6e-05
41 2.4e-05
42 0
43 8e-06
44 8e-06
45 8e-06
46 1.2e-05
47 4e-06
48 4e-06
49 4e-06
50 0
51 0
52 1.2e-05
53 4e-06
54 2e-05
55 0
56 8e-06
57 4e-06
58 4e-06
59 8e-06
60 1.2e-05
61 0
62 9.47152e-06
63 1.2e-05
64 4e-06
65 0
66 0
67 4e-06
68 0
69 0
70 0
71 4e-06
72 8e-06
73 0
74 0
75 4e-06
76 4e-06
77 4e-06
78 1.2e-05
79 4e-06
80 0
81 2.4e-05
82 4e-06
83 4e-06
84 4e-06
85 0
86 4e-06
87 1.6e-05
88 0
89 0
90 4e-06
91 0
92 0
93 4e-06
94 4e-06
95 4e-06
96 1.6e-05
97 4e-06
98 8e-06
99 4e-06
100 0
101 2e-05
102 4e-06
103 0
104 0
105 8e-06
106 4e-06
107 0
108 4e-06
109 4e-06
110 0
111 0
112 0
113 0
114 0
115 0
116 4e-06
117 0
118 4e-06
119 0
120 0
121 4e-06
122 0
123 4e-06
124 0
125 0
126 8e-06
127 4e-06
128 0
129 0
130 4e-06
131 0
132 4e-06
133 0
134 4e-06
135 4e-06
136 4e-06
137 8e-06
138 0
139 0
140 0
141 0
142 0
143 0
144 4e-06
145 0
146 8e-06
147 8e-06
148 0
149 0
150 4e-06
151 0
152 4e-06
153 0
154 0
155 0
156 0
157 0
158 0
159 0
160 4e-06
161 0
162 0
163 4e-06
164 0
165 0
166 0
167 0
168 0
169 4e-06
170 0
171 4e-06
172 4e-06
173 4e-06
174 0
175 4e-06
176 1.2e-05
177 0
178 0
179 4e-06
180 0
181 0
182 0
183 4e-06
184 0
185 4e-06
186 4e-06
187 8e-06
188 0
189 8e-06
190 0
191 0
192 0
193 0
194 0
195 4e-06
196 1.47152e-06
197 0
198 4e-06
199 0
200 0
201 8e-06
202 0
203 0
204 0
205 0
206 4e-06
207 0
208 4e-06
209 0
210 0
211 0
212 4e-06
213 0
214 0
215 0
216 4e-06
217 0
218 0
219 4e-06
220 0
221 0
222 4e-06
223 0
224 0
225 0
226 0
227 4e-06
228 0
229 0
230 4e-06
231 8e-06
232 0
233 4e-06
234 0
235 0
236 0
237 0
238 0
239 4e-06
240 0
241 0
242 4e-06
243 0
244 0
245 0
246 0
247 0
248 0
249 0
250 8e-06
251 0
252 4e-06
253 4e-06
254 0
255 0
256 0
257 0
258 0
259 0
260 0
261 0
262 0
263 0
264 0
265 0
266 0
267 0
268 0
269 0
270 0
271 0
272 0
273 4e-06
274 0
275 0
276 0
277 4e-06
278 0
279 0
280 0
281 0
282 4e-06
283 0
284 0
285 0
286 0
287 0
288 4e-06
289 4e-06
290 0
291 0
292 0
293 0
294 4e-06
295 8e-06
296 0
297 0
298 0
299 4e-06
300 0
301 0
302 0
303 4e-06
304 0
305 0
306 0
307 0
308 0
309 0
310 4e-06
311 0
312 4e-06
313 0
314 4e-06
315 0
316 0
317 4e-06
318 4e-06
319 0
320 0
321 0
322 0
323 0
324 4e-06
325 4e-06
326 4e-06
327 0
328 0
329 0
330 0
331 0
332 0
333 0
334 0
335 4e-06
336 0
337 0
338 0
339 0
340 4e-06
341 0
342 0
343 0
344 0
345 0
346 0
347 0
348 0
349 0
350 0
351 0
352 0
353 0
354 0
355 0
356 4e-06
357 0
358 0
359 0
360 0
361 0
362 0
363 0
364 0
365 0
366 0
367 0
368 0
369 0
370 0
371 0
372 0
373 0
374 0
375 0
376 0
377 0
378 0
379 4e-06
380 0
381 4e-06
382 0
383 0
384 0
385 0
386 0
387 0
388 0
389 0
390 0
391 0
392 0
393 4e-06
394 0
395 0
396 4e-06
397 0
398 0
399 0
400 0
401 0
402 0
403 0
404 0
405 0
406 8e-06
407 0
408 0
409 0
410 0
411 0
412 0
413 4e-06
414 0
415 0
416 0
417 0
418 0
419 4e-06
420 0
421 0
422 0
423 0
424 0
425 0
426 0
427 0
428 0
429 0
430 0
431 0
432 0
433 0
434 0
435 0
436 4e-06
437 0
438 0
439 0
440 0
441 0
442 0
443 0
444 0
445 0
446 0
447 0
448 4e-06
449 0
450 0
451 0
452 0
453 0
454 4e-06
455 0
456 0
457 0
458 0
459 0
460 0
461 0
462 0
463 0
464 4e-06
465 0
466 0
467 0
468 0
469 4e-06
470 0
471 0
472 0
473 0
474 8e-06
475 4e-06
476 0
477 4e-06
478 0
479 0
480 0
481 0
482 0
483 0
484 0
485 0
486 0
487 0
488 0
489 0
490 0
491 0
492 4e-06
493 4e-06
494 0
495 0
496 0
497 0
498 0
499 0
500 0
501 0
502 0
503 0
504 0
505 0
506 0
507 0
508 4e-06
509 0
510 0
511 0
512 0
513 0
514 0
515 0
516 4e-06
517 0
518 0
519 0
520 0
521 0
522 0
523 0
524 0
525 0
526 4e-06
527 0
528 0
529 0
530 0
531 4e-06
532 0
533 0
534 0
535 0
536 4e-06
537 0
538 0
539 0
540 0
541 0
542 0
543 0
544 0
545 0
546 0
547 0
548 0
549 0
550 0
551 0
552 0
553 0
554 0
555 0
556 0
557 0
558 0
559 0
560 0
561 0
562 0
563 0
564 0
565 0
566 0
567 0
568 0
569 0
570 0
571 4e-06
572 0
573 0
574 0
575 0
576 4e-06
577 0
578 0
579 0
580 0
581 0
582 0
583 0
584 0
585 0
586 0
587 0
588 0
589 0
590 0
591 0
592 0
593 0
594 0
595 0
596 4e-06
597 8e-06
598 0
599 0
600 0
601 0
602 4e-06
603 0
604 0
605 0
606 0
607 0
608 0
609 0
610 0
611 0
612 0
613 0
614 0
615 0
616 4e-06
617 4e-06
618 0
619 0
620 0
621 0
622 0
623 0
624 0
625 4e-06
626 0
627 0
628 0
629 0
630 0
631 0
632 0
633 0
634 0
635 0
636 0
637 0
638 0
639 0
640 0
641 0
642 4e-06
643 0
644 0
645 0
646 0
647 0
648 0
649 0
650 0
651 0
652 0
653 0
654 0
655 0
656 0
657 0
658 0
659 0
660 0
661 0
662 0
663 0
664 0
665 0
666 0
667 0
668 0
669 0
670 0
671 0
672 0
673 0
674 0
675 0
676 0
677 0
678 0
679 0
680 0
681 0
682 0
683 0
684 0
685 0
686 4e-06
687 0
688 0
689 0
690 0
691 0
692 0
693 0
694 0
695 0
696 0
697 0
698 0
699 0
700 0
701 0
702 0
703 0
704 0
705 0
706 0
707 0
708 0
709 0
710 0
711 0
712 0
713 0
714 0
715 0
716 0
717 4e-06
718 0
719 0
720 0
721 0
722 0
723 0
724 0
725 0
726 0
727 0
728 0
729 0
730 0
731 0
732 0
733 0
734 0
735 0
736 0
737 0
738 0
739 0
740 0
741 0
742 0
743 0
744 0
745 0
746 0
747 0
748 0
749 0
750 0
751 0
752 0
753 0
754 0
755 0
756 0
757 0
758 0
759 0
760 0
761 0
762 0
763 0
764 0
765 0
766 0
767 0
768 0
769 0
770 0
771 0
772 0
773 0
774 0
775 0
776 0
777 0
778 0
779 0
780 0
781 0
782 0
783 8e-06
784 0
785 0
786 0
787 0
788 0
789 0
790 0
791 0
792 0
793 0
794 0
795 0
796 0
797 0
798 0
799 0
800 0
801 0
802 4e-06
803 0
804 0
805 4e-06
806 4e-06
807 4e-06
808 0
809 0
810 0
811 0
812 0
813 0
814 4e-06
815 0
816 4e-06
817 0
818 4e-06
819 0
820 0
821 0
822 0
823 0
824 0
825 0
826 0
827 0
828 0
829 0
830 0
831 0
832 0
833 0
834 0
835 0
836 0
837 0
838 0
839 0
840 0
841 0
842 0
843 0
844 0
845 0
846 0
847 0
848 0
849 0
850 0
851 0
852 4e-06
853 0
854 0
855 0
856 0
857 0
858 0
859 0
860 0
861 0
862 0
863 0
864 0
865 0
866 4e-06
867 0
868 0
869 0
870 0
871 0
872 0
873 0
874 0
875 0
876 0
877 0
878 0
879 0
880 0
881 0
882 0
883 0
884 0
885 4e-06
886 0
887 0
888 0
889 0
890 0
891 0
892 0
893 0
894 0
895 0
896 0
897 0
898 0
899 0
900 0
901 0
902 0
903 0
904 0
905 0
906 0
907 0
908 0
909 0
910 0
911 0
912 0
913 0
914 0
915 0
916 0
917 4e-06
918 0
919 0
920 0
921 0
922 0
923 0
924 0
925 4e-06
926 0
927 0
928 0
929 0
930 0
931 0
932 0
933 0
934 0
935 0
936 4e-06
937 0
938 0
939 0
940 0
941 0
942 0
943 0
944 0
945 0
946 0
947 0
948 0
949 0
950 0
951 0
952 0
953 0
954 0
955 0
956 0
957 0
958 0
959 0
960 0
961 0
962 0
963 0
964 0
965 0
966 0
967 0
968 0
969 0
970 4e-06
971 4e-06
972 0
973 0
974 0
975 0
976 0
977 0
978 0
979 0
980 0
981 0
982 0
983 0
984 0
985 0
986 0
987 0
988 0
989 0
990 0
991 0
992 4e-06
993 0
994 0
995 0
996 0
997 0
998 0
999 0
