0 -3.9715501047428 -3.98015752771645 -3.96294268176915
0.993251773010283 -4.40290712265324 -4.41352656276368 -4.39228768254279
2.00012773496011 -5.71544319739599 -5.73298657780507 -5.69789678179998
3.00022217882684 -8.58491544191262 -8.64153809311323 -8.52828744037172
4.00003388275086 -12.2404860523193 -12.6293422808169 -11.8516298238216
4.99997871390773 -14.3842725451534 -15.730286327636 -13.0382658269878
6.00000299062804 -23.803613088422 -28.7239017921068 -18.8833156783535
6.9999971198819 -67.339285522034 -69.8199342451943 -64.8586403153695
8.00000067527204 -447.986419787676 -447.986419787676 -447.986419787676
8.99999951529857 -Inf NaN NaN
