1 1 1 0 0 0 0
1 1 2.71828 0 0.40594 0.394097 0.417616
1 1 7.38906 0 0.522999 0.510322 0.535707
1 1 20.0855 0 0.592822 0.579807 0.605269
1 1 54.5982 0 0.653825 0.64142 0.66601
1 1 148.413 0 0.694109 0.68239 0.706453
1 1 403.429 0 0.731303 0.719463 0.742867
1 1 1096.63 0 0.753215 0.742055 0.764802
1 1 2980.96 0 0.775957 0.764971 0.786976
1 1 8103.08 0 0.7912 0.780315 0.801894
1 1 22026.5 0 0.808957 0.798573 0.819396
1 1 59874.1 0 0.826679 0.816693 0.836564
1 1 162755 0 0.841185 0.831426 0.85078
1 1 442413 0 0.841185 0.831552 0.850843
