0.62 1e-05 1 0 0 0 0
0.62 1e-05 2.71828 0 4.65997e-06 4.44997e-06 4.86997e-06
0.62 1e-05 7.38906 0 6.82993e-06 6.52993e-06 7.14992e-06
0.62 1e-05 20.0855 0 7.86991e-06 7.51991e-06 8.2199e-06
0.62 1e-05 54.5982 0 8.55989e-06 8.1699e-06 8.92989e-06
0.62 1e-05 148.413 0 8.84988e-06 8.44989e-06 9.23987e-06
0.62 1e-05 403.429 0 9.09988e-06 8.69988e-06 9.50987e-06
0.62 1e-05 1096.63 0 9.20987e-06 8.80989e-06 9.61987e-06
0.62 1e-05 2980.96 0 9.25987e-06 8.84988e-06 9.66987e-06
0.62 1e-05 8103.08 0 9.30987e-06 8.89989e-06 9.72986e-06
0.62 1e-05 22026.5 0 9.34987e-06 8.93988e-06 9.76986e-06
0.62 1e-05 59874.1 0 9.34987e-06 8.93988e-06 9.75987e-06
0.62 1e-05 162755 0 9.34987e-06 8.92988e-06 9.75987e-06
0.62 1e-05 442413 0 9.34987e-06 8.93989e-06 9.76987e-06
