0 -2.8704556076322 -2.90946706103778 -2.83144591873217
0.993251773010283 -3.02480893204552 -3.06607143279191 -2.98354643129913
2.00012773496011 -3.41283078809274 -3.45990525133459 -3.36575632485088
3.00022217882684 -4.23683943565366 -4.29881878970674 -4.17485316271756
4.00003388275086 -5.95237461173651 -6.06645876120221 -5.83829430892768
4.99997871390773 -8.76782356799958 -9.20183379528691 -8.3338126982947
6.00000299062804 -11.5199299391231 -13.3723901111237 -9.66746976712255
6.9999971198819 -14.2056462640412 -18.0686007742448 -10.3426917538375
8.00000067527204 -17.6632450735101 -28.7354975116196 -6.59099263540053
8.99999951529857 -62.4540175829358 -80.639750793495 -44.2682870298274
