0 1
134 135
139 140
143 144
162 163
177 178
201 202
223 224
243 244
313 314
378 379
382 383
585 586
587 588
611 612
614 615
627 628
646 647
657 658
659 660
662 663
13474 13475
13903 13904
13908 13909
13911 13912
13927 13934
21575 21578
22879 22880
22882 22883
22885 22886
22887 22888
22954 22956
22975 22976
22992 22993
22994 22995
23054 23055
23058 23059
23105 23106
23107 23108
23119 23120
23142 23143
23149 23150
23152 23154
39824 39825
40505 40506
40512 40513
40550 40551
40555 40556
40558 40559
40560 40561
44191 44192
44193 44194
44203 44204
44205 44207
44208 44210
44221 44222
44230 44231
44237 44238
44291 44292
44479 44480
44502 44503
44548 44549
44584 44585
44591 44593
44640 44641
44665 44666
44672 44673
44674 44675
44689 44690
44696 44698
44705 44706
44707 44708
44717 44718
44914 44916
44924 44925
44928 44929
47707 47708
47754 47756
47761 47762
47780 47781
47808 47810
47811 47812
47816 47817
47818 47821
47842 47843
47856 47858
47860 47861
47864 47865
47876 47878
47887 47888
49662 49663
49670 49671
49673 49674
49677 49679
49692 49693
49694 49696
49707 49708
49739 49741
50169 50170
50171 50172
50353 50354
50360 50362
50373 50374
50375 50377
50382 50383
50441 50442
50444 50445
50462 50463
50465 50466
50480 50482
50485 50487
50488 50489
50761 50762
50770 50771
50790 50791
51036 51038
51046 51048
51049 51050
51051 51053
51066 51068
51069 51070
51081 51082
51085 51086
51095 51097
51108 51110
51117 51118
51122 51123
51124 51125
51127 51128
51154 51155
51186 51187
51283 51284
51287 51288
51422 51423
51424 51425
51465 51466
51467 51470
51872 51873
52670 52671
52680 52681
53755 53756
53758 53759
53760 53761
53973 53974
53977 53978
53990 53993
54000 54002
54005 54008
54009 54011
54019 54020
54417 54418
54420 54422
54447 54448
55188 55189
55190 55192
55246 55247
55248 55249
55253 55254
57324 57327
57328 57329
78966 78967
80845 80846
80847 80848
80853 80854
87097 87098
87099 87100
87824 87825
88007 88008
88011 88013
88027 88028
88029 88030
88265 88266
88268 88269
88284 88285
88286 88287
88299 88301
88302 88303
88305 88308
88413 88414
88421 88422
88425 88426
88442 88445
88828 88829
88872 88873
88877 88881
88924 88925
88926 88927
89037 89040
89041 89042
98088 98089
98140 98141
98190 98191
98347 98348
98350 98351
98352 98353
98374 98376
98390 98391
98392 98393
98394 98396
99393 99395
99396 99397
112466 112467
112482 112483
112484 112486
545466 545468
545469 545470
545475 545476
545501 545502
545507 545508
545511 545512
545551 545553
545582 545583
545584 545585
545586 545587
545589 545590
545601 545603
545606 545608
545611 545612
546735 546736
546753 546754
546758 546759
546762 546763
546846 546847
546920 546921
558690 558691
558692 558693
558694 558695
558709 558710
558712 558713
558714 558717
558741 558742
558758 558759
558920 558923
558931 558932
559014 559017
559381 559382
559383 559384
651584 651585
651611 651614
870261 870262
870271 870272
870578 870579
870581 870582
870603 870604
870744 870746
870748 870749
870774 870775
870776 870777
870778 870780
870805 870806
870808 870809
870960 870961
870995 870996
871022 871025
871032 871034
871070 871072
871075 871076
871079 871080
871081 871082
871083 871084
871212 871213
871306 871309
871316 871317
871323 871324
871433 871434
871435 871436
871442 871444
871667 871668
871701 871703
871977 871978
872023 872024
872027 872028
872031 872033
872035 872036
872045 872046
872083 872084
872099 872101
872276 872277
872278 872279
874089 874090
874271 874272
874273 874274
874283 874287
874290 874291
874292 874293
874450 874451
874761 874762
874824 874826
874848 874849
874850 874851
875462 875463
875488 875489
875544 875546
875550 875551
875554 875555
875558 875559
875564 875565
875575 875576
875577 875578
875586 875587
876006 876007
876019 876020
876305 876306
876308 876309
883894 883895
883901 883904
884064 884065
884242 884243
884481 884483
884535 884536
884722 884723
884724 884725
884752 884755
884767 884769
884770 884773
884774 884775
884776 884777
884778 884779
884781 884782
884842 884843
885011 885015
885221 885223
885569 885570
885572 885573
885582 885583
892086 892087
892090 892091
892092 892093
892095 892096
894671 894673
897972 897973
897976 897977
897983 897984
898038 898040
898235 898236
898298 898299
898309 898310
898316 898317
898322 898323
898370 898371
898372 898373
898395 898396
911289 911292
911547 911548
915869 915870
915871 915872
915873 915874
915875 915876
917484 917485
917486 917489
917490 917491
923619 923620
923627 923628
923629 923630
923654 923655
923658 923659
923663 923664
923665 923666
923667 923668
923755 923756
923757 923758
924103 924104
924125 924127
924208 924209
924212 924214
924928 924929
924931 924932
925003 925004
925094 925095
925096 925097
925098 925099
925139 925141
925142 925143
925144 925145
925194 925195
925196 925197
925329 925330
925391 925392
930167 930168
930170 930172
930173 930174
959756 959757
964166 964167
964202 964203
964211 964212
964842 964843
965489 965491
965495 965496
965497 965498
981419 981420
981421 981423
981468 981469
981470 981473
986505 986507
986564 986565
986591 986593
986601 986602
986604 986605
986609 986610
986627 986628
986632 986633
986822 986823
986827 986828
986832 986834
986835 986837
986842 986845
986897 986898
986901 986902
986913 986915
986926 986928
986967 986968
986973 986974
987081 987085
987087 987088
