0 1
5 6
7 8
13 14
30 32
35 36
1568 1569
1594 1595
1605 1606
1661 1662
1665 1666
1712 1713
1756 1757
1760 1761
2535 2536
3208 3209
3210 3211
3325 3326
3327 3328
717863 717864
717866 717869
717873 717874
717914 717915
717958 717959
717985 717986
717991 717993
717994 717996
717998 717999
718084 718085
718091 718092
719398 719399
720052 720053
720550 720552
720567 720568
721209 721210
723799 723800
723838 723841
723853 723854
723866 723869
724162 724164
733434 733435
733442 733445
733446 733447
733455 733456
733464 733465
733468 733469
733640 733641
733642 733643
733644 733645
733689 733690
734054 734055
734056 734057
734063 734064
734117 734118
735022 735023
735079 735080
735096 735097
735112 735113
735122 735123
736950 736951
736959 736960
736961 736962
737048 737049
737060 737061
741696 741699
741706 741707
741715 741717
741725 741726
741747 741748
741759 741761
741763 741764
742139 742141
742143 742144
742157 742158
742159 742160
742212 742213
742214 742215
742229 742230
742243 742244
742247 742248
742255 742257
742264 742265
742308 742309
742311 742312
742523 742524
742597 742598
742644 742645
742646 742647
744904 744905
744934 744936
744945 744946
744959 744960
744963 744964
744966 744967
745014 745017
745185 745186
745214 745215
745236 745237
745239 745240
745252 745253
745254 745256
745257 745258
745259 745260
745273 745274
754611 754612
754620 754623
768066 768067
768068 768069
768083 768085
768087 768088
768100 768101
768106 768107
769305 769306
769309 769310
769311 769312
769318 769319
769321 769322
769869 769871
769997 769999
770004 770006
771061 771062
771704 771705
771757 771759
771778 771779
771780 771781
771784 771786
771787 771789
771792 771793
788672 788673
788701 788702
788710 788712
792421 792422
792424 792425
792427 792428
798228 798229
798607 798612
798615 798616
798629 798630
798635 798637
799612 799613
799643 799645
799655 799659
799661 799662
799664 799665
799667 799668
799671 799675
799678 799679
799770 799771
799806 799807
799866 799867
799868 799869
799881 799882
799886 799887
800070 800071
800117 800118
800119 800120
800125 800126
800127 800128
800183 800184
800191 800192
802600 802601
802759 802760
802784 802785
803046 803047
803049 803050
803051 803052
803058 803059
803062 803063
803204 803205
806458 806459
806460 806461
806517 806518
806524 806525
806526 806527
806529 806530
806537 806538
806555 806556
806557 806558
806591 806592
806595 806597
806600 806601
806696 806697
806783 806784
806808 806809
806810 806811
806815 806816
806830 806831
806834 806835
806885 806886
813547 813553
814063 814064
814127 814128
814129 814130
814132 814135
814136 814137
814350 814352
822190 822191
822197 822201
822203 822204
822205 822206
822218 822221
822222 822223
822254 822256
822290 822291
822420 822421
822422 822423
842132 842134
844488 844489
844490 844491
844535 844537
844611 844612
844631 844632
844633 844634
844635 844636
844643 844644
844650 844651
844749 844751
845022 845023
845031 845032
845042 845043
845050 845051
845052 845054
845084 845085
845137 845139
845384 845385
845423 845425
845426 845427
845561 845562
845840 845841
845844 845845
845864 845865
845869 845870
845880 845881
845882 845883
845889 845890
845914 845915
845916 845918
845922 845923
845925 845926
845929 845930
849184 849185
849193 849194
849245 849247
850064 850065
850115 850116
850231 850232
850344 850347
857215 857216
857217 857218
857222 857224
857226 857227
857232 857233
857475 857476
858364 858366
858367 858369
858385 858389
858392 858393
858417 858418
858419 858420
858428 858429
858431 858434
858560 858561
858565 858566
858570 858571
865405 865406
865483 865484
865508 865509
865689 865690
868246 868247
868344 868345
868350 868351
868356 868357
868359 868360
868374 868375
868385 868386
868387 868388
868490 868492
868496 868498
868501 868503
868504 868505
868509 868510
868511 868512
868561 868563
868575 868577
898307 898308
898338 898339
898343 898344
899481 899482
899503 899506
899511 899513
899515 899517
899523 899525
899536 899537
899538 899539
899624 899625
899644 899645
899649 899651
899672 899673
899675 899676
902523 902525
902549 902550
902553 902554
902567 902568
902574 902575
902578 902579
902584 902585
902591 902592
902593 902594
902612 902614
902985 902986
908014 908015
908048 908050
908052 908053
908054 908055
908131 908132
908133 908135
908152 908155
908156 908157
908176 908178
909104 909105
909151 909152
909153 909154
909213 909214
909220 909221
910024 910025
910029 910030
910247 910249
910261 910263
910289 910293
910296 910297
914481 914483
914484 914485
916202 916203
916210 916212
916616 916617
916632 916633
916659 916660
916668 916669
916700 916701
917044 917045
917078 917079
917081 917082
917090 917091
917257 917259
917266 917268
917275 917276
917288 917289
917322 917324
917329 917330
917343 917344
917347 917348
917351 917352
917358 917362
917363 917364
917366 917367
917371 917372
917373 917375
917394 917395
917398 917399
917400 917401
917404 917406
917419 917420
917421 917423
917492 917493
917512 917515
918073 918074
918082 918083
918084 918085
919109 919113
919114 919115
919117 919118
919123 919124
919253 919255
919263 919264
929668 929669
929682 929684
929689 929690
929692 929693
929695 929696
929940 929941
929956 929958
929959 929960
929961 929962
930264 930265
930288 930289
930332 930333
930541 930542
930575 930576
930578 930579
930647 930648
930710 930711
930729 930730
930735 930736
930859 930860
930944 930946
930950 930951
930968 930971
930972 930973
930974 930976
930983 930984
937014 937015
937062 937063
937640 937641
937662 937663
937664 937665
937688 937689
937690 937691
937693 937694
937701 937702
937703 937704
937705 937706
937725 937728
937731 937732
937789 937790
937792 937793
938500 938501
938521 938522
938647 938648
938649 938650
938743 938745
938747 938748
938751 938752
938754 938755
938761 938762
939162 939163
939164 939165
939343 939344
939368 939369
939381 939382
939386 939387
939601 939602
939625 939626
940835 940836
940838 940839
