0 2
4 6
7 8
111 112
118 119
128 129
130 132
133 135
145 146
280 281
282 283
286 289
291 292
293 295
544 545
550 552
560 561
580 581
596 597
3386 3387
6798 6799
6802 6803
6835 6836
6837 6838
6850 6851
8039 8040
8247 8250
8373 8374
8379 8380
8554 8555
8575 8577
8581 8583
8628 8629
8631 8633
9014 9015
9016 9017
9892 9894
9897 9900
9907 9908
9909 9910
14681 14682
14739 14740
14742 14743
14748 14749
14793 14794
14795 14796
14801 14803
24830 24831
59597 59599
59602 59603
59607 59608
59716 59718
60218 60219
60221 60223
60225 60226
60231 60232
60233 60234
60242 60243
60245 60247
60279 60280
60285 60286
64279 64281
64324 64325
64328 64330
64332 64333
64346 64347
64348 64349
64353 64354
64356 64357
64358 64359
64365 64366
64382 64383
64426 64427
64438 64439
64461 64462
64490 64491
64500 64501
64541 64542
64587 64588
64589 64590
64605 64606
64610 64611
64621 64622
64624 64626
64630 64631
64636 64637
64641 64643
64653 64655
64657 64658
64660 64661
64666 64667
64669 64670
64671 64673
64678 64679
64694 64695
64698 64699
64700 64702
64703 64705
64712 64713
64717 64718
64719 64720
64728 64731
64815 64818
64837 64838
64839 64841
64862 64863
64864 64865
64867 64868
64871 64872
64937 64938
64941 64942
64949 64951
64956 64957
64958 64960
64972 64973
64981 64982
64984 64987
65265 65267
65316 65318
65326 65327
65330 65331
65332 65334
65337 65338
65341 65342
65392 65393
65559 65560
65563 65565
65883 65884
65886 65887
65888 65893
65896 65897
65900 65901
65904 65905
65925 65926
65927 65928
65933 65934
65936 65937
65976 65977
65981 65983
65985 65986
65987 65988
65990 65991
65992 65994
66003 66004
66017 66019
66083 66084
66087 66088
66091 66092
66109 66111
66233 66235
66236 66237
66248 66249
66250 66253
66256 66257
66272 66273
66282 66284
66353 66355
66386 66387
66389 66390
66395 66396
66397 66398
66408 66410
66413 66414
66415 66418
66421 66422
66626 66627
66661 66662
66671 66672
66737 66738
66739 66740
66741 66742
66761 66762
66765 66766
66784 66785
66810 66811
66820 66821
66834 66835
66836 66837
66849 66850
66856 66857
67630 67631
67707 67708
67719 67720
67723 67724
67751 67752
67755 67756
67778 67779
67786 67787
87440 87441
87442 87445
87467 87469
87470 87471
87552 87553
87554 87555
87580 87581
87583 87584
87590 87594
87595 87596
87602 87603
87605 87608
87619 87621
87622 87624
87633 87634
87642 87643
87689 87690
87691 87692
87714 87715
94190 94191
94192 94193
94194 94195
94601 94603
94606 94607
94732 94733
95099 95100
95406 95408
128226 128227
128373 128374
128375 128377
128580 128581
128582 128583
128586 128587
128589 128590
128594 128595
132822 132823
132825 132826
132829 132831
132833 132834
134115 134116
134121 134123
134183 134184
156577 156578
156965 156966
156982 156983
157095 157096
157297 157299
157348 157349
157357 157358
157364 157368
157374 157375
176000 176002
176003 176004
176021 176022
176448 176449
176550 176551
176564 176566
176567 176568
176571 176573
176576 176579
176580 176581
176582 176583
176587 176588
176589 176590
176595 176598
176599 176600
176604 176606
176607 176608
205468 205470
442283 442284
442287 442288
442304 442305
442306 442307
442354 442355
442358 442359
442363 442364
442368 442369
442372 442374
442387 442388
442391 442392
443712 443714
443723 443724
443729 443731
443732 443733
443745 443746
443747 443748
443751 443752
458767 458769
458770 458771
458777 458778
458783 458784
458796 458798
458824 458825
458831 458832
458870 458871
458874 458875
458877 458879
458892 458893
477544 477545
477770 477771
478676 478677
487151 487152
487154 487156
487292 487293
487312 487313
487315 487317
487347 487348
487349 487350
487351 487352
487370 487371
487379 487380
487381 487382
487384 487385
487387 487388
487472 487473
487478 487480
487513 487515
487519 487520
487831 487832
487834 487835
487837 487838
487880 487881
487885 487886
487893 487894
487901 487902
487907 487908
487928 487930
488856 488857
488875 488877
488888 488889
488918 488920
488922 488924
488942 488943
488961 488963
488966 488967
488969 488970
489683 489685
489708 489709
490004 490005
490009 490010
490182 490184
490207 490208
490212 490213
490336 490337
491133 491134
491140 491141
491145 491146
491148 491149
491151 491152
491155 491156
491299 491300
491316 491317
491374 491375
491400 491402
491948 491949
491952 491954
492213 492214
492215 492216
495085 495087
495180 495181
495186 495187
495192 495193
495351 495352
495353 495356
495403 495404
495405 495407
495417 495418
495422 495423
495439 495440
495442 495444
495445 495446
495510 495511
495523 495524
495615 495616
495617 495618
495635 495636
495817 495818
495845 495846
495849 495851
496815 496817
496820 496822
496832 496833
496843 496844
496847 496848
496856 496857
496905 496906
496907 496908
870063 870064
870066 870067
870070 870071
870119 870120
870166 870168
870176 870177
870178 870179
870187 870188
870190 870191
870243 870244
870247 870248
910020 910021
910022 910023
910024 910025
910288 910289
910290 910291
910292 910294
910491 910492
910496 910497
910520 910521
916886 916888
916901 916902
917291 917292
917293 917294
917311 917312
917314 917315
917317 917318
926882 926883
926884 926885
926910 926911
926913 926915
926917 926919
926921 926922
927036 927037
927188 927189
927244 927245
927249 927251
927312 927314
927315 927316
927317 927318
927321 927322
927341 927343
927354 927356
927360 927361
927374 927375
