0 1
4 5
12 13
14 15
23 24
28476 28477
28479 28480
28497 28501
28575 28576
28596 28597
28626 28628
28723 28724
28725 28726
28794 28795
28821 28825
28985 28986
28998 28999
29026 29027
29030 29032
29070 29071
29072 29074
29075 29076
29444 29445
29447 29448
29455 29456
29457 29458
29464 29466
29467 29468
29499 29501
29512 29513
29515 29516
29517 29519
29553 29554
29557 29558
29668 29669
29673 29674
36093 36095
36106 36108
36109 36111
36112 36113
36164 36165
36234 36235
36239 36240
36241 36242
36243 36246
36250 36251
36475 36476
36487 36488
36493 36494
36495 36496
36527 36528
36532 36533
37585 37586
37594 37596
37599 37600
37607 37608
37609 37611
37636 37637
37648 37649
37653 37655
37661 37662
37711 37712
37714 37715
37716 37717
37784 37785
37787 37788
38606 38608
38610 38612
38616 38617
38622 38624
38626 38627
38639 38640
38666 38671
39003 39005
39140 39142
39166 39167
39169 39170
39172 39173
39185 39186
39200 39201
39202 39203
39361 39362
39367 39368
39570 39571
39586 39587
39595 39596
39611 39612
39614 39615
39729 39730
39817 39818
39819 39820
41780 41781
41796 41797
41798 41799
41801 41802
41812 41813
41815 41816
41879 41881
41883 41884
41887 41888
41902 41904
41909 41911
41929 41930
41934 41935
41936 41937
41946 41949
41954 41958
42024 42025
42027 42029
42049 42050
42053 42054
42057 42058
42139 42140
43051 43052
43054 43055
43058 43059
43167 43168
43170 43171
43173 43174
43175 43176
54074 54075
54076 54078
54081 54082
54083 54084
54087 54089
54129 54131
54135 54137
54409 54410
54592 54593
54622 54624
54626 54627
54639 54640
54658 54659
54697 54698
54703 54704
54867 54868
54869 54870
54873 54876
54939 54940
54941 54943
91774 91775
91795 91797
91805 91806
91972 91974
91992 91993
92046 92047
92048 92049
94988 94989
94990 94991
95045 95046
95047 95048
95072 95073
95648 95649
95650 95651
95654 95655
95662 95663
95670 95671
96062 96063
96094 96095
96110 96111
96115 96117
96163 96167
96173 96175
96176 96177
96183 96184
96187 96188
96223 96224
96235 96236
96444 96445
96559 96561
96562 96563
96604 96605
100612 100615
100616 100617
101594 101595
101599 101601
101724 101726
101784 101785
101817 101819
101820 101821
101822 101823
101826 101829
101830 101831
104300 104301
105896 105897
105904 105905
107012 107013
107420 107421
107465 107466
107913 107914
107963 107964
107966 107967
107969 107970
107981 107983
107987 107988
107990 107991
107993 107994
108000 108001
108016 108017
108035 108037
108040 108041
108207 108208
108296 108297
108469 108470
108601 108602
108945 108946
108949 108950
109327 109329
109342 109344
109348 109349
109555 109557
109782 109783
109784 109785
109801 109802
109805 109806
109809 109810
109811 109812
109844 109845
109847 109848
109858 109859
109873 109874
110431 110432
110443 110444
111362 111363
111391 111392
111397 111398
111401 111402
111460 111461
111462 111463
111465 111466
111536 111537
111558 111559
111563 111565
111566 111567
111570 111571
111596 111597
111623 111624
111931 111932
112032 112033
112049 112050
112059 112060
112067 112068
112514 112515
112552 112553
113164 113165
113169 113172
113192 113193
113221 113222
114489 114490
114622 114623
114648 114649
114653 114654
114855 114856
114859 114860
114863 114864
114872 114873
114925 114926
114929 114931
115050 115052
115055 115056
115057 115058
115059 115060
115062 115063
115065 115067
116476 116477
116478 116479
116482 116484
116489 116490
116495 116496
116501 116502
116506 116507
116612 116615
116646 116647
116842 116844
116846 116847
116852 116853
116892 116893
116920 116921
116924 116925
116947 116948
117022 117023
117025 117026
117029 117030
117037 117039
117050 117051
117060 117061
117085 117086
117090 117091
117092 117095
117118 117120
117123 117124
117575 117576
117653 117655
117660 117661
117663 117665
117674 117675
117676 117677
117678 117681
117749 117750
117753 117754
117923 117924
117933 117934
117954 117957
117962 117963
117997 117998
118075 118076
118109 118110
118153 118154
118155 118156
122893 122894
122898 122900
122901 122903
122917 122918
122920 122921
133698 133699
133700 133701
133733 133734
133737 133738
133741 133742
133749 133750
133754 133755
133758 133759
133793 133794
133883 133887
133889 133890
133894 133895
145121 145122
145609 145610
152971 152972
153023 153024
153316 153317
153318 153319
153476 153478
153489 153490
153508 153509
153618 153620
153686 153688
153691 153692
153768 153769
153779 153782
153783 153784
153789 153790
154215 154218
154454 154455
219147 219148
219322 219323
219365 219366
219863 219864
219867 219868
219869 219872
224284 224285
224330 224331
224334 224335
224393 224394
224414 224415
244837 244838
244839 244840
244885 244886
244926 244927
244935 244937
244938 244939
245055 245056
247307 247308
247309 247310
247340 247341
247342 247343
247349 247350
247352 247354
247360 247364
248884 248886
248966 248967
248968 248971
248972 248974
248990 248991
248995 248996
249001 249002
250125 250126
250135 250136
250140 250141
250508 250509
250510 250511
250520 250522
250523 250525
250529 250531
250552 250553
250702 250703
250704 250705
250707 250708
250712 250713
250733 250734
305039 305041
305043 305044
305045 305046
305078 305079
305090 305091
557246 557249
557266 557267
557392 557393
557526 557527
557528 557530
557561 557562
557570 557571
557572 557574
557576 557577
557587 557588
559098 559102
592770 592771
592837 592838
601177 601178
601245 601246
601686 601687
601731 601732
601733 601738
601740 601742
601894 601895
602007 602008
602015 602016
602047 602048
602162 602163
602170 602171
602177 602178
602179 602180
602221 602222
602236 602237
602255 602256
602258 602262
602263 602264
602313 602314
602511 602512
602514 602517
602538 602539
602540 602542
602921 602922
608562 608564
608861 608862
608870 608871
608879 608881
608939 608942
608943 608945
608964 608967
609005 609006
609007 609008
609179 609181
609217 609218
609221 609222
609223 609225
609229 609230
609252 609254
609265 609267
609268 609269
609270 609271
609919 609921
609928 609929
609951 609952
610018 610019
610124 610126
610292 610293
610295 610296
610306 610307
610308 610309
610310 610311
610318 610319
610321 610322
610323 610324
613079 613080
613082 613083
613092 613093
613166 613168
613305 613306
613307 613308
613402 613403
613404 613405
613411 613412
613413 613415
613485 613486
613487 613488
613501 613503
614914 614915
614940 614941
614952 614954
614955 614956
614968 614969
614970 614971
614972 614975
614976 614977
614978 614979
614980 614982
614992 614993
615006 615007
615014 615015
615019 615020
615050 615051
615071 615072
615075 615077
619088 619091
620053 620054
620056 620057
620061 620062
620065 620066
620079 620080
620083 620084
620085 620086
620092 620094
620155 620156
620259 620261
623393 623394
623661 623662
623663 623664
623839 623840
623841 623844
624034 624036
624060 624061
624071 624074
624413 624414
624428 624429
624434 624435
624436 624437
695974 695975
