0 1
30 31
32 34
35 36
37 39
53 54
85 86
98 99
105 106
238 239
279 280
283 284
286 287
5718 5720
5722 5723
5739 5741
5742 5744
5751 5753
5938 5939
5940 5941
13566 13567
13569 13573
13574 13575
13576 13577
13596 13597
13598 13599
13600 13602
13625 13626
13787 13788
13789 13794
13807 13808
13810 13811
13822 13823
14061 14062
14063 14064
14078 14079
14081 14085
14132 14133
14222 14223
14234 14235
14247 14248
14249 14251
14256 14257
14262 14264
14270 14271
14274 14275
16108 16110
16133 16134
16180 16181
16185 16187
16188 16189
16192 16193
16216 16217
16219 16220
16264 16265
16266 16267
16271 16272
16273 16274
16275 16277
16278 16279
16858 16859
16956 16957
17194 17196
28144 28147
28230 28231
28232 28233
28243 28244
28247 28249
28251 28252
28623 28624
28625 28626
28627 28629
28632 28633
28663 28664
28677 28678
28683 28684
28685 28686
28688 28689
28690 28691
28692 28693
28694 28696
28702 28703
29066 29067
29103 29104
29105 29106
29208 29210
29223 29224
29262 29264
29316 29317
29386 29388
30250 30251
30849 30850
30924 30925
30933 30935
31073 31074
31100 31104
31121 31122
31423 31425
31450 31451
