0 2
59 60
85 86
95 96
98 99
105 106
109 110
115 116
142 143
166 167
178 179
185 186
305 306
320 321
322 323
350 352
353 354
367 368
419 420
443 444
447 449
465 466
473 474
517 518
567 569
790 791
1644 1645
1651 1653
1656 1657
1671 1672
1722 1723
1725 1726
1748 1749
1791 1792
2770 2771
3055 3056
3059 3060
3061 3063
3090 3092
3093 3095
3096 3097
6967 6969
7005 7006
7022 7023
7025 7026
7043 7044
33016 33017
33103 33104
33160 33162
33163 33168
33171 33172
33175 33176
33188 33189
33330 33331
33349 33350
33353 33355
33385 33387
33543 33545
33548 33549
33568 33569
33571 33572
33637 33638
33753 33754
40145 40146
40147 40148
40149 40150
40172 40173
40175 40176
40195 40196
40211 40212
40218 40220
40231 40232
42073 42074
42075 42076
42085 42086
42122 42123
43632 43634
43637 43638
43639 43640
43647 43648
43679 43680
43681 43683
43685 43686
43711 43712
43725 43726
45614 45615
45619 45621
45635 45636
45638 45639
45640 45641
45733 45734
45735 45736
45759 45760
45788 45789
45840 45841
48498 48500
48502 48503
48504 48505
48508 48509
48512 48514
48515 48516
48518 48519
48524 48526
48530 48531
48577 48578
48960 48962
48964 48967
48968 48971
48972 48973
48992 48993
49030 49031
49033 49034
49035 49036
49066 49068
84389 84391
84404 84405
84431 84434
84719 84720
84721 84722
84821 84822
84823 84824
86488 86490
86495 86498
86501 86504
86542 86543
86894 86895
86901 86902
86905 86906
86910 86911
86912 86913
86924 86925
86936 86938
86943 86944
87542 87543
87545 87546
87548 87549
87665 87666
87680 87682
87687 87688
87692 87695
87698 87699
87711 87712
87717 87718
87719 87720
87726 87727
87728 87730
87740 87741
88016 88017
88024 88026
196513 196515
196516 196518
196519 196520
196521 196522
196534 196535
196542 196543
196547 196549
196579 196580
196581 196583
196586 196587
196739 196743
197444 197445
197491 197492
197566 197568
198377 198378
198379 198380
198385 198386
198400 198401
198405 198408
198409 198412
198423 198424
198426 198427
198428 198429
198434 198435
198439 198441
198452 198453
198454 198455
198457 198458
198599 198600
222829 222830
222844 222846
222853 222854
222861 222862
222887 222888
222891 222892
222894 222895
222898 222899
222900 222901
222902 222904
222906 222907
222924 222925
883506 883507
883508 883510
883547 883548
883781 883783
883788 883789
883791 883792
883807 883808
883809 883810
883927 883929
883930 883931
883932 883933
883937 883938
883984 883985
883988 883989
883993 883994
884006 884007
886305 886306
886360 886361
886362 886363
886387 886389
886398 886399
886400 886401
886412 886413
886414 886415
886417 886418
886419 886420
886421 886422
886540 886543
886588 886589
886730 886731
886734 886735
886757 886758
886768 886770
886777 886779
886785 886787
886876 886877
886882 886883
886891 886893
886937 886938
886942 886945
887613 887614
887645 887646
887647 887648
887653 887654
887682 887683
887688 887689
887701 887702
887704 887706
887712 887713
887723 887725
887728 887730
887731 887732
887738 887739
887744 887745
887759 887760
887761 887762
887765 887766
888175 888176
888185 888186
888191 888192
888198 888199
888221 888222
888276 888277
888280 888281
888286 888289
888419 888421
888430 888431
888457 888458
890024 890025
890030 890031
890049 890050
890052 890053
890061 890062
890064 890067
890069 890070
890072 890073
890133 890134
890135 890136
890184 890187
890227 890228
890497 890499
890513 890514
891151 891152
891420 891421
891423 891424
891430 891431
891440 891441
891442 891443
891444 891445
891449 891450
891480 891481
891485 891487
891524 891526
891573 891574
899793 899794
899800 899801
899802 899803
899815 899816
899961 899964
900081 900082
900083 900084
900094 900095
902880 902882
902896 902897
902901 902902
902905 902906
902908 902911
902921 902923
902924 902926
902932 902933
902983 902984
902992 902995
903098 903101
903131 903132
903133 903135
903263 903264
903265 903266
903396 903398
904243 904244
904253 904254
905667 905669
905711 905712
905713 905714
905715 905716
905717 905718
905723 905724
905731 905732
906555 906556
906574 906575
906576 906577
906580 906581
906584 906586
906608 906609
906610 906611
906710 906711
906712 906713
906764 906765
906767 906768
906773 906775
906835 906837
906842 906843
906846 906847
907407 907409
907410 907411
907413 907414
907420 907423
907533 907534
907572 907574
907578 907579
907764 907766
907857 907858
