0 1
73 74
79 80
352 354
355 356
361 362
516 518
519 520
612 613
614 615
903 904
906 907
910 911
918 919
202002 202004
202375 202376
202377 202378
202396 202397
202399 202400
202404 202406
202472 202476
202557 202558
202560 202562
202580 202581
202593 202594
202599 202601
202609 202610
202611 202613
202620 202621
202665 202666
202680 202681
462614 462615
462616 462617
463513 463514
463928 463930
463939 463940
463947 463948
464743 464744
466620 466621
466623 466624
466743 466744
467188 467189
467200 467201
467214 467216
467314 467315
468313 468314
468315 468316
468474 468475
468480 468481
468483 468484
468492 468493
468518 468519
468905 468906
468986 468987
468991 468992
468993 468994
469009 469011
469014 469015
469047 469048
469050 469051
469052 469053
469058 469059
469061 469062
469064 469066
469067 469068
469076 469077
469078 469079
469084 469085
469093 469094
469940 469941
469948 469950
469953 469955
470942 470944
470988 470989
470990 470991
470995 470996
470999 471000
471001 471002
471014 471016
471059 471060
471092 471093
471275 471276
471278 471280
471289 471290
471292 471293
471321 471322
471323 471324
471438 471439
471445 471446
471482 471483
471541 471542
471544 471545
471546 471547
471552 471554
471564 471565
471714 471716
471836 471837
471841 471843
472337 472338
472369 472370
472373 472374
472382 472384
472387 472388
472410 472411
472418 472420
472426 472428
473044 473045
473361 473363
473368 473369
473392 473393
474024 474025
474092 474094
474136 474137
474151 474152
474160 474161
474221 474222
474223 474224
474258 474259
474276 474277
474284 474285
474291 474292
474298 474299
474361 474362
474369 474372
474385 474387
474391 474392
665961 665962
665975 665976
668040 668041
668152 668153
669380 669382
669384 669385
669388 669389
669491 669492
669716 669721
669722 669723
669746 669747
669763 669765
669769 669771
669775 669776
671732 671733
672954 672955
672956 672957
672959 672960
672962 672963
672964 672966
672969 672971
673499 673500
673549 673550
673556 673557
673563 673565
673572 673573
673685 673686
673951 673952
674602 674603
674760 674761
674791 674792
674833 674834
674841 674842
674843 674844
674846 674847
674848 674849
674851 674852
674861 674862
674883 674885
674887 674888
674916 674917
674923 674924
674925 674927
674930 674931
674933 674934
674935 674936
674944 674946
674949 674950
674956 674957
674981 674982
675065 675066
675162 675163
675168 675170
675171 675172
675176 675177
675195 675196
675206 675207
675219 675221
675297 675298
675299 675300
675306 675307
675308 675309
675345 675346
676045 676046
676049 676050
676053 676054
676056 676057
676075 676077
676130 676131
676176 676177
676252 676253
676256 676257
676259 676260
676262 676263
676264 676267
676269 676271
676273 676274
676653 676654
676952 676953
676955 676956
677005 677006
677013 677014
677064 677065
677102 677103
680831 680832
680836 680838
680840 680841
680842 680843
680852 680853
680868 680871
680875 680876
680878 680881
680888 680889
680890 680891
680963 680964
681611 681612
681616 681617
681629 681630
681632 681633
681669 681670
681675 681677
681943 681944
681946 681948
681986 681987
682562 682563
682564 682565
683058 683059
683745 683746
683774 683775
683776 683777
683780 683781
683783 683784
683817 683819
683823 683825
683830 683831
683832 683833
683852 683853
683856 683857
683895 683896
683916 683917
684237 684238
684239 684240
684291 684292
684293 684294
684295 684296
684298 684300
684301 684302
684317 684320
684419 684420
684423 684424
684504 684505
684510 684511
684840 684841
684842 684843
684846 684847
684853 684854
684866 684867
697596 697599
697956 697958
697970 697972
697974 697975
697976 697977
697995 697996
697998 697999
698001 698002
698156 698158
698162 698163
698167 698169
698175 698176
698181 698183
698187 698188
698189 698190
698194 698195
698196 698197
698204 698207
698449 698451
698665 698666
699301 699303
700841 700842
700844 700845
700846 700847
700850 700851
700866 700867
707326 707328
707368 707369
711647 711648
711652 711653
924513 924517
924539 924541
924543 924544
926639 926640
926641 926642
926643 926644
926660 926661
926662 926664
926667 926669
926762 926765
926776 926777
926779 926780
926791 926794
926856 926858
926861 926862
926864 926865
926866 926867
926883 926884
927021 927023
927035 927037
927704 927705
928241 928244
928285 928286
928318 928320
928323 928324
928421 928423
928432 928433
928440 928441
928442 928443
928447 928448
928596 928598
928732 928733
928745 928746
928774 928775
928828 928830
928904 928905
928929 928930
928979 928980
928996 928997
929084 929085
929130 929131
930133 930134
930137 930138
930187 930188
930193 930195
930212 930213
931315 931316
931378 931379
931384 931385
931388 931389
931453 931454
931463 931465
931819 931820
942834 942835
942879 942880
942881 942884
942889 942892
951048 951050
951053 951055
951056 951057
951059 951060
951067 951069
951092 951093
951120 951122
951123 951124
951146 951147
951148 951150
951155 951156
951225 951226
951233 951234
951242 951243
951256 951258
951261 951262
951264 951265
951270 951271
951272 951273
951278 951279
951282 951284
951285 951286
951287 951288
951331 951332
951333 951334
951340 951341
951342 951344
951417 951418
