0 1
48 51
55 56
133 134
220 221
222 223
225 226
233 234
383 384
394 395
397 398
433 434
435 436
1383 1384
1584 1588
1590 1592
80267 80268
80269 80270
80294 80295
80308 80310
80315 80317
80318 80319
80328 80329
80977 80978
81081 81082
81087 81088
81091 81092
96217 96218
96222 96223
96251 96252
96259 96260
96420 96421
96426 96427
96439 96440
96458 96459
96532 96533
96536 96539
96583 96584
96591 96592
96596 96597
96606 96607
96608 96609
96613 96614
96623 96624
96625 96627
96633 96634
96635 96636
96638 96639
96644 96645
96665 96666
96670 96671
96682 96683
96707 96708
96709 96711
107692 107693
108056 108057
108062 108063
108090 108091
108093 108094
108096 108097
108406 108407
108495 108496
108497 108498
108499 108500
108503 108504
108506 108507
108508 108509
108512 108513
108533 108534
108536 108538
108542 108543
108567 108571
108575 108576
108599 108600
108625 108627
108904 108905
108984 108985
109156 109158
109159 109162
109437 109438
109474 109475
109476 109477
109479 109480
109494 109495
109549 109550
109551 109552
109577 109578
109581 109584
109610 109611
123641 123642
123657 123659
123776 123777
123783 123784
123792 123793
123892 123893
123894 123895
124258 124260
124261 124263
124265 124266
124402 124403
124419 124420
124421 124423
124428 124429
124505 124507
124508 124510
124512 124516
129248 129249
129264 129265
129266 129267
130076 130077
130097 130098
130104 130106
130183 130184
130209 130210
130221 130222
130223 130224
130227 130228
130230 130233
130235 130237
131345 131346
131364 131365
131747 131749
132092 132094
132095 132096
132097 132098
132101 132105
132117 132118
132119 132122
132123 132125
132137 132138
132159 132160
132177 132179
132201 132202
132206 132207
132782 132783
132886 132888
132894 132895
132902 132903
132962 132963
132989 132990
133022 133023
133061 133062
133063 133064
133241 133242
133269 133270
133275 133276
133296 133297
133440 133441
133442 133443
133446 133448
133459 133460
133519 133521
133525 133527
133611 133613
133618 133619
133795 133796
133797 133798
133811 133812
133829 133830
133834 133835
133844 133845
133849 133850
133852 133854
136649 136650
136655 136656
136657 136659
136736 136737
143875 143876
145763 145764
145887 145888
145905 145906
145919 145920
145921 145922
145925 145926
145932 145933
145983 145984
147258 147259
147260 147261
147268 147270
147289 147292
147305 147306
147308 147310
147314 147315
147317 147318
147341 147342
147348 147349
147353 147354
147355 147356
147357 147358
147362 147366
147367 147368
156857 156858
156860 156861
156869 156870
156879 156881
156884 156885
156896 156897
156906 156907
156913 156915
