0 1
69 70
71 72
73 74
75 76
1116 1117
1136 1137
1205 1207
1211 1212
1282 1283
1477 1478
1490 1491
1501 1505
1509 1511
1565 1566
1993 1994
1995 1997
4294 4295
4502 4503
4566 4568
4614 4615
4620 4621
4658 4659
4663 4664
4875 4876
4878 4881
4882 4883
4896 4897
4920 4921
4922 4923
4934 4937
4939 4941
4943 4945
4949 4950
4951 4952
4975 4977
4990 4991
5166 5167
5182 5183
5185 5186
5199 5201
5202 5203
6283 6285
6286 6287
6291 6292
6294 6295
6536 6538
6548 6549
6623 6625
6636 6638
6646 6649
14764 14765
14817 14818
14849 14850
14851 14852
14881 14882
14892 14893
14902 14903
14909 14911
14919 14920
15316 15317
15577 15578
24956 24957
24958 24959
25201 25202
25257 25258
25267 25268
25271 25272
25279 25280
25283 25284
25286 25287
25292 25293
25303 25304
25804 25806
25815 25816
25818 25820
25822 25823
25867 25868
25890 25891
25894 25895
25911 25912
25997 25998
31785 31786
31790 31794
31810 31811
31921 31922
31950 31951
32023 32025
32026 32030
32051 32053
32083 32084
32659 32661
32662 32663
32666 32667
32739 32740
32742 32746
32812 32813
32822 32823
32858 32859
32880 32881
32998 32999
33001 33005
88100 88101
88188 88192
88193 88195
90595 90596
90597 90598
90611 90612
107692 107693
107967 107968
108014 108015
108016 108017
108780 108781
108945 108947
108951 108952
109532 109534
161201 161202
161207 161208
161211 161213
161243 161245
161367 161368
161369 161370
164918 164919
165864 165865
165866 165868
165870 165871
165872 165873
165879 165880
165881 165882
165936 165937
165950 165951
165955 165958
166176 166177
166180 166181
166182 166184
166205 166206
166210 166211
166619 166620
169415 169416
169431 169433
169434 169436
169439 169440
169443 169444
169447 169448
169453 169454
169456 169457
169784 169785
169786 169787
169878 169879
169895 169896
169898 169899
169906 169907
169908 169909
169910 169911
169916 169917
169918 169919
170266 170267
170280 170282
170285 170286
170296 170297
170447 170449
170455 170456
170467 170468
170966 170967
178965 178966
179287 179288
179297 179298
179473 179474
179475 179476
179481 179482
179484 179485
181392 181393
181395 181396
181398 181399
181446 181447
181456 181457
181465 181466
181485 181487
181769 181770
181911 181912
181922 181923
181931 181932
181954 181955
181983 181984
181987 181988
181991 181992
181994 181995
182003 182007
182175 182176
244823 244824
244867 244868
244924 244925
245293 245294
245317 245318
327702 327703
327865 327866
327869 327870
327876 327878
327933 327934
328043 328044
328053 328054
328055 328056
328060 328061
328119 328121
329062 329063
329068 329069
329070 329071
329075 329076
329129 329132
329147 329148
329227 329228
329241 329242
329246 329247
329252 329253
329270 329271
330900 330901
330907 330908
330922 330923
330933 330936
330946 330947
330948 330949
331328 331330
331343 331344
331363 331364
331377 331378
334975 334978
335046 335048
335057 335058
335060 335061
335156 335157
335158 335159
335295 335296
352145 352146
352157 352158
352181 352182
352183 352186
352236 352237
352239 352240
352244 352245
352255 352256
352260 352262
352282 352284
