0 1
3 4
19 20
105 106
107 109
111 113
271 272
1210 1211
1255 1256
1284 1285
1388 1389
1390 1391
1394 1395
1402 1403
1404 1405
1915 1916
1929 1930
1934 1935
1936 1937
1944 1945
1946 1947
1952 1953
1954 1956
1958 1959
1967 1969
2000 2001
2002 2003
2066 2067
21702 21704
21706 21708
23340 23341
23349 23350
23462 23463
23538 23539
23809 23810
23864 23865
23968 23969
23970 23971
23973 23974
24297 24298
123220 123221
123284 123285
123286 123287
123299 123300
124570 124571
124585 124586
125035 125036
125073 125074
125084 125085
125090 125091
125093 125094
125120 125121
125122 125124
125133 125134
125199 125201
125406 125407
125408 125413
125415 125416
125489 125490
126578 126579
126699 126700
126702 126704
126720 126721
126815 126816
141329 141330
141344 141345
141695 141696
142253 142255
142256 142259
142263 142264
142265 142266
142272 142274
143404 143407
144158 144159
144166 144167
144168 144169
144227 144228
144235 144236
144723 144724
144725 144726
144812 144814
144818 144819
144820 144822
144826 144827
144832 144833
145052 145053
145054 145057
145487 145488
145597 145598
145609 145611
146598 146600
146601 146605
146617 146618
146693 146694
146714 146715
146729 146730
148431 148432
148435 148436
159089 159090
159093 159094
159096 159097
159102 159107
159153 159154
159155 159157
159158 159159
159203 159204
159205 159206
159482 159483
159486 159487
159543 159544
159555 159557
159564 159566
159591 159595
160111 160112
160117 160118
162541 162543
162544 162545
162546 162547
162548 162549
166357 166358
166742 166743
166747 166748
166772 166773
166854 166856
166863 166864
166872 166873
166899 166901
166907 166908
166909 166910
166918 166919
167122 167123
167846 167847
168911 168912
168913 168914
168919 168920
168922 168923
168926 168928
169089 169090
169099 169100
169188 169189
169203 169204
169218 169220
171128 171129
171187 171188
171193 171194
171202 171203
171346 171347
171354 171355
209256 209257
209314 209315
209319 209320
209354 209355
209358 209359
209360 209361
209362 209363
209369 209370
214342 214343
214345 214346
214347 214349
214363 214364
214493 214494
214495 214496
214501 214502
214541 214543
214560 214561
214615 214617
214981 214982
214986 214987
215044 215045
215055 215058
215059 215060
215061 215062
215077 215079
215116 215117
215118 215119
215127 215130
215154 215155
215520 215521
215534 215535
215792 215793
215795 215796
215985 215987
215989 215990
215992 215994
215996 215997
216548 216549
216566 216567
216579 216580
216581 216582
216594 216595
217191 217193
217263 217265
275720 275721
275725 275727
275728 275729
279821 279822
280226 280227
280233 280234
280236 280237
280238 280239
280381 280382
280383 280384
280395 280397
280398 280399
280401 280405
280498 280501
280517 280518
281042 281043
281126 281128
281153 281154
281171 281172
281175 281178
281186 281187
281188 281190
281191 281192
282549 282551
282554 282555
282580 282581
283490 283491
283551 283552
283555 283556
283994 283995
284002 284003
284079 284081
285845 285847
285853 285854
285857 285858
285859 285861
285862 285863
285869 285871
285884 285885
285896 285897
285901 285902
285905 285906
285936 285937
285995 285996
285998 285999
299359 299360
299364 299366
299369 299371
299432 299434
299437 299438
301144 301145
301162 301163
301167 301168
301407 301408
301414 301415
301446 301447
301454 301456
301468 301470
301471 301472
301474 301476
301482 301483
303035 303036
303037 303039
303040 303041
303043 303044
303258 303259
303261 303262
303721 303722
304449 304450
304453 304454
304455 304456
304458 304459
304463 304465
304466 304468
304470 304471
304472 304473
304484 304485
305050 305051
305052 305053
305069 305070
305328 305329
306476 306478
306508 306509
306510 306511
999951 999952
999956 999957
