0 1
36 38
42 45
49 50
52 53
9294 9295
9323 9325
9620 9621
10525 10526
10551 10553
10714 10715
10719 10720
10721 10722
10738 10739
10805 10806
10808 10811
10813 10814
10821 10822
10879 10880
10881 10882
10883 10884
10885 10887
10951 10952
10959 10961
10982 10983
11068 11070
11072 11073
11075 11076
11079 11080
67103 67104
67111 67112
67114 67115
67152 67153
67155 67158
67185 67186
67191 67192
67204 67205
67234 67235
67242 67243
67283 67285
67304 67305
68380 68381
68402 68403
69425 69426
69492 69493
69582 69583
70802 70803
70805 70807
70926 70927
70940 70941
70983 70986
70988 70989
71035 71036
71056 71057
266264 266265
266267 266268
266269 266272
266312 266313
266327 266329
266333 266335
266424 266425
266729 266730
266734 266735
266974 266975
266976 266977
267030 267032
267034 267035
267042 267043
267056 267057
267058 267059
267573 267574
267575 267576
267578 267579
267584 267585
478031 478032
478803 478804
478839 478842
480556 480557
480566 480567
480623 480624
480747 480748
480760 480761
480914 480915
480958 480959
480964 480965
480967 480968
480976 480977
480980 480981
482073 482074
879664 879665
879676 879677
879927 879928
879930 879931
880648 880649
880663 880664
880666 880667
880738 880739
880744 880747
880752 880753
880769 880770
880771 880772
881330 881331
881334 881335
881338 881339
881902 881903
881906 881907
881919 881921
881922 881926
881947 881948
881957 881958
881959 881962
890311 890312
890324 890326
890764 890765
890766 890767
890771 890772
890774 890775
890793 890795
890862 890863
891366 891367
891372 891373
891375 891377
891387 891389
