0 3
4 5
8 9
141 142
161 162
163 164
964 965
967 969
1012 1013
1278 1279
1280 1281
1287 1288
1299 1309
1482 1483
1534 1535
1552 1553
1682 1683
1729 1730
1731 1732
1735 1736
1852 1853
1863 1864
1895 1896
1899 1901
1906 1908
1934 1935
1936 1937
2164 2165
2172 2174
2176 2178
2298 2299
2306 2307
2355 2357
2516 2517
2520 2523
2531 2532
2536 2538
2554 2555
2563 2564
2565 2566
2912 2913
2914 2915
3127 3128
3129 3130
3132 3134
3141 3142
3143 3145
3174 3176
3181 3182
3185 3187
3216 3217
3226 3227
3333 3334
3542 3544
3585 3586
3601 3603
3605 3606
3618 3619
3629 3630
3635 3636
3712 3713
3797 3798
3904 3909
3935 3936
10977 10978
