0 1
3 6
34 35
273 275
244560 244561
244563 244564
244565 244566
272792 272793
272800 272801
272815 272817
272920 272921
272925 272926
272977 272979
273022 273023
273025 273027
273401 273402
273403 273404
273405 273406
275422 275423
275426 275427
275529 275530
275533 275534
275535 275539
275542 275543
275555 275556
275562 275563
275566 275567
275572 275573
275588 275589
276825 276826
276833 276834
276836 276837
276838 276839
276853 276854
276875 276876
277024 277025
277030 277032
277693 277694
277792 277793
277911 277912
277930 277931
278067 278068
278069 278071
278073 278074
278091 278092
278428 278429
279804 279806
305744 305745
305749 305752
306989 306990
307023 307024
307107 307108
307109 307110
307146 307147
307163 307164
307169 307170
307177 307178
307243 307244
307326 307327
307334 307335
307353 307354
307387 307388
307389 307390
307391 307392
307396 307397
307470 307471
307483 307484
307491 307494
307590 307592
307607 307608
307615 307616
307789 307790
307791 307792
307801 307802
307806 307807
307822 307823
307890 307891
307899 307900
307903 307905
308001 308002
309754 309755
310498 310499
310503 310506
310560 310561
310562 310563
310572 310573
310581 310582
310583 310584
310585 310586
310590 310591
356664 356665
356666 356667
357055 357056
362209 362212
362214 362215
362221 362222
362325 362326
362327 362328
362330 362331
362332 362333
365703 365704
368691 368692
368694 368695
368696 368699
368707 368708
368709 368710
368739 368740
368742 368743
368754 368755
368759 368760
368775 368776
368784 368785
368815 368818
368819 368820
368821 368822
368826 368827
368854 368855
368913 368916
368917 368918
368929 368930
416487 416489
416504 416505
416513 416514
416516 416517
416547 416548
421249 421250
421251 421252
421257 421258
421411 421412
421560 421561
421565 421566
421840 421842
464411 464412
464413 464414
464420 464421
464423 464424
464923 464926
464958 464959
465125 465126
465161 465162
465175 465177
465186 465187
465227 465230
465233 465234
465356 465358
465374 465376
465382 465384
465385 465386
465388 465389
465414 465415
465558 465559
465567 465568
465569 465572
465580 465581
473803 473804
473917 473918
473926 473927
473948 473949
473993 473996
473997 474000
486669 486671
486672 486673
486678 486679
486713 486714
486719 486720
486722 486724
486725 486726
486727 486728
486806 486807
486808 486809
486810 486811
486812 486815
486816 486817
486829 486830
487274 487275
487492 487495
487497 487498
487538 487540
487546 487547
487561 487562
487565 487566
487607 487611
487622 487623
487624 487625
487638 487639
487641 487642
487839 487842
487843 487845
487862 487865
487962 487963
497692 497693
497694 497695
497704 497705
498181 498183
498208 498209
498221 498222
498240 498241
498342 498343
498415 498416
498420 498421
498422 498423
498425 498426
498459 498460
498463 498464
498469 498470
498549 498550
498552 498554
498560 498561
498562 498563
498564 498565
498658 498659
498662 498663
498694 498696
498725 498726
498728 498729
498731 498732
498733 498735
498740 498741
498743 498746
498747 498748
498805 498806
498824 498825
498834 498835
498858 498859
498860 498862
498863 498864
498868 498869
500345 500346
500703 500704
500708 500709
500711 500712
500765 500766
500769 500771
500773 500774
500778 500780
500786 500787
500789 500790
500800 500801
501712 501713
501962 501963
501964 501965
501973 501974
501975 501976
501978 501979
501999 502000
502001 502005
502014 502016
502018 502019
502029 502031
502032 502035
502072 502073
502078 502079
502123 502125
502128 502129
502131 502133
502157 502158
502159 502162
502167 502168
502178 502179
502309 502310
502318 502319
502343 502344
502365 502367
502383 502384
502412 502413
502664 502665
502672 502673
502712 502713
502715 502717
511948 511949
512295 512296
512297 512298
512299 512301
512302 512303
512322 512324
515613 515614
515615 515616
515688 515689
515700 515701
515749 515750
515751 515755
515756 515758
515769 515770
515788 515789
515794 515795
515796 515797
515798 515799
515801 515802
516005 516006
516016 516017
516019 516021
516047 516048
516059 516060
516094 516095
517186 517187
517197 517199
517239 517240
517243 517244
517268 517269
517271 517272
517280 517281
517282 517284
517296 517297
517875 517876
517878 517879
517880 517881
517907 517909
517916 517917
518349 518350
518354 518355
518356 518357
518495 518496
518497 518498
518794 518795
519243 519244
519246 519247
519360 519361
519367 519369
519370 519371
519389 519391
521167 521168
521247 521248
521281 521282
521289 521290
521291 521292
521759 521761
521804 521805
521821 521822
521826 521827
521835 521838
521839 521840
521856 521858
521866 521867
521869 521870
521877 521878
525313 525314
525326 525327
525328 525329
525336 525337
528480 528482
528483 528487
528495 528496
528814 528815
533172 533173
534212 534213
536066 536067
536069 536070
536442 536443
536445 536446
536449 536451
536463 536464
536465 536466
536475 536476
917491 917492
917757 917758
917763 917764
917918 917919
917924 917925
917962 917963
918008 918009
918041 918043
918062 918065
918071 918072
941904 941908
941918 941919
941923 941924
941926 941927
946798 946799
946839 946841
947309 947312
947315 947316
947319 947320
947321 947322
947324 947325
947326 947327
947362 947364
947499 947500
947505 947506
947509 947510
947512 947513
960103 960104
960302 960304
960317 960318
960320 960321
960328 960329
966275 966276
967647 967648
967834 967837
967840 967841
967908 967910
968038 968039
968099 968101
968102 968103
968117 968119
968177 968178
968192 968193
968213 968214
968225 968227
968232 968233
968269 968270
