0 2
819 820
822 823
858 859
889 891
897 898
903 904
910 913
915 916
945 946
950 953
1050 1051
1062 1063
1085 1086
1106 1107
1193 1194
1207 1208
1257 1258
1259 1260
1261 1262
1269 1270
1272 1274
1647 1648
1668 1669
1700 1702
1703 1705
1706 1707
1708 1709
1721 1722
1723 1724
1732 1733
1751 1752
1786 1787
75903 75904
75905 75907
75908 75910
75911 75912
75999 76000
76001 76002
76009 76010
76094 76095
76129 76130
76131 76132
76134 76135
76153 76154
76155 76156
76422 76423
76426 76427
76446 76447
76448 76449
76451 76452
76482 76484
79532 79533
79554 79555
79556 79557
79625 79626
79627 79628
79638 79640
79651 79653
79736 79737
79746 79747
79748 79749
79787 79789
80151 80152
80153 80155
80192 80193
80195 80196
80197 80198
94058 94059
94063 94064
94079 94080
95050 95052
152462 152463
154003 154005
154024 154025
154060 154062
154125 154126
154323 154325
154331 154332
154333 154335
154339 154340
154351 154352
154354 154355
154357 154358
154886 154889
154908 154909
154919 154921
154930 154932
154933 154934
154943 154944
155950 155951
155967 155968
156252 156253
156267 156268
156270 156271
156293 156294
156295 156296
156371 156372
156408 156410
156433 156434
157934 157935
157986 157987
157988 157989
158910 158911
158942 158943
158945 158947
158948 158949
158951 158952
158953 158954
158955 158957
160610 160612
160769 160770
160980 160983
161072 161073
161083 161084
161092 161095
161109 161110
162400 162401
182516 182517
182519 182520
182525 182526
182569 182570
182574 182575
182576 182577
182578 182580
182581 182582
182583 182584
182594 182595
182604 182605
182607 182608
182637 182638
182940 182941
182956 182957
182958 182959
182988 182989
182997 182998
182999 183001
183002 183003
183120 183121
183491 183493
183503 183504
183507 183508
183621 183623
184047 184048
184052 184053
184335 184336
184343 184345
184353 184354
184356 184357
184358 184359
184362 184363
185105 185106
185107 185108
185127 185128
185145 185146
185158 185159
185164 185165
185243 185244
185245 185246
185264 185265
185285 185286
185373 185374
185404 185405
185985 185986
185987 185988
185991 185992
186074 186075
186269 186270
186278 186279
186451 186452
186460 186461
186465 186466
186522 186523
186539 186540
186885 186886
186888 186889
187141 187142
187230 187231
187232 187234
187311 187312
187519 187520
187538 187539
187545 187547
187549 187550
187559 187560
187670 187671
187672 187674
187677 187678
188941 188942
188945 188946
188951 188952
188955 188956
188964 188965
188966 188969
188978 188979
188988 188989
188995 188996
188997 188998
189003 189004
189297 189298
189299 189300
189304 189305
189412 189413
189414 189415
189710 189711
189713 189714
190167 190168
191153 191155
191203 191204
191215 191217
191220 191221
191223 191224
191225 191226
191229 191230
191409 191412
191427 191428
191431 191432
191433 191434
191437 191438
191449 191450
191451 191452
191453 191456
191479 191480
191538 191542
191593 191595
191598 191599
191634 191635
191636 191638
191917 191920
191921 191923
191972 191973
191974 191975
191976 191977
191979 191980
191983 191984
193865 193867
193888 193889
193904 193905
194002 194003
194203 194205
194206 194207
194383 194384
194429 194430
194431 194432
200603 200605
200606 200607
200609 200610
200633 200634
200640 200641
200645 200646
200663 200664
200679 200681
200797 200798
201017 201019
201032 201036
201037 201038
201051 201052
201055 201056
205658 205662
205678 205681
206004 206005
206051 206052
206108 206109
206114 206115
206130 206132
206188 206189
206216 206217
206218 206219
206238 206239
206241 206242
208871 208872
209898 209899
209918 209921
209947 209948
209967 209968
209970 209972
214154 214155
214161 214162
214169 214170
214171 214172
214189 214190
214223 214224
214226 214228
214229 214230
214265 214266
214353 214354
214786 214787
214802 214803
214814 214815
221737 221738
221739 221740
222908 222909
222910 222911
222936 222937
222938 222939
222940 222942
223014 223015
223100 223101
223103 223105
223117 223118
223364 223365
223402 223404
223421 223422
223423 223424
223426 223427
223432 223433
223441 223442
223443 223444
223623 223624
223648 223649
223656 223657
223701 223702
223816 223817
223889 223890
223900 223901
223959 223960
224021 224022
224033 224034
224289 224290
224292 224293
224296 224297
224321 224323
225135 225140
225141 225142
225148 225149
225150 225151
225155 225157
225189 225190
225200 225201
225216 225217
225247 225249
225253 225254
225257 225258
225292 225293
225296 225297
225680 225682
225697 225701
248424 248425
248426 248427
248450 248451
248452 248453
248454 248455
248493 248494
248495 248497
248498 248500
478822 478823
478828 478830
478831 478832
478889 478890
479853 479854
479885 479886
479887 479888
479899 479900
480013 480014
480033 480034
480132 480133
480140 480141
480148 480149
480320 480321
480329 480330
480396 480397
480461 480462
480501 480502
480504 480505
480530 480531
480586 480587
480589 480590
480591 480592
480600 480601
481917 481919
481933 481934
482046 482049
482077 482078
482081 482082
482102 482103
482104 482106
482211 482213
483532 483533
483545 483546
485240 485241
485293 485295
485296 485297
485298 485299
485300 485301
485302 485304
485306 485308
485511 485512
490894 490895
495192 495194
495261 495263
495264 495266
495282 495284
515880 515881
515937 515939
515954 515955
515957 515958
515959 515961
515963 515964
516082 516083
584534 584536
584542 584543
584544 584545
584552 584553
584554 584555
584726 584727
584734 584735
584739 584740
584748 584751
584752 584753
586886 586887
586896 586898
586900 586901
586944 586945
586949 586950
586952 586954
589331 589334
589343 589344
589577 589578
589586 589588
589589 589590
589595 589597
589636 589637
589644 589648
589649 589650
589720 589721
589808 589809
589812 589816
589817 589818
589820 589821
590140 590141
590153 590154
590162 590163
590167 590168
590169 590170
590219 590220
594889 594890
