0 2
271 272
275 276
299 300
305 306
328 329
330 331
30595 30596
30597 30599
30602 30603
32048 32049
32084 32086
32098 32099
32114 32115
48317 48319
48321 48322
48770 48771
48772 48773
48775 48776
48962 48963
49060 49062
49088 49089
49146 49147
53740 53742
53753 53754
53766 53767
54024 54025
54128 54130
54137 54138
54140 54141
54142 54143
54145 54146
54148 54149
54604 54605
54608 54609
54623 54624
54629 54630
54694 54698
54703 54704
54749 54751
54755 54756
54763 54764
54774 54775
54841 54842
54883 54885
54892 54893
54894 54895
54900 54901
55055 55056
55064 55065
55125 55127
55139 55140
55984 55985
56009 56010
56014 56015
56293 56294
56412 56413
56415 56416
56441 56442
56482 56483
56759 56761
56845 56847
56956 56957
57107 57108
57116 57117
57145 57146
57198 57199
57200 57202
57205 57206
57207 57208
57213 57214
57240 57241
57252 57253
57254 57257
57262 57264
57266 57267
57268 57269
57282 57283
57359 57360
57441 57442
57443 57444
57450 57453
57468 57469
57883 57884
58230 58232
58234 58235
58236 58237
58243 58245
58286 58287
58297 58298
58304 58305
58307 58309
58312 58314
60887 60888
60895 60896
60946 60947
60962 60964
60965 60966
61021 61022
61027 61028
61029 61030
61037 61038
61047 61048
61049 61052
61075 61076
61077 61078
61098 61100
61102 61103
61112 61113
61114 61115
61118 61120
61125 61126
61131 61133
61139 61140
61146 61148
61150 61153
61170 61171
61174 61175
100788 100790
100793 100794
100798 100799
100818 100819
105943 105944
105951 105952
105953 105954
105955 105956
106105 106106
106150 106151
106154 106155
106156 106157
106175 106177
106181 106182
106198 106199
