0 1
11 12
19 20
257 258
259 260
264 265
270 272
308 309
1223 1224
1225 1227
1258 1259
1483 1484
1601 1602
1606 1607
1642 1643
1646 1647
1648 1649
1651 1652
1731 1732
2274 2276
2277 2278
2279 2280
2284 2286
2290 2291
2322 2323
66343 66345
66346 66347
66350 66351
66387 66388
66399 66400
66448 66449
66523 66524
66531 66535
66546 66547
66551 66552
66553 66555
66563 66564
66566 66567
66633 66635
66809 66811
67035 67037
67119 67120
67124 67125
67370 67371
67372 67373
67374 67375
68281 68283
68555 68556
68558 68559
68903 68904
69196 69197
69252 69253
69279 69280
69368 69369
92247 92248
92249 92250
92260 92261
92458 92459
92461 92462
92722 92723
92731 92732
92798 92799
92811 92812
92828 92831
92836 92837
92860 92861
92862 92863
92879 92880
92890 92892
92893 92894
92969 92970
93030 93031
93035 93036
93037 93038
93039 93040
93041 93043
93045 93046
93049 93050
93056 93057
93058 93059
93065 93066
93067 93068
93069 93071
93082 93083
93261 93262
93284 93285
94731 94732
94803 94805
94808 94810
94815 94816
94823 94824
94829 94830
94831 94832
94999 95001
95043 95044
95046 95047
95057 95061
95119 95120
95255 95256
95289 95290
95299 95300
95324 95325
95327 95328
95329 95330
95359 95361
95512 95513
95514 95516
95517 95519
95531 95532
95676 95677
95700 95701
95709 95712
96214 96216
96217 96218
96219 96220
96239 96241
96291 96292
96347 96348
96349 96350
96355 96357
96871 96872
96873 96877
96889 96890
96920 96922
96924 96925
97019 97021
97029 97032
97037 97038
97040 97041
97087 97088
97199 97200
245953 245954
245976 245977
245979 245980
247214 247215
247238 247239
247253 247254
247255 247256
247328 247331
247342 247344
247429 247430
247431 247433
247439 247440
247448 247449
247450 247451
247506 247508
247509 247512
247522 247523
247524 247525
247536 247537
247538 247539
247541 247542
248354 248355
248358 248359
248695 248696
268587 268588
268590 268591
268593 268594
268598 268599
268602 268603
268613 268614
268626 268627
268668 268669
268929 268930
268931 268932
269247 269248
269290 269292
269294 269295
269297 269299
269308 269309
269311 269312
269313 269314
269316 269318
269321 269322
269634 269636
269638 269639
269640 269641
269642 269643
269645 269647
269654 269655
269673 269677
269700 269701
269708 269709
269710 269712
269719 269721
269847 269848
270157 270158
270176 270177
270208 270209
270268 270269
270276 270277
270281 270282
270288 270290
270882 270883
271349 271351
271357 271359
271360 271361
271367 271368
271375 271376
271380 271381
271401 271402
271679 271680
271685 271686
271687 271688
271741 271742
271746 271748
272060 272061
272089 272090
272095 272097
272098 272099
272106 272107
272110 272111
272158 272159
272639 272640
272924 272925
272928 272929
272930 272931
272940 272941
272942 272944
272975 272977
272981 272982
272987 272988
272989 272990
272991 272992
273033 273034
273098 273100
273101 273103
273120 273121
273127 273129
273323 273325
273600 273601
273603 273604
273605 273606
273630 273631
273656 273657
273672 273673
273776 273778
273780 273781
273783 273784
273906 273908
273910 273911
273956 273957
273958 273963
273964 273966
273968 273969
273993 273994
274230 274232
274236 274237
274239 274240
317655 317657
317658 317659
317662 317663
317664 317667
317669 317670
317671 317673
317676 317677
317678 317680
317683 317684
317723 317724
317751 317752
317863 317864
317868 317869
317939 317940
317941 317942
317944 317946
318090 318091
318093 318094
318349 318351
318352 318353
318356 318357
318358 318359
318554 318555
318558 318559
318560 318561
318563 318564
318571 318572
318584 318585
319389 319390
319391 319392
319393 319395
319396 319397
319405 319407
319409 319410
319424 319425
319428 319429
319829 319832
319833 319834
319836 319837
319838 319839
319943 319944
319947 319949
320771 320772
320791 320792
320845 320846
321478 321479
321482 321483
321484 321485
321492 321493
321494 321496
321742 321743
321748 321750
321753 321754
321764 321767
323091 323092
323130 323132
323145 323146
323839 323840
323846 323848
323960 323961
324024 324026
324057 324059
324237 324238
324418 324419
324420 324421
324426 324427
324605 324606
324609 324610
324611 324612
324771 324772
324784 324785
324786 324787
327135 327136
327137 327138
327178 327179
327208 327209
327264 327265
327269 327270
327283 327286
327288 327289
327290 327291
327311 327313
