0 1
2 3
183 184
322 323
406 407
410 411
430 431
439 440
529 531
532 534
543 544
549 550
551 553
576 577
578 579
580 581
588 591
849 850
864 865
917 918
1786 1787
19878 19879
19967 19969
19971 19972
20002 20003
20745 20746
20747 20749
20752 20753
20768 20769
20772 20773
20775 20776
21652 21653
21671 21672
22252 22253
22297 22300
22339 22341
22346 22348
22366 22367
22371 22372
22444 22445
22456 22457
22472 22474
22476 22479
22488 22489
22490 22491
36025 36026
36028 36029
36030 36031
36045 36046
36047 36048
39497 39499
39804 39805
39809 39810
39841 39842
39853 39854
40004 40005
40119 40120
40145 40146
40880 40881
40885 40886
40895 40896
58010 58013
58018 58019
58021 58022
58024 58025
58030 58031
58033 58034
58035 58037
58038 58039
58402 58404
58425 58427
58429 58430
61620 61621
61695 61696
61700 61701
62455 62456
62458 62460
62605 62606
62670 62673
62678 62680
