0 1
13 14
17 18
26944 26945
27244 27247
27275 27276
27277 27280
27294 27295
27296 27297
27643 27644
28855 28856
28942 28943
28949 28950
28951 28952
28954 28955
29109 29110
29138 29141
29144 29148
29163 29165
29171 29173
29174 29175
29191 29192
29200 29205
29225 29226
29268 29269
29280 29281
29302 29303
29327 29328
29329 29330
29333 29334
29385 29386
29411 29412
29414 29415
29417 29418
29419 29420
29433 29434
29453 29454
29455 29456
29496 29497
29527 29529
29537 29538
29540 29541
29545 29546
29559 29560
29561 29562
29607 29608
30225 30226
45116 45117
45370 45373
45374 45375
45376 45377
45378 45380
45391 45392
46176 46177
46194 46195
46198 46199
46200 46201
46228 46229
46238 46240
46242 46243
49765 49768
49771 49772
50038 50039
50041 50042
50085 50086
50714 50716
50747 50749
70578 70579
70599 70600
70601 70602
70604 70605
70608 70609
70618 70619
70626 70627
70628 70630
70635 70636
70637 70638
70642 70643
71115 71116
71127 71128
71129 71130
71139 71140
71160 71162
71172 71173
74924 74926
74935 74937
74952 74953
75052 75053
75062 75063
75282 75283
75287 75290
75292 75293
75294 75295
75401 75402
75406 75407
75434 75435
380900 380901
381130 381131
381135 381136
381141 381144
381148 381149
381155 381156
381158 381159
381168 381169
381192 381193
381210 381211
381218 381219
381228 381229
381230 381232
386525 386526
386571 386572
386573 386574
386585 386586
386725 386726
386750 386751
386765 386766
386778 386780
386798 386801
386868 386869
386870 386871
386981 386982
386984 386985
387202 387203
387205 387206
387247 387248
387253 387254
387393 387394
387609 387610
387613 387614
387617 387618
388200 388201
390432 390433
390809 390810
391330 391332
391333 391335
392987 392988
393164 393165
393167 393168
393199 393200
393219 393220
393246 393247
394868 394869
394879 394881
394886 394887
394896 394897
394907 394908
394912 394918
394951 394952
394953 394954
394957 394958
394959 394961
394975 394976
394997 394998
395101 395103
395105 395106
395646 395647
395656 395657
395658 395659
395662 395663
395815 395816
395855 395856
395876 395877
396102 396103
396115 396116
396125 396126
396175 396176
396197 396198
396201 396202
396205 396206
396208 396209
396226 396227
396229 396230
396231 396232
396253 396254
397912 397914
397934 397935
397963 397966
398023 398025
398055 398056
398058 398060
398236 398237
398238 398239
398247 398249
398250 398252
398259 398260
398261 398262
403600 403601
403607 403608
403625 403626
404069 404070
404082 404084
404180 404181
404254 404256
404257 404259
404260 404263
404264 404265
404276 404278
404287 404289
404291 404293
404373 404374
404376 404378
405097 405099
405142 405143
405526 405528
405531 405532
406853 406854
423071 423072
423075 423076
423133 423134
423137 423138
423150 423151
423196 423197
423199 423200
423214 423215
423679 423683
423761 423762
423765 423766
424354 424355
424453 424455
429073 429074
429078 429079
429080 429081
429164 429166
429290 429291
432285 432288
432303 432306
432307 432308
432318 432319
433226 433227
435682 435683
435684 435686
435687 435688
442952 442953
443201 443203
443884 443885
443892 443893
443954 443955
443957 443958
443959 443960
443961 443962
445522 445523
445532 445533
446513 446514
446523 446524
446571 446574
446585 446586
446597 446598
447159 447161
447163 447164
447168 447170
447179 447180
447184 447185
447186 447187
447251 447252
447264 447266
447268 447269
447275 447276
447395 447396
447408 447409
447410 447412
447418 447419
447517 447518
447717 447719
447728 447729
455356 455358
455359 455360
455369 455370
455384 455385
455702 455704
455705 455706
455707 455708
455715 455716
455717 455718
455739 455740
455746 455747
455753 455754
455757 455758
455896 455897
455899 455900
455952 455953
455956 455958
455963 455966
456068 456070
456072 456073
456138 456140
456144 456145
456148 456150
456200 456203
456289 456290
456299 456301
456303 456304
456306 456307
456493 456494
456495 456496
456497 456498
456499 456500
456538 456539
456571 456572
456573 456575
456685 456686
456714 456717
456741 456742
456744 456745
456746 456748
456806 456808
456809 456810
460612 460613
460614 460615
460627 460629
460630 460631
460634 460636
460643 460644
460655 460657
460671 460673
460722 460724
460760 460761
460762 460763
460764 460766
460767 460768
460770 460771
460842 460844
460910 460911
460912 460913
460918 460919
460922 460923
460945 460947
461003 461004
461006 461007
461040 461041
461053 461054
461173 461175
461736 461739
461791 461792
