0 1
260 261
324 325
326 327
374 375
376 377
570 571
594 596
682 683
697 699
711 712
729 730
731 732
24419 24420
24424 24425
24525 24527
24529 24530
24546 24547
24554 24555
24558 24560
24562 24564
24566 24567
24588 24589
24602 24603
24605 24606
24718 24719
24720 24722
24723 24724
24736 24737
24741 24744
24746 24747
24754 24755
24815 24817
24818 24819
24820 24821
24822 24823
24826 24829
24834 24835
24848 24849
24850 24851
24867 24870
24875 24876
25390 25391
25393 25394
25398 25399
25431 25432
25440 25441
25443 25444
25446 25447
25449 25450
25470 25471
26035 26036
26037 26038
26040 26041
26043 26045
26047 26048
26364 26365
26368 26370
27014 27015
28663 28664
28670 28671
28672 28673
28679 28680
28686 28688
29825 29826
30030 30032
30091 30092
36552 36553
36554 36555
59500 59501
59631 59632
59637 59638
59643 59644
59646 59648
59650 59651
59653 59654
60047 60048
60049 60050
60055 60056
60073 60074
60076 60078
60101 60102
60104 60105
60106 60107
60109 60110
60115 60116
60133 60135
60137 60138
60139 60140
60143 60145
60181 60183
60669 60670
60671 60673
60677 60678
60679 60680
60682 60683
60724 60725
60726 60727
60733 60734
60935 60936
61614 61617
61620 61621
61622 61623
61685 61686
61689 61690
61929 61930
61956 61957
62094 62095
62110 62111
62112 62113
62212 62213
62218 62219
62263 62264
62268 62269
62285 62286
62326 62327
62964 62965
62966 62967
64890 64893
64899 64900
65856 65857
65868 65869
65872 65873
65878 65880
65886 65887
65888 65889
65935 65937
65939 65940
66024 66026
66057 66058
66209 66212
66221 66222
66223 66226
66269 66270
66351 66352
66356 66357
67296 67298
67349 67350
