0 1
9 10
13 14
22 23
283 284
285 286
311 313
577 578
607 608
641 642
645 646
650 651
702 703
706 707
1491 1492
1494 1495
1498 1499
1508 1509
1852 1854
1882 1883
1977 1978
1979 1981
1983 1985
1986 1987
2071 2072
2077 2078
2084 2086
2377 2378
2380 2381
2417 2418
2420 2421
2438 2439
3218 3221
3223 3224
3230 3232
3698 3699
3724 3726
3728 3730
3732 3733
4085 4086
6386 6387
6416 6417
6418 6419
6420 6421
6423 6424
6425 6426
6428 6429
6431 6434
7753 7754
9933 9934
9941 9942
9955 9956
67252 67253
67257 67258
67296 67297
67298 67299
67303 67305
67310 67311
67320 67321
67322 67325
67337 67338
67475 67476
67547 67548
67556 67557
67560 67561
67562 67563
67564 67565
67570 67572
67583 67584
67588 67589
67701 67702
67706 67707
67709 67711
67754 67755
67819 67820
67839 67840
67849 67850
68559 68560
68583 68584
68600 68603
68634 68636
68657 68658
68661 68662
68663 68666
68669 68671
68878 68880
68896 68897
68920 68922
68928 68929
68936 68937
68942 68943
68948 68950
68963 68966
68967 68968
69101 69102
69103 69104
69144 69145
69151 69152
109201 109202
109203 109205
109207 109208
109211 109212
120306 120307
120308 120309
120315 120316
122436 122437
122439 122440
122453 122454
122522 122523
122685 122686
124613 124614
124679 124680
125374 125376
125435 125436
125450 125451
125477 125478
125487 125489
125530 125531
125631 125632
125633 125635
125636 125639
125729 125730
125748 125750
125781 125782
125831 125832
126019 126020
126023 126025
126026 126029
126037 126038
126405 126406
126410 126411
126423 126424
229171 229172
229176 229178
229390 229391
229392 229393
229397 229398
229408 229409
229453 229454
229758 229759
229767 229768
229770 229772
229773 229774
229782 229784
229793 229794
229795 229796
229802 229803
236413 236414
236420 236421
236446 236448
236565 236566
236572 236573
236576 236578
236580 236581
236582 236583
236592 236593
236640 236641
236642 236643
236646 236649
236700 236701
236735 236736
236737 236739
236741 236742
237650 237651
237654 237655
237662 237663
237665 237666
237897 237898
237901 237902
237906 237907
237910 237912
239804 239805
240220 240221
240222 240223
240240 240241
240245 240246
240282 240283
240389 240391
240400 240402
240417 240419
240513 240514
240523 240524
240726 240727
240782 240785
240800 240802
242020 242021
242023 242024
242051 242053
244185 244186
244281 244282
244290 244291
244296 244297
244299 244302
244445 244446
244662 244663
244664 244665
244758 244759
244765 244766
244807 244808
244811 244812
244813 244814
245226 245227
245230 245232
245310 245312
245365 245366
245403 245405
245654 245655
245661 245662
250152 250156
250208 250209
250259 250260
250262 250263
251348 251349
251392 251393
251400 251401
251416 251418
251453 251455
251485 251486
251487 251488
251490 251491
251498 251499
259042 259043
259044 259045
259155 259157
259165 259166
259168 259170
259178 259179
259181 259182
259193 259194
259199 259200
259202 259203
259212 259213
259214 259216
259440 259441
259513 259514
259533 259534
259535 259536
259541 259543
259882 259883
260070 260071
262459 262460
262471 262472
262492 262493
