0 1
2 3
6 7
9 10
353 354
355 360
361 362
363 364
893 894
895 896
899 901
909 910
7543 7545
7562 7563
7578 7579
7581 7582
7583 7584
7728 7730
7744 7745
7746 7747
7757 7758
7759 7760
7764 7765
10095 10096
10098 10099
10105 10106
10113 10115
10123 10125
10126 10127
10133 10134
10135 10136
10196 10197
10221 10222
10283 10284
10287 10289
10305 10306
12008 12009
12010 12011
12163 12164
12183 12184
18384 18385
28874 28875
28887 28888
28902 28903
29219 29220
29222 29223
29235 29237
29246 29247
29248 29249
29251 29252
30421 30422
31150 31151
31161 31162
31165 31167
31175 31176
31180 31181
31183 31184
31220 31221
31223 31224
31235 31236
31245 31248
31251 31252
31253 31254
31255 31256
31307 31308
31312 31313
31315 31316
31326 31327
31330 31331
31362 31363
35116 35117
35118 35119
35164 35165
35166 35167
35871 35872
35876 35877
35907 35908
35914 35915
37004 37005
43983 43984
43986 43987
43996 43997
44002 44003
44004 44005
44016 44017
44054 44055
44095 44096
44183 44184
44185 44186
53439 53440
53441 53442
53503 53504
53507 53508
53522 53523
53685 53687
53688 53689
53697 53698
