0 1
26 27
35 36
45 46
50 52
89 90
99 100
2267 2268
2421 2423
2427 2428
2431 2433
2437 2438
2488 2489
2522 2523
4750 4751
4759 4760
4762 4763
4785 4787
4837 4838
4855 4856
4857 4858
4872 4873
4877 4878
4894 4895
4930 4931
4936 4938
10019 10020
10021 10022
10076 10077
10086 10087
10088 10089
10091 10094
10109 10110
10123 10124
10126 10127
10234 10235
10238 10240
10244 10245
10247 10249
10284 10285
10328 10329
10343 10344
10362 10363
10609 10610
10611 10612
10734 10735
11403 11404
11664 11665
11667 11668
11770 11772
11777 11778
11799 11800
12480 12481
12510 12511
12518 12520
12529 12531
12740 12741
12743 12744
15810 15811
15853 15854
15863 15864
15872 15873
16124 16125
16213 16215
16294 16295
16348 16349
16420 16421
16676 16678
16679 16680
16682 16686
16688 16690
16743 16744
16898 16900
16905 16906
16908 16910
16915 16917
16997 16998
17372 17373
17376 17377
18316 18317
18323 18325
18327 18328
18448 18449
18830 18831
18833 18834
19215 19216
19219 19220
19352 19353
19354 19356
19518 19519
19530 19531
19662 19663
19666 19667
19674 19675
19697 19699
19703 19704
19706 19707
19708 19709
19734 19735
19749 19751
19775 19776
20329 20330
20331 20332
20407 20408
20413 20414
20464 20465
20471 20472
20476 20477
21792 21793
23198 23199
23200 23202
23204 23205
36481 36482
36483 36484
36488 36489
36521 36522
36656 36658
36672 36673
36736 36738
36782 36783
37028 37029
37058 37059
37062 37063
180110 180111
180139 180140
180224 180225
180237 180238
180239 180240
180268 180269
185509 185513
185551 185553
185554 185555
185672 185673
185785 185786
185788 185789
185796 185797
185802 185803
185805 185806
185809 185811
186090 186091
186141 186142
186144 186147
186177 186178
186181 186184
186191 186192
186209 186210
186212 186214
186302 186304
186305 186306
186307 186308
186311 186314
186318 186320
186321 186323
186329 186330
186333 186334
186388 186389
186390 186391
186392 186393
186877 186878
186905 186906
186922 186923
186934 186936
186937 186939
186943 186944
186949 186950
187060 187061
187070 187071
187083 187085
187103 187104
187107 187108
187109 187110
187113 187114
187118 187119
187121 187122
187123 187125
187132 187135
187136 187137
187153 187154
187158 187160
187184 187186
187190 187191
187260 187261
187271 187272
187276 187277
187279 187280
187292 187294
187296 187297
187298 187299
187300 187301
187302 187303
187317 187318
188441 188442
188446 188447
188450 188451
188480 188482
188495 188496
188500 188501
188503 188504
191229 191230
191231 191232
191238 191239
191287 191289
191297 191298
191349 191350
191367 191368
191375 191376
191379 191380
191471 191472
201765 201766
201858 201860
201889 201890
201899 201900
201901 201903
201906 201907
201908 201909
201910 201911
201924 201925
201928 201929
202300 202302
202313 202315
202316 202317
202318 202319
202321 202322
202362 202363
202449 202450
202507 202508
202509 202510
202511 202512
202517 202518
202556 202557
202725 202726
202727 202728
202978 202980
202981 202983
202996 202997
203001 203002
203021 203022
203090 203091
203099 203100
203544 203545
203546 203547
203569 203570
203580 203582
203596 203597
203660 203661
203663 203664
203672 203673
203681 203682
203690 203691
203806 203807
203809 203812
203819 203820
204327 204328
204470 204471
204519 204522
205161 205162
205163 205164
205166 205168
205169 205170
205174 205177
205209 205211
205215 205216
205225 205226
205321 205322
205330 205331
205338 205340
205558 205559
205561 205562
205635 205636
205637 205638
205642 205643
205726 205727
205730 205731
205733 205734
205735 205736
205737 205738
205754 205755
205788 205789
205827 205828
205836 205837
205838 205839
205840 205841
205875 205876
206624 206625
206630 206631
206769 206772
206774 206775
206795 206796
206800 206801
206803 206804
206915 206918
206919 206920
206924 206927
206944 206945
206949 206951
206952 206955
206959 206960
206963 206964
207000 207001
207004 207005
207014 207015
207019 207020
207213 207214
207216 207217
207222 207223
207237 207239
207378 207379
207380 207381
207382 207383
207388 207389
207393 207394
207402 207403
207416 207418
207424 207425
207459 207460
207466 207467
207470 207471
207478 207480
207481 207482
207608 207610
207618 207619
207674 207675
207679 207680
207683 207684
209065 209066
209067 209070
214231 214233
214238 214239
215454 215455
215473 215477
215479 215480
215505 215506
215508 215509
215557 215559
215570 215571
215603 215606
215646 215647
215721 215722
215749 215750
215929 215930
215939 215940
216125 216126
216168 216169
216178 216179
223175 223176
223180 223181
223182 223183
223184 223185
223272 223273
223590 223591
223632 223633
223638 223639
223645 223646
223658 223660
223662 223663
223664 223666
223685 223686
223706 223707
223715 223716
223725 223726
223728 223729
223861 223862
223865 223867
223871 223873
223879 223881
223883 223884
223992 223993
223994 223995
224017 224018
224019 224020
224046 224047
224048 224049
224268 224270
224271 224272
224293 224294
224899 224900
225271 225272
225273 225274
225287 225288
225290 225291
225300 225301
226277 226279
228311 228312
228350 228351
228359 228360
228381 228383
228385 228386
228399 228401
240174 240175
240182 240183
240184 240187
240813 240814
240815 240816
240817 240818
241228 241230
241288 241289
241290 241291
242418 242419
243529 243530
243596 243597
243656 243657
245141 245142
245262 245263
245268 245269
245336 245337
245374 245375
245441 245442
245446 245447
245448 245450
245452 245453
245649 245650
245836 245837
245842 245843
245851 245852
245996 245999
246008 246011
246013 246014
246019 246021
248233 248234
248235 248236
248283 248284
248324 248325
248328 248330
248418 248419
248598 248599
248614 248616
248617 248618
248704 248706
248717 248718
248719 248720
248721 248722
248723 248724
248733 248734
248736 248739
248741 248742
248761 248762
248803 248804
248805 248807
249351 249352
249356 249357
249358 249359
249394 249395
249396 249397
249465 249466
249470 249471
249472 249474
249479 249480
249482 249483
249486 249487
250279 250280
250284 250285
250299 250301
250324 250326
250334 250335
253452 253453
253460 253461
254309 254310
254320 254321
254805 254806
254810 254812
254813 254814
254821 254823
254824 254828
254837 254838
254841 254842
254843 254845
254873 254874
255023 255024
255274 255275
291084 291085
291220 291221
291583 291584
291589 291590
291686 291687
291722 291723
291750 291753
292055 292056
292237 292238
292241 292242
292264 292266
292284 292285
293906 293907
293945 293946
293947 293948
293955 293956
293993 293994
294024 294025
294030 294031
294046 294047
294059 294060
294595 294596
294597 294599
294600 294601
294602 294603
294607 294608
294610 294611
294615 294616
294697 294698
294701 294702
294703 294704
294706 294707
294709 294710
294957 294958
294961 294962
294964 294965
294973 294976
294978 294982
294985 294988
294989 294990
295091 295092
295096 295097
295108 295110
295530 295531
295534 295535
295538 295539
295568 295569
297632 297634
297657 297658
298046 298047
298049 298052
298053 298055
298056 298057
298058 298059
298185 298186
298187 298189
298215 298216
298217 298219
298220 298221
298287 298288
298297 298298
298342 298345
298346 298349
298351 298352
298400 298401
298408 298409
298433 298434
298438 298439
298441 298442
299605 299606
299612 299614
299615 299616
299617 299618
299653 299656
299661 299662
299693 299694
299712 299713
299724 299725
299728 299729
299733 299734
299735 299736
299757 299758
299810 299811
300150 300153
300246 300248
300251 300252
300253 300254
300259 300260
300261 300262
300263 300264
300278 300280
336275 336277
336280 336282
336284 336285
336731 336732
336735 336736
336745 336746
336750 336752
336753 336755
336786 336788
336806 336807
336812 336813
336817 336818
336819 336820
336821 336822
336824 336825
336974 336976
336982 336983
337007 337009
337013 337015
337124 337125
337129 337130
337150 337151
337152 337156
337157 337158
337164 337165
337617 337618
337620 337622
337782 337783
337786 337788
337790 337791
337801 337802
338316 338318
338326 338327
338445 338446
341305 341306
341713 341714
341739 341740
341971 341972
341986 341987
341991 341992
341994 341995
342144 342146
342211 342214
342216 342217
351042 351045
351046 351047
351049 351050
351365 351367
351374 351375
351384 351385
351418 351419
351453 351454
351482 351486
351491 351494
351518 351519
351526 351528
351530 351532
351680 351681
351684 351685
351690 351692
351693 351694
351698 351700
351701 351703
351706 351707
351708 351709
351710 351712
351713 351714
351735 351736
351737 351738
351739 351740
351741 351744
351765 351766
351777 351778
352152 352153
352155 352157
352161 352162
352165 352166
352204 352205
352229 352231
352437 352439
352442 352443
352447 352453
352454 352455
352608 352609
352610 352611
352618 352619
352621 352622
353989 353991
353992 353993
353994 353995
354007 354009
354091 354092
354148 354149
354175 354176
362831 362833
363012 363013
363017 363019
363183 363184
365617 365621
365739 365740
365874 365875
365894 365896
365919 365920
365921 365924
365939 365940
365944 365945
365946 365947
365950 365951
365966 365967
365994 365995
365996 365997
369586 369588
369603 369604
369608 369609
369619 369621
369623 369626
369627 369628
369632 369633
369635 369636
369637 369638
369647 369649
369651 369652
369653 369655
369662 369663
369686 369687
369825 369826
369827 369828
369907 369908
370357 370358
370360 370361
371174 371175
371177 371178
371179 371180
371205 371206
371208 371209
371211 371212
371217 371218
371219 371220
371230 371232
371234 371235
469501 469502
469503 469505
469507 469508
469578 469580
469612 469613
469614 469615
469631 469632
469633 469634
470391 470392
470402 470403
470460 470461
476063 476065
476076 476077
476082 476083
550226 550227
550252 550253
550371 550373
550437 550439
550442 550443
550449 550450
550453 550454
550455 550456
550488 550490
550494 550495
550507 550508
550510 550511
550529 550531
550535 550536
550690 550691
550703 550704
550811 550812
552567 552568
553505 553507
554852 554853
554854 554855
554892 554895
554909 554910
554915 554916
555148 555149
555162 555163
555239 555240
555241 555242
555392 555393
556461 556462
556470 556472
556494 556496
556542 556543
556566 556568
556794 556795
556865 556866
755670 755671
755672 755673
756410 756411
756412 756413
756416 756417
756422 756423
758852 758853
758858 758859
758869 758870
758876 758877
760883 760884
760903 760904
760905 760906
760909 760910
760941 760943
762723 762725
762732 762733
762737 762738
762739 762740
762742 762743
762787 762788
762796 762797
762798 762799
762829 762830
762888 762891
762892 762893
762895 762896
762939 762940
762942 762943
762944 762946
763009 763010
763028 763030
763032 763033
763036 763037
763043 763044
763062 763063
794152 794155
794294 794296
794337 794338
794340 794343
794344 794349
794356 794357
794362 794363
794365 794366
795134 795135
795136 795141
795523 795524
795680 795681
795688 795689
795836 795837
795891 795892
795898 795900
795908 795909
795931 795932
795977 795979
795980 795981
796004 796005
796006 796007
796036 796037
796127 796128
796130 796131
796136 796137
796143 796144
796156 796157
796158 796159
796161 796162
796163 796164
796165 796166
797113 797114
797131 797132
797170 797172
797178 797179
797180 797181
797183 797184
797191 797192
797216 797217
797493 797494
797828 797829
797833 797834
797843 797844
797864 797867
797868 797869
797906 797907
797944 797945
923054 923055
923057 923062
923092 923093
924110 924112
924116 924118
924123 924124
924126 924127
924391 924392
924393 924395
924398 924399
925397 925401
925411 925412
925413 925414
925417 925419
928275 928276
928320 928321
928323 928324
928354 928355
928379 928380
930026 930027
