0 2
9 10
261 262
263 265
271 272
274 275
281 282
328 329
332 333
350 351
361 362
381 382
385 386
514 515
520 522
537 538
556 557
559 561
563 565
579 580
642 643
646 647
659 660
989 990
1007 1008
1028 1031
1345 1347
1350 1352
1357 1358
1362 1363
1384 1385
1386 1387
1402 1403
2342 2343
2344 2345
2350 2351
2352 2354
2355 2356
2413 2414
2416 2417
3210 3211
3213 3214
3286 3287
3303 3304
3310 3311
3313 3314
3319 3320
3321 3322
3323 3324
3326 3327
3402 3403
3640 3641
3642 3643
3644 3645
3696 3697
3699 3702
3781 3782
3784 3785
4512 4513
4525 4526
4527 4528
4723 4724
4727 4728
6193 6194
6198 6199
6200 6201
6207 6208
7118 7119
7120 7123
7189 7190
7305 7306
7308 7310
8557 8558
11043 11044
11062 11063
11064 11065
11109 11110
11116 11117
11950 11951
11959 11960
11991 11994
11996 11998
11999 12000
12004 12005
12045 12046
12051 12052
12057 12060
12061 12062
12063 12064
12089 12090
57483 57484
60119 60120
60138 60139
60145 60146
60166 60168
60423 60424
60435 60437
62453 62454
62508 62510
62585 62586
62596 62599
62612 62614
62638 62641
62642 62643
62653 62654
62672 62673
62678 62679
62680 62681
62691 62692
62693 62694
62713 62716
62727 62728
62729 62731
62847 62849
62852 62853
62854 62855
62874 62875
62901 62902
62904 62905
62916 62917
62938 62939
62941 62942
62943 62944
62945 62946
62948 62950
62956 62957
62972 62973
63410 63411
63519 63520
63523 63525
65003 65004
65005 65006
65020 65022
65024 65025
65026 65028
65038 65039
65045 65046
65666 65667
65668 65669
65671 65672
65698 65699
65711 65713
65714 65715
65725 65728
65731 65732
65791 65792
65800 65802
65902 65903
65935 65936
65940 65941
65944 65945
65985 65986
65993 65994
66013 66015
66016 66017
66602 66603
66604 66607
66940 66943
67006 67009
67508 67513
67518 67519
67532 67533
67535 67536
67577 67578
67621 67622
67623 67624
67938 67940
68367 68368
68489 68490
68627 68628
68629 68630
68640 68641
68647 68648
69621 69622
69624 69627
69630 69631
69647 69648
69649 69652
72465 72466
72989 72991
72992 72993
73219 73220
73228 73229
73265 73266
73270 73271
73278 73279
73341 73342
73344 73347
73383 73384
73389 73390
73391 73392
73396 73399
73401 73404
73410 73411
73414 73416
73422 73423
73436 73438
73466 73467
73477 73478
73493 73495
73501 73502
73508 73510
73952 73953
73956 73957
73995 73996
73997 73998
74005 74007
74052 74054
74055 74056
74833 74835
74915 74916
75102 75103
75153 75155
75156 75157
75159 75160
75161 75162
75166 75167
76582 76584
76700 76701
76708 76710
76711 76712
76719 76720
76734 76735
76749 76750
76753 76754
76755 76756
76765 76766
76816 76817
77009 77010
77023 77026
77035 77036
77043 77044
77257 77258
77264 77265
77269 77270
77271 77272
77285 77286
77287 77288
77290 77291
77294 77295
77298 77300
77302 77303
77760 77761
77767 77768
77769 77770
77771 77772
77786 77787
77883 77884
77886 77887
77902 77903
77985 77986
78083 78086
78088 78090
78098 78101
78145 78147
78152 78153
78154 78155
78158 78160
78161 78162
78174 78175
78222 78223
78229 78230
78234 78236
78298 78300
79303 79304
79397 79398
79415 79416
79441 79442
79443 79444
79452 79453
79487 79488
79493 79494
79524 79525
79543 79544
79576 79577
79580 79582
79593 79594
79595 79596
79597 79599
79608 79609
79610 79611
79612 79613
79614 79615
79621 79622
79623 79624
79632 79633
79634 79635
82716 82720
82721 82722
82736 82737
82740 82741
82749 82750
82880 82881
82884 82887
82888 82889
84671 84672
84677 84678
85382 85384
85401 85402
85649 85650
85651 85652
85658 85659
85668 85669
86186 86187
86191 86192
86223 86224
86296 86297
86306 86307
86313 86314
86315 86316
86317 86319
86322 86323
86389 86390
86398 86399
86404 86406
86690 86692
87435 87436
87437 87440
87444 87445
87446 87447
87453 87454
87469 87471
87666 87667
93947 93949
93950 93951
93952 93954
93960 93961
94070 94071
94075 94076
94081 94082
94107 94109
95263 95264
95293 95294
95341 95342
95349 95350
95353 95354
95624 95625
95683 95684
95685 95686
95687 95688
95691 95692
95696 95697
95703 95704
95724 95727
95732 95734
95940 95942
95952 95953
97200 97201
97203 97204
97205 97206
97261 97262
97269 97272
97275 97276
97277 97278
97296 97297
97298 97299
98102 98103
98121 98122
98178 98179
98194 98195
98196 98197
98198 98199
98210 98211
105207 105208
105662 105663
109237 109238
109242 109243
109244 109245
109248 109250
109252 109255
109749 109751
109752 109754
109820 109821
109823 109824
109828 109829
109881 109882
109883 109884
110252 110254
110586 110587
110588 110589
110641 110642
110643 110644
211916 211917
211918 211919
211921 211924
211926 211927
211984 211987
212036 212038
212039 212040
212043 212044
212225 212226
212227 212228
212231 212233
212238 212239
212241 212242
213219 213220
213224 213226
213251 213252
213269 213270
213295 213297
213304 213306
213307 213308
213312 213313
214005 214006
316136 316137
316151 316152
316340 316341
316429 316431
316490 316491
316495 316497
316894 316898
316903 316904
316915 316918
316922 316923
317755 317756
317761 317763
317764 317765
317875 317876
317877 317878
317882 317883
317898 317900
317923 317924
317926 317927
317964 317965
317983 317985
317998 317999
318089 318090
318091 318092
318106 318107
318555 318557
318559 318561
318563 318564
318566 318567
318569 318570
318685 318686
318748 318749
318761 318762
318766 318767
318861 318862
318867 318868
319184 319185
319272 319273
319275 319276
319280 319281
319292 319293
319302 319304
834639 834640
840739 840740
840777 840778
840920 840921
840984 840985
841011 841013
841014 841015
841029 841031
841032 841033
841034 841035
841082 841084
841116 841117
841206 841208
841209 841210
841215 841216
841225 841226
841233 841234
841363 841364
841424 841425
841430 841431
841432 841433
841435 841436
841456 841459
841490 841491
857533 857534
858329 858330
858934 858935
858964 858965
858976 858977
858980 858981
858991 858992
858993 858994
858998 858999
859016 859017
859064 859065
859066 859067
859089 859090
859099 859100
859101 859102
859119 859120
859219 859220
926152 926153
926266 926267
926268 926269
926270 926272
926273 926279
926357 926359
926360 926361
926362 926364
926914 926916
927693 927695
927702 927703
927704 927705
927711 927712
927729 927730
927755 927756
927764 927765
927768 927769
927771 927772
927879 927880
927893 927894
927956 927957
927967 927968
927969 927970
928213 928216
928222 928224
928234 928235
928239 928241
928244 928245
930092 930093
930095 930096
930100 930101
930103 930104
930107 930108
930111 930112
946673 946675
946677 946678
946752 946754
946755 946756
946795 946796
946806 946807
946809 946810
946825 946826
946834 946835
947277 947278
947290 947291
947309 947310
947312 947313
947356 947359
949000 949001
949002 949004
949074 949078
949090 949091
949119 949120
949121 949122
949213 949214
950273 950275
952269 952270
952272 952273
952294 952295
952333 952334
952346 952347
952359 952360
952362 952363
952927 952930
952984 952985
952990 952992
952993 952994
953000 953001
953003 953004
953014 953016
953017 953019
953023 953024
953036 953037
953038 953039
953043 953047
953091 953097
953098 953099
953297 953298
953300 953303
953309 953311
953319 953320
953321 953322
991983 991984
992008 992009
992017 992019
992038 992039
992041 992042
994062 994063
994065 994067
994068 994069
994089 994090
994110 994111
994191 994192
994193 994194
994207 994209
994210 994211
994215 994217
995526 995527
995535 995537
995547 995548
995571 995574
996095 996097
996386 996387
996401 996402
996421 996422
996432 996433
996434 996436
996445 996447
998044 998045
998046 998047
998172 998174
998418 998419
999367 999368
999369 999370
999381 999382
999384 999386
999392 999393
999426 999428
999429 999430
999440 999441
999443 999444
999445 999446
999499 999500
999504 999507
999508 999509
999582 999583
