0 3
162 163
1000 1001
1002 1004
1072 1074
1076 1077
1081 1082
1240 1242
1243 1245
1259 1260
11651 11652
11653 11656
11755 11756
11758 11759
11763 11765
11778 11779
11795 11796
11799 11800
11820 11821
11825 11826
11830 11832
11835 11837
11953 11954
12136 12137
12142 12144
12153 12154
17615 17616
17620 17621
17622 17623
17624 17625
17642 17644
17645 17646
17687 17688
17691 17692
17715 17716
17763 17764
21806 21808
21810 21811
21816 21817
21824 21825
21840 21841
21846 21847
21848 21850
21888 21889
21945 21948
22052 22053
22070 22071
22333 22334
22343 22344
23158 23159
23426 23429
23431 23432
23591 23592
23593 23594
25129 25130
25136 25138
28970 28972
28989 28990
28993 28995
28996 28997
29115 29117
29156 29157
29171 29172
29173 29175
29185 29186
29187 29188
29193 29194
29207 29208
29276 29277
29280 29281
29508 29509
29515 29517
29541 29542
29568 29569
29570 29571
29573 29574
29603 29605
29609 29610
29616 29617
29641 29642
29643 29644
30278 30279
30282 30283
32336 32337
32339 32341
33258 33259
33262 33263
33269 33271
33272 33273
34748 34749
34750 34751
34761 34762
34772 34773
36310 36311
36328 36329
36417 36418
36876 36877
36878 36880
36898 36901
36932 36934
37258 37259
37260 37261
37263 37264
37273 37276
37277 37278
37279 37280
37454 37455
37461 37463
37495 37496
37598 37600
37603 37604
37866 37867
37871 37872
59366 59367
59379 59380
59384 59385
59387 59389
59399 59400
59407 59408
59779 59781
59782 59783
59803 59804
59817 59818
80619 80621
80653 80654
80675 80677
80678 80679
80680 80681
80684 80685
80749 80750
80863 80864
80926 80927
80967 80968
80979 80980
81009 81011
81019 81021
81035 81036
81060 81061
81063 81064
81131 81132
81136 81137
81195 81196
81297 81298
82574 82575
82585 82587
82588 82589
82600 82601
82603 82604
96493 96495
96496 96497
96554 96555
281670 281672
281702 281703
281704 281705
281760 281761
281765 281767
281771 281772
281823 281824
281830 281831
281845 281846
281879 281881
281895 281896
281898 281900
281959 281961
281971 281972
282037 282038
282045 282046
282047 282048
282049 282051
282052 282053
282073 282074
282088 282090
282096 282098
284204 284205
284469 284470
284472 284473
284585 284586
284666 284667
284669 284670
284674 284676
284878 284879
285109 285110
285111 285114
285115 285116
285119 285120
285142 285143
285170 285171
285174 285175
285189 285192
285201 285203
285206 285207
285212 285213
285857 285858
285870 285871
285873 285874
285878 285880
285882 285883
286121 286122
286129 286130
286131 286133
286134 286135
286155 286156
286312 286313
286924 286925
286929 286930
286935 286936
286937 286938
286944 286945
286953 286955
286958 286959
286970 286971
286976 286977
286980 286981
289447 289448
289451 289453
295126 295127
295133 295134
295135 295136
295137 295138
295160 295161
295565 295566
295567 295568
295569 295570
295572 295573
384480 384481
384482 384483
384486 384487
384488 384490
384524 384525
384527 384528
384541 384542
384591 384592
384595 384596
384601 384602
384647 384648
384652 384654
384656 384659
384682 384683
384698 384699
469762 469763
469768 469770
469771 469774
469776 469777
469814 469816
469833 469835
469847 469848
469877 469878
470066 470068
470087 470088
470092 470094
470098 470099
470104 470105
470207 470208
470209 470212
470214 470216
470226 470227
470229 470230
470231 470232
470234 470235
470803 470804
470815 470816
470818 470820
470826 470827
470829 470830
470845 470847
470849 470850
470852 470853
470856 470857
470858 470859
471442 471443
471446 471447
471449 471455
471485 471486
471585 471586
471589 471590
471604 471605
471813 471814
473125 473126
473164 473165
475472 475473
475493 475494
475508 475509
475572 475573
475575 475576
475610 475611
475612 475613
475618 475619
475620 475622
475623 475624
475631 475632
475672 475673
475674 475675
533009 533010
533024 533025
533033 533036
533060 533061
533101 533102
535490 535491
535505 535506
535524 535526
535530 535531
535532 535533
535535 535537
535540 535541
535572 535573
535651 535652
535655 535656
535681 535683
535702 535704
535721 535722
535728 535730
822862 822863
822864 822865
822867 822868
822914 822915
822922 822923
822924 822925
823152 823153
823394 823395
823447 823449
823457 823458
823690 823691
823692 823693
823750 823751
823754 823755
823910 823911
824652 824654
824766 824767
824769 824771
824772 824773
824867 824868
824881 824882
824885 824886
824993 824994
825018 825019
825048 825049
825109 825110
825114 825115
825120 825121
825122 825123
825126 825128
825132 825134
825143 825147
825271 825272
825273 825274
825278 825279
825280 825281
825282 825284
825641 825642
825643 825644
828965 828967
828971 828972
829018 829020
829119 829121
829458 829459
830201 830202
830203 830204
830209 830210
830216 830217
830221 830224
830227 830229
830237 830239
830240 830241
830422 830423
830458 830459
830493 830497
830515 830517
830519 830520
830521 830523
830571 830572
830585 830586
830590 830593
830594 830595
830597 830599
830669 830670
830839 830840
830864 830865
830880 830881
831614 831615
831622 831623
831624 831628
831634 831635
831640 831643
839991 839994
840005 840006
841004 841005
841012 841013
841058 841059
841061 841062
841064 841065
841066 841067
841073 841074
841077 841079
841080 841081
841088 841089
841095 841096
841102 841104
841107 841108
841109 841111
841113 841114
841150 841151
841153 841154
841190 841191
845621 845623
845635 845636
845656 845657
845672 845673
845979 845980
846095 846096
846097 846098
846120 846121
846126 846127
846128 846129
846201 846202
846205 846206
846536 846537
846539 846540
846544 846546
846551 846552
846659 846661
846667 846668
846673 846674
846675 846676
846677 846679
846682 846684
846705 846706
846710 846711
846823 846824
846833 846834
846906 846907
846913 846914
846960 846961
847138 847139
847141 847142
847154 847156
847158 847161
847162 847163
847169 847170
847172 847173
847565 847566
847572 847573
847590 847592
848223 848225
961444 961445
961526 961528
961534 961535
961565 961567
961599 961600
961602 961603
962152 962153
962155 962156
962158 962159
962166 962167
962170 962171
962172 962173
962259 962260
962263 962264
978118 978119
978192 978193
978195 978196
978198 978199
978241 978242
978243 978244
978452 978453
978457 978458
978459 978460
978555 978557
978565 978567
978570 978571
978572 978573
978602 978605
978741 978742
978743 978744
979452 979455
979617 979618
979619 979620
979624 979626
979634 979635
979661 979662
979665 979666
979750 979752
979800 979801
979806 979807
979808 979810
979872 979873
980114 980115
980119 980120
980121 980122
980127 980128
980130 980131
980168 980170
980173 980175
