0 1
3 4
8412 8413
8472 8473
8477 8478
8489 8490
8739 8740
8751 8752
8756 8758
8761 8762
8763 8764
8987 8989
8990 8991
9104 9105
9106 9107
9112 9113
9114 9115
9116 9117
9233 9234
9362 9363
9378 9379
9380 9381
9391 9393
9406 9407
9442 9443
9860 9861
9886 9887
9888 9889
9921 9922
9923 9924
9953 9954
9965 9966
9969 9970
10040 10042
10045 10046
10184 10185
10211 10212
10213 10214
10217 10218
10222 10223
10227 10228
10234 10235
10237 10238
10247 10248
10254 10256
10273 10274
10283 10284
10285 10287
10302 10303
10304 10305
10559 10560
10562 10564
10619 10620
10638 10639
10686 10688
10694 10695
11093 11094
11101 11102
11109 11110
11118 11120
11124 11125
11144 11145
11240 11245
11247 11249
11257 11258
11339 11341
11343 11344
11378 11379
24968 24970
24972 24974
24975 24976
24978 24980
24987 24988
25929 25930
25931 25932
25957 25958
25965 25966
25968 25969
26052 26053
26058 26059
26075 26077
26119 26121
26438 26439
26440 26441
26443 26444
26463 26464
26467 26469
26504 26506
26580 26581
26582 26583
26714 26715
26717 26718
26722 26723
26756 26757
26767 26768
26989 26990
27648 27650
27652 27653
27985 27987
28007 28008
28023 28024
28025 28026
28028 28029
28058 28059
28065 28066
28067 28068
29297 29298
29316 29317
29342 29344
29382 29383
32856 32857
32862 32863
32866 32867
32868 32869
32886 32887
32935 32936
32938 32941
33666 33667
34221 34222
34224 34228
34229 34230
34232 34233
34235 34236
34251 34252
34346 34348
34358 34360
34375 34376
34380 34381
34400 34401
34455 34456
34530 34531
34562 34563
34681 34682
34685 34686
40418 40420
40423 40424
40444 40446
40476 40477
40480 40481
40504 40505
40518 40519
40665 40666
40669 40672
45313 45315
45318 45319
45330 45332
45333 45334
45337 45339
45376 45377
45381 45383
45391 45392
45483 45484
45487 45488
45489 45490
45590 45591
45594 45595
45596 45597
45606 45607
45608 45609
46044 46045
46052 46053
46064 46065
46071 46073
46086 46087
46088 46089
46097 46098
46116 46117
46118 46119
46155 46156
46157 46159
46172 46173
46175 46176
46184 46185
46186 46187
46189 46190
46191 46192
46193 46196
46200 46201
46393 46394
46397 46399
46403 46404
46408 46409
46427 46428
69029 69031
69033 69035
69052 69053
69066 69067
69069 69070
69091 69092
69095 69096
69098 69099
69269 69270
69271 69272
69274 69275
69435 69436
69440 69441
69447 69449
69453 69454
69482 69483
69954 69955
70163 70164
71826 71827
71828 71829
72019 72020
72888 72890
74577 74578
74579 74580
74630 74631
74633 74635
74636 74637
74643 74644
74724 74726
74729 74730
74737 74738
74741 74742
75369 75370
75377 75378
75524 75525
75541 75543
75544 75545
75548 75549
105222 105223
105235 105236
105237 105238
105242 105244
105246 105249
105712 105713
105715 105716
105801 105802
105986 105987
105988 105989
105990 105991
106006 106007
106121 106122
106132 106134
106135 106138
106142 106143
106276 106277
106279 106281
107569 107571
107586 107587
107596 107597
107599 107600
107603 107604
108803 108805
108814 108815
108816 108818
108819 108820
108831 108832
108876 108877
108929 108930
109055 109056
109057 109058
109128 109129
109138 109140
109210 109211
127949 127952
127953 127956
127965 127967
127972 127973
128023 128024
128025 128026
128098 128099
128100 128102
129670 129671
129673 129674
129676 129677
129679 129682
129768 129769
129775 129776
129827 129829
130095 130097
130098 130099
130113 130114
130207 130209
130218 130219
130226 130227
130234 130235
130248 130249
130250 130251
130252 130253
130282 130284
130292 130293
130300 130302
130303 130304
131807 131808
131816 131817
131820 131821
131827 131831
131847 131848
131857 131858
131861 131862
131863 131865
131866 131868
131897 131898
131899 131900
131994 131995
133727 133728
133753 133754
133872 133873
133954 133955
133963 133964
133966 133967
134012 134013
134014 134015
134016 134017
134018 134019
134021 134022
139864 139866
139868 139869
139871 139872
139879 139880
140003 140004
140278 140279
140281 140282
140288 140289
140294 140295
140304 140305
140308 140309
140324 140325
140335 140336
140347 140348
140350 140351
140353 140354
140355 140356
140357 140359
140360 140361
140363 140364
140367 140372
140374 140375
140422 140423
140456 140457
140458 140459
140460 140462
140480 140481
140482 140483
140501 140502
140507 140508
140509 140510
140517 140518
140523 140526
140548 140549
140799 140800
140856 140857
141094 141095
141127 141128
141135 141136
141137 141138
141330 141331
141379 141380
141389 141391
141471 141472
141476 141477
141489 141490
141637 141638
141652 141653
141656 141657
141664 141666
147618 147619
147944 147945
147946 147947
148009 148010
148012 148013
148033 148034
148469 148470
148480 148481
148500 148501
148527 148528
149529 149532
149533 149534
149537 149538
150582 150584
150590 150592
150606 150607
150622 150623
150657 150658
150744 150745
152378 152379
152385 152386
153369 153370
153372 153373
153374 153375
153377 153378
153679 153681
173264 173265
173266 173267
173269 173271
173407 173409
173412 173413
173416 173419
173426 173427
173541 173542
173581 173582
173631 173632
173634 173635
173637 173638
173642 173643
173660 173661
175578 175581
175588 175589
189816 189817
189819 189820
189821 189823
189825 189826
189856 189857
189883 189885
189904 189905
189909 189910
189921 189922
190118 190119
190121 190122
190125 190126
190127 190128
190161 190162
190163 190164
190180 190182
190183 190184
190189 190190
190205 190206
190229 190230
190253 190254
190255 190257
190263 190264
190268 190271
190296 190297
265088 265089
266352 266353
266355 266357
266358 266359
266362 266363
266365 266366
266370 266372
266387 266388
266401 266402
266407 266408
266566 266567
268395 268396
268404 268405
269039 269040
269062 269064
269068 269069
269099 269101
269102 269103
269115 269116
269566 269567
270441 270443
270887 270888
270891 270892
270981 270984
445472 445473
445553 445556
445573 445575
446354 446355
446362 446365
446376 446379
446384 446385
446508 446509
446523 446524
446525 446526
446528 446529
446547 446549
446551 446553
446557 446558
446570 446571
446578 446579
446580 446582
446583 446584
446597 446598
447323 447324
447330 447331
447333 447334
448878 448879
448889 448890
449110 449112
449207 449208
449226 449228
450103 450104
450106 450107
450125 450126
450172 450173
450178 450180
450186 450187
450189 450190
450192 450194
450197 450198
450203 450204
450207 450208
450209 450210
450212 450213
450473 450474
539755 539756
539757 539758
541609 541610
541758 541761
541772 541773
542105 542107
542136 542137
542161 542163
542164 542165
542169 542170
542172 542173
542200 542201
542204 542206
542218 542219
542239 542241
542242 542243
543406 543407
543408 543409
543453 543454
543455 543456
543563 543564
543588 543590
543605 543606
543607 543608
543616 543617
544167 544169
544171 544173
544177 544178
544201 544202
544328 544329
544330 544331
544334 544335
544337 544339
544340 544341
544344 544345
544861 544862
544865 544866
545023 545024
545034 545035
545036 545038
545066 545068
545069 545070
677476 677477
677478 677479
677680 677681
677683 677684
677685 677686
678735 678736
684105 684107
684108 684109
684111 684112
684114 684115
684120 684121
684130 684131
684138 684139
684287 684289
684301 684302
684303 684305
684322 684324
684325 684326
684563 684564
685244 685247
685250 685251
685254 685255
685260 685261
685265 685266
685268 685269
685287 685288
685291 685292
685298 685300
685302 685303
685304 685306
685315 685316
687944 687945
687946 687947
688005 688006
688008 688009
688015 688016
688017 688018
688020 688021
688022 688024
688037 688038
688041 688042
688374 688375
688395 688396
688505 688506
688507 688508
688512 688514
688517 688519
688520 688521
690444 690445
690452 690453
690492 690493
690494 690495
693883 693886
693927 693928
693931 693932
693933 693934
693939 693943
693958 693959
694062 694063
694074 694075
694085 694086
694618 694619
694627 694628
695431 695432
695438 695439
695440 695441
695678 695679
695680 695681
695683 695684
695874 695875
695976 695978
695984 695985
696032 696033
696090 696091
696106 696107
696110 696111
696154 696155
696161 696163
696177 696178
696182 696183
696220 696222
696285 696286
696337 696338
696355 696356
696361 696362
696365 696366
