0 1
5 6
32 33
36 37
241 243
250 251
252 254
255 256
266 267
578 579
635 637
641 642
648 649
651 652
702 703
705 706
708 709
887 888
889 890
906 909
937 939
5820 5821
5827 5830
5834 5835
5836 5837
5838 5839
5844 5845
5907 5908
5909 5910
6022 6023
6025 6026
6094 6095
6098 6099
6319 6320
54691 54692
54701 54702
54736 54737
55193 55194
55198 55199
55200 55201
55204 55205
55210 55212
55214 55215
55228 55229
56150 56152
56153 56155
56171 56172
72823 72824
72826 72827
72828 72829
72839 72840
72858 72859
72936 72937
72939 72941
72964 72965
72967 72968
73143 73144
74312 74313
74334 74335
74352 74353
74354 74355
74356 74358
74389 74390
76927 76928
76947 76948
77156 77157
77194 77195
77196 77197
77220 77221
77229 77230
77236 77237
77305 77306
77307 77308
79128 79130
79133 79135
79384 79385
79416 79418
79423 79424
79449 79450
79494 79495
79502 79503
79641 79642
79656 79657
80066 80067
80070 80073
80074 80075
80082 80083
80086 80087
80276 80278
80287 80288
80290 80291
80297 80298
80559 80560
80563 80564
80599 80600
80608 80609
83278 83286
83293 83294
83296 83297
83303 83304
87086 87087
87148 87153
87174 87175
87188 87189
106900 106901
106908 106909
106910 106911
107205 107207
107215 107216
107241 107242
107243 107246
107247 107248
107457 107458
107459 107460
191379 191380
191382 191383
191394 191395
195210 195211
195231 195232
195235 195236
195251 195252
195253 195254
195265 195266
195298 195300
195412 195413
195414 195415
195416 195417
195438 195439
195467 195468
195475 195476
195478 195479
195480 195483
195486 195487
195488 195489
198768 198770
198773 198774
198780 198781
198789 198790
198857 198858
198859 198860
198861 198864
198868 198869
198875 198876
198889 198890
198895 198896
243906 243907
244324 244325
244734 244735
244739 244741
384878 384879
384880 384881
387096 387097
387507 387508
387510 387511
387516 387517
387520 387522
387526 387528
387569 387572
387591 387592
387595 387596
387597 387598
387599 387601
387604 387606
387608 387609
387617 387619
387621 387622
387624 387625
387629 387630
387656 387657
387741 387742
387749 387751
389541 389543
398610 398612
398789 398790
398806 398807
398817 398819
399318 399319
421747 421748
421752 421753
421754 421755
421831 421832
421835 421837
422089 422090
422102 422103
422106 422107
422109 422110
422112 422113
422116 422117
422146 422147
422149 422150
422151 422152
422153 422154
422156 422157
422164 422165
422167 422168
423985 423986
423988 423989
424045 424046
424050 424051
424055 424056
424091 424092
424106 424107
424119 424120
424121 424122
424895 424896
424897 424898
424899 424900
424916 424919
424934 424935
430682 430683
431626 431627
431659 431660
431697 431698
431703 431704
431705 431706
431710 431711
431713 431716
431717 431719
431720 431722
743717 743718
747139 747140
747148 747149
747153 747154
747157 747158
747159 747160
747162 747164
747165 747166
747170 747171
747173 747174
747179 747181
747206 747208
747212 747213
747283 747285
747287 747288
747393 747394
747479 747480
747481 747482
747945 747946
747949 747950
747972 747974
748252 748253
748263 748264
748266 748267
748268 748269
748427 748428
748430 748431
748445 748446
748457 748458
748494 748495
748522 748524
748535 748536
751127 751128
751645 751646
751862 751863
751867 751868
751871 751874
751875 751877
751883 751885
752039 752040
752556 752557
752719 752720
752740 752741
752842 752845
752847 752848
752870 752872
752875 752876
753058 753059
753060 753061
753064 753065
753066 753067
753087 753088
753091 753092
753096 753098
753113 753114
753507 753508
753592 753593
753596 753597
753637 753638
753646 753647
753652 753653
753656 753657
753665 753667
753668 753670
753694 753695
753697 753698
753769 753771
753792 753795
753872 753873
753883 753884
753885 753886
753896 753898
753900 753902
753904 753905
753960 753962
753971 753972
753974 753975
754229 754230
754258 754260
766234 766235
766237 766238
766239 766242
766256 766258
766530 766531
766534 766535
766757 766759
766761 766763
766919 766920
766993 766994
767002 767003
767004 767005
767006 767007
767280 767281
767283 767284
767320 767323
767327 767328
813985 813986
813987 813988
813990 813992
814050 814052
814077 814078
815324 815325
815342 815343
815347 815348
815352 815353
815354 815355
815357 815359
815619 815620
815641 815642
815659 815660
815665 815666
815694 815695
815711 815712
815818 815819
815984 815985
815988 815989
815996 815997
816769 816772
816774 816775
816778 816779
816796 816797
816798 816799
816804 816805
816820 816821
816917 816918
816919 816920
816924 816925
816929 816930
816974 816976
816979 816980
816983 816984
816999 817001
817004 817006
817007 817008
817037 817038
817058 817059
817553 817554
817568 817570
817571 817572
817633 817634
817981 817982
817987 817988
818186 818187
818209 818210
818213 818215
819374 819375
819440 819441
819443 819444
819464 819465
819470 819472
819504 819505
819506 819507
819531 819532
819604 819605
819612 819614
819640 819641
819645 819646
819997 819998
820008 820009
820325 820326
820498 820499
820500 820501
820505 820506
820723 820724
820727 820728
820729 820731
820738 820739
820745 820746
820765 820766
820768 820769
820777 820778
820779 820780
820791 820792
864384 864385
864424 864426
864430 864431
864438 864439
864440 864441
864908 864910
864917 864918
864919 864920
864921 864922
865962 865963
865972 865973
865991 865992
866000 866001
866044 866045
866084 866085
866087 866088
866089 866090
866091 866093
866149 866150
866327 866328
866337 866339
866347 866349
866432 866433
866466 866468
866965 866966
866996 866998
867085 867086
867087 867090
867091 867094
867097 867098
867102 867103
872690 872691
872695 872696
872701 872703
872706 872708
872742 872743
872879 872881
874084 874086
874087 874088
874089 874090
874091 874092
874106 874107
874108 874109
874113 874114
874696 874697
968622 968623
968639 968640
968641 968642
968645 968646
968651 968652
968653 968654
968659 968660
