0 1
2 3
48 49
149 150
153 154
155 158
161 162
183 184
212 214
216 217
308 309
350 351
352 353
361 362
380 381
443 444
445 448
986 987
1050 1052
1053 1054
1055 1056
1064 1065
1377 1379
1384 1385
1394 1395
1424 1425
1426 1427
1429 1431
1460 1461
2601 2604
2606 2608
2609 2611
2630 2632
2639 2640
2646 2647
2668 2669
2676 2677
2706 2707
2789 2790
2793 2794
2826 2827
2828 2829
6306 6307
8242 8243
8245 8246
8247 8248
40367 40370
42880 42881
42882 42883
42886 42887
42892 42894
42906 42907
42918 42919
42921 42922
42923 42925
812376 812377
812383 812384
812397 812398
812633 812634
812635 812638
812641 812642
812645 812646
812650 812651
812653 812654
812657 812658
812659 812662
812668 812670
812730 812731
812789 812790
813010 813011
813096 813097
813106 813108
813109 813110
813123 813124
813128 813129
813131 813132
813153 813158
813162 813164
813167 813168
819677 819678
819686 819688
819701 819702
819740 819741
819842 819843
898766 898768
898772 898773
900483 900484
900507 900508
900510 900511
901005 901007
901038 901039
902060 902062
921360 921362
921386 921387
922948 922949
922958 922960
922965 922966
923121 923123
923124 923126
923155 923156
923158 923159
923339 923340
923369 923370
923374 923375
923391 923393
923523 923526
923541 923542
924149 924151
924480 924481
924483 924484
924488 924489
924736 924737
925262 925263
925264 925265
925266 925267
925273 925274
925286 925287
925403 925404
925428 925429
925430 925431
925432 925433
925578 925579
925580 925581
925582 925583
925585 925586
925587 925588
925589 925590
925946 925948
925964 925966
925977 925979
925995 925996
926014 926015
932770 932772
932837 932838
932863 932865
933841 933842
933843 933844
933845 933846
933848 933849
933850 933851
933853 933854
934000 934001
934003 934004
934008 934009
934015 934016
934156 934157
934179 934180
934208 934209
934215 934216
934217 934218
934223 934224
934230 934231
934859 934860
934928 934929
934932 934933
934943 934944
934963 934964
934992 934993
934995 934996
937176 937177
937190 937191
937193 937194
937302 937303
937313 937314
937316 937317
937997 937998
938035 938038
938041 938042
938043 938044
938050 938053
938145 938146
938147 938148
938151 938152
938155 938157
944926 944927
944944 944945
944960 944961
944962 944963
945175 945176
945211 945214
946717 946718
946802 946805
946810 946812
946820 946823
946825 946826
947549 947550
947556 947557
947562 947564
947570 947571
947572 947573
947605 947606
947642 947645
947651 947652
947662 947663
947666 947667
947668 947670
947688 947691
947693 947694
947718 947719
947725 947726
947730 947732
947851 947854
947898 947900
947914 947915
947919 947920
947922 947923
947945 947948
947985 947986
947991 947995
948003 948004
948237 948238
948300 948301
948304 948305
948352 948353
948359 948360
948367 948368
948370 948371
948432 948434
948465 948467
948661 948662
948670 948672
948673 948675
948679 948680
948681 948682
948700 948701
948706 948707
948720 948721
948741 948742
948745 948746
948910 948911
948974 948975
948976 948978
948981 948982
948984 948985
948992 948995
949008 949010
949249 949250
949251 949252
949341 949342
950170 950171
953508 953509
954118 954119
954202 954205
954369 954370
954466 954467
954503 954504
954571 954573
954574 954575
