0 2
22 23
136 137
235 236
237 238
239 240
244 245
364 365
372 373
381 383
385 387
421 422
5614 5615
6197 6198
6200 6202
9589 9591
9845 9846
9850 9851
9853 9854
10137 10138
10140 10141
10148 10150
10191 10192
10398 10399
10406 10408
10409 10410
10431 10432
10435 10437
10438 10440
10458 10460
15070 15071
15072 15073
15075 15076
15091 15093
15098 15099
15317 15318
15577 15578
15579 15580
16498 16499
16501 16502
16522 16523
21799 21800
21801 21803
21916 21917
21961 21962
21963 21964
21965 21966
22638 22640
22641 22642
22648 22649
23343 23344
23530 23531
23541 23542
23545 23547
23564 23565
23570 23572
23577 23578
49108 49109
49112 49113
49151 49153
49156 49157
49158 49159
49163 49166
49167 49170
49205 49206
49345 49346
49347 49348
49349 49350
53206 53207
53598 53599
53600 53601
53617 53621
53623 53624
53630 53632
53633 53634
53651 53652
53667 53668
53671 53674
53675 53676
53677 53679
53719 53721
53722 53725
166006 166007
166012 166014
166024 166025
166026 166028
166030 166032
166036 166038
166045 166046
166047 166050
166057 166058
166069 166071
166073 166074
166080 166081
166082 166084
166586 166589
166631 166632
166666 166667
166711 166712
166716 166718
166722 166723
166825 166826
166947 166948
167593 167594
167604 167606
167627 167628
167644 167645
167648 167649
167877 167879
167888 167890
167925 167926
167941 167943
167944 167945
167947 167948
168031 168033
168042 168043
168076 168077
168142 168144
168160 168161
170168 170169
170177 170178
170179 170180
170230 170231
170271 170273
170280 170281
170282 170284
170285 170286
178540 178541
178542 178543
178544 178546
178547 178549
178664 178666
178668 178669
178732 178733
178735 178736
179032 179033
179034 179035
179093 179094
179100 179101
179105 179106
179112 179114
179115 179116
179117 179118
180476 180477
180478 180479
180512 180513
180514 180517
180520 180521
180522 180523
180696 180697
180727 180728
180733 180734
180798 180799
180848 180850
180851 180852
180923 180924
181087 181088
181098 181101
181107 181108
181191 181192
181214 181215
181221 181222
181235 181237
181238 181239
187225 187226
316148 316150
316151 316152
316154 316155
317896 317897
317984 317987
318000 318001
318008 318009
318010 318013
318208 318210
318214 318215
318221 318222
318224 318225
318232 318234
319010 319011
319013 319015
319023 319024
319029 319030
319031 319033
319036 319037
319039 319040
319044 319045
319065 319066
330293 330294
330308 330310
330313 330314
330648 330649
330650 330651
330652 330653
330658 330659
330725 330726
333837 333838
333843 333845
357344 357346
357489 357490
357492 357493
374079 374080
374089 374090
374122 374123
374124 374125
382127 382128
382131 382132
382142 382143
382416 382418
382473 382474
382580 382581
382749 382750
382772 382773
382778 382779
382787 382789
382792 382793
382799 382800
382818 382819
382856 382857
382861 382862
382863 382864
382885 382886
382926 382927
382932 382933
382934 382935
382958 382960
382961 382962
382978 382979
383300 383303
383306 383308
383315 383316
384625 384626
385187 385188
385215 385216
385229 385230
385235 385236
385237 385238
385327 385329
385330 385331
385638 385641
385645 385646
385647 385648
385649 385650
385653 385654
385736 385737
388196 388197
388281 388282
388312 388313
388329 388330
388333 388334
388337 388338
388339 388340
388342 388343
388344 388345
388347 388348
388353 388354
388727 388730
389030 389031
389032 389034
389039 389040
389042 389046
389106 389107
389253 389254
389256 389257
389265 389266
389267 389268
389271 389272
389318 389319
389321 389323
389417 389418
389419 389420
394888 394889
394896 394897
394898 394899
394906 394907
394919 394921
394935 394936
394950 394952
394965 394969
395014 395016
395024 395025
395027 395028
395032 395033
395103 395105
395141 395143
395148 395151
395221 395222
395223 395224
395225 395226
395230 395231
395704 395705
395728 395729
395733 395734
395754 395755
395759 395760
395762 395763
396393 396394
396395 396396
396517 396518
396644 396645
397102 397103
397107 397109
397112 397113
397135 397136
397137 397139
397244 397245
398243 398246
398252 398253
398258 398259
398296 398298
398347 398349
398364 398365
399024 399025
399027 399028
399034 399035
399042 399043
400375 400376
400403 400405
400406 400407
400412 400413
409082 409083
409326 409327
409344 409345
409349 409350
409451 409452
409480 409482
409549 409550
409554 409555
409578 409579
409583 409584
409689 409690
409694 409695
409697 409699
409718 409719
410092 410093
410094 410095
410097 410098
410130 410131
410139 410141
410169 410170
410175 410176
410186 410187
410190 410192
410194 410195
410203 410204
410212 410213
410241 410242
410243 410245
410246 410247
410296 410297
410300 410301
410359 410360
410368 410369
410388 410389
410390 410391
410436 410437
411387 411388
411431 411432
411545 411546
411548 411549
411585 411586
411587 411588
411820 411821
411829 411831
411832 411834
411835 411836
411843 411845
411847 411848
411865 411866
411869 411870
413388 413389
413390 413391
413403 413404
413429 413430
413440 413441
413442 413443
414733 414734
414961 414964
415078 415079
415096 415099
415136 415137
415153 415155
415169 415170
415238 415239
415302 415303
415314 415315
415319 415320
415646 415647
415648 415649
415652 415653
415655 415658
415780 415781
415788 415791
415797 415798
415800 415801
417563 417564
417565 417566
417650 417651
417665 417666
417667 417669
501936 501937
511695 511697
511699 511700
511705 511706
562084 562085
562088 562089
562093 562094
562097 562098
562103 562105
562118 562119
562121 562122
562782 562783
562787 562788
562884 562885
563048 563049
563050 563051
563068 563069
563107 563108
566359 566361
566366 566367
566373 566375
566377 566378
566379 566380
566387 566388
566389 566390
566393 566395
566399 566400
566515 566516
566517 566518
566520 566521
566556 566557
566577 566578
566579 566580
566592 566593
566632 566634
566637 566638
566844 566845
566846 566847
566850 566852
566853 566854
566859 566860
566944 566945
571307 571308
571309 571310
571311 571312
571318 571319
571320 571321
571401 571402
571448 571449
571451 571452
571460 571461
571465 571466
571478 571479
571489 571492
571497 571499
571675 571676
571677 571678
571680 571681
571717 571718
571725 571726
571863 571864
573629 573630
573635 573636
573637 573638
573640 573641
573648 573649
573652 573653
573674 573676
573695 573696
573703 573705
573712 573713
573724 573725
573803 573804
574187 574188
574190 574192
574193 574195
574198 574199
574594 574595
574600 574601
574614 574615
574616 574618
574666 574667
574669 574670
574673 574674
574744 574745
808771 808772
808791 808792
808793 808794
808802 808805
808841 808842
810601 810602
810672 810674
811832 811834
812737 812738
812739 812740
812745 812746
812747 812748
813023 813025
813033 813036
813057 813058
813069 813070
813071 813072
813080 813083
813084 813085
813092 813093
813217 813219
813220 813222
813228 813229
816674 816675
816686 816687
816694 816695
816696 816697
816699 816700
816723 816724
816737 816739
816740 816741
816744 816745
816758 816759
816775 816776
825689 825690
825692 825693
825697 825698
825762 825763
825770 825771
825788 825789
825792 825794
825808 825809
826047 826048
828766 828768
828827 828828
828829 828830
848457 848458
848460 848461
848465 848468
848469 848470
848471 848472
848477 848479
848723 848724
848732 848733
850625 850626
850628 850629
850649 850650
850662 850663
850666 850667
850668 850669
850706 850707
850708 850709
850712 850713
850831 850832
850833 850834
850931 850932
850936 850937
850938 850939
860633 860634
860640 860641
860642 860643
860645 860647
860650 860651
860654 860656
860660 860661
860671 860672
860698 860699
860701 860702
861153 861154
861156 861157
861158 861159
861168 861170
882480 882481
882482 882483
882486 882487
882498 882499
882547 882548
882575 882576
882803 882804
882806 882807
882808 882809
882883 882884
883003 883004
884028 884029
902204 902206
902223 902225
902231 902232
902239 902240
902243 902244
902603 902604
902606 902607
902623 902624
902626 902627
902628 902629
902647 902648
902662 902663
902679 902680
902684 902687
902690 902691
902717 902718
902771 902772
903006 903008
903040 903042
903079 903080
903081 903082
903090 903092
903094 903095
903096 903097
903112 903113
904201 904202
904204 904205
908427 908428
908434 908436
908437 908438
908439 908440
908441 908442
908501 908502
908536 908537
908564 908566
908611 908612
908615 908616
908623 908624
908628 908630
908637 908638
908712 908713
908735 908736
908773 908775
908809 908810
908826 908827
908832 908833
908834 908838
908840 908843
908844 908845
909339 909340
909343 909344
909371 909372
909382 909383
909385 909386
909483 909484
909795 909797
909803 909804
909825 909826
909843 909844
909848 909851
909852 909853
909880 909881
909941 909942
910193 910194
910195 910196
910218 910220
910227 910228
910243 910245
