0 2
2301 2302
2366 2368
2372 2373
2378 2379
2383 2385
2386 2387
2588 2589
2675 2677
4006 4007
4014 4015
4058 4059
4526 4528
4543 4544
4550 4551
4553 4554
4555 4556
4568 4569
4573 4575
4594 4596
4600 4601
4603 4604
4620 4621
4633 4635
4643 4645
4646 4648
4885 4887
4923 4924
4936 4937
4951 4952
5169 5170
5171 5173
5174 5176
5182 5184
5396 5399
5406 5407
5409 5410
5414 5415
5416 5419
5420 5421
5435 5436
6235 6236
8868 8869
8872 8873
8874 8875
8884 8885
29096 29099
29100 29102
29103 29104
29335 29338
29343 29345
29347 29348
47166 47167
50514 50515
50516 50517
50518 50520
50521 50523
50530 50531
50544 50545
50548 50549
50551 50552
52186 52187
52199 52201
52203 52204
52207 52208
52311 52312
52322 52323
52593 52594
52606 52607
52608 52609
52612 52614
52616 52617
52631 52633
52937 52939
53008 53010
55795 55796
55800 55801
55806 55807
55809 55811
58036 58037
58044 58045
58068 58069
58091 58092
100940 100941
100943 100944
101016 101017
101020 101023
101046 101049
101148 101149
101150 101151
101204 101205
101604 101607
101609 101611
101612 101615
101650 101654
101666 101667
101772 101773
101786 101787
101819 101820
101832 101833
102775 102776
103212 103213
103214 103215
103222 103223
103238 103239
103249 103250
103515 103516
