0 1
847 848
5704 5706
5769 5771
5772 5773
5815 5818
5829 5830
6168 6169
6170 6171
6526 6528
6588 6590
6611 6613
6617 6618
6620 6621
6623 6624
6629 6631
6632 6633
6712 6714
6721 6723
6724 6725
6805 6806
6808 6809
6927 6929
6930 6931
7104 7105
7206 7207
7208 7209
7216 7217
7219 7220
7222 7223
7225 7226
7229 7230
7255 7257
7307 7309
7329 7330
7337 7338
7339 7340
7341 7342
7349 7350
8232 8233
8237 8238
36847 36848
36870 36871
36873 36877
36879 36882
36905 36906
36998 36999
37022 37023
37098 37099
37776 37779
38022 38023
38061 38062
38822 38823
38828 38829
38896 38897
38963 38965
38970 38971
38972 38974
38977 38979
38982 38983
39871 39872
39898 39900
39908 39910
39911 39912
39913 39914
41532 41533
98250 98251
98252 98253
98259 98261
98263 98264
106502 106503
106534 106535
106562 106563
106566 106567
106577 106579
106665 106666
106667 106668
106669 106670
106674 106675
106714 106715
106718 106719
106720 106721
107110 107111
107116 107118
107131 107132
107160 107161
107173 107174
107177 107178
107179 107180
107187 107189
107195 107196
107207 107208
107889 107890
107895 107896
107899 107900
107919 107921
108005 108006
108177 108179
108180 108181
108205 108206
108389 108390
108407 108408
108409 108410
108505 108507
108508 108509
108545 108546
111253 111254
111257 111259
111273 111274
111276 111277
116900 116901
116929 116930
117302 117303
223315 223316
223416 223417
223418 223419
223429 223430
223433 223434
223438 223439
223445 223447
223448 223449
223450 223451
223452 223453
225076 225078
225145 225146
225149 225150
225210 225211
225221 225222
225225 225226
225232 225233
225235 225236
225240 225242
225244 225245
225260 225261
225264 225266
225946 225947
225948 225949
225954 225955
226078 226079
226089 226090
226092 226093
226103 226104
226160 226164
226166 226167
226216 226217
226351 226353
226354 226355
258126 258127
258129 258132
258143 258144
258166 258167
258169 258170
258172 258174
258175 258176
258179 258180
258181 258182
258389 258390
258439 258440
258441 258442
258735 258739
259401 259402
259448 259449
259833 259834
259836 259837
259839 259841
259843 259844
259849 259850
260152 260153
260154 260156
260159 260160
260170 260171
260190 260191
260200 260201
260208 260209
260234 260235
260237 260238
260243 260246
260247 260249
260338 260339
260382 260383
260411 260412
260802 260803
260805 260807
260808 260809
260820 260821
260862 260863
260904 260906
260940 260943
260946 260948
261017 261018
261094 261096
261101 261102
261109 261110
261176 261177
261181 261182
261239 261240
355884 355885
355930 355931
355933 355934
355937 355938
355940 355941
355942 355944
355946 355947
355951 355952
360358 360359
360694 360695
360697 360698
360701 360702
360740 360741
362586 362587
362588 362589
362660 362661
362677 362679
362701 362702
362706 362707
362710 362711
362716 362717
362721 362722
362724 362726
362768 362769
362770 362771
740708 740709
740712 740713
740715 740716
741707 741708
741722 741724
741891 741893
741894 741895
743405 743406
743436 743437
743667 743668
743672 743674
743679 743680
743685 743686
743687 743692
743695 743697
743699 743700
743701 743702
743704 743706
743776 743777
743778 743779
743784 743785
743815 743816
745800 745802
745809 745810
745812 745813
746130 746131
746132 746134
746135 746136
746179 746180
746181 746182
746223 746225
746226 746227
746228 746229
746304 746305
746486 746487
746489 746490
746503 746504
746505 746506
746518 746519
746520 746521
746523 746525
746549 746552
746565 746566
746976 746977
747071 747072
747073 747075
747097 747098
747116 747117
747300 747304
747389 747391
747419 747421
747425 747426
747431 747433
818929 818930
818991 818992
819221 819222
819234 819236
819237 819238
824787 824788
824798 824800
824804 824805
825008 825009
825159 825160
825161 825162
825196 825197
825303 825304
825305 825306
825308 825309
825415 825416
825417 825418
826585 826587
827367 827368
827369 827370
827371 827372
835021 835022
835036 835038
835355 835356
841978 841979
841986 841988
842027 842028
843613 843614
843616 843617
843619 843620
843636 843637
843664 843665
843670 843671
843674 843675
843692 843693
843695 843696
843717 843718
843776 843777
843780 843781
843782 843784
843785 843786
843788 843789
843790 843791
844007 844008
844009 844010
844072 844073
844080 844081
844091 844092
844099 844101
844102 844103
844104 844106
844119 844120
844158 844159
844160 844162
844174 844175
844178 844179
844180 844181
844187 844188
844190 844192
844222 844227
844298 844299
844300 844301
844302 844303
844466 844468
844494 844495
844529 844530
844682 844683
844688 844691
844698 844699
908564 908565
908566 908568
908570 908571
908574 908575
908577 908578
909062 909063
909140 909141
909142 909143
909147 909148
910329 910330
910331 910334
910347 910348
910354 910355
910448 910449
910450 910451
910585 910587
910604 910605
910608 910609
910611 910612
910634 910636
910657 910658
911545 911546
911977 911978
911979 911980
911981 911982
911983 911984
912932 912933
918347 918348
918354 918356
918660 918661
918665 918666
918703 918705
919132 919134
919554 919555
919556 919557
919564 919565
919568 919569
919572 919573
919590 919592
919700 919704
919715 919716
919825 919826
919827 919828
919831 919832
919833 919835
920987 920988
923589 923590
923592 923593
923596 923598
923689 923690
923761 923762
923764 923765
946729 946730
946731 946732
946735 946736
946826 946827
946850 946853
946854 946855
946856 946857
947036 947039
947052 947053
947054 947055
947129 947131
947133 947134
947137 947138
947207 947209
947211 947213
947216 947217
947221 947222
947229 947230
947247 947248
947249 947250
949528 949530
949899 949900
949901 949902
949904 949905
949906 949907
949915 949916
949917 949918
949919 949920
949947 949950
949952 949953
950663 950665
953415 953416
953420 953423
953425 953426
953711 953712
955355 955357
955360 955361
957547 957548
961183 961184
961187 961190
961191 961192
961248 961249
961250 961251
961254 961255
961282 961284
961303 961304
