0 1
62737 62738
62755 62756
62763 62764
62785 62787
62788 62790
63056 63057
63083 63087
63259 63260
63283 63285
63334 63336
63470 63472
63476 63477
63487 63488
63614 63615
64848 64849
64850 64851
64921 64922
65104 65105
65292 65295
65297 65298
65326 65327
65532 65533
65540 65541
65546 65549
65654 65655
65660 65661
65669 65670
65683 65684
65689 65690
65691 65693
65713 65715
65845 65846
65847 65849
65865 65866
65871 65872
65904 65906
66185 66186
66190 66191
67166 67168
67239 67241
67255 67256
71139 71140
71141 71142
72279 72280
72315 72317
72319 72321
72322 72323
72326 72327
72350 72351
72383 72384
72387 72388
72391 72393
72403 72404
72409 72410
72413 72414
72420 72421
72506 72507
73615 73616
73845 73846
73871 73872
73877 73878
73936 73937
73938 73940
73944 73945
74011 74012
74056 74057
74058 74059
74071 74072
74076 74077
74109 74112
74113 74114
74122 74123
74124 74125
74127 74131
74137 74138
74813 74814
74858 74860
74870 74872
74876 74878
74881 74882
74883 74886
74905 74906
75322 75323
75324 75325
75328 75330
78944 78947
78948 78951
78955 78956
86381 86382
86389 86390
86393 86394
86460 86461
86851 86852
88182 88184
88187 88189
88217 88218
88227 88228
88232 88233
88236 88237
88238 88239
88245 88246
88251 88252
88280 88281
88284 88285
88293 88294
88835 88837
88838 88839
88846 88847
88866 88867
89025 89027
89033 89034
89081 89082
89150 89151
89152 89153
89367 89368
89382 89383
89385 89386
89422 89423
89680 89681
89695 89697
89698 89699
94265 94266
94292 94293
99456 99457
99463 99465
101326 101328
102239 102240
102266 102267
103494 103495
103499 103500
103648 103649
103737 103738
103741 103742
103743 103744
103750 103751
103765 103766
103767 103768
103776 103777
191274 191277
191292 191299
191319 191320
191325 191329
191339 191340
191349 191351
191482 191484
191494 191495
191500 191502
192026 192027
192029 192030
192031 192032
192038 192039
192102 192103
192113 192115
192120 192124
192411 192413
192418 192419
192421 192422
192439 192440
192441 192442
192443 192444
192449 192450
192480 192481
192486 192487
192489 192490
192495 192496
192508 192509
192511 192512
192554 192555
192556 192557
192596 192598
192602 192603
192607 192608
193107 193108
193145 193146
193150 193151
193152 193153
193156 193159
193189 193190
193204 193205
193209 193210
193593 193594
193595 193596
230303 230304
232610 232612
232619 232621
232622 232624
232643 232644
232741 232744
232756 232758
232792 232793
232821 232822
232826 232827
237353 237354
237358 237359
237362 237363
237456 237457
237545 237547
237565 237566
237598 237599
237620 237621
237642 237643
237644 237645
237646 237648
237672 237674
237692 237693
237810 237812
237813 237814
237815 237816
237830 237831
237834 237835
237848 237849
237970 237972
238128 238129
238131 238132
238166 238167
238176 238177
246243 246244
246256 246257
246267 246268
246783 246784
246797 246798
246802 246803
246806 246807
246970 246971
247512 247513
247516 247517
247524 247525
247526 247527
247942 247944
248706 248707
248842 248844
248852 248853
248859 248860
253029 253030
253353 253354
253401 253402
253407 253408
253410 253411
253417 253418
253423 253425
253429 253430
253431 253432
253443 253446
253447 253448
253479 253480
253539 253541
253613 253614
255940 255941
256283 256284
256380 256381
256384 256385
256519 256520
256547 256549
259275 259276
259282 259283
259299 259300
259308 259309
259336 259337
259339 259340
259386 259387
259421 259422
261367 261368
261389 261390
263256 263257
263258 263259
263266 263267
263270 263271
263273 263274
263278 263280
263307 263308
263567 263568
263642 263643
263651 263652
335542 335543
335545 335546
335548 335549
335738 335740
335742 335743
335759 335760
335764 335765
335772 335774
335791 335792
335958 335959
335961 335963
335967 335968
335980 335981
335983 335985
336148 336151
336155 336156
336158 336159
336176 336177
336272 336273
336330 336331
336333 336334
336812 336814
336829 336831
337718 337722
337734 337735
337752 337753
337754 337756
337901 337902
337903 337904
337909 337910
337912 337913
337914 337915
337917 337918
337919 337920
337928 337929
337935 337937
337938 337939
337941 337942
337943 337944
338105 338106
338124 338125
338126 338129
338161 338162
338163 338164
338237 338238
338239 338240
338293 338294
338332 338333
338347 338348
338350 338351
338356 338357
338671 338673
338677 338678
338685 338686
339872 339874
339879 339880
340760 340762
340763 340764
340772 340773
340782 340783
342654 342655
342657 342658
342694 342695
342698 342701
344311 344313
344315 344316
344318 344319
345173 345174
345218 345220
345633 345634
345640 345641
348951 348952
348958 348959
348985 348987
348988 348989
348996 348997
349010 349011
349022 349023
349028 349029
349109 349110
349119 349120
349151 349152
349219 349221
349226 349230
349231 349232
349343 349344
349353 349354
349367 349370
349385 349386
349424 349426
349429 349430
349434 349435
349440 349441
349442 349444
350350 350351
350354 350355
350456 350457
350458 350460
350461 350463
350467 350469
350498 350500
350512 350513
350515 350516
357031 357033
359126 359127
359128 359129
359130 359132
359135 359137
359147 359149
359292 359293
359295 359296
359298 359299
359347 359348
359602 359603
359606 359607
359608 359609
359624 359625
359627 359628
359671 359674
360041 360042
360043 360045
360046 360047
360316 360318
360323 360324
360325 360326
361307 361308
361312 361313
361384 361385
361418 361420
368592 368593
368599 368600
374900 374901
375276 375277
375278 375280
375285 375286
375287 375289
375290 375291
375293 375294
375295 375298
375299 375300
399660 399661
400399 400400
400412 400413
400553 400554
400560 400561
400563 400565
400576 400577
401761 401764
402203 402206
402306 402308
402313 402317
402319 402320
402354 402356
402357 402358
402363 402364
402365 402369
402370 402372
402377 402378
402379 402380
402381 402382
402383 402384
402388 402389
402449 402451
402529 402530
402546 402548
402549 402550
402552 402553
402800 402801
402884 402885
402940 402941
402958 402959
402982 402984
404717 404718
404720 404721
404727 404728
404763 404764
404772 404773
404791 404793
404795 404796
404798 404800
404801 404804
404808 404809
404810 404811
404817 404818
404819 404820
404824 404828
404847 404849
405080 405082
405092 405093
405098 405099
416944 416945
416949 416950
416973 416974
416996 416997
417019 417020
418045 418046
418141 418142
418160 418161
418162 418163
418164 418165
418167 418168
418178 418181
418201 418202
418203 418204
418208 418209
418213 418214
418215 418216
418235 418236
418239 418240
418241 418244
418245 418247
418270 418271
418272 418273
418277 418279
418287 418288
418306 418307
418308 418309
418313 418314
418331 418332
418345 418346
418349 418350
419273 419274
419292 419293
419372 419373
419374 419376
419550 419552
419558 419559
419561 419562
419575 419576
419603 419605
419606 419607
419618 419619
419664 419665
419675 419676
419696 419701
419717 419718
419771 419772
420067 420068
420069 420070
420071 420072
420358 420359
420382 420383
420386 420388
420389 420390
420393 420394
420403 420406
420489 420492
420539 420540
420559 420560
420562 420564
421412 421413
421489 421490
421491 421492
422167 422169
422194 422196
422617 422618
422622 422624
422633 422634
422635 422636
422657 422658
422659 422661
422663 422664
429184 429185
471789 471790
471799 471800
471806 471807
471817 471818
471825 471827
471828 471829
471896 471899
472177 472178
475491 475492
475564 475565
475575 475577
476857 476858
477132 477133
477170 477172
477179 477181
477186 477187
477188 477189
477194 477197
477210 477212
477213 477214
477219 477221
477222 477223
477224 477225
477227 477228
477262 477264
477549 477550
477553 477554
477598 477599
477606 477608
477659 477661
477673 477675
477677 477678
477683 477685
477686 477687
477688 477689
477694 477695
477696 477697
477729 477731
477746 477748
477750 477751
477806 477807
940763 940767
940774 940775
940823 940824
940835 940836
943159 943160
943255 943256
943323 943326
944729 944730
944732 944733
949579 949581
949742 949743
949948 949949
949978 949979
949986 949987
950534 950535
950536 950537
