0 1
3 4
16 17
449 450
454 455
923 926
928 929
46123 46124
46136 46137
46144 46145
46157 46158
46700 46701
46705 46709
46959 46960
46968 46970
46989 46990
46992 46993
46996 46997
47001 47002
47032 47033
48770 48771
48775 48777
61174 61175
61176 61177
61206 61207
61210 61211
61244 61245
61248 61249
61297 61298
61308 61309
61330 61331
61411 61412
61451 61452
61453 61456
61890 61891
61892 61893
61907 61908
61909 61910
63138 63139
63141 63142
63145 63146
63148 63150
63153 63154
63159 63160
63174 63175
63180 63181
63212 63214
63215 63216
63232 63234
63235 63236
63238 63241
63243 63244
78534 78535
78536 78538
78605 78606
78619 78620
78625 78626
79008 79009
79024 79025
79044 79048
79052 79053
79077 79078
79088 79090
79665 79668
80892 80893
80965 80966
80976 80977
80978 80979
81495 81498
81500 81502
81509 81510
81633 81634
81639 81640
81644 81645
81750 81751
81755 81756
84727 84728
84729 84731
84732 84734
84927 84928
84961 84962
84970 84971
84977 84978
84981 84982
84990 84991
84999 85001
85004 85005
85006 85007
86007 86008
86009 86012
86028 86029
86039 86040
86044 86045
86056 86057
86083 86086
86105 86106
86121 86122
86127 86128
86129 86131
86145 86148
86159 86160
86178 86179
86184 86186
86218 86219
86349 86350
86378 86380
87903 87907
87908 87909
87912 87913
87914 87915
87929 87930
87946 87947
87951 87952
100133 100134
107104 107105
107106 107107
107285 107286
107290 107291
107292 107298
107312 107313
107315 107316
107374 107376
107395 107396
107477 107478
107480 107482
107499 107502
107685 107686
107691 107692
107698 107702
107712 107713
110143 110144
110145 110146
110168 110169
110490 110491
110756 110757
110759 110761
110777 110781
110802 110803
110806 110807
110816 110818
110822 110823
110824 110825
110830 110831
110997 110999
111000 111001
111106 111107
111208 111209
111212 111213
111214 111215
111216 111217
141473 141474
141479 141480
141485 141486
142671 142672
142687 142688
142689 142690
142730 142731
142997 142998
144702 144703
144849 144851
147345 147346
147350 147353
147359 147360
147368 147369
147371 147372
147379 147382
147403 147404
147408 147410
147415 147416
147420 147421
147424 147425
147426 147427
147428 147429
147431 147432
147503 147504
147513 147514
147517 147518
147600 147601
147602 147604
147606 147607
147612 147613
147616 147618
147620 147621
147735 147736
147738 147740
147752 147754
147768 147769
147787 147788
147810 147811
147816 147817
147831 147832
147833 147835
147953 147954
147984 147985
148008 148010
148350 148351
148367 148368
149019 149021
149140 149143
149293 149294
149587 149588
149593 149594
150621 150622
150624 150625
150819 150820
150821 150826
150855 150856
151139 151140
151186 151187
156010 156011
156021 156022
156023 156024
156031 156032
156062 156063
156085 156086
156650 156651
156652 156654
156698 156699
156700 156701
156702 156703
156753 156754
156868 156869
156873 156874
159149 159150
159153 159154
159175 159178
159210 159212
160305 160306
160329 160330
160331 160332
160337 160338
160340 160341
160407 160408
160412 160413
160421 160423
160530 160531
160554 160555
160563 160564
185554 185555
185685 185686
187712 187713
187731 187732
187767 187768
187769 187770
187775 187776
187780 187781
188350 188351
189141 189144
189145 189147
189153 189155
189176 189177
189179 189181
189191 189192
189193 189194
189196 189197
769000 769001
769008 769009
770896 770897
771247 771248
771351 771352
771353 771356
771377 771378
771569 771571
790260 790261
790265 790267
790270 790271
790282 790283
790330 790331
790339 790340
790360 790361
790363 790364
790374 790376
790378 790379
790381 790382
790542 790543
790557 790558
790866 790867
790868 790869
790874 790875
791419 791421
791462 791463
791677 791678
791681 791682
791695 791697
791700 791701
791707 791709
869910 869911
872322 872323
872410 872412
872413 872414
872749 872750
872873 872874
921970 921971
921997 921998
922003 922004
922005 922006
922087 922088
922098 922099
922358 922360
922361 922362
922363 922364
922425 922427
922451 922452
923040 923041
923042 923043
923084 923086
923114 923117
923128 923130
923137 923139
923140 923141
923144 923145
923161 923162
923171 923172
923200 923201
923432 923433
923439 923440
923517 923518
923531 923532
997117 997118
997122 997123
997146 997147
997152 997153
997178 997181
997183 997184
997186 997187
997444 997445
997449 997452
997454 997455
997457 997458
997462 997463
997518 997519
997520 997521
997579 997580
997904 997905
997908 997911
997926 997928
999108 999109
