0 2
93 94
8070 8071
8072 8073
8074 8075
8076 8078
8079 8080
8088 8090
8091 8092
8167 8169
8180 8182
8187 8189
8199 8200
8202 8203
11969 11970
11971 11974
11976 11977
11980 11982
11986 11987
11991 11993
12068 12069
12079 12080
12097 12098
12102 12103
12306 12307
12308 12309
12326 12327
16177 16178
126087 126088
126091 126092
126097 126098
126106 126107
126124 126125
126146 126147
126148 126151
126198 126199
126208 126209
126212 126213
126222 126225
126227 126229
132981 132983
132984 132985
133010 133011
133034 133035
133047 133048
133165 133166
133381 133384
133397 133398
133401 133402
133413 133414
133416 133417
133636 133637
133659 133661
133687 133688
133691 133692
133826 133827
133831 133832
133838 133839
134383 134384
214872 214873
215032 215033
215035 215037
215043 215044
215045 215046
215065 215066
215080 215081
215097 215098
215099 215100
215101 215103
216490 216491
216498 216499
216628 216629
216634 216636
219506 219507
219520 219521
220941 220944
220971 220972
220977 220978
220979 220981
220982 220984
220985 220986
221017 221020
221024 221025
221026 221027
222143 222144
222329 222330
222340 222341
222495 222496
222497 222499
222649 222650
222666 222668
222690 222691
222747 222748
279527 279528
279540 279541
279542 279543
279558 279559
279750 279751
279754 279755
279756 279758
279941 279942
279943 279944
279965 279967
279968 279969
280018 280019
280048 280049
280183 280184
280186 280188
281982 281983
281985 281986
282004 282005
282012 282015
282153 282154
282181 282182
282570 282572
282581 282582
282634 282636
282763 282764
282792 282794
282819 282820
282842 282843
282844 282846
282855 282856
282878 282879
282893 282894
282895 282896
283045 283047
283061 283062
314771 314772
314775 314776
314834 314835
315373 315374
315635 315638
315649 315650
315714 315715
315716 315718
315734 315735
316098 316101
316102 316104
316109 316110
316112 316113
316114 316116
316117 316118
316207 316208
316212 316213
316215 316219
316257 316258
316689 316690
316692 316693
316701 316702
316703 316704
318798 318799
318802 318803
318805 318806
318822 318823
318826 318827
318838 318839
318981 318982
318986 318988
318994 318995
319008 319009
319222 319223
319376 319378
319471 319473
319475 319476
319896 319897
319912 319913
319931 319933
319935 319936
321360 321362
322285 322287
322526 322527
322528 322529
376996 376997
377000 377001
377002 377003
377017 377020
377278 377279
377280 377281
377285 377286
377290 377291
377310 377312
377313 377314
377644 377645
377790 377791
377792 377796
377797 377798
377800 377802
377828 377829
378013 378014
378016 378017
378021 378022
378024 378025
378037 378038
379111 379114
379115 379116
379117 379119
379125 379126
379135 379136
379171 379173
379188 379189
379194 379196
379201 379202
379314 379316
388076 388078
388099 388100
388110 388111
388145 388146
388147 388148
388384 388386
393499 393500
393509 393510
393513 393515
393588 393589
393598 393599
393771 393772
393805 393806
393808 393810
739895 739898
739903 739904
739935 739936
779367 779368
799723 799724
799726 799727
799769 799770
830461 830462
830469 830470
830632 830633
830689 830690
830696 830697
848159 848160
848304 848305
848306 848307
848312 848313
848321 848323
848954 848955
849232 849233
849935 849937
849939 849940
849949 849950
849952 849953
849966 849967
850713 850714
850725 850726
850740 850741
850757 850758
850760 850762
850764 850765
850776 850778
850782 850783
850785 850786
850852 850853
850867 850869
850917 850918
850928 850929
852625 852627
852628 852629
852633 852634
852644 852645
852648 852652
853311 853312
853315 853316
853320 853322
853330 853332
853915 853916
853918 853919
853923 853924
853925 853926
853980 853981
853982 853984
854240 854241
854248 854249
854251 854252
854253 854255
854256 854259
854627 854629
854652 854653
854657 854659
854660 854663
874686 874687
874688 874689
874894 874897
874916 874917
874961 874962
874963 874965
875075 875076
875094 875096
875109 875110
875114 875115
875190 875191
875219 875220
875224 875225
875241 875243
875282 875283
875422 875423
875425 875426
875438 875439
875448 875449
875452 875453
875869 875870
875874 875875
875937 875938
875939 875940
879027 879029
879030 879031
880368 880369
880372 880374
880380 880382
880383 880388
884441 884442
884446 884449
884450 884451
894498 894499
894502 894503
894512 894513
894514 894515
894516 894518
894522 894523
894526 894527
894584 894586
898743 898744
898747 898749
906610 906612
906620 906621
906622 906623
906779 906780
906785 906786
906794 906797
906799 906800
906821 906822
906934 906935
906937 906938
907467 907469
907471 907472
907473 907474
908879 908880
908887 908888
908896 908897
908900 908903
908954 908955
908972 908973
909063 909064
909102 909104
909111 909112
909113 909115
909330 909332
909369 909371
909380 909382
909405 909406
909444 909445
909456 909458
909462 909463
909484 909485
909487 909488
909513 909514
909519 909520
909531 909532
909581 909582
909584 909585
910331 910332
987975 987976
988251 988252
988254 988255
988710 988712
988755 988756
988758 988759
988766 988767
988770 988773
989448 989449
989450 989451
989453 989454
989490 989492
989524 989525
989657 989659
989663 989664
989673 989676
989678 989679
989691 989692
989693 989694
989702 989703
989735 989736
989741 989742
992121 992123
992139 992140
992149 992150
992305 992306
992433 992434
992437 992438
992443 992444
992448 992449
992486 992487
992488 992490
992491 992492
992510 992512
992538 992539
992561 992566
992605 992606
992612 992614
992689 992690
992699 992700
996599 996600
996948 996949
996977 996978
996982 996983
997157 997158
997166 997167
997186 997187
997189 997191
997194 997196
997434 997435
997482 997483
997484 997485
998344 998347
998366 998367
998382 998383
998388 998390
998397 998399
998401 998403
999678 999680
