0 1
5 6
54 55
63 64
65 67
102 103
109 110
116 117
131 132
139 141
146 147
367 369
375 376
387 388
390 391
407 410
414 416
593 594
602 603
612 613
642 644
645 646
656 658
733 734
11380 11381
11382 11383
11469 11471
11476 11478
11484 11485
11487 11488
11489 11491
11498 11499
11509 11510
11512 11513
11515 11517
11557 11558
11839 11840
20281 20283
20284 20286
20309 20310
20312 20313
20320 20321
20387 20388
20390 20391
20422 20423
20481 20482
20483 20484
20494 20495
20512 20513
20514 20515
20516 20517
20522 20523
20524 20525
20526 20527
20543 20544
20558 20559
25216 25217
25248 25249
25284 25285
25291 25292
25305 25306
25454 25455
25471 25472
25473 25474
25577 25578
25779 25781
25787 25788
25789 25790
25805 25806
26109 26110
26141 26142
26143 26145
26149 26150
26165 26166
26171 26172
26179 26180
26299 26300
26373 26375
26823 26824
26828 26829
27067 27068
27071 27076
27077 27079
27087 27088
27113 27114
27431 27432
27437 27438
27448 27449
27452 27453
27697 27698
27720 27721
27725 27726
28068 28069
28076 28077
28084 28085
28086 28088
28089 28090
28094 28095
28096 28097
28099 28100
28139 28140
28142 28143
28146 28147
28370 28372
28373 28377
28460 28462
28508 28510
28512 28513
28522 28523
28562 28563
28564 28565
28568 28570
28576 28580
28586 28587
28589 28590
28617 28618
28627 28628
28636 28638
28644 28645
28647 28649
28653 28654
28667 28668
28669 28670
28674 28675
28678 28679
28680 28681
67319 67320
67322 67324
67344 67345
67349 67350
67356 67357
67359 67360
67501 67502
67510 67515
67581 67582
67626 67627
67628 67629
67728 67729
67731 67732
67741 67742
67777 67778
68122 68123
68218 68220
68328 68329
68334 68335
68337 68338
68345 68346
68348 68349
68359 68360
68365 68366
73989 73990
73994 73996
74015 74016
74017 74019
74024 74025
74111 74112
74113 74114
74116 74118
74121 74122
75073 75074
75091 75092
75093 75094
75147 75148
75151 75152
75155 75157
75191 75194
75204 75205
75291 75293
75401 75403
75420 75421
75453 75455
75466 75467
75468 75469
75532 75533
75539 75540
76536 76537
76540 76541
76543 76545
76549 76550
76555 76557
76558 76559
76570 76571
76577 76579
76645 76646
76667 76668
76670 76671
76674 76675
76683 76684
77108 77109
77136 77137
77144 77147
77203 77204
97694 97695
97717 97719
97723 97724
97773 97774
97777 97778
97780 97783
97846 97847
98029 98030
98034 98035
98037 98040
98051 98052
98197 98199
108587 108588
108589 108593
108610 108611
108935 108937
108938 108939
108969 108970
108971 108973
109238 109239
109243 109244
109245 109246
109248 109250
109251 109252
216867 216868
216869 216870
217632 217633
217639 217643
217974 217975
217985 217986
217992 217993
218661 218662
218669 218672
219854 219855
219880 219883
219904 219905
219933 219935
219957 219958
220414 220415
220416 220417
220420 220421
220422 220423
220460 220461
220462 220463
220645 220646
220647 220648
220649 220650
221595 221596
221656 221657
221779 221783
221784 221785
221788 221791
221792 221793
221808 221809
221816 221817
221819 221820
221821 221822
221823 221825
221828 221830
221831 221833
221835 221836
221838 221841
221881 221882
221883 221884
222571 222572
222631 222632
222633 222634
222636 222637
222642 222644
222645 222646
222658 222659
222686 222687
222702 222704
222705 222706
222707 222708
222757 222758
222857 222858
222859 222860
222872 222873
222879 222880
223740 223742
223744 223745
223755 223756
223758 223759
223763 223764
223765 223766
223768 223772
223776 223778
223779 223780
223801 223802
223803 223804
230696 230700
237662 237664
237665 237666
237673 237674
237690 237691
238373 238376
238379 238380
238834 238835
238836 238837
238841 238842
238845 238846
239975 239976
239979 239980
239988 239989
239994 239995
240210 240212
240221 240222
240224 240226
240228 240229
240530 240531
240532 240533
240585 240586
240590 240591
240613 240614
241388 241389
241398 241400
241401 241402
241407 241408
241452 241453
241514 241516
241534 241536
241673 241674
241833 241836
241847 241848
241852 241853
242068 242069
242075 242076
242087 242088
242090 242091
242147 242148
242158 242159
242232 242233
242255 242256
242285 242287
242292 242293
242294 242295
242313 242314
242316 242317
242348 242350
242363 242364
242369 242370
242372 242373
243487 243489
243509 243512
243515 243517
243826 243827
243920 243921
243940 243941
243945 243946
243947 243948
243949 243950
244000 244001
244002 244003
244014 244015
245137 245138
245139 245140
245161 245162
245172 245173
251049 251050
251051 251052
251111 251112
251117 251118
251188 251189
252065 252066
252068 252069
252071 252072
252206 252207
252231 252233
252237 252238
252239 252241
252242 252243
259100 259102
259105 259106
259109 259110
259112 259114
259122 259123
259126 259127
259128 259129
259209 259210
263361 263362
263404 263405
263406 263407
263492 263494
263512 263513
263679 263681
263806 263807
263808 263809
263810 263811
263882 263883
263900 263901
263922 263923
263929 263930
263931 263933
263949 263950
263983 263984
263985 263987
263988 263989
264013 264014
264058 264059
264062 264063
264064 264065
264370 264371
264609 264611
264692 264697
264714 264715
265037 265040
265043 265044
265063 265064
265066 265067
265072 265074
265077 265078
265091 265092
265094 265095
265096 265097
265103 265104
265107 265108
265118 265119
265588 265589
265610 265611
265614 265615
265617 265618
265668 265669
265720 265723
265729 265730
265735 265737
265792 265793
265794 265795
265823 265824
265829 265830
265859 265860
265972 265973
265974 265975
265978 265980
265983 265984
265996 265997
265998 265999
266040 266041
266042 266043
266155 266159
266175 266178
316408 316410
316414 316415
316418 316419
316420 316421
338802 338803
338815 338816
338826 338827
338829 338831
338866 338868
338984 338985
338998 339000
339004 339005
339006 339007
339122 339123
339217 339218
339221 339222
339223 339224
339348 339349
339354 339356
339365 339367
341406 341408
341412 341413
341431 341432
341535 341536
341576 341577
341619 341620
341623 341624
341648 341649
341656 341657
341692 341694
341709 341710
341754 341755
341980 341981
342184 342185
342192 342193
342251 342252
343520 343523
