0 1
2 3
4 5
6 7
326 327
336 338
34489 34490
34493 34494
34495 34496
34500 34501
34904 34905
35668 35669
35683 35685
35734 35735
35742 35743
35768 35769
35850 35851
35852 35853
35874 35877
36022 36023
36125 36127
36139 36141
36177 36178
36186 36188
36192 36194
36195 36196
36197 36198
36395 36396
36399 36400
36414 36415
36674 36676
36746 36747
36752 36753
36756 36757
36769 36770
44898 44899
44944 44949
45130 45131
45292 45293
45296 45297
45299 45300
45308 45309
45318 45320
45322 45323
45345 45348
45480 45481
45584 45585
45586 45588
45595 45596
45638 45640
45887 45888
45895 45897
46411 46413
46420 46421
46458 46460
46461 46464
46715 46716
46766 46767
46773 46775
46777 46779
46814 46817
46822 46823
47040 47042
47043 47044
47071 47072
47085 47086
47087 47088
47092 47094
47095 47097
47153 47154
