0 1
3 4
5 6
21 22
23 24
42 43
92 93
701594 701597
701598 701599
701612 701613
701667 701668
701669 701671
701672 701673
701676 701677
702334 702336
702364 702365
702662 702664
702703 702704
702705 702706
702716 702717
702868 702869
703019 703020
703023 703025
703027 703029
703036 703037
703076 703078
703466 703467
703468 703469
703482 703483
703484 703485
703487 703488
703490 703491
703497 703499
703799 703800
703823 703824
703837 703839
703879 703881
703883 703884
703886 703888
703897 703899
703900 703901
705420 705421
705437 705438
705439 705440
705860 705861
705870 705871
705872 705873
705880 705882
705891 705893
705904 705905
705996 705997
705998 705999
706137 706139
706144 706145
706978 706979
706984 706985
706998 706999
707643 707645
707647 707648
707649 707650
707676 707677
707689 707690
908984 908985
908987 908988
908991 908992
909012 909013
909014 909015
909038 909040
909312 909313
909570 909571
909572 909574
909581 909583
909584 909586
909650 909651
909663 909664
909674 909675
909686 909687
909690 909692
909694 909695
909696 909697
909698 909699
922253 922254
922255 922256
922257 922258
922260 922261
922265 922267
922271 922273
922299 922300
922301 922303
922315 922316
922317 922318
922322 922323
922324 922326
922332 922334
922337 922338
922351 922353
922359 922360
