0 1
9 10
11 12
78 79
81 82
85 86
89 90
94 95
187 188
255 256
257 258
59933 59934
60056 60057
60062 60063
60073 60074
73192 73193
73195 73196
73864 73865
74188 74189
74193 74195
74199 74200
74214 74215
74226 74227
79269 79270
79271 79272
80429 80430
80432 80433
80434 80436
80448 80449
80455 80456
80479 80481
80483 80484
80487 80490
80510 80512
80522 80523
80590 80591
80608 80609
80631 80634
80660 80661
80681 80682
80731 80732
80733 80734
80735 80736
80741 80742
80760 80761
80769 80770
80794 80795
80814 80815
80817 80818
80819 80820
81038 81039
81093 81095
81433 81434
81455 81457
81564 81565
81830 81831
82037 82038
82041 82042
82076 82078
82090 82091
94925 94926
94935 94936
94937 94938
94942 94943
94945 94946
94948 94949
94950 94951
100051 100052
100053 100054
100056 100057
100058 100061
100112 100113
100115 100116
100185 100186
105470 105472
105474 105475
105488 105489
105490 105491
106254 106255
106383 106384
106412 106413
106414 106416
106690 106691
106723 106724
106731 106732
106753 106754
106810 106811
123270 123271
123361 123362
123419 123421
123431 123432
125128 125129
126215 126216
126218 126219
126707 126708
126764 126766
126818 126819
126824 126829
129189 129191
129192 129193
129197 129198
129201 129202
129214 129216
129223 129224
129228 129229
129231 129233
134961 134962
134967 134968
135085 135086
135088 135089
135094 135095
135098 135099
139976 139980
140002 140003
274708 274709
274710 274711
274722 274725
274730 274731
274735 274736
274740 274741
274743 274744
274756 274759
274764 274765
279349 279353
279359 279360
279362 279363
279388 279389
279391 279392
280137 280139
280145 280147
280157 280159
280160 280162
280238 280239
280310 280311
280374 280378
280381 280384
280385 280386
280389 280391
280676 280678
280798 280801
280843 280844
281031 281032
281033 281034
281302 281303
281314 281316
281369 281370
281417 281418
281419 281420
281623 281625
281771 281775
281939 281940
281948 281949
281950 281951
281960 281962
282640 282641
282714 282715
289023 289024
289026 289027
769488 769493
769494 769495
769497 769498
769521 769522
769545 769546
769618 769619
769679 769680
769767 769769
769793 769794
769804 769806
769852 769853
769862 769863
769897 769898
769946 769947
769949 769950
769953 769955
769958 769959
769983 769985
770082 770083
770084 770085
770181 770182
770187 770188
770313 770314
770320 770321
770377 770379
770385 770386
770389 770390
770418 770419
770421 770422
770423 770424
770448 770449
770451 770453
770454 770455
770497 770498
770764 770765
770774 770775
770786 770787
770824 770825
770852 770853
770857 770859
771857 771858
771864 771865
772077 772078
772079 772080
772090 772091
772099 772100
772102 772105
772109 772110
772172 772174
772183 772184
772466 772467
772494 772495
772497 772498
772510 772511
772516 772518
772519 772520
772560 772561
846672 846673
846748 846750
846798 846800
846937 846938
846950 846952
847228 847230
847232 847234
847369 847371
847504 847506
847507 847509
847520 847521
847908 847909
847918 847919
