0 1
4392 4393
4422 4423
4433 4434
4438 4439
4453 4454
4486 4487
4501 4502
4565 4566
4649 4650
4658 4659
4660 4661
55026 55027
55134 55135
55139 55140
55157 55158
55188 55189
55386 55388
55390 55392
55535 55536
57278 57279
57322 57326
57328 57329
57332 57333
57334 57336
57348 57349
57354 57356
58399 58400
58638 58639
58640 58641
59004 59005
59022 59023
59025 59026
59031 59032
59059 59061
59479 59480
59484 59486
59546 59547
59548 59549
59552 59553
59558 59562
62375 62376
62392 62394
63080 63081
63095 63096
63097 63098
63240 63241
63713 63714
63716 63717
63751 63754
63761 63762
63765 63768
63787 63788
63789 63790
63795 63797
63893 63895
63915 63916
63918 63919
68429 68430
68501 68502
68522 68523
68545 68547
68586 68587
68588 68589
68590 68591
68597 68598
68602 68604
70400 70401
70415 70416
70427 70428
70449 70451
70568 70570
70571 70572
70642 70644
70652 70653
70677 70678
70684 70685
71525 71527
71530 71531
71574 71575
71579 71580
71583 71584
71624 71627
71651 71652
71738 71741
71742 71744
71828 71829
81565 81566
126865 126866
126869 126870
126871 126873
126902 126903
126923 126924
127000 127001
127110 127113
127116 127117
127122 127124
127130 127131
127147 127148
127149 127151
127152 127153
127155 127156
127157 127158
127160 127161
127163 127165
127176 127177
127181 127182
127336 127337
127348 127350
127373 127376
127397 127398
127399 127403
127407 127408
127428 127429
127444 127446
127447 127448
127455 127456
127483 127486
127487 127488
127576 127579
127580 127581
127728 127729
127731 127732
127827 127830
127835 127836
127841 127843
127849 127850
127866 127867
127868 127869
127871 127872
128398 128399
128953 128954
128957 128958
129073 129074
137988 137989
137990 137992
137993 137994
137996 137997
138025 138026
138715 138716
138818 138819
138825 138826
138830 138831
138953 138955
139037 139038
139043 139045
139119 139120
139121 139122
139123 139125
139126 139127
139147 139150
139173 139174
139175 139177
139265 139266
139333 139334
139379 139380
139382 139383
