0 1
2 3
25 27
29 32
35 36
39 41
4242 4243
4246 4247
6961 6962
7010 7011
7013 7014
220019 220021
220338 220339
220382 220383
220384 220385
221577 221578
221585 221587
221588 221589
221597 221599
225357 225358
225371 225372
225406 225407
225690 225691
225692 225695
225698 225700
225702 225703
230330 230331
230338 230339
230421 230422
230425 230426
230490 230491
230527 230528
230529 230531
230572 230573
230582 230584
239830 239831
250827 250828
250838 250839
250863 250864
250981 250982
250984 250985
250987 250988
250994 250995
251043 251045
251100 251101
251106 251107
253175 253176
253202 253204
253208 253209
253315 253316
253319 253323
253366 253368
253369 253370
253391 253393
253407 253408
253890 253891
253900 253901
254032 254034
254035 254036
254091 254092
254116 254117
254137 254138
254139 254140
254142 254143
254154 254155
254163 254164
254249 254250
254407 254408
254621 254622
254631 254632
254777 254778
254780 254781
254835 254836
254878 254879
254880 254881
254906 254908
255004 255005
255088 255089
255092 255093
255094 255096
255100 255101
255113 255114
255293 255294
255299 255300
255301 255302
255603 255604
255618 255619
255680 255681
256226 256227
256228 256230
256252 256254
256257 256258
256260 256261
256267 256268
256875 256878
257408 257409
259961 259962
260758 260759
260765 260766
260767 260768
260796 260797
260939 260940
260941 260942
260974 260975
260976 260977
260978 260979
260982 260983
260986 260987
260989 260990
260993 260994
261001 261002
261004 261005
261163 261165
261169 261170
261176 261177
261202 261203
261206 261208
261218 261221
261233 261234
261328 261329
262007 262008
262039 262041
262415 262416
262424 262425
262427 262429
262443 262444
262475 262476
262672 262674
262682 262683
262696 262699
262700 262701
262708 262709
262748 262749
264369 264370
264490 264491
264504 264505
264572 264573
271647 271648
271676 271678
271681 271682
271686 271687
271688 271689
271711 271713
272241 272244
272246 272247
272263 272264
272354 272355
272364 272367
272505 272506
273023 273024
273031 273032
273067 273069
273074 273075
273086 273087
273115 273116
273967 273968
275778 275781
275813 275814
275815 275817
275818 275820
275874 275875
275880 275881
275892 275893
275962 275963
275989 275990
275992 275994
276020 276022
276023 276024
276114 276115
276122 276123
276457 276458
276461 276462
276474 276477
276482 276483
276484 276485
276486 276487
276489 276491
276492 276494
276502 276503
276507 276508
276521 276522
277267 277268
277276 277277
277283 277284
277285 277287
277320 277321
277377 277378
277424 277425
277637 277638
277641 277642
277643 277644
277665 277666
277684 277685
277698 277699
277703 277704
277832 277833
277838 277840
277841 277842
277843 277844
277848 277849
277850 277851
277883 277884
277886 277887
277889 277890
277898 277899
278696 278699
278763 278765
278804 278806
280159 280161
280162 280164
280172 280174
301278 301282
301287 301288
308000 308001
308193 308194
308203 308204
308238 308240
308241 308244
308270 308271
308272 308273
308421 308422
308473 308475
308500 308501
308603 308604
308606 308607
309036 309037
309060 309061
309068 309069
309072 309073
309111 309112
309113 309114
309115 309116
309136 309137
309145 309146
309204 309205
309223 309224
309275 309276
309282 309283
309285 309286
309298 309299
309311 309312
309409 309410
309411 309412
309413 309414
311412 311413
311464 311465
311494 311496
312482 312483
312492 312493
317164 317165
317174 317176
317424 317425
317427 317428
317434 317435
324280 324282
324370 324371
324372 324373
324378 324379
324401 324402
324409 324410
324423 324426
324428 324429
324433 324434
324670 324671
324778 324779
324782 324784
324787 324788
324850 324851
324855 324856
324861 324862
324905 324906
324912 324913
324917 324919
324920 324921
324975 324976
325032 325033
325038 325039
325315 325318
325322 325324
325326 325328
329332 329333
329342 329343
329354 329357
329368 329369
329599 329600
329635 329636
329775 329776
330394 330395
330396 330397
330400 330401
330461 330463
330464 330465
331064 331065
331275 331276
331277 331278
331279 331280
331314 331315
331316 331317
331318 331319
331328 331329
331330 331331
331456 331457
331502 331503
331509 331510
331511 331512
331609 331610
331794 331795
331835 331837
331844 331845
332946 332947
333034 333036
335532 335533
336945 336946
336948 336949
337016 337017
337018 337020
430905 430906
430915 430917
430922 430923
430930 430931
430933 430934
430940 430941
430949 430950
437722 437723
437724 437725
437795 437797
437805 437806
437809 437811
437816 437817
437835 437836
437970 437972
437986 437987
437996 437997
437999 438001
438006 438008
438010 438011
438012 438013
450463 450464
450498 450500
450586 450587
450643 450648
450684 450685
450697 450698
498160 498161
498365 498366
498368 498369
498370 498371
498379 498380
498381 498382
498383 498384
498403 498405
499247 499248
499335 499336
499342 499345
499349 499350
499354 499355
499405 499406
499473 499474
499478 499479
499483 499484
500406 500407
500440 500441
500518 500522
500908 500909
500910 500911
500954 500955
500964 500965
500978 500979
501007 501008
501368 501369
501371 501372
501379 501380
502008 502009
502011 502012
502031 502032
503160 503161
503492 503493
503496 503497
506563 506564
506606 506607
506626 506627
506686 506687
509356 509357
509358 509359
509360 509361
509870 509871
509886 509887
510139 510140
510155 510156
510206 510207
510208 510210
510230 510231
510234 510235
521966 521967
521971 521975
522351 522352
522353 522354
522358 522359
522370 522371
522386 522388
578878 578880
578882 578883
579674 579675
579717 579718
580037 580038
580056 580057
580058 580059
580064 580065
580067 580068
583258 583259
583280 583283
583287 583289
583295 583296
583322 583323
583340 583341
583346 583347
583355 583356
583366 583368
587948 587949
587969 587970
587971 587972
616101 616102
616130 616131
616133 616135
616240 616241
616245 616246
616266 616267
616292 616293
616294 616295
616301 616302
616612 616614
616620 616622
616638 616640
616647 616648
616803 616804
616816 616817
616828 616829
616836 616837
616949 616950
616956 616957
616961 616962
616968 616969
617002 617005
645184 645185
645209 645211
645225 645226
645792 645793
647686 647687
647723 647724
647740 647741
647759 647760
648958 648959
653216 653218
654662 654663
654665 654666
654689 654690
654691 654692
662182 662183
662186 662187
662243 662244
662287 662288
662289 662292
662293 662295
662297 662298
662333 662334
664826 664830
683520 683522
683523 683524
683529 683530
695005 695006
695011 695013
695017 695018
695034 695036
695038 695039
695040 695041
695059 695061
696408 696409
699361 699362
699516 699517
699518 699519
699737 699738
699740 699741
699745 699746
699747 699748
699778 699779
699794 699795
699975 699976
699977 699978
699982 699983
700205 700206
700603 700604
701108 701109
701123 701124
701564 701565
701799 701800
701802 701803
701817 701818
701825 701826
701827 701828
701849 701850
701852 701853
701874 701876
701878 701879
701907 701908
701927 701930
701932 701933
701947 701948
701950 701953
701956 701957
702516 702517
702541 702542
768308 768309
768310 768311
768313 768315
768325 768326
768330 768331
768332 768333
768339 768340
768349 768350
768354 768355
768358 768359
768360 768361
768364 768365
768390 768391
768585 768586
768614 768616
768618 768619
768623 768625
768666 768667
768671 768672
768700 768701
768702 768703
768734 768735
768737 768738
768742 768743
768746 768747
768754 768755
768762 768764
768943 768945
768946 768947
769029 769030
769031 769032
769043 769044
769045 769046
769076 769077
769078 769079
769082 769083
769084 769085
769086 769087
769088 769089
769118 769119
769295 769296
769298 769301
769308 769309
769310 769312
769432 769433
769572 769573
769883 769884
769887 769888
769890 769891
769921 769922
769923 769924
769925 769926
769948 769950
769951 769953
770004 770005
770009 770010
770051 770052
770056 770057
770058 770059
770061 770062
770071 770073
770211 770212
770334 770336
770393 770394
803574 803575
803587 803590
803601 803605
803613 803615
803618 803619
803620 803622
803623 803624
803628 803629
803644 803646
804181 804182
804235 804236
804243 804244
804280 804281
804286 804287
804294 804295
804304 804305
804306 804307
804309 804310
804315 804317
804346 804348
804349 804350
804509 804510
804511 804512
804520 804522
805061 805062
807228 807229
807233 807234
807281 807282
807414 807415
807419 807420
808373 808374
808375 808376
808379 808380
809001 809002
809003 809004
809022 809023
809359 809360
809368 809369
809374 809375
809388 809390
809391 809392
810585 810586
810600 810601
812595 812596
812630 812631
812648 812650
812652 812653
812668 812669
812673 812674
812678 812679
812680 812681
812710 812711
812712 812715
812716 812717
812816 812818
812876 812877
813168 813169
813171 813172
814822 814823
814929 814930
815026 815027
815132 815133
815253 815254
815270 815271
815761 815764
816123 816124
816125 816126
816128 816129
816131 816132
816150 816151
816167 816168
816170 816171
816182 816183
816184 816185
816186 816187
816198 816199
816235 816237
816239 816240
816242 816244
816248 816249
816250 816252
816255 816256
816264 816265
816297 816298
816299 816300
816418 816419
816447 816448
825604 825607
825613 825614
825615 825616
825619 825620
825621 825622
825629 825631
825632 825634
825635 825636
825648 825652
825657 825658
825664 825665
826008 826009
826013 826015
830212 830213
830222 830223
830255 830256
830270 830271
832229 832230
844160 844161
844162 844164
844174 844176
847406 847408
862660 862661
862690 862691
862700 862701
862711 862713
862835 862836
863497 863499
863671 863673
863734 863735
863752 863753
863754 863755
863757 863759
863760 863761
863838 863839
863840 863841
863866 863868
863909 863910
863911 863912
863915 863917
864184 864187
864200 864202
864203 864204
864266 864267
864298 864300
864301 864302
864305 864307
864310 864311
864319 864320
864631 864632
864639 864640
864935 864936
864965 864966
864967 864968
864980 864981
864982 864983
865113 865114
865120 865121
865140 865141
865152 865153
865163 865164
865509 865513
865532 865533
865618 865619
865768 865769
865801 865802
865814 865815
865819 865820
865879 865880
865883 865884
865885 865887
865891 865892
865895 865898
865912 865914
868129 868130
868136 868138
868139 868141
869928 869929
870268 870269
876706 876709
876711 876712
876718 876719
876726 876727
876728 876729
876770 876771
877243 877245
877408 877409
877411 877413
877448 877449
877450 877451
877455 877456
877467 877468
877618 877619
877706 877708
877802 877803
877848 877850
877851 877852
877870 877871
877875 877877
877880 877881
877882 877885
900836 900838
900850 900851
900906 900907
901036 901037
901062 901063
901073 901074
901126 901127
901589 901590
901694 901696
901939 901940
902254 902255
902632 902634
902691 902692
903030 903032
903043 903044
903053 903054
903115 903116
903126 903127
907475 907476
907480 907481
907498 907500
912424 912425
912428 912429
912440 912441
