0 1
101 102
104 105
128 129
166 168
175 176
205 206
232 234
235 236
347 348
351 352
357 358
363 365
368 369
382 383
395 396
405 406
572 573
611 613
615 616
619 620
631 632
651 652
681 682
683 684
686 687
688 690
692 693
696 697
702 703
730 731
741 744
810 811
955 957
975 976
977 979
986 987
994 995
996 998
999 1000
1004 1005
1347 1348
1352 1353
1354 1355
1364 1368
1810 1811
2014 2015
2028 2029
2048 2049
2051 2052
2602 2603
2604 2605
2724 2725
23590 23591
23722 23723
23768 23769
23772 23773
23778 23779
23782 23783
23787 23789
23790 23792
28757 28758
28842 28843
28866 28867
28869 28871
28872 28873
28875 28876
28878 28880
28886 28887
28916 28918
28923 28924
28925 28930
29027 29028
29031 29032
29054 29055
29163 29165
29167 29169
29196 29197
29203 29204
29205 29207
29208 29209
29215 29216
29219 29220
29409 29410
29449 29450
29451 29452
29454 29455
34042 34043
34044 34046
34051 34052
34057 34058
34060 34061
34071 34072
34073 34075
34134 34135
34137 34138
34140 34143
34148 34149
34158 34159
34160 34161
34169 34170
34172 34173
34183 34185
34186 34188
34189 34190
