0 1
3 4
5 7
2352 2353
2354 2355
2358 2361
2368 2369
2419 2420
2422 2423
2516 2519
2521 2522
2525 2526
2527 2528
2626 2627
2629 2630
2631 2632
3653 3654
3657 3658
3783 3784
3785 3788
3809 3811
3812 3813
3814 3815
3819 3820
5134 5135
5140 5141
5170 5171
5267 5268
5350 5351
5393 5394
5395 5396
5401 5402
157901 157902
157904 157905
157906 157907
157982 157983
158058 158059
158078 158079
158080 158081
158115 158116
158165 158166
158184 158185
158189 158190
158224 158225
158227 158228
158764 158766
158791 158792
158793 158794
158822 158823
158829 158830
158833 158834
160968 160969
161021 161022
161047 161048
161062 161063
161563 161564
161575 161576
161577 161578
592681 592682
592688 592689
592692 592694
592695 592696
592697 592698
592717 592718
592719 592720
592751 592752
592755 592757
592930 592933
592970 592971
592975 592976
593049 593050
593065 593066
593068 593070
593072 593073
593074 593075
594105 594106
594124 594125
594126 594127
594133 594135
594136 594137
594141 594142
594150 594151
594159 594160
594346 594348
594349 594350
594353 594354
594356 594357
594364 594365
594367 594368
594390 594392
594411 594412
594415 594416
601601 601603
601677 601679
601684 601686
601687 601689
601690 601691
601773 601774
602353 602354
602641 602642
602646 602647
602668 602670
603628 603629
603705 603707
603739 603740
603750 603752
603756 603757
603758 603759
603812 603813
603822 603825
603836 603837
603845 603846
603862 603864
603866 603868
603871 603872
603874 603875
603885 603886
603905 603906
603972 603973
603980 603982
604006 604007
604011 604012
604014 604015
604017 604019
604026 604027
