0 1
4 6
16 17
36 37
44 47
619 620
621 622
635 636
641 643
644 645
1325 1326
1531 1533
20061 20064
20074 20075
20117 20118
20140 20142
20143 20144
20146 20147
20166 20167
20169 20170
26555 26557
26559 26560
26561 26562
26567 26569
26574 26575
26577 26578
26588 26589
195524 195525
195819 195820
195826 195828
195858 195859
195919 195920
195989 195990
196004 196006
196126 196129
196134 196135
196137 196138
196139 196141
196149 196150
196155 196156
196274 196276
196301 196304
196309 196310
198492 198493
198552 198555
198570 198571
198581 198582
198583 198585
198606 198607
198610 198611
198613 198614
198641 198642
198644 198645
198656 198657
198797 198798
198833 198834
198838 198839
199204 199205
200212 200213
200236 200238
200388 200389
200467 200469
200478 200479
200483 200484
200491 200492
200496 200498
200521 200522
200572 200573
200574 200576
200582 200583
208151 208152
208153 208154
208168 208169
208175 208177
208224 208225
208228 208229
218314 218316
218813 218814
219476 219478
219479 219480
219687 219688
219693 219694
219696 219697
223425 223426
223436 223437
223458 223459
223494 223495
223499 223501
223503 223504
223505 223506
223507 223508
223550 223551
223557 223559
223611 223612
223613 223614
223617 223619
223623 223624
223626 223628
223629 223630
223643 223644
223647 223650
223652 223654
228044 228045
228050 228051
228145 228146
228444 228445
228680 228681
228753 228754
228795 228796
228798 228799
228827 228828
228959 228960
228962 228963
230161 230162
230173 230174
230200 230201
230202 230203
230213 230214
230218 230219
230220 230221
230231 230232
230255 230256
230264 230265
230586 230587
230597 230598
230947 230949
230966 230967
230977 230978
230979 230981
230987 230988
230998 230999
231033 231034
231056 231057
231060 231062
231102 231103
273307 273308
273361 273362
273366 273367
273596 273597
273609 273610
296987 296988
296990 296991
296993 296994
296995 296996
297062 297064
297072 297073
297074 297076
297078 297079
297086 297087
297107 297108
297109 297111
297126 297127
297151 297152
297164 297166
297167 297168
297332 297333
297356 297357
297373 297375
297386 297387
298902 298903
298905 298906
298907 298908
299519 299520
299527 299528
299599 299600
299627 299628
299629 299630
299632 299633
301341 301342
301517 301518
301519 301520
301574 301575
301577 301578
301579 301581
301584 301585
304167 304168
304239 304240
304241 304242
304245 304246
304251 304252
304263 304264
304265 304267
304270 304272
304434 304435
304602 304604
304607 304609
304619 304620
304624 304625
304704 304707
304715 304716
304742 304743
304763 304764
304775 304776
304779 304780
304792 304795
304802 304804
306292 306293
306308 306310
307377 307378
307389 307390
307392 307393
307417 307418
307457 307458
307480 307481
307597 307598
307607 307608
329033 329035
329092 329093
329094 329095
329096 329097
329175 329176
329177 329178
329180 329181
329184 329185
329938 329939
329944 329946
329957 329958
329959 329960
329961 329962
329985 329987
330936 330937
330946 330947
330948 330949
330950 330951
330956 330957
330960 330961
331010 331012
331013 331014
331032 331033
331697 331699
331700 331701
331704 331707
331715 331716
331735 331736
331848 331850
331851 331852
332632 332633
332635 332636
332718 332719
332725 332726
332746 332747
332899 332900
332901 332902
333460 333461
333682 333683
333697 333698
333723 333724
333725 333726
333762 333763
333766 333768
333770 333772
333774 333776
333801 333802
333809 333811
334196 334198
334205 334206
334214 334216
334355 334356
334800 334801
334802 334803
334804 334805
334806 334807
334825 334826
334832 334833
342615 342617
342622 342623
343681 343682
343802 343806
343809 343810
343813 343814
343816 343817
343818 343821
343822 343823
343824 343825
343826 343827
343833 343835
346099 346100
346103 346104
346106 346110
346120 346122
346130 346131
346132 346133
346140 346141
346202 346203
346723 346724
346729 346730
346740 346742
346782 346783
346829 346830
346838 346839
346862 346863
346916 346917
346942 346943
347094 347095
347096 347100
347101 347102
347108 347109
347302 347303
347304 347305
347310 347311
347324 347325
347328 347330
347331 347333
447550 447553
447554 447555
447636 447637
447641 447642
447643 447645
455546 455548
455564 455565
455604 455605
455606 455608
456459 456461
456462 456464
456501 456502
456509 456510
456734 456736
456751 456752
456756 456758
456759 456760
456858 456859
456953 456954
456955 456956
456960 456961
457210 457212
457213 457216
457388 457389
457542 457544
458226 458228
458278 458279
458287 458288
458289 458290
458296 458298
458299 458300
458302 458303
458330 458331
458334 458336
458337 458338
458343 458345
458423 458426
458504 458505
458507 458508
458512 458514
458515 458516
458524 458526
458645 458646
458650 458651
458652 458653
458699 458700
458712 458714
458715 458716
458727 458728
458729 458731
461538 461539
461543 461545
463109 463110
463116 463117
463134 463135
463136 463137
472738 472740
472741 472742
472763 472764
473277 473278
473333 473334
473349 473350
473381 473383
473385 473386
473586 473587
473653 473654
473655 473659
473660 473661
473673 473674
473692 473694
473695 473697
473763 473764
475585 475586
475599 475600
475686 475687
475688 475689
475727 475729
475759 475760
479137 479138
479140 479142
479146 479147
479232 479234
479239 479240
479247 479249
479251 479253
479254 479255
479256 479257
479260 479261
479634 479635
479706 479707
479708 479709
479772 479773
479774 479775
479778 479779
479809 479810
479816 479818
479846 479847
479849 479850
479859 479862
479864 479868
485919 485920
485936 485939
485940 485941
485958 485959
485960 485961
486337 486338
486345 486346
486369 486370
486371 486373
486375 486379
486382 486383
486432 486433
486442 486443
486444 486445
486494 486496
486506 486507
486508 486510
486512 486514
486595 486596
486602 486604
487778 487780
487800 487801
487802 487803
487828 487830
487853 487854
490152 490153
490156 490158
490167 490168
490174 490175
490178 490179
490180 490181
490182 490183
955767 955768
956620 956624
956643 956644
956647 956648
956651 956652
957956 957957
964788 964789
964795 964796
964801 964802
964829 964831
964865 964866
964876 964877
964896 964899
966019 966020
966021 966022
966026 966027
966028 966029
966037 966039
966049 966050
966112 966113
966116 966117
966119 966120
966123 966125
966138 966139
966142 966143
966230 966231
966252 966253
973989 973990
973991 973992
974004 974005
974006 974007
974010 974011
974012 974013
974015 974016
974021 974022
974742 974743
974745 974746
974747 974748
974761 974762
974764 974766
976805 976806
987621 987622
987624 987625
988088 988089
988176 988177
988213 988215
988886 988887
988893 988894
989053 989054
989155 989156
989258 989259
989264 989265
989276 989278
989298 989300
989583 989584
989594 989595
989602 989603
989604 989605
989606 989607
989608 989609
989613 989614
989627 989628
989655 989656
989665 989666
989931 989933
990928 990929
990941 990942
990943 990944
990967 990968
990974 990975
990980 990981
990982 990983
