0.25 1 0.001 0 0.0266594 0.0234665 0.0298759
0.25 1 0.01 0 0.0259503 0.0228588 0.0291382
0.25 1 0.1 0 0.0212687 0.0187299 0.0238275
0.25 1 1 0 0.00333418 0.00290574 0.0037553
0.5 1 0.001 0 0.00318392 0.00199521 0.00437502
0.5 1 0.01 0 0.00302984 0.00192965 0.00413003
0.5 1 0.1 0 0.00215482 0.00133968 0.00295102
0.5 1 1 0 0.000278988 0.000164385 0.000393591
0.75 1 0.001 0 0.00353288 0.00235475 0.00471102
0.75 1 0.01 0 0.00309877 0.00203681 0.00412786
0.75 1 0.1 0 0.00207874 0.00131219 0.00284526
0.75 1 1 0 0.000272654 0.000163394 0.000380922
1.25 1 0.001 0 0.0117771 0.00980495 0.0136773
1.25 1 0.01 0 0.00572485 0.00437279 0.00709149
1.25 1 0.1 0 0.0024917 0.00165823 0.00331636
1.25 1 1 0 0.000185774 8.51602e-05 0.000286734
1.45 1 0.001 0 0.0169981 0.0147799 0.0191747
1.45 1 0.01 0 0.0057458 0.00450665 0.00697785
1.45 1 0.1 0 0.00130917 0.000785603 0.00181577
1.45 1 1 0 5.62541e-05 1.98404e-06 0.00011039
1.65 1 0.001 0 0.0290893 0.0262265 0.0320616
1.65 1 0.01 0 0.00993794 0.00830138 0.0115968
1.65 1 0.1 0 0.00275692 0.00198785 0.00350913
1.65 1 1 0 0.000131263 6.14858e-05 0.00020102
1.85 1 0.001 0 0.0371491 0.0339319 0.040411
1.85 1 0.01 0 0.0142351 0.0123108 0.0162466
1.85 1 0.1 0 0.00334541 0.00251469 0.00416855
1.85 1 1 0 0.000218709 0.000110324 0.000326979
1 1 0.001 0 0.0108673 0.00892555 0.0127795
1 1 0.01 0 0.0065672 0.00509254 0.00803457
1 1 0.1 0 0.00346108 0.00252594 0.0043905
1 1 1 0 0.000333548 0.00021713 0.000450514
2.05 1 0.001 0 0.155813 0.149275 0.162296
2.05 1 0.01 0 0.061416 0.0573417 0.0655102
2.05 1 0.1 0 0.0162444 0.0144712 0.0180041
2.05 1 1 0 0.000270693 0.000188158 0.000353382
